3
3
5
4
4
4
5
5
4
5
4
2
1
0
1
3
2
2
2
5
4
5
4
3
6
5
6
8
11
11
12
12
13
11
11
12
11
11
11
10
11
11
10
12
11
10
11
11
9
8
7
7
5
6
6
5
5
5
5
3
4
3
2
2
0
-2
-2
-4
-4
-5
-5
-4
-8
-8
-7
-10
-10
-9
-8
-9
-8
-7
-9
-10
-9
-9
-10
-9
-10
-10
-8
-9
-10
-11
-10
-11
-12
-9
-10
-9
-7
-7
-7
-7
-5
-8
-7
-6
-6
-6
-5
-4
-2
-2
-2
0
-1
0
0
1
1
2
4
2
1
0
-1
-3
-2
-1
-3
-2
-3
-3
-2
-2
-2
-2
0
-2
-2
0
-1
0
0
0
-2
0
-1
-1
-2
-1
-1
-2
0
0
0
-1
-1
-1
-2
-1
-1
-1
0
3
3
3
6
7
5
7
5
5
5
5
6
9
9
9
10
9
11
8
7
8
8
8
8
10
8
9
11
8
7
6
6
5
5
5
5
4
7
7
8
8
8
7
5
4
3
2
2
1
2
4
5
4
5
4
2
2
4
5
3
3
3
4
2
0
1
1
0
0
-2
-4
-3
-5
-5
-5
-6
-6
-6
-3
-6
-7
-7
-8
-9
-8
-8
-9
-11
-11
-12
-13
-14
-13
-16
-14
-13
-14
-12
-12
-13
-14
-12
-12
-12
-11
-11
-11
-11
-8
-7
-7
-6
-3
-5
-5
-5
-5
-6
-3
-4
-6
-3
-3
-2
-2
1
0
-2
0
0
-1
1
2
5
2
4
6
6
7
7
8
8
8
10
9
7
9
9
8
8
10
9
6
8
7
5
6
5
6
5
6
5
5
6
5
4
3
5
3
3
2
3
2
3
4
5
2
5
4
1
5
4
1
2
2
1
1
1
4
2
1
2
2
1
2
3
6
6
6
7
5
5
5
4
4
3
3
4
5
4
5
5
5
7
5
4
2
2
2
1
1
0
0
0
1
1
-1
0
0
0
-1
-2
-1
1
-1
-2
-1
-3
-3
-2
-4
-5
-5
-6
-7
-8
-10
-9
-11
-12
-12
-11
-13
-15
-17
-17
-16
-17
-16
-15
-15
-15
-15
-13
-15
-14
-13
-14
-13
-11
-12
-10
-11
-12
-11
-11
-10
-9
-9
-9
-6
-4
-4
-3
-2
-3
-2
-3
0
0
-1
1
3
2
2
4
5
6
10
9
9
9
11
12
12
12
14
17
17
17
19
18
18
18
16
15
14
13
14
13
13
14
14
14
13
12
10
10
11
9
7
9
9
8
10
7
7
6
4
4
3
4
4
3
3
2
0
0
0
0
0
1
0
0
0
-1
-3
-3
-3
-4
-3
-4
-2
-4
-3
-4
-5
-6
-7
-7
-9
-9
-7
-9
-8
-9
-11
-11
-12
-12
-11
-12
-10
-10
-11
-11
-11
-11
-10
-8
-6
-5
-5
-4
-3
-3
-3
-3
-4
-6
-4
-3
-4
-4
0
0
-1
1
3
1
-1
0
-2
-2
-2
-1
0
-1
1
3
2
2
2
-1
1
0
0
-1
-1
0
-1
-1
0
0
-1
-1
-1
-3
-2
-4
-5
-5
-6
-6
-4
-3
-4
-3
-4
-5
-6
-5
-4
-4
-3
0
-1
0
-1
0
0
-3
-1
0
1
2
1
4
4
5
7
7
6
7
8
7
7
7
8
9
11
12
12
15
14
11
12
13
13
13
14
12
13
12
10
9
10
8
5
6
5
5
3
5
6
4
5
4
3
3
3
3
2
1
1
1
0
1
-1
-1
-1
-2
-4
-4
-5
-7
-7
-6
-6
-5
-6
-7
-7
-6
-5
-7
-6
-4
-5
-6
-5
-5
-8
-7
-7
-6
-9
-9
-7
-8
-8
-8
-8
-8
-8
-10
-10
-10
-10
-9
-8
-7
-6
-6
-4
-4
-3
-2
-2
-2
-1
-1
-2
-2
0
0
1
2
2
-1
-2
-2
-2
-4
-1
-1
-2
-1
-1
0
0
1
2
2
0
2
1
1
4
6
5
7
6
4
3
2
1
-1
-1
-2
-3
-3
-1
-2
-1
0
-1
1
2
2
1
2
1
4
1
3
5
5
6
6
7
8
7
7
7
6
3
4
2
2
2
3
3
4
3
1
3
1
2
2
0
1
1
1
2
3
6
4
7
6
6
6
5
5
3
5
4
1
2
3
3
1
2
2
3
3
3
3
1
2
1
2
3
2
0
2
0
0
-1
0
-1
-1
-1
0
-1
-1
-2
-4
-4
-6
-4
-7
-6
-5
-5
-6
-6
-6
-6
-7
-6
-6
-7
-7
-7
-7
-6
-6
-5
-4
-3
-3
-3
-2
-1
-1
-1
-1
-1
-4
-4
-4
-4
-3
-2
-2
-2
-1
-1
-1
0
0
-1
0
-1
-2
0
-1
-2
-1
0
1
1
1
2
-1
-1
-1
-2
-2
-1
0
0
1
1
1
0
-2
-2
-2
0
-2
-2
0
-2
-2
0
1
1
1
1
0
-2
-2
-2
-3
-3
-1
-3
-3
-2
-1
-1
-2
-2
-2
-3
-4
-3
-4
-2
-2
-1
-1
2
0
1
3
2
3
5
3
3
3
2
3
4
5
4
4
5
7
7
8
8
7
7
7
6
5
6
7
7
8
8
11
10
12
12
12
10
10
11
10
8
7
9
8
10
10
10
8
8
7
6
6
3
3
3
3
2
3
2
2
2
1
2
0
-2
-3
-4
-5
-6
-7
-7
-9
-8
-7
-7
-5
-6
-7
-7
-6
-9
-9
-10
-10
-10
-12
-11
-12
-13
-12
-13
-13
-13
-13
-13
-13
-14
-12
-14
-16
-13
-14
-14
-13
-13
-12
-14
-12
-12
-13
-12
-11
-9
-10
-7
-5
-4
-2
-1
3
2
1
3
1
0
2
1
2
3
3
2
3
4
4
4
4
4
4
3
3
5
6
7
10
11
10
9
9
8
5
6
7
5
4
6
5
5
7
4
5
5
5
4
2
3
4
3
2
3
3
5
6
7
8
10
8
9
9
9
9
10
11
9
12
12
11
11
12
11
8
10
10
9
9
11
12
10
13
10
8
10
9
8
10
11
8
6
5
5
4
4
5
4
2
1
3
2
0
1
1
-2
-4
-5
-8
-8
-9
-10
-12
-11
-12
-13
-14
-15
-15
-18
-17
-18
-19
-20
-20
-20
-22
-21
-21
-21
-20
-21
-19
-21
-22
-18
-19
-18
-16
-14
-13
-13
-13
-9
-9
-8
-7
-6
-7
-5
-4
-4
-4
-2
-1
1
2
1
2
2
3
4
4
6
6
7
7
4
4
5
7
6
6
7
8
9
9
8
10
12
11
11
9
9
8
7
9
8
8
7
7
7
6
4
4
4
2
1
3
3
2
4
3
1
1
2
0
0
2
2
2
1
3
2
2
2
2
3
3
3
5
6
8
7
9
10
10
11
11
9
10
10
11
10
9
10
8
7
8
8
7
8
7
6
5
4
4
3
0
3
4
3
5
5
4
5
4
0
-1
0
1
0
-1
0
-1
-3
-2
-1
-1
-1
-1
0
-3
-4
-3
-6
-5
-6
-6
-7
-9
-8
-7
-9
-10
-10
-10
-12
-11
-12
-13
-12
-13
-12
-14
-12
-12
-14
-16
-17
-16
-18
-19
-17
-17
-17
-17
-18
-16
-16
-17
-17
-15
-14
-13
-14
-13
-11
-12
-11
-10
-7
-8
-4
-3
-4
-2
-2
-1
1
-1
1
1
2
3
5
5
8
8
9
10
10
9
10
12
11
13
13
15
16
16
15
16
15
16
19
16
15
16
16
17
16
16
17
17
18
18
19
19
17
15
13
13
13
13
12
10
9
8
8
5
5
5
2
2
0
0
-1
-2
0
-2
-4
-6
-7
-8
-9
-8
-7
-9
-8
-6
-7
-6
-6
-8
-9
-9
-6
-6
-7
-7
-5
-4
-2
-3
-2
-1
0
1
2
2
2
2
3
3
4
4
5
5
4
4
3
3
3
2
2
0
0
-1
1
2
0
1
-1
-1
-3
-5
-5
-7
-7
-8
-8
-8
-8
-7
-8
-9
-9
-9
-9
-10
-13
-12
-13
-12
-11
-11
-10
-11
-12
-11
-12
-11
-9
-10
-12
-10
-11
-10
-10
-9
-6
-7
-5
-5
-3
-3
-4
-4
-3
-3
-5
-3
-3
2
2
2
3
2
2
1
2
1
2
4
4
6
7
8
8
11
10
9
9
9
8
6
8
8
10
10
8
10
9
8
9
10
8
8
7
7
4
6
5
6
7
7
8
7
8
6
7
8
5
5
5
3
2
2
4
3
2
4
2
2
1
0
-1
1
2
2
2
4
4
4
5
4
4
5
6
8
10
11
8
8
9
5
4
2
3
4
5
5
6
4
5
3
4
2
-1
-2
-4
-2
-4
-5
-4
-4
-4
-2
-2
-1
-1
-2
-3
-3
-2
-4
-4
-6
-6
-6
-4
-2
-4
-4
-4
-6
-7
-6
-8
-10
-10
-8
-9
-11
-10
-11
-11
-12
-12
-12
-11
-12
-12
-12
-13
-14
-13
-14
-13
-12
-14
-11
-11
-12
-10
-12
-12
-12
-12
-14
-13
-13
-13
-12
-12
-9
-9
-7
-7
-7
-7
-7
-8
-6
-7
-6
-3
-2
1
2
3
4
4
5
5
6
5
6
9
10
12
13
15
14
15
15
14
13
13
12
10
9
10
10
10
13
12
13
15
17
16
16
15
15
13
13
12
12
13
12
13
14
16
16
15
17
14
14
15
14
13
13
13
15
14
15
15
14
13
12
12
12
12
9
9
8
8
8
6
3
4
4
4
2
2
2
0
-1
-2
-5
-6
-6
-6
-8
-9
-10
-8
-10
-12
-13
-13
-16
-16
-16
-16
-17
-18
-17
-18
-18
-18
-19
-20
-19
-19
-19
-20
-20
-19
-20
-20
-19
-18
-16
-16
-16
-16
-17
-18
-19
-19
-19
-18
-16
-17
-16
-15
-17
-16
-14
-15
-15
-13
-13
-11
-11
-9
-10
-10
-10
-9
-9
-7
-5
-5
-4
-2
-1
1
2
4
5
7
7
9
8
11
11
12
13
14
13
13
15
15
14
16
17
17
19
20
20
19
20
20
20
22
22
20
20
20
20
19
19
19
18
19
19
16
17
17
16
15
16
15
14
14
14
14
12
13
11
12
10
9
8
7
8
7
7
7
6
4
3
1
0
2
0
-1
-2
-2
-3
-4
-4
-4
-5
-5
-7
-7
-8
-9
-11
-10
-9
-10
-11
-9
-10
-12
-12
-11
-13
-15
-13
-14
-15
-13
-12
-11
-12
-9
-10
-9
-11
-10
-11
-12
-10
-12
-11
-9
-9
-8
-7
-8
-8
-7
-6
-5
-6
-4
-5
-6
-6
-6
-8
-8
-8
-8
-8
-8
-8
-9
-8
-10
-10
-10
-10
-8
-7
-8
-6
-4
-4
-5
-6
-5
-5
-5
-4
-3
-5
-5
-4
-3
-4
-4
-4
-3
-3
0
1
-1
0
1
0
3
4
6
6
7
8
9
8
8
6
5
8
7
8
9
9
12
12
12
13
10
11
12
14
13
15
15
17
17
16
17
17
18
18
18
16
15
15
15
14
16
14
16
14
15
13
12
12
9
9
6
6
4
2
2
2
1
0
-2
-3
-2
-2
-3
-5
-3
-4
-6
-6
-5
-6
-4
-4
-5
-5
-6
-6
-7
-7
-7
-5
-5
-4
-5
-6
-7
-7
-8
-6
-7
-9
-8
-8
-8
-8
-7
-7
-8
-6
-4
-4
-5
-3
-4
-5
-3
-7
-7
-9
-8
-6
-6
-6
-5
-7
-6
-5
-6
-7
-7
-6
-7
-8
-7
-5
-4
-4
-5
-5
-4
-6
-6
-6
-6
-8
-8
-6
-7
-5
-5
-5
-4
-7
-5
-7
-8
-9
-8
-8
-7
-7
-8
-5
-5
-6
-5
-4
-5
-6
-5
-4
-5
-3
-2
0
1
2
3
2
2
4
4
5
6
5
6
5
9
10
10
11
12
12
12
11
9
8
10
10
9
12
13
11
12
13
14
14
12
13
14
13
14
17
18
16
17
17
16
17
16
14
14
14
13
11
11
9
9
10
9
10
8
9
7
6
7
5
3
2
-1
-2
-2
-4
-6
-6
-6
-7
-7
-6
-8
-9
-10
-12
-13
-14
-13
-13
-13
-11
-13
-12
-12
-12
-12
-12
-11
-10
-10
-10
-11
-10
-9
-9
-8
-8
-8
-7
-8
-7
-8
-8
-7
-7
-8
-6
-5
-4
-4
-3
-1
-2
1
1
-1
0
0
1
1
2
1
-1
-2
-3
-2
-4
-2
-4
-3
-1
0
1
0
0
-1
-2
-1
-4
-5
-3
-2
-1
0
0
-1
0
-1
-3
-4
-2
-3
-5
-4
-3
-1
-2
-1
-1
-2
-3
-3
-4
-4
-5
-3
-4
-5
-3
-3
-1
-2
-1
0
-1
-1
-2
-3
-6
-4
-5
-5
-3
-3
0
1
4
4
2
5
5
5
4
8
11
10
11
13
14
14
16
17
17
19
19
20
18
19
19
18
20
19
19
20
20
19
18
17
15
14
11
12
11
9
9
9
11
11
10
10
8
6
5
3
1
-1
-2
-4
-3
-4
-4
-5
-6
-6
-7
-8
-9
-10
-10
-13
-12
-12
-12
-12
-11
-9
-9
-8
-9
-11
-11
-13
-14
-15
-14
-11
-12
-11
-11
-11
-10
-11
-12
-15
-15
-15
-16
-15
-15
-13
-11
-11
-10
-10
-11
-10
-10
-10
-9
-10
-9
-10
-9
-9
-7
-7
-7
-5
-4
-5
-5
-3
-4
-2
-1
-1
-1
-1
-1
-1
-2
-1
1
0
1
2
0
0
1
0
1
1
1
3
3
2
2
3
3
4
6
7
8
8
8
8
5
7
8
7
9
8
9
9
9
9
8
9
10
10
10
11
11
12
12
11
11
13
12
11
12
13
13
13
14
15
13
13
12
11
12
11
10
13
11
11
13
13
14
13
13
12
10
8
7
7
7
8
7
8
8
6
6
5
4
0
0
0
-3
-4
-5
-7
-8
-10
-10
-12
-12
-14
-15
-14
-16
-15
-13
-14
-15
-12
-15
-14
-13
-13
-13
-12
-12
-15
-15
-14
-13
-15
-14
-14
-14
-15
-15
-15
-18
-15
-14
-13
-13
-11
-9
-9
-7
-8
-9
-10
-8
-7
-7
-5
-4
-3
-2
-4
-4
-5
-4
-4
-5
-5
-3
-2
0
-2
0
1
1
1
2
1
0
2
2
3
1
4
6
7
7
8
9
7
7
5
6
5
5
5
5
6
8
7
5
6
5
4
5
4
4
6
5
5
6
8
8
7
6
6
8
9
10
10
12
11
10
11
10
9
10
10
10
11
12
11
10
9
10
7
7
8
7
7
7
10
10
10
10
11
11
11
11
11
10
10
9
8
8
8
7
4
4
3
2
2
0
-2
-3
-4
-4
-5
-5
-5
-5
-7
-8
-10
-11
-12
-13
-13
-15
-15
-17
-18
-17
-18
-18
-18
-19
-18
-19
-18
-19
-20
-19
-19
-17
-14
-13
-11
-12
-11
-10
-10
-11
-10
-10
-8
-6
-6
-6
-8
-6
-8
-10
-8
-10
-10
-8
-7
-7
-5
-3
-3
-1
1
1
-1
0
2
4
3
5
6
7
8
9
8
8
9
10
10
10
8
11
10
12
12
13
12
11
11
11
9
9
9
9
10
9
7
8
9
8
7
8
7
6
6
6
4
3
3
3
3
2
3
4
2
1
0
1
0
3
1
1
0
-1
0
-2
1
1
0
2
2
4
3
4
5
2
4
4
4
4
2
2
3
3
3
3
4
4
2
2
3
0
2
2
2
3
2
3
3
3
3
2
2
2
0
-1
1
2
2
1
2
1
0
-1
-2
-3
-4
-3
-4
-5
-6
-6
-8
-8
-8
-9
-10
-9
-13
-12
-13
-13
-15
-14
-16
-16
-14
-13
-15
-15
-14
-13
-14
-14
-13
-16
-16
-13
-14
-14
-11
-11
-10
-11
-9
-7
-5
-3
-3
-1
-2
-2
0
-2
0
2
3
4
4
7
6
8
9
10
10
10
10
10
11
10
12
12
14
16
15
17
17
14
15
13
12
13
13
13
12
13
13
12
10
10
8
7
8
7
8
6
7
7
6
5
5
3
2
0
2
-2
-3
-1
-2
-3
-1
-2
-4
-3
-3
-4
-4
-4
-5
-5
-4
-4
-6
-6
-6
-5
-6
-7
-7
-8
-9
-10
-12
-12
-11
-10
-11
-8
-8
-9
-7
-6
-5
-3
-3
-2
0
-1
1
1
-1
1
0
1
2
2
3
4
4
6
6
6
5
6
5
5
5
6
7
6
6
8
10
7
7
6
4
5
4
4
4
4
2
4
2
1
0
0
-1
-3
-5
-4
-3
-5
-5
-6
-5
-6
-9
-7
-9
-10
-10
-10
-10
-10
-9
-8
-7
-6
-7
-9
-10
-11
-12
-13
-12
-13
-10
-9
-7
-7
-6
-4
-3
-4
-4
-5
-4
-3
-3
-3
-1
4
2
3
6
3
3
3
5
2
4
5
7
8
8
9
10
9
11
10
9
9
10
10
8
9
13
12
12
11
11
11
9
8
7
8
8
9
9
9
8
7
8
7
6
6
5
5
2
1
3
0
2
1
2
4
3
2
1
0
-1
0
-1
-2
-3
-3
-3
-3
-3
-3
-2
-4
-3
-3
-6
-4
-5
-5
-5
-6
-5
-7
-7
-7
-5
-7
-7
-7
-7
-8
-8
-7
-8
-8
-7
-7
-8
-7
-6
-5
-5
-5
-5
-6
-5
-6
-4
-4
-3
0
0
0
0
0
-1
-2
-3
-3
-3
-2
-2
-2
1
1
-1
1
0
0
0
-1
-1
-2
-2
-2
0
1
2
3
4
3
0
0
0
-2
-1
0
-1
-1
1
1
1
1
4
3
2
1
3
2
1
1
3
4
3
2
2
3
3
3
2
3
2
2
2
3
2
2
3
4
4
3
1
1
0
1
1
2
1
3
4
4
3
3
2
1
0
2
2
-1
0
0
0
-1
-1
1
1
1
2
0
0
-2
-2
0
0
1
3
4
4
4
7
8
8
7
7
6
4
4
5
4
5
5
6
5
5
5
5
2
1
0
0
0
0
1
2
3
3
1
1
-1
-4
-4
-4
-5
-5
-5
-5
-6
-6
-5
-7
-6
-5
-6
-6
-4
-8
-8
-8
-8
-8
-8
-7
-6
-6
-7
-7
-8
-7
-9
-10
-12
-12
-10
-9
-8
-7
-6
-8
-9
-9
-11
-12
-9
-8
-8
-6
-4
-4
-3
-3
-3
-1
-2
-2
-2
-2
-1
0
0
4
5
6
6
7
7
5
5
6
6
5
5
5
7
6
8
8
7
7
8
8
8
7
8
7
7
7
6
8
6
6
7
6
5
6
7
7
7
6
7
8
8
7
7
7
7
10
8
8
7
6
6
6
6
5
5
6
6
5
6
4
5
5
4
4
5
5
3
3
2
2
2
2
2
0
1
0
-2
-2
-3
-5
-4
-3
-4
-4
-3
-5
-4
-4
-5
-6
-6
-5
-6
-8
-7
-6
-5
-6
-3
-3
-5
-5
-7
-8
-9
-8
-9
-10
-9
-9
-10
-7
-9
-9
-10
-11
-10
-11
-13
-13
-11
-12
-11
-10
-10
-10
-9
-10
-10
-12
-11
-9
-11
-10
-8
-10
-10
-8
-8
-8
-7
-8
-6
-6
-5
-7
-5
-4
-1
0
1
4
3
6
6
6
8
9
12
12
13
14
14
13
13
15
14
13
15
13
13
14
13
14
12
12
11
11
9
8
9
8
8
10
8
8
8
10
6
6
8
9
9
9
10
7
7
7
6
6
6
6
6
5
5
3
3
4
3
2
3
3
2
5
5
4
3
4
2
3
3
2
3
3
1
1
0
-2
0
-1
-1
-1
-2
-2
-2
-2
-2
-4
-5
-5
-7
-9
-9
-11
-11
-11
-12
-13
-13
-14
-15
-16
-16
-16
-16
-14
-13
-15
-13
-13
-16
-16
-15
-17
-17
-17
-14
-14
-11
-10
-10
-9
-8
-8
-9
-9
-9
-8
-9
-8
-5
-4
-2
2
2
2
2
3
4
3
4
4
5
7
7
7
8
10
10
10
10
9
7
8
7
8
6
6
7
6
6
5
4
5
6
5
4
5
6
6
5
4
2
3
1
0
2
1
2
3
3
5
5
6
6
6
6
6
6
5
5
6
4
5
7
8
6
7
5
5
5
6
7
6
6
6
6
5
5
4
3
4
4
4
4
5
4
3
5
4
4
4
2
2
2
3
3
2
2
3
2
2
3
-1
-1
-1
-2
-1
-3
-2
-3
-4
-4
-4
-5
-5
-5
-6
-7
-7
-7
-8
-10
-10
-10
-10
-13
-12
-12
-12
-13
-11
-11
-13
-10
-11
-11
-11
-9
-8
-9
-10
-8
-8
-8
-7
-7
-5
-5
-4
-4
-4
-4
-3
-3
-1
-2
-1
-1
-1
0
2
3
4
4
3
5
4
3
4
4
5
6
4
4
4
1
0
0
-3
-3
-3
-2
-3
-3
-5
-4
-5
-7
-8
-10
-8
-8
-6
-3
-3
-2
2
3
1
5
7
6
9
8
9
10
14
16
15
16
21
18
19
21
19
18
19
18
20
19
21
20
21
22
18
15
13
12
10
9
8
6
3
2
2
1
-2
-2
-4
-8
-9
-10
-14
-16
-16
-16
-18
-17
-16
-21
-20
-22
-20
-20
-21
-19
-19
-20
-18
-17
-14
-13
-11
-8
-5
-2
1
2
6
8
11
15
20
22
24
27
29
34
35
37
38
39
39
41
41
40
39
39
39
36
34
32
29
26
24
19
13
7
3
-4
-11
-17
-21
-28
-34
-38
-44
-49
-55
-62
-66
-71
-77
-81
-85
-86
-89
-89
-90
-92
-91
-89
-88
-83
-80
-76
-72
-66
-59
-53
-43
-36
-27
-18
-10
-3
5
12
19
29
40
48
57
65
70
80
86
92
96
102
104
105
107
108
106
103
103
97
95
91
84
76
68
61
49
41
31
22
12
2
-10
-20
-30
-43
-53
-62
-71
-78
-84
-90
-95
-100
-103
-105
-107
-107
-107
-105
-103
-98
-93
-89
-84
-73
-64
-55
-46
-36
-24
-12
1
13
25
38
51
61
74
85
94
105
115
125
133
139
144
149
153
157
158
158
156
156
153
149
144
140
132
124
114
102
91
76
64
47
29
13
-5
-24
-45
-64
-82
-102
-121
-140
-159
-174
-191
-208
-221
-232
-243
-249
-253
-258
-258
-256
-250
-244
-237
-226
-212
-196
-179
-160
-140
-117
-95
-72
-48
-23
2
25
49
72
92
113
134
151
169
185
201
211
223
232
240
244
250
252
251
251
248
243
236
227
216
203
188
174
154
135
112
86
60
31
1
-28
-60
-92
-121
-153
-181
-210
-238
-265
-287
-306
-323
-336
-347
-356
-360
-359
-357
-351
-343
-332
-318
-298
-278
-254
-230
-203
-179
-154
-129
-103
-78
-57
-34
-11
11
31
48
66
85
100
115
131
146
160
175
190
208
225
245
270
292
315
341
368
395
425
453
479
508
532
556
577
594
605
612
616
611
599
582
558
526
485
440
392
336
277
214
149
81
12
-56
-125
-194
-258
-321
-381
-432
-481
-522
-557
-585
-605
-619
-624
-621
-615
-603
-584
-564
-539
-511
-477
-445
-408
-371
-334
-300
-269
-236
-209
-185
-165
-147
-133
-124
-115
-107
-100
-94
-90
-84
-79
-73
-64
-53
-41
-22
-3
21
48
79
112
146
184
224
261
297
335
369
398
422
444
455
464
466
459
446
426
393
358
314
266
212
155
95
34
-27
-89
-150
-211
-268
-322
-370
-413
-450
-481
-500
-517
-524
-524
-518
-506
-488
-465
-434
-403
-369
-329
-290
-249
-209
-168
-129
-92
-59
-25
0
28
50
65
82
95
108
117
125
135
144
152
166
179
194
213
233
261
288
318
354
390
428
471
510
552
589
626
660
689
711
725
734
736
725
705
679
641
596
543
481
415
340
262
182
98
13
-73
-157
-236
-312
-383
-448
-507
-562
-606
-641
-671
-693
-705
-712
-710
-701
-682
-658
-629
-593
-557
-515
-473
-431
-387
-342
-303
-262
-224
-190
-156
-127
-102
-82
-62
-48
-36
-26
-19
-13
-9
-3
3
10
19
31
47
68
88
115
148
181
216
253
295
340
380
425
470
509
540
571
592
604
606
598
586
558
524
481
431
374
311
243
168
91
13
-66
-144
-218
-289
-354
-420
-474
-525
-574
-614
-651
-679
-705
-723
-734
-737
-735
-727
-712
-690
-667
-638
-601
-565
-525
-482
-437
-393
-344
-296
-245
-199
-153
-111
-69
-31
6
39
69
100
129
158
188
214
245
278
310
347
391
433
480
529
583
637
689
745
803
855
902
950
992
1025
1049
1064
1067
1054
1034
999
952
893
824
745
659
564
462
356
248
138
28
-78
-181
-279
-371
-455
-532
-604
-665
-723
-773
-811
-839
-862
-875
-883
-880
-873
-862
-844
-825
-801
-774
-744
-708
-673
-635
-598
-555
-512
-473
-434
-393
-360
-326
-287
-252
-211
-171
-130
-91
-56
-16
28
75
122
174
232
290
352
406
465
517
577
643
704
763
820
877
925
962
987
999
991
979
951
903
839
760
672
583
484
378
263
143
26
-98
-219
-329
-442
-547
-641
-721
-787
-855
-911
-957
-1004
-1037
-1060
-1069
-1063
-1047
-1015
-979
-940
-890
-835
-772
-702
-631
-555
-483
-410
-328
-253
-191
-124
-60
-1
47
85
117
150
176
202
226
246
272
298
314
332
354
376
414
454
486
509
540
576
621
677
735
795
854
905
963
1009
1035
1046
1037
1017
994
952
895
820
743
666
583
485
359
235
121
11
-92
-193
-280
-371
-445
-507
-565
-633
-693
-728
-761
-780
-799
-803
-787
-771
-743
-711
-676
-632
-595
-552
-516
-475
-429
-367
-311
-264
-215
-168
-133
-110
-99
-89
-72
-49
-13
5
6
-4
-3
16
34
52
66
96
129
166
202
214
225
261
302
364
413
476
551
608
669
725
774
795
806
796
782
765
720
657
580
492
382
271
163
61
-58
-187
-293
-397
-492
-559
-606
-634
-695
-752
-789
-838
-877
-923
-946
-970
-979
-938
-882
-846
-803
-747
-706
-648
-587
-513
-435
-403
-391
-371
-339
-238
-123
-60
-93
-203
-257
-289
-299
-254
-262
-312
-318
-294
-237
-208
-158
-45
86
314
626
899
1075
1169
1264
1401
1524
1652
1793
1917
2061
2205
2278
2258
2094
1844
1549
1177
775
355
-30
-356
-685
-1015
-1335
-1636
-1879
-2097
-2213
-2249
-2230
-2105
-1892
-1626
-1304
-958
-584
-182
201
586
924
1251
1541
1776
1938
2000
1984
1889
1741
1569
1327
1005
653
281
-98
-482
-862
-1233
-1555
-1787
-1913
-2016
-2147
-2214
-2181
-2054
-1896
-1750
-1522
-1222
-844
-368
128
600
1102
1828
2596
2939
2865
2615
2381
2206
2016
1841
1586
1248
1072
979
684
95
-581
-1061
-1337
-1593
-1821
-1998
-2131
-2199
-2149
-1992
-1869
-1717
-1441
-1038
-587
-242
-6
228
501
766
965
1097
1220
1290
1179
987
799
552
331
239
237
187
44
-90
-212
-439
-697
-868
-968
-1038
-1118
-1203
-1301
-1440
-1533
-1553
-1564
-1549
-1549
-1470
-1206
-825
-341
194
752
1594
2720
3748
4155
3808
3222
2684
2232
1971
1784
1434
1017
788
584
4
-879
-1518
-1636
-1575
-1597
-1688
-1828
-1928
-1999
-1873
-1532
-1334
-1136
-707
-325
-203
-290
-331
-161
149
521
946
1231
1262
1167
1022
832
629
510
608
762
809
791
715
590
367
158
98
10
-194
-391
-585
-866
-1206
-1483
-1546
-1566
-1632
-1651
-1629
-1527
-1310
-932
-329
352
1064
1984
3274
4608
5003
4211
3057
2135
1348
818
776
652
37
-372
-401
-675
-1266
-1595
-1283
-860
-843
-1007
-1241
-1614
-1905
-1846
-1496
-1175
-1092
-1049
-946
-1040
-1246
-1196
-805
-235
312
839
1232
1248
1111
1070
1070
963
844
817
772
664
579
532
540
466
305
199
-46
-494
-902
-1172
-1348
-1599
-1835
-1848
-1865
-1769
-1605
-1617
-1642
-1507
-1046
-357
284
835
1320
2210
3698
4699
4413
3288
2147
1276
664
559
527
-67
-492
-311
-270
-738
-1225
-1173
-760
-581
-810
-1253
-1802
-2312
-2429
-2149
-1946
-1935
-1799
-1525
-1438
-1520
-1301
-692
-56
577
1240
1606
1582
1486
1503
1477
1311
1191
1094
852
621
600
727
884
998
1090
1003
672
292
-97
-443
-711
-900
-1014
-1076
-1098
-1116
-1186
-1227
-1100
-798
-410
-72
259
707
1165
1778
3145
4879
5448
4562
3227
1903
667
23
268
300
-444
-723
-507
-848
-1392
-1300
-562
-53
-322
-846
-1475
-2323
-2747
-2480
-2054
-1943
-1925
-1671
-1615
-1864
-1713
-1019
-216
380
849
1195
1053
742
776
894
834
659
523
349
-64
-260
40
410
737
1105
1287
1002
327
-206
-456
-724
-933
-1025
-1157
-1472
-1835
-1988
-1877
-1597
-1139
-490
-36
15
169
622
1291
2489
4363
5825
5360
3589
2009
755
-11
148
480
83
-621
-630
-403
-814
-1040
-425
287
343
-287
-1220
-2209
-2993
-3031
-2495
-2198
-2295
-2320
-2143
-2143
-2117
-1496
-579
88
556
899
902
686
706
1033
1213
1111
901
430
-263
-614
-268
478
1160
1631
1727
1257
543
-18
-389
-570
-631
-784
-1182
-1724
-2107
-2163
-1888
-1432
-902
-262
306
594
725
919
1298
2066
3788
5924
6441
4976
3118
1566
245
-153
536
826
72
-352
-110
-410
-938
-498
489
842
341
-506
-1458
-2573
-3182
-2776
-2221
-2210
-2341
-2203
-2165
-2361
-1917
-747
142
618
1061
1188
893
673
893
1221
1128
826
465
-165
-715
-608
138
949
1477
1720
1468
741
-20
-587
-849
-978
-1210
-1507
-1961
-2370
-2430
-2168
-1736
-1308
-674
199
638
674
711
824
1455
3132
5410
6521
5534
3652
1838
331
-288
75
427
28
-301
-53
-56
-459
-355
388
867
555
-298
-1523
-2943
-3737
-3536
-3046
-2888
-2917
-2769
-2598
-2583
-2161
-1222
-327
421
909
942
648
348
436
666
639
575
292
-379
-934
-1006
-408
619
1556
2039
1678
734
-25
-513
-828
-944
-1170
-1483
-1776
-2074
-2101
-1943
-1641
-970
-261
256
589
726
918
1116
1424
2641
4689
6306
6381
4779
2545
818
172
638
1100
666
125
111
262
379
520
888
1450
1471
668
-681
-2264
-3232
-3222
-2839
-2527
-2510
-2637
-2584
-2468
-2027
-1125
-190
638
1096
1062
777
409
358
542
548
459
61
-641
-1092
-1126
-609
289
1125
1709
1715
1202
482
-344
-885
-1165
-1516
-1912
-2364
-2596
-2403
-2017
-1427
-849
-575
-300
-23
178
261
366
879
1431
2401
4563
6356
6012
4194
2382
985
91
421
1126
489
-256
269
773
550
482
1083
1603
1290
388
-968
-2603
-3558
-3350
-2751
-2602
-2699
-2527
-2213
-2001
-1667
-827
128
678
1029
1083
627
130
59
302
338
34
-350
-925
-1462
-1383
-627
413
1225
1653
1632
958
-32
-779
-1204
-1485
-1820
-2228
-2647
-2944
-2790
-2107
-1255
-630
-243
2
87
27
-36
159
661
1378
2756
4910
6382
5812
3746
1698
440
188
1016
1661
852
-22
246
672
871
1131
1466
1675
1169
-27
-1612
-3217
-3701
-3155
-2546
-2153
-2294
-2413
-2008
-1671
-1075
-99
620
1014
943
638
381
58
166
486
256
-124
-499
-925
-990
-662
104
1003
1522
1798
1725
1152
284
-641
-1247
-1560
-1878
-2247
-2665
-2885
-2521
-1584
-439
157
-13
-187
9
341
412
357
396
424
1846
5084
7098
6254
3929
1817
477
207
1505
2130
694
-22
623
932
823
821
1344
1725
1235
209
-1579
-3352
-3771
-3118
-2190
-1914
-2238
-2098
-1796
-1620
-1005
-109
637
921
795
483
-148
-563
-273
33
51
-175
-660
-1070
-1218
-861
41
897
1390
1507
1174
468
-530
-1437
-1908
-2176
-2313
-2420
-2655
-2802
-2683
-2101
-1192
-493
-105
113
141
-46
-396
-731
-816
-436
973
3834
6558
6905
4952
2302
404
-97
885
2111
1488
-7
-303
41
370
740
1173
1735
1578
479
-981
-2652
-3549
-3086
-2110
-1510
-1721
-1991
-1652
-1292
-714
326
1091
1291
976
486
163
-19
283
896
961
502
-198
-916
-1114
-771
-35
944
1492
1546
1199
385
-363
-929
-1188
-1131
-1415
-1880
-2352
-2808
-2581
-1896
-1019
-102
236
170
-106
-528
-655
-613
-404
-58
601
2924
6122
7432
6294
3744
1226
-37
383
1838
1733
53
-371
145
472
689
812
1356
1401
699
-94
-1798
-3343
-3313
-2464
-1589
-1560
-1794
-1353
-1250
-992
5
717
983
784
457
264
-214
-119
511
520
180
-431
-1090
-1359
-1351
-693
331
1014
1340
1082
407
-367
-1031
-1120
-1012
-1308
-1890
-2526
-2946
-2994
-2579
-1704
-912
-508
-477
-688
-864
-914
-881
-772
-491
22
1808
5260
7419
6380
3872
1511
-17
-105
1158
1650
-18
-975
-176
190
360
901
1335
1617
1265
269
-1226
-2894
-3212
-2262
-1504
-1374
-1674
-1730
-1314
-818
-64
781
992
806
635
285
-55
-16
470
861
600
37
-426
-812
-714
-65
597
1167
1620
1711
1353
535
-391
-905
-1174
-1321
-1370
-1648
-2092
-2451
-2549
-2186
-1385
-434
218
210
-179
-454
-631
-797
-632
-135
670
2846
6047
7415
5814
2911
604
-400
-92
1241
1401
-310
-1176
-620
54
686
1171
1657
1864
1139
-140
-1736
-3048
-3129
-2347
-1645
-1627
-2107
-2079
-1494
-842
100
893
915
615
365
182
162
485
1026
1077
452
-325
-1007
-1362
-946
-87
706
1375
1595
1301
641
-84
-392
-470
-540
-895
-1730
-2372
-2630
-2704
-2286
-1587
-820
-155
26
-167
-631
-1011
-982
-887
-748
-316
686
3010
5938
7045
5557
2941
592
-605
-299
892
994
-389
-893
-245
143
586
1140
1454
1498
836
-264
-1778
-3336
-3493
-2614
-2017
-1828
-1931
-1815
-1279
-689
83
633
625
551
500
472
529
522
565
480
-29
-738
-1311
-1543
-1155
-187
855
1697
1932
1467
928
453
235
298
1
-713
-1794
-2830
-3127
-2929
-2365
-1608
-914
-210
197
149
-36
-361
-655
-529
-206
231
885
2438
5210
6925
6065
3765
1265
-269
-242
947
1516
236
-775
-404
-1
359
929
1403
1578
1056
-134
-1696
-3154
-3497
-2675
-1770
-1350
-1341
-1232
-859
-551
-68
557
729
604
519
488
339
153
282
401
84
-479
-987
-1263
-1099
-403
507
1255
1645
1545
1196
773
307
-52
-483
-1114
-1866
-2639
-3155
-3314
-3093
-2278
-1147
-90
593
508
-102
-561
-573
-355
-362
-339
195
1377
3887
6600
6684
4208
1533
-36
-373
387
1489
1042
-583
-820
-72
321
853
1481
1776
1380
117
-1315
-2631
-3340
-2817
-1795
-1056
-982
-1340
-1319
-1033
-626
126
612
516
247
47
-94
-224
-138
186
174
-383
-997
-1459
-1503
-760
347
1329
1859
1763
1264
536
-1
-224
-580
-1131
-2035
-3091
-3663
-3621
-2976
-1990
-936
97
750
897
682
146
-372
-497
-410
-210
168
791
2467
5144
6809
6034
3586
1186
-156
-85
1218
1661
161
-959
-612
66
718
1216
1370
1178
576
-280
-1556
-2834
-3082
-2357
-1335
-872
-1234
-1398
-1104
-594
144
651
687
470
324
259
-16
-171
48
206
46
-449
-1018
-1160
-729
129
1061
1608
1813
1691
1187
535
-138
-729
-1210
-1955
-2896
-3529
-3636
-3099
-2098
-948
57
747
1117
975
250
-381
-476
-366
-217
-14
193
1141
3628
6305
6733
4685
2104
351
-121
823
1717
820
-695
-964
-351
122
300
555
865
720
161
-826
-2180
-2905
-2502
-1538
-941
-1171
-1515
-1466
-1182
-521
147
388
284
48
-20
-99
-352
-349
-110
13
-203
-713
-1017
-901
-322
569
1233
1507
1467
1052
386
-445
-1194
-1618
-1970
-2444
-3029
-3470
-3243
-2417
-1367
-276
446
796
910
462
-261
-690
-724
-418
-175
94
596
1161
2808
5510
6801
5678
3286
1033
-207
-147
992
1362
-31
-1028
-715
-205
380
953
1335
1451
990
150
-966
-2140
-2431
-1899
-1317
-1120
-1385
-1447
-1110
-670
19
629
735
575
354
60
-260
-318
12
311
231
-159
-640
-846
-463
440
1333
1735
1532
788
-189
-948
-1341
-1559
-1888
-2353
-2681
-2778
-2554
-1871
-1009
-102
739
1163
1083
423
-456
-845
-675
-250
60
171
433
1025
2741
5455
6806
5639
3150
807
-414
-254
767
921
-442
-1331
-953
-265
305
726
1151
1433
1168
427
-831
-2225
-2764
-2276
-1525
-1263
-1448
-1421
-1133
-726
-84
471
550
370
271
182
-103
-334
-158
51
-79
-428
-883
-1137
-769
33
717
963
695
101
-531
-1117
-1539
-1730
-1846
-2053
-2391
-2605
-2378
-1726
-751
190
702
734
330
-223
-643
-819
-559
9
410
412
313
590
1457
3446
5975
6729
4983
2092
-262
-1088
-569
595
786
-504
-1196
-810
-281
311
819
1486
1940
1335
163
-1436
-2937
-3054
-2190
-1270
-916
-1220
-1188
-830
-469
289
911
1149
1242
941
450
-2
-258
57
403
204
-264
-707
-729
-198
379
848
1074
832
334
-313
-926
-1189
-1186
-1134
-1266
-1605
-1721
-1430
-873
-245
234
470
469
306
116
-72
-275
-380
-272
-16
309
845
1597
2740
4454
5631
4953
2830
633
-658
-803
38
643
-263
-1344
-1157
-499
237
990
1287
1200
621
-401
-1540
-2702
-3177
-2680
-1902
-1322
-1242
-1334
-1110
-788
-278
401
665
605
435
75
-290
-505
-359
-17
-77
-520
-942
-1012
-653
-182
243
518
487
292
55
-348
-838
-1052
-911
-900
-1289
-1744
-1869
-1577
-983
-278
312
567
498
265
-53
-253
-124
255
717
909
711
774
1429
2788
4683
5659
4700
2476
288
-785
-628
185
601
-52
-725
-617
-272
90
415
673
918
668
-221
-1422
-2608
-2957
-2251
-1361
-799
-731
-928
-888
-627
-177
325
456
453
419
98
-271
-523
-477
-175
-51
-143
-368
-587
-443
-88
311
707
781
523
74
-375
-607
-740
-771
-774
-1056
-1350
-1386
-1171
-585
125
706
1065
908
400
-37
-187
109
561
914
1107
900
855
1380
2189
3607
4918
4600
2818
666
-648
-783
-300
555
564
-475
-846
-642
-396
-28
82
369
453
-261
-1069
-2048
-2780
-2478
-1718
-905
-622
-1049
-1184
-1117
-1001
-480
-43
215
271
-80
-361
-682
-908
-467
-34
-105
-453
-914
-1060
-774
-176
467
661
425
29
-358
-564
-600
-598
-687
-942
-1243
-1325
-1031
-486
112
613
875
825
554
247
75
205
562
868
1047
1051
1059
1364
1856
2732
3843
4094
3187
1684
316
-381
-430
147
516
-141
-764
-746
-572
-293
4
291
402
80
-453
-1219
-2042
-2325
-1876
-1105
-745
-883
-1156
-1369
-1254
-766
-100
352
305
183
70
-248
-432
-391
-275
-213
-357
-525
-685
-825
-542
8
440
684
534
133
-212
-418
-377
-333
-547
-830
-1068
-1109
-814
-376
55
377
466
470
432
325
408
753
1172
1354
1135
901
922
1205
1968
3057
3685
3204
1988
843
-33
-339
106
588
429
-225
-606
-555
-464
-174
282
483
364
-135
-753
-1315
-1870
-1823
-1309
-1041
-888
-948
-1174
-1114
-881
-350
314
558
603
431
-25
-333
-518
-458
-207
-300
-416
-445
-641
-572
-167
381
840
788
442
54
-431
-689
-675
-699
-824
-1082
-1321
-1396
-1242
-666
16
354
460
447
354
287
259
331
370
324
451
637
752
988
1623
2550
2898
2325
1339
390
-60
50
311
330
-187
-702
-685
-646
-649
-447
-194
110
115
-358
-981
-1682
-2009
-1689
-1214
-875
-861
-1021
-969
-811
-425
184
547
682
631
390
179
-68
-196
-68
-19
-28
-17
-104
-92
103
494
889
897
665
424
212
82
-122
-394
-678
-955
-1031
-916
-620
-133
351
761
917
779
635
529
500
473
310
271
367
500
748
844
936
1483
2308
2859
2518
1471
542
-151
-367
-12
59
-404
-949
-1128
-930
-753
-460
-53
55
-99
-440
-972
-1471
-1678
-1453
-1017
-764
-855
-1035
-1012
-825
-450
11
297
429
439
337
132
-78
-78
31
115
129
20
-52
-25
142
423
610
679
581
384
150
-245
-617
-842
-927
-794
-651
-527
-327
-72
210
361
378
276
46
2
103
-50
-325
-328
-54
340
774
1120
1466
1958
2396
2362
1641
634
-135
-440
-325
-242
-547
-974
-1183
-1044
-711
-412
-219
-199
-275
-456
-822
-1189
-1467
-1529
-1315
-1107
-1008
-1050
-1142
-974
-545
-4
459
649
698
668
558
455
310
236
265
224
170
79
-28
154
497
790
937
786
560
364
132
-23
-197
-321
-293
-286
-232
-185
-134
92
317
457
428
167
-92
-198
-57
245
441
606
739
793
965
1266
1628
1960
2027
1670
960
255
-145
-348
-336
-248
-520
-785
-808
-905
-839
-641
-465
-202
-218
-482
-886
-1448
-1639
-1509
-1299
-985
-895
-951
-892
-733
-336
106
416
661
670
576
457
227
105
94
178
298
305
275
249
305
509
719
798
685
505
362
206
85
-66
-262
-394
-417
-255
-97
-86
-109
-220
-300
-231
-90
106
197
286
427
415
486
695
877
1141
1488
1708
1425
750
196
-225
-403
-226
-114
-366
-696
-833
-919
-875
-638
-546
-566
-541
-706
-1110
-1457
-1594
-1589
-1444
-1223
-1105
-1121
-1083
-907
-643
-288
61
252
340
333
252
166
122
247
366
384
415
345
297
370
511
742
861
858
782
604
443
257
123
104
1
-119
-189
-277
-323
-283
-127
82
238
414
478
316
249
325
536
959
1262
1304
1191
977
846
909
1063
1008
722
515
258
58
105
105
-43
-146
-160
-285
-488
-628
-868
-1006
-886
-835
-942
-1201
-1465
-1531
-1403
-1059
-741
-620
-518
-383
-245
-177
-94
-4
-7
104
233
208
182
136
190
358
484
630
680
652
653
561
449
369
296
260
173
48
-91
-285
-360
-326
-360
-364
-299
-171
8
118
172
213
227
350
565
691
756
817
765
793
954
1075
1044
776
498
307
130
163
240
135
-11
-189
-330
-557
-822
-913
-988
-986
-898
-1039
-1319
-1499
-1518
-1436
-1271
-1044
-906
-794
-612
-495
-402
-258
-133
-19
76
66
-37
-47
51
185
273
318
393
462
538
612
607
598
556
421
299
96
-132
-211
-208
-184
-250
-453
-535
-459
-299
-39
161
285
396
449
449
367
411
668
887
1098
1233
1104
874
740
704
646
550
536
511
364
299
250
8
-155
-214
-375
-432
-447
-617
-780
-894
-995
-997
-938
-900
-885
-768
-621
-520
-372
-213
-62
60
172
314
347
309
341
334
311
383
457
500
546
579
582
585
581
543
500
407
255
86
-60
-181
-250
-313
-410
-533
-622
-619
-560
-419
-234
-133
-23
79
136
205
249
335
437
530
671
664
570
509
389
367
420
396
326
247
216
136
-6
-113
-266
-399
-473
-550
-677
-821
-885
-918
-980
-960
-906
-895
-811
-691
-657
-591
-453
-307
-141
-12
41
135
260
294
347
384
319
270
314
351
382
424
429
435
436
372
276
173
92
94
73
-20
-116
-253
-403
-468
-491
-428
-298
-178
-82
-62
-87
-106
-91
14
181
287
326
326
290
218
183
241
255
243
261
212
128
60
-16
-63
-41
1
-67
-179
-222
-320
-405
-405
-465
-531
-514
-476
-448
-404
-380
-335
-260
-175
-96
-40
-10
64
196
310
405
488
523
520
545
574
570
574
609
649
632
618
576
485
424
390
380
362
336
282
201
111
64
32
19
44
66
100
110
90
91
84
84
120
142
144
119
68
21
-36
-87
-105
-146
-208
-268
-330
-398
-421
-412
-413
-425
-436
-456
-501
-527
-518
-489
-481
-488
-459
-447
-451
-404
-355
-297
-242
-198
-172
-198
-204
-172
-111
-6
107
172
195
200
209
223
236
274
321
367
364
320
295
270
270
293
265
212
171
124
100
82
83
74
41
27
5
-20
-12
24
44
19
-19
-63
-108
-152
-156
-125
-88
-63
-76
-116
-189
-254
-279
-299
-325
-329
-338
-368
-390
-404
-392
-360
-334
-312
-302
-306
-294
-276
-263
-237
-201
-133
-72
-41
8
61
85
116
144
149
159
203
278
331
384
411
402
425
481
514
538
580
598
599
568
539
510
481
473
467
422
386
368
357
343
309
271
239
197
167
160
135
128
120
88
47
2
-43
-61
-49
-45
-66
-85
-126
-205
-252
-273
-306
-337
-354
-376
-427
-469
-493
-508
-517
-512
-480
-437
-413
-399
-373
-360
-335
-301
-253
-202
-181
-162
-138
-112
-90
-80
-58
-25
12
77
144
183
209
249
282
290
306
318
345
379
414
417
376
363
359
347
339
324
281
253
241
219
172
143
121
88
69
23
-7
-41
-70
-76
-92
-130
-169
-203
-236
-273
-305
-308
-325
-339
-349
-372
-415
-446
-463
-477
-476
-491
-503
-508
-514
-522
-502
-456
-390
-335
-291
-282
-294
-267
-236
-191
-139
-119
-100
-89
-72
-50
-29
8
59
112
165
196
214
252
293
344
391
417
452
502
553
604
614
597
598
581
560
538
509
502
497
478
442
411
381
349
336
316
281
252
237
214
202
163
129
89
24
-20
-70
-107
-140
-149
-154
-172
-213
-253
-289
-317
-328
-339
-351
-378
-399
-400
-384
-339
-279
-234
-199
-172
-156
-155
-152
-161
-154
-158
-180
-187
-194
-187
-140
-82
-46
-23
-7
18
44
72
106
146
175
196
204
215
242
268
303
333
312
288
279
263
269
276
275
261
232
188
147
119
92
61
42
25
-23
-63
-88
-115
-138
-154
-163
-190
-250
-294
-325
-348
-340
-316
-312
-335
-372
-418
-444
-457
-458
-455
-457
-452
-434
-409
-347
-284
-232
-175
-142
-131
-137
-158
-168
-172
-177
-151
-118
-80
-31
4
43
100
145
189
227
255
282
310
336
358
360
355
374
406
440
453
444
431
433
425
402
399
394
381
366
349
312
256
231
224
196
168
133
65
6
-25
-51
-67
-66
-83
-113
-137
-158
-176
-175
-176
-179
-206
-246
-290
-335
-364
-382
-381
-364
-352
-339
-293
-242
-198
-154
-101
-73
-59
-39
-40
-56
-81
-87
-77
-58
-24
19
59
119
184
237
274
308
327
339
370
384
378
371
372
358
360
380
386
396
393
378
367
346
321
297
286
283
266
227
179
133
94
47
0
-30
-73
-138
-183
-219
-254
-284
-297
-320
-359
-388
-401
-403
-411
-427
-441
-463
-495
-522
-546
-578
-591
-595
-593
-585
-564
-523
-474
-420
-375
-334
-300
-271
-255
-247
-239
-231
-222
-204
-165
-118
-56
21
91
153
201
250
286
312
349
383
395
408
431
445
466
482
500
514
520
523
524
515
494
486
477
467
460
446
418
370
320
280
242
188
138
83
20
-21
-62
-93
-108
-131
-141
-153
-184
-212
-238
-260
-275
-288
-292
-311
-340
-365
-392
-414
-425
-433
-436
-417
-387
-357
-327
-298
-264
-223
-186
-166
-162
-164
-161
-159
-137
-96
-35
31
94
143
177
210
243
272
294
308
326
353
371
386
406
417
440
460
474
484
487
477
458
428
406
392
371
360
340
318
295
269
234
191
148
93
37
-17
-72
-126
-169
-195
-226
-255
-278
-308
-332
-348
-359
-363
-374
-392
-416
-446
-481
-517
-548
-562
-565
-558
-534
-509
-482
-447
-411
-374
-329
-299
-273
-256
-243
-225
-208
-176
-131
-93
-52
-9
19
52
85
113
142
165
193
218
248
293
327
349
365
375
393
413
423
414
404
388
372
361
351
346
342
338
338
323
299
266
221
190
157
114
74
35
-1
-34
-57
-74
-97
-117
-130
-149
-157
-167
-176
-183
-200
-228
-264
-303
-337
-361
-369
-363
-354
-341
-334
-321
-297
-270
-240
-209
-185
-163
-154
-141
-129
-118
-93
-70
-53
-32
-17
6
38
61
87
118
137
164
195
224
250
279
301
319
332
336
340
339
332
319
308
293
278
264
263
270
277
284
282
262
236
204
176
152
120
87
51
12
-16
-41
-59
-71
-78
-79
-83
-89
-99
-111
-129
-151
-167
-189
-211
-233
-252
-264
-271
-270
-265
-259
-251
-238
-224
-211
-196
-184
-174
-164
-155
-147
-143
-138
-129
-127
-123
-110
-102
-88
-68
-47
-24
-5
11
31
45
66
91
109
119
122
116
109
98
91
90
85
76
66
57
54
66
83
98
95
83
67
52
33
23
5
-7
-12
-23
-34
-48
-57
-55
-44
-31
-18
-23
-27
-39
-50
-57
-58
-58
-56
-65
-72
-74
-76
-67
-52
-37
-28
-25
-21
-17
-15
2
17
23
30
38
44
48
53
67
74
87
102
108
116
115
115
127
132
137
146
156
168
174
175
174
161
159
154
140
131
118
105
95
84
76
72
64
60
50
35
23
7
-7
-20
-34
-41
-53
-66
-80
-94
-101
-104
-103
-104
-110
-118
-122
-130
-134
-131
-127
-127
-126
-127
-130
-140
-137
-128
-122
-114
-105
-97
-92
-84
-72
-68
-61
-52
-44
-37
-31
-21
-10
-3
7
14
17
24
26
29
36
43
54
59
70
77
75
83
85
85
80
68
65
63
51
51
45
38
32
24
22
12
6
5
-3
-7
-11
-17
-21
-26
-26
-29
-34
-37
-42
-51
-53
-53
-52
-52
-56
-61
-62
-55
-50
-44
-34
-30
-28
-27
-29
-25
-16
-8
0
-2
-8
-9
-8
-7
1
8
15
22
28
35
43
52
60
64
68
63
53
48
46
49
56
61
63
62
62
60
61
63
65
66
61
56
47
35
29
22
18
16
11
2
-3
-7
-7
-8
-9
-9
-12
-17
-21
-29
-32
-30
-31
-31
-33
-37
-42
-42
-42
-46
-45
-42
-39
-34
-28
-21
-18
-17
-15
-16
-16
-13
-7
-8
-11
-11
-16
-19
-16
-11
-2
8
16
22
26
28
29
31
29
29
26
22
19
14
15
17
22
25
25
23
17
17
16
14
7
6
2
-5
-9
-14
-19
-22
-25
-25
-28
-32
-35
-36
-36
-37
-36
-37
-40
-43
-41
-40
-43
-46
-50
-57
-60
-58
-55
-53
-50
-45
-43
-36
-26
-19
-14
-8
-6
-6
-6
-7
-6
-6
-2
-2
-3
0
3
6
15
24
31
39
44
50
49
46
46
48
46
44
43
37
34
37
41
46
48
51
52
50
51
48
48
48
40
37
28
22
18
14
13
13
12
13
10
4
3
0
-2
-3
-5
-8
-13
-18
-20
-24
-25
-30
-31
-29
-32
-30
-33
-33
-31
-29
-26
-20
-16
-11
-7
-4
-3
-2
-5
-7
-9
-9
-9
-10
-7
-5
-2
4
8
15
20
22
25
23
23
21
21
20
16
11
10
11
13
18
19
18
19
20
19
15
15
10
7
3
-2
-6
-11
-14
-16
-17
-17
-19
-20
-21
-22
-22
-23
-23
-22
-23
-25
-28
-30
-32
-32
-31
-33
-31
-29
-32
-32
-31
-30
-29
-25
-21
-16
-13
-9
-7
-7
-6
-6
-4
-3
-7
-6
-6
-7
-5
-2
0
4
10
15
20
22
22
20
19
19
19
17
17
17
17
18
16
18
23
25
27
26
25
22
19
19
17
16
16
12
9
7
3
4
3
3
5
3
0
0
-2
-2
-2
0
2
-1
-1
-2
-4
-5
-5
-5
-6
-9
-8
-7
-7
-4
-5
-1
2
4
7
8
10
9
10
7
5
3
2
3
0
0
4
6
8
12
17
17
17
18
19
17
18
17
14
11
6
5
4
2
4
5
5
6
4
3
1
2
1
0
-3
-5
-9
-12
-16
-18
-19
-18
-18
-20
-22
-21
-21
-21
-22
-23
-23
-21
-23
-24
-22
-24
-24
-24
-21
-19
-20
-18
-16
-15
-14
-13
-10
-8
-6
-2
-1
0
0
-2
0
0
-1
1
1
1
1
2
3
5
5
9
11
10
10
13
13
13
16
14
13
9
7
3
1
1
2
4
7
7
7
6
6
5
5
4
1
-1
-6
-9
-10
-9
-9
-9
-7
-7
-4
-1
-3
-4
-6
-8
-7
-8
-8
-8
-9
-6
-3
-1
2
3
4
5
6
7
6
9
10
11
14
17
20
20
23
23
25
25
23
21
20
20
19
20
22
24
26
27
28
30
31
32
30
27
24
22
19
18
14
12
10
13
9
9
8
3
-1
-3
-6
-9
-12
-12
-14
-18
-21
-25
-23
-25
-24
-24
-25
-26
-29
-31
-35
-36
-35
-37
-36
-39
-37
-37
-33
-31
-28
-26
-25
-21
-23
-21
-21
-24
-24
-25
-24
-23
-21
-18
-14
-11
-7
-5
-5
0
2
4
5
5
8
7
10
12
13
19
22
26
26
26
28
29
28
27
27
23
18
16
18
15
14
14
15
13
10
7
3
5
2
3
4
0
1
0
2
2
-1
-4
-6
-13
-15
-18
-18
-19
-16
-14
-15
-12
-9
-6
-5
-3
2
3
1
0
2
-1
-2
-1
-2
3
8
6
10
11
11
15
17
27
32
27
28
29
28
29
31
32
34
40
40
32
33
29
25
31
29
33
34
36
37
24
22
26
23
21
19
11
7
-1
-7
-4
3
4
1
-1
4
0
-3
10
3
-12
-17
-24
-30
-37
-39
-30
-31
-33
-40
-51
-46
-36
-33
-33
-20
-19
-21
-23
-33
-32
-41
-57
-69
-86
-86
-81
-82
-67
-60
-46
-28
-30
-29
-31
-35
-32
-44
-60
-72
-77
-77
-75
-55
-44
-27
-20
-23
-15
-15
-11
-5
-4
8
0
-7
-11
-30
-29
-24
-29
-13
-4
0
11
14
23
26
17
17
28
27
21
31
38
37
33
22
30
40
48
60
75
85
81
67
76
79
74
89
112
118
114
122
112
73
60
67
60
70
68
72
82
50
43
63
55
68
40
40
82
65
54
49
12
-12
-97
143
563
356
-21
-137
-388
-699
-559
1
185
53
391
379
-170
-264
-169
-427
-417
-43
36
-42
156
142
-130
-57
99
-55
-54
190
152
25
140
53
-222
-123
19
-149
-113
128
53
-82
-29
-115
-303
-207
-28
-58
31
240
167
-3
15
-58
-194
-96
35
16
48
167
128
4
20
22
-45
27
129
135
147
166
79
-43
-59
-72
-111
-55
28
-1
-17
25
-51
-149
-113
-69
-86
-57
33
11
-66
-55
-77
-153
-136
-53
-15
-7
4
-47
-91
-86
-115
-148
-104
27
2
-7
157
92
-111
-102
-81
-147
-241
-123
78
-6
-23
52
-79
-85
-141
153
1053
978
325
29
-389
-1015
-1118
-339
281
108
689
1016
165
-126
3
-543
-681
-76
119
43
441
545
-5
50
308
-85
-120
407
321
157
502
394
-208
-87
218
-125
-130
407
325
-11
134
-16
-500
-385
-122
-213
-6
380
313
53
14
-141
-428
-291
-21
-81
66
301
100
-53
-12
-129
-213
-30
145
46
15
158
-24
-212
-85
-90
-103
64
92
-13
-33
-48
-155
-209
-126
-95
-87
22
48
-50
-32
-18
-118
-80
53
92
128
172
150
37
-34
-6
-37
-62
43
77
47
56
42
0
-50
-51
-38
-70
-44
13
-27
-113
-145
-144
-187
-186
-95
-20
15
29
-7
-85
-184
-158
-72
-64
-16
96
72
-13
-43
-71
-135
-113
-2
-7
-26
49
4
-81
-34
-9
-47
-27
67
9
-8
95
16
-99
-58
-37
-35
34
136
118
76
116
7
-93
8
3
-30
143
251
173
154
194
38
-67
32
52
47
140
233
173
27
85
3
-140
70
141
270
428
117
-84
-168
-338
-244
-33
306
442
325
328
-4
-317
-228
-343
-1
759
645
424
428
-212
-844
-766
-473
-403
-49
641
392
-24
283
-128
-783
-405
-183
-413
-67
417
154
-16
281
52
-247
56
99
2
287
360
118
42
-23
-196
-210
-82
-59
36
141
24
-103
-127
-229
-285
-152
-68
-38
84
79
-22
21
-35
-133
-65
-45
-108
6
97
44
51
86
-16
-82
-31
-66
-116
-62
-60
-134
-69
6
-90
-62
24
-94
-37
14
-120
-78
-63
-115
-60
-45
-26
-41
-56
-30
-85
-78
12
-20
17
109
65
54
85
9
-47
-36
-36
-50
-38
26
71
104
145
148
119
89
86
17
-48
2
-1
-21
70
94
55
118
118
28
24
80
39
56
144
101
5
79
82
-7
79
148
80
101
170
83
-16
-14
-54
-129
-66
17
32
28
55
39
-39
-52
-46
-126
-75
-18
-39
22
14
-35
-11
-28
-23
-23
-35
3
-26
21
99
42
86
143
29
30
62
26
51
51
14
-17
-83
-77
-58
-56
58
119
126
177
100
-37
-78
-121
-143
-85
6
88
103
30
43
44
-83
-88
12
-9
-43
12
-1
-98
-99
-52
-121
-108
-5
-16
-51
-22
-59
-144
-168
-120
-118
-151
-61
-36
-106
-62
-46
-93
-94
-82
-96
-151
-112
-70
-128
-65
38
19
14
55
33
-47
-93
-79
-71
-34
46
110
126
118
93
33
-13
-30
-15
43
54
67
124
95
39
52
35
31
42
42
65
40
2
33
82
105
94
95
95
34
-1
-21
-40
-4
14
56
122
97
69
76
31
8
20
-6
-17
2
-15
-25
1
13
8
1
11
2
-22
-19
-48
-88
-58
-69
-93
-13
34
-4
-10
55
32
-49
-31
14
-26
-47
-15
16
35
20
30
60
50
12
19
69
58
43
82
109
98
70
62
68
41
5
27
48
36
34
101
118
64
76
81
20
-46
-77
-68
-54
-52
26
88
87
86
56
7
-35
-86
-91
-65
-62
-33
-18
-7
-31
-57
-70
-99
-84
-63
-89
-94
-63
-87
-127
-134
-109
-114
-130
-100
-95
-105
-89
-82
-110
-124
-118
-111
-91
-55
-41
-54
-14
-24
-55
-43
-28
-54
-66
-46
-11
-4
25
53
9
3
18
-23
-29
4
31
48
72
134
132
71
78
50
-23
-31
-1
39
60
92
133
144
136
125
89
79
57
18
28
21
10
52
86
90
93
90
77
24
3
16
3
13
45
73
66
65
48
29
1
-34
-41
-32
-29
-10
21
38
49
13
-36
-54
-70
-85
-61
-29
-19
-1
19
-5
-50
-57
-54
-51
-32
7
30
24
1
-16
-49
-77
-38
-8
11
38
61
48
17
-2
3
-1
3
15
23
47
48
47
47
31
16
21
21
37
57
69
85
75
57
39
-1
-15
-13
-32
6
51
55
37
15
1
-59
-69
-13
-13
-11
41
35
-4
-38
-56
-77
-101
-102
-64
-38
-33
-15
-10
-45
-94
-87
-98
-122
-100
-80
-107
-97
-69
-82
-72
-27
-42
-72
-45
-59
-101
-95
-75
-76
-52
-16
10
7
8
-4
-11
-19
-35
-28
-18
-7
-10
-1
12
2
-13
-3
6
9
28
54
63
50
29
25
27
20
44
66
60
58
52
38
35
29
31
54
48
42
62
69
63
59
74
88
48
37
66
38
20
51
64
47
40
62
67
46
48
66
62
54
45
32
21
-7
-6
10
8
13
38
30
16
14
-10
-24
-20
-18
-19
-6
-13
-18
-22
-13
-19
-17
-2
-14
-12
-12
-18
-32
-44
-55
-45
-35
-23
3
12
6
-8
-25
-54
-58
-43
-23
-9
16
22
5
9
-19
-32
-28
-17
-2
22
42
39
29
26
-4
-33
-17
-25
-34
6
23
14
31
36
13
-10
-9
-13
-26
-13
8
5
4
-3
-21
-28
-42
-50
-47
-21
-14
-7
-2
-20
-53
-55
-58
-73
-59
-38
-22
-31
-41
-52
-75
-93
-84
-77
-53
-23
-16
-12
-11
-45
-71
-79
-86
-54
-33
-8
22
25
-1
-12
-17
-32
-41
-16
15
8
21
38
17
-5
18
23
14
37
72
71
73
86
63
48
48
41
56
55
57
90
85
77
86
76
63
49
47
54
38
47
74
52
57
77
53
45
43
22
13
12
35
33
33
61
54
31
32
25
-4
-8
-4
-4
-10
8
19
5
2
3
-10
-27
-30
-31
-31
-23
-11
-5
-5
-14
-18
-18
-36
-27
-16
-19
-13
-9
-4
-3
-13
-19
-18
-31
-32
-34
-32
-31
-21
-13
-22
-25
-9
-15
-23
-7
-2
-21
-18
-12
-25
-30
-21
-14
-20
-13
-5
-8
-22
-20
-31
-32
-37
-37
-27
-25
-13
-4
-9
-16
-18
-30
-36
-34
-24
-22
-14
-2
-9
-10
-26
-32
-32
-37
-33
-13
-6
-9
-6
1
-9
-37
-29
-19
-32
-28
-4
-8
-6
2
-2
-5
-14
-7
3
0
7
14
17
20
19
20
14
7
15
18
18
29
41
44
36
35
28
15
13
12
16
24
34
41
40
31
27
17
8
9
5
10
13
21
32
35
33
31
29
18
15
9
12
13
14
19
16
19
18
20
20
15
24
18
15
17
9
8
16
16
17
27
33
25
16
18
3
-8
-5
2
2
16
24
17
11
9
-1
-13
-5
0
0
3
5
-9
-10
-13
-20
-23
-12
-5
-10
-6
1
-18
-27
-17
-25
-28
-22
-17
-22
-26
-21
-19
-24
-15
-10
-13
-14
-12
-21
-27
-25
-27
-24
-14
-11
-16
-20
-19
-33
-42
-36
-38
-35
-24
-16
-18
-24
-28
-32
-42
-39
-35
-23
-15
-11
-11
-14
-17
-25
-25
-30
-29
-22
-14
-11
-5
-4
-14
-16
-16
-18
-12
-5
0
4
4
3
-7
-5
3
6
11
25
26
12
13
11
-1
-6
1
18
19
23
39
32
23
22
13
12
13
23
39
38
44
46
39
30
22
19
17
17
22
34
35
34
40
36
27
27
21
23
24
25
31
31
35
28
23
23
18
16
15
11
11
8
12
15
11
18
18
17
16
8
7
-2
-6
-4
-10
-3
1
0
4
5
1
-5
-8
-12
-15
-18
-15
-18
-21
-16
-17
-18
-19
-18
-20
-22
-18
-20
-19
-22
-26
-28
-27
-25
-24
-18
-12
-14
-16
-16
-20
-25
-27
-22
-19
-17
-12
-11
-13
-18
-13
-15
-17
-12
-10
-9
-9
-9
-8
-15
-14
-9
-9
-1
0
1
3
2
-6
-10
-12
-16
-16
-8
-5
0
5
6
3
0
-2
-7
-10
-7
-5
-2
6
11
10
11
10
11
8
2
4
4
4
6
6
5
2
-1
1
1
-1
2
6
4
7
4
-1
-3
-7
-6
-6
-5
-2
2
3
5
8
5
0
-3
-6
-8
-8
-6
-2
1
10
14
17
19
18
13
11
5
8
5
14
24
27
36
38
33
26
22
15
14
17
24
22
26
29
24
25
26
29
32
32
32
31
24
20
14
11
13
18
19
23
22
22
17
9
2
-3
-6
-9
-10
-8
-4
-7
-5
-4
-7
-14
-19
-22
-28
-30
-29
-24
-22
-24
-21
-21
-24
-24
-26
-24
-28
-28
-25
-28
-30
-28
-24
-30
-26
-21
-22
-21
-21
-19
-20
-18
-18
-21
-21
-19
-17
-15
-13
-9
-5
-1
-3
-4
-7
-10
-12
-11
-5
-3
-1
0
-1
0
-2
-3
-2
-4
-3
-3
-3
-3
-1
-2
-1
3
7
5
4
3
0
-1
-2
-4
0
2
2
5
5
5
5
4
4
6
7
8
9
10
10
10
10
8
12
14
15
14
12
13
13
11
7
9
8
8
10
13
14
19
20
20
18
12
11
9
8
9
10
14
18
18
16
16
15
12
10
8
7
6
4
5
7
10
14
16
16
14
13
11
6
3
2
0
4
6
6
10
9
9
10
8
2
1
1
-3
-1
-4
-5
-5
-5
-5
-6
-6
-7
-9
-11
-12
-12
-15
-14
-15
-13
-10
-12
-12
-14
-16
-17
-21
-20
-22
-24
-22
-22
-20
-20
-18
-20
-19
-19
-17
-16
-15
-16
-17
-16
-15
-15
-14
-12
-10
-7
-3
-6
-8
-6
-7
-11
-9
-7
-6
-2
0
0
0
3
3
-1
0
3
2
3
4
3
0
2
2
3
4
5
2
4
7
4
6
5
5
7
5
4
4
4
5
5
7
6
6
5
6
6
5
5
5
8
9
9
8
9
9
11
9
7
6
5
6
5
7
7
8
9
9
6
5
6
6
4
6
7
8
10
7
7
7
6
7
6
8
8
7
8
8
8
8
6
8
8
7
7
7
7
3
2
3
3
1
3
2
4
8
7
8
7
5
4
2
4
2
4
8
7
8
6
4
2
-1
-3
-4
-1
-2
-1
0
-1
-2
-1
-3
-6
-5
-3
-5
-4
-6
-7
-8
-10
-11
-12
-11
-11
-13
-13
-13
-15
-17
-16
-16
-18
-18
-15
-16
-15
-14
-13
-13
-15
-17
-17
-20
-18
-16
-16
-16
-14
-14
-16
-14
-14
-15
-13
-10
-11
-10
-10
-10
-10
-8
-3
-2
-5
-1
-1
0
1
0
1
3
5
5
5
4
5
6
6
7
8
8
8
9
8
8
7
6
7
6
9
10
9
11
12
11
12
11
11
11
13
14
13
12
14
15
14
15
15
15
16
15
14
13
12
13
12
13
13
12
11
10
9
8
7
5
7
5
3
5
3
4
6
6
5
3
4
4
1
3
3
2
2
3
2
0
-1
-2
-2
-1
-1
-1
-1
0
0
-1
-2
-2
-2
-2
-2
-4
-3
-2
-2
-2
-2
-3
-4
-4
-5
-6
-5
-5
-7
-5
-6
-6
-6
-7
-8
-9
-10
-11
-12
-12
-12
-12
-12
-12
-14
-15
-15
-17
-16
-17
-14
-11
-11
-10
-10
-12
-13
-13
-15
-13
-10
-7
-4
-5
-3
-4
-5
-6
-6
-5
-5
-5
-4
-3
-2
-2
-2
-1
0
2
3
4
5
4
4
5
4
5
4
6
6
5
6
4
2
2
4
4
5
6
6
8
6
5
4
4
3
2
2
3
1
2
1
0
2
1
3
3
3
2
3
3
-1
-2
0
2
3
3
5
4
4
7
6
6
6
6
7
8
8
10
10
9
9
9
9
6
6
8
7
7
10
11
11
14
12
12
11
10
9
9
8
6
7
9
9
10
11
11
12
10
9
9
6
6
9
8
7
6
4
4
3
1
2
1
-1
-1
-2
-3
-2
-1
-1
-2
0
-1
-3
-4
-8
-12
-15
-16
-17
-18
-16
-13
-14
-15
-17
-18
-22
-26
-27
-26
-27
-25
-23
-23
-22
-22
-21
-20
-18
-17
-15
-15
-14
-15
-15
-15
-16
-14
-14
-13
-11
-11
-10
-8
-9
-8
-6
-6
-6
-4
-3
-2
-1
-2
-1
2
4
5
8
7
6
7
7
7
6
6
7
8
11
13
11
12
14
13
13
12
13
14
15
14
14
13
13
14
14
14
15
17
18
15
16
17
15
15
17
20
19
20
17
15
12
11
9
8
8
8
7
8
7
6
6
4
3
6
4
2
0
-1
0
-4
-2
-1
-1
0
1
0
-2
-4
-5
-6
-6
-5
-5
-4
-3
-3
-2
-5
-4
-3
-4
-2
-3
-4
-4
-4
-4
-3
-2
-3
-2
-1
-3
-3
-3
-2
-4
-6
-5
-4
-5
-3
-4
-3
-2
-3
-4
-3
-4
-6
-6
-7
-7
-9
-9
-9
-10
-9
-7
-7
-7
-7
-8
-8
-9
-7
-8
-9
-10
-13
-15
-16
-15
-14
-13
-11
-10
-10
-10
-13
-12
-13
-12
-12
-12
-11
-9
-9
-9
-7
-4
-5
-4
-2
-2
0
-1
0
5
4
5
9
9
11
10
9
11
12
11
11
13
11
12
13
14
14
13
14
13
9
10
11
12
13
13
14
13
11
10
8
6
6
7
8
9
9
10
10
11
10
9
8
8
7
5
4
5
6
6
6
7
6
5
4
3
2
1
2
2
0
-2
-1
0
0
0
1
2
0
-2
-4
-7
-6
-4
-3
-2
0
0
-1
-1
-2
-5
-7
-7
-8
-7
-6
-6
-7
-4
-5
-6
-5
-4
-5
-4
-5
-5
-5
-4
-6
-7
-5
-6
-4
-3
-3
-3
-3
-4
-3
-3
-4
-3
-1
-3
-3
-1
-2
-4
-5
-5
-4
-2
-2
-2
-2
-2
-4
-6
-5
-7
-7
-7
-4
-3
-1
-1
-2
-2
-4
-5
-8
-8
-8
-8
-7
-6
-4
-2
0
-2
-2
-3
-4
-5
-6
-3
-3
-1
1
1
3
5
4
2
3
0
-2
-1
-2
0
1
5
6
6
6
5
2
-1
-2
-3
-5
-3
-1
1
3
6
9
10
7
6
7
5
2
4
6
6
8
11
11
11
12
12
11
13
12
13
13
12
11
11
12
11
11
9
10
9
7
8
7
7
7
9
8
9
8
8
8
4
3
3
2
-1
0
1
-1
0
0
-2
-5
-6
-6
-8
-7
-9
-9
-9
-9
-10
-12
-12
-12
-10
-11
-11
-13
-13
-12
-14
-14
-14
-13
-12
-10
-8
-8
-9
-9
-8
-9
-8
-4
-4
-5
-6
-5
-3
-3
-4
-5
-3
-2
-1
-2
2
2
3
2
2
1
0
0
0
1
1
3
4
4
4
4
4
5
5
5
5
2
3
1
1
3
2
4
5
3
1
-1
-1
-2
-3
-2
0
0
2
1
-1
-2
-1
0
-1
-4
-2
-2
-4
-4
-3
-2
-2
-2
-2
-4
-6
-7
-7
-7
-6
-3
-4
-1
-1
2
1
0
1
0
2
2
2
1
3
5
6
7
9
8
6
6
5
2
4
5
4
5
6
4
4
5
6
7
7
8
9
7
8
8
9
10
12
12
11
11
13
13
11
11
10
11
10
8
7
6
6
5
3
3
4
4
5
2
-1
1
1
1
1
-1
-3
-6
-7
-9
-7
-9
-10
-8
-10
-9
-11
-14
-13
-15
-16
-14
-14
-14
-15
-14
-13
-14
-14
-13
-12
-13
-13
-9
-11
-9
-6
-7
-8
-7
-7
-8
-6
-4
-4
-3
-2
-2
-2
1
1
2
4
3
2
1
1
-1
2
2
1
2
2
3
2
1
0
1
1
0
-1
-2
-3
-3
-1
-1
0
2
2
2
2
1
1
-1
-3
-1
1
3
4
7
7
5
4
0
-1
-1
0
0
-1
0
3
2
4
5
4
4
3
4
3
2
4
5
5
6
7
5
4
4
5
4
2
2
3
4
4
5
6
7
8
8
8
9
6
6
8
8
10
10
13
12
12
11
11
12
10
11
11
12
11
9
8
8
8
7
6
4
4
2
2
0
-2
0
-1
1
-1
-4
-2
-3
-6
-5
-8
-6
-7
-10
-8
-10
-13
-12
-11
-14
-14
-12
-15
-16
-18
-15
-14
-15
-16
-15
-17
-18
-19
-19
-19
-16
-16
-15
-14
-16
-13
-15
-14
-13
-11
-11
-10
-9
-9
-10
-10
-10
-8
-4
-2
-2
-1
-1
-2
-4
-3
0
1
3
3
4
4
4
4
5
6
7
9
9
6
8
7
8
9
10
12
12
12
13
12
13
14
14
14
12
13
13
16
12
14
15
16
16
11
10
9
7
7
6
8
8
9
7
7
6
2
2
3
1
2
1
1
0
1
2
2
4
3
5
4
4
3
2
2
1
3
2
3
4
5
6
6
6
5
6
5
5
4
3
3
3
3
3
2
0
-1
0
0
-1
-1
-1
-4
-6
-7
-9
-9
-9
-10
-6
-7
-9
-7
-10
-11
-12
-13
-12
-13
-15
-14
-15
-15
-16
-17
-17
-16
-15
-15
-17
-15
-17
-18
-17
-16
-15
-14
-12
-11
-12
-11
-10
-11
-9
-10
-9
-9
-9
-7
-6
-3
-2
0
0
0
-1
-1
1
1
2
3
2
4
4
7
7
8
9
11
10
10
9
10
9
12
14
14
19
20
20
19
18
18
18
17
16
16
14
14
16
17
18
17
17
15
13
10
9
8
8
7
6
7
7
6
6
4
4
3
-1
-2
-2
-3
-3
-3
-5
-4
-4
-4
-6
-6
-8
-8
-7
-4
-4
-4
-3
-4
-4
-5
-4
-8
-5
-6
-7
-7
-7
-8
-7
-6
-6
-4
-3
-5
-3
-3
-4
-5
-3
-3
-4
-4
-5
-5
-3
-1
-1
0
1
-1
-4
-6
-7
-6
-5
-2
-3
-3
-2
-2
-1
-3
-1
0
0
1
0
-1
-1
-1
-1
0
1
0
2
0
0
-1
-1
-1
0
0
-1
-1
-1
-1
-1
-2
-2
-2
-1
-3
-2
-2
-3
-3
-4
-2
-3
-5
-4
-3
-3
-3
-2
-1
-2
-2
-2
-4
-4
-4
-5
-2
0
1
0
-1
1
0
1
0
-1
-2
-1
-1
-1
-1
0
0
1
2
1
0
1
-1
1
1
3
4
6
6
6
7
7
6
6
5
4
4
5
5
6
7
7
9
8
10
8
6
7
7
6
7
9
9
11
11
11
11
10
11
8
7
7
7
6
4
4
4
4
4
0
1
-1
-3
-4
-4
-4
-3
-3
-4
-4
-3
-5
-6
-6
-5
-5
-6
-5
-5
-2
-2
-1
1
-1
1
1
0
-3
-3
-3
-2
-4
-3
-2
-6
-4
-1
-2
-1
-2
-5
-5
-6
-7
-8
-9
-7
-6
-7
-8
-6
-9
-10
-11
-11
-9
-9
-8
-8
-7
-5
-7
-6
-7
-8
-6
-6
-6
-4
-4
-4
-6
-6
-6
-6
-5
-2
-2
-3
-1
-2
-3
-4
-6
-5
-3
-3
-5
-3
-2
-2
-1
0
-1
0
3
3
4
4
4
5
6
9
9
8
10
10
9
9
9
7
7
8
8
7
8
7
8
9
7
8
8
7
7
3
3
3
1
2
4
5
8
9
9
10
10
11
9
9
8
5
5
7
7
7
10
11
11
10
11
9
7
8
7
7
6
7
7
5
5
5
3
3
2
1
0
-2
-1
-2
-3
-4
-5
-6
-6
-7
-7
-8
-9
-8
-12
-12
-11
-12
