3
3
4
4
3
3
4
4
3
3
2
0
0
-2
-5
-6
-8
-9
-10
-12
-9
-10
-11
-11
-12
-11
-13
-14
-13
-11
-9
-11
-9
-8
-8
-6
-8
-5
-4
-5
-5
-6
-4
-3
-4
-3
-3
-3
-2
-3
-3
-3
-2
-2
-1
-1
-1
-2
-1
0
1
2
2
3
6
5
5
3
3
3
2
2
2
-1
0
-1
-3
-5
-5
-2
-1
-2
-2
0
0
-1
0
1
0
0
0
2
3
0
2
2
1
-1
0
0
-1
0
1
0
-1
3
2
2
3
2
2
2
5
4
4
6
8
7
5
7
7
7
8
8
9
8
7
7
7
7
7
6
5
5
6
6
4
3
4
3
2
3
5
5
6
6
7
7
8
8
7
8
8
6
7
7
7
6
6
5
3
1
2
0
-1
-1
-3
-2
-2
-3
-3
-5
-4
-4
-7
-6
-6
-7
-8
-8
-9
-8
-10
-12
-13
-12
-15
-15
-16
-17
-17
-19
-17
-15
-16
-16
-16
-16
-16
-14
-13
-11
-10
-9
-7
-5
-3
-2
-2
-1
1
1
2
3
2
2
3
4
3
3
3
2
1
0
-2
-2
-2
-3
-3
-2
-2
-1
0
0
1
-1
0
3
2
1
2
2
4
3
4
4
4
5
6
5
5
5
5
5
7
8
8
9
10
10
9
10
11
13
14
16
16
16
15
13
13
13
9
7
9
8
6
6
5
5
1
1
0
-3
-4
-5
-6
-5
-5
-5
-5
-6
-3
-3
-4
-2
-4
-4
-3
-3
-4
-1
-1
-1
0
-1
0
0
-1
-1
0
-1
0
1
1
1
1
1
2
2
0
2
2
3
2
1
3
2
0
0
-1
-1
0
2
-1
-1
-3
-2
-3
-6
-5
-5
-5
-6
-7
-6
-7
-8
-7
-6
-6
-8
-7
-6
-7
-8
-6
-6
-6
-5
-4
-4
-4
-3
-3
-3
-1
-1
-1
-1
1
-1
-1
-2
-3
-2
-5
-4
-5
-4
-2
-4
-5
-3
-4
-3
-4
-3
-3
-5
-5
-4
-5
-6
-5
-6
-5
-5
-4
-5
-5
-8
-6
-6
-6
-4
-4
-4
-3
-1
1
2
3
6
7
8
9
9
11
11
12
12
13
14
16
15
15
13
14
16
14
13
13
14
12
13
13
13
12
12
13
10
9
8
6
4
3
-1
-1
-1
-3
-3
-5
-5
-6
-7
-6
-6
-7
-5
-4
-3
-2
-1
3
5
7
7
9
9
7
6
6
8
7
8
9
8
8
8
7
6
4
4
6
2
-1
1
-1
-3
-4
-5
-5
-6
-8
-9
-9
-12
-11
-13
-14
-13
-12
-12
-11
-12
-13
-12
-13
-14
-15
-15
-15
-15
-12
-13
-12
-12
-11
-13
-12
-12
-8
-7
-6
-5
-6
-4
-4
-3
-3
-1
-1
0
3
1
3
2
2
2
1
1
0
1
-1
0
1
-1
0
1
0
-1
2
1
0
3
3
2
-1
2
1
0
2
3
3
3
3
1
1
1
-1
-1
1
1
3
4
3
3
3
4
5
5
7
8
9
9
9
8
7
8
9
9
9
9
10
9
9
11
8
9
7
7
7
4
4
6
6
8
7
9
7
4
6
4
2
1
-2
-1
-1
-3
-2
0
1
2
3
2
0
0
3
3
2
4
6
6
5
7
7
6
7
7
6
5
6
6
4
4
3
2
3
5
3
3
0
-1
-1
-6
-7
-8
-10
-9
-11
-12
-13
-13
-12
-14
-15
-14
-15
-16
-17
-16
-16
-16
-15
-14
-16
-17
-14
-12
-12
-13
-11
-8
-10
-9
-7
-7
-7
-5
-3
-6
-4
-3
-4
-4
-4
-2
-3
-3
-4
-1
-2
0
1
1
2
2
2
2
2
3
2
3
2
3
1
-1
-1
-1
-1
-2
-2
-2
0
2
2
1
1
2
3
2
4
3
4
4
5
5
5
4
4
5
6
8
6
8
9
10
9
8
9
9
7
7
7
8
6
4
6
6
5
7
9
8
8
8
10
8
8
7
8
8
7
10
10
11
9
8
7
8
8
7
11
11
11
10
8
8
7
7
6
5
6
6
4
4
5
4
4
4
2
3
6
3
3
4
3
1
0
0
0
-3
-5
-5
-6
-6
-6
-7
-7
-9
-9
-11
-10
-14
-16
-15
-18
-19
-18
-21
-19
-19
-20
-20
-22
-23
-20
-21
-23
-22
-22
-21
-20
-19
-18
-16
-15
-12
-10
-11
-10
-11
-10
-9
-7
-8
-6
-5
-4
-5
-1
-1
-2
0
-1
0
0
1
1
1
2
4
4
3
6
6
6
7
9
7
8
9
10
9
10
11
11
13
12
13
12
14
12
12
12
10
11
10
10
10
10
9
10
9
10
11
9
10
9
9
11
10
10
10
10
9
9
8
7
7
6
5
5
3
3
3
3
4
5
4
5
6
4
3
3
3
2
1
1
2
2
2
2
3
2
2
2
1
1
-1
0
-2
-2
-1
-1
-1
-3
-1
-2
-1
-3
-3
-4
-5
-5
-2
-2
-1
0
0
-1
-2
-4
-4
-5
-5
-3
-4
-5
-3
-2
-3
-5
-5
-2
-3
-2
-3
-4
-4
-5
-6
-5
-6
-6
-7
-8
-9
-11
-10
-12
-13
-14
-13
-13
-13
-12
-11
-10
-10
-11
-11
-13
-14
-12
-12
-11
-10
-10
-11
-9
-9
-9
-7
-7
-7
-7
-7
-5
-5
-6
-3
-2
-2
0
-1
1
1
2
2
4
5
5
5
5
5
7
7
8
8
10
9
8
8
6
7
4
4
4
4
5
6
5
5
6
4
5
5
6
8
7
8
9
8
9
9
12
12
13
13
12
12
11
11
12
12
12
14
13
14
15
15
15
13
12
10
8
8
7
7
6
6
6
6
6
5
5
2
3
3
3
3
2
2
0
-1
-1
-1
-1
0
0
0
-2
-2
1
-1
-3
-3
-3
-1
-2
1
0
1
-1
0
0
0
-1
0
-1
-3
-2
-3
-5
-6
-8
-8
-10
-8
-9
-12
-14
-13
-13
-15
-16
-17
-18
-18
-19
-19
-21
-21
-21
-21
-21
-22
-23
-23
-23
-24
-23
-24
-23
-23
-21
-20
-20
-19
-13
-13
-14
-11
-10
-7
-8
-6
-4
-1
2
5
6
7
7
7
8
7
8
8
10
9
8
11
10
11
12
13
13
15
14
14
11
8
11
11
13
13
13
15
14
14
12
14
11
11
14
15
15
14
14
13
13
11
13
13
12
13
13
15
12
12
11
13
12
11
10
8
9
10
9
8
6
4
5
5
3
3
3
0
0
-1
-3
-2
-3
-1
0
-1
-1
1
0
0
1
1
1
3
4
4
4
1
2
0
0
0
-1
-1
-1
-1
1
0
-1
-5
-7
-6
-6
-6
-7
-5
-4
-4
-5
-3
-5
-5
-3
-4
-3
-5
-3
-4
-4
-4
-6
-6
-7
-8
-10
-11
-13
-12
-13
-15
-16
-17
-17
-19
-17
-16
-15
-16
-15
-17
-18
-17
-17
-16
-16
-17
-14
-16
-16
-15
-16
-16
-15
-15
-14
-14
-11
-10
-10
-10
-10
-11
-11
-11
-10
-10
-10
-9
-7
-5
-4
-3
-1
4
6
8
10
10
13
14
14
14
17
16
20
20
20
23
23
24
23
24
23
23
23
23
25
23
24
25
22
23
20
20
18
18
20
20
18
17
17
16
16
15
14
14
14
14
13
10
9
7
7
5
4
2
2
0
-2
-2
-3
-4
-5
-4
-5
-5
-5
-4
-3
-4
-5
-5
-4
-4
-2
-4
-5
-1
-2
-3
-2
-1
-3
-2
-4
-3
-4
-6
-6
-9
-10
-11
-13
-14
-15
-16
-17
-12
-14
-14
-13
-13
-11
-10
-11
-11
-11
-10
-10
-9
-8
-8
-6
-4
-6
-7
-7
-8
-5
-4
-6
-5
-3
-2
-1
-4
-6
-6
-6
-5
-8
-10
-10
-10
-9
-10
-10
-6
-7
-8
-6
-7
-10
-9
-9
-10
-10
-11
-11
-12
-13
-12
-12
-12
-10
-12
-11
-9
-9
-8
-8
-7
-6
-4
-3
-2
-1
2
3
5
6
5
7
11
12
12
13
15
18
20
20
20
22
23
24
24
23
25
24
23
23
22
21
21
20
20
18
16
16
14
12
9
8
10
10
12
8
9
9
9
8
8
10
9
9
9
7
7
7
8
8
8
9
8
7
7
7
2
2
3
2
2
2
2
-1
-1
-2
-2
-2
-3
-3
-3
-2
-2
-3
-2
-3
-3
-5
-7
-8
-10
-13
-14
-14
-15
-16
-16
-17
-17
-18
-18
-20
-22
-20
-22
-23
-24
-22
-21
-20
-18
-18
-17
-16
-14
-13
-10
-9
-8
-7
-4
-2
-3
-2
0
-1
-1
-4
-3
-4
-4
-3
-2
-4
-3
-3
-3
-2
-4
-3
-3
-3
-3
-3
-3
-3
-3
-1
-1
-3
-3
-3
-5
-5
-5
-3
-3
-3
-4
-4
-4
-4
-3
-3
-2
-1
-3
-3
-1
-2
-1
-1
1
1
4
4
5
7
10
10
14
15
16
16
18
20
19
21
20
20
21
20
22
22
20
19
18
17
17
14
15
14
12
11
11
10
8
7
9
7
5
3
3
2
0
0
0
0
1
2
3
4
4
4
6
6
6
7
7
7
7
7
7
5
9
7
8
8
10
6
4
5
2
2
0
1
-1
-3
-4
-5
-8
-9
-9
-11
-10
-10
-9
-7
-9
-11
-12
-14
-13
-15
-14
-15
-15
-14
-14
-16
-16
-17
-19
-21
-21
-20
-18
-20
-19
-19
-17
-18
-17
-14
-12
-10
-8
-8
-8
-8
-8
-5
-7
-5
-2
-2
-1
-2
-3
-3
-5
-5
-4
-5
-6
-4
-4
-1
-3
-3
-4
-6
-7
-6
-7
-7
-4
-3
-2
-1
2
1
3
3
7
6
7
9
8
8
7
6
5
8
6
5
7
8
9
9
5
6
8
7
9
8
10
13
14
15
16
16
16
15
15
13
13
13
13
13
11
13
13
12
12
13
9
9
10
7
5
6
5
6
6
8
8
8
8
7
8
7
7
6
9
8
8
6
8
9
7
6
7
4
3
2
1
1
-1
-1
-1
-2
-2
-1
-2
-3
-2
-5
-5
-6
-7
-8
-8
-8
-8
-5
-6
-7
-8
-8
-7
-10
-10
-10
-11
-14
-12
-12
-12
-13
-10
-10
-12
-10
-10
-12
-13
-11
-10
-11
-11
-10
-10
-11
-10
-10
-10
-9
-13
-12
-11
-12
-12
-13
-13
-14
-13
-10
-13
-13
-11
-10
-7
-6
-5
-7
-4
-3
-6
-4
-2
0
-2
0
0
2
0
1
1
0
0
1
2
1
2
2
2
2
3
3
4
3
5
5
5
6
6
7
6
7
6
6
8
8
7
9
7
7
7
5
8
7
7
7
8
9
9
9
10
10
12
12
13
13
11
13
14
14
17
17
15
15
15
15
16
15
14
15
13
14
13
13
13
11
11
10
10
8
7
4
4
4
3
3
1
2
2
1
2
0
0
0
-1
2
-1
0
0
-1
-2
-2
-3
-4
-4
-6
-5
-5
-5
-5
-6
-7
-5
-6
-8
-10
-10
-11
-9
-8
-8
-10
-13
-14
-15
-17
-18
-18
-20
-21
-20
-21
-21
-20
-21
-19
-20
-20
-17
-19
-17
-18
-15
-15
-14
-15
-12
-10
-10
-6
-7
-6
-6
-6
-6
-7
-6
-4
-3
-1
-1
-1
1
0
-1
-3
-5
-3
-3
-4
-1
0
1
1
3
3
5
5
4
3
4
4
3
4
6
7
7
8
10
9
9
8
7
7
9
13
13
18
18
19
20
20
20
20
18
19
17
17
18
15
16
17
18
15
14
13
11
12
10
8
6
5
5
4
4
3
2
1
0
2
-1
-1
-1
-1
-2
-3
-1
-1
-1
-1
-1
-2
-2
-4
-2
-2
-3
-2
-1
-1
-1
-3
-1
0
0
0
1
1
0
3
2
1
1
4
3
3
5
3
3
2
3
2
0
0
0
-3
-4
-2
-3
-4
-7
-7
-8
-10
-11
-12
-12
-14
-15
-14
-14
-13
-15
-14
-11
-10
-11
-10
-11
-11
-13
-13
-12
-12
-12
-11
-8
-8
-7
-7
-7
-7
-9
-8
-6
-7
-7
-5
-5
-5
-5
-7
-7
-8
-7
-8
-6
-5
-5
-5
-5
-4
-4
-1
-2
-1
1
0
1
1
1
1
1
1
2
2
4
5
4
5
4
4
7
5
6
7
8
9
10
11
13
12
13
14
13
13
13
14
15
15
17
18
16
14
13
14
12
11
11
9
9
9
6
8
7
8
7
8
7
5
4
4
4
2
3
3
3
4
2
3
3
4
4
3
2
2
3
3
3
5
4
5
6
5
4
5
6
4
5
6
4
5
4
2
2
1
0
-1
-2
-2
-2
-4
-5
-4
-4
-6
-7
-7
-8
-7
-8
-8
-9
-9
-11
-13
-13
-14
-17
-18
-18
-18
-19
-18
-17
-18
-19
-20
-19
-18
-20
-19
-17
-15
-15
-15
-16
-15
-15
-14
-14
-13
-11
-10
-10
-9
-7
-7
-4
-2
0
3
4
5
5
4
2
2
2
5
5
6
7
7
10
8
7
8
5
5
5
5
3
3
5
5
5
3
3
4
3
4
4
3
4
3
3
4
4
6
5
4
6
6
5
6
7
8
9
8
7
8
7
9
9
10
11
12
12
13
13
14
11
13
14
13
13
13
13
11
12
11
11
10
10
11
12
10
9
9
9
8
7
6
5
5
6
6
4
4
3
2
2
0
0
1
-1
-2
-2
-3
-4
-6
-8
-9
-10
-12
-13
-13
-14
-16
-14
-14
-16
-14
-13
-12
-12
-12
-11
-11
-12
-13
-14
-12
-13
-13
-14
-11
-10
-8
-8
-8
-8
-7
-6
-5
-3
-2
-1
0
1
2
2
4
5
3
3
4
3
1
2
1
1
1
0
0
-1
0
0
-1
-3
-4
-5
-10
-11
-11
-11
-11
-11
-10
-11
-12
-12
-12
-14
-15
-16
-18
-17
-17
-18
-17
-18
-16
-14
-16
-12
-12
-11
-9
-8
-4
-3
-1
2
3
6
9
13
14
15
16
17
19
24
28
31
36
38
39
41
45
45
47
49
49
48
48
49
47
44
42
42
39
37
34
30
26
22
20
16
12
9
6
3
2
1
-1
-4
-3
-7
-8
-9
-8
-7
-9
-5
-2
0
3
4
7
10
14
15
19
22
24
26
28
29
31
33
33
35
37
39
40
42
43
45
45
46
50
51
50
53
54
53
52
51
48
44
40
35
27
16
7
-6
-21
-37
-57
-79
-99
-122
-143
-168
-194
-217
-243
-267
-290
-313
-333
-349
-365
-377
-386
-393
-398
-396
-391
-383
-371
-354
-332
-309
-283
-251
-219
-186
-151
-116
-78
-41
-4
39
79
116
156
197
233
271
306
339
374
404
433
463
487
508
527
542
555
564
568
569
565
559
547
529
506
480
446
408
364
315
262
202
137
73
2
-66
-137
-207
-271
-338
-397
-454
-506
-551
-591
-624
-648
-667
-676
-677
-666
-650
-628
-596
-559
-512
-462
-410
-353
-290
-226
-161
-95
-27
36
98
161
220
271
320
366
404
441
469
495
517
533
546
555
558
562
561
558
553
545
535
524
512
497
479
461
438
411
379
343
302
254
207
150
93
35
-26
-87
-148
-207
-267
-328
-382
-435
-483
-527
-564
-597
-624
-641
-652
-656
-652
-640
-623
-601
-571
-540
-501
-456
-413
-365
-312
-260
-210
-160
-113
-69
-30
3
32
51
68
76
78
75
70
59
44
30
12
-6
-22
-34
-44
-49
-50
-42
-30
-10
18
46
85
129
177
229
283
344
400
459
516
561
605
639
663
672
669
654
624
581
529
466
396
318
237
156
72
-11
-94
-177
-258
-331
-400
-460
-511
-557
-586
-608
-625
-628
-626
-615
-596
-571
-536
-500
-455
-402
-347
-293
-234
-176
-120
-68
-20
20
55
80
99
118
126
133
135
135
132
125
118
110
103
93
89
89
93
105
121
147
178
213
255
298
342
385
429
473
521
569
619
668
711
748
773
783
781
761
720
667
597
519
432
342
250
156
68
-21
-108
-200
-288
-377
-462
-544
-617
-682
-735
-777
-810
-831
-844
-851
-853
-849
-838
-816
-788
-749
-699
-640
-570
-498
-425
-355
-290
-234
-184
-142
-108
-74
-42
-11
22
52
78
100
115
122
124
118
114
110
110
118
132
158
188
222
257
289
318
341
364
391
416
448
487
533
583
629
665
693
702
689
653
600
529
446
357
270
190
111
36
-37
-107
-183
-260
-340
-416
-486
-549
-603
-641
-663
-670
-669
-659
-642
-622
-598
-572
-545
-510
-467
-415
-353
-284
-211
-135
-62
3
58
103
139
165
183
192
199
205
203
197
185
166
138
109
75
45
18
5
4
10
35
68
110
152
193
229
266
300
343
397
462
544
632
728
814
892
952
983
984
956
900
822
738
646
557
463
374
282
178
68
-46
-165
-297
-420
-538
-647
-737
-802
-851
-884
-895
-899
-899
-901
-891
-879
-868
-851
-827
-780
-727
-667
-589
-507
-425
-349
-287
-233
-195
-173
-150
-134
-125
-110
-90
-67
-45
-33
-27
-30
-48
-53
-55
-55
-44
-19
21
66
118
175
226
257
303
347
382
436
504
598
706
814
907
981
1034
1056
1046
1001
936
850
749
648
542
451
362
268
170
64
-51
-173
-304
-423
-512
-593
-656
-692
-703
-701
-703
-694
-687
-692
-712
-729
-732
-724
-706
-672
-606
-522
-450
-392
-315
-250
-209
-191
-162
-126
-91
-51
-15
18
46
71
79
84
73
35
12
-19
-45
-45
-37
-16
25
105
197
280
336
393
437
468
506
547
625
724
854
998
1132
1239
1326
1376
1365
1310
1217
1107
993
856
718
582
458
336
204
81
-46
-188
-358
-503
-635
-762
-867
-924
-935
-971
-993
-997
-1008
-1046
-1068
-1060
-1040
-1020
-999
-928
-836
-737
-637
-548
-446
-354
-289
-242
-201
-166
-134
-97
-37
18
54
81
70
61
33
-23
-101
-203
-279
-274
-242
-192
-100
40
221
329
371
413
428
442
474
506
554
669
854
1126
1348
1481
1578
1591
1534
1405
1186
918
673
444
259
112
-8
-159
-374
-591
-850
-1142
-1423
-1676
-1907
-2025
-2001
-1897
-1747
-1559
-1330
-1110
-920
-787
-686
-523
-258
50
342
637
932
1200
1408
1523
1531
1438
1327
1223
1060
893
738
557
391
170
-83
-369
-694
-996
-1266
-1507
-1682
-1756
-1755
-1667
-1471
-1124
-714
-203
583
1334
1662
1702
1812
1950
1992
2027
2103
2052
1990
2204
2410
2291
1908
1385
784
175
-499
-1264
-1929
-2339
-2536
-2623
-2561
-2432
-2363
-2326
-2246
-2112
-1911
-1563
-1055
-414
354
1084
1647
2011
2210
2333
2279
2047
1819
1640
1553
1601
1607
1384
936
431
-40
-506
-968
-1385
-1712
-1854
-1829
-1772
-1785
-1841
-1893
-1934
-1928
-1899
-1839
-1694
-1463
-1173
-880
-629
-445
-265
-21
268
581
981
1499
2224
3158
3749
3618
3211
2893
2497
2067
1852
1613
1139
874
954
746
37
-786
-1507
-2118
-2568
-2860
-3026
-2991
-2788
-2581
-2304
-1926
-1650
-1385
-993
-589
-184
309
764
1108
1364
1536
1576
1431
1302
1306
1268
1112
859
517
166
-185
-447
-561
-575
-563
-598
-557
-459
-584
-831
-996
-1077
-1083
-1089
-1041
-863
-747
-752
-794
-848
-916
-958
-849
-521
85
908
1726
3072
5078
5902
4696
3225
2577
1991
1265
1314
1603
828
31
187
-117
-1499
-2681
-2866
-2420
-1991
-1783
-1708
-1646
-1605
-1734
-1632
-1036
-563
-167
421
602
344
179
182
221
322
689
1234
1556
1748
1802
1398
749
113
-272
-232
-4
312
494
334
141
-119
-445
-587
-789
-934
-851
-962
-1360
-1881
-2436
-2744
-2728
-2483
-2041
-1595
-1206
-805
-328
345
1128
2208
4238
6297
6338
4581
3011
2072
961
239
642
572
-602
-809
-137
-773
-2307
-2845
-2326
-1799
-1517
-1235
-1152
-1393
-1625
-1633
-1324
-966
-858
-617
-266
-347
-656
-704
-503
-276
31
696
1366
1548
1492
1294
878
544
451
486
576
716
909
965
752
396
111
8
-147
-446
-714
-980
-1281
-1657
-2007
-2137
-2230
-2188
-1861
-1466
-1114
-880
-657
-295
143
736
1471
2962
5612
7186
5979
3752
2246
1133
204
341
1008
312
-737
-333
-181
-1532
-2589
-2215
-1231
-521
-222
-342
-910
-1574
-1999
-1966
-1470
-1003
-638
-201
-218
-812
-1174
-954
-545
-27
777
1510
1782
1630
1300
1249
1322
1069
636
240
132
244
224
259
277
268
578
700
308
-299
-817
-938
-993
-1337
-1719
-1978
-2153
-2242
-2154
-1946
-1701
-1266
-673
78
907
1750
3607
6299
7141
5210
2864
1665
705
30
871
1406
-164
-1278
-721
-783
-1850
-2052
-1062
-238
-120
-415
-1245
-2276
-2679
-2504
-2005
-1395
-1180
-1268
-1502
-2120
-2638
-2236
-1186
-242
541
1258
1481
1163
867
824
902
1069
1220
1076
597
127
-9
115
396
825
1233
1397
958
-142
-1066
-1363
-1391
-1334
-1400
-1688
-1904
-2128
-2401
-2336
-1989
-1546
-850
-10
827
1352
2197
5024
8022
7511
4570
2428
1205
78
90
1442
1038
-1341
-1790
-868
-1531
-2289
-1303
113
630
401
-201
-1202
-2135
-2355
-1952
-1353
-957
-985
-1226
-1643
-2358
-2553
-1504
-133
615
1197
1682
1495
1013
938
1455
1992
1762
1009
75
-795
-956
-438
424
1112
1224
1368
1508
899
-130
-820
-1008
-993
-1250
-1776
-2214
-2513
-2693
-2480
-1902
-1281
-668
58
988
1818
3390
6790
9069
7375
4139
1895
329
-402
689
2032
637
-1700
-1726
-1494
-2417
-1945
-110
905
920
460
-584
-1976
-2843
-2764
-2281
-1763
-1285
-1380
-2061
-2935
-3707
-3451
-1884
-268
684
1160
1156
674
235
415
821
928
874
613
97
-366
-537
-203
395
909
1329
1342
929
239
-685
-1204
-1269
-1383
-1546
-2028
-2638
-2854
-2695
-2058
-1231
-716
-483
-448
-116
615
1338
3818
8278
10226
7628
3873
1288
-715
-1364
811
2439
18
-2272
-1586
-1642
-2582
-1244
1117
2041
1877
1298
-3
-1734
-2655
-2599
-2364
-1820
-1226
-1530
-2405
-3380
-4115
-3266
-1016
686
1415
1645
1338
723
366
619
1246
1707
1657
784
-763
-1872
-1711
-611
844
2197
2599
1984
1109
-15
-962
-1036
-811
-897
-1471
-2457
-3192
-3399
-3059
-2061
-1039
-407
126
596
852
1612
4577
8888
10394
7647
3646
655
-1286
-1196
1255
2212
-144
-1802
-1478
-1669
-1669
51
2046
2798
2478
1589
67
-1679
-2552
-2556
-2316
-1753
-1400
-1929
-2833
-3678
-3973
-2781
-757
661
1307
1280
715
250
90
313
1010
1361
692
-640
-1997
-2456
-1599
-79
1428
2209
1969
1522
865
-491
-1637
-1982
-1886
-1739
-2205
-3290
-4009
-3888
-3025
-1825
-1017
-634
-58
650
1288
3353
7392
10090
8555
4386
720
-1548
-2135
46
2274
703
-1859
-2114
-2069
-2305
-784
1717
3058
3116
2543
1040
-1151
-2444
-2490
-2431
-2063
-1261
-1421
-2493
-3447
-3893
-3051
-887
944
1635
1661
1333
838
564
593
630
504
202
-222
-794
-1271
-874
403
1696
2559
2693
2154
1421
426
-569
-1212
-1842
-2347
-2535
-2954
-3488
-3515
-2692
-1384
-553
-471
-659
-905
-820
-385
514
4169
9984
12279
8747
3199
-1124
-3480
-2716
1314
3224
117
-2319
-1870
-2074
-1900
728
3457
4285
3781
2585
330
-1964
-2752
-2754
-2675
-1715
-668
-1129
-2473
-3584
-3859
-2262
503
2028
2141
1847
1127
370
240
569
956
828
18
-1140
-2375
-2597
-1128
829
2376
3203
2789
1752
702
-532
-1453
-1765
-1991
-2476
-3356
-4265
-4498
-4030
-3071
-1691
-698
-579
-444
-211
587
4177
9303
11410
8783
3640
-1030
-3765
-3400
25
1863
-341
-2468
-2567
-2478
-1581
908
3149
3962
3705
2629
705
-1526
-3059
-3615
-3218
-1782
-816
-1505
-2694
-3489
-3458
-1786
557
1839
1986
1446
632
134
134
272
274
181
-150
-935
-1825
-1957
-937
808
2723
3686
2777
1331
379
-451
-1051
-1615
-2370
-2897
-3392
-3933
-4230
-4083
-3059
-1556
-592
-359
-478
-686
-186
2922
8344
11812
10283
5350
253
-3320
-3945
-591
2844
1690
-1149
-1926
-2113
-1846
177
2501
3693
3818
3011
1496
-562
-2310
-2818
-2528
-1472
-103
-348
-1821
-2817
-3097
-1751
898
2286
2146
1642
930
540
744
1109
1215
647
-83
-510
-1122
-1502
-762
826
2522
3642
3431
1976
337
-878
-1412
-1364
-1550
-2279
-3372
-4514
-4914
-4409
-3322
-1814
-764
-708
-1233
-1884
-2169
-591
4425
10415
12169
8618
2997
-2048
-4865
-3491
784
2299
-222
-2247
-2618
-2709
-1603
587
2380
3154
2873
1889
250
-1805
-3109
-3278
-2490
-928
-220
-1117
-2318
-3123
-2797
-586
1596
1935
1326
739
363
390
730
1017
741
61
-283
-490
-1051
-1290
-290
1548
3138
3797
2916
975
-591
-1338
-1476
-1362
-1752
-2549
-3391
-4220
-4258
-3313
-2156
-1175
-805
-1201
-1604
-1838
-1196
2541
8520
12038
10332
4980
-710
-4390
-4393
-606
2387
871
-1961
-2804
-2655
-1729
386
2296
3143
2997
1958
500
-1033
-2314
-2742
-2269
-1075
-87
-582
-1958
-2933
-2874
-1044
1491
2415
1821
1023
437
302
679
1148
1404
1168
514
-263
-1000
-1139
-41
1866
3581
4305
3543
1877
232
-917
-1381
-1558
-1917
-2416
-3008
-3574
-3824
-3385
-2422
-1482
-889
-854
-1171
-1322
-1130
1069
6495
11360
11150
6372
635
-3444
-4603
-1893
2009
1921
-1040
-2532
-2622
-2038
-164
1901
2984
2792
1601
170
-1302
-2684
-3203
-2742
-1619
-432
-721
-2128
-3003
-3081
-1846
435
1452
950
328
-9
122
467
763
1107
937
107
-685
-1013
-564
522
1785
2772
3120
2669
1611
539
-410
-1330
-1769
-1960
-2346
-2686
-2988
-3003
-2557
-1859
-1101
-884
-1432
-2277
-2925
-2893
-1647
2362
8599
12177
10101
4470
-1053
-4024
-3539
119
2972
1187
-1962
-2820
-2634
-1588
689
2479
2978
2342
985
-421
-1885
-2958
-2795
-2050
-1071
-320
-1255
-2813
-3234
-2774
-1005
1266
1680
922
455
370
793
1172
1149
1298
1150
295
-758
-1748
-1882
-339
1918
3631
4130
3035
1498
569
-14
-376
-861
-1712
-2375
-2856
-3258
-3088
-2444
-1706
-1013
-657
-928
-1594
-2094
-1804
673
5984
11064
11371
6471
282
-3686
-4264
-1418
2150
2177
-765
-2647
-2450
-1321
348
2116
3159
2972
1705
62
-1551
-3019
-3572
-2817
-1410
-234
-372
-1845
-2980
-2774
-1319
816
1865
1225
366
8
87
545
828
888
867
357
-514
-1007
-687
404
1844
2860
3141
2718
1807
1153
666
-350
-1322
-2002
-2582
-2730
-2583
-2340
-1861
-1346
-1053
-1146
-1730
-2660
-3308
-3208
-2291
1085
7215
11741
10693
5238
-589
-3986
-3958
-248
3389
1776
-2168
-3466
-3179
-2053
534
2475
2754
2045
903
-186
-1568
-2963
-3265
-2788
-1681
-434
-929
-2553
-3386
-3201
-1572
831
1420
495
40
252
831
1399
1412
1191
711
-152
-848
-1480
-1583
-165
1997
3420
3546
2530
1477
942
588
346
-317
-1529
-2556
-2976
-2826
-2280
-1741
-1224
-726
-617
-1125
-1905
-2649
-2861
-2388
-217
5316
11237
12141
7743
1460
-3513
-4957
-2215
2182
2885
-634
-3224
-3380
-2454
-9
2768
3809
3402
2200
552
-1047
-2596
-3609
-3417
-2223
-702
-362
-1764
-3136
-3257
-1910
739
2372
1775
912
605
472
586
673
714
780
395
-398
-1081
-1162
-194
1385
2731
3539
3623
3010
2181
1030
-342
-1157
-1550
-1833
-2071
-2507
-2609
-2236
-1876
-1376
-931
-1084
-1539
-1933
-2003
-1498
820
6257
11580
11767
6861
580
-4242
-5642
-2630
1755
2106
-1036
-3334
-3643
-2434
205
2775
3884
3359
2034
409
-1699
-3700
-4705
-4336
-2640
-866
-898
-2474
-3869
-3938
-2270
387
1807
1522
784
126
-66
37
-97
12
115
-192
-603
-1148
-1041
51
1320
2735
3624
3401
2762
1899
729
-604
-1701
-2157
-2127
-2040
-2087
-2224
-2264
-2152
-1712
-1045
-740
-1031
-1564
-1727
-1330
790
5897
11127
11798
7378
1047
-3971
-5588
-2880
1497
2349
-450
-2691
-3097
-2112
339
2912
4154
3867
2618
968
-1219
-3485
-4520
-4010
-2348
-585
-642
-2346
-3756
-3801
-2115
562
2130
2145
1607
879
356
245
133
293
471
211
-367
-1269
-1355
2
1714
3168
3895
3596
2803
1819
873
-306
-1437
-1864
-1905
-1890
-2032
-2428
-2577
-2307
-1599
-547
-51
-398
-1248
-1764
-1434
454
5165
10891
12756
8839
2115
-3596
-6039
-4107
687
2876
471
-2494
-3356
-2497
25
3008
4601
4466
3142
1212
-1154
-3772
-5242
-4761
-3047
-1173
-946
-2809
-4523
-4457
-2610
313
2329
2387
1525
518
-167
-177
-188
-160
142
-118
-979
-2015
-2618
-1274
1450
3671
4579
3909
2480
1390
586
-216
-1276
-2350
-2738
-2627
-2697
-3075
-3380
-3057
-1844
-266
688
296
-1117
-2288
-2312
-879
3222
9296
12758
10246
3530
-3028
-6350
-5321
-729
2916
1892
-1322
-3188
-2985
-660
2567
4616
4843
3545
1377
-1028
-3382
-4968
-4936
-3410
-1313
-488
-1962
-3905
-4193
-2693
150
2752
3242
2273
1049
34
-264
-223
3
562
570
-189
-1258
-1994
-1134
1050
3172
4558
4698
3639
2108
681
-515
-1412
-1773
-1831
-2053
-2539
-3140
-3457
-3075
-1989
-464
569
505
-258
-1096
-1512
-1178
1290
6788
12019
12202
7006
-88
-5440
-6570
-2776
2177
3067
139
-2655
-3230
-1401
1823
4364
5063
4133
2306
77
-2347
-4469
-5262
-4443
-2507
-1002
-1569
-3330
-4238
-3363
-708
2264
3354
2513
1116
-53
-602
-697
-761
-466
-127
-406
-1168
-2075
-1751
587
3166
4706
4851
3536
1977
862
-24
-919
-2062
-2774
-2748
-2681
-2805
-3027
-3089
-2374
-889
578
1085
292
-1136
-1972
-1935
-703
3464
9345
11996
9014
2672
-3493
-6897
-5695
-434
3305
1753
-1643
-3306
-2813
-88
3227
4832
4506
2856
688
-1541
-3827
-5324
-5336
-4020
-1976
-1200
-2485
-3724
-3618
-2104
662
2814
2862
1733
587
-111
-386
-731
-878
-483
-230
-328
-711
-1402
-906
1445
3928
5322
5005
3099
1247
145
-507
-1071
-2095
-2807
-2769
-2748
-2609
-2277
-2074
-1211
261
1180
1184
321
-911
-1529
-1468
41
4601
9851
11248
7759
1743
-3592
-5844
-3720
1241
3580
1269
-1527
-2381
-1442
1438
4442
5282
4185
2188
39
-1984
-3932
-5237
-5222
-3854
-2069
-1482
-2300
-2958
-2479
-823
1543
2988
2561
1435
505
-460
-1262
-1563
-1312
-588
-118
-295
-778
-1296
-596
1919
4278
5094
4347
2439
581
-653
-1392
-1880
-2683
-3223
-3049
-2785
-2472
-2100
-1804
-1032
131
940
952
95
-1273
-2073
-1780
-281
3590
8714
10729
7835
2257
-2912
-5191
-3588
814
3380
1224
-1708
-2202
-1252
1322
4156
4606
3496
1917
-133
-2045
-4092
-5789
-5726
-4362
-2475
-1222
-1769
-2555
-2174
-1035
1012
2664
2491
1692
690
-794
-1738
-1977
-1617
-538
237
172
-465
-1054
-294
1834
3702
4544
4209
2744
843
-806
-2095
-3147
-3678
-3442
-2838
-2270
-1910
-1891
-1870
-1393
-377
701
974
345
-589
-1388
-1703
-1038
1975
7097
10410
8880
3922
-1427
-4636
-3836
438
3479
2156
-542
-1278
-230
1902
3909
4342
3221
1469
-155
-1764
-3598
-5115
-5564
-4392
-2001
-313
-308
-1123
-1577
-921
888
2630
2918
1831
289
-1111
-1901
-1854
-1145
-36
800
758
98
-541
-444
1234
3751
5121
4666
2728
216
-1671
-2698
-2846
-2665
-2899
-2836
-2300
-1852
-1412
-1253
-1125
-307
605
942
692
-372
-1637
-2304
-2419
-544
4415
9267
10265
6901
1312
-3228
-4584
-2096
1884
2633
482
-831
-810
555
2811
3614
2732
1269
-404
-1720
-3082
-4860
-5913
-5437
-3474
-1132
-345
-1022
-1735
-1677
-216
1957
2841
2021
462
-1119
-1970
-1881
-1239
-165
898
1103
574
-138
-554
224
2246
4211
5011
4036
1520
-1208
-3107
-3621
-2886
-2243
-2021
-1708
-1606
-1563
-1458
-1536
-1061
33
907
1259
581
-1152
-2775
-3611
-2976
632
6399
10452
9909
5411
-132
-4077
-4529
-1143
2327
2267
497
-402
-435
510
1877
2195
1476
380
-802
-1952
-3284
-4579
-4894
-3764
-1716
-76
98
-671
-1127
-672
715
2086
2173
1180
-92
-1120
-1275
-589
363
1342
1776
1261
301
-336
-316
576
2430
4168
4483
2959
152
-2363
-3435
-3036
-1662
-793
-895
-1237
-1662
-1832
-1542
-1164
-429
504
824
447
-499
-1826
-2697
-2734
-1360
2915
8245
10539
8537
3690
-1425
-4069
-3051
531
2740
1863
626
199
196
1085
1710
1263
656
-125
-1096
-1979
-3241
-4405
-4401
-3122
-1221
-215
-501
-971
-1145
-643
547
1115
674
-121
-890
-1196
-1009
-611
-52
584
856
388
-448
-800
-368
844
2634
3777
3262
1266
-1192
-2874
-3266
-2444
-1043
-599
-1104
-1525
-1899
-1958
-1522
-1007
-285
291
286
34
-766
-1975
-2569
-2296
-492
3744
8222
9654
7383
2772
-1690
-3565
-2040
1265
2934
2037
683
-319
-646
30
525
511
392
-134
-825
-1738
-3117
-4123
-3935
-2528
-813
-54
-243
-888
-1534
-1245
-132
722
922
615
110
-364
-572
-202
523
1109
1195
599
-108
-319
-13
910
2151
3159
3301
2086
190
-1445
-2348
-2121
-1257
-683
-670
-1026
-1395
-1585
-1532
-1280
-814
-163
274
292
-251
-1324
-1947
-1791
-375
3450
7766
9134
6904
2677
-1121
-2790
-1481
1705
3055
1847
471
-470
-949
-490
163
500
554
233
-491
-1579
-2706
-3287
-2959
-1687
-300
56
-562
-1409
-1880
-1473
-233
870
1143
841
225
-394
-507
-217
326
976
1165
758
71
-561
-631
-92
863
1960
2467
1989
671
-1083
-2499
-2863
-2231
-1284
-586
-610
-1434
-2334
-2637
-2118
-1115
-354
-48
-132
-654
-1274
-1653
-1873
-1321
1383
5608
8249
7543
4228
211
-2262
-1830
878
2725
1873
178
-987
-1456
-749
223
540
555
205
-281
-786
-1673
-2541
-2838
-2409
-1372
-654
-770
-1236
-1578
-1307
-325
641
1033
971
569
76
-217
-169
194
772
1125
875
198
-577
-1015
-568
632
2033
2855
2371
978
-618
-1920
-2237
-1662
-855
-205
-253
-929
-1692
-2157
-1910
-1037
-183
343
381
-63
-672
-1087
-1250
-790
1527
5223
7790
7656
5051
1449
-1186
-1564
337
2072
1769
701
-255
-985
-737
-123
142
411
357
20
-327
-1076
-2132
-2753
-2571
-1732
-929
-632
-806
-1210
-1261
-630
275
819
814
539
138
-170
-10
452
904
1010
486
-179
-715
-1040
-643
256
1173
1883
1784
881
-343
-1534
-1870
-1278
-596
-202
-487
-1472
-2307
-2614
-2358
-1687
-1151
-721
-286
-205
-556
-1109
-1620
-1418
599
4119
6873
6948
4470
1288
-680
-803
556
1424
533
-850
-1346
-901
118
670
524
345
115
-29
-164
-1038
-2262
-2881
-2699
-1764
-885
-631
-643
-650
-336
468
1068
1113
738
175
-103
36
405
822
1089
949
517
115
-144
-317
-247
219
965
1585
1649
1020
17
-800
-931
-563
-233
-192
-668
-1494
-2135
-2401
-2330
-1945
-1478
-978
-499
-306
-433
-650
-805
-660
-59
1379
3418
4568
4167
2860
1149
-226
-360
721
1762
1611
931
519
168
105
314
213
-11
-148
-222
-410
-1075
-1929
-2362
-2165
-1252
-263
176
198
-29
-131
84
257
224
100
81
330
640
821
792
574
395
268
25
-274
-499
-474
-118
322
519
434
131
-177
-321
-279
-133
-47
-253
-685
-1223
-1805
-2233
-2328
-2085
-1524
-877
-387
-168
-251
-398
-412
-70
1040
2693
3721
3650
2701
1319
307
224
967
1620
1555
1323
1041
549
237
-103
-517
-604
-584
-674
-923
-1585
-2275
-2408
-2039
-1371
-709
-402
-317
-181
-3
114
65
-87
-168
-94
232
623
691
601
536
396
257
59
-215
-300
-256
-42
381
593
556
410
147
-21
-58
15
209
213
-158
-772
-1471
-1915
-1963
-1749
-1336
-905
-568
-272
-114
-161
-315
-278
211
1222
2351
2896
2668
1951
1149
680
796
1292
1519
1372
1297
1071
553
82
-348
-699
-748
-632
-702
-1083
-1531
-1876
-2006
-1782
-1346
-933
-525
-161
116
203
52
-92
-96
71
449
754
865
803
584
346
92
-135
-238
-263
-142
42
168
335
438
376
253
140
107
211
278
160
-238
-818
-1338
-1610
-1623
-1485
-1307
-1059
-727
-444
-308
-302
-275
-70
267
730
1196
1469
1574
1569
1500
1415
1264
1146
1201
1339
1378
1236
974
649
289
54
-5
-126
-298
-442
-667
-977
-1179
-1223
-1155
-943
-596
-240
32
141
88
-15
-73
-35
79
296
515
486
290
88
-169
-328
-304
-243
-217
-117
72
160
136
103
-19
-162
-90
92
154
24
-290
-758
-1236
-1553
-1653
-1599
-1406
-1127
-890
-691
-499
-337
-215
-65
179
470
617
597
587
678
741
746
774
810
821
824
859
879
790
677
583
399
171
1
-141
-323
-481
-597
-666
-624
-491
-331
-168
15
174
258
262
212
103
-28
-64
31
156
226
195
69
-84
-193
-236
-203
-125
-51
10
34
17
-29
-58
12
174
296
331
235
-11
-361
-748
-973
-990
-904
-801
-740
-639
-397
-105
173
370
447
448
433
456
479
510
555
540
490
474
484
526
579
652
712
683
607
515
388
270
196
153
105
23
-53
-109
-172
-197
-135
33
287
483
526
392
160
-42
-116
-87
-44
-6
13
-36
-131
-222
-316
-395
-394
-323
-247
-190
-151
-149
-158
-118
-34
40
68
14
-131
-334
-602
-832
-949
-1025
-1078
-1086
-1034
-890
-665
-397
-151
-33
-25
-75
-153
-180
-171
-172
-135
-61
8
63
95
126
151
206
291
341
367
340
234
107
51
84
154
201
231
209
120
83
155
301
483
623
655
596
482
350
273
244
282
373
438
452
400
298
184
73
-25
-45
10
96
160
200
206
167
111
64
17
-55
-134
-220
-380
-562
-698
-824
-881
-860
-773
-603
-407
-199
-68
-50
-67
-98
-152
-196
-218
-225
-202
-154
-54
41
103
203
296
332
362
402
448
426
358
299
219
161
190
214
180
116
53
57
145
283
396
447
419
345
253
163
101
75
96
118
138
184
174
86
-24
-149
-223
-197
-93
59
178
228
233
164
74
28
-12
-39
-60
-147
-302
-493
-645
-707
-706
-596
-449
-315
-206
-141
-97
-90
-126
-162
-221
-281
-301
-327
-328
-294
-218
-99
3
45
49
15
18
105
186
204
167
60
-51
-104
-86
-25
-28
-71
-78
-59
-7
63
111
153
143
109
70
26
-36
-67
-29
40
121
175
167
91
3
-63
-83
-44
70
189
261
272
206
139
108
114
131
97
4
-90
-163
-226
-247
-218
-158
-77
8
64
93
104
105
92
61
44
13
-22
-42
-35
-18
28
117
197
232
249
245
234
257
290
287
231
164
114
79
56
80
106
127
158
158
164
183
152
103
69
32
-12
-90
-156
-166
-188
-207
-201
-201
-201
-205
-208
-208
-205
-223
-221
-207
-181
-140
-134
-133
-120
-118
-125
-155
-237
-289
-296
-277
-237
-210
-177
-150
-131
-80
-31
-6
35
68
74
82
92
94
108
137
164
185
213
252
306
359
412
439
426
386
350
293
236
194
182
173
159
162
182
207
224
243
231
173
96
34
-32
-111
-173
-225
-267
-284
-305
-328
-340
-346
-344
-322
-278
-238
-234
-278
-319
-349
-348
-314
-264
-224
-216
-245
-304
-361
-395
-387
-347
-288
-254
-257
-276
-262
-236
-201
-134
-65
-24
-14
4
21
50
85
136
191
241
290
325
369
434
498
528
516
487
449
421
407
407
400
389
409
429
455
493
554
591
559
497
402
291
198
120
65
58
37
-27
-89
-153
-219
-241
-231
-204
-155
-137
-152
-195
-284
-375
-410
-379
-311
-264
-274
-320
-379
-427
-436
-391
-327
-270
-242
-258
-273
-274
-272
-246
-209
-185
-163
-138
-110
-80
-66
-58
-44
-10
50
121
167
207
266
309
338
342
314
275
252
245
251
242
233
219
204
220
257
315
370
389
359
286
175
75
5
-14
5
12
-21
-87
-147
-163
-154
-128
-109
-72
-9
25
8
-67
-144
-191
-180
-125
-93
-91
-109
-129
-163
-171
-163
-167
-172
-172
-172
-180
-203
-217
-230
-236
-235
-233
-247
-248
-237
-233
-236
-256
-239
-196
-121
-44
27
69
79
82
78
62
41
35
53
89
106
97
82
77
93
139
204
265
324
358
345
285
203
142
129
157
191
180
119
58
37
50
63
73
104
155
184
172
148
104
53
29
5
-11
-27
-35
-44
-54
-64
-78
-97
-109
-104
-97
-86
-92
-89
-74
-68
-74
-88
-105
-120
-107
-81
-62
-71
-70
-19
52
127
187
203
206
208
185
161
141
134
144
172
172
131
59
25
37
61
77
94
118
130
114
59
-9
-81
-110
-112
-114
-143
-191
-251
-294
-298
-289
-252
-205
-165
-133
-113
-106
-110
-137
-159
-175
-186
-175
-161
-134
-112
-100
-101
-114
-117
-101
-61
-32
-19
9
43
58
65
63
44
17
1
-12
-34
-47
-57
-35
4
46
85
113
119
113
95
80
71
67
72
86
86
65
50
29
20
24
19
14
21
57
107
133
134
111
84
57
55
71
57
23
-22
-53
-48
-31
2
32
51
74
105
131
132
115
88
68
49
46
44
7
-35
-75
-114
-128
-128
-122
-126
-133
-121
-91
-56
-24
-6
-15
-35
-56
-81
-105
-108
-88
-57
-24
-3
11
34
71
94
109
129
131
116
99
103
122
136
151
153
127
103
84
76
95
135
194
248
266
245
188
137
118
115
108
86
41
-29
-84
-109
-109
-94
-91
-83
-62
-58
-52
-54
-73
-97
-113
-129
-157
-199
-253
-294
-301
-279
-265
-255
-254
-261
-256
-231
-173
-124
-81
-53
-73
-97
-113
-114
-101
-82
-57
-39
-35
-36
-35
-22
5
49
77
72
48
33
42
70
100
110
92
63
27
-7
-20
-2
56
130
188
222
217
193
169
155
158
172
168
134
67
0
-32
-46
-40
-16
4
22
43
74
104
112
118
109
81
53
18
-13
-36
-36
-30
-32
-40
-62
-93
-113
-110
-77
-29
2
10
-5
-24
-37
-42
-32
-20
-21
-29
-42
-68
-85
-74
-40
-13
-4
-3
-13
-14
3
29
52
53
29
1
-25
-50
-50
-29
18
77
127
164
167
155
147
146
146
140
130
98
56
19
-9
-32
-53
-65
-65
-57
-45
-11
20
41
52
49
35
9
-20
-35
-49
-53
-54
-67
-72
-86
-99
-115
-126
-109
-76
-48
-32
-19
-17
-33
-38
-28
-38
-51
-67
-77
-76
-77
-68
-60
-61
-61
-58
-45
-26
-10
-1
7
3
-28
-54
-67
-82
-81
-73
-55
-21
17
49
76
98
111
111
101
88
75
72
73
65
41
0
-47
-76
-84
-66
-34
-6
22
39
43
40
35
37
45
53
51
38
21
6
-7
-7
-4
-6
-12
-14
-16
-15
-9
-2
15
29
27
10
-13
-38
-46
-41
-29
-18
-15
-26
-33
-37
-28
-2
17
38
46
41
27
-2
-15
-17
-18
-16
-22
-28
-22
-8
25
61
95
120
120
109
104
98
110
122
123
107
74
34
8
-6
-16
-10
6
17
16
10
4
2
7
20
29
28
12
-9
-30
-35
-34
-40
-38
-48
-68
-84
-98
-98
-77
-41
-8
6
-8
-36
-60
-69
-56
-32
-16
-14
-23
-42
-48
-44
-24
8
38
44
26
3
-22
-36
-42
-38
-26
-18
-24
-32
-40
-47
-34
0
35
55
51
44
36
32
44
49
46
31
15
0
-18
-33
-39
-43
-33
-20
-15
-17
-21
-15
-2
14
24
21
6
-10
-16
-16
-12
-13
-20
-28
-38
-53
-63
-52
-20
17
38
40
18
-16
-29
-25
-10
7
18
11
-2
-25
-38
-23
-4
29
47
46
30
-2
-25
-40
-40
-19
7
21
15
-6
-31
-36
-20
17
49
62
65
55
43
39
42
54
68
74
67
54
33
16
12
19
28
25
16
5
2
13
28
39
41
36
23
8
3
4
14
22
23
11
-12
-39
-46
-26
8
35
47
39
14
-16
-25
-16
2
22
37
32
14
-11
-27
-20
-6
12
22
12
-17
-55
-80
-74
-49
-22
-2
-4
-24
-50
-65
-56
-35
-3
25
26
10
-10
-23
-16
8
34
48
41
15
-12
-30
-28
-11
-1
1
-11
-29
-45
-49
-39
-18
2
9
1
-21
-46
-59
-49
-23
-2
5
-9
-38
-56
-59
-35
-4
23
35
21
-3
-30
-42
-30
-4
24
38
35
13
-18
-33
-31
-10
10
18
10
-20
-46
-59
-49
-21
9
29
23
6
-14
-22
-13
12
35
43
36
18
4
-4
7
29
46
53
43
32
21
13
15
21
25
27
21
9
1
-6
-1
13
25
31
22
7
-4
-8
5
19
32
32
24
13
3
4
13
30
43
44
29
9
-7
-12
0
20
35
35
25
7
-5
-12
-7
6
18
14
0
-20
-35
-34
-12
15
30
33
20
0
-14
-14
2
19
29
27
11
-7
-18
-18
-10
4
15
16
6
-8
-20
-23
-19
-9
0
-3
-19
-33
-41
-41
-24
-10
1
1
-11
-24
-31
-31
-14
3
13
15
0
-24
-43
-42
-24
2
16
14
-4
-32
-46
-45
-35
-20
-8
-7
-17
-36
-55
-60
-56
-48
-42
-39
-48
-64
-71
-62
-39
-14
-3
0
-12
-25
-24
-8
1
9
12
10
4
-6
-1
6
9
21
26
22
17
16
24
39
48
51
41
16
-3
-12
-1
18
32
50
53
39
26
11
14
31
49
67
71
68
46
17
5
13
40
60
67
52
28
11
-2
5
28
33
32
16
6
1
-3
12
20
27
30
22
13
-5
-5
15
39
66
69
59
52
46
46
46
58
54
29
16
10
8
4
9
17
7
-8
-15
-13
-14
2
16
9
1
-16
-42
-54
-39
-21
-12
1
11
-9
-38
-36
-34
-41
-15
3
14
4
-22
-44
-75
-85
-68
-49
-33
-30
-37
-55
-69
-73
-74
-67
-76
-84
-75
-76
-70
-62
-68
-54
-57
-76
-74
-78
-86
-81
-70
-42
-20
-20
-13
-5
-23
-32
-31
-33
-33
-39
-32
0
1
-9
-3
-24
-29
-17
-26
-4
18
27
39
46
53
38
13
-28
-34
-10
0
71
136
135
148
82
-18
-99
-155
-37
60
96
506
570
123
-111
-265
-493
-624
-255
323
324
339
644
294
-227
-308
-301
-482
-257
214
306
274
404
235
-181
-217
-49
-122
-78
287
333
149
156
124
-188
-239
-19
51
51
241
304
61
-106
-128
-189
-223
-22
188
213
182
180
26
-157
-205
-163
-97
19
166
221
151
91
51
-75
-122
-52
-3
24
95
125
81
-13
-46
-83
-106
-45
33
81
67
55
-3
-99
-131
-139
-93
-5
37
88
77
-10
-97
-153
-149
-79
-12
59
95
36
-44
-113
-166
-158
-128
-54
31
41
-8
-70
-113
-151
-155
-105
-58
-19
18
-12
-66
-105
-129
-160
-146
-82
-32
-4
31
37
-21
-32
-37
-55
-51
-1
46
63
61
78
46
-11
-16
-9
4
10
39
82
80
29
36
33
10
16
46
43
58
59
45
18
31
27
26
23
-8
-31
-58
-47
40
57
122
184
83
-30
-110
-174
-124
-158
168
687
335
203
247
-220
-633
-497
-163
-131
-82
578
452
-67
167
40
-537
-409
142
-100
-100
493
383
-238
57
278
-205
-142
438
269
-16
346
301
-332
-241
157
-197
-199
335
268
-130
71
23
-432
-368
15
-46
-55
356
338
-30
6
47
-283
-260
66
78
9
238
210
-39
-16
24
-112
-81
122
115
-5
93
121
-116
-146
-24
-69
-114
55
110
6
-32
-32
-126
-200
-145
-86
-68
-33
13
-27
-72
-68
-105
-126
-49
-17
-11
22
30
-26
-77
-55
-34
-14
29
77
43
-19
3
-26
-75
-35
-24
-16
31
47
3
-36
-39
-39
-49
-17
25
15
4
30
-1
-25
46
41
-34
-45
-38
-101
-62
41
103
138
163
74
-91
-198
-180
-186
-147
380
519
223
204
-21
-505
-630
-374
-91
11
352
561
84
-160
-199
-543
-646
-152
68
80
374
482
30
-147
-24
-179
-188
236
410
271
403
405
24
-173
-28
-62
-55
202
314
199
177
48
-212
-260
-167
-111
42
264
288
176
128
-45
-280
-276
-146
-35
115
286
277
165
-2
-148
-256
-250
-115
36
177
237
175
66
-100
-284
-287
-195
-60
103
236
224
118
-56
-178
-230
-214
-80
67
177
192
126
19
-110
-216
-175
-76
60
192
225
149
59
-47
-191
-197
-64
58
106
219
231
59
-52
-116
-211
-213
-70
72
124
152
129
-26
-128
-158
-180
-116
29
134
124
72
11
-105
-164
-146
-111
-18
54
99
108
37
-12
-68
-118
-96
-85
-20
37
30
39
14
-40
-62
-90
-101
-98
-55
-23
-22
30
29
-27
-33
-25
-73
-114
-85
-50
-75
-53
41
27
19
40
1
-44
-57
-60
-63
-5
50
64
96
109
20
-33
-22
-50
-60
17
87
47
55
91
-10
-52
27
49
64
141
164
87
13
4
-56
-61
21
79
107
125
106
33
-17
-47
-64
-25
60
66
112
116
17
-49
-69
-94
-61
30
108
123
110
92
-16
-61
-58
-85
-46
84
94
52
63
32
-89
-112
-27
-5
21
128
156
55
10
-1
-68
-84
0
91
127
136
146
93
-5
-73
-106
-74
-13
40
94
109
58
-36
-90
-104
-76
-34
31
116
88
10
-21
-85
-169
-152
-72
-28
7
72
75
-30
-119
-141
-185
-198
-101
-26
2
28
13
-48
-109
-149
-150
-125
-70
8
46
40
16
-33
-77
-118
-114
-50
-23
13
52
49
24
-20
-34
-46
-51
-23
9
33
44
46
48
39
21
1
-1
-1
-19
-9
14
6
2
28
24
17
-1
-12
-25
-39
-25
5
15
38
42
30
29
-3
-22
-12
1
16
39
62
70
58
50
36
6
-11
1
-1
10
44
59
63
46
37
18
-22
-18
7
21
55
82
79
59
32
-8
-36
-33
-4
14
28
77
62
10
6
-3
-46
-53
-10
9
30
80
90
66
41
32
5
-25
-3
11
21
35
44
61
47
-6
-19
-17
-36
-38
12
58
47
51
75
19
-41
-14
-26
-49
-9
46
38
26
43
2
-50
-62
-47
-51
-56
-14
-11
-33
-22
-44
-60
-64
-78
-52
-48
-52
-41
-36
-39
-56
-53
-32
-60
-63
-38
-48
-60
-41
-33
-50
-57
-40
-38
-52
-37
-34
-41
-21
-4
-3
-11
9
-4
-36
-25
-33
-23
-9
9
38
24
21
16
-21
-31
-13
-4
37
62
74
77
46
25
-2
-28
-33
-12
15
37
52
62
45
15
-9
-15
-34
-23
18
31
34
56
47
17
11
16
12
9
28
34
24
35
37
11
21
17
0
14
15
7
13
24
21
-4
9
12
-26
-3
28
12
16
52
49
18
10
26
-10
-31
13
19
5
33
49
11
-7
-11
-8
-36
-24
40
40
26
46
29
-9
-29
-20
-14
-22
5
34
28
12
26
4
-23
-11
-3
-6
4
19
18
7
-2
1
-4
-1
5
26
21
4
4
-15
-31
-36
-10
10
7
26
26
-10
-29
-43
-60
-57
-42
-17
-7
-1
2
-9
-21
-28
-26
-24
-10
-13
5
11
-14
-17
-24
-48
-47
-37
-26
-22
-11
-6
-32
-45
-43
-61
-61
-32
-16
-10
8
4
-29
-51
-59
-72
-67
-21
6
13
34
36
4
-22
-36
-52
-47
-18
17
40
53
51
31
13
-14
-33
-24
5
29
43
51
40
11
-19
-30
-33
-11
16
44
61
58
50
26
-5
-22
-14
5
33
64
89
75
59
45
21
2
10
32
38
53
70
59
33
13
2
-5
-4
20
37
48
53
51
31
7
-11
-19
-17
-6
7
19
29
20
13
0
-14
-21
-18
-10
1
10
18
13
-2
-7
-23
-32
-19
-23
-23
-8
-5
-16
-24
-22
-36
-59
-46
-34
-45
-27
-11
-12
-22
-22
-28
-44
-37
-19
-23
-9
18
19
16
13
4
-25
-26
-9
-17
-5
23
22
15
16
6
-24
-36
-20
-24
-16
14
17
6
9
9
-12
-25
-10
-6
-7
16
20
1
1
0
-17
-14
-7
-6
-9
10
9
-20
-18
-21
-36
-41
-20
-8
-13
-4
6
-19
-37
-34
-38
-41
-24
-3
2
12
19
11
-1
1
3
1
13
30
35
30
25
19
7
0
11
13
13
24
29
28
15
9
-7
-20
-3
-1
-5
5
12
7
0
2
2
-4
8
22
25
36
45
35
35
35
25
19
25
33
29
38
47
28
26
29
9
4
14
18
11
16
29
10
-1
2
-13
-17
0
-1
-1
1
4
-13
-26
-18
-24
-33
-14
-6
-17
-12
-11
-19
-36
-34
-34
-49
-31
-17
-27
-21
-14
-24
-27
-28
-23
-26
-26
-14
-20
-17
-11
-17
-21
-9
-8
-13
1
2
-2
-3
3
7
4
11
18
17
22
32
29
28
26
19
18
15
19
14
14
18
15
16
17
13
11
12
7
8
2
-1
-3
-14
-11
-14
-13
-5
-8
-6
-4
-10
-13
-10
-13
-12
-11
-13
-13
-13
-11
-13
-13
-9
-8
-9
-7
-9
-13
-10
-8
-7
3
8
1
2
7
2
-9
-2
3
-4
8
17
5
7
13
6
0
10
9
3
7
14
8
1
3
-1
-8
-4
-3
-7
2
0
-8
-1
-1
-9
-9
-2
-2
1
4
9
2
1
10
1
-1
10
10
8
13
11
11
13
17
16
18
25
19
13
19
13
5
12
16
7
9
18
10
5
8
3
-12
-7
-1
-8
-8
-1
2
-6
-1
-3
-16
-12
-6
-13
-8
-1
-3
-12
-10
-7
-13
-6
-1
-3
-4
2
1
-9
-3
-2
-9
-7
6
3
-3
5
9
7
9
12
7
-3
-1
-6
-14
-5
3
5
4
9
8
0
-3
-1
-8
-7
-6
-8
-3
-6
-11
-12
-14
-17
-17
-16
-15
-9
-5
-7
-10
-11
-15
-21
-19
-10
-10
-5
2
0
-6
-8
-11
-16
-12
-1
3
5
10
5
0
-6
-8
-7
-3
3
11
10
10
3
-5
-7
-12
-9
-5
3
11
17
15
12
14
8
4
8
9
13
14
17
18
12
6
7
3
4
6
9
12
12
10
9
10
7
9
10
14
14
13
14
6
4
5
4
10
11
15
17
15
12
8
3
3
-3
-7
-1
-3
-4
-5
-7
-5
-8
-7
-5
-4
-1
-3
-6
-9
-13
-12
-13
-11
-5
-4
-4
-1
-3
-7
-11
-10
-8
-6
-1
-1
-6
-10
-12
-19
-21
-18
-13
-10
-4
-3
-7
-9
-12
-9
-9
-6
0
1
4
0
-3
-4
-3
-1
2
4
3
4
3
0
-2
-1
-3
1
2
6
6
10
10
5
8
5
8
7
9
9
7
8
4
1
-2
1
-4
1
5
6
3
3
1
-2
0
-2
-3
-5
1
-2
-5
-9
-10
-12
-9
-3
-2
0
5
5
0
-3
-7
-8
-6
-3
-1
0
0
2
2
2
-3
-4
-5
-6
-8
-7
-4
-2
1
-1
2
2
4
4
1
5
5
3
4
4
4
7
9
13
11
12
10
9
6
4
5
7
9
12
11
10
7
6
6
7
7
7
8
7
8
8
9
10
14
14
13
12
10
8
6
5
3
2
1
1
1
-2
-4
-6
-8
-10
-14
-16
-19
-13
-13
-12
-12
-14
-17
-18
-19
-20
-16
-16
-12
-10
-10
-11
-11
-11
-9
-10
-7
-6
-7
-9
-9
-10
-7
-5
-8
-6
-6
-6
-9
-11
-12
-11
-13
-8
-4
-2
1
2
3
0
1
0
-3
-2
5
8
11
15
18
17
13
12
13
13
14
16
15
16
17
15
14
13
14
16
15
11
10
7
6
4
3
2
2
2
4
5
3
3
3
5
4
2
1
2
0
1
0
2
1
0
3
0
-1
0
-3
-5
-5
-4
-4
-4
-5
-4
-7
-6
-6
-7
-4
-4
-6
-3
-3
-3
-2
-2
-2
-3
-3
-1
0
0
3
2
2
1
-3
-5
-3
-1
-1
0
-1
-1
-1
-4
-2
-2
-1
-1
1
2
2
2
2
3
-1
-1
-2
-1
-3
-3
0
-1
-1
2
-2
-2
-2
-1
-4
-6
-2
-4
-5
-3
-3
-4
-6
-8
-8
-6
-6
-6
-7
-7
-8
-11
-8
-9
-11
-9
-5
-4
-5
-4
-3
-4
-5
-3
-4
0
0
1
5
5
6
6
5
2
2
3
1
2
3
1
3
4
4
6
5
4
5
4
3
3
2
4
3
4
5
6
7
8
8
10
11
9
10
11
8
9
8
8
9
8
9
10
11
11
11
11
11
7
8
9
8
9
9
11
11
7
7
6
4
2
2
1
0
1
1
-1
-2
-5
-9
-6
-5
-6
-7
-6
-7
-9
-12
-14
-14
-16
-14
-12
-12
-11
-11
-11
-12
-15
-14
-17
-18
-16
-15
-15
-13
-12
-10
-9
-10
-7
-4
0
1
2
1
-3
-4
-5
-3
-2
0
1
2
1
0
-4
-8
-9
-7
-5
-4
0
0
2
1
3
2
3
4
4
6
6
9
7
8
11
8
8
11
12
11
13
13
11
8
9
8
6
8
8
9
9
8
8
7
6
5
4
7
7
4
2
2
0
-1
-1
-4
-4
-3
-2
-5
-4
-2
-2
-3
-4
-8
-10
-12
-13
-10
-9
-9
-8
-8
-8
-8
-9
-9
-6
-6
-4
-4
-2
-2
1
5
4
7
9
8
6
5
8
9
10
11
11
12
11
10
10
8
7
8
10
8
6
6
6
2
1
2
2
2
1
1
0
-1
-4
-4
-6
-5
-4
-3
0
0
0
-1
0
-3
-4
-3
-1
2
2
2
0
-4
-4
-6
-9
-7
-9
-8
-7
-8
-8
-8
-9
-10
-10
-10
-11
-9
-8
-5
-6
-6
-5
-5
-3
-2
-1
1
2
1
2
0
2
1
4
4
2
3
1
0
-2
-3
-3
-1
0
0
0
1
0
1
2
2
2
3
7
7
9
8
5
4
4
5
5
5
6
5
4
4
1
-2
-2
-5
-4
-4
-5
-8
-9
-13
-14
-14
-13
-10
-10
-9
-7
-7
-9
-6
-6
-4
-3
-2
2
4
3
4
6
8
9
10
11
11
12
11
12
12
9
9
9
8
10
11
11
8
9
6
4
5
5
5
3
7
7
6
6
5
4
2
3
3
2
2
2
1
2
4
4
3
3
1
1
-1
0
2
-1
-2
2
3
2
0
-1
0
1
2
3
3
3
4
3
3
2
2
1
1
-2
-1
0
-2
-2
-2
-4
-3
-4
-6
-8
-10
-9
-12
-15
-14
-16
-17
-15
-15
-16
-16
-15
-14
-14
-13
-14
-13
-12
-12
-9
-6
-6
-3
-3
-2
-1
-4
-1
2
4
3
4
7
8
8
6
6
8
5
3
3
0
0
0
1
0
0
0
0
-2
-3
-3
-2
-2
-4
-3
-2
-4
-4
-2
-1
-2
0
-1
-2
0
-1
0
0
-1
1
1
2
3
2
2
2
1
-1
0
3
3
6
8
8
9
8
8
8
7
11
12
10
11
11
12
11
9
9
8
9
9
8
10
10
8
7
6
5
4
5
5
4
4
4
5
4
4
4
2
1
0
-1
0
3
2
1
3
2
1
1
2
2
2
2
2
1
0
1
0
1
2
4
3
2
1
0
-2
-4
-6
-6
-5
-6
-5
-3
-5
-4
-5
-4
-6
-7
-6
-8
-8
-7
-7
-7
-6
-8
-9
-10
-11
-11
-12
-13
-13
-14
-14
-15
-15
-14
-14
-14
-12
-12
-11
-12
-10
-10
-9
-8
-6
-4
-6
-4
-6
-5
-3
-3
-5
-4
0
-1
2
4
3
4
2
3
3
1
2
4
2
5
5
6
4
3
1
3
2
2
4
5
4
5
4
6
6
5
8
7
8
9
7
6
5
3
5
5
4
5
5
3
3
1
1
2
0
1
2
2
1
0
2
2
1
3
4
4
5
7
7
8
6
8
9
7
10
10
11
11
10
10
10
10
10
9
8
7
8
5
6
6
5
4
5
4
2
2
3
2
2
1
1
4
4
5
6
6
6
5
4
6
5
4
5
4
3
0
-1
-1
-1
-1
-1
0
-2
-4
-6
-7
-9
-10
-9
-9
-9
-11
-10
-10
-12
-12
-16
-17
-16
-17
-16
-16
-18
-17
-17
-17
-17
-17
-18
-19
-18
-16
-15
-15
-13
-12
-12
-12
-11
-12
-10
-9
-9
-9
-8
-9
-8
-8
-6
-4
-4
-3
-2
-4
-1
-1
-1
1
2
6
4
5
5
5
6
5
