3
3
5
5
7
7
7
10
10
11
12
13
13
11
14
14
14
16
16
17
17
15
15
13
13
15
15
15
14
14
13
12
12
11
10
7
8
8
8
6
6
5
5
5
6
4
4
5
4
3
3
3
2
2
4
2
1
1
1
1
0
0
1
0
0
0
-1
-2
-1
-1
-1
1
-1
-3
-3
-4
-5
-4
-4
-5
-5
-4
-3
-4
-3
-2
-1
-3
-1
-2
-3
-2
-2
-2
-1
0
0
1
-1
-2
-1
-2
-1
-2
-1
0
0
0
-1
-3
-2
-3
-4
-3
-3
-4
-3
-4
-5
-4
-7
-6
-9
-11
-10
-9
-9
-8
-9
-9
-8
-8
-10
-11
-12
-14
-13
-12
-11
-8
-7
-8
-8
-10
-12
-12
-13
-12
-11
-12
-10
-9
-9
-8
-8
-8
-8
-7
-6
-6
-6
-3
-3
-1
2
4
5
6
5
7
6
7
7
6
8
9
9
10
9
9
10
10
10
12
13
14
15
14
14
13
12
12
11
10
12
12
13
12
12
12
13
12
12
13
12
11
10
10
8
8
6
7
7
7
8
9
8
7
5
4
4
5
4
6
5
2
1
-1
-2
-3
-4
-4
-2
-2
-2
-1
-3
-5
-5
-5
-7
-7
-7
-8
-9
-10
-11
-9
-8
-8
-8
-9
-7
-7
-9
-9
-10
-13
-9
-9
-10
-7
-5
-4
-5
-2
-2
-2
-1
1
0
-1
1
1
4
2
2
0
2
2
0
1
0
0
-1
0
-2
-2
-4
-4
-5
-5
-6
-7
-6
-5
-5
-7
-7
-7
-9
-7
-7
-6
-6
-7
-5
-5
-6
-6
-6
-4
-5
-5
-2
-2
-1
-1
-1
0
0
2
0
1
2
2
2
2
3
2
2
1
2
3
4
3
2
3
1
3
2
2
2
3
6
4
5
4
5
4
4
3
4
5
5
4
4
4
2
4
5
5
6
7
8
8
7
6
8
6
7
8
10
11
10
9
9
8
7
7
7
7
7
7
8
6
5
3
3
3
0
2
1
1
3
4
4
3
0
-1
-2
-1
-1
-1
0
-2
-1
-2
-1
-2
-3
-2
-4
-5
-7
-8
-8
-8
-8
-9
-9
-9
-8
-10
-12
-13
-13
-11
-13
-12
-10
-10
-9
-8
-9
-8
-9
-10
-8
-8
-6
-6
-6
-5
-4
-3
-2
-1
-1
0
-1
-2
-2
-1
0
1
3
1
4
4
3
3
2
4
5
5
5
4
3
3
3
3
4
3
4
4
3
3
2
4
3
3
2
3
4
3
2
0
-1
-1
-2
-1
-3
-4
-4
-1
-1
-1
-1
0
-2
-3
-1
-1
-1
-1
2
2
3
5
2
2
2
0
2
2
1
2
3
4
5
3
4
3
5
4
5
5
3
4
7
5
7
6
6
7
7
7
7
6
7
6
6
4
3
1
2
3
0
0
1
4
2
0
2
2
0
-1
-2
-3
-4
-5
-3
-3
-2
-2
-4
-2
-4
-6
-5
-4
-3
-1
-3
-4
-3
-3
-4
-7
-6
-6
-5
-5
-6
-8
-7
-9
-10
-9
-9
-9
-8
-6
-5
-5
-3
-3
-2
-3
-2
-1
-1
0
-1
-1
0
1
1
0
2
3
2
3
4
4
4
3
4
6
5
5
3
4
4
3
4
2
4
3
4
3
1
2
0
0
-2
-2
-1
-1
-1
-1
2
1
0
-2
-4
-3
-4
-4
-1
-1
-2
1
2
0
0
0
2
1
1
2
2
2
3
4
3
5
5
6
5
5
3
3
4
5
5
3
1
2
1
0
1
2
3
2
2
0
1
1
-2
-2
-2
-2
-3
0
-4
-2
1
1
1
-1
-1
0
0
0
0
-1
0
4
3
1
-1
0
0
0
1
2
1
2
2
2
0
-1
-1
-2
-2
-2
-3
-1
-3
-3
-3
-4
-4
-2
-1
-2
-2
-3
-2
-3
-3
-4
-3
-2
-2
-2
0
0
1
2
1
0
-2
-1
-3
-3
-4
-4
-4
-2
-2
-3
-3
-4
-6
-7
-5
-6
-7
-6
-5
-5
-3
-1
-1
0
3
3
2
2
1
2
3
4
5
5
7
6
5
6
4
5
4
6
7
6
6
5
5
5
3
4
3
3
1
1
0
-2
-1
-2
0
-1
0
-1
-1
1
1
1
1
1
0
-2
-2
-3
-2
-2
-2
1
2
2
3
2
2
0
0
-2
-3
-4
-1
0
1
2
1
2
4
3
3
1
0
1
2
2
1
2
3
3
3
3
2
3
4
2
0
2
0
1
3
2
1
0
-1
-3
-2
-2
-3
-3
-3
-3
-4
-4
-4
-4
-3
-4
-2
-4
-6
-7
-9
-8
-9
-8
-8
-8
-6
-3
-2
-3
-4
-3
-5
-7
-7
-8
-7
-5
-6
-4
-2
-1
-1
-1
-1
-1
-2
-4
-2
-3
-2
-2
0
1
2
3
1
4
4
2
3
4
4
4
3
5
8
6
7
7
7
6
4
3
3
2
4
3
6
8
8
10
10
10
10
6
6
5
4
4
5
6
7
6
7
5
5
2
1
-1
-2
-3
-2
-2
-1
1
1
2
1
-1
-3
-4
-4
-6
-6
-5
-4
-2
-2
-3
-4
-3
-3
-4
-3
-4
-3
-5
-4
-4
-2
-3
-3
0
-2
1
0
0
3
1
2
2
1
2
-1
-2
-1
-1
0
1
2
3
4
2
2
0
0
-3
-3
-3
-2
-1
-2
0
1
1
-1
-1
0
-3
-3
-3
-4
-6
-4
-3
-3
-2
-3
-1
-1
-2
-3
-4
-4
-3
-3
-4
-5
-4
-3
-4
-5
-4
-5
-5
-4
-4
-3
-1
0
-1
0
0
0
1
1
1
1
-1
-1
-2
0
0
2
3
4
4
3
3
4
3
2
1
3
6
6
6
5
5
5
4
4
4
3
3
3
1
3
1
2
3
2
3
3
3
4
3
1
2
3
2
2
1
1
1
0
-1
0
-1
-2
2
0
0
1
-1
0
1
0
0
1
0
3
2
3
2
4
4
4
4
4
5
3
3
3
3
4
4
4
3
3
3
2
3
2
2
2
2
2
1
2
-1
-3
-3
-2
-2
-3
-1
0
-1
1
1
-1
-3
-3
-4
-4
-5
-4
-4
-4
-4
-5
-5
-7
-8
-11
-10
-9
-9
-11
-10
-9
-8
-10
-9
-8
-8
-7
-8
-9
-7
-5
-6
-5
-4
-4
-2
-2
-2
-2
-2
-2
-1
-3
-3
-2
-3
-2
-1
-1
-3
0
-2
0
0
0
0
1
2
1
2
2
5
5
3
4
5
5
4
5
4
5
5
5
5
5
7
8
7
9
8
8
9
8
6
7
7
7
9
8
8
8
7
7
9
6
6
7
5
4
5
2
3
2
3
3
3
2
0
2
1
1
0
0
-2
0
1
0
0
0
2
1
-2
0
-1
-2
-2
0
1
0
0
0
-1
0
0
-2
-4
-2
-3
-4
-3
-4
-5
-5
-5
-5
-4
-4
-4
-3
-2
-2
-4
-3
-4
-4
-4
-3
-6
-7
-5
-5
-5
-5
-5
-4
-5
-4
-3
-3
-5
-5
-4
-5
-5
-3
-4
-4
-4
-3
-3
-2
-3
-3
-2
-2
0
-3
-2
-2
-1
1
0
-1
-2
0
0
0
1
-2
-1
-1
1
2
2
1
2
3
4
2
2
3
2
4
4
4
5
4
2
2
1
1
0
-1
-1
-2
-2
-1
-2
-2
0
0
-1
-1
1
-1
-1
-1
-1
0
-1
0
0
1
1
1
1
3
3
3
3
5
5
6
7
8
8
9
9
8
9
9
9
9
11
10
7
6
6
6
5
5
7
6
6
6
4
3
1
0
1
-1
-2
-1
-2
0
-1
-1
-3
-3
-5
-4
-4
-6
-3
-2
-4
-6
-5
-5
-7
-7
-7
-6
-8
-8
-7
-7
-7
-3
-4
-4
-6
-5
-5
-6
-8
-8
-7
-6
-4
-4
-3
-3
-3
-2
-2
-1
-2
0
2
-1
2
2
2
2
4
5
3
5
5
4
2
4
2
0
1
1
3
2
5
5
6
7
5
4
4
5
3
3
4
4
1
1
4
3
4
3
2
2
2
1
0
-2
-2
-4
-5
-4
-7
-8
-8
-6
-9
-10
-10
-10
-10
-9
-10
-10
-8
-7
-6
-6
-5
-6
-6
-6
-5
-7
-9
-6
-5
-7
-2
-1
-1
0
1
2
-1
-1
0
-1
-1
1
4
3
3
4
5
5
4
5
9
8
8
8
10
12
11
11
12
15
15
14
14
16
13
13
12
13
11
10
12
10
10
9
7
7
6
6
5
4
4
3
2
2
0
1
0
-1
-2
-3
-3
-4
-5
-5
-6
-7
-6
-8
-8
-7
-6
-7
-9
-9
-9
-10
-10
-9
-10
-8
-8
-8
-7
-8
-7
-6
-6
-4
-3
-2
-1
-1
-1
-1
0
0
-1
-1
1
2
2
2
3
1
2
2
1
2
1
1
2
1
1
2
2
1
0
0
-2
-1
0
-2
-3
-2
-1
-1
-2
-3
-2
-1
-3
-5
-7
-6
-6
-4
-2
-3
-2
-1
-2
-4
-3
-3
-4
-3
-3
-3
-2
-1
-1
-3
-2
-3
-5
-5
-6
-5
-6
-6
-5
-5
-4
-3
-4
-2
-2
-4
-3
-2
-3
-4
-2
0
2
0
3
4
3
1
2
2
2
2
3
5
5
6
6
7
8
8
8
11
11
10
12
10
12
12
13
13
13
14
16
16
15
14
14
15
13
14
13
12
12
11
11
11
11
9
10
7
6
6
4
1
1
1
1
-2
-5
-4
-4
-5
-6
-6
-6
-6
-5
-6
-6
-7
-7
-6
-8
-9
-8
-8
-9
-10
-12
-12
-14
-14
-14
-15
-14
-11
-10
-10
-10
-9
-8
-10
-11
-11
-12
-11
-10
-8
-8
-5
-4
-4
-4
-3
-4
-7
-7
-8
-8
-8
-6
-6
-6
-4
-4
-4
-4
-4
-4
-4
-2
-2
0
1
2
3
1
3
2
3
4
5
5
6
6
5
5
5
4
5
7
8
7
9
7
5
6
5
2
1
1
2
1
3
5
2
1
1
2
0
-1
0
-1
-1
-2
-2
0
-2
-3
-3
-2
-2
-2
0
0
2
3
4
3
2
3
4
2
3
4
6
7
9
9
8
8
9
8
8
8
9
11
11
13
15
15
12
13
10
10
8
7
9
7
7
6
7
8
4
5
5
2
1
2
3
2
0
1
2
1
-2
-1
-2
-4
-3
-3
-5
-5
-7
-5
-6
-6
-6
-6
-7
-10
-10
-11
-11
-12
-13
-14
-14
-14
-16
-15
-14
-14
-13
-13
-12
-9
-11
-12
-10
-11
-14
-12
-10
-9
-8
-8
-7
-6
-7
-5
-6
-5
-3
0
1
1
4
4
4
5
5
7
6
4
7
8
8
7
7
7
9
9
8
6
6
5
4
2
3
2
1
1
-1
-3
-5
-5
-7
-6
-7
-9
-6
-6
-9
-10
-11
-14
-15
-16
-14
-12
-12
-12
-11
-13
-14
-15
-16
-15
-15
-12
-10
-10
-9
-6
-5
-6
-4
-2
-1
4
6
10
15
19
23
26
30
36
40
40
43
48
52
58
62
67
71
75
78
80
81
82
86
87
88
87
86
85
83
80
79
77
73
70
68
61
54
48
40
32
24
17
11
3
-3
-8
-16
-24
-33
-43
-50
-58
-66
-72
-81
-85
-89
-95
-101
-104
-109
-115
-117
-120
-122
-122
-121
-122
-119
-118
-117
-116
-115
-111
-107
-106
-99
-96
-89
-81
-75
-68
-63
-57
-52
-45
-39
-34
-26
-19
-8
0
9
14
19
27
33
37
43
47
51
57
62
64
66
68
67
67
62
57
55
52
48
43
37
31
23
15
5
-7
-16
-28
-36
-45
-54
-59
-68
-76
-85
-92
-101
-106
-111
-115
-117
-116
-114
-111
-109
-107
-101
-96
-89
-81
-72
-62
-51
-40
-29
-16
-3
9
18
32
44
57
68
79
96
108
119
129
140
151
159
169
176
184
192
200
204
208
209
211
211
210
208
203
198
193
184
176
165
152
139
121
104
86
68
49
28
10
-11
-31
-52
-72
-92
-111
-127
-144
-156
-169
-179
-190
-196
-201
-207
-207
-207
-203
-194
-187
-171
-159
-142
-122
-106
-83
-63
-41
-16
8
35
57
78
101
123
142
158
174
191
204
216
226
235
240
246
245
240
237
230
225
216
203
193
174
156
137
115
92
66
40
11
-18
-48
-82
-116
-151
-187
-225
-266
-305
-345
-384
-419
-456
-488
-518
-542
-562
-582
-592
-600
-602
-599
-591
-574
-555
-529
-499
-465
-425
-382
-337
-289
-237
-179
-121
-61
3
64
127
188
245
301
352
402
446
482
515
546
566
581
593
594
593
591
584
575
564
552
540
525
509
495
477
457
438
412
386
357
322
285
242
195
143
90
34
-24
-79
-135
-191
-241
-291
-338
-380
-418
-451
-480
-501
-519
-530
-537
-539
-538
-533
-525
-515
-498
-477
-451
-418
-383
-342
-296
-251
-200
-152
-99
-46
6
57
104
152
202
249
293
332
366
394
418
433
440
445
447
445
444
443
441
439
438
438
437
437
440
446
452
462
475
486
494
502
500
492
473
442
404
355
299
235
163
91
9
-73
-157
-239
-324
-406
-484
-558
-623
-678
-729
-770
-803
-834
-860
-880
-897
-907
-913
-911
-901
-886
-860
-826
-788
-746
-700
-650
-594
-539
-482
-426
-366
-308
-252
-196
-145
-98
-51
-10
26
59
87
115
139
165
193
221
250
278
309
339
371
401
434
476
519
561
607
657
703
751
793
834
872
900
926
949
961
960
951
930
899
850
785
714
626
530
434
332
227
121
15
-91
-199
-300
-392
-476
-554
-618
-672
-716
-756
-777
-795
-810
-818
-816
-807
-796
-770
-736
-696
-654
-603
-548
-495
-443
-389
-351
-309
-261
-212
-169
-126
-78
-35
-6
26
58
83
121
162
194
223
259
298
332
351
378
405
425
457
484
512
544
571
600
629
642
664
688
712
738
758
788
806
813
815
799
751
703
636
538
438
328
224
133
27
-75
-183
-304
-402
-512
-626
-710
-776
-823
-856
-877
-882
-892
-909
-930
-944
-954
-961
-955
-920
-867
-820
-766
-704
-651
-606
-571
-538
-499
-468
-422
-374
-327
-269
-223
-199
-180
-158
-134
-121
-117
-116
-103
-94
-68
-24
16
60
128
196
240
289
341
393
456
506
521
560
632
679
723
780
845
911
926
909
965
1051
1122
1157
1144
1097
969
854
838
749
577
436
309
155
-22
-153
-272
-376
-421
-522
-633
-681
-732
-789
-876
-921
-919
-970
-989
-938
-920
-841
-728
-638
-523
-455
-416
-386
-345
-303
-279
-254
-196
-132
-90
-51
-7
18
15
24
26
23
36
39
74
128
163
224
292
348
424
515
701
1052
1350
1454
1509
1578
1610
1569
1522
1523
1457
1352
1410
1501
1377
1089
753
424
62
-416
-905
-1274
-1585
-1858
-2029
-2113
-2189
-2337
-2458
-2408
-2264
-2092
-1839
-1461
-969
-438
30
467
914
1272
1547
1795
1961
1967
1887
1786
1670
1496
1210
880
576
214
-212
-626
-1049
-1433
-1783
-2115
-2317
-2458
-2626
-2650
-2582
-2495
-2327
-2118
-1861
-1538
-1225
-860
-414
12
429
868
1302
1711
2057
2319
2681
3177
3468
3366
3080
2798
2474
2050
1689
1463
1083
609
377
190
-239
-822
-1394
-1774
-2020
-2338
-2491
-2440
-2358
-2221
-2019
-1702
-1335
-1125
-871
-378
74
448
840
1201
1607
1899
1933
1954
1894
1625
1334
995
620
275
-125
-367
-477
-721
-927
-1034
-1192
-1304
-1391
-1507
-1560
-1618
-1637
-1460
-1244
-1060
-833
-578
-340
-194
-147
-32
200
483
883
1442
1970
2422
3215
4212
4517
4004
3347
2885
2421
1894
1682
1577
1019
529
459
64
-847
-1879
-2603
-2807
-2957
-3184
-3111
-2916
-2788
-2624
-2331
-1842
-1550
-1382
-754
-1
429
791
1138
1455
1721
1789
1842
1881
1693
1430
1107
686
226
-343
-712
-701
-679
-701
-649
-622
-685
-867
-1075
-1240
-1427
-1540
-1456
-1280
-1175
-1188
-1171
-1139
-1266
-1418
-1425
-1264
-887
-378
287
993
1514
2454
3946
4749
4319
3500
2935
2441
1784
1533
1592
829
-69
-7
-70
-1023
-2201
-2884
-2910
-2873
-3017
-2892
-2682
-2606
-2388
-1938
-1325
-943
-832
-250
622
912
878
1053
1282
1450
1596
1739
1881
1796
1508
1260
882
299
-153
-306
-109
194
201
188
265
7
-372
-544
-737
-923
-1036
-1073
-963
-1099
-1458
-1500
-1515
-1697
-1701
-1591
-1264
-674
-66
836
1809
2430
3729
5708
6451
5442
3920
2854
1956
922
806
1012
-163
-1188
-769
-730
-1834
-2889
-2892
-2189
-1971
-1963
-1631
-1703
-2060
-1953
-1396
-903
-944
-914
-215
170
-226
-464
-218
151
522
1165
1916
2052
1705
1588
1490
955
358
229
412
399
362
551
526
222
2
-55
-112
-486
-953
-1185
-1549
-2049
-2226
-2168
-2098
-2087
-2035
-1726
-1490
-1369
-689
377
1205
1857
2414
3508
5413
6144
4859
3106
1612
432
-139
98
350
-892
-2036
-1000
-429
-1597
-2186
-1726
-966
-569
-695
-778
-1467
-2426
-2140
-1511
-1484
-1622
-1584
-1064
-950
-1616
-1526
-748
-165
535
1366
2029
2013
1546
1473
1316
827
637
614
527
254
116
385
359
214
310
262
196
-202
-944
-1302
-1648
-1822
-1558
-1590
-1508
-1336
-1554
-1446
-1349
-1297
-475
465
1471
2403
2731
4374
6811
6654
4569
2717
1383
530
177
852
881
-1198
-1778
-322
-498
-1513
-1528
-891
-38
2
-511
-1095
-2339
-2908
-2198
-1630
-1438
-1591
-1686
-1261
-1404
-1797
-1176
-281
488
1450
2155
2324
1934
1483
1423
1132
687
691
560
-21
-424
-401
-161
145
500
757
723
410
-171
-853
-1454
-1858
-1788
-1585
-1647
-1735
-1930
-2083
-1966
-1718
-951
140
1057
2063
2560
3251
5767
7658
6363
3589
1498
357
-395
5
1084
-439
-2730
-1756
-389
-1059
-1567
-924
124
406
18
-473
-1959
-3186
-2662
-2017
-1816
-1855
-2265
-2227
-2255
-2481
-1809
-822
185
1314
1738
1799
1699
1273
1320
1346
998
794
26
-874
-983
-992
-492
560
1102
1426
1253
557
109
-724
-1471
-1494
-1821
-2154
-2401
-2809
-2564
-2207
-1846
-982
-554
-187
557
1049
1786
2355
3437
6717
9074
7568
4167
1324
-71
-767
-379
1133
-10
-2486
-1678
-244
-676
-1144
-469
1160
1618
662
-375
-2291
-3585
-2954
-2370
-1981
-1913
-2523
-2507
-2442
-2645
-1924
-609
738
1672
1801
1685
1463
1130
1156
1357
1259
996
593
-340
-1141
-1146
-544
956
2241
2278
2106
1317
118
-310
-854
-1282
-1505
-2306
-2584
-2762
-3247
-2708
-1882
-1055
-37
286
563
983
1213
1738
2493
4838
8626
9582
6562
2650
-245
-1960
-2024
-160
641
-1426
-2342
-696
98
-435
-225
1095
2076
1850
828
-1186
-3438
-4175
-3688
-2931
-2543
-2941
-3275
-3091
-3076
-2746
-1304
539
1595
1811
1659
1145
667
640
989
1216
618
-373
-1246
-2092
-1845
-727
463
2094
2684
2213
1793
374
-835
-1100
-1728
-1946
-2497
-3543
-3508
-3603
-3375
-1932
-856
191
1039
975
985
761
817
1767
3188
6480
9916
9246
4985
606
-1787
-2382
-1340
914
773
-1507
-1287
612
1113
621
828
2210
2835
1853
198
-2482
-4641
-4401
-3362
-2550
-2361
-3103
-3139
-2506
-2216
-1209
446
1682
2257
1904
1410
1078
244
226
1214
1171
163
-1147
-2371
-2412
-1585
104
2207
2838
2631
2105
723
-590
-1603
-1877
-1513
-2135
-3147
-3801
-4153
-3698
-2716
-1142
570
1263
1465
1391
781
406
717
1677
3617
7392
10671
9152
3925
-550
-2672
-2808
-777
1922
1286
-1299
-611
1552
1616
1149
1725
2773
2794
1183
-1152
-3959
-5764
-5052
-3589
-2668
-2519
-3156
-2890
-1938
-1600
-557
1344
2366
2172
1486
934
261
-678
-480
783
743
-663
-1906
-2672
-2428
-1086
851
2891
3382
2542
1813
354
-1459
-2393
-2589
-2158
-2481
-3780
-4359
-4357
-3753
-2199
-495
1099
1818
1444
931
-16
-863
-307
998
3562
8006
10735
8478
2889
-1935
-3566
-2583
370
3145
1789
-845
-106
1443
1645
1605
1904
2846
2786
787
-1917
-4851
-6157
-4796
-3050
-1948
-1870
-2756
-2359
-1268
-810
537
2230
2719
2251
1174
414
-151
-914
-464
405
289
-338
-1425
-2128
-1557
-170
1825
3331
3559
2797
1110
-606
-1965
-2861
-2670
-2367
-2716
-3295
-3951
-3901
-3027
-1601
368
1733
1981
1412
150
-885
-1095
-467
507
2353
6853
10708
9395
4429
-562
-3044
-2525
389
3804
2714
-846
-464
1317
1563
1526
1456
2202
2357
616
-1485
-4280
-6162
-5002
-3078
-1719
-1305
-2066
-1811
-824
-415
728
2242
2539
1793
834
144
-567
-1165
-715
223
315
-552
-1505
-1927
-1569
-88
1780
2897
3118
2127
387
-1161
-2565
-3107
-2691
-2579
-2844
-3537
-4352
-4089
-3043
-1443
586
1712
1686
895
-438
-1358
-1717
-1407
-456
1405
5921
10491
9923
4947
-482
-3247
-2598
134
3404
2925
-829
-1301
680
1382
1454
1229
1814
2320
662
-1402
-3610
-5550
-4757
-2717
-1226
-545
-1339
-1624
-663
-95
844
2274
2582
1814
721
-73
-503
-834
-395
606
695
-257
-977
-965
-516
412
1756
2846
3045
2203
702
-1131
-2670
-2993
-2414
-1953
-2210
-2920
-3232
-2950
-2273
-1138
160
1103
1283
657
-429
-1598
-2425
-2249
-1290
128
4239
10163
11844
7723
1659
-2463
-2972
-943
2657
3842
145
-2065
-439
840
1280
1270
1554
2243
1191
-554
-2440
-4946
-5345
-3514
-1664
-572
-1163
-2029
-1310
-464
222
1691
2442
1681
623
-15
-205
-544
-668
366
838
-164
-887
-1285
-1336
-494
810
2537
3414
2694
1326
-784
-2451
-2598
-2158
-1428
-1456
-2388
-2783
-2992
-2881
-1912
-656
697
1160
370
-682
-1988
-2997
-2643
-1637
-695
2315
8410
12463
10015
3742
-1520
-3593
-2828
443
3335
1146
-2540
-2111
-37
1023
1210
1287
2034
1679
143
-1316
-3592
-5289
-4519
-2438
-596
-452
-1458
-1452
-601
275
1402
2366
2021
748
110
77
-272
-531
-72
642
367
-987
-1674
-1101
-4
1408
2783
3449
3014
1562
63
-1176
-2208
-2104
-1128
-698
-1355
-2759
-3601
-3239
-2313
-884
495
906
649
-193
-1440
-2415
-2925
-2048
-157
1837
6025
11074
11782
7643
1787
-2442
-3477
-2069
1382
2677
-712
-2795
-1428
254
1600
1997
2218
2634
1537
26
-1744
-4304
-5138
-3831
-2000
-808
-1395
-2188
-1608
-637
334
1409
1797
1086
232
159
277
-71
-289
12
147
-515
-1307
-1413
-985
-14
1498
2838
3185
2285
735
-750
-1801
-2067
-1588
-1173
-1565
-2665
-3651
-3866
-3329
-2167
-592
640
941
446
-612
-1736
-2469
-2225
-921
521
3776
9554
12439
9272
3053
-2386
-4324
-3101
286
3181
983
-2567
-1643
759
2043
2541
2479
2845
2146
72
-1695
-4060
-5897
-4785
-2506
-1047
-1003
-1857
-1518
-277
528
1628
2443
1692
479
38
163
3
-400
-168
297
-311
-1726
-2297
-1424
63
1625
2868
3047
2178
757
-435
-1201
-2027
-2055
-1081
-925
-2007
-3420
-4086
-3230
-1842
-557
540
636
108
-326
-1039
-1890
-2433
-1955
-474
1195
4572
9726
11755
8366
2586
-2119
-3796
-2495
849
2890
623
-1808
-727
1118
2196
2542
2489
2865
2169
300
-1561
-4061
-5641
-4595
-2603
-1063
-754
-1332
-881
185
778
1743
2432
1730
867
552
282
-276
-954
-823
-391
-1125
-2041
-1943
-1024
510
1895
2781
3080
2280
1090
38
-1182
-1895
-1777
-1464
-1754
-3097
-4358
-4453
-3659
-2310
-769
468
1034
721
-117
-1344
-2531
-2619
-1532
-120
2020
6222
10439
10462
5993
389
-3370
-3999
-1545
2148
2544
-607
-1875
-395
1134
2237
2561
2459
1922
171
-1391
-2987
-5288
-5534
-3562
-1714
-408
-389
-810
-65
537
1120
2188
1757
584
255
104
88
-362
-973
-479
-359
-1188
-1530
-1305
-106
1540
2523
3206
2863
1420
340
-456
-1109
-1414
-1522
-1528
-2305
-3536
-3979
-3617
-2692
-1516
-294
870
1168
642
-340
-1644
-2243
-1951
-921
527
2087
5562
9881
10486
6752
1152
-2917
-3418
-1599
1460
2616
21
-1565
-434
1046
2231
2128
1832
1971
667
-943
-2544
-4878
-5391
-3785
-1770
-33
-20
-743
-440
-10
621
1598
1650
1098
633
186
-259
-1074
-1668
-1161
-645
-831
-940
-642
244
1429
2361
3018
2832
1678
609
-263
-1086
-1570
-1855
-2191
-2878
-3627
-3739
-3267
-2475
-1345
9
1185
1614
1136
-105
-1649
-2587
-2386
-1241
153
2574
7116
10854
9913
4895
-657
-3630
-3402
-454
2861
2215
-1055
-1921
-392
1353
2289
2202
2122
1367
-439
-1963
-3688
-5410
-5015
-2913
-764
212
-379
-786
-500
-157
780
1689
1384
444
-144
-182
-563
-1244
-1162
-713
-631
-945
-1078
-443
371
1317
2601
2983
2414
1398
231
-525
-1269
-1809
-1875
-2540
-3420
-3829
-3914
-3262
-2147
-765
756
1421
1260
581
-626
-1646
-2062
-1541
-413
676
3427
8136
10603
8491
3531
-1150
-3308
-2690
436
2967
1209
-1264
-1017
278
1806
2508
2171
1900
573
-988
-1966
-3802
-4880
-3785
-1925
-37
602
-110
-341
-318
-74
1118
1812
1198
490
31
-333
-871
-1521
-1405
-874
-803
-633
-186
304
1036
1700
2339
2768
2175
1078
169
-1060
-2062
-2391
-2558
-2776
-3258
-3668
-3434
-2809
-1850
-353
890
1441
1311
507
-757
-2054
-2507
-1705
-360
974
3553
8050
10516
8144
3547
-810
-3312
-2764
215
2753
1292
-1588
-1198
457
1439
2226
2199
1739
622
-853
-1598
-3095
-4663
-3797
-1770
-135
374
-253
-630
-618
-252
988
1764
1147
252
-57
-199
-976
-1586
-1353
-862
-574
-378
-55
375
835
1491
2273
2489
1800
851
-54
-1247
-2254
-2820
-3007
-3095
-3453
-3584
-3265
-2668
-1530
-126
983
1529
1287
398
-936
-2261
-2682
-1846
-428
951
3691
7935
9964
7802
3087
-1209
-3116
-2592
369
2722
1070
-1377
-1297
122
1736
2242
1949
1671
342
-963
-1569
-2953
-4125
-3506
-1822
-224
36
-741
-1087
-933
-385
888
1652
1071
281
-8
-256
-924
-1556
-1277
-314
286
340
245
446
1101
1934
2631
2613
1738
776
19
-820
-1837
-2714
-2932
-2728
-2606
-2611
-2589
-2178
-1095
272
1487
1872
1153
17
-1205
-2130
-2223
-1706
-639
997
3666
7762
10165
8384
3978
-626
-3000
-2392
-43
2100
1236
-980
-1156
-115
1353
2304
1833
1356
577
-623
-1217
-2511
-3918
-3612
-2421
-1023
-196
-698
-1185
-1098
-618
565
1481
1196
495
-57
-571
-1071
-1524
-1330
-442
292
537
408
145
262
807
1675
2263
1820
733
-613
-1908
-2639
-2913
-2868
-2659
-2735
-2766
-2593
-2232
-1328
-43
1124
1601
1068
-171
-1634
-2571
-2384
-1343
-80
1137
3537
7197
9142
7737
3868
-473
-2831
-2397
200
2303
1124
-880
-1058
-86
1608
2656
2191
1243
-13
-850
-1133
-2399
-3761
-3729
-2601
-1141
-275
-440
-921
-1070
-394
872
1622
1339
630
173
-355
-1103
-1458
-1132
-297
436
337
-26
173
833
1659
2150
1800
888
-54
-695
-1196
-1954
-2562
-2616
-2399
-2180
-2145
-2121
-1718
-919
175
1112
1253
711
-302
-1517
-2241
-2222
-1339
89
1602
4006
7315
9310
8150
4331
273
-2225
-2487
-316
1773
1271
-301
-764
91
1491
2200
2044
1405
247
-573
-895
-1991
-3335
-3661
-3068
-1745
-679
-639
-779
-816
-391
880
1663
1475
854
64
-451
-920
-1290
-1060
-584
-46
354
338
300
354
669
1320
1803
1879
1254
-80
-1442
-2517
-2930
-2638
-2354
-2142
-2159
-2426
-2152
-1443
-567
552
1063
758
-78
-1572
-2681
-2654
-1713
86
1919
3841
6654
8379
7356
4264
372
-2145
-2341
-742
1248
1015
-605
-965
-225
1318
2413
1923
1023
-95
-930
-1089
-2084
-3407
-3876
-3448
-1990
-796
-706
-865
-854
-244
902
1594
1477
693
-209
-723
-1099
-1222
-993
-542
-25
112
144
396
629
907
1317
1689
1704
949
-39
-1142
-2151
-2381
-2262
-2055
-1997
-2375
-2330
-1718
-988
15
741
926
680
-92
-1039
-1644
-1654
-926
437
1917
3658
6133
7979
7433
4751
1330
-1231
-2162
-1235
652
1270
548
203
622
1398
1833
1759
1439
502
-489
-1115
-2087
-3178
-3743
-3448
-2158
-957
-459
-225
-214
-53
582
1217
1317
678
-256
-838
-1241
-1382
-1062
-509
98
333
177
96
143
494
1230
1937
2208
1532
203
-1092
-2141
-2549
-2442
-2290
-2153
-2248
-2286
-1841
-1233
-281
788
1241
1026
213
-946
-1764
-1984
-1234
383
1910
3708
6117
7666
6873
4115
849
-1483
-2244
-1073
877
1387
535
53
197
752
1358
1336
855
-83
-1139
-1713
-2493
-3592
-3952
-3522
-2383
-1093
-543
-400
-359
-355
167
813
811
289
-433
-1007
-1289
-1384
-1198
-703
-309
-118
256
903
1376
1350
879
580
661
507
210
-481
-1825
-2747
-2834
-2314
-1660
-1679
-1823
-1607
-1324
-572
366
746
514
-179
-887
-1226
-1295
-844
259
1502
3263
5826
7539
7044
4630
1516
-771
-1712
-770
1291
1815
1062
555
165
521
1241
1536
1646
621
-722
-1118
-2056
-3174
-3333
-3153
-2114
-757
-236
151
102
-99
580
1163
1177
921
97
-650
-1156
-1516
-1155
-653
-93
696
936
834
700
552
929
1477
1901
1802
627
-894
-2165
-2952
-2962
-2607
-2092
-1656
-1686
-1526
-943
-233
490
741
402
-268
-1117
-1454
-1134
-570
84
1012
2843
5380
7081
6724
4468
1466
-1009
-1771
-357
1306
1538
880
202
83
545
952
1203
726
-373
-920
-1353
-2152
-2874
-3413
-3216
-2161
-1044
-235
-123
-481
-574
-325
85
317
133
-249
-795
-1300
-1520
-1453
-1084
-683
-261
327
853
1135
1052
730
573
491
320
-66
-926
-1953
-2687
-2871
-2435
-1880
-1612
-1548
-1446
-1042
-452
67
316
144
-237
-640
-1027
-1138
-682
283
1220
2243
4012
5732
6239
5319
3277
1046
-588
-572
985
1781
1295
494
-82
330
921
1132
1100
65
-789
-828
-1173
-1492
-2164
-2881
-2284
-1472
-689
184
18
-148
69
85
605
649
-3
-157
-517
-823
-668
-826
-646
-49
396
1106
1416
963
630
613
884
1202
845
-95
-1089
-1952
-2341
-2195
-1974
-1777
-1485
-1171
-713
-214
106
363
412
50
-501
-1033
-1277
-873
-35
773
1644
3106
4855
5928
5791
4359
2099
26
-800
34
1006
952
646
219
-258
-171
152
245
-76
-669
-782
-883
-1479
-1960
-2234
-2295
-1860
-1209
-676
-464
-617
-685
-556
-375
-175
-23
-92
-420
-796
-1025
-1026
-757
-463
-156
406
852
1051
1034
583
146
-73
-346
-363
-631
-1423
-1936
-2356
-2522
-2146
-1959
-1653
-1067
-760
-335
-1
-190
-456
-821
-1261
-1280
-961
-369
589
1390
2322
3910
5214
5606
5076
3496
1687
266
-251
494
1003
804
482
-101
-317
-127
40
420
229
-318
-429
-794
-1190
-1552
-2039
-1926
-1592
-1222
-499
-341
-525
-453
-343
64
390
426
432
6
-507
-561
-455
-44
492
861
1026
798
499
439
499
730
803
429
-118
-758
-1321
-1739
-2056
-2033
-1686
-1290
-888
-648
-512
-235
-37
18
-136
-639
-1057
-980
-548
266
1129
1848
2946
4363
5412
5443
4233
2471
887
-53
223
940
950
345
-291
-554
-497
-322
-95
57
-92
-328
-587
-1035
-1635
-1978
-1994
-1733
-1345
-1018
-751
-706
-830
-754
-456
-127
183
291
129
-296
-646
-563
-188
166
334
289
333
482
597
657
443
35
-281
-459
-488
-697
-1254
-1755
-2040
-2059
-1701
-1319
-1029
-749
-621
-533
-511
-742
-1034
-1113
-1006
-585
-56
540
1230
1891
2845
4074
4587
4165
3296
2145
1098
536
651
698
608
625
286
-646
-1437
-1814
-1404
-584
206
530
-260
-1235
-1736
-2118
-1806
-1335
-1260
-815
-697
-821
-712
-886
-739
-166
153
685
761
271
122
-92
-73
288
313
385
411
270
375
292
191
288
259
305
100
-274
-570
-1120
-1407
-1233
-1081
-707
-529
-643
-557
-582
-596
-434
-447
-340
-32
327
938
1416
1600
1827
2281
3066
3747
3918
3507
2502
1385
594
397
667
656
454
231
-366
-646
-559
-535
-211
-71
-192
-182
-669
-1228
-1436
-1826
-1675
-1133
-861
-465
-498
-864
-812
-845
-665
-157
11
152
177
39
121
109
92
196
113
80
56
-116
-302
-493
-518
-373
-306
-301
-463
-802
-1112
-1294
-1308
-1157
-913
-772
-773
-839
-869
-846
-782
-636
-334
29
426
886
1236
1460
1760
2259
2832
3153
2943
2371
1647
1086
884
860
679
457
164
-52
-89
-61
-119
-230
-340
-452
-570
-832
-1204
-1623
-1833
-1735
-1345
-968
-792
-738
-762
-832
-684
-430
-262
-78
31
118
162
49
7
58
-10
52
141
162
152
-19
-285
-449
-550
-442
-229
-282
-451
-727
-1010
-1047
-821
-670
-576
-636
-777
-768
-703
-694
-524
-309
-46
443
848
1082
1231
1360
1482
1797
2195
2509
2523
2237
1773
1391
988
760
824
747
687
729
610
588
520
155
19
-138
-397
-482
-695
-1024
-1118
-1176
-1090
-892
-762
-638
-476
-346
-201
-80
-108
-109
6
51
121
219
153
85
0
-172
-144
-84
-181
-137
-160
-323
-367
-411
-390
-326
-327
-317
-294
-384
-439
-531
-681
-727
-715
-654
-510
-317
-216
-102
19
113
261
486
683
906
1053
1053
1087
1039
982
1056
1043
934
820
581
407
384
375
497
592
562
517
312
6
-186
-467
-700
-752
-823
-811
-801
-914
-1011
-1009
-932
-734
-600
-543
-486
-455
-439
-394
-356
-328
-251
-146
-74
-90
-227
-371
-362
-334
-286
-267
-339
-437
-509
-490
-350
-255
-177
-70
-99
-170
-275
-381
-428
-421
-330
-159
10
178
265
278
287
352
531
719
896
1002
938
803
730
614
522
445
346
320
350
429
500
485
458
488
539
590
577
451
231
18
-118
-130
-173
-269
-342
-321
-234
-133
-35
5
-31
-42
22
70
52
9
-63
-66
-3
7
-27
-107
-223
-277
-268
-245
-235
-269
-269
-219
-212
-232
-201
-149
-78
-15
16
7
-37
-115
-112
-58
4
137
304
409
436
467
525
538
568
661
693
657
570
477
336
122
-76
-166
-219
-205
-135
-80
-21
-23
-19
1
8
-17
-45
-131
-221
-342
-458
-505
-511
-496
-443
-371
-310
-257
-238
-216
-204
-172
-119
-97
-156
-212
-250
-260
-275
-287
-315
-361
-406
-426
-443
-448
-401
-312
-210
-180
-165
-161
-150
-108
-60
-73
-106
-143
-177
-179
-144
-46
98
230
329
389
360
326
369
447
553
661
682
610
474
335
233
145
91
89
107
107
95
70
47
37
90
151
191
204
153
42
-74
-149
-164
-175
-153
-89
-51
-37
-22
2
2
20
60
97
72
1
-65
-101
-118
-139
-214
-295
-326
-330
-295
-267
-244
-205
-125
-19
56
70
73
92
112
139
129
74
21
8
37
101
201
301
370
414
426
402
384
414
487
525
544
524
426
321
221
129
52
-19
-57
-62
-52
-34
-16
-17
-22
-22
-23
-21
-52
-115
-196
-269
-302
-324
-324
-301
-289
-268
-217
-182
-174
-167
-137
-77
-71
-112
-184
-239
-265
-255
-256
-313
-348
-346
-306
-276
-261
-218
-117
-4
82
116
90
65
71
85
96
91
77
54
20
9
76
177
252
322
363
369
337
302
279
245
236
246
223
147
48
-46
-144
-211
-236
-245
-238
-218
-206
-207
-211
-217
-208
-198
-182
-163
-185
-230
-281
-327
-347
-333
-313
-263
-231
-213
-182
-167
-145
-112
-63
-29
-7
-22
-53
-65
-63
-74
-98
-125
-132
-116
-111
-91
-56
7
107
195
254
296
322
324
307
293
286
270
253
241
273
327
373
442
503
543
580
587
574
547
514
493
495
477
432
355
261
166
79
21
-5
-8
-2
16
10
-15
-51
-87
-112
-124
-123
-128
-196
-273
-337
-403
-449
-458
-431
-381
-347
-320
-317
-347
-335
-289
-253
-221
-201
-212
-218
-230
-247
-283
-306
-300
-262
-233
-220
-188
-148
-78
10
60
92
128
139
135
125
115
110
110
123
175
231
289
339
375
401
442
484
470
436
388
354
339
315
273
206
126
43
2
-22
-55
-78
-77
-55
-45
-74
-124
-156
-174
-163
-142
-168
-213
-253
-317
-386
-442
-463
-449
-425
-388
-364
-386
-410
-401
-355
-308
-276
-252
-242
-238
-248
-273
-314
-332
-330
-302
-275
-260
-230
-188
-121
-34
46
119
158
159
166
173
165
170
185
211
269
341
392
423
455
500
580
648
697
694
650
612
582
557
520
480
422
362
300
247
199
173
194
230
241
231
192
144
105
82
60
25
-4
-42
-102
-186
-261
-318
-355
-354
-328
-306
-310
-328
-340
-324
-303
-290
-277
-276
-275
-287
-326
-366
-397
-402
-372
-346
-326
-286
-252
-212
-160
-124
-77
-39
-11
15
18
1
1
-6
23
78
123
166
198
231
270
323
389
429
444
444
420
402
362
319
278
240
208
185
151
124
116
121
119
120
98
77
46
17
6
-13
-33
-64
-96
-140
-179
-233
-271
-303
-320
-313
-312
-314
-326
-323
-317
-306
-302
-296
-289
-287
-299
-317
-329
-340
-325
-305
-293
-268
-242
-217
-189
-158
-130
-87
-50
-18
6
4
8
20
37
70
119
168
220
262
299
344
388
438
470
487
471
450
415
370
325
284
257
231
206
174
146
140
159
174
184
177
157
145
126
113
90
56
40
15
-7
-45
-96
-148
-197
-210
-196
-193
-190
-186
-193
-208
-210
-221
-224
-225
-232
-237
-252
-262
-257
-245
-223
-193
-171
-134
-107
-102
-98
-89
-73
-53
-20
10
19
20
12
21
42
85
144
195
239
274
309
346
368
388
390
398
389
363
327
280
236
203
196
186
170
147
129
118
107
90
86
64
36
9
-18
-47
-74
-94
-114
-130
-161
-184
-228
-275
-301
-315
-314
-310
-316
-324
-335
-346
-342
-347
-345
-339
-350
-354
-356
-355
-347
-324
-307
-276
-239
-223
-207
-208
-206
-188
-144
-97
-63
-45
-40
-23
2
29
71
129
186
243
280
327
384
424
445
460
469
465
464
438
409
382
351
339
336
315
293
268
256
248
239
234
212
183
154
123
80
42
7
-24
-43
-72
-106
-148
-189
-218
-233
-243
-236
-239
-260
-281
-308
-319
-330
-335
-333
-343
-348
-330
-312
-294
-275
-247
-214
-169
-133
-130
-138
-136
-118
-85
-45
-10
18
33
47
70
88
118
163
207
244
269
292
330
354
364
382
393
397
399
386
351
314
290
284
289
283
267
238
203
182
164
149
129
106
78
41
0
-43
-76
-99
-108
-113
-139
-170
-204
-240
-272
-294
-305
-319
-330
-349
-365
-369
-374
-374
-370
-372
-366
-353
-332
-311
-307
-292
-266
-245
-232
-214
-204
-209
-194
-169
-147
-130
-102
-64
-42
-26
14
57
99
151
200
237
279
318
346
365
360
362
368
381
382
368
348
341
340
341
356
357
345
328
306
284
267
242
218
181
137
98
61
29
11
-7
-27
-39
-47
-61
-83
-104
-131
-156
-183
-216
-254
-286
-310
-319
-326
-340
-351
-366
-363
-352
-336
-317
-285
-250
-224
-210
-221
-241
-245
-233
-208
-185
-165
-143
-125
-100
-82
-58
-13
45
99
143
183
211
231
247
263
266
270
280
293
299
293
288
291
299
315
337
340
339
326
311
297
279
261
233
198
161
123
87
63
53
41
24
12
0
-14
-31
-55
-70
-84
-105
-131
-165
-195
-213
-226
-239
-260
-276
-285
-285
-293
-296
-290
-276
-246
-214
-203
-204
-217
-225
-221
-216
-205
-196
-190
-182
-176
-168
-155
-118
-68
-20
29
63
92
109
106
111
115
118
129
142
147
148
144
144
159
169
191
206
209
215
214
209
207
197
192
175
146
126
102
85
74
63
55
50
45
41
36
30
28
24
13
3
-8
-26
-40
-51
-66
-89
-100
-114
-121
-129
-136
-127
-120
-101
-79
-70
-65
-77
-86
-90
-93
-87
-81
-81
-83
-86
-91
-90
-86
-71
-44
-21
2
25
30
39
39
35
40
40
46
48
45
42
40
37
46
59
68
71
68
65
64
62
63
66
57
48
37
29
25
20
20
17
20
17
18
16
14
14
9
8
6
9
14
18
17
8
-6
-19
-27
-39
-46
-51
-48
-42
-30
-17
-14
-15
-18
-22
-21
-17
-16
-22
-31
-38
-53
-59
-61
-65
-54
-39
-22
-7
3
8
2
-1
-1
-3
1
6
12
10
9
8
6
11
8
9
8
5
9
12
18
20
16
16
12
9
7
9
7
3
0
1
1
1
-3
-1
-2
-4
-9
-15
-12
-4
2
14
12
8
5
-7
-11
-19
-20
-17
-9
-5
2
-1
-3
-3
0
7
15
26
28
30
22
13
9
5
6
10
19
23
29
32
33
34
30
29
28
25
23
18
15
18
19
22
22
17
14
4
-5
-7
-12
-10
-4
-5
-10
-16
-20
-22
-22
-23
-22
-22
-25
-27
-34
-39
-43
-46
-45
-45
-42
-40
-36
-30
-25
-26
-23
-21
-26
-31
-33
-33
-31
-24
-14
-8
-8
-4
-5
-4
2
8
14
20
22
20
12
5
6
13
20
30
38
45
50
49
45
41
35
37
36
38
39
36
37
39
38
38
41
38
32
23
17
13
6
6
5
1
-2
0
-2
-6
-8
-13
-17
-17
-15
-17
-24
-28
-32
-34
-36
-39
-39
-39
-35
-35
-32
-32
-36
-37
-38
-35
-34
-30
-24
-20
-19
-23
-21
-18
-18
-15
-10
-6
0
3
4
3
0
3
6
10
14
20
22
28
32
34
31
32
31
30
32
33
36
38
39
39
41
39
41
35
33
33
27
28
23
17
13
8
6
2
0
-3
-5
-7
-4
-7
-11
-16
-22
-26
-30
-30
-32
-34
-34
-37
-41
-39
-41
-40
-41
-38
-38
-38
-35
-30
-27
-27
-26
-22
-19
-19
-16
-16
-12
-12
-12
-14
-14
-13
-4
3
10
15
18
23
29
32
32
35
30
26
23
22
23
28
33
37
42
43
42
37
31
29
30
31
31
30
25
19
16
16
16
11
11
11
7
6
2
0
0
-3
-5
-5
-10
-15
-19
-24
-29
-33
-36
-33
-37
-37
-37
-42
-42
-36
-29
-29
-31
-30
-31
-30
-30
-26
-19
-16
-9
-7
-12
-16
-17
-13
-10
-3
3
8
12
20
23
23
24
23
20
17
17
17
19
23
25
28
29
32
34
33
30
31
32
33
31
31
26
18
14
10
4
2
2
3
0
-2
-4
-8
-10
-9
-10
-13
-13
-13
-16
-23
-21
-23
-22
-25
-27
-26
-31
-31
-30
-29
-25
-19
-17
-17
-16
-16
-11
-6
-2
-1
-2
-4
-7
-8
-6
-2
5
8
12
14
17
19
18
12
10
9
2
3
-1
-1
2
8
14
17
20
25
24
25
22
19
22
19
20
17
16
12
8
6
1
-5
0
0
0
-3
-8
-5
-9
-7
-7
-5
-4
-6
-11
-14
-18
-20
-21
-22
-21
-21
-19
-22
-17
-14
-13
-12
-11
-18
-21
-22
-22
-14
-11
-6
-6
-10
-10
-11
-17
-16
-8
-1
6
12
11
9
3
3
6
8
13
19
19
17
16
16
15
17
20
27
29
27
28
23
25
21
20
22
16
12
11
6
8
1
5
8
4
5
6
11
8
9
7
3
-5
-16
-17
-5
-7
-2
1
6
-11
-23
-25
-26
-25
-11
5
-3
-12
-14
-14
-13
-9
5
10
3
5
0
-12
-16
-14
1
15
18
29
34
20
4
-8
-15
-16
-19
-7
3
9
17
32
36
24
19
16
9
-3
-7
-5
-11
-10
0
-4
-4
-9
-21
-29
-16
-12
-16
-5
-8
-19
-24
-27
-19
-21
-17
-10
-19
-19
-27
-37
-29
-28
-23
-28
-34
-44
-40
-25
-24
-6
-4
-19
-33
-38
-46
-50
-36
-15
-10
-3
-1
9
0
0
6
2
14
18
13
19
25
21
25
6
-1
9
-12
-7
23
37
51
43
50
63
50
63
64
54
39
1
-17
19
14
-3
49
65
54
58
54
34
67
20
19
31
-20
-115
-127
-80
92
15
383
754
218
-179
-388
-602
-778
-588
150
641
439
631
462
-5
-512
-652
-502
-290
-88
228
515
408
133
-3
-85
-180
-125
54
199
156
198
92
-15
-108
-102
-22
80
127
141
127
30
-161
-265
-232
-153
-25
166
301
305
208
48
-155
-273
-285
-254
-90
95
168
183
148
21
-106
-163
-138
-117
-43
50
51
17
-34
-122
-184
-166
-108
-66
-9
10
-43
-97
-136
-217
-228
-140
-67
30
92
81
34
-51
-126
-168
-150
-70
4
65
98
66
-2
-40
-65
-73
3
84
127
164
127
77
7
-67
-78
-63
-12
59
87
100
56
23
27
19
26
93
137
116
114
82
41
11
25
46
47
45
70
31
7
26
25
39
60
49
33
-7
-27
-23
-18
2
12
34
-6
-41
-78
-93
-73
-55
-19
49
54
58
23
12
-32
-86
-55
-46
-31
-11
34
65
36
28
50
0
8
-13
19
41
32
51
58
53
48
62
57
70
65
42
8
-34
-64
-36
-34
35
107
140
164
137
83
15
-53
-74
-38
-1
61
98
93
79
-10
-65
-80
-85
-46
8
64
59
-2
-35
-106
-168
-151
-111
-41
-20
-2
-27
-118
-181
-188
-190
-143
-83
-18
0
-31
-69
-110
-148
-167
-119
-84
-35
-12
-27
-27
-62
-69
-75
-76
-49
-37
-31
-17
-2
-4
14
-14
-11
-16
-32
-55
-51
-35
-4
-35
32
82
38
38
77
82
60
61
103
110
68
79
99
96
75
96
84
99
61
61
95
81
67
106
90
69
41
11
24
16
-6
19
35
16
21
-12
-9
-4
-34
-13
15
11
16
6
13
-6
-21
-10
17
3
-1
29
-2
-30
-24
-38
-13
11
30
74
37
32
17
-16
-26
-20
-22
29
50
50
46
32
3
-22
-39
-16
1
19
76
90
89
76
47
-3
-36
-42
-14
-9
22
56
37
22
-2
-43
-57
-56
-47
-7
5
43
39
-28
-37
-78
-138
-107
-58
-20
29
20
33
-27
-109
-105
-77
-101
-46
24
25
-9
-5
-32
-24
15
-55
19
-21
-171
-212
-200
-171
34
-6
470
685
162
53
-232
-672
-658
-564
-136
433
357
605
346
-10
-359
-698
-660
-304
-173
154
493
488
233
41
-70
-254
-199
-66
72
195
239
139
107
-33
-106
-28
45
64
127
141
78
-74
-194
-185
-166
-108
44
174
216
161
68
-33
-129
-176
-99
-26
103
197
199
173
94
-13
-68
-79
-81
-9
46
70
55
46
1
-39
-2
20
69
139
111
67
28
-55
-128
-105
-75
-5
115
130
117
71
1
-88
-118
-75
19
100
161
192
140
51
-45
-112
-88
-21
68
142
176
141
48
-39
-99
-158
-109
-12
66
109
140
106
8
-81
-127
-143
-136
-65
3
43
74
53
21
18
-41
-62
-32
-19
-33
-4
5
16
-2
-5
7
3
-22
-38
-25
-44
-36
-16
44
57
40
23
-27
-72
-117
-126
-66
-8
26
55
53
14
-66
-126
-134
-98
-88
-26
81
75
13
5
-57
-113
-145
-94
-10
-22
4
21
-26
-67
-113
-121
-59
-52
-48
15
30
-57
-84
-83
-92
-112
-104
-14
-9
-45
-34
-28
-30
-56
-39
27
32
-7
4
-13
-17
-36
-7
49
84
70
87
68
31
-10
-18
22
81
110
151
203
148
84
33
18
-2
25
97
170
158
159
141
70
27
-24
6
52
102
124
153
150
84
11
-10
-37
-42
-1
52
74
63
56
44
-4
-20
-20
-27
2
-1
14
-1
-31
-52
-72
-57
-26
-15
16
32
-1
-23
-55
-38
-43
-32
0
10
13
10
-34
-37
-40
-49
-26
-17
2
5
-22
-21
-27
-45
-23
-17
-10
2
-9
-17
-21
-14
3
-5
5
24
13
-6
-25
-39
-47
-47
-18
-4
16
29
23
7
0
-24
-33
-44
-31
-21
-40
-18
-11
-10
2
-19
-25
-19
-54
-46
-22
-18
-31
-22
-26
-40
-62
-53
-47
-59
-62
-38
-45
-58
-63
-56
-61
-64
-45
-41
-17
-40
-48
-34
-47
-52
-37
-38
-17
-15
-6
9
-4
-9
2
-3
21
30
31
45
33
21
17
24
44
57
56
60
55
53
39
48
69
71
80
87
92
81
57
65
70
65
81
90
86
87
79
68
63
54
42
40
39
35
30
33
43
24
12
9
3
-13
-15
-11
-1
-10
0
7
6
3
-18
-15
-21
-37
-36
-19
-7
6
3
-5
-15
-45
-65
-57
-46
-29
-4
19
18
11
-14
-31
-34
-47
-27
9
19
31
31
-2
-10
-44
-48
-47
-42
-2
36
52
65
43
25
-8
-48
-54
-46
-24
0
29
37
30
10
-14
-47
-55
-50
-27
-7
10
16
-2
-27
-48
-61
-58
-48
-35
-15
-9
-13
-34
-44
-64
-83
-82
-54
-27
-12
-9
-9
-22
-54
-79
-86
-83
-63
-33
-4
23
16
6
-4
-29
-52
-39
-30
-8
17
29
36
17
4
-4
-17
-7
-1
10
29
33
33
22
24
25
20
29
41
39
38
34
30
30
21
21
29
37
44
40
43
39
25
29
32
23
30
38
29
32
20
12
7
7
21
31
35
38
42
26
13
6
6
14
14
31
28
19
12
12
4
-4
5
21
22
20
21
8
-3
-12
-14
6
12
26
34
22
9
-9
-14
-17
-11
-3
22
22
18
14
2
-16
-16
-12
-1
10
14
19
18
6
-7
-9
-16
-13
-6
-5
-1
-3
-8
-9
-14
-18
-19
-26
-20
-17
-26
-24
-22
-23
-32
-38
-38
-38
-37
-32
-22
-14
-22
-23
-28
-31
-43
-40
-32
-36
-31
-25
-20
-24
-34
-26
-18
-22
-13
-13
-16
-18
-20
-19
-15
-20
-16
1
-1
-5
-2
-7
-10
-17
-13
-10
-2
2
11
10
9
1
-1
0
1
-2
3
16
17
29
19
21
18
6
0
-1
11
15
15
27
30
19
11
10
9
9
13
23
26
19
20
10
7
3
5
10
18
16
22
24
21
15
10
9
0
-3
-3
5
4
11
10
13
11
8
15
15
14
17
17
10
11
8
11
11
17
20
15
12
12
13
5
11
15
20
22
24
21
13
4
-4
-5
-3
2
13
18
14
17
12
13
7
6
5
5
10
11
8
5
1
-8
-6
-4
-2
1
2
-2
-13
-20
-19
-22
-22
-14
-10
-6
-8
-13
-16
-24
-29
-24
-18
-11
-9
-8
-7
-16
-18
-22
-16
-14
-14
-11
-10
-9
-13
-15
-19
-12
-12
-10
-8
-10
-15
-19
-16
-17
-12
-14
-8
-9
-12
-19
-22
-24
-21
-20
-17
-12
-12
-10
-15
-13
-18
-10
-9
-9
-5
-9
-8
-9
-10
-10
-11
-8
-5
-6
-2
-5
-6
-10
-14
-19
-18
-7
-9
4
7
11
11
1
4
-1
-5
2
5
9
14
14
16
14
16
19
14
17
21
19
20
20
18
20
15
15
20
16
24
18
25
25
20
23
24
22
18
21
19
15
21
21
26
24
28
27
21
19
14
10
8
12
14
18
19
16
15
14
13
10
8
11
14
10
11
9
6
-1
1
1
3
4
10
16
12
6
7
0
-7
-4
2
5
3
4
6
6
-6
-13
-12
-14
-17
-10
-6
-5
-7
-11
-14
-24
-28
-26
-21
-20
-18
-15
-16
-19
-24
-28
-28
-30
-27
-22
-22
-20
-24
-30
-31
-29
-31
-25
-15
-15
-19
-18
-21
-28
-29
-29
-23
-22
-14
-9
-12
-14
-21
-22
-27
-25
-21
-13
-10
-12
-9
-7
-12
-11
-9
-7
-4
1
5
2
2
-3
-4
-4
-2
2
4
1
4
3
-1
0
-1
0
6
4
8
7
9
13
12
14
23
22
24
23
26
26
27
32
30
33
31
33
29
30
29
27
27
26
26
25
25
20
22
23
19
19
19
20
16
15
17
17
15
11
10
5
3
3
1
3
5
3
3
-1
-6
-1
-2
1
0
5
8
5
2
-2
-6
-9
-1
2
8
3
7
5
4
-1
-5
-1
-3
-4
-2
-1
-4
-7
-4
-3
-4
-2
2
2
-2
-1
2
0
-4
1
-1
1
-4
-2
-2
-6
-3
-5
-7
-9
-8
-12
-9
-13
-14
-18
-18
-19
-19
-21
-25
-22
-24
-21
-21
-20
-20
-19
-19
-20
-26
-25
-22
-21
-18
-15
-14
-16
-17
-16
-19
-22
-18
-16
-16
-13
-14
-12
-16
-16
-14
-12
-10
-11
-6
-5
-4
-7
-7
-11
-10
-7
-2
-1
1
8
8
6
6
6
7
8
12
15
16
16
19
18
19
19
17
19
20
21
21
20
20
20
20
19
20
22
22
20
20
16
12
14
15
13
16
18
18
16
14
17
14
14
13
16
13
12
13
15
10
10
12
13
14
11
16
10
9
8
6
8
3
7
8
5
3
0
0
-3
1
0
3
1
1
0
2
1
-1
0
-1
-3
-2
-1
-2
-4
-3
-2
-5
-3
-4
-4
-4
-5
-6
-6
-7
-11
-10
-11
-13
-11
-8
-11
-12
-12
-12
-13
-14
-14
-13
-14
-14
-12
-13
-12
-12
-15
-13
-11
-12
-13
-15
-13
-13
-14
-17
-16
-16
-16
-15
-15
-15
-14
-14
-14
-12
-16
-15
-17
-15
-16
-14
-14
-13
-11
-8
-8
-8
-6
-7
-11
-11
-7
-9
-6
-6
-2
-3
-2
1
2
1
1
2
3
7
5
3
5
9
10
9
10
11
11
10
11
9
11
9
7
6
4
8
10
8
11
10
11
13
11
14
13
14
16
18
20
18
20
22
21
22
21
20
21
22
22
21
20
19
19
16
16
17
17
17
15
15
14
13
12
12
11
9
11
9
7
9
10
8
8
4
4
3
-1
1
-1
-2
1
0
-1
-2
-5
-5
-7
-11
-11
-10
-11
-10
-10
-11
-15
-15
-15
-17
-19
-19
-18
-18
-17
-17
-19
-22
-22
-22
-24
-23
-22
-21
-21
-18
-21
-22
-21
-19
-17
-16
-11
-7
-4
-3
-5
-5
-7
-7
-6
-5
-2
-1
0
-1
1
0
-2
-2
-4
-3
-3
-3
-2
-4
-3
-4
-3
1
-1
-3
-3
-3
-7
-7
-9
-8
-7
-6
-5
-3
-1
-5
-2
-1
-1
-1
1
3
1
2
4
5
7
8
10
11
14
12
10
9
10
10
10
13
14
12
14
12
13
11
10
11
10
10
10
10
9
9
10
9
10
10
11
10
13
12
11
11
10
11
12
12
14
15
15
13
12
10
7
7
8
6
6
7
4
3
4
4
3
3
4
4
4
3
1
0
-1
-4
-4
-5
-6
-5
-5
-6
-6
-6
-5
-7
-8
-7
-9
-9
-9
-12
-13
-12
-11
-11
-12
-10
-9
-10
-12
-10
-12
-10
-10
-10
-12
-11
-12
-13
-14
-12
-10
-7
-7
-8
-7
-6
-6
-6
-3
-3
0
1
1
2
1
1
1
2
3
2
3
4
2
1
-1
0
1
0
1
2
4
3
3
2
0
2
3
3
1
1
0
-2
-1
-3
-3
0
0
2
0
1
2
-1
0
0
-4
-3
-4
-5
-1
-2
-2
-1
-4
-4
-6
-5
-4
-4
-2
-2
-1
0
0
-2
-1
1
2
1
3
1
3
4
3
3
6
8
7
8
9
8
7
4
7
6
5
8
9
11
11
11
12
12
10
8
8
10
8
6
8
9
8
6
6
6
6
8
9
9
10
7
5
5
0
-2
-2
0
0
-1
-1
0
0
-1
-1
0
-1
-3
0
-3
-4
-5
-7
-8
-8
-8
-5
-6
-7
-6
-5
-6
-6
-7
-6
-4
-3
-2
-3
-4
-3
-4
-4
-6
-6
-4
-4
-2
-2
-3
-3
-3
-5
-6
-6
-5
-5
-5
-4
-4
-4
-6
-5
-4
-4
-4
-3
-3
-2
-2
-4
-5
-3
-2
-1
-1
-1
0
-1
-1
-1
-1
0
1
1
4
4
4
6
5
5
4
4
5
3
4
4
2
2
2
3
2
0
0
-2
-1
-3
-4
-4
-5
-5
-4
-6
-4
-6
-7
-7
-5
-5
-8
-9
-8
-7
-7
-6
-6
-4
-3
-2
-3
-4
-4
-2
-2
-1
0
1
2
1
1
1
2
1
2
3
5
6
7
6
7
7
7
6
6
8
9
12
11
10
11
10
12
11
10
12
12
13
12
12
11
12
12
14
11
10
13
12
10
10
7
5
4
3
2
2
3
3
2
2
1
2
-1
-2
-1
-3
-2
-2
-5
-4
-5
-5
-6
-6
-6
-6
-6
-6
-7
-6
-6
-6
-6
-7
-6
-6
-7
-7
-8
-9
-11
-12
-10
-10
-12
-11
-9
-8
-11
-11
-9
-11
-10
-10
-9
-9
-9
-6
-8
-7
-6
-6
-5
-4
-5
-2
-2
-2
1
-1
1
0
1
1
0
0
1
2
0
-1
0
-1
0
2
1
3
4
6
6
3
4
3
1
-1
-1
-1
0
0
1
0
-1
-2
-2
-3
-3
-2
-2
0
0
0
-1
-1
0
-1
-3
-3
-3
-4
-3
-2
-2
0
1
1
1
3
4
6
6
6
6
8
8
7
8
7
7
9
9
12
12
11
12
12
12
13
13
13
12
12
11
11
9
7
9
