18
18
16
13
13
12
11
9
10
10
8
8
7
5
5
2
3
4
1
0
0
-1
-1
0
1
2
2
-2
-4
-4
-4
-5
-5
-6
-6
-6
-3
-3
-4
-2
-1
-2
-1
-3
-2
-1
0
1
3
4
4
6
4
5
4
5
3
1
1
-3
-3
-3
-5
-4
-6
-5
-7
-6
-6
-7
-9
-8
-7
-9
-9
-8
-11
-11
-9
-7
-8
-6
-5
-8
-8
-7
-9
-8
-5
-5
-6
-6
-5
-5
-7
-7
-8
-7
-5
-4
-5
-5
-4
-3
-3
-3
-2
-2
-3
-2
-1
-1
-2
-2
-1
-1
1
2
1
1
0
-1
-2
-1
0
-2
-1
-2
-2
-2
-3
0
-1
-2
-4
-5
-6
-7
-6
-6
-5
-4
-7
-3
-2
-2
1
2
5
6
7
7
6
6
8
8
9
11
12
13
16
16
16
16
15
17
15
17
18
19
20
19
19
17
17
17
16
16
14
13
13
12
10
8
9
7
6
6
5
5
4
1
0
-3
-4
-5
-6
-8
-10
-13
-11
-12
-12
-10
-12
-12
-14
-12
-13
-13
-10
-11
-11
-7
-7
-4
-4
-4
-1
-2
-3
-1
-3
-4
-2
-1
3
2
2
4
2
0
0
-1
-3
-4
-6
-4
-5
-8
-7
-8
-9
-7
-8
-7
-8
-9
-8
-9
-10
-12
-11
-10
-11
-11
-10
-10
-9
-8
-7
-8
-8
-5
-4
-4
-4
-1
0
0
1
2
3
6
8
7
8
7
5
4
4
5
7
6
6
4
4
3
1
3
4
2
0
-1
-3
-6
-7
-4
-6
-4
-1
-2
-3
-3
-3
-4
-5
-3
-3
-1
-1
-2
-3
-2
-3
-2
-1
-1
0
-1
0
0
0
3
5
7
9
11
10
9
12
15
16
19
22
22
24
25
24
23
22
22
21
20
19
16
16
16
14
12
10
8
7
3
0
-2
-5
-6
-6
-8
-9
-11
-12
-12
-11
-12
-12
-11
-10
-11
-11
-13
-12
-13
-14
-13
-11
-9
-11
-10
-8
-6
-5
-2
0
2
2
1
0
2
1
1
5
7
10
11
10
9
8
5
5
6
7
5
4
1
1
1
1
0
-3
-4
-7
-9
-11
-12
-12
-12
-10
-8
-9
-11
-12
-11
-11
-10
-11
-12
-11
-12
-14
-15
-16
-17
-16
-13
-14
-14
-11
-11
-11
-12
-9
-10
-8
-5
-5
-4
-1
0
1
0
2
2
2
3
2
2
3
5
5
5
4
1
3
5
2
3
4
4
2
2
4
4
3
4
8
8
8
10
12
10
10
10
10
9
7
7
7
7
8
9
8
7
6
6
6
5
7
9
10
13
12
15
16
16
19
21
22
23
24
23
23
21
19
18
14
12
11
10
9
8
6
5
2
-1
-2
-7
-7
-6
-7
-7
-7
-7
-8
-11
-10
-7
-9
-11
-10
-12
-12
-14
-13
-11
-14
-14
-13
-12
-14
-16
-15
-17
-17
-15
-15
-13
-10
-9
-5
-2
-1
-1
0
-1
1
2
1
1
1
2
0
0
1
2
1
1
1
-1
-3
-6
-7
-7
-9
-10
-9
-12
-13
-12
-12
-11
-11
-9
-9
-9
-9
-9
-10
-10
-8
-9
-8
-9
-9
-9
-9
-8
-8
-8
-6
-5
-6
-6
-7
-4
-4
-3
-1
1
1
1
2
5
7
8
9
8
10
8
8
8
10
11
11
11
11
8
6
6
6
5
4
4
5
6
7
9
9
8
8
7
9
10
11
10
11
11
11
13
12
12
14
14
13
11
12
12
13
14
16
16
15
16
16
17
17
20
21
20
22
22
20
22
20
18
16
13
11
8
7
5
3
4
0
-3
-3
-6
-8
-11
-14
-15
-16
-18
-22
-21
-22
-21
-21
-22
-22
-25
-26
-25
-28
-26
-25
-24
-24
-24
-23
-22
-21
-20
-19
-18
-17
-16
-14
-13
-13
-12
-10
-9
-7
-6
-4
-2
-4
-1
2
1
1
3
4
7
10
6
7
7
7
4
5
3
1
1
0
1
-2
-1
0
-1
-4
-2
-3
-4
-4
-4
-3
-4
-3
-3
-1
-4
-3
-1
-1
0
0
3
1
2
3
2
3
3
4
6
5
10
10
11
11
9
7
8
6
6
6
6
7
7
7
8
7
7
8
6
7
4
3
2
1
1
0
1
0
2
1
1
0
0
0
1
0
0
1
2
3
3
4
4
7
7
8
9
8
10
10
10
10
11
12
11
11
11
9
6
9
11
10
12
14
12
14
15
13
13
15
17
15
14
15
13
11
10
9
8
6
4
3
2
-1
-3
-7
-11
-12
-12
-15
-17
-18
-17
-19
-21
-21
-23
-24
-24
-24
-25
-27
-23
-22
-21
-19
-20
-20
-19
-17
-18
-18
-18
-17
-17
-16
-14
-14
-13
-12
-10
-10
-10
-9
-7
-8
-4
-3
-4
-2
-3
-2
-1
-2
-1
0
-1
0
-1
-4
-2
-3
-3
-3
-3
-4
-4
-3
-1
-2
-2
-2
-3
0
2
1
3
3
4
5
6
9
7
10
11
12
12
11
11
10
11
12
12
12
13
14
14
13
13
14
15
14
13
14
13
11
11
13
12
14
12
12
12
14
13
11
13
13
12
10
8
10
7
4
5
4
1
2
2
1
1
1
0
-2
1
-1
-1
1
1
2
1
2
4
5
5
8
7
9
10
9
8
8
9
6
6
6
6
6
5
5
6
3
1
0
-1
-1
-1
-2
-4
-5
-7
-8
-11
-13
-13
-15
-14
-15
-18
-19
-20
-20
-20
-22
-23
-23
-24
-24
-26
-25
-23
-23
-20
-17
-16
-13
-10
-13
-15
-16
-14
-14
-15
-15
-15
-14
-13
-11
-10
-8
-6
-6
-8
-6
-6
-6
-5
-4
-1
1
1
2
2
2
4
7
7
10
11
8
9
8
7
7
5
5
5
4
2
2
3
2
1
1
1
0
2
4
6
5
6
9
10
10
12
11
14
16
15
16
17
17
15
17
16
15
16
17
16
16
14
13
12
10
9
11
12
13
14
13
13
13
11
11
11
11
9
7
6
7
7
5
5
4
4
3
1
0
-2
-3
-4
-3
-5
-7
-7
-5
-5
-4
-3
-3
-1
-1
-2
-1
-1
-1
1
2
0
1
0
1
1
1
-1
-1
-4
-3
-4
-6
-5
-3
-4
-2
-4
-6
-5
-5
-4
-5
-6
-8
-9
-9
-10
-9
-12
-11
-9
-10
-12
-14
-16
-19
-21
-22
-22
-21
-19
-21
-19
-19
-21
-19
-20
-19
-17
-16
-14
-14
-12
-12
-12
-12
-10
-10
-6
-6
-7
-6
-7
-4
-6
-5
-3
-3
-1
0
0
1
3
6
7
7
10
12
14
14
16
16
16
17
15
16
17
17
18
17
18
15
11
10
7
7
5
5
7
7
6
4
4
3
2
3
2
3
6
4
4
4
5
6
7
9
9
9
11
10
10
11
10
12
14
15
14
15
16
15
14
15
12
11
12
13
11
8
8
8
7
5
4
6
3
2
3
0
-2
-2
-2
-3
-3
-3
-6
-7
-9
-7
-5
-7
-6
-6
-10
-11
-10
-11
-13
-13
-13
-13
-11
-9
-8
-9
-9
-7
-9
-8
-8
-7
-5
-3
-3
-1
-1
1
2
0
-1
-2
-4
-5
-5
-6
-7
-6
-5
-7
-7
-6
-8
-7
-9
-11
-11
-14
-15
-13
-15
-13
-14
-14
-12
-11
-14
-15
-14
-15
-15
-14
-13
-12
-14
-13
-13
-13
-13
-8
-8
-8
-6
-7
-6
-6
-6
-2
1
3
6
4
7
9
10
11
12
14
14
17
17
15
17
18
15
15
16
15
16
16
17
15
15
14
12
12
13
10
11
11
9
8
8
8
8
7
4
6
3
4
5
5
5
5
8
6
6
7
8
7
7
8
7
7
6
6
8
7
7
7
7
7
7
8
8
9
6
5
6
6
6
5
5
5
7
4
1
0
-2
-1
-3
-3
-5
-6
-5
-6
-5
-7
-7
-6
-6
-9
-11
-11
-13
-15
-14
-14
-14
-15
-17
-17
-17
-18
-18
-20
-19
-16
-15
-15
-13
-13
-13
-10
-11
-9
-7
-7
-3
-4
-4
-2
-1
-2
-1
0
0
1
0
0
-1
-1
-1
-2
-2
1
1
1
0
0
-3
-5
-4
-5
-5
-3
-2
-4
-1
-1
-1
-1
-1
2
-1
-1
-2
-4
-2
-2
-2
0
0
-1
1
-1
-2
-2
0
0
0
0
2
4
5
8
7
7
8
9
7
8
7
8
8
8
10
10
11
11
9
10
9
7
7
7
6
7
5
4
5
4
6
6
7
7
5
5
4
4
5
3
3
4
2
0
2
1
0
0
2
4
3
2
0
0
0
1
0
1
1
4
4
5
5
6
5
5
5
6
5
5
7
6
4
5
6
7
5
4
2
4
2
1
-1
-2
1
0
1
1
0
0
1
-2
-4
-6
-5
-5
-9
-9
-9
-10
-10
-11
-12
-11
-11
-11
-11
-12
-11
-11
-12
-13
-14
-14
-11
-11
-10
-11
-11
-9
-8
-6
-6
-5
-4
-4
-5
-4
-5
-5
-2
-3
-1
1
-3
-2
-1
-4
-5
-7
-8
-5
-6
-5
-6
-6
-7
-3
-6
-6
-6
-8
-8
-8
-8
-8
-6
-4
-1
-2
0
-1
-1
0
0
0
3
2
3
5
5
8
8
9
6
9
7
7
11
12
12
12
12
13
12
10
12
12
11
12
10
12
12
12
13
13
14
12
11
8
8
10
9
9
10
9
10
11
8
7
7
8
8
5
5
5
5
6
6
2
4
3
1
1
2
5
5
6
9
9
9
10
9
6
8
6
4
3
1
0
-1
1
1
-1
-3
-2
-4
-6
-7
-8
-7
-9
-7
-9
-11
-13
-15
-15
-13
-14
-14
-14
-14
-14
-17
-18
-18
-19
-18
-18
-18
-19
-19
-21
-22
-22
-23
-21
-21
-21
-17
-18
-17
-14
-12
-11
-10
-10
-10
-10
-7
-4
-4
-2
0
2
1
1
3
5
4
4
7
9
9
7
11
9
8
10
9
9
9
11
13
14
15
14
12
10
11
8
8
8
8
8
7
5
6
5
3
3
1
3
4
5
7
6
8
8
9
8
11
11
9
8
8
5
3
4
6
5
7
8
4
4
6
2
0
-2
-1
-2
-1
1
0
-1
-1
0
1
2
3
1
2
3
2
3
3
3
3
3
3
4
4
2
0
2
0
0
-1
0
0
-1
1
2
0
0
1
1
1
2
3
3
3
2
1
1
1
2
1
2
0
-3
-4
-3
-4
-6
-4
-1
-1
-2
-5
-8
-9
-9
-8
-8
-7
-6
-7
-7
-10
-11
-11
-9
-7
-6
-8
-11
-15
-15
-15
-18
-17
-13
-13
-13
-17
-16
-16
-18
-19
-17
-15
-12
-9
-9
-7
-6
-4
-2
-3
-1
1
1
3
3
4
4
5
5
7
8
8
9
9
11
11
11
11
13
11
12
12
11
12
11
8
6
5
7
6
7
7
5
5
4
3
3
5
7
7
10
10
10
9
6
7
5
4
6
3
4
6
6
6
9
11
10
10
7
5
4
3
4
3
2
3
4
4
3
2
1
2
0
0
-1
-4
-4
-4
-3
-2
-5
-4
-5
-4
-6
-3
-1
-1
-1
-3
-2
-3
0
0
-1
1
2
0
-1
-3
-1
-1
-1
2
3
0
1
0
-1
0
-2
-1
-1
1
1
-4
-3
-3
-5
-4
-5
-2
-1
-2
0
-2
-4
-5
-6
-8
-7
-5
-7
-7
-9
-8
-10
-10
-9
-10
-10
-11
-13
-13
-14
-16
-13
-14
-11
-12
-15
-13
-12
-10
-8
-6
-6
-6
-8
-5
-4
-2
0
2
4
5
7
7
5
8
10
10
9
9
8
8
8
7
7
6
9
9
7
10
10
9
8
9
8
7
6
7
5
4
5
4
5
5
4
3
2
2
3
2
1
3
4
4
6
6
7
9
9
9
9
9
7
8
7
6
8
8
9
8
8
9
8
7
8
8
8
7
7
6
8
5
6
5
1
-2
-4
-6
-6
-9
-10
-7
-7
-7
-8
-9
-10
-8
-14
-15
-15
-15
-15
-17
-17
-16
-14
-12
-9
-7
-7
-8
-9
-11
-10
-6
-5
-4
-1
0
0
-2
-1
-1
-2
-1
0
3
5
7
7
4
4
3
6
5
3
3
2
2
-2
-2
-3
-4
1
1
-1
-1
1
-2
-4
-4
-3
-1
0
0
1
0
-3
-3
-2
-2
-3
-3
1
2
0
-1
-1
0
0
0
2
3
3
2
1
1
-5
-3
-3
-2
0
1
1
2
-1
1
0
3
8
10
9
7
4
3
2
0
3
6
8
9
8
6
3
2
0
0
1
2
1
1
-1
-1
-1
-1
-1
1
2
0
1
-2
-6
-7
-6
-3
-2
-1
-1
1
2
0
-3
-4
-1
3
3
2
5
3
2
0
1
4
3
7
8
10
9
7
6
4
5
8
9
9
9
7
4
0
-1
-1
-1
1
1
2
-1
-3
-6
-5
-5
-5
-2
-2
-3
-5
-6
-6
-7
-9
-7
-6
-7
-6
-6
-4
-4
-3
-2
-3
-3
-3
-5
-4
-4
-2
-3
-2
-2
-4
-2
-1
1
1
0
1
1
1
-2
-1
2
2
5
6
5
3
1
1
1
0
1
3
2
-1
-1
-3
-3
-5
-4
-4
-4
-3
-3
-5
-4
-6
-6
-5
-6
-6
-7
-2
-1
-4
-4
-2
-2
-6
-5
-8
-6
-8
-8
-5
-5
-4
-1
1
-1
2
0
0
2
2
2
1
4
8
9
13
12
9
10
9
8
8
6
9
11
10
12
8
8
11
12
9
8
4
5
4
4
3
3
5
9
7
4
5
5
4
2
2
-3
-3
1
3
3
2
6
4
4
4
3
4
7
8
7
4
1
0
0
-1
3
4
3
3
0
-2
-4
-5
-3
-2
-3
0
-2
-6
-11
-13
-11
-11
-7
-4
-7
-8
-11
-14
-15
-15
-13
-11
-7
-5
-6
-10
-10
-9
-11
-10
-7
-6
-6
-6
-8
-10
-11
-7
-3
0
1
-2
-2
-4
-5
-4
-2
1
6
6
7
8
3
3
1
-1
0
1
0
2
0
3
2
-1
0
1
-1
0
-1
-5
-7
-7
-8
-9
-8
-6
-5
-3
-3
-5
-7
-6
-6
-6
-3
-3
-3
-1
2
2
5
5
8
10
11
9
8
8
8
11
13
15
17
18
20
20
18
18
17
15
16
19
18
17
20
20
20
19
16
14
12
11
13
12
13
11
9
5
1
-3
-5
-3
1
0
-1
-3
-9
-16
-20
-17
-12
-9
-6
-1
-3
-11
-16
-18
-23
-23
-15
-9
-3
-4
-10
-16
-20
-21
-17
-11
-3
4
0
-5
-9
-15
-18
-17
-9
1
5
6
2
-6
-14
-17
-17
-10
0
7
6
2
-4
-11
-18
-15
-7
2
11
14
8
0
-10
-14
-13
-5
4
14
18
16
7
-5
-12
-12
-5
3
11
14
12
3
-7
-14
-13
-7
4
12
16
12
3
-6
-13
-12
-5
6
15
22
20
14
6
0
-2
2
11
18
19
15
8
0
-6
-7
0
8
13
14
9
0
-11
-16
-14
-6
3
10
9
2
-5
-11
-13
-7
1
11
15
13
4
-7
-14
-11
-3
7
17
23
18
6
-4
-12
-12
-6
7
17
23
17
4
-6
-15
-13
-4
7
20
23
19
8
-4
-11
-11
-4
10
22
26
19
4
-6
-13
-16
-9
3
13
16
11
0
-15
-25
-27
-21
-10
4
11
8
-1
-11
-21
-24
-21
-10
0
5
8
2
-9
-17
-20
-16
-9
1
10
11
2
-7
-15
-20
-20
-13
-5
2
8
5
-4
-13
-16
-16
-14
-7
0
6
3
1
-6
-12
-13
-11
-4
3
3
3
0
-7
-11
-11
-10
-7
-1
4
5
5
2
-1
-4
-1
3
6
10
11
11
10
9
6
7
9
10
12
13
13
14
11
8
8
5
8
7
7
6
7
6
8
6
6
7
7
8
7
7
8
9
8
6
6
8
7
4
3
5
5
3
3
1
-1
-4
-4
-4
-7
-6
-8
-8
-7
-7
-7
-10
-9
-1
0
0
4
4
1
0
-1
-1
1
5
9
10
10
11
5
-1
1
1
0
2
5
-1
-2
-3
-4
-8
-7
-1
-1
0
2
1
-6
-7
-7
-7
-7
-2
5
2
1
1
-2
-6
-8
-7
-8
-7
-2
-2
-4
-6
-5
-10
-11
-8
-4
-4
-7
-5
-7
-12
-14
-13
-14
-11
-5
-3
-4
-5
-9
-12
-16
-14
-11
-8
-4
0
0
-2
-1
-2
-2
-3
-1
2
4
5
5
1
-1
-2
-2
-1
6
10
10
10
8
2
-2
-3
-4
-4
3
9
9
9
8
6
2
2
6
11
13
16
18
11
7
4
4
6
13
20
21
19
17
11
3
-1
3
7
10
14
12
6
-2
-6
-7
-4
1
6
7
6
4
1
-4
-7
-6
-2
1
4
5
2
1
-4
-9
-8
-5
-3
1
6
5
1
-4
-9
-8
-8
-7
-4
0
3
1
-1
-7
-8
-7
-5
-1
5
7
6
3
-1
-3
-4
-4
1
6
10
10
6
1
-3
-3
-1
3
5
4
2
-1
-5
-7
-7
-9
-6
-5
-8
-6
-8
-11
-14
-15
-12
-11
-10
-8
-7
-8
-12
-13
-14
-15
-15
-13
-9
-9
-9
-7
-8
-10
-12
-9
-6
-6
-5
-5
-7
-7
-4
-4
-2
2
8
7
5
7
5
3
2
5
8
9
12
14
11
10
10
10
11
11
14
12
11
11
10
8
7
7
8
7
5
5
3
4
4
4
3
4
5
5
4
5
5
6
5
5
4
2
3
4
7
8
6
6
5
4
-1
-2
0
2
5
6
5
3
0
1
-1
-1
0
1
-2
-5
-5
-5
-6
-6
-4
-5
-3
-3
-5
-5
-8
-7
-6
-4
-3
-2
0
-1
-3
-2
-1
-1
0
1
4
5
3
4
2
2
2
0
0
0
-1
0
2
2
0
0
0
1
-3
-3
-3
0
3
2
3
3
4
1
-1
0
4
2
1
4
1
-3
-4
-4
-7
-7
-2
-3
-8
-10
-12
-16
-16
-16
-15
-13
-9
-8
-9
-11
-15
-16
-15
-11
-6
-4
-1
-3
-2
-4
-4
-3
-4
-1
0
2
-1
-1
-4
-5
-6
-5
-4
-4
-3
-2
-4
-2
-3
-5
-3
-1
0
1
4
6
7
5
5
5
4
5
7
9
11
12
13
11
10
11
9
8
10
11
13
13
12
14
13
12
12
14
15
16
16
15
14
14
13
13
13
15
14
12
13
13
12
10
8
6
5
6
3
3
2
0
1
2
0
-5
-7
-8
-8
-8
-4
-4
-5
-4
-7
-10
-11
-13
-13
-12
-14
-12
-12
-13
-13
-13
-15
-14
-13
-13
-12
-13
-11
-7
-9
-10
-9
-7
-7
-6
-5
-3
-2
-1
0
2
3
4
5
5
5
4
3
2
0
0
2
4
4
4
2
0
-2
-2
-1
0
3
3
3
5
2
-1
0
-1
1
2
3
2
-2
-3
-5
-7
-7
-7
-5
-5
-7
-7
-9
-11
-13
-13
-10
-11
-9
-9
-9
-10
-12
-16
-15
-15
-10
-6
-7
-4
-5
-4
-5
-2
3
2
4
5
5
5
-1
-2
2
3
8
12
16
17
14
12
11
9
9
10
11
13
15
15
15
14
13
13
14
15
15
13
12
10
8
8
8
11
14
14
13
14
12
11
9
9
10
10
14
12
11
12
11
7
9
8
8
7
7
10
8
4
3
3
3
2
2
1
-2
-5
-6
-9
-13
-15
-14
-15
-13
-14
-15
-16
-18
-20
-19
-20
-19
-20
-19
-18
-19
-19
-19
-19
-19
-17
-16
-15
-16
-15
-12
-13
-11
-7
-8
-8
-7
-5
-5
-4
-3
-3
-4
-3
-1
0
1
4
6
8
8
8
7
7
8
7
6
7
7
3
3
4
4
3
2
2
2
3
0
-4
-4
-2
-3
-4
-4
-4
-8
-8
-8
-7
-5
-3
-1
-1
-1
0
-3
-5
-2
0
-1
2
3
3
2
-2
-2
-4
-5
-2
0
2
3
6
9
6
6
8
8
4
5
6
7
7
8
9
11
10
13
15
16
16
17
15
11
9
11
11
11
12
13
14
10
9
8
5
5
6
7
8
4
2
3
1
0
2
4
1
3
5
4
1
1
3
2
5
7
5
7
8
9
5
3
5
5
5
7
5
5
6
1
-2
-5
-8
-7
-8
-9
-11
-12
-11
-17
-18
-18
-16
-15
-13
-15
-17
-19
-22
-21
-22
-20
-15
-13
-13
-14
-15
-15
-18
-17
-15
-13
-13
-13
-13
-14
-13
-11
-9
-11
-10
-9
-10
-13
-14
-10
-5
-4
-2
-2
-2
3
2
4
7
7
9
9
8
11
15
18
18
18
17
13
7
6
7
7
11
11
8
5
4
7
5
2
2
3
1
-2
-3
-4
-3
-1
1
-1
-4
-5
-4
-3
-1
4
5
6
6
5
3
4
7
8
7
6
6
4
-1
1
5
8
11
12
10
7
6
4
4
6
11
11
8
7
8
10
13
17
19
17
10
6
3
3
8
12
15
17
14
5
-2
-6
-3
2
8
11
7
2
-4
-9
-8
-3
5
9
12
9
2
-4
-8
-7
2
6
10
9
3
-1
-7
-11
-6
0
2
3
-1
-3
-6
-13
-10
-7
-8
-6
-10
-18
-20
-21
-19
-19
-19
-16
-20
-23
-28
-31
-28
-23
-19
-17
-20
-23
-25
-25
-24
-20
-16
-16
-16
-17
-18
-17
-13
-10
-5
2
0
-4
-7
-11
-11
-5
3
5
8
8
4
2
1
3
8
13
15
14
10
10
7
7
8
13
17
17
16
14
12
13
11
12
14
19
20
13
11
12
15
14
14
14
16
13
6
2
4
4
4
2
-1
1
5
1
0
-1
4
4
1
5
4
6
8
5
3
0
1
1
0
5
15
13
12
12
10
4
-3
-4
1
5
7
6
8
9
8
5
9
10
6
3
0
4
5
3
12
11
10
8
1
-1
2
6
6
7
4
0
-6
-12
1
9
14
25
13
-1
-18
-28
-22
-14
-3
10
15
9
-7
-31
-37
-28
-15
-8
-4
6
6
-13
-26
-28
-24
-15
-11
-14
-14
-19
-27
-25
-29
-21
-11
-16
-19
-26
-33
-37
-33
-26
-24
-27
-20
-19
-38
-46
-37
-35
-41
-39
-27
-21
-27
-25
-20
-23
-14
-11
-27
-30
-18
-14
-3
10
7
10
15
17
4
-1
20
28
19
17
24
13
7
19
28
33
37
53
51
16
8
26
35
37
38
49
49
34
21
26
36
38
43
42
37
23
15
14
2
2
18
13
-7
-16
-8
5
2
5
24
21
-7
-30
-16
2
0
9
35
43
16
-1
-2
-11
-9
13
18
25
19
-19
-40
-32
-14
13
47
64
60
52
42
7
-30
-10
26
33
40
63
64
39
16
21
32
27
19
11
18
9
-29
-20
10
15
21
33
32
15
-20
-42
-40
-41
-32
-38
-18
50
65
-10
-24
26
-12
-155
-221
-94
-45
-153
-63
150
134
4
-12
24
-71
-208
-139
-64
-121
-50
88
56
8
90
110
-47
-110
-21
-110
-250
-137
-15
-74
-61
95
145
50
7
11
-69
-161
-174
-172
-153
-59
32
70
101
122
88
-18
-93
-106
-112
-94
-42
28
90
96
84
102
79
27
17
12
-28
-58
-35
-5
18
71
119
129
112
77
20
-26
-32
-34
-32
15
79
105
98
98
97
58
17
3
-12
-22
2
37
62
77
74
62
53
5
-34
-30
-11
2
8
17
18
9
6
20
13
4
11
-6
-35
-59
-62
-32
-5
18
47
54
33
5
-15
-27
-38
-24
18
37
32
37
39
23
12
18
23
14
8
11
7
-10
-17
-1
12
13
5
4
-8
-22
-20
-11
1
12
21
23
6
-14
-8
-7
-14
-3
17
22
-3
-19
-4
7
-1
14
20
7
-15
-62
-85
-80
-58
-11
25
26
35
13
-32
-85
-118
-94
-58
-37
-15
-6
-23
-35
-40
-45
-42
-6
6
-33
-77
-86
-78
-82
-59
-13
19
27
1
-53
-86
-77
-71
-83
-71
-30
-15
-24
-30
-8
-15
-17
8
3
-13
-20
-3
-4
-16
1
21
17
23
23
9
14
29
42
19
11
47
36
9
25
53
60
44
43
50
42
52
64
52
61
73
55
40
39
36
43
49
62
79
65
60
59
57
60
43
32
50
46
27
25
17
24
30
50
71
63
42
30
15
16
24
8
4
31
51
18
-12
0
5
-12
-15
-1
2
-18
-30
-37
-48
-40
-19
-11
-9
-13
-22
-17
-29
-33
-19
-3
2
-19
-48
-52
-54
-58
-32
-9
12
17
-10
-44
-64
-61
-45
-38
-21
4
-14
-38
-34
-42
-57
-53
-6
24
-1
-38
-59
-75
-68
-46
-31
2
21
20
-12
-37
-37
-51
-61
-14
20
10
-5
-25
-34
-45
-29
5
6
3
2
-24
-24
-30
-34
-13
30
69
37
-20
-35
-44
-50
-18
9
15
4
3
6
-10
-34
-31
17
40
20
0
-13
-27
-32
-24
4
30
40
54
52
23
-15
-18
2
17
34
62
76
65
46
26
1
5
42
46
35
55
77
43
-15
-12
26
38
57
86
75
43
14
-19
-38
-27
24
89
100
81
31
-32
-47
-30
-19
4
33
48
31
-12
-40
-33
-28
-12
33
49
29
-21
-52
-44
-24
-3
22
29
27
37
11
-21
-13
17
33
21
21
17
-17
-26
11
39
25
17
23
9
-22
-33
-22
-3
20
34
35
14
-24
-47
-42
-17
-5
-15
-29
-31
-25
-38
-66
-37
9
13
8
-13
-34
-60
-95
-78
-35
-15
-4
-10
-16
-7
-19
-49
-53
-33
-18
-20
-24
-25
-43
-58
-32
-16
-33
-26
-4
15
-1
-39
-54
-49
-31
1
5
-8
1
6
-12
-38
-53
-41
-5
7
5
19
16
-11
-41
-45
-10
8
11
-7
-27
-10
4
-9
6
34
46
43
2
-16
-3
12
34
44
42
26
-2
8
22
26
58
84
62
29
-8
-29
-9
24
75
107
99
68
14
-44
-39
13
37
65
87
96
46
-33
-23
14
48
81
74
62
42
2
-14
-14
15
74
74
50
52
25
-26
-40
-7
28
30
33
56
23
-21
-24
-27
-8
6
29
62
48
8
-11
-44
-56
-27
-22
-4
-1
-19
-19
-46
-64
-52
-46
-18
20
16
-4
-46
-67
-55
-61
-62
-40
-28
-19
-13
-28
-18
-25
-29
-17
-34
-33
-25
-34
-25
4
-5
-29
-52
-70
-53
-35
-7
22
6
-17
-56
-99
-88
-69
-18
57
74
41
-1
-30
-43
-49
-17
32
65
62
3
-47
-50
-41
-3
42
62
82
45
-16
-53
-87
-69
-32
-21
35
57
16
-8
-47
-51
-46
-57
-21
-5
-20
-6
-10
-5
10
-7
10
34
47
70
49
23
14
-17
-16
0
36
94
97
94
114
89
49
15
-13
18
38
27
21
8
5
5
-5
7
9
1
30
30
-9
-29
-53
-55
-50
-53
-6
36
43
56
55
60
69
38
4
18
33
32
36
27
43
53
51
70
63
51
31
0
3
-15
-58
-60
-49
-25
8
-2
-10
-3
-27
-62
-70
-44
-28
-43
-58
-24
29
31
2
-13
20
58
64
55
46
43
25
-14
-31
-8
18
44
57
44
36
9
-42
-61
-64
-37
-6
-12
-13
-40
-68
-48
-52
-61
-38
-32
-20
-31
-85
-100
-81
-51
-28
-36
-4
32
4
-33
-38
-30
-23
-50
-56
1
29
5
-43
-71
-38
-7
-13
-10
-5
-21
-47
-76
-71
-51
-30
-7
0
17
12
-37
-21
25
21
21
18
35
27
-31
-24
51
99
104
52
25
40
20
0
-12
12
68
60
15
-3
-43
-51
-11
20
43
19
-31
-49
-52
-73
-74
-37
23
49
29
20
16
11
11
0
17
57
60
58
70
72
80
76
66
97
120
107
89
75
68
56
43
49
62
77
79
61
54
41
-1
-17
5
35
42
35
20
10
-13
-34
-34
-24
-4
15
22
-2
-46
-79
-73
-45
-15
-22
-46
-52
-51
-62
-88
-96
-75
-44
-43
-51
-38
-25
-38
-55
-60
-57
-62
-66
-47
-22
8
2
-20
-35
-45
-35
-30
-26
5
32
24
0
-33
-43
-22
11
28
16
0
4
-8
-34
-46
-51
-12
22
10
1
-8
-27
-31
-31
-29
-13
-4
6
13
6
9
3
-12
-14
1
10
19
20
1
-6
3
21
32
20
23
33
32
22
-6
-10
16
39
46
25
11
8
11
9
-5
-7
-22
-30
-22
-27
-13
2
3
27
34
0
-45
-74
-53
-16
5
10
5
10
22
8
-20
-30
-18
6
30
31
36
39
22
23
27
43
70
82
92
87
68
49
15
1
25
65
105
109
98
71
26
3
-9
-3
28
60
96
93
28
-28
-48
-29
15
36
45
47
23
-21
-61
-74
-46
-19
-5
-7
-24
-42
-70
-92
-70
-36
-20
-25
-45
-66
-82
-82
-76
-56
-38
-36
-31
-29
-39
-40
-44
-33
-8
-10
-19
-21
-27
-17
-2
3
16
20
10
4
-20
-31
-4
16
15
3
-17
-15
-8
-13
-14
-22
-13
-8
-23
-26
-27
-22
-6
-3
-4
-1
-6
-14
-16
-8
0
9
15
6
-3
0
0
4
22
29
12
5
4
4
8
13
4
-1
11
30
36
25
13
12
19
20
16
28
41
31
31
34
26
26
18
9
3
1
11
9
14
18
9
4
-4
-10
-10
-12
-10
-2
-8
4
11
6
5
-9
-10
5
23
29
11
-9
-11
-5
5
16
11
10
4
-7
-7
-9
-14
-5
-8
0
17
15
6
-9
-13
-13
-7
10
21
15
23
13
-3
2
5
11
22
37
41
26
14
15
6
10
22
27
32
34
17
5
0
-3
12
29
36
37
16
-6
-19
-23
-11
-16
-25
-21
-18
-13
-8
-23
-34
-41
-48
-47
-60
-69
-55
-52
-51
-37
-39
-44
-46
-61
-58
-52
-52
-31
-20
-19
-21
-34
-32
-33
-36
-16
-12
-13
-2
-5
-16
-12
-13
-10
7
17
33
31
13
7
-5
-8
9
20
36
46
34
19
10
13
19
15
25
40
40
40
31
12
11
16
25
35
32
30
20
5
-2
-6
0
10
18
21
8
-7
-1
-1
-2
-2
3
11
16
13
4
2
9
26
27
23
25
24
22
16
8
7
14
22
24
24
22
18
13
7
0
-7
-8
-7
-4
-7
-10
-9
-6
-6
-12
-18
-13
-14
-11
-18
-30
-23
-13
-11
-11
-14
-17
-4
-3
-11
-12
-11
-1
9
4
5
8
7
9
2
-4
-1
5
5
6
-5
-6
-3
-4
-4
-14
-18
-10
-6
-1
-5
-13
-7
8
5
-8
-10
-10
2
2
-8
-2
0
4
6
-6
-7
-1
-5
-4
-5
-15
-10
-17
-25
-18
-19
-16
-9
-17
-21
-21
-28
-18
-21
-27
-21
-18
-10
-9
-22
-21
-8
3
10
11
9
20
23
12
9
0
5
15
12
14
17
9
15
13
3
5
2
8
14
8
7
9
6
13
13
9
21
12
16
21
11
18
20
12
19
20
16
22
10
9
11
3
8
7
-3
3
5
0
9
1
2
10
0
-2
-7
-12
5
9
3
17
18
14
23
14
12
22
16
19
22
16
27
25
19
18
3
6
15
-1
-1
-4
-15
-6
-12
-19
-14
-22
-18
-10
-21
-29
-33
-38
-36
-37
-42
-28
-23
-27
-24
-35
-41
-41
-43
-40
-43
-48
-39
-42
-44
-36
-43
-40
-25
-29
-25
-19
-21
-16
-11
-10
0
10
18
22
17
19
27
29
29
28
32
39
34
31
27
24
26
27
21
13
11
8
6
0
-8
-13
-15
-19
-26
-31
-33
-30
-29
-34
-35
-36
-32
-31
-34
-35
-33
-28
-22
-22
-20
-15
-19
-13
-8
-14
-4
1
6
11
6
13
21
24
37
44
48
59
65
72
81
89
94
106
115
123
126
129
130
129
130
136
130
123
123
105
95
88
73
63
53
48
36
12
-1
-12
-32
-43
-54
-69
-76
-86
-101
-106
-120
-123
-128
-134
-133
-138
-141
-143
-148
-149
-142
-143
-138
-129
-127
-121
-117
-109
-100
-94
-86
-76
-67
-54
-41
-25
-14
-1
20
44
63
84
106
126
148
164
181
204
220
236
250
256
262
266
258
250
240
229
216
190
171
142
107
75
43
9
-24
-56
-88
-119
-155
-181
-208
-234
-254
-274
-290
-296
-305
-309
-308
-306
-303
-303
-295
-286
-272
-258
-242
-225
-208
-189
-172
-156
-139
-118
-100
-79
-59
-38
-16
3
29
60
86
110
143
176
209
239
271
310
346
379
410
438
462
485
501
508
510
506
500
477
452
421
381
339
284
226
163
88
18
-56
-136
-215
-289
-365
-434
-501
-562
-607
-651
-685
-713
-737
-752
-753
-747
-731
-703
-666
-612
-556
-493
-417
-344
-265
-180
-97
-12
71
152
232
305
372
438
498
551
596
634
671
698
712
722
725
729
727
719
715
703
686
671
648
623
594
562
533
492
444
395
345
285
221
149
69
-10
-94
-186
-284
-381
-474
-561
-645
-728
-804
-871
-930
-982
-1027
-1054
-1072
-1073
-1060
-1034
-993
-941
-874
-797
-710
-612
-507
-394
-277
-155
-38
83
200
305
404
497
576
639
692
731
757
771
774
764
741
709
666
618
570
516
458
401
351
303
257
213
174
145
121
99
79
62
43
25
8
-14
-38
-65
-90
-119
-158
-193
-233
-277
-317
-362
-403
-443
-475
-504
-529
-548
-562
-567
-564
-559
-548
-529
-502
-471
-431
-385
-335
-279
-216
-155
-88
-26
38
101
152
206
257
301
336
372
404
426
442
450
450
440
426
414
390
367
346
328
310
292
282
272
266
266
271
276
283
297
314
334
354
369
384
394
400
397
385
366
342
308
268
220
165
105
42
-21
-87
-158
-223
-287
-349
-406
-462
-512
-551
-580
-604
-623
-630
-630
-621
-609
-589
-562
-531
-492
-448
-401
-356
-306
-250
-198
-146
-101
-58
-14
22
54
75
91
106
110
110
103
90
79
64
49
36
26
21
21
21
31
44
64
92
127
165
203
252
302
354
398
440
479
503
521
526
518
504
478
445
400
341
278
206
128
49
-34
-117
-201
-280
-357
-429
-495
-550
-596
-634
-658
-678
-687
-686
-683
-668
-648
-620
-576
-529
-477
-416
-353
-289
-221
-155
-92
-28
32
89
139
186
231
262
290
314
328
337
344
343
336
330
323
319
310
306
311
317
331
346
366
392
423
455
493
529
564
602
632
659
682
693
698
692
673
644
602
548
482
408
330
240
146
46
-55
-160
-265
-366
-464
-560
-648
-725
-796
-856
-903
-938
-959
-969
-965
-948
-922
-886
-838
-780
-711
-637
-557
-470
-383
-290
-199
-111
-29
48
122
185
241
288
324
351
369
374
370
358
342
320
295
267
237
209
178
153
132
116
105
102
112
121
136
162
195
230
268
306
344
382
408
432
447
454
450
437
418
384
342
293
235
164
93
17
-64
-147
-231
-310
-388
-457
-521
-577
-622
-659
-690
-709
-718
-721
-711
-692
-665
-628
-582
-530
-476
-414
-352
-286
-225
-159
-97
-42
13
58
101
138
166
191
206
213
216
212
202
183
162
141
121
98
78
59
42
32
31
35
44
66
94
128
171
221
277
344
411
480
547
615
677
728
771
806
831
842
844
832
808
771
720
659
587
507
422
331
237
142
51
-41
-126
-211
-288
-358
-423
-475
-527
-569
-600
-625
-641
-649
-653
-648
-636
-619
-599
-576
-551
-525
-498
-477
-453
-432
-409
-384
-362
-342
-319
-303
-290
-274
-268
-255
-244
-233
-215
-198
-178
-154
-123
-90
-50
-10
35
82
133
189
242
296
356
414
468
519
567
613
653
683
705
717
723
718
703
677
640
597
545
485
419
347
269
192
110
24
-58
-143
-227
-308
-387
-457
-524
-582
-632
-678
-715
-745
-768
-784
-791
-793
-783
-765
-737
-702
-662
-615
-562
-506
-449
-385
-322
-257
-197
-135
-78
-25
27
76
121
163
200
229
257
276
293
311
329
344
357
378
393
413
438
462
486
516
546
577
605
632
659
681
704
722
733
738
738
727
704
673
628
577
515
447
369
287
205
118
29
-60
-147
-233
-313
-389
-460
-524
-579
-627
-664
-694
-713
-722
-722
-713
-697
-672
-642
-609
-566
-520
-469
-415
-359
-298
-236
-177
-117
-63
-12
32
72
107
138
159
177
191
196
196
189
179
164
147
129
108
90
68
52
39
28
27
34
44
64
84
110
142
174
212
253
296
334
364
395
420
435
443
440
429
405
372
335
278
221
156
83
7
-71
-148
-228
-302
-373
-439
-500
-551
-592
-627
-652
-671
-682
-683
-670
-653
-627
-595
-553
-508
-459
-411
-359
-301
-244
-187
-133
-85
-38
6
41
74
101
123
137
150
160
164
159
151
140
127
116
114
112
112
114
119
128
138
159
188
215
255
298
337
375
415
469
513
552
599
634
658
668
664
662
652
629
598
560
508
448
378
311
234
141
47
-44
-121
-187
-264
-333
-390
-445
-494
-534
-570
-601
-618
-617
-612
-602
-589
-564
-532
-488
-435
-382
-314
-261
-204
-137
-75
-18
32
81
124
155
185
209
221
243
247
245
237
213
174
146
123
97
70
54
54
42
33
35
34
32
44
82
120
154
206
269
322
373
441
492
531
570
599
625
608
581
535
448
371
303
225
139
46
-54
-155
-260
-359
-477
-596
-679
-753
-819
-860
-896
-913
-908
-926
-929
-920
-897
-857
-823
-775
-719
-666
-598
-535
-472
-401
-329
-260
-199
-148
-106
-65
-27
8
29
62
94
108
117
117
114
102
93
105
108
113
132
152
163
194
237
269
294
334
400
435
481
559
629
706
786
870
957
1013
1039
1061
1059
1039
1005
937
898
818
663
673
683
482
197
-56
-160
-268
-331
-290
-431
-643
-679
-683
-703
-754
-816
-850
-878
-876
-868
-856
-811
-746
-667
-561
-452
-375
-323
-246
-159
-73
3
55
116
185
218
240
260
252
228
198
168
122
76
45
42
55
85
129
165
328
592
778
858
922
995
1039
1006
980
994
1028
1128
1214
1225
1172
1015
795
542
198
-192
-552
-833
-1045
-1289
-1535
-1685
-1787
-1881
-1992
-2072
-2053
-1986
-1866
-1610
-1254
-868
-484
-118
242
567
788
924
1039
1131
1175
1189
1209
1186
1105
971
785
567
303
21
-241
-515
-786
-1024
-1205
-1324
-1419
-1527
-1584
-1568
-1553
-1537
-1464
-1277
-1054
-854
-611
-315
29
552
1274
1894
2161
2214
2267
2229
2004
1804
1709
1600
1545
1561
1525
1339
994
575
114
-408
-917
-1350
-1610
-1740
-1901
-2016
-2012
-1951
-1886
-1852
-1754
-1488
-1176
-843
-417
64
548
954
1260
1520
1686
1705
1637
1573
1504
1360
1171
1034
924
727
452
208
41
-171
-410
-587
-721
-862
-1001
-1071
-1091
-1098
-1070
-1011
-936
-852
-746
-638
-528
-322
-28
472
1646
3242
3921
3421
2885
2661
2106
1338
1107
1039
608
523
859
596
-263
-909
-1032
-1139
-1618
-1887
-1629
-1367
-1602
-2141
-2336
-2216
-2127
-1763
-1181
-883
-858
-844
-686
-557
-462
-4
705
1193
1391
1456
1487
1261
710
311
247
352
567
745
792
607
218
-67
-247
-460
-575
-510
-398
-535
-1008
-1380
-1510
-1660
-1812
-1740
-1369
-1018
-896
-765
-557
-412
-141
899
2935
4513
4283
3166
2351
1573
622
355
731
367
-369
-295
-239
-983
-1689
-1518
-916
-880
-1165
-1013
-740
-960
-1620
-1947
-1691
-1405
-960
-341
-364
-923
-1137
-822
-462
-242
297
1075
1437
1303
1150
1202
1164
932
851
900
867
820
803
742
489
287
465
637
500
260
50
-212
-743
-1276
-1421
-1366
-1243
-1043
-948
-1008
-1102
-864
-290
334
2042
4860
6164
4973
3206
2127
1155
360
1017
1678
503
-397
-207
-734
-1804
-1959
-859
33
-145
-173
-181
-1028
-2110
-2764
-2476
-1816
-1412
-725
-695
-1882
-2674
-2539
-2057
-1486
-644
651
1328
1049
845
786
681
628
729
1033
1090
872
799
616
315
233
483
996
1206
970
660
164
-487
-846
-957
-1021
-1088
-1093
-957
-1012
-1242
-1145
-762
-433
-139
189
557
717
1378
3712
5761
5132
3164
1853
1091
106
-58
975
431
-1256
-1193
-928
-1860
-2185
-1143
-24
-182
-576
-360
-959
-2156
-2722
-2743
-2412
-2012
-1568
-1407
-2265
-2982
-2472
-1589
-984
-390
533
1198
909
535
635
698
738
804
706
327
-111
-113
0
-42
134
521
970
1014
589
407
398
337
166
-149
-400
-771
-1050
-984
-973
-814
-377
-31
77
-4
147
1431
4516
7182
6783
4563
2668
1120
-98
548
2130
1074
-861
-657
-812
-2013
-1849
-251
888
594
388
244
-1255
-2599
-2691
-2235
-1582
-1143
-932
-1421
-2774
-3328
-2591
-1465
-483
217
797
823
331
304
635
849
967
1010
890
356
-314
-512
-243
362
1004
1376
1481
1101
531
254
91
-77
-240
-458
-804
-1376
-1696
-1641
-1633
-1459
-1049
-801
-654
-414
-48
144
174
1875
5489
7351
5846
3394
1711
378
-434
858
1976
-133
-1816
-1150
-1249
-1918
-1077
798
1441
526
216
-129
-1701
-2724
-2608
-2098
-1708
-1738
-1911
-2715
-3739
-3296
-1825
-694
-233
52
540
576
382
635
906
1112
1088
657
31
-877
-1401
-1039
-230
652
1142
1131
819
188
-252
-146
45
-58
-493
-1100
-1708
-2360
-2777
-2510
-1976
-1406
-686
-289
-256
-436
-451
193
1199
3942
8110
9004
5941
2646
879
90
253
2197
2613
-321
-1524
-713
-1188
-1238
419
2361
2682
1552
751
-666
-2494
-2648
-1902
-1150
-783
-1410
-2401
-3526
-3980
-2628
-632
559
695
433
399
149
85
808
1539
1894
1665
511
-981
-1952
-1783
-618
580
1377
1658
1242
447
-268
-507
-193
179
110
-586
-1693
-2736
-3200
-2842
-2115
-1301
-457
-46
-133
-336
-333
-139
8
1759
6247
9339
7678
3809
887
-719
-1050
1119
3083
592
-2089
-1246
-771
-1289
-241
1914
2984
2179
1222
1
-2311
-3298
-2430
-1616
-1313
-1702
-2624
-3655
-4238
-3234
-1066
518
708
248
201
205
130
679
1316
1585
1450
504
-943
-2264
-2509
-1271
187
1098
1508
1294
646
-159
-600
-478
-248
-111
-508
-1590
-2653
-3316
-3245
-2481
-1634
-700
60
162
-167
-566
-426
-59
373
3435
8248
9372
5923
1796
-672
-1717
-712
2651
3048
-861
-2376
-1289
-1338
-895
1085
3001
3254
2022
685
-1376
-3414
-3218
-1873
-1098
-1133
-2055
-3214
-3846
-3387
-1547
674
1652
1242
764
626
394
561
1328
1931
1919
1114
-376
-1863
-2581
-1863
-128
1197
1633
1511
1030
429
-92
-192
117
234
-171
-1275
-2582
-3195
-3090
-2352
-1487
-1048
-521
-14
168
409
413
307
291
592
3730
8381
9058
5635
1717
-852
-1786
-403
2875
2720
-1035
-1591
-194
-673
-456
1451
3036
2898
1855
618
-1951
-3875
-3031
-1789
-1465
-1602
-2360
-3253
-3577
-2767
-1006
667
1399
1094
657
521
279
411
907
1240
1264
416
-1165
-2505
-2815
-1707
-100
1026
1530
1232
683
132
-559
-701
-502
-475
-905
-1993
-2904
-3352
-3378
-2630
-1743
-1070
-350
106
139
-145
-446
-430
-429
-21
3341
8411
9393
5583
1128
-1592
-2220
-420
3166
3201
-871
-2023
-881
-1254
-685
1561
3364
3338
1784
8
-2419
-4196
-3169
-1534
-1192
-1466
-2306
-3189
-3354
-2510
-577
1339
1967
1357
564
216
42
457
1413
1830
1660
582
-1323
-2462
-2301
-1025
675
1571
1753
1475
827
217
-328
-442
-41
160
-354
-1640
-2823
-3181
-2789
-1798
-959
-488
-16
236
274
82
-246
-224
-186
1378
6187
9690
8014
3543
-260
-1633
-1014
1893
4251
1203
-2169
-1529
-1129
-889
646
2369
3569
2537
467
-1578
-3883
-3854
-1929
-968
-1007
-1961
-3188
-3478
-2985
-1670
250
1685
1664
714
116
-305
-256
728
1458
1583
928
-694
-1950
-2398
-1751
-41
1044
1301
1302
965
653
217
-304
-549
-673
-789
-1405
-2608
-3296
-2951
-2055
-1215
-818
-745
-693
-468
76
419
142
-482
-604
2302
7721
9758
6606
2058
-1157
-2051
-295
3206
3179
-1377
-2911
-1175
-923
-378
1376
2798
3070
1804
-30
-2544
-4439
-3334
-1544
-1248
-1708
-2739
-3527
-3278
-2366
-817
1152
2250
1791
879
339
-8
403
1360
1917
1671
399
-1164
-2130
-2349
-1379
193
1105
1295
1213
1097
771
97
-498
-697
-691
-919
-1686
-2577
-2986
-2668
-1957
-1465
-1158
-942
-561
66
379
203
-344
-992
-800
2423
7867
9683
6118
1534
-1279
-2000
-221
3174
3019
-1245
-2586
-947
-769
-403
1487
3227
3216
1581
-185
-2372
-3786
-2365
-739
-827
-1428
-2217
-2705
-2401
-1546
80
1985
2726
2020
936
229
173
880
1746
2181
1767
341
-1212
-2149
-2085
-757
720
1420
1483
1148
812
467
-22
-280
-310
-440
-861
-1729
-2579
-2771
-2520
-2045
-1584
-1402
-1029
-523
-461
-600
-777
-909
-1157
-743
3187
8493
9105
5120
656
-1860
-2028
111
3238
1903
-2706
-3138
-1366
-1267
-477
1436
2974
2702
852
-943
-3072
-3869
-1939
-578
-1003
-1755
-2496
-2805
-2498
-1534
268
2047
2460
1333
45
-449
-134
884
1671
1731
1174
-122
-1422
-1992
-1692
-479
769
1381
1504
1216
820
406
-135
-483
-511
-626
-1241
-2150
-2778
-2873
-2438
-1814
-1357
-1065
-606
-75
-81
-384
-501
-429
-502
240
4243
8925
8885
4754
326
-2077
-1920
655
3524
1653
-2550
-2758
-1431
-1040
429
2467
3670
3003
873
-1184
-2972
-3102
-1271
-474
-1238
-1998
-2665
-2886
-2307
-1236
444
2131
2279
985
-191
-413
338
1469
2113
1988
1077
-353
-1638
-2101
-1445
-48
1150
1532
1363
1155
932
520
-7
-383
-314
-283
-886
-1848
-2591
-2674
-2151
-1645
-1356
-929
-272
247
228
-257
-653
-635
-549
650
4745
8779
8189
3970
-103
-2232
-2007
1034
3628
985
-2749
-2601
-1673
-965
827
2598
3365
2312
312
-1598
-3450
-3238
-1418
-1029
-1675
-2496
-3334
-3295
-2603
-1403
559
2090
1867
537
-409
-576
160
1364
1890
1633
657
-793
-1848
-2187
-1488
-31
941
1223
1092
768
468
46
-316
-325
-150
-367
-1232
-2243
-2753
-2497
-1859
-1364
-1078
-1040
-890
-537
-405
-224
-17
4
-398
-324
2959
7951
9160
5712
1158
-1639
-2041
39
3033
2030
-1806
-2370
-1101
-812
259
2030
3250
2818
917
-793
-2532
-3215
-1689
-896
-1523
-1839
-2198
-2470
-2228
-1434
351
2107
2300
1162
10
-324
256
1330
1857
1544
797
-375
-1536
-2000
-1677
-544
628
1154
1332
1056
417
-22
-255
-151
234
13
-975
-1999
-2612
-2607
-2079
-1605
-1271
-1009
-724
-320
-307
-481
-331
-169
-283
-9
2850
7495
8768
5564
1520
-1135
-1754
95
2794
1938
-1630
-2335
-1160
-847
326
2161
3081
2582
1023
-554
-2208
-2791
-1499
-939
-1528
-1820
-2318
-2664
-2298
-1435
255
1937
2086
819
-428
-521
226
1171
1810
1570
588
-634
-1602
-1968
-1633
-573
523
992
990
747
445
72
-356
-432
-179
-276
-990
-1891
-2631
-3049
-2943
-2544
-2075
-1518
-952
-449
-371
-727
-899
-879
-737
-297
1228
5015
8402
7380
3312
-198
-1636
-903
1363
2890
955
-1981
-2106
-1206
-575
1098
2779
3018
1972
347
-1344
-2592
-2343
-1159
-971
-1462
-1747
-2174
-2435
-1754
-172
1517
2370
1821
467
-306
-139
737
1828
2101
1486
433
-920
-1808
-1772
-1106
1
931
1330
1265
664
-77
-432
-216
332
436
-247
-1312
-2254
-2770
-2796
-2505
-2099
-1655
-1156
-564
-326
-339
-118
-95
-91
147
425
2440
6336
8222
6043
1941
-990
-1771
-970
1486
2603
-87
-2025
-1309
-745
244
1727
2479
2518
1320
-244
-1611
-2908
-2552
-1459
-1413
-1465
-1812
-2484
-2063
-844
546
1845
2006
1053
181
-102
272
1132
1643
1374
657
-479
-1553
-1876
-1640
-876
270
1186
1519
1162
413
-133
-190
165
573
489
-502
-1944
-2960
-3451
-3400
-2780
-1984
-1207
-858
-835
-606
-489
-326
78
300
417
634
2302
5731
7295
5299
1857
-921
-1810
-967
1132
2073
-343
-2222
-1554
-1012
-59
1451
1980
1801
823
-610
-1849
-2826
-2619
-1748
-1620
-1660
-1664
-1831
-1385
-330
659
1497
1793
1027
143
152
666
1231
1518
1125
403
-414
-1182
-1384
-1068
-390
680
1485
1546
1217
753
344
301
492
624
419
-538
-1881
-2916
-3434
-3218
-2440
-1632
-975
-739
-603
-258
-33
383
897
974
897
918
2438
5669
7020
5078
1733
-1120
-1954
-809
1366
2093
-99
-1601
-1188
-922
101
1478
1874
1881
902
-657
-1842
-2790
-2499
-1595
-1469
-1149
-909
-1281
-1114
-546
137
1201
1503
671
66
100
451
956
982
558
160
-551
-1180
-1204
-1043
-416
668
1265
1331
1046
494
163
67
118
280
-152
-1419
-2752
-3552
-3682
-3142
-2318
-1610
-987
-517
-210
179
454
567
720
801
867
974
2111
4886
6413
4652
1596
-668
-1562
-1025
840
1915
260
-1402
-1248
-1064
-448
948
1628
1482
657
-752
-2057
-2838
-2722
-2037
-1497
-880
-511
-870
-1088
-657
48
896
1345
874
244
157
256
379
563
451
127
-266
-781
-948
-714
-315
490
1334
1676
1524
928
253
-41
-29
-23
-515
-1680
-2826
-3338
-3276
-2840
-2139
-1292
-379
401
878
888
638
518
591
894
1182
1141
1900
4133
5768
4977
2514
96
-1239
-1076
680
1988
671
-1060
-1245
-1052
-332
1100
1653
1232
492
-595
-1695
-2404
-2473
-1901
-1232
-636
-328
-761
-1136
-769
-212
471
1086
779
108
-80
-132
-15
400
507
217
-183
-597
-817
-674
-216
484
1209
1528
1350
777
6
-496
-530
-502
-840
-1669
-2670
-3222
-3151
-2605
-1625
-594
127
644
800
549
308
344
563
635
564
766
1098
2019
4022
5415
4514
2124
100
-767
-598
786
1849
582
-1104
-1220
-905
-327
764
1181
797
114
-743
-1585
-2271
-2240
-1479
-920
-561
-503
-1087
-1417
-1023
-461
265
841
623
70
-212
-269
-114
117
204
181
-155
-695
-939
-886
-532
239
991
1281
872
24
-659
-962
-897
-864
-1354
-2172
-2920
-3135
-2607
-1792
-978
-225
444
863
726
333
121
137
440
724
873
965
1398
3260
5450
5429
3510
1183
-476
-539
687
2013
1562
-417
-1270
-1020
-646
442
1233
993
632
132
-616
-1260
-1624
-1417
-953
-574
-252
-538
-1189
-1245
-793
-107
692
885
460
150
94
170
323
451
524
456
146
-276
-555
-556
-149
511
973
967
472
-307
-947
-1136
-1041
-1042
-1372
-1985
-2513
-2474
-1928
-1205
-412
154
421
534
164
-419
-475
-114
409
870
1057
1150
1200
2077
4169
5154
3980
2010
153
-893
-534
786
1253
-127
-1254
-1153
-1063
-558
404
649
536
443
-67
-944
-1857
-2175
-1765
-1255
-743
-521
-988
-1458
-1324
-705
207
908
806
338
67
-99
-25
275
383
459
429
-66
-611
-920
-848
-91
720
871
352
-615
-1274
-1241
-1020
-986
-1219
-1653
-1963
-1930
-1607
-1118
-585
-47
415
510
157
-290
-412
27
807
1327
1347
1250
1162
1667
3439
5023
4721
2899
829
-561
-830
230
1380
620
-743
-956
-991
-701
292
667
660
751
392
-333
-1335
-2105
-1935
-1370
-671
-94
-433
-979
-894
-591
-30
663
749
535
507
339
186
306
372
500
533
40
-555
-899
-884
-289
360
457
165
-321
-818
-1009
-936
-879
-919
-1051
-1225
-1319
-1294
-1171
-825
-243
344
635
484
119
8
248
643
1055
1154
1010
1098
1415
2101
3415
4206
3474
1869
370
-534
-455
443
954
102
-894
-1028
-1004
-601
227
443
277
112
-391
-1105
-1819
-2128
-1822
-1284
-632
-253
-640
-1098
-1143
-958
-425
235
391
175
38
-76
-94
87
174
149
40
-231
-462
-692
-867
-647
-216
49
57
-222
-662
-904
-813
-677
-690
-783
-932
-1084
-1109
-924
-606
-289
75
393
431
195
-5
148
516
834
1081
1176
1193
1545
2550
3713
3864
2795
1363
229
-193
324
1095
838
-185
-693
-704
-507
-74
78
-53
-78
-123
-451
-1204
-1874
-1812
-1201
-419
110
-74
-659
-1039
-977
-540
-25
240
227
161
129
117
117
145
305
486
457
185
-240
-610
-686
-461
-80
117
-9
-263
-487
-563
-505
-445
-408
-488
-659
-816
-888
-715
-397
-6
337
357
191
88
171
461
690
862
949
925
1094
1462
2195
3341
3818
3022
1612
313
-317
-26
772
972
160
-606
-875
-987
-697
-245
-233
-356
-396
-659
-1141
-1559
-1677
-1407
-827
-241
-224
-698
-1044
-1102
-861
-364
-37
13
53
107
51
-90
-135
-11
211
398
206
-348
-829
-988
-800
-456
-217
-191
-382
-559
-593
-587
-529
-440
-390
-507
-759
-888
-904
-770
-434
-213
-98
-6
-110
-145
55
341
701
933
1133
1410
1482
1747
2453
2837
2551
1825
936
285
146
515
816
401
-196
-484
-701
-709
-498
-365
-179
18
-45
-440
-1008
-1355
-1237
-728
-182
10
-202
-609
-927
-944
-645
-153
246
435
445
253
98
119
239
460
566
346
-29
-372
-589
-538
-291
-66
44
68
37
-14
-61
-67
-69
-173
-322
-465
-594
-606
-524
-417
-279
-209
-171
-62
59
267
567
849
1165
1312
1299
1336
1317
1565
2137
2324
1957
1292
593
184
188
567
710
216
-175
-308
-549
-601
-504
-504
-509
-551
-735
-1122
-1523
-1608
-1383
-1000
-668
-604
-834
-1140
-1186
-910
-543
-200
66
230
238
75
-9
19
57
168
189
-47
-365
-573
-634
-500
-252
-74
2
2
-26
-92
-248
-329
-245
-178
-236
-435
-702
-814
-705
-441
-172
-46
34
172
352
546
666
737
779
807
943
1050
996
1035
1285
1533
1532
1232
856
632
642
843
874
547
219
-17
-244
-432
-607
-720
-708
-662
-711
-941
-1209
-1320
-1217
-936
-675
-560
-564
-631
-633
-478
-160
150
262
259
200
131
111
79
65
96
130
150
76
-93
-212
-152
45
171
152
72
-17
-84
-147
-221
-299
-412
-513
-523
-440
-315
-178
23
209
238
275
371
373
349
371
401
382
353
485
633
680
875
1163
1356
1485
1500
1354
1163
1069
1130
1037
665
350
60
-229
-285
-299
-434
-536
-580
-644
-810
-993
-1046
-959
-789
-654
-666
-781
-846
-763
-620
-458
-303
-230
-139
-21
-8
-29
-12
69
156
177
168
76
-76
-125
-147
-226
-269
-266
-322
-422
-527
-649
-716
-661
-566
-427
-199
-47
4
38
19
-35
-27
62
108
19
-98
-167
-194
-102
123
310
377
496
690
806
932
1077
1087
1017
923
790
628
458
301
146
20
-35
-77
-125
-173
-231
-314
-392
-385
-392
-470
-536
-617
-718
-778
-782
-746
-699
-567
-370
-267
-203
-77
40
135
274
403
450
459
431
371
311
254
218
176
119
67
15
-46
-115
-182
-159
-54
55
152
188
132
50
23
27
-51
-171
-237
-253
-228
-173
-131
-106
-63
30
197
351
447
509
505
452
426
396
316
285
349
374
321
270
212
134
140
247
293
267
295
296
199
99
12
-126
-229
-241
-278
-375
-418
-392
-348
-248
-109
-38
-46
-14
26
15
22
73
101
87
84
102
101
69
50
23
-13
0
18
1
-31
-61
-43
-44
-93
-138
-193
-237
-237
-290
-388
-469
-541
-556
-514
-472
-430
-374
-329
-271
-207
-141
-64
-41
-89
-143
-206
-283
-306
-258
-194
-127
-58
-13
-9
4
71
177
300
410
443
380
272
186
110
56
24
-28
-37
-18
-42
-49
-3
69
157
226
244
200
129
103
129
148
160
145
109
108
109
117
161
230
289
307
285
223
164
149
151
153
125
66
-6
-90
-167
-209
-239
-245
-234
-236
-226
-206
-178
-135
-96
-35
43
55
-3
-58
-103
-155
-172
-164
-165
-156
-125
-86
-62
-33
52
145
197
257
299
272
209
158
133
125
88
35
-9
-61
-93
-80
-38
38
122
175
231
273
269
252
241
223
187
157
147
140
115
102
144
205
257
300
337
338
298
257
235
207
164
127
74
-1
-98
-202
-255
-285
-325
-331
-303
-273
-240
-235
-251
-258
-236
-211
-211
-247
-296
-339
-395
-435
-444
-467
-475
-462
-463
-453
-410
-320
-205
-118
-87
-86
-112
-130
-126
-119
-113
-131
-166
-197
-241
-296
-304
-245
-158
-80
-19
34
74
102
148
192
215
213
199
197
196
220
265
320
390
466
509
529
546
549
558
568
550
504
446
385
325
267
200
120
46
-2
-13
-25
-45
-37
-30
-44
-55
-73
-114
-175
-211
-215
-234
-268
-317
-380
-430
-443
-450
-448
-413
-362
-290
-208
-152
-138
-148
-156
-135
-97
-51
-40
-60
-57
-45
-47
-40
-18
-5
16
41
81
113
139
199
279
335
357
358
325
294
300
328
373
425
454
466
460
463
471
473
477
470
449
399
340
292
261
220
158
106
51
8
-2
-11
-18
-23
-45
-80
-124
-187
-223
-238
-257
-276
-296
-316
-360
-425
-477
-511
-521
-520
-498
-462
-457
-443
-413
-398
-395
-384
-349
-331
-329
-308
-294
-303
-295
-268
-248
-217
-204
-206
-201
-182
-168
-152
-100
-38
4
27
62
81
85
106
151
187
225
276
311
313
312
335
367
364
353
347
319
289
288
293
268
222
196
189
179
186
204
221
228
217
182
141
114
97
72
55
55
41
10
-34
-82
-126
-149
-152
-157
-173
-194
-208
-219
-237
-245
-232
-216
-221
-237
-262
-271
-277
-261
-222
-192
-169
-151
-143
-122
-99
-95
-80
-42
-1
16
34
46
67
95
136
179
205
214
240
287
325
350
383
426
440
435
434
429
420
410
392
367
331
283
240
207
185
181
182
186
185
160
134
108
73
46
16
-13
-52
-91
-125
-159
-183
-203
-215
-223
-225
-237
-272
-324
-329
-337
-355
-355
-358
-372
-384
-383
-400
-418
-416
-383
-354
-349
-350
-335
-313
-285
-233
-191
-156
-118
-96
-83
-75
-43
5
46
86
111
124
147
173
196
228
270
307
309
291
284
295
296
293
272
244
218
192
158
129
101
86
88
73
53
30
25
31
47
32
8
-24
-51
-70
-80
-92
-110
-110
-120
-126
-142
-158
-179
-203
-207
-194
-188
-195
-218
-220
-209
-194
-174
-172
-156
-148
-145
-146
-147
-135
-110
-73
-45
-34
-10
18
39
67
81
96
111
133
160
182
213
235
240
241
265
292
312
335
359
378
388
378
369
353
324
312
304
289
250
212
193
161
127
92
68
58
53
49
44
16
-15
-38
-61
-87
-108
-116
-126
-123
-129
-149
-184
-213
-221
-222
-230
-239
-255
-271
-281
-291
-287
-291
-286
-270
-264
-253
-254
-258
-260
-252
-235
-228
-223
-215
-200
-180
-155
-135
-112
-96
-78
-53
-6
50
82
108
134
157
177
196
227
255
281
303
313
304
288
285
299
312
312
302
290
273
244
209
188
176
161
147
136
103
64
43
27
3
-14
-29
-45
-73
-97
-116
-137
-151
-169
-180
-205
-228
-251
-284
-296
-299
-307
-305
-325
-337
-344
-339
-311
-282
-250
-224
-213
-216
-219
-205
-186
-173
-146
-129
-114
-111
-101
-81
-61
-8
49
88
117
127
142
169
199
240
273
298
316
326
343
352
354
357
369
362
346
340
328
320
309
314
305
283
256
238
207
174
153
121
98
75
54
33
5
-22
-37
-35
-33
-36
-52
-76
-100
-120
-144
-168
-189
-207
-219
-240
-264
-288
-302
-301
-272
-241
-212
-193
-188
-186
-179
-164
-153
-144
-140
-140
-139
-146
-146
-133
-97
-53
-29
-12
16
45
65
93
123
141
148
147
150
151
152
166
175
162
151
144
144
144
153
168
175
176
166
151
127
117
106
90
76
59
36
6
-25
-53
-73
-77
-69
-73
-75
-77
-88
-93
-90
-89
-101
-124
-148
-179
-201
-212
-223
-237
-237
-222
-203
-181
-157
-136
-118
-98
-83
-85
-97
-106
-111
-120
-123
-115
-99
-78
-60
-39
-20
4
38
81
114
138
158
180
188
189
195
199
200
193
184
166
146
135
136
144
162
180
193
197
192
186
182
175
172
168
148
115
71
31
5
-4
-2
3
-2
-22
-42
-53
-46
-39
-28
-27
-47
-71
-105
-130
-147
-155
-157
-161
-170
-173
-175
-170
-144
-116
-90
-77
-76
-70
-72
-78
-92
-93
-94
-89
-77
-72
-77
-73
-47
-12
23
53
79
95
112
125
133
139
140
133
128
126
122
111
101
96
93
99
103
105
110
119
127
124
120
113
107
94
76
56
22
-4
-25
-39
-49
-59
-66
-74
-78
-82
-82
-77
-79
-84
-95
-111
-121
-131
-146
-151
-157
-167
-165
-160
-158
-145
-133
-120
-108
-101
-86
-76
-73
-67
-67
-72
-70
-66
-61
-54
-52
-36
-17
-2
13
18
25
42
55
71
83
83
86
85
82
85
88
94
97
98
98
97
92
91
98
101
107
113
112
98
85
74
65
64
59
50
34
23
12
9
3
3
2
-3
-2
-4
-7
-12
-20
-20
-15
-14
-19
-24
-33
-41
-47
-50
-51
-54
-53
-51
-49
-47
-43
-34
-27
-22
-21
-21
-19
-18
-17
-11
-6
2
8
14
15
12
17
22
25
26
22
21
21
23
30
31
34
37
39
41
40
38
33
25
19
17
17
16
14
11
12
10
10
9
7
2
-4
-9
-12
-19
-26
-30
-29
-29
-30
-31
-35
-40
-41
-37
-36
-28
-27
-25
-27
-29
-29
-32
-34
-35
-32
-31
-30
-31
-34
-35
-30
-27
-20
-19
-22
-22
-21
-15
-8
-3
0
-1
-4
-5
-5
-6
-9
-12
-13
-14
-9
-5
0
6
9
15
18
21
24
21
21
21
15
11
13
11
12
14
16
19
22
25
26
28
29
26
22
19
15
14
12
10
5
4
0
-1
-2
3
7
14
19
21
18
17
13
8
9
11
12
9
6
5
1
1
6
9
9
8
8
8
10
14
15
21
22
21
16
11
6
1
2
4
4
5
8
10
11
13
9
8
10
9
7
6
2
-7
-10
-12
-12
-11
-16
-19
-16
-12
-11
-12
-16
-18
-15
-15
-17
-17
-21
-22
-20
-20
-23
-23
-23
-20
-19
-20
-16
-13
-9
-9
-10
-10
-13
-18
-14
-14
-15
-14
-14
-11
-10
-6
-5
-4
-2
2
3
3
5
6
5
6
8
6
5
3
2
1
3
8
12
17
21
23
25
26
26
27
29
28
24
18
10
4
1
0
-2
-4
-7
-9
-7
-5
-6
-6
-6
-11
-14
-16
-17
-18
-18
-17
-18
-18
-17
-19
-19
-18
-15
-12
-12
-10
-10
-11
-12
-9
-8
-7
-5
-6
-5
-1
3
6
7
10
11
11
13
17
20
22
24
23
20
17
17
17
17
16
15
15
14
16
17
18
20
21
18
17
16
17
16
18
16
13
7
3
3
0
1
0
-1
-4
-3
-2
-2
-2
-3
-7
-9
-10
-12
-13
-13
-11
-11
-8
-11
-12
-12
-14
-9
-4
-3
-5
-6
-7
-10
-12
-13
-10
-10
-10
-8
-9
-9
-7
-4
-3
-3
-5
-4
-3
-3
0
-3
-4
-4
-5
-1
1
1
3
5
6
5
5
6
7
7
9
9
9
7
7
6
4
2
-1
-2
-4
-4
-3
-5
-5
-4
-3
-2
-2
-2
-7
-12
-11
-12
-11
-9
-8
-8
-9
-3
-3
-4
-7
-9
-9
-10
-12
-11
-14
-16
-17
-19
-18
-15
-12
-6
-7
-7
-6
-5
-1
0
2
4
5
4
5
2
1
3
4
5
6
8
10
11
16
18
18
21
20
17
15
19
21
23
23
24
23
19
19
20
20
20
20
19
16
13
12
12
13
13
10
7
3
0
-1
-1
1
1
2
3
2
-1
-2
-2
-1
1
-2
-5
-7
-10
-11
-12
-15
-16
-13
-11
-10
-9
-7
-7
-6
-3
-3
-4
-3
-2
-3
-7
-8
-8
-11
-10
-9
-8
-6
-6
-5
-3
1
3
2
2
0
-5
-5
-5
-5
-5
-3
-5
-5
-6
-7
-5
-5
-4
-2
-2
1
1
0
-1
-3
-4
-7
-10
-11
-10
-9
-11
-10
-7
-5
-4
-3
-4
-4
-5
-4
-5
-5
-6
-8
-10
-11
-11
-10
-7
-5
-4
-2
0
4
5
4
6
8
10
9
7
6
4
4
5
3
3
3
2
5
6
6
9
12
14
15
14
11
10
8
5
4
2
4
2
3
5
5
6
5
8
11
10
13
15
12
12
8
4
2
4
6
8
9
11
9
7
10
9
9
11
11
12
12
7
2
-2
-5
-4
-1
2
-1
-3
-3
-7
-9
-6
-3
-3
-1
1
1
2
2
0
-3
-5
-5
-9
-13
-13
-18
-21
-18
-14
-13
-8
1
8
7
5
6
1
-6
-6
-4
-8
-7
-1
0
-5
-8
-5
-7
-10
-7
-4
-2
-4
-7
-7
-11
-16
-18
-14
-16
-22
-20
-16
-20
-22
-20
-23
-25
-22
-17
-13
-14
-18
-13
-12
-11
-5
-4
-6
-3
-3
-8
-16
-11
-1
-1
5
12
7
11
12
7
10
12
16
18
13
12
13
9
12
13
17
26
25
31
42
33
25
30
27
22
22
27
26
23
23
21
14
6
0
-3
-5
-1
3
2
-1
-4
-7
-10
-18
-20
-15
-18
-17
-7
-2
-8
-15
-20
-21
-23
-21
-12
-6
-7
-8
-5
-3
-2
1
6
19
28
20
20
25
8
6
12
13
18
23
25
28
26
34
29
21
26
18
6
19
17
4
7
5
5
7
5
8
8
4
15
18
15
13
9
4
-6
-18
-28
-34
-27
-16
-16
-9
-11
-20
-15
-36
-55
-46
-52
-49
-30
-30
-12
8
-8
-8
-26
-59
-103
-127
-53
-37
-60
201
311
44
-75
-76
-268
-430
-202
86
11
69
340
114
-183
-81
-111
-329
-151
112
53
79
298
174
-59
66
103
-114
-35
196
89
34
220
161
-71
29
119
-71
-78
137
80
-59
37
57
-113
-101
26
-21
-44
97
118
-9
-2
34
-67
-101
1
4
-30
58
119
41
9
48
-10
-75
-29
-10
-51
-8
55
7
-25
33
6
-82
-58
-25
-76
-66
0
-11
-50
-8
27
-48
-66
-6
-44
-75
-12
12
15
38
73
59
11
8
-28
-62
7
-25
-39
238
218
19
79
101
-124
-251
-64
-6
-223
-2
242
-42
-39
198
-6
-211
16
10
-194
-37
167
-74
-65
226
97
-108
138
189
-84
16
208
-22
-124
154
84
-151
22
145
-86
-74
100
-10
-139
7
32
-135
-79
58
-46
-87
54
19
-93
-30
-1
-119
-109
-5
-24
-45
66
91
3
21
50
-45
-65
12
2
-30
41
83
18
4
31
-26
-69
-17
-9
-29
18
53
10
-8
2
-29
-55
-25
-10
-14
25
48
29
22
41
3
-24
5
1
-28
6
26
0
11
31
19
3
20
10
-35
-32
-4
-33
-43
3
24
9
16
16
0
-25
-35
-20
-36
-41
1
4
-43
-24
8
-17
-18
53
43
-34
12
45
-46
-38
62
54
46
96
104
19
-14
-19
-86
-57
-4
-12
213
269
46
113
81
-259
-285
-68
-83
-164
138
309
-93
-42
225
-188
-331
86
-5
-191
140
263
-45
30
243
-11
-100
136
40
-64
119
82
-70
28
60
-74
-14
78
-29
-18
66
-92
-158
-32
-93
-151
14
50
-34
57
71
-81
-60
2
-74
-50
60
36
8
80
45
-51
9
33
-67
3
41
-52
-25
10
-54
-62
2
21
-47
-8
43
-64
-51
8
-58
-45
23
23
18
20
22
-16
-38
-26
-21
0
40
39
51
41
-19
-18
-19
-78
-40
24
-16
-8
44
-8
-56
-18
-7
-63
-29
41
-2
-25
36
-6
-45
14
-4
-30
27
26
-3
3
6
-16
-19
25
14
8
64
55
17
51
47
7
24
61
30
23
56
35
-9
10
22
6
21
44
47
30
16
23
-11
-34
7
11
-5
31
38
4
4
-2
-21
-12
7
14
25
37
25
-1
2
-9
-44
-2
29
-10
5
38
-16
-48
-7
-18
-49
-9
19
-16
-17
-3
-26
-39
-26
-34
-26
-12
-29
-30
-11
-32
-43
-11
-16
-32
-1
13
-15
-15
-8
-29
-37
-21
-12
-10
1
11
2
-10
-12
-17
-17
-12
-12
-6
0
-13
2
4
-10
14
12
-6
7
11
3
4
6
14
2
0
15
6
-5
4
14
14
5
8
15
-3
-19
-8
-5
-21
-15
17
15
0
9
-1
-19
-25
-23
-5
4
6
31
36
17
6
3
7
-11
-7
29
21
14
48
36
4
10
11
-6
3
27
20
7
28
26
-5
8
21
2
12
30
18
8
11
7
7
12
15
22
26
18
9
5
-11
-20
-7
2
-3
11
22
-7
-23
-21
-34
-41
-24
-2
-1
-6
4
-2
-28
-34
-27
-27
-24
-11
0
-9
-11
0
-10
-16
-2
3
-1
0
-3
-10
-21
-22
-22
-22
-1
8
10
22
16
-1
4
-1
-10
1
11
18
18
25
19
5
11
12
2
12
22
11
10
19
3
-13
-2
1
-11
-3
14
3
-6
1
2
-14
-16
-4
-8
-17
-10
-1
-6
-7
-1
2
-7
-12
-9
-10
-27
-29
-15
-22
-31
-21
-11
-18
-23
-7
-8
-21
-17
-9
-14
-24
-19
-8
-12
-13
3
13
3
5
15
9
-7
8
17
5
5
18
14
1
12
13
8
8
15
14
6
10
15
18
21
22
22
27
17
16
27
18
12
21
23
10
9
20
15
8
16
19
11
4
13
14
8
13
20
17
10
7
9
-1
-8
6
6
-3
0
5
-3
-5
1
5
-3
0
10
2
-4
-1
-13
-24
-18
-20
-23
-20
-15
-14
-20
-17
-18
-30
-24
-19
-20
-15
-11
-10
-19
-24
-15
-19
-20
-4
-5
-8
-1
-7
-12
-13
-2
0
-3
8
7
-4
-4
-8
-9
0
2
12
13
9
12
12
7
3
3
12
11
5
11
10
-1
1
5
2
-3
1
2
-5
-8
-6
-7
-8
-5
-1
11
10
5
6
5
-9
-15
-8
-10
-15
0
10
0
4
10
3
-7
-6
-2
-11
-10
1
-4
-9
-1
-2
-10
-10
-9
-4
-3
-1
3
-2
-4
1
-7
-2
3
0
7
10
5
4
5
6
2
-1
11
5
0
13
9
5
15
19
15
11
18
19
6
11
16
3
6
12
9
6
10
13
5
4
9
6
10
18
15
14
17
6
5
4
-2
-3
3
6
5
7
13
9
0
6
-3
-10
0
-2
-5
1
3
1
1
-3
-5
-10
-9
-10
-13
-7
-8
-13
-10
-16
-21
-16
-18
-18
-13
-12
-14
-13
-9
-16
-15
-10
-15
-13
-7
-8
-11
-13
-10
-12
-12
-1
-2
-5
-1
-2
-7
-7
-6
-7
-5
-7
-4
0
-2
-5
-4
-1
-4
0
3
1
0
2
-4
-5
-2
-2
-1
6
9
5
9
9
7
3
5
4
4
9
11
7
11
12
9
9
10
7
8
8
2
1
3
0
-1
3
4
1
3
12
4
1
8
3
-1
2
6
3
1
9
7
-2
3
5
1
1
4
6
6
3
4
3
-3
-4
-4
-3
-4
-4
-1
-1
-2
-1
-2
-1
0
1
3
7
8
6
4
5
5
1
4
4
2
7
5
0
0
-1
-4
-4
2
3
5
11
7
4
5
5
2
2
6
4
3
5
4
6
8
7
7
3
3
2
0
-2
-7
-5
-3
-6
-3
-3
-4
-7
-9
-8
-13
-16
-17
-18
-16
-12
-15
-13
-12
-11
-9
-12
-12
-13
-13
-17
-18
-16
-17
-16
-10
-6
-7
-2
-3
-5
-6
-8
-7
-6
-2
2
2
3
7
1
0
-2
-2
3
6
9
10
10
7
2
2
1
0
6
12
11
11
16
13
9
6
3
1
4
6
7
9
10
11
9
10
8
3
4
3
0
-1
1
1
1
3
0
-2
1
-4
-4
-6
-6
-6
-7
-4
-5
-6
-5
-4
-3
-4
-4
-6
0
5
4
5
7
9
2
1
-1
-4
-1
2
5
7
5
5
6
3
3
3
6
6
5
5
7
3
4
5
5
7
9
12
12
9
8
7
5
6
7
10
9
12
12
10
10
5
3
0
-1
1
1
0
4
4
2
2
-1
-2
-6
-6
-6
-6
-6
-5
-6
-4
-4
-5
-3
-3
-4
-7
-10
-9
-13
-16
-11
-12
-16
-16
-14
-13
-15
-12
-8
-10
-9
-9
-11
-18
-16
-16
-17
-14
-10
-12
-12
-7
-6
-10
-12
-7
-10
-12
-8
-8
-9
-5
-2
-2
-5
-3
0
0
2
3
7
7
7
8
7
7
6
11
6
4
8
4
0
1
3
0
-1
5
3
1
5
10
7
7
11
7
3
8
8
3
9
16
12
13
18
17
13
13
15
12
10
9
6
3
3
4
4
5
5
5
5
6
4
3
3
2
1
2
2
0
2
4
6
8
9
10
14
11
9
7
4
1
1
1
1
0
5
7
2
-3
-6
-9
-9
-7
-4
-2
1
4
2
0
-1
-3
-4
-4
1
2
3
0
-1
-1
-4
-1
-4
-5
-6
-5
-6
-9
-10
-11
-11
-9
-7
-8
-7
-7
-10
-11
-14
-12
-13
-13
-12
-10
-11
-11
-8
-8
-9
-8
-8
-7
-8
-7
-6
-7
-8
-8
-8
-3
0
0
2
2
3
-1
-3
-5
-7
-5
-3
1
2
2
2
1
-4
-3
-4
-4
-3
-3
-5
-7
-7
-8
-7
-3
0
1
1
0
-1
-5
-4
-4
-2
-1
2
4
6
9
9
10
10
9
11
10
9
9
8
6
8
11
11
12
15
15
11
11
9
6
6
7
8
10
10
10
10
8
10
10
7
8
10
8
9
8
5
1
3
2
1
4
5
4
4
2
0
0
-2
-1
-1
1
0
0
0
-1
-1
2
3
4
7
3
3
2
2
2
0
0
0
3
2
3
5
2
2
2
2
1
1
3
2
0
2
1
-1
0
1
-3
-3
-1
-3
-5
-3
-4
-4
-3
-2
-4
-5
-4
-6
-11
-12
-13
-14
-14
-12
-15
-15
-16
-20
-21
-19
-20
-20
-18
-16
-19
-21
-19
-20
-20
-19
-18
-15
-14
-12
-11
-12
-12
-12
-12
-11
-11
-11
-9
-7
-8
-8
-7
-7
-6
-6
-5
-3
-3
-1
0
1
5
5
9
11
12
11
14
13
11
12
14
15
15
19
20
19
19
21
21
22
21
20
21
21
23
22
21
21
21
21
19
18
17
17
18
15
14
14
11
10
11
9
9
10
9
9
7
5
4
2
-1
-3
-1
1
-1
-2
-1
-2
-3
-4
-7
-7
-7
-7
-8
-9
-8
-9
-7
-4
-5
-6
-5
-6
-7
-7
-8
-6
-7
-6
-3
-2
-2
-1
-1
0
-2
-3
-4
-4
-5
-9
-7
-6
-5
-4
-4
0
0
-4
-5
-7
-8
-8
-9
-8
-7
-5
-5
-6
-4
-5
-6
-5
-4
-5
-5
-6
-3
-5
-4
-4
-7
-5
-9
-8
-9
-11
-9
-10
-9
-10
-10
-8
-10
-11
-9
-10
-9
-6
-7
-9
-11
-10
-12
-12
-8
-5
-4
-3
0
0
0
0
-1
-5
-3
-2
-2
-1
2
4
6
7
7
5
9
10
8
10
9
12
11
8
10
11
10
11
11
13
14
11
10
12
12
12
10
12
11
10
12
10
11
12
11
10
10
7
7
7
8
7
7
7
7
8
7
6
9
8
6
9
10
8
4
7
7
2
2
2
1
0
3
3
0
-1
-1
-1
-3
-1
1
0
-1
1
-1
-1
0
-1
1
0
-3
-4
-5
-5
-6
-7
-5
-6
-5
-5
-5
-6
-6
-8
-8
-7
-9
-9
-9
-8
-7
-6
-7
-8
-7
-5
-7
-9
-8
-11
-13
-11
-8
-7
-5
-3
-2
-5
-6
-6
-10
-10
-11
-9
-7
-5
-3
-2
-3
-3
-3
-7
-7
-6
-6
-6
-3
-3
-2
-1
-2
-1
0
1
0
-3
-3
-2
-6
-6
-6
-4
-3
-1
1
1
1
1
1
-1
-2
-2
0
3
7
7
4
4
3
3
2
0
1
3
1
3
2
1
2
1
1
3
2
4
3
1
1
3
1
3
3
4
5
4
6
7
8
8
7
6
5
4
5
5
7
10
12
13
13
12
12
11
9
9
10
10
10
11
13
12
10
10
9
8
7
7
7
8
8
7
4
2
1
4
6
5
5
9
7
6
5
4
2
1
3
2
2
3
2
1
0
-2
-3
-8
-6
-5
-6
-5
-5
-6
-5
-7
-8
-8
-8
-8
-8
-9
-10
-11
-10
-11
-12
-12
-10
-11
-12
-12
-13
-14
-13
-14
-15
-16
-16
-16
-14
-13
-14
-14
-15
-17
-19
-18
-19
-19
-18
-15
-14
-12
-11
-9
-7
-8
-6
-7
-5
-7
-6
-3
-2
-1
2
2
2
2
2
3
3
4
5
5
7
8
9
9
9
11
11
12
10
11
9
8
9
9
11
11
13
13
11
11
11
10
7
9
10
10
8
7
8
5
6
5
7
7
8
6
5
4
3
2
2
2
3
5
5
5
6
5
7
7
7
7
8
7
6
8
8
8
10
12
13
11
12
13
10
10
9
10
8
7
7
7
5
7
7
4
3
4
2
1
0
-2
-5
-6
-6
-8
-11
-11
-11
-12
-12
-12
-11
-11
-9
-8
-10
-10
-10
-10
-13
-15
-15
-13
-12
-14
-12
-10
-10
-11
-10
-10
-10
-9
-9
-9
-9
-7
-9
-10
-8
-7
-7
-7
-6
-4
-3
-1
0
1
-1
-2
-3
-4
-4
-4
-2
1
1
1
2
-1
-2
-2
-3
-4
-5
-5
-4
-4
-3
-4
-6
-5
-7
-8
-9
-8
-8
-8
-5
-4
-5
-3
-2
-2
-2
-1
-1
-1
-2
-2
-2
0
3
6
7
7
9
8
8
8
7
7
8
8
8
9
10
12
13
16
16
18
21
21
21
18
17
15
14
13
15
16
16
19
16
16
15
13
12
10
8
7
5
2
0
-1
0
0
0
0
4
3
1
0
-3
-6
-8
-6
-7
-7
-5
-4
-2
-2
-2
-1
-2
-1
1
1
0
2
2
1
0
-1
-1
-2
-3
-3
-2
-2
-1
-1
-1
-1
0
-2
-1
-2
-3
-6
-7
-6
-9
-9
-8
-9
-9
-10
-10
-12
-12
-13
-12
-12
-12
-14
-17
-15
-14
-14
-14
-12
-12
-11
-14
-14
-13
-14
-11
-10
-8
-6
-4
-4
-1
-1
-2
-2
-2
-2
1
1
2
2
2
2
1
1
1
3
3
2
3
3
2
2
0
0
1
0
2
2
2
3
2
4
3
1
4
2
1
4
4
2
2
4
4
2
3
0
0
0
1
1
2
4
7
6
6
8
8
8
11
12
11
12
13
16
15
14
14
13
13
13
14
16
14
13
11
11
8
7
9
8
6
5
7
7
5
5
4
3
2
3
5
6
6
6
7
7
6
6
4
0
-1
0
-2
-5
-4
-5
-4
-5
-5
-5
-6
-6
-7
-5
-6
-8
-11
-11
-12
-12
-12
-12
-11
-11
-7
-7
-10
-9
-10
-11
-14
-13
-12
-15
-12
-13
-15
-13
-12
-10
-11
-10
-8
-5
-8
-8
-6
-9
-8
-6
-6
-5
-5
-4
-5
-6
-6
-7
-7
-6
-4
-4
-3
-2
-1
-3
-4
-1
-2
-3
-1
-2
1
-1
4
5
4
6
7
6
11
12
12
12
12
13
10
12
13
10
10
11
11
6
6
5
2
0
1
3
4
3
5
5
3
3
5
3
2
4
4
4
4
1
-1
0
1
-1
-1
1
-1
-2
-3
-4
-3
-5
-5
-5
-3
-1
-1
0
0
2
5
6
5
6
5
3
6
5
5
5
7
11
9
8
11
10
8
8
6
6
7
6
4
2
6
7
4
5
7
6
5
6
4
1
1
1
-1
-1
-2
-2
-1
-1
1
-1
-1
-2
-3
-2
-5
-5
-4
-7
-7
-9
-8
-8
-8
-7
-6
-7
-10
-9
-10
-12
-12
-13
-11
-11
-9
-7
-7
-8
-7
-6
-8
-9
-8
-8
-8
-6
-6
-4
-3
-3
-4
-5
-6
-5
-6
-5
-2
-3
-4
-3
-5
-6
-4
-1
-2
-2
-1
-1
-1
0
0
-2
2
4
0
3
3
2
2
3
5
4
4
5
4
4
6
6
6
8
8
6
6
8
5
6
6
5
3
4
4
1
2
3
2
2
2
3
1
1
0
-1
1
3
2
4
4
5
4
3
4
3
3
4
5
5
6
6
5
4
3
2
1
1
2
2
3
6
5
5
7
6
5
6
5
4
4
3
2
4
5
6
7
8
11
8
6
6
5
2
1
3
2
2
1
2
3
1
1
1
0
-1
-3
-3
-3
-5
-6
-4
-5
-6
-5
-2
-3
-2
-3
-5
-7
-9
-9
-9
-10
-11
-10
-9
-8
-10
-10
-8
-8
-9
-8
-9
-12
-13
-14
-15
-14
-13
-11
-9
-6
-7
-4
-7
-5
-5
-6
-4
-4
-7
-6
-2
-2
-2
0
1
3
1
1
0
-3
-1
0
-2
-1
1
1
1
3
6
4
2
4
4
0
1
3
2
2
5
4
6
8
6
7
7
5
4
4
3
1
2
5
6
7
6
8
6
5
5
5
5
3
7
7
7
6
5
4
3
3
3
3
5
3
4
6
6
6
6
6
4
6
7
5
4
4
4
5
4
4
4
6
6
5
3
1
4
2
1
1
1
-1
0
2
2
1
2
2
0
-1
-2
-1
-1
-1
-1
-1
-1
0
1
1
0
-1
0
-3
-5
-3
-7
-5
-4
-4
-5
-7
-5
-5
-8
-6
-6
-6
-8
-9
-9
-9
-8
-6
-5
-3
-4
-3
-3
-3
-3
-4
-7
-7
-7
-8
-6
-7
-7
-6
-5
-3
-4
-5
-5
-5
-8
-10
-8
-9
-12
-10
-8
-8
-5
-4
-4
-2
-2
-3
-3
-4
-1
-2
-2
2
4
3
3
1
0
2
-2
-1
-1
-1
2
4
4
5
5
7
6
7
5
4
4
3
2
4
5
6
8
9
9
8
10
10
7
9
8
8
9
9
10
10
10
9
10
10
8
8
8
8
6
6
7
6
5
6
8
9
6
6
5
3
3
3
2
0
0
0
0
1
-1
-1
0
0
0
2
0
1
1
1
1
0
2
2
0
0
-2
-2
-3
-4
-6
-7
-6
-6
-7
-6
-6
-7
-9
-9
-8
-6
-5
-8
-8
-8
-8
-8
-9
-8
-6
-4
-4
-2
-2
-5
-7
-3
-4
-8
-7
-5
-5
-6
-5
-2
-4
-3
-2
-2
-4
-1
-3
-1
-2
0
3
0
4
4
3
2
2
0
-2
-2
-4
-5
-2
-4
-3
-3
-3
-4
-5
-4
-6
-6
-9
-8
-8
-6
-5
-6
-4
-4
-4
-3
-2
0
-1
1
3
3
2
6
8
6
6
9
8
7
6
8
9
7
9
9
10
10
9
9
9
10
11
10
11
10
11
9
11
11
11
11
10
10
9
9
8
4
4
3
3
4
3
2
1
0
-2
-1
-3
-2
-3
-3
-3
-5
-6
-6
-5
-6
-6
-5
-3
-6
-4
-3
-3
-2
-2
2
0
1
2
2
1
3
3
3
2
2
1
-1
0
-3
-4
-3
-4
-5
-6
-5
-4
-7
-7
-5
-6
-7
-6
-6
-5
-6
-4
-4
-4
-7
-5
-5
-6
-5
-6
-2
-3
-4
-4
-4
-3
-3
-3
-2
-1
-1
-1
1
2
2
2
3
0
0
1
1
0
1
0
2
2
0
-2
0
-1
-3
0
0
-1
-2
-2
-1
-4
-3
-2
-3
-4
-4
-3
-5
-6
-4
-4
-7
-4
-2
-5
-4
0
1
-2
-1
1
-2
-1
0
2
3
2
3
5
4
5
5
4
4
5
6
4
2
2
2
2
3
4
2
3
5
4
3
3
4
6
4
7
9
10
10
11
12
10
9
9
9
8
9
9
9
10
9
8
10
9
7
7
6
4
2
3
3
3
2
4
2
1
1
2
1
2
1
0
1
1
0
-2
-2
-3
-3
-4
-6
-6
-6
-7
-9
-12
-12
-12
-11
-11
-12
-12
-14
-12
-13
-12
-11
-11
-10
-9
-11
-10
-9
-9
-8
-8
-5
-5
-6
-5
-4
-6
-6
-4
-4
-3
-2
-2
-3
-5
-5
-6
-5
-5
-5
-1
-1
1
1
0
0
-2
-1
-1
-2
-2
-2
-2
-1
-2
-1
0
3
4
4
4
7
5
4
5
4
2
4
7
5
4
6
7
6
5
6
6
5
7
6
6
5
4
4
3
5
6
6
7
8
8
7
6
5
7
4
6
6
4
5
6
6
6
5
6
7
5
5
4
5
4
3
3
2
1
2
1
1
1
0
-1
-1
0
1
0
2
3
1
0
0
-1
-2
-2
0
-2
-2
-1
0
1
0
-1
0
0
-1
-3
-4
-4
-5
-3
-2
0
1
1
0
1
0
-2
-2
-4
-5
-4
-5
-5
-5
-4
-5
-3
-3
-3
-4
-4
-5
-9
-9
-10
-12
-11
-11
-10
-9
-10
-10
-9
-9
-9
-8
-9
-8
-7
-7
-7
-8
-7
-7
-6
-4
-5
-5
-4
-4
-5
-6
-6
-7
-5
-4
-4
-4
-3
-2
-4
-2
-1
-2
0
1
0
2
4
3
5
7
10
9
10
11
9
10
11
10
11
12
13
15
14
14
15
15
14
13
13
11
11
11
14
15
14
15
13
11
12
11
10
9
9
6
4
2
2
2
-1
0
1
0
0
-1
-3
-5
-5
-4
-7
-7
-4
-6
-8
-5
-7
-8
-7
-7
-7
-5
-6
-6
-5
-7
-7
-6
-5
-4
-5
-3
-4
-3
-1
-1
-1
1
1
2
2
3
3
2
3
2
3
2
3
3
2
3
4
4
4
3
0
-1
1
-1
-3
-2
-2
-1
-2
-2
-3
-7
-5
-6
-4
-8
-7
-5
-7
-8
-7
-7
-5
-6
-7
-7
-10
-10
-11
-11
-9
-10
-10
-10
-9
-7
-9
-10
-6
-7
-9
-8
-8
-7
-6
-4
-3
-3
-1
-1
-1
-1
-2
-1
0
0
0
0
1
2
2
1
3
4
4
4
5
6
7
7
8
6
8
7
7
9
10
10
12
12
12
11
10
11
10
10
11
10
7
10
9
10
12
13
12
11
12
8
6
7
7
5
4
6
8
7
5
7
6
4
4
4
3
0
1
0
0
-1
1
2
3
5
4
4
3
2
1
1
0
0
2
3
1
0
-1
-2
-5
-7
-6
-7
-6
-7
-8
-6
-10
-11
-12
-12
-11
-10
-11
-9
-9
-10
-11
-10
-11
-13
-13
-12
-11
-10
-9
-9
-10
-9
-8
-7
-6
-6
-3
-3
-4
-6
-5
-4
-4
-5
-5
-3
-4
-3
-3
-3
-4
-3
-3
-3
-4
-3
-2
-2
-3
0
1
0
2
0
0
1
-1
0
-1
0
0
2
3
2
4
4
4
2
3
3
1
2
2
2
1
1
3
3
4
5
4
4
5
6
6
6
6
5
6
5
7
8
8
10
8
6
6
6
7
4
6
7
5
3
4
3
2
3
4
4
2
5
4
2
4
6
6
5
5
5
5
4
4
5
4
4
2
2
1
1
0
0
0
1
1
1
3
2
3
4
4
5
6
6
5
7
8
5
4
4
5
4
1
2
1
2
1
0
-2
-4
-4
-4
-5
-6
-7
-8
-9
-11
-12
-13
-13
-13
-13
-13
-13
-12
-10
-12
-13
-11
-10
-11
-12
-9
-10
-11
-12
-13
-12
-12
-11
-10
-7
-8
-8
-5
-4
-4
-5
-2
1
0
1
1
1
-1
1
1
0
1
3
3
3
4
1
0
2
1
2
2
3
2
1
0
1
0
-1
0
0
3
1
2
2
3
3
4
3
1
2
3
2
4
6
4
5
3
5
3
1
2
4
5
4
6
6
5
4
6
5
3
4
4
3
3
2
2
0
1
2
1
2
2
2
3
3
4
2
1
3
4
2
3
4
5
6
7
7
7
8
8
7
7
5
7
9
8
6
9
9
8
9
8
7
7
8
6
5
5
6
6
7
6
4
6
5
5
4
3
3
1
3
1
0
0
0
-1
-2
-1
-5
-6
-4
-8
-8
-11
-10
-9
-11
-12
-10
-10
-11
-11
-10
-12
-14
-13
-16
-16
-17
-18
-18
-20
-20
-19
-18
-18
-18
-18
-18
-17
-17
-18
-18
-16
-14
-13
-13
-11
-10
-10
-8
-9
-7
-6
-4
-4
-3
-2
-2
0
1
0
2
2
2
1
5
4
3
5
5
8
8
9
9
10
10
9
10
12
10
9
9
12
11
13
14
13
11
12
11
11
12
9
9
10
10
12
11
11
13
12
12
11
9
10
11
10
10
10
9
9
9
10
8
8
7
7
4
5
5
3
4
4
3
4
6
6
5
8
7
3
4
3
3
0
-1
1
1
0
1
3
2
2
2
2
0
1
1
0
-1
1
-2
-3
0
0
-2
-4
-5
-6
-7
-6
-8
-8
-7
-8
-10
-9
-7
-7
-8
-7
-8
-10
-10
-9
-10
-10
-10
-10
-11
-11
-12
-11
-12
-11
-10
-13
-15
-14
-15
-15
-14
-14
-15
-14
-14
-14
-12
-12
-11
-13
-12
-13
-14
-14
-13
-13
-10
-9
-8
-7
-6
-6
-4
-3
-3
-2
-2
0
1
4
4
4
6
7
7
6
8
9
7
9
8
9
9
9
10
10
11
12
11
11
10
10
11
12
11
11
12
13
13
15
15
15
15
19
16
12
13
12
12
12
10
9
9
8
7
6
7
5
6
6
4
5
6
5
3
2
3
2
1
3
3
3
3
3
4
2
2
1
1
2
0
-1
0
-1
-1
0
1
-1
1
-1
-3
-3
-2
-2
-2
0
-1
1
-1
-1
0
0
0
0
-1
1
1
-1
-3
-5
-5
-6
-7
-5
-7
-7
-6
-6
-6
-8
-9
-7
-7
-6
-6
-6
-5
-3
-5
-7
-7
-9
-9
-9
-11
-13
-13
-12
-11
-12
-13
-12
-11
-10
-10
-10
-11
-10
-11
-12
-11
-11
-10
-9
-7
-8
-9
-8
-7
-12
-13
-11
-12
-14
-12
-10
-10
-9
-7
-6
-7
-6
-5
-5
-4
-3
-1
1
4
7
7
9
12
11
13
13
15
18
17
19
20
21
22
21
19
19
18
18
19
19
19
18
16
16
15
14
14
14
14
14
13
12
12
10
9
9
8
9
8
7
8
6
5
5
3
2
1
-1
-1
-1
-2
-3
-3
-5
-6
-5
-5
-8
-9
-8
-7
-6
-8
-6
-5
-4
-2
-5
-3
-3
-2
-2
-2
-4
-3
-1
0
-1
-1
1
2
-1
0
-1
-3
0
-1
-3
-1
-1
0
1
0
-1
1
-1
-1
0
1
-2
-2
0
1
0
0
1
1
0
1
1
0
0
0
-1
-3
-4
-5
-6
-8
-5
-9
-10
-10
-11
-13
-12
-10
-13
-15
-13
-14
-14
-11
-13
-14
-11
-10
-12
-12
-11
-11
-10
-9
-7
-8
-10
-8
-7
-10
-10
-10
-10
-10
-10
-8
-6
-9
-9
-6
-5
-5
-5
-2
0
-2
0
2
-1
2
4
6
7
8
9
9
10
13
13
12
14
14
14
15
16
17
19
19
19
19
17
17
15
13
14
15
16
17
16
14
16
15
15
13
13
12
12
12
11
9
12
13
10
11
9
10
10
9
7
6
3
1
3
2
0
1
2
1
0
0
-2
-2
-3
-7
-8
-6
-6
-8
-6
-5
-5
-5
-1
-3
-5
-4
-5
-5
-5
-6
-5
-6
-5
-3
-4
-4
-6
-8
-9
-10
-11
-10
-10
-11
-9
-7
-10
-10
-7
-9
-10
-6
-6
-7
-9
-7
-8
-8
-8
-6
-6
-6
-8
-7
-5
-7
-10
-8
-8
-10
-8
-9
-12
-10
-10
-11
-9
-9
-7
-11
-8
-8
-10
-9
-8
-7
-7
-5
-5
-3
-2
-3
-1
-1
-1
-2
-1
0
0
1
1
1
2
0
1
2
3
3
3
4
4
3
4
3
4
5
7
7
7
8
9
8
8
9
9
8
10
10
10
10
13
10
8
11
8
9
11
12
12
13
15
13
10
12
13
10
11
11
9
9
10
7
9
9
8
10
8
8
9
7
5
5
5
5
5
6
6
4
7
3
3
5
2
1
3
1
-1
-1
-2
-1
-2
-1
-1
0
3
1
2
0
0
-1
1
0
-2
-2
-1
-3
-3
-2
-2
-4
-5
-5
-5
-9
-9
-8
-8
-10
-7
-8
-11
-11
-12
-13
-16
-15
-15
-17
-16
-16
-16
-18
-15
-15
-15
-14
-14
-14
-12
-13
-14
-16
-15
-14
-13
-12
-11
-8
-8
-6
-7
-5
-7
-5
-3
-4
-3
-4
-3
-3
-4
-4
-5
-6
-5
-5
-6
-5
-7
-6
-5
-3
-2
-1
-2
1
4
2
4
4
5
7
5
4
7
8
5
8
11
9
11
12
15
14
15
17
15
16
15
11
13
13
11
10
11
11
12
13
13
12
12
14
13
12
13
10
11
15
14
13
12
13
13
14
13
9
12
11
8
8
6
4
5
5
7
7
7
7
8
7
7
6
5
5
4
4
3
2
4
2
2
3
2
1
1
-2
-2
-4
-4
-6
-8
-7
-7
-8
-8
-7
-10
-11
-13
-13
-17
-18
-18
-18
-17
-17
-15
-14
-13
-14
-15
-13
-13
-14
-13
-13
-13
-14
-14
-13
-16
-11
-12
-11
-10
-11
-11
-10
-10
-12
-11
-10
-9
-9
-8
-8
-9
-6
-6
-8
-6
-6
-4
-3
-3
0
-1
-2
0
-1
-1
-1
-1
1
1
0
0
1
0
-3
-3
-1
-3
-3
-2
-1
-2
2
3
1
3
3
3
5
5
5
6
9
9
12
14
15
15
16
16
15
16
15
14
15
16
15
14
16
17
16
18
16
14
14
12
10
9
7
8
10
11
10
11
11
8
9
10
8
8
9
9
7
8
7
5
4
5
4
4
4
1
2
1
3
1
2
0
-2
-1
-1
-4
-4
-5
-7
-7
-7
-9
-8
-7
-9
-10
-10
-10
-12
-10
-10
-11
-10
-10
-9
-9
-10
-10
-9
-9
-10
-8
-7
-8
-7
-8
-9
-9
-8
-10
-10
-7
-6
-5
-5
-6
-8
-6
-5
-6
-7
-4
-5
-5
-3
-3
-2
-1
-1
1
2
0
0
2
0
-2
-1
-2
0
-1
-1
1
-3
-3
-1
-4
-3
-5
-8
-6
-5
-8
-5
-5
-6
-5
-5
-5
-3
-4
-4
-5
-3
-2
-2
-3
-1
0
1
2
2
0
-1
0
0
-1
-1
-1
1
3
4
3
5
5
5
5
8
5
7
8
8
8
9
10
11
11
10
13
13
11
12
11
10
9
9
9
9
9
10
11
10
10
12
12
9
11
9
6
7
6
5
7
9
10
9
10
8
10
8
5
5
7
4
3
4
2
2
3
1
1
2
0
-2
0
-1
-2
-4
-3
-5
-5
-3
-4
-5
-4
-7
-10
-9
-10
-11
-11
-12
-13
-11
-10
-11
-11
-11
-13
-11
-13
-13
-12
-12
-11
-11
-8
-9
-12
-10
-9
-7
-8
-6
-3
-4
-3
-4
-4
-4
-3
-4
-2
0
-2
-2
-3
-2
-3
-2
-1
-2
0
1
1
0
0
-1
-1
1
-1
-2
-4
-3
-4
-4
-3
-4
-4
-2
-4
-6
-7
-5
-4
-4
-1
0
0
-2
0
-1
-1
0
0
-1
0
1
-1
1
0
1
-1
0
1
-2
-1
0
-1
-1
-2
-1
1
-1
0
3
2
4
7
6
8
10
11
11
11
14
13
15
16
17
17
17
17
15
16
15
13
12
10
10
9
9
9
9
8
8
10
8
8
8
5
6
5
4
6
8
6
6
6
7
6
6
7
4
5
4
2
2
1
3
2
3
4
1
1
-1
-2
-3
-3
-6
-7
-7
-9
-8
-7
-8
-8
-9
-7
-9
-11
-11
-13
-12
-12
-14
-13
-13
-13
-14
-12
-12
-13
-15
-17
-17
-19
-19
-18
-18
-19
-17
-16
-16
-15
-16
-17
-16
-14
-16
-15
-13
-10
-10
-8
-6
-7
-5
-4
-4
-4
-3
-1
-2
-1
1
1
5
6
6
7
6
6
6
4
5
5
7
6
7
8
8
8
8
10
8
9
10
9
8
10
11
9
12
14
16
15
16
14
13
12
10
8
6
7
5
7
7
6
7
5
3
3
0
-1
-3
-3
-1
-1
-1
-1
2
0
2
3
1
2
3
2
0
2
1
4
5
8
10
9
11
10
8
8
7
5
5
4
5
6
6
8
7
8
7
6
7
7
6
4
4
4
4
4
6
6
3
4
5
2
-1
1
-1
-2
-3
-4
-5
-5
-6
-8
-8
-9
-9
-13
-14
-16
-18
-19
-16
-18
-20
-18
-18
-17
-17
-17
-19
-18
-16
-18
-17
-17
-17
-17
-16
-14
-14
-12
-12
-11
-13
-11
-11
-12
-11
-12
-11
-8
-7
-6
-5
-3
-2
-2
-2
-2
0
1
2
3
5
6
9
10
11
12
13
13
14
15
15
14
14
15
13
13
15
13
13
14
12
10
9
10
6
4
6
3
7
7
5
7
3
3
2
1
-2
-1
0
1
0
1
3
1
3
0
-1
0
1
0
1
2
3
5
4
4
3
3
4
4
4
4
3
2
2
3
4
5
7
7
7
6
6
5
5
5
6
7
7
7
8
8
8
9
8
7
5
5
4
3
5
2
1
0
2
1
1
-1
1
-2
-1
-3
-7
-8
-9
-10
-8
-8
-9
-9
-8
-7
-9
-9
-9
-10
-10
-8
-7
-8
-6
-7
-8
-7
-6
-9
-9
-8
-10
-9
-10
-10
-11
-11
-9
-11
-9
-7
-7
-9
-10
-11
-12
-11
-12
-12
-10
-10
-10
-8
-8
-8
-8
-7
-7
-8
-10
-8
-9
-7
-5
-5
-3
-3
-1
-1
-1
0
-1
1
3
5
6
8
8
11
11
12
14
14
15
16
18
16
16
18
18
17
18
17
16
16
15
12
11
10
7
6
5
6
1
3
4
3
3
4
4
4
2
1
2
2
4
4
4
3
1
2
1
1
0
-1
-2
-2
-3
-4
-4
-2
-4
-2
-1
0
-1
0
2
1
1
1
2
3
4
4
5
4
2
5
4
2
2
3
1
0
1
3
-1
1
1
-2
-1
1
1
0
2
2
1
1
3
2
2
2
1
0
1
0
-2
-1
-2
-3
-3
-2
-4
-6
-6
-7
-8
-7
-7
-9
-9
-8
-9
-10
-9
-9
-11
-12
-12
-12
-14
-14
-14
-16
-17
-14
-17
-17
-17
-15
-16
-16
-13
-15
-14
-13
-13
-11
-10
-9
-9
-6
-5
-5
-4
-4
-5
-5
-4
-1
2
2
5
6
6
8
8
7
7
5
9
11
11
13
15
15
16
16
16
18
18
16
16
15
15
14
14
14
16
15
17
17
16
15
14
15
13
11
11
9
8
6
3
3
2
1
0
-1
-2
-3
-3
-3
-5
-6
-4
-3
-2
-3
-2
-2
-1
-1
-1
-1
0
-1
-1
-1
-2
-2
-1
-1
-2
-2
-4
-3
-5
-7
-6
-7
-6
-4
-4
-1
1
1
1
1
3
3
1
1
3
1
0
-1
0
-1
-1
0
-2
-3
0
-2
-1
-3
-5
-4
-3
-5
-2
0
-3
0
0
2
-1
-1
-2
-5
-5
-6
-8
-8
-9
-9
-9
-9
-9
-10
-9
-6
-6
-8
-7
-5
-4
-4
-4
-4
-4
-5
-7
-8
-10
-10
-9
-10
-10
-8
-9
-8
-8
-8
-9
-7
-7
-8
-7
-7
-5
-3
-3
-1
-1
0
1
0
0
0
-2
0
2
1
1
3
4
4
8
10
10
12
12
13
13
13
13
12
15
16
17
17
18
20
19
16
16
14
12
12
11
10
9
10
14
15
14
14
15
14
12
12
9
8
7
5
6
4
3
2
0
-1
0
-3
-4
-4
-5
-6
-3
-5
-7
-3
-5
-1
-2
0
-1
-3
-5
-5
-7
-7
-4
-5
-6
-5
-5
-8
-8
-8
-10
-12
-13
-10
-11
-9
-8
-9
-7
-7
-6
-6
-6
-8
-6
-6
-8
-7
-8
-8
-8
-7
-7
-4
-3
-3
-3
-2
-4
-6
-6
-6
-5
-6
-5
-5
-6
-5
-4
-4
-4
-3
-6
-5
-6
-5
-6
-6
-4
-5
-5
-5
-1
-2
-1
-1
-1
-2
0
1
0
-1
0
2
3
2
3
4
5
5
5
6
7
5
6
6
9
8
8
