-3
-5
-4
-4
-5
-3
-4
-7
-4
-6
-5
-7
-10
-8
-8
-8
-8
-8
-9
-11
-10
-9
-11
-11
-11
-10
-11
-9
-9
-9
-8
-6
-5
-6
-8
-7
-7
-7
-8
-8
-6
-6
-6
-5
-4
-2
-1
2
4
3
5
8
7
9
10
10
11
12
11
14
15
16
19
19
22
23
20
21
22
20
22
22
21
22
19
23
24
24
21
20
20
17
16
15
14
13
13
12
11
12
9
8
8
9
7
7
8
6
4
4
4
2
2
2
0
1
-1
-3
-2
-7
-6
-7
-7
-7
-8
-8
-8
-8
-9
-11
-13
-13
-13
-14
-15
-13
-11
-12
-11
-9
-11
-10
-11
-11
-11
-12
-12
-11
-12
-12
-12
-11
-11
-11
-11
-9
-9
-9
-9
-9
-9
-7
-6
-4
-4
-4
-2
-2
-4
-5
-3
-3
-6
-6
-3
-3
-2
-3
-3
-4
-3
-3
-4
-6
-6
-6
-7
-8
-9
-7
-8
-7
-7
-7
-7
-6
-6
-6
-6
-4
-5
-4
-3
-4
-4
-4
-4
-7
-5
-4
-5
-4
-2
0
2
1
2
6
6
4
6
7
5
5
5
4
6
6
6
4
6
8
6
7
8
8
10
9
10
11
10
11
13
15
16
17
18
18
17
19
17
16
17
17
17
18
18
19
19
19
20
21
20
20
18
19
18
15
15
15
13
14
15
12
11
8
9
6
6
2
0
1
-1
0
-1
-2
-4
-3
-4
-7
-9
-10
-12
-13
-13
-14
-13
-16
-15
-14
-16
-16
-16
-14
-16
-18
-17
-20
-21
-20
-22
-19
-20
-17
-17
-16
-15
-15
-17
-15
-14
-17
-15
-16
-15
-13
-14
-14
-13
-12
-11
-11
-12
-12
-13
-10
-8
-7
-7
-6
-5
-4
-4
-4
-3
-2
-1
-3
-2
-2
-1
0
-1
-2
-1
-1
-3
-1
-1
0
2
1
3
2
2
4
2
3
4
4
5
4
4
6
6
7
7
9
9
10
11
11
11
11
9
8
8
7
8
10
11
12
12
14
14
13
11
9
10
10
9
10
11
12
13
12
12
13
12
11
10
11
11
11
13
11
12
11
10
10
11
10
11
9
8
6
4
6
3
4
5
5
7
6
5
2
0
0
0
-2
-3
-1
-1
-1
0
-1
-1
-1
-3
-6
-6
-8
-9
-8
-8
-8
-7
-6
-4
-6
-6
-6
-7
-10
-11
-12
-12
-12
-11
-11
-11
-10
-12
-11
-10
-12
-12
-14
-13
-13
-13
-13
-13
-12
-12
-11
-10
-9
-10
-11
-12
-11
-10
-11
-10
-7
-7
-4
-2
-2
-2
-3
-1
-3
-5
-4
-4
-3
-2
-1
-2
-1
1
1
-1
-1
0
2
2
3
2
1
3
2
1
1
1
2
1
-1
-1
-1
-2
-1
-3
-3
-2
-3
0
0
1
1
1
3
2
-1
-1
-1
-1
0
2
2
4
5
6
6
5
6
6
8
9
11
12
11
12
14
15
15
17
16
15
17
18
15
17
17
18
17
19
19
17
17
14
15
13
11
11
8
8
9
9
8
6
7
6
4
3
1
2
1
2
2
1
3
4
2
1
1
-1
1
-3
-3
-3
-4
-5
-4
-5
-4
-5
-6
-5
-5
-4
-6
-8
-8
-10
-11
-11
-12
-13
-13
-12
-12
-13
-12
-12
-13
-13
-13
-15
-16
-16
-15
-13
-15
-14
-13
-15
-16
-16
-18
-17
-15
-13
-12
-11
-10
-10
-10
-11
-10
-12
-10
-9
-11
-8
-7
-9
-6
-6
-7
-3
-4
-3
-3
-4
-1
-3
-4
-2
-2
0
1
2
3
3
3
6
6
6
7
7
8
10
10
11
10
12
13
11
11
10
9
10
8
8
9
10
10
10
10
9
10
9
8
8
8
7
8
9
7
7
8
10
9
9
9
7
6
7
6
5
7
7
5
8
6
6
6
6
6
4
3
4
3
3
3
3
2
4
5
7
6
8
8
6
5
6
7
8
9
9
9
8
8
7
6
6
5
3
3
4
1
0
0
-2
-2
-3
-4
-3
-6
-6
-7
-8
-9
-8
-11
-11
-11
-13
-11
-12
-13
-13
-16
-15
-15
-17
-14
-15
-15
-13
-13
-14
-13
-13
-14
-15
-13
-15
-15
-12
-13
-13
-11
-8
-7
-8
-7
-8
-6
-6
-7
-7
-7
-8
-5
-3
-4
-2
-1
-1
-2
-1
-3
-2
-2
-3
-3
-2
-2
-3
-1
-3
-1
2
2
0
1
3
0
2
4
2
3
3
5
6
7
7
8
8
8
6
5
6
7
7
7
10
10
9
8
8
7
5
5
5
4
4
6
6
6
6
7
7
7
6
5
6
3
3
4
4
6
8
9
11
11
11
12
12
9
10
11
9
10
9
9
11
10
12
12
12
10
10
9
8
8
8
7
7
8
7
7
5
7
6
6
5
2
4
2
-1
1
1
-1
-2
-3
-2
-6
-6
-7
-9
-8
-9
-9
-9
-10
-11
-10
-10
-10
-11
-12
-11
-13
-13
-13
-15
-12
-12
-12
-13
-13
-14
-13
-14
-13
-15
-15
-14
-16
-15
-15
-15
-16
-17
-17
-16
-16
-18
-17
-17
-16
-16
-18
-15
-16
-14
-13
-12
-10
-8
-8
-8
-7
-7
-4
-4
-3
-3
-1
1
0
0
3
6
5
7
8
8
9
10
10
12
14
14
16
15
16
18
18
18
18
17
19
20
19
21
19
21
22
21
21
19
17
16
13
12
12
12
11
12
13
11
9
9
5
4
4
3
3
2
3
2
2
2
4
1
2
2
0
-1
-4
-2
-2
-3
0
-1
-2
-1
-3
-4
-5
-7
-7
-7
-7
-7
-6
-6
-4
-3
-3
-4
-2
0
-1
1
1
1
1
1
0
0
0
1
2
1
2
2
1
0
-1
-1
-3
-1
-2
-3
-1
-2
-3
-3
-6
-3
-4
-5
-4
-4
-5
-3
-5
-4
-5
-6
-7
-7
-6
-7
-8
-9
-10
-12
-12
-14
-13
-12
-11
-9
-9
-8
-8
-8
-11
-13
-13
-13
-12
-12
-10
-9
-8
-6
-6
-6
-7
-4
-6
-6
-4
-4
-4
-2
0
0
2
1
2
2
0
0
-1
0
1
1
1
1
4
3
3
5
6
4
3
6
6
3
6
7
8
10
10
10
10
10
9
9
8
8
8
9
9
12
9
10
11
12
14
12
12
11
12
15
12
13
14
14
15
12
13
10
8
10
9
9
9
8
9
8
7
5
6
4
3
4
2
1
1
0
0
-1
-2
-3
-2
-3
-2
-3
-2
-3
-4
-2
-2
-1
-1
-2
-3
-5
-6
-4
-6
-6
-6
-6
-5
-6
-7
-8
-9
-7
-5
-6
-5
-6
-4
-5
-7
-5
-6
-6
-6
-5
-5
-5
-5
-7
-7
-9
-9
-8
-8
-9
-11
-11
-12
-13
-13
-13
-12
-14
-13
-13
-12
-13
-13
-15
-15
-13
-14
-12
-10
-11
-9
-11
-9
-10
-12
-9
-10
-9
-7
-8
-6
-6
-4
-4
-3
-2
-2
-1
-1
-1
-1
1
4
5
6
9
11
12
14
12
13
13
12
14
16
16
17
19
22
22
19
21
20
18
15
14
13
14
16
16
16
16
17
18
16
14
14
13
10
10
10
11
11
10
10
11
11
10
6
5
4
3
3
1
0
-1
-1
-1
-2
-5
-5
-5
-5
-6
-8
-8
-8
-8
-7
-6
-5
-3
-4
-2
-3
-3
-3
-5
-5
-4
-4
-4
-6
-5
-6
-7
-7
-9
-11
-12
-11
-12
-10
-11
-11
-10
-11
-8
-9
-9
-8
-7
-5
-5
-7
-6
-6
-5
-4
-4
-3
-4
-4
-2
-3
-4
-4
-5
-4
-4
-6
-5
-7
-6
-5
-4
-5
-4
-5
-4
-4
-5
-4
-4
-3
-1
-3
-2
-1
-3
-1
0
-1
-1
-1
0
1
0
0
0
-1
1
1
2
3
4
5
6
6
5
7
5
4
5
3
4
4
3
3
3
1
0
0
-1
0
0
1
2
3
4
5
3
4
5
4
4
2
4
4
6
5
6
8
10
8
7
8
8
6
8
8
9
10
10
11
12
11
10
10
8
8
8
8
7
8
10
9
8
7
8
7
7
6
5
5
6
4
2
1
2
2
0
1
-1
-1
-2
-4
-2
-4
-4
-5
-5
-5
-5
-6
-5
-6
-8
-8
-9
-9
-9
-8
-10
-9
-10
-10
-10
-12
-13
-11
-12
-12
-12
-12
-10
-9
-9
-10
-11
-9
-9
-9
-8
-8
-7
-5
-4
-5
-5
-4
-3
-2
-3
-2
-2
-2
-1
-2
-5
-2
-2
-3
0
-1
-2
-3
-5
-4
-5
-5
-5
-5
-5
-5
-2
-2
-1
-1
-1
-1
0
1
1
1
3
2
3
2
3
2
2
1
1
1
3
4
4
5
3
3
4
3
4
4
5
6
7
8
7
7
7
7
7
8
8
9
8
11
10
8
8
8
9
9
7
8
8
8
10
10
10
13
12
12
12
10
11
9
10
9
9
8
9
10
9
10
9
10
10
10
9
7
5
4
4
2
1
0
1
-1
-4
-6
-5
-6
-8
-10
-8
-8
-9
-9
-10
-9
-10
-11
-10
-12
-11
-11
-13
-12
-13
-11
-12
-14
-12
-14
-16
-16
-16
-17
-19
-19
-18
-17
-18
-18
-16
-17
-16
-14
-15
-14
-12
-9
-11
-9
-6
-5
-7
-7
-4
-4
-4
-2
-1
-1
0
3
5
6
7
6
7
8
7
10
11
10
14
13
14
16
15
15
13
15
18
15
13
15
15
13
16
17
16
15
13
12
10
9
7
6
3
2
1
1
1
0
-1
-3
-3
-5
-6
-8
-8
-5
-5
-5
-6
-5
-5
-6
-6
-7
-7
-7
-6
-6
-6
-7
-8
-7
-7
-7
-8
-6
-4
-3
-2
0
-1
-1
0
0
1
2
2
5
4
6
7
9
9
11
13
11
11
10
12
10
7
8
8
10
10
10
9
8
8
7
6
5
4
4
4
4
5
5
5
5
5
6
2
2
2
-1
-1
-2
-1
-3
-3
-3
-3
-4
-5
-8
-9
-8
-10
-10
-10
-11
-11
-11
-12
-12
-13
-13
-14
-16
-15
-13
-14
-15
-14
-14
-13
-13
-14
-14
-13
-13
-14
-13
-11
-10
-10
-9
-9
-7
-6
-7
-3
-3
-4
-4
-3
0
-1
0
2
2
6
7
6
7
7
6
11
10
13
13
13
15
15
14
16
14
14
15
13
13
14
14
15
14
12
13
10
9
8
8
6
5
6
6
5
4
3
3
4
2
1
1
0
-1
-1
0
0
0
-1
-3
-2
-1
-2
-2
-3
-2
-3
-3
-4
-4
-7
-7
-7
-8
-8
-7
-7
-7
-8
-8
-7
-6
-3
-4
-3
-2
0
-2
-2
-1
-2
1
3
1
3
4
4
5
2
5
6
5
4
5
4
4
5
2
4
5
6
4
4
5
4
3
3
3
2
1
0
0
-1
-2
-1
0
-2
0
0
0
0
1
-2
-4
-3
-4
-4
-2
-3
-3
-5
-4
-6
-4
-5
-4
-5
-6
-5
-6
-6
-6
-7
-6
-7
-8
-7
-8
-8
-8
-9
-7
-7
-7
-7
-6
-5
-4
-4
-6
-7
-7
-7
-7
-7
-6
-5
-3
-3
-3
-1
-1
-1
-2
-1
0
1
2
2
3
5
6
8
7
7
6
6
7
7
6
6
6
8
9
7
7
9
9
9
7
10
8
6
7
5
4
5
4
5
6
6
7
8
8
8
6
6
7
6
7
7
7
5
5
4
6
5
5
4
5
6
6
3
2
3
1
2
1
1
1
1
1
0
0
-2
-1
-2
-3
-5
-3
-3
-2
-2
-3
-3
-5
-5
-7
-7
-7
-7
-6
-4
-4
-3
-3
-3
-2
-2
-4
-4
-3
-4
-4
-1
-1
-3
-4
-5
-5
-6
-5
-5
-5
-4
-4
-2
-4
-5
-1
0
-2
-2
0
0
-2
-4
-5
-6
-6
-7
-8
-8
-7
-7
-7
-7
-7
-8
-8
-8
-7
-7
-7
-7
-7
-7
-8
-9
-7
-8
-8
-8
-10
-8
-6
-6
-6
-4
-5
-2
-1
-1
0
-1
-2
-1
0
0
2
2
3
4
4
4
6
6
5
6
7
9
9
10
12
13
15
17
17
17
19
18
17
18
19
18
21
19
19
19
19
18
17
15
14
13
13
13
12
11
10
10
8
7
6
4
5
2
1
1
-1
-2
-3
-2
-3
-6
-5
-5
-6
-6
-7
-8
-9
-9
-8
-8
-8
-10
-11
-10
-10
-10
-12
-12
-11
-11
-11
-13
-11
-8
-9
-8
-7
-8
-6
-7
-3
-6
-5
-4
-3
-4
-3
-4
-4
-1
-4
-2
-2
-3
-3
-4
-2
-2
-4
-4
-5
-5
-5
-4
-5
-4
-3
-3
-2
-2
-2
-4
-3
-5
-4
-3
-1
-1
-1
-3
0
-1
-2
-3
-4
-4
-3
-4
-5
-3
-4
-3
-3
-2
-2
-2
-2
-4
-5
-4
-5
-5
-4
-3
-2
0
-1
1
0
1
2
1
0
2
1
-1
2
2
2
2
4
5
4
6
6
6
7
7
9
8
10
10
12
12
12
12
11
11
13
12
10
11
8
9
9
10
12
11
11
11
12
13
13
13
16
14
14
15
14
12
11
12
11
10
10
11
9
9
7
4
3
5
2
3
2
0
0
0
0
-3
-4
-4
-5
-8
-10
-11
-13
-13
-13
-15
-14
-15
-14
-16
-17
-16
-16
-16
-15
-16
-18
-18
-18
-17
-15
-17
-17
-17
-15
-14
-15
-15
-15
-14
-13
-12
-12
-10
-8
-8
-8
-7
-5
-4
-2
-2
-2
-3
-1
-1
0
0
0
3
5
5
5
4
6
6
5
5
4
4
3
2
2
2
2
2
2
2
3
3
0
1
0
-2
0
0
0
1
1
3
4
1
2
1
1
2
0
-1
-1
0
0
2
3
2
3
3
3
5
5
5
5
4
4
7
8
8
11
11
12
15
15
15
16
16
15
14
14
13
13
15
13
16
15
13
12
12
13
12
11
11
11
9
11
9
7
7
6
6
4
2
2
1
0
-2
-3
-4
-3
-2
-1
-2
-4
-5
-7
-7
-9
-9
-9
-9
-9
-10
-12
-13
-14
-13
-13
-15
-15
-13
-13
-12
-11
-12
-13
-12
-11
-10
-8
-10
-10
-11
-11
-12
-10
-10
-10
-8
-7
-8
-8
-8
-9
-8
-8
-8
-7
-7
-6
-6
-7
-7
-6
-5
-2
-3
-2
-1
1
1
1
1
1
2
2
3
2
2
1
0
1
-1
-1
-1
-1
0
0
2
5
4
3
3
5
4
3
3
6
5
4
5
4
6
5
7
8
7
6
5
3
1
2
1
2
4
3
4
4
4
3
3
3
5
5
4
3
5
5
2
4
5
3
3
5
3
3
3
3
1
2
3
3
4
4
6
7
7
8
7
5
7
5
5
5
5
4
4
7
7
7
6
6
7
7
9
8
9
8
8
9
10
8
8
8
8
7
8
5
3
4
4
4
3
2
3
1
0
0
-2
-1
-2
-4
-6
-7
-10
-10
-10
-10
-11
-12
-12
-14
-14
-14
-16
-16
-17
-18
-17
-18
-18
-18
-15
-14
-14
-14
-12
-12
-13
-11
-11
-10
-9
-9
-9
-10
-10
-10
-11
-10
-9
-9
-8
-8
-10
-10
-11
-9
-8
-7
-6
-5
-6
-4
-4
-5
-3
-4
-4
-3
-3
-2
0
0
3
0
0
3
4
4
6
8
10
9
11
12
12
11
11
13
13
13
14
15
15
15
14
16
14
17
18
16
16
16
14
14
14
12
13
14
15
14
14
13
12
10
9
10
9
9
8
7
5
4
3
4
1
0
0
1
1
0
1
-1
-2
-2
-2
-3
-4
-4
-3
-4
-4
-3
-4
-3
-3
-3
-2
-3
-3
-3
-2
-4
-3
-1
-1
-1
1
1
3
3
3
2
1
2
1
1
-1
-1
-1
-1
-1
-1
0
-4
-4
-5
-5
-5
-8
-9
-7
-7
-7
-5
-7
-7
-7
-7
-8
-8
-8
-9
-10
-11
-11
-11
-11
-12
-11
-11
-10
-10
-8
-10
-12
-12
-11
-12
-13
-14
-12
-14
-14
-14
-11
-9
-10
-9
-7
-9
-8
-7
-5
-6
-6
-3
-2
0
-1
0
0
1
2
1
2
3
2
3
3
5
7
9
10
10
11
12
12
12
12
12
11
12
10
11
11
14
14
12
12
10
11
9
8
7
7
8
10
10
9
9
9
9
10
9
9
10
9
8
5
5
8
7
7
7
7
9
7
5
6
4
4
6
4
5
4
5
5
4
5
3
2
3
1
2
2
0
0
-1
-1
0
-1
1
0
-3
-1
0
-1
-2
-2
-2
-1
-1
-3
-2
-4
-3
-4
-3
-3
-3
-3
-4
-4
-5
-4
-5
-8
-5
-5
-7
-8
-7
-9
-8
-11
-11
-11
-12
-10
-10
-9
-9
-9
-10
-10
-8
-7
-8
-6
-5
-7
-8
-7
-8
-9
-9
-8
-7
-9
-9
-8
-10
-10
-11
-11
-11
-11
-12
-11
-10
-11
-10
-10
-10
-8
-9
-7
-7
-6
-5
-4
-1
-1
-1
0
0
0
2
4
2
5
7
7
7
8
9
8
9
8
8
8
8
9
11
11
11
14
12
12
9
10
10
9
8
8
9
9
10
8
10
11
11
12
10
9
10
8
10
8
9
9
9
11
9
8
8
9
8
6
8
7
6
6
6
6
7
6
5
6
5
6
7
6
8
7
8
8
7
6
5
4
2
2
-1
0
2
0
0
-3
-4
-3
-4
-6
-7
-7
-8
-9
-9
-8
-8
-7
-8
-5
-7
-8
-8
-8
-8
-7
-7
-7
-6
-6
-6
-4
-4
-2
-3
-6
-6
-4
-5
-6
-5
-7
-7
-8
-9
-10
-11
-11
-12
-12
-12
-12
-12
-13
-12
-13
-12
-10
-10
-11
-13
-12
-13
-13
-14
-14
-13
-11
-10
-11
-9
-10
-9
-11
-10
-7
-7
-6
-4
-2
-4
-5
-2
0
1
2
3
5
8
6
5
6
9
8
7
8
9
7
6
8
8
9
9
10
12
10
10
10
8
6
7
6
8
9
11
10
12
13
13
12
11
10
11
11
12
12
11
13
13
13
12
11
10
10
11
10
8
9
11
10
9
10
11
14
12
10
10
8
6
6
8
8
9
9
8
7
5
4
5
4
6
7
5
6
5
4
1
0
-1
-2
-3
-3
-3
-5
-4
-6
-6
-6
-8
-7
-8
-7
-10
-11
-12
-13
-14
-13
-13
-13
-12
-11
-10
-12
-14
-14
-16
-15
-17
-14
-14
-15
-13
-14
-16
-15
-14
-17
-14
-12
-12
-12
-11
-10
-11
-12
-10
-11
-10
-11
-12
-14
-14
-12
-12
-10
-10
-11
-10
-11
-11
-14
-14
-13
-13
-12
-10
-11
-9
-8
-6
-6
-6
-6
-5
-5
-4
-3
0
1
3
4
6
9
9
12
12
13
15
17
19
21
22
21
21
22
21
22
24
23
24
24
24
23
24
23
23
25
21
22
22
21
20
17
19
19
18
19
18
15
15
13
12
12
12
11
11
11
9
8
8
7
5
2
2
0
-4
-4
-5
-6
-7
-8
-8
-11
-12
-14
-14
-14
-14
-14
-12
-11
-11
-8
-8
-9
-8
-8
-9
-10
-12
-11
-9
-9
-7
-6
-8
-7
-6
-6
-7
-7
-8
-10
-10
-10
-10
-9
-9
-8
-7
-7
-7
-7
-5
-5
-6
-6
-7
-6
-6
-6
-4
-4
-4
-5
-5
-6
-5
-3
-2
-2
-1
-2
-1
-1
-1
-2
-1
-2
-1
-2
-3
-2
-3
-3
-3
-5
-5
-6
-7
-6
-6
-7
-6
-6
-7
-6
-8
-7
-5
-3
-5
-4
-5
-4
-5
-5
-4
-5
-3
-2
-2
-3
-2
-2
-1
-4
-3
-1
-1
2
3
5
5
6
4
5
6
6
7
9
9
12
11
13
13
13
15
14
17
16
17
16
16
18
18
18
18
18
22
21
20
19
20
18
17
17
17
19
17
17
18
14
12
11
11
9
8
6
5
6
3
2
0
-1
-2
-2
-3
-4
-5
-4
-6
-6
-5
-6
-7
-9
-11
-9
-10
-11
-9
-9
-8
-6
-8
-8
-8
-8
-8
-10
-12
-9
-12
-14
-13
-14
-15
-14
-15
-15
-17
-17
-16
-17
-15
-13
-13
-11
-9
-9
-9
-10
-10
-11
-10
-9
-9
-9
-8
-8
-7
-7
-5
-3
-4
-5
-4
-4
-6
-6
-6
-6
-4
-5
-4
-3
-6
-5
-4
-1
-1
0
1
1
3
2
3
4
4
4
5
4
5
4
4
5
5
6
6
7
7
5
5
5
3
2
1
3
3
2
3
4
4
3
5
5
4
3
6
6
7
9
10
11
13
11
11
13
11
10
10
10
9
11
11
10
9
7
9
8
10
9
9
11
10
10
10
10
9
9
9
8
8
9
8
8
9
9
8
8
8
6
7
6
5
5
3
1
1
-2
-4
-5
-4
-7
-8
-9
-10
-10
-12
-12
-10
-11
-10
-10
-11
-9
-10
-11
-12
-11
-12
-12
-8
-10
-7
-7
-8
-6
-8
-8
-6
-9
-7
-4
-6
-6
-4
-3
-4
-3
-3
-3
-5
-6
-7
-7
-6
-5
-4
-4
-2
-1
-1
-2
-2
-3
-4
-2
-3
-2
-3
-3
-2
-3
-2
-4
-5
-4
-6
-7
-8
-7
-7
-8
-8
-7
-5
-4
-6
-5
-6
-7
-6
-9
-7
-7
-5
-4
-1
-1
1
1
1
1
-1
1
1
1
1
2
3
4
3
2
1
2
3
3
2
2
1
3
4
6
7
8
11
11
12
12
13
12
15
13
12
14
13
12
14
15
14
13
15
16
14
13
14
12
11
11
11
12
13
16
16
17
17
16
16
14
12
12
10
9
10
8
7
8
7
8
7
6
5
3
1
-2
-3
-5
-5
-6
-7
-5
-6
-6
-8
-10
-12
-13
-15
-17
-16
-17
-15
-15
-15
-16
-14
-14
-17
-18
-18
-19
-18
-17
-17
-16
-14
-13
-12
-11
-10
-11
-12
-12
-13
-14
-12
-12
-9
-7
-5
-3
-3
-3
-4
-6
-7
-7
-8
-6
-5
-3
-2
-1
2
2
2
3
0
1
2
0
-1
-1
0
1
2
4
4
3
3
2
0
-1
0
-3
-1
-2
-2
0
-1
0
0
0
0
0
0
1
0
1
2
2
3
2
3
4
3
5
6
6
6
7
7
6
6
8
8
9
11
9
10
10
10
9
8
8
7
8
10
9
7
9
10
9
10
10
10
11
12
9
10
6
5
7
9
8
9
10
13
13
12
11
9
10
9
9
8
8
11
12
13
14
12
10
9
7
6
4
2
3
1
-1
0
-1
-1
-1
-2
-3
-3
-3
-4
-3
-4
-4
-6
-5
-6
-8
-11
-13
-15
-16
-20
-21
-24
-27
-30
-32
-35
-40
-43
-47
-50
-52
-55
-58
-60
-59
-61
-61
-61
-61
-61
-59
-57
-57
-53
-50
-47
-43
-39
-35
-30
-27
-23
-21
-15
-14
-9
-2
2
7
12
19
25
31
36
41
46
49
54
57
62
68
71
74
78
81
83
84
81
79
77
74
69
64
60
55
52
47
41
36
29
24
14
6
-1
-7
-14
-19
-23
-29
-31
-33
-33
-33
-35
-36
-33
-33
-31
-30
-26
-19
-14
-7
1
10
17
23
30
38
47
53
60
69
76
83
89
97
103
107
111
118
120
122
127
129
130
131
129
125
123
121
118
115
109
106
102
95
89
84
76
67
59
50
41
29
20
11
0
-11
-23
-36
-48
-61
-77
-92
-107
-121
-135
-149
-164
-177
-190
-203
-217
-226
-235
-246
-252
-258
-260
-263
-264
-258
-258
-252
-246
-239
-230
-222
-210
-197
-182
-164
-148
-129
-112
-90
-69
-50
-30
-13
6
24
40
57
74
90
104
118
129
140
146
152
154
155
153
150
143
136
128
119
108
97
86
70
56
42
25
10
-9
-25
-38
-54
-68
-78
-88
-98
-108
-117
-123
-128
-129
-133
-133
-132
-130
-126
-118
-112
-106
-97
-85
-75
-63
-45
-30
-12
8
28
50
72
94
121
145
175
199
226
252
280
305
328
353
375
394
413
429
442
453
459
465
463
458
452
439
425
404
381
352
322
287
247
207
161
114
64
11
-44
-102
-160
-217
-275
-330
-381
-431
-479
-523
-563
-599
-631
-657
-680
-697
-707
-711
-708
-697
-680
-656
-624
-589
-549
-506
-457
-406
-351
-292
-232
-168
-101
-32
36
102
167
231
292
348
401
453
496
538
575
603
628
648
664
672
674
672
666
651
635
613
588
559
529
501
468
431
394
353
308
260
206
152
94
36
-26
-90
-152
-218
-284
-353
-422
-492
-562
-632
-692
-757
-813
-863
-905
-937
-963
-980
-990
-990
-983
-964
-933
-895
-842
-779
-708
-627
-545
-455
-361
-268
-175
-81
12
105
197
283
365
440
508
568
620
665
706
737
763
785
799
814
818
823
822
816
804
788
773
752
729
712
695
673
651
627
603
569
530
492
445
398
346
295
240
184
128
70
8
-54
-117
-185
-249
-315
-376
-433
-488
-539
-585
-627
-668
-705
-735
-762
-784
-801
-806
-803
-793
-775
-747
-713
-673
-627
-577
-522
-463
-402
-337
-270
-205
-140
-80
-20
35
81
124
159
188
213
231
245
259
269
276
280
287
292
297
303
312
322
335
351
372
392
416
442
472
500
528
557
582
604
622
630
632
626
612
589
554
514
468
406
337
264
181
96
2
-90
-190
-296
-388
-481
-570
-654
-727
-795
-858
-914
-957
-995
-1026
-1040
-1045
-1040
-1026
-1000
-962
-914
-859
-799
-731
-658
-577
-494
-412
-329
-243
-160
-80
-2
69
138
199
258
315
361
402
440
470
501
521
532
550
567
584
593
606
627
647
666
692
713
732
754
769
784
795
806
819
832
841
838
820
793
762
713
649
572
490
399
301
206
121
24
-79
-179
-274
-367
-462
-545
-621
-693
-760
-805
-843
-882
-915
-931
-942
-947
-946
-937
-910
-861
-810
-763
-709
-646
-581
-513
-444
-375
-306
-242
-188
-135
-84
-49
-18
23
62
88
113
145
176
190
206
237
264
279
291
308
326
343
358
378
409
440
481
531
567
597
628
660
690
726
774
821
855
883
896
872
820
755
660
539
403
254
98
-63
-211
-337
-449
-528
-577
-616
-643
-686
-777
-893
-979
-1021
-1041
-1026
-978
-926
-879
-815
-732
-644
-569
-518
-467
-431
-409
-382
-351
-298
-242
-203
-167
-127
-98
-69
-50
-49
-43
-28
-17
-29
-50
-52
-41
-27
-13
-14
-15
-5
33
112
202
288
443
693
922
1056
1122
1189
1252
1283
1306
1341
1373
1394
1421
1438
1383
1222
982
722
476
198
-105
-369
-587
-780
-963
-1116
-1228
-1324
-1404
-1418
-1356
-1266
-1156
-1004
-797
-566
-354
-155
59
281
480
625
698
728
734
687
615
541
454
352
239
133
9
-160
-339
-495
-632
-774
-924
-1050
-1121
-1150
-1150
-1116
-1048
-961
-837
-665
-468
-260
-37
194
414
627
887
1211
1499
1668
1744
1780
1803
1788
1737
1660
1538
1422
1339
1207
953
587
183
-184
-508
-802
-1088
-1346
-1527
-1659
-1780
-1882
-1931
-1909
-1807
-1630
-1391
-1149
-917
-663
-384
-96
143
344
552
721
818
832
753
646
544
431
339
220
77
-31
-157
-317
-469
-648
-806
-923
-1029
-1072
-1056
-1018
-971
-937
-917
-904
-840
-617
-298
13
367
809
1263
1717
2301
2885
3046
2831
2647
2521
2272
1974
1742
1490
1109
767
586
271
-325
-839
-1082
-1240
-1447
-1701
-1825
-1819
-1879
-1867
-1710
-1604
-1449
-1183
-871
-574
-415
-250
42
264
416
622
814
939
940
840
732
588
435
358
312
266
242
235
206
58
-144
-268
-298
-362
-554
-784
-909
-978
-1052
-1107
-1216
-1380
-1470
-1348
-994
-533
11
591
1159
2009
3128
3869
3903
3388
2640
1959
1560
1456
1182
598
157
-124
-431
-761
-1166
-1454
-1457
-1315
-1293
-1522
-1775
-1930
-1948
-1680
-1339
-1195
-1139
-998
-827
-866
-961
-756
-433
-145
268
645
805
800
738
772
694
465
437
495
441
379
341
417
466
384
412
394
197
-37
-358
-747
-1137
-1406
-1461
-1437
-1443
-1530
-1591
-1465
-1272
-941
-308
535
1304
1837
2776
4090
4554
4088
3409
2478
1397
836
1030
931
-53
-671
-571
-770
-1192
-1202
-963
-821
-698
-581
-788
-1318
-1724
-1706
-1399
-1216
-1279
-1356
-1391
-1514
-1628
-1439
-1007
-567
-92
441
811
879
878
1002
1043
962
889
790
672
514
365
404
479
461
539
628
496
171
-163
-346
-506
-834
-1089
-1163
-1332
-1453
-1412
-1413
-1325
-997
-461
140
620
1140
1767
2730
4175
5036
4528
3269
2057
1189
645
558
630
158
-440
-574
-639
-893
-1137
-977
-447
-205
-346
-721
-1403
-1932
-2015
-1858
-1572
-1431
-1561
-1637
-1640
-1621
-1412
-1007
-391
265
647
803
835
846
954
1044
1039
850
447
105
-8
2
30
216
527
610
461
180
-169
-381
-491
-523
-631
-1046
-1485
-1699
-1672
-1488
-1416
-1313
-1098
-873
-522
-99
512
1190
2145
3954
5441
5232
3813
2111
932
378
362
764
316
-790
-1104
-1102
-1232
-1160
-859
-200
98
-307
-755
-1498
-2270
-2226
-1809
-1453
-1395
-1775
-1990
-2031
-1999
-1437
-690
-34
560
670
709
857
787
1033
1394
1342
1054
444
-35
-53
-42
249
730
985
1158
1018
597
297
49
-30
98
-113
-651
-1171
-1553
-1667
-1576
-1353
-1076
-865
-560
-75
518
1102
1745
3335
5448
6166
5189
3605
2173
946
265
762
915
-308
-992
-732
-740
-1040
-986
-249
301
116
-282
-1059
-1999
-2350
-2139
-1700
-1527
-1745
-2093
-2458
-2446
-2089
-1626
-839
-15
468
517
262
305
600
897
1212
1094
546
-45
-544
-598
-193
304
742
967
972
726
198
-266
-435
-426
-479
-817
-1440
-2054
-2345
-2351
-2208
-1884
-1470
-909
-245
286
859
1291
1861
3675
5884
6317
4819
2969
1597
509
279
1005
769
-588
-1031
-689
-729
-742
-230
430
791
698
25
-1164
-2113
-2332
-2034
-1638
-1685
-2092
-2438
-2755
-2795
-2249
-1393
-454
298
646
602
290
283
709
1032
1118
938
433
-249
-839
-858
-271
438
959
1103
938
581
153
43
49
-205
-520
-962
-1554
-2041
-2276
-1996
-1517
-1328
-1127
-825
-354
337
1004
1665
2410
4003
6279
6997
5457
3139
1188
298
639
1297
906
-379
-1049
-874
-539
-61
564
1097
1556
1549
441
-1121
-2051
-2207
-1925
-1614
-1734
-2339
-2928
-3030
-2708
-2074
-1093
-110
581
804
516
214
374
892
1287
1256
874
145
-762
-1297
-1164
-494
376
1002
1117
834
337
-138
-242
-193
-359
-804
-1575
-2292
-2636
-2616
-2226
-1750
-1309
-1010
-966
-616
129
786
1258
2089
4395
6942
6965
4898
2447
328
-501
138
1200
863
-968
-1689
-994
-443
157
835
1493
2074
1466
71
-1193
-2384
-2699
-2151
-1754
-1950
-2866
-3397
-3069
-2689
-1790
-459
399
772
548
280
308
344
921
1433
1026
227
-722
-1328
-1253
-855
25
831
934
831
646
353
107
-111
-151
-314
-970
-1853
-2586
-2801
-2487
-1981
-1462
-1102
-966
-826
-404
271
829
1251
2534
5403
7727
7042
4394
1818
64
-324
664
1656
793
-1033
-1325
-635
-44
842
1733
2466
2683
1590
-139
-1580
-2273
-2067
-1646
-1474
-1974
-2998
-3303
-2917
-2305
-1074
232
939
1043
679
427
400
550
1201
1552
996
104
-883
-1556
-1496
-904
212
1224
1349
1018
588
172
-12
-136
-204
-431
-1253
-2293
-3016
-3189
-2703
-1872
-1207
-976
-975
-786
-326
265
726
1031
2196
5082
7728
7173
4194
1412
-437
-932
368
1670
643
-1420
-1625
-549
224
1205
2309
2787
2478
1243
-413
-1752
-2513
-2428
-1908
-1748
-2309
-3332
-3659
-3034
-2155
-839
494
943
847
489
78
65
362
870
1068
487
-455
-1508
-2244
-1946
-910
368
1288
1233
720
306
11
-145
-361
-700
-1122
-1845
-2652
-3161
-3291
-2878
-2201
-1540
-891
-589
-477
-135
308
694
637
1189
4413
7976
7961
4989
1571
-652
-1196
84
2258
1690
-1104
-1482
-103
759
1524
2195
2982
3096
1779
156
-1667
-3005
-2649
-1759
-1329
-1759
-2954
-3224
-2602
-1859
-439
1041
1707
1611
937
479
425
464
1029
1539
1030
-32
-1116
-1774
-1580
-798
498
1830
2080
1448
824
367
1
-408
-885
-1237
-1803
-2712
-3258
-3405
-3286
-2389
-1238
-674
-640
-897
-612
202
571
579
871
3195
7359
8644
5680
1761
-1185
-2026
-502
1783
1944
-738
-2073
-509
793
1420
2136
2717
3029
2074
67
-1873
-3222
-3233
-2289
-1573
-1732
-2877
-3464
-2714
-1686
-412
1000
1739
1641
896
233
128
368
955
1298
814
-145
-1206
-1808
-1555
-718
554
1739
2105
1642
793
135
-210
-547
-906
-1433
-2235
-2992
-3471
-3566
-3254
-2573
-1480
-488
-219
-450
-679
-519
39
382
585
2291
5793
7916
6106
2117
-916
-2095
-1491
667
1876
125
-1826
-1122
725
1649
1919
2463
2948
2103
139
-1698
-3015
-3420
-2731
-1913
-1836
-2595
-3266
-2750
-1684
-550
964
2029
2062
1484
775
523
700
1122
1563
1235
229
-767
-1380
-1246
-464
756
1971
2421
2051
1334
771
256
-362
-791
-1379
-2107
-2615
-3035
-3003
-2714
-2256
-1157
-283
110
311
-54
-411
-640
-671
-345
522
3737
7546
7462
4157
723
-1379
-1551
109
2327
1849
-1004
-1653
-86
1005
1715
2275
2559
2312
965
-897
-2587
-3612
-3212
-2021
-1374
-1745
-2666
-2840
-1918
-569
954
2128
2249
1523
680
232
284
759
1295
1258
520
-647
-1616
-1766
-1060
239
1510
2201
2121
1349
604
222
-214
-652
-1046
-1699
-2551
-3343
-3701
-3297
-2341
-1325
-647
-486
-469
-293
-236
-535
-838
-1022
-884
1373
5722
8188
6131
1795
-1070
-1814
-1182
995
2084
-9
-1924
-1227
452
1265
1180
1590
2193
1557
-122
-2204
-3699
-3824
-2937
-1623
-1160
-2135
-2762
-2133
-974
323
1480
2044
1746
892
149
-206
-97
512
1032
909
251
-757
-1589
-1310
-12
1430
2371
2503
1959
1123
439
101
-254
-911
-1607
-2190
-2690
-2981
-2910
-2376
-1508
-696
-67
196
37
-136
-319
-604
-677
-587
355
3587
7383
7938
4835
873
-1502
-1772
-181
2029
1605
-948
-1343
18
834
1484
1918
2226
2288
1200
-513
-2431
-3702
-3039
-1712
-1017
-1228
-2308
-2491
-1449
-311
1076
1967
1825
1348
590
51
60
315
916
1154
627
-147
-970
-1199
-458
694
1802
2339
2105
1452
619
-136
-792
-1322
-1557
-1830
-2387
-2996
-3211
-2749
-2028
-1237
-468
-87
69
65
-224
-671
-1256
-1518
-1253
490
4819
8249
7125
3158
-649
-2420
-1722
684
2621
918
-1978
-1703
-171
729
1317
1361
1720
1664
189
-1513
-3254
-4108
-2957
-1466
-893
-1544
-2685
-2404
-1254
-91
1376
1884
1316
673
-37
-301
-63
325
990
1111
397
-533
-1459
-1364
-133
1053
1993
2246
1565
801
157
-333
-677
-1130
-1384
-1731
-2468
-2966
-2833
-1974
-915
-297
-59
-40
4
202
158
-342
-1082
-1482
-1218
906
5498
8744
7149
2667
-817
-1787
-1053
1186
2967
867
-1889
-1192
521
1045
1011
1417
2135
1623
60
-1738
-3528
-3823
-2450
-1073
-696
-1576
-2404
-1776
-641
451
1534
1852
1461
761
4
-241
-169
206
994
1232
689
-200
-1059
-885
249
1283
1963
2033
1488
814
-39
-827
-1217
-1382
-1299
-1411
-1987
-2362
-2171
-1411
-562
-424
-506
-362
-242
-101
-307
-843
-1331
-1673
-901
2303
6863
8892
6290
1743
-1404
-2173
-647
2060
2644
-178
-2280
-1156
534
1063
1243
1686
2031
1354
-350
-2315
-3722
-3524
-1959
-710
-855
-2052
-2733
-1958
-603
624
1577
1683
1028
294
-327
-592
-308
303
992
1024
-14
-1123
-1531
-962
302
1150
1425
1382
848
318
-266
-1161
-1629
-1734
-1739
-1780
-2312
-2658
-2296
-1711
-1015
-657
-585
-337
-408
-604
-754
-1265
-1545
-1568
-1372
1135
5984
8962
7036
2311
-1098
-2057
-1198
1508
2681
-167
-2368
-1218
525
1194
1208
1716
2298
1697
429
-1419
-3109
-3067
-1932
-745
-459
-1546
-2090
-1301
-227
951
1868
2007
1517
704
247
162
112
606
1290
1363
728
-331
-942
-582
281
1063
1509
1738
1602
913
-66
-1050
-1583
-1397
-914
-824
-1479
-2223
-2221
-1604
-916
-510
-381
-133
151
64
-517
-1511
-2090
-1725
-922
1278
5678
8709
7093
2815
-603
-1977
-1651
519
2634
923
-2047
-1728
-340
288
1159
1995
2469
1635
-271
-1700
-3036
-3505
-2338
-1302
-990
-1499
-2329
-1934
-1033
-13
1610
2260
1475
381
-450
-520
-90
488
1280
1380
467
-608
-1381
-1238
-170
787
1456
1722
1192
325
-600
-1291
-1501
-1336
-798
-760
-1557
-2153
-2179
-1660
-995
-709
-572
-638
-617
-222
-338
-1038
-1579
-1747
-1462
236
4577
8575
7699
3475
-137
-2035
-2059
-67
2050
989
-1762
-1762
-274
208
702
1432
1862
1528
142
-1425
-2850
-3624
-2896
-1673
-1139
-1394
-1956
-1821
-981
123
1505
2290
1778
794
77
-265
-95
541
1278
1508
774
-389
-1111
-985
-9
1104
1790
2082
1909
1233
192
-821
-1256
-994
-362
-135
-691
-1436
-1800
-1448
-739
-380
-185
-177
-417
-383
-390
-660
-941
-1158
-913
106
2727
6605
8165
5665
1627
-1242
-1989
-1060
618
1306
-194
-1601
-898
416
1049
1142
1167
1286
748
-423
-1643
-2868
-3403
-2800
-1823
-1234
-1388
-1716
-1296
-263
917
1767
1656
910
228
-135
1
299
430
590
521
-26
-728
-1030
-588
144
821
1506
1720
1132
75
-801
-1120
-1042
-699
-463
-656
-1117
-1646
-1840
-1632
-1411
-1126
-829
-627
-335
-172
-312
-650
-1128
-1233
-659
1171
4672
7408
6819
3698
132
-2115
-2215
-694
1048
1015
-530
-1198
-601
261
870
969
1142
1178
209
-1117
-2442
-3680
-3576
-2297
-1158
-768
-1229
-1444
-730
301
1386
1914
1422
735
181
-129
4
166
391
616
317
-379
-1050
-1228
-653
332
1324
1899
1663
675
-437
-1007
-993
-617
-241
-275
-694
-1405
-1953
-1849
-1534
-1292
-1031
-773
-291
126
78
-110
-436
-698
-294
688
2473
5029
6633
5953
3394
414
-1510
-1866
-628
1093
1104
7
-289
-107
165
538
893
1337
1144
213
-880
-2304
-3231
-2889
-1927
-915
-511
-741
-592
-145
476
1323
1590
1322
839
168
-55
17
-19
204
326
156
-166
-705
-829
-390
212
1087
1769
1627
700
-533
-1234
-1192
-786
-264
-234
-955
-1901
-2517
-2555
-2214
-1642
-766
-31
271
213
-343
-940
-980
-390
603
1803
3822
5885
5814
3695
1055
-1070
-1891
-1029
717
1039
-508
-1367
-748
137
843
1324
1397
735
-369
-1138
-1884
-2717
-2856
-2205
-1391
-1122
-1215
-862
-210
395
1041
1354
1012
279
-238
-229
-70
1
164
189
-199
-694
-953
-916
-496
186
907
1428
1381
866
148
-564
-825
-729
-510
-360
-828
-1609
-2260
-2694
-2501
-1862
-1003
-128
246
426
439
77
-125
-81
226
820
1915
4009
5506
4804
2819
629
-1001
-1361
-459
847
782
-172
-136
258
378
666
900
996
690
-92
-887
-1890
-2651
-2484
-1735
-938
-466
-227
170
509
679
972
1130
937
576
288
188
151
181
282
259
41
-270
-433
-259
145
643
1147
1517
1494
958
214
-430
-841
-947
-886
-940
-1324
-1970
-2479
-2637
-2463
-1937
-995
98
657
546
165
-316
-518
-207
331
1053
2328
4186
5258
4226
1891
-461
-1966
-1706
-114
990
555
-370
-531
-233
207
783
912
586
-18
-835
-1613
-2458
-2996
-2644
-1729
-806
-196
-11
99
223
532
1071
1157
645
117
-133
-152
-163
-164
-28
23
-197
-481
-519
-243
374
1144
1683
1711
1117
206
-415
-767
-997
-967
-882
-1102
-1771
-2518
-2724
-2443
-1907
-1074
-193
397
606
718
673
195
-280
-176
367
1107
2453
4298
5010
3777
1766
-144
-1384
-1251
66
1031
687
24
-227
-274
25
470
698
639
143
-736
-1726
-2475
-2692
-2264
-1267
-266
162
137
-52
-82
141
500
806
743
337
-64
-341
-351
-143
76
209
37
-190
-66
222
502
939
1382
1618
1318
458
-437
-1059
-1230
-886
-769
-1194
-1800
-2310
-2291
-1829
-1249
-549
160
813
1272
1177
717
249
-152
-192
367
1187
2396
4066
4889
4109
2343
343
-971
-1096
-135
879
642
-42
-164
-304
-168
357
451
376
1
-694
-1336
-2242
-2725
-2262
-1441
-444
84
-177
-355
-448
-322
198
385
348
259
-61
-269
-506
-779
-643
-393
-106
146
-21
-120
127
495
1026
1260
864
133
-690
-1276
-1484
-1547
-1540
-1591
-1714
-1803
-1952
-1949
-1419
-484
439
1144
1427
1112
388
-272
-474
-196
317
1287
2858
4391
4868
3820
1841
12
-941
-552
725
1226
473
-426
-724
-465
59
564
657
197
-315
-728
-1365
-1954
-2057
-1631
-795
-132
-70
-381
-717
-694
-205
340
574
397
25
-145
-262
-401
-344
-218
-29
80
-9
-142
-205
41
629
1151
1187
604
-258
-952
-1366
-1436
-1295
-1223
-1325
-1619
-1861
-1884
-1648
-953
-70
583
945
931
745
401
-223
-483
-124
533
1495
2836
4386
5116
4135
2357
722
-481
-501
500
1268
863
-164
-473
-137
208
579
629
300
-134
-453
-579
-1050
-1604
-1503
-991
-400
-85
-240
-422
-568
-391
241
568
479
349
187
112
-79
-389
-318
-142
-37
101
-38
-191
-62
238
707
867
383
-299
-1054
-1586
-1666
-1687
-1647
-1696
-1960
-2095
-2151
-1937
-1257
-446
306
644
461
100
-360
-645
-481
-126
416
1012
1987
3596
4511
3888
2281
495
-596
-721
-18
828
512
-488
-891
-703
-230
176
338
348
37
-275
-464
-957
-1408
-1434
-1050
-409
-110
-239
-415
-583
-402
80
450
735
812
673
492
117
-150
7
292
506
463
108
-107
-34
210
612
784
549
105
-506
-1047
-1295
-1378
-1227
-1063
-1273
-1446
-1486
-1467
-1049
-482
45
487
467
270
-28
-319
-120
192
650
1438
1904
2462
3393
3700
3055
1661
322
-262
-495
-83
571
162
-446
-502
-236
151
17
-144
-33
-201
-207
-345
-981
-1420
-1615
-1299
-599
-419
-463
-437
-401
-86
231
501
687
567
522
449
135
-36
-36
113
315
288
174
59
15
208
470
601
422
-77
-571
-847
-1029
-1236
-1333
-1316
-1224
-1073
-951
-790
-624
-435
-65
228
317
291
138
152
290
472
872
1179
1680
2627
3268
3247
2362
906
-133
-601
-390
176
40
-364
-546
-694
-460
-421
-715
-650
-591
-514
-545
-1117
-1590
-1880
-1838
-1174
-853
-849
-715
-734
-500
-130
90
322
271
233
324
88
-102
-130
-81
194
264
94
6
-65
89
416
555
541
294
-133
-430
-682
-873
-830
-820
-814
-786
-934
-937
-630
-240
172
362
345
439
455
445
536
548
751
1149
1568
2422
3308
3465
2877
1789
797
187
34
552
923
663
299
-100
-411
-509
-613
-541
-290
-147
-280
-671
-1176
-1668
-1697
-1233
-760
-448
-435
-598
-635
-602
-318
22
52
114
218
150
48
-68
-102
31
141
189
69
-167
-258
-165
109
344
331
116
-270
-635
-830
-954
-988
-945
-910
-822
-759
-744
-592
-322
-57
190
407
584
649
574
556
638
819
1312
2213
3446
4007
2959
1111
-414
-1063
-481
803
1719
1438
319
-496
-855
-865
-557
-394
-248
-188
-688
-1357
-1936
-2230
-1851
-1135
-476
-201
-491
-809
-909
-856
-561
-291
-172
-133
-200
-306
-487
-595
-430
-115
199
160
-209
-422
-469
-255
185
485
536
187
-398
-818
-1084
-1081
-796
-502
-391
-523
-684
-628
-381
-25
300
508
630
659
551
362
359
621
1016
1477
1707
1630
1495
1494
1767
2070
2064
1827
1498
1219
1041
870
694
361
13
-86
-188
-306
-348
-460
-543
-563
-639
-793
-1091
-1237
-1058
-842
-582
-330
-331
-464
-576
-592
-469
-319
-195
-120
-153
-255
-304
-238
-162
-132
-147
-167
-164
-151
-110
-98
-190
-344
-476
-545
-565
-596
-665
-717
-689
-586
-453
-322
-227
-164
-102
-8
85
43
-29
139
481
746
915
1056
1109
1246
1619
1878
1892
1749
1551
1444
1266
1130
986
535
282
189
-115
-283
-543
-742
-643
-772
-810
-799
-1040
-1038
-986
-931
-698
-652
-546
-453
-622
-684
-700
-670
-460
-240
-88
-114
-215
-190
-131
-63
-28
25
72
6
-42
-134
-293
-335
-358
-369
-371
-528
-643
-686
-694
-632
-579
-484
-361
-319
-315
-303
-278
-239
-158
-22
60
162
302
374
487
642
823
1044
1209
1491
1805
1871
1774
1521
1198
1000
871
838
708
358
165
41
-51
-57
-168
-275
-290
-295
-285
-334
-447
-531
-531
-477
-506
-483
-407
-369
-281
-262
-287
-246
-229
-121
33
88
179
215
138
84
-2
-85
-96
-128
-172
-269
-419
-489
-472
-441
-444
-436
-358
-255
-212
-196
-201
-214
-189
-164
-156
-188
-238
-218
-140
-47
51
131
233
381
563
751
863
958
993
893
808
744
636
526
339
160
84
26
40
36
-3
14
-9
-34
6
-28
-121
-195
-246
-262
-312
-384
-431
-463
-434
-354
-304
-258
-238
-283
-314
-262
-174
-84
9
86
74
7
-55
-126
-189
-217
-264
-317
-285
-258
-300
-324
-288
-227
-140
-68
-39
-68
-134
-188
-232
-268
-255
-220
-167
-72
-2
32
77
183
332
462
558
614
595
538
473
390
298
209
109
-12
-130
-159
-148
-143
-96
-38
7
81
126
128
117
75
33
-34
-94
-107
-129
-146
-98
-29
3
25
36
18
-8
-5
21
72
141
179
172
120
63
23
-2
14
8
-25
-25
-16
-4
17
29
43
81
111
133
125
119
142
135
88
45
10
20
60
95
143
171
184
242
326
365
370
391
410
374
298
214
98
-37
-162
-262
-332
-390
-440
-437
-386
-316
-234
-177
-148
-131
-132
-163
-231
-316
-353
-374
-377
-345
-315
-261
-196
-143
-119
-123
-109
-73
-20
56
104
99
53
-18
-50
-42
-20
-6
-7
-2
5
2
22
52
65
84
116
155
174
170
155
127
84
53
61
85
105
136
166
179
176
195
243
273
293
312
312
280
228
171
98
28
-43
-117
-179
-242
-304
-312
-289
-263
-235
-211
-184
-146
-132
-141
-185
-256
-315
-354
-379
-372
-337
-300
-240
-191
-188
-198
-176
-126
-56
8
58
71
29
-33
-79
-98
-92
-64
-12
29
23
39
70
109
160
202
247
270
265
258
263
277
299
317
314
308
304
312
333
394
459
482
474
447
438
447
469
496
494
450
377
272
172
82
-1
-57
-89
-93
-107
-131
-144
-129
-96
-55
-21
-27
-79
-162
-259
-344
-377
-359
-336
-315
-311
-324
-321
-300
-271
-224
-181
-151
-138
-160
-233
-314
-341
-340
-339
-329
-326
-325
-337
-351
-317
-279
-214
-149
-117
-84
-74
-64
-26
35
97
119
112
102
91
97
135
212
299
352
369
364
350
338
350
385
412
392
307
207
138
85
34
2
-30
-70
-97
-87
-76
-92
-95
-67
-35
-16
-36
-93
-156
-195
-206
-201
-195
-212
-231
-244
-241
-222
-186
-129
-68
-28
-12
-23
-66
-122
-151
-154
-159
-150
-151
-157
-156
-164
-138
-77
-24
33
68
80
93
95
96
125
194
241
246
248
249
235
244
300
370
423
464
487
465
425
392
380
392
389
362
311
249
198
147
91
33
-26
-62
-77
-81
-72
-61
-69
-88
-109
-126
-153
-179
-200
-216
-241
-266
-280
-297
-300
-298
-290
-260
-223
-184
-145
-126
-117
-130
-145
-150
-168
-168
-159
-160
-168
-179
-192
-207
-214
-184
-149
-126
-92
-48
-20
-6
24
78
121
146
143
116
95
98
149
219
280
338
376
393
386
361
343
329
330
325
279
223
163
99
59
19
-24
-59
-77
-67
-60
-64
-75
-102
-133
-157
-178
-200
-219
-233
-255
-284
-314
-350
-389
-415
-428
-424
-391
-339
-281
-242
-215
-191
-189
-191
-182
-166
-160
-154
-135
-134
-148
-153
-123
-79
-42
-4
50
96
128
166
203
241
282
303
307
292
273
284
311
348
375
407
443
465
477
469
445
418
408
387
374
343
306
274
224
160
83
18
-17
-18
-3
3
-3
-12
-44
-87
-111
-122
-124
-137
-164
-190
-234
-284
-326
-355
-363
-350
-322
-281
-256
-254
-250
-235
-213
-193
-168
-153
-145
-132
-129
-120
-117
-105
-81
-60
-33
-13
-14
8
38
70
118
156
200
219
208
212
205
199
214
218
225
238
258
295
303
295
295
279
258
231
197
171
140
113
84
33
-27
-74
-95
-107
-116
-119
-120
-111
-115
-148
-191
-224
-251
-250
-246
-253
-259
-280
-305
-332
-363
-387
-385
-366
-332
-304
-293
-283
-256
-232
-207
-178
-169
-158
-148
-146
-135
-138
-125
-99
-86
-71
-63
-52
-25
28
85
129
173
209
230
250
268
280
306
321
333
358
376
395
417
422
430
427
405
390
368
347
343
330
309
278
235
195
149
105
90
79
73
83
73
44
16
-19
-52
-82
-115
-123
-140
-155
-160
-182
-214
-247
-269
-276
-287
-293
-292
-297
-293
-287
-280
-262
-263
-279
-278
-266
-251
-232
-226
-215
-204
-192
-174
-158
-147
-119
-74
-38
1
23
62
101
114
139
148
155
180
202
225
252
274
308
332
336
353
361
366
376
366
347
326
310
306
283
246
212
173
140
114
90
82
72
60
44
2
-29
-62
-81
-101
-121
-141
-150
-168
-202
-237
-270
-285
-297
-314
-327
-344
-354
-339
-329
-324
-324
-333
-324
-318
-318
-306
-308
-299
-279
-268
-255
-231
-202
-169
-139
-123
-92
-75
-52
-20
-10
3
15
25
58
88
125
172
204
228
247
245
249
269
281
302
310
307
304
290
281
274
258
241
219
192
174
164
160
160
162
160
146
130
111
99
77
62
51
49
40
16
-14
-40
-59
-76
-85
-92
-93
-97
-113
-121
-136
-153
-147
-141
-132
-125
-141
-156
-161
-157
-140
-131
-124
-118
-113
-110
-100
-93
-66
-38
-30
-20
-16
-17
-16
1
26
49
61
83
94
95
95
101
119
147
162
165
171
160
138
132
130
122
108
96
89
72
64
57
55
53
53
48
41
24
6
-3
-8
-7
-7
-7
-15
-35
-57
-72
-80
-77
-86
-94
-100
-105
-110
-116
-108
-93
-90
-98
-110
-126
-139
-148
-146
-135
-130
-124
-116
-119
-120
-121
-112
-100
-96
-92
-95
-98
-101
-106
-94
-74
-45
-11
5
5
2
8
27
46
68
86
90
93
93
90
91
90
90
92
79
64
48
46
54
61
72
81
81
79
79
74
68
63
64
62
56
43
26
16
16
24
32
29
18
0
-1
9
16
21
23
16
11
-1
-17
-27
-31
-18
-14
-6
1
-4
3
14
15
23
28
31
34
26
16
3
-11
-6
9
27
43
45
45
44
40
42
54
62
65
64
65
62
51
38
31
31
35
32
28
13
3
1
8
14
11
4
-1
0
-7
-12
-11
-12
-18
-28
-41
-55
-65
-68
-66
-61
-66
-67
-64
-67
-66
-64
-65
-66
-58
-62
-70
-78
-86
-83
-79
-62
-49
-41
-35
-23
-21
-20
-21
-24
-23
-19
-22
-28
-38
-44
-33
-20
-3
11
16
13
10
10
20
27
35
41
41
41
34
30
22
18
19
25
23
15
6
-5
-5
-5
1
1
0
3
4
2
0
-7
-7
-13
-18
-25
-34
-39
-34
-28
-22
-14
-12
-7
-4
-1
-2
-4
-6
-4
-4
-12
-18
-23
-24
-17
-11
-1
10
19
24
27
29
31
33
32
37
35
30
32
34
36
47
55
59
63
62
64
68
76
84
83
82
84
78
73
70
59
50
45
44
42
37
30
24
21
23
21
15
13
9
10
6
1
-3
-10
-17
-23
-28
-37
-41
-43
-44
-46
-48
-48
-51
-51
-49
-47
-44
-46
-46
-54
-63
-68
-74
-75
-74
-67
-62
-53
-48
-44
-43
-42
-42
-42
-39
-36
-35
-35
-35
-37
-37
-33
-23
-16
-12
-6
0
11
20
23
24
26
27
26
26
28
24
19
19
19
18
18
16
13
12
14
16
12
8
6
5
6
7
2
0
-5
-9
-10
-14
-17
-16
-11
-7
-5
-8
-14
-16
-12
-4
-1
-3
-6
-9
-11
-13
-13
-14
-8
-7
-5
-1
-1
2
2
3
5
6
7
11
14
10
9
10
12
13
13
16
19
23
32
36
40
43
43
44
41
41
37
34
35
36
39
39
40
39
37
34
34
30
25
23
20
18
17
16
12
9
11
10
9
6
-1
-5
-6
-7
-7
-10
-13
-14
-16
-15
-19
-18
-17
-16
-19
-21
-21
-22
-22
-20
-21
-24
-21
-15
-16
-18
-18
-16
-18
-19
-16
-17
-20
-21
-17
-19
-22
-20
-19
-17
-11
-8
-4
-1
-2
-4
-10
-9
-7
-7
-9
-11
-10
-11
-6
-3
-1
0
-1
-1
-3
-5
-10
-6
-4
-4
-2
-5
-7
-12
-10
-9
-8
-6
-6
-8
-8
-7
-7
-6
-7
-7
-8
-9
-8
-6
-5
-4
-4
-1
-2
-1
0
2
6
7
7
5
3
0
-2
-1
2
3
4
6
5
5
3
6
4
4
6
7
11
14
14
16
14
11
12
12
10
10
7
8
9
14
18
16
16
16
16
14
16
16
15
14
10
9
3
1
2
3
5
7
8
7
10
10
10
12
10
9
8
3
3
3
3
7
6
6
8
8
8
11
11
12
12
11
7
3
3
5
2
0
4
4
6
4
5
1
-4
-1
-2
-3
-3
1
3
4
5
3
-1
-2
-1
-2
-5
-7
-5
-4
-3
-1
1
1
1
-3
-6
-8
-9
-11
-12
-15
-22
-23
-26
-26
-28
-28
-27
-28
-30
-31
-32
-34
-32
-32
-37
-39
-40
-39
-38
-35
-33
-29
-29
-28
-26
-27
-22
-20
-16
-12
-10
-10
-8
-9
-5
-3
2
6
8
13
13
13
17
20
17
16
19
24
25
28
30
31
28
26
24
24
25
23
24
23
26
28
28
27
27
25
22
21
19
18
15
11
8
1
0
1
0
-1
-1
-2
-2
0
-1
-2
-6
-7
-8
-11
-11
-12
-9
-6
-5
0
2
1
5
4
2
3
5
8
10
13
11
9
9
9
11
14
18
19
18
21
19
20
20
20
17
18
18
17
17
17
19
17
15
13
11
8
8
7
7
8
9
8
8
3
0
-2
-5
-3
-7
-7
-13
-17
-21
-23
-25
-26
-24
-27
-27
-28
-26
-26
-29
-31
-33
-37
-40
-38
-39
-35
-33
-33
-32
-33
-32
-33
-35
-32
-30
-27
-21
-21
-21
-24
-27
-26
-24
-22
-18
-15
-11
-11
-10
-8
-6
-5
-3
3
5
4
8
7
8
9
10
14
15
17
18
19
20
20
23
25
26
28
30
29
30
30
29
31
30
29
26
26
24
24
24
23
22
20
20
21
19
17
15
12
10
6
2
3
3
5
4
3
3
0
-2
-3
-5
-4
-2
-1
-4
-6
-10
-13
-13
-10
-7
-4
0
-1
0
-3
-3
-3
-3
-2
-3
-3
-1
-1
-3
0
0
-1
2
4
6
8
6
7
9
8
11
12
11
12
12
13
14
12
13
11
10
7
6
6
5
6
4
6
4
3
3
2
-2
-6
-9
-13
-14
-16
-15
-14
-13
-12
-13
-13
-12
-13
-16
-20
-20
-21
-20
-19
-21
-22
-25
-21
-19
-18
-16
-15
-12
-13
-15
-14
-14
-15
-14
-11
-9
-10
-9
-10
-13
-13
-12
-11
-12
-10
-7
-7
-7
-6
-6
-4
-5
-2
-2
-2
-3
-3
-4
-4
-3
-1
0
1
4
4
7
8
9
11
12
14
14
15
14
15
14
15
16
17
19
21
23
23
23
23
21
17
16
14
13
15
14
13
12
13
13
14
13
13
13
13
13
13
11
10
9
10
10
9
10
8
6
5
4
3
1
-1
-1
-1
-4
-3
-2
-1
-1
1
0
-2
-3
-4
-3
-4
-4
-2
-3
-6
-7
-7
-9
-9
-7
-4
-4
-4
-4
-6
-13
-14
-16
-16
-14
-12
-7
-8
-10
-4
-3
-9
-6
-9
-9
-9
-10
-7
-5
-5
-6
-6
-7
-8
-7
-3
-2
-5
-1
0
-7
-13
-7
-7
-3
3
1
6
5
5
3
0
-3
-3
-6
-11
-13
-12
-7
-3
2
1
1
3
0
-9
-16
-16
-19
-19
-18
-19
-22
-22
-19
-20
-20
-19
-16
-20
-19
-17
-21
-17
-26
-30
-25
-30
-28
-21
-16
-5
-4
-7
-6
-14
-15
-16
-20
-17
-16
-11
3
4
13
25
25
29
29
29
26
22
27
31
31
38
40
44
48
41
50
75
78
75
84
79
63
45
28
28
32
38
55
72
85
94
76
58
57
47
42
55
65
71
55
37
38
19
-8
-10
-8
0
18
19
23
18
-2
-27
-37
-32
-42
-36
-20
-23
-26
-38
-51
-54
-63
-59
-54
-74
-69
-68
-80
-66
-70
-68
-52
-57
-49
-32
-37
-66
-71
-58
-70
-67
-48
-48
-45
-35
-35
-25
-2
16
2
12
33
19
1
-26
-18
39
23
53
76
30
41
-19
-69
-42
1
113
127
112
593
606
41
-203
-331
-625
-771
-450
153
290
299
580
400
56
-194
-426
-497
-363
-299
-56
261
361
219
192
155
-43
-151
-110
-131
-68
85
58
-26
-20
-9
-106
-106
-51
-43
-14
7
-107
-188
-148
-175
-176
-23
92
87
134
134
-28
-96
-125
-166
-107
15
71
122
192
189
86
40
48
-9
-16
54
69
99
146
120
81
93
87
42
54
53
29
43
42
-14
-1
50
58
64
89
95
80
63
58
49
71
106
83
86
89
42
0
5
20
22
40
100
82
79
93
14
-15
-26
-90
-79
-100
-30
176
20
-90
29
5
-91
-132
-96
-16
-182
-175
-36
-47
71
109
17
44
-24
-243
-234
-175
-173
-117
79
150
113
92
13
-133
-133
-128
-166
-69
96
94
34
38
-38
-144
-154
-157
-151
-38
49
31
10
27
-33
-94
-95
-86
-74
7
24
11
41
32
-48
-40
3
-20
-27
20
6
-45
-36
-36
-32
-14
12
36
51
44
19
-20
-17
-2
15
59
67
82
87
32
3
20
17
73
96
73
72
18
-95
-179
-192
-163
-139
-78
26
56
17
3
-16
-72
-56
12
87
131
160
182
150
84
73
67
70
122
170
191
170
105
42
-14
-69
-104
-96
-40
11
18
6
-22
-61
-73
-91
-91
-44
23
57
65
86
121
69
14
7
-16
-17
-7
-8
42
110
148
120
68
187
113
-213
-268
-79
-2
54
223
400
287
-29
-239
-371
-433
-406
-264
46
359
387
324
283
58
-296
-407
-323
-256
-103
135
259
337
309
118
-60
-143
-177
-167
-97
12
96
114
59
-46
-100
-115
-136
-103
-21
2
-29
-36
-67
-159
-162
-98
-76
-18
69
63
-13
-78
-106
-171
-200
-114
-43
36
124
115
162
98
-54
-57
-131
-219
-203
-166
39
62
92
664
635
204
184
-129
-569
-669
-659
-296
-22
188
488
321
201
-11
-504
-511
-337
-425
-101
341
426
341
370
257
11
-81
-68
-22
187
293
310
348
215
26
-68
-169
-194
-105
-13
58
38
-8
-66
-173
-210
-168
-89
41
109
123
164
131
15
-17
-4
-16
-12
44
117
141
114
110
107
62
25
-24
-69
-53
-72
-78
-2
56
57
87
111
99
21
-48
-38
-40
-57
0
72
108
60
46
36
-26
-41
-29
-9
71
114
89
98
44
-44
-102
-119
-47
-1
21
96
78
12
-55
-91
-109
-127
-120
-18
38
21
39
7
-69
-117
-143
-145
-122
-83
-23
14
2
-34
-4
-2
-57
-61
-37
-55
-81
-68
-41
20
25
54
53
8
-2
-74
-97
-59
-65
-27
49
97
78
12
-39
-76
-107
-105
-34
34
86
89
50
12
-36
-127
-139
-40
21
64
157
172
103
25
-42
-85
-107
-56
-7
81
140
94
35
19
-34
-97
-60
-15
9
12
54
44
-3
-32
-28
-23
-35
-1
19
14
0
-59
-40
4
-30
18
64
56
26
-33
-41
-24
-56
-36
38
42
50
8
-11
-14
-82
-60
26
71
80
86
105
59
-40
-53
-15
-16
-4
69
132
145
78
58
52
-38
-55
5
60
97
114
140
135
22
-42
-38
-37
-20
19
100
138
95
77
83
-2
-90
-81
-54
-18
31
81
131
125
65
8
-23
-82
-144
-128
-42
17
27
79
97
20
-57
-94
-136
-142
-114
-33
39
60
42
32
-28
-119
-166
-144
-116
-83
-11
68
71
20
-8
-73
-133
-163
-129
-75
-24
32
44
28
9
-70
-121
-109
-93
-72
-37
18
53
20
-10
-3
-51
-69
-47
-55
-28
-14
-4
25
2
-6
25
-7
1
40
7
7
34
22
26
26
34
47
16
3
18
-3
-16
15
4
5
21
36
30
10
7
6
5
-20
4
23
5
9
-10
-15
0
10
26
87
107
71
79
60
-18
-34
-29
-9
18
42
116
110
53
56
15
-42
-49
-20
12
41
70
88
93
60
26
1
-24
-34
-6
32
55
76
67
52
36
-10
-37
-40
-27
-6
12
45
57
8
-13
-9
-50
-73
-28
3
-4
21
57
41
7
-5
-23
-38
-36
-27
-2
8
20
17
-8
-27
-56
-88
-81
-42
-40
3
35
3
5
-19
-76
-77
-85
-91
-39
-10
24
47
33
24
-28
-65
-59
-93
-70
0
6
42
74
32
24
-15
-80
-62
-66
-47
0
14
53
40
6
5
-49
-86
-46
-77
-68
7
5
31
52
1
-15
-42
-99
-91
-79
-55
-13
8
31
41
7
-9
-6
-34
-45
-12
0
1
46
29
10
40
-8
-12
24
-2
35
52
38
73
53
31
64
16
1
55
24
21
59
42
49
43
19
56
41
3
37
50
32
32
16
29
22
-3
35
52
32
65
65
41
34
-5
-35
-44
-49
-34
-5
25
38
49
55
8
-36
-35
-61
-87
-48
-1
12
45
60
39
13
-32
-57
-72
-74
-37
3
31
53
48
26
3
-54
-77
-54
-61
-26
24
34
58
48
3
-10
-40
-78
-63
-34
-13
17
34
40
16
-15
-23
-43
-52
-36
-17
4
32
36
30
6
-20
-29
-44
-43
-19
15
39
47
40
34
-9
-44
-43
-55
-40
-4
17
42
43
17
8
-21
-57
-50
-45
-32
7
20
17
23
-4
-42
-38
-57
-60
-18
-12
13
46
3
-2
-15
-77
-58
-62
-57
15
10
12
63
-1
-33
-13
-72
-49
3
-12
54
77
42
67
27
-15
-2
-26
-7
40
32
70
80
46
52
31
-14
-3
1
-12
22
42
39
55
42
6
7
-13
-23
-7
7
31
53
51
53
37
-6
-24
-34
-49
-33
-4
5
44
52
33
30
-5
-30
-22
-39
-24
19
29
37
43
21
1
-26
-37
-6
-9
2
45
38
26
18
-29
-34
-51
-54
-13
-2
17
44
34
17
0
-30
-30
-50
-46
-7
-9
-8
13
-2
-11
-19
-34
-22
-25
-28
-10
-5
5
4
-15
0
-11
-37
-8
-7
-26
2
6
-7
7
-8
-16
-20
-35
-18
-20
-16
12
6
4
20
-8
-29
-23
-43
-45
-21
-3
18
34
41
39
13
-21
-31
-42
-40
-19
5
26
39
40
19
12
-10
-28
-18
-11
6
28
38
36
31
8
5
-12
-19
6
4
21
34
21
21
11
-14
-7
-18
-26
7
7
15
33
14
15
4
-27
-4
-16
-29
8
7
8
35
29
30
31
9
15
-2
-21
0
-8
-14
7
8
14
16
10
17
5
-12
-8
-9
-13
-14
-9
5
5
7
12
11
11
5
-1
0
-14
-10
-6
-10
1
14
11
20
16
6
-6
-23
-23
-24
-31
-11
6
6
17
18
14
2
-8
-10
-14
-18
-8
0
2
0
3
3
-6
-9
-4
-8
-11
1
3
-1
-4
-12
-8
-12
-20
-8
-5
-11
-4
-3
-3
3
-1
12
12
1
7
8
-13
-12
-9
-5
4
1
15
21
8
4
4
-12
-15
-16
-14
-4
-1
5
15
11
12
14
3
2
5
1
5
8
6
13
9
0
3
-1
-12
-7
-2
-2
0
1
4
2
-10
-4
-14
-16
-19
-18
-18
-19
-17
-11
-19
-19
-8
-13
-4
0
-1
6
-2
-7
-11
-17
-20
-16
-10
0
10
20
27
22
16
5
-6
-10
-7
0
3
18
33
29
28
29
18
11
7
9
13
10
15
28
22
16
19
18
12
7
12
19
14
11
22
14
13
12
10
16
9
4
6
1
-7
-3
-8
-12
-10
-15
-11
-5
-15
-8
-5
-11
-11
-13
-19
-14
-14
-20
-18
-15
-6
-6
-4
-1
-4
-10
-15
-16
-20
-26
-20
-16
-17
-9
-8
-6
5
-4
-6
-2
-11
-13
-14
-14
-8
-6
-4
8
8
3
8
5
0
1
-3
-4
6
0
4
6
4
3
3
3
5
7
11
15
8
11
7
5
1
-1
3
6
2
10
11
8
4
5
6
4
5
3
6
1
2
0
-2
-6
-7
-3
-4
-4
1
-1
-5
-5
-7
-13
-15
-10
-9
-9
-11
-6
-4
-9
-7
-8
-10
-10
-11
-10
-9
-5
0
4
1
1
4
0
0
0
5
8
13
19
15
17
18
15
13
10
14
11
9
12
10
11
12
14
20
18
18
25
20
15
13
11
10
11
12
16
12
13
9
4
5
2
-1
-2
-1
2
0
-1
-3
-2
-2
-9
-13
-15
-18
-20
-22
-17
-12
-11
-4
-5
-9
-9
-22
-26
-27
-26
-23
-17
-6
-3
-4
1
-4
-15
-15
-16
-22
-18
-13
-12
-11
-10
-7
-12
-13
-11
-6
-5
-5
-5
-5
-9
-14
-13
-9
-7
-5
4
7
7
9
6
4
-2
-4
-2
-6
-5
2
4
9
9
11
9
3
3
8
7
8
14
15
13
14
12
12
10
4
9
12
14
16
17
18
17
13
10
9
6
4
1
1
3
2
1
-1
-4
-4
-4
-5
0
1
2
1
2
3
0
-1
2
1
-2
1
0
1
2
4
4
4
9
10
7
9
5
4
8
5
4
2
6
7
6
4
6
4
3
4
2
3
2
4
6
9
7
13
11
5
5
2
-3
-2
-8
-8
-2
-3
0
6
1
1
-1
-6
-10
-16
-14
-13
-14
-11
-8
-9
-11
-11
-12
-12
-11
-11
-10
-8
-11
-12
-13
-14
-12
-11
-12
-9
-9
-11
-9
-10
-11
-14
-14
-12
-10
-10
-10
-7
-6
-7
-6
-7
-7
-7
-6
-6
-5
-7
-6
-4
-2
-3
-2
0
0
-2
-2
0
0
4
5
7
8
9
8
9
7
5
4
5
4
4
5
8
8
8
12
13
14
15
17
16
12
11
12
11
11
14
17
18
17
20
18
15
14
13
12
10
8
7
7
8
8
11
10
8
8
8
7
4
3
1
-1
-3
-3
-4
-3
-4
-5
-4
-3
-2
-3
-2
-5
-7
-8
-7
-8
-11
-8
-9
-4
-3
0
3
-2
-3
-2
-6
-6
-6
-4
1
1
2
3
1
-1
-4
-5
-7
-6
-5
-1
2
3
4
6
5
3
2
0
0
-4
-5
-5
-3
0
-2
-5
-2
-1
-2
-5
-3
-6
-6
-6
-6
-5
-10
-8
-8
-8
-7
-7
-9
-9
-10
-11
-14
-14
-13
-13
-11
-9
-8
-12
-10
-13
-13
-14
-15
-14
-15
-12
-11
-10
-10
-9
-11
-10
-7
-6
-5
-3
-3
-3
-3
-1
-1
3
3
4
7
6
5
6
6
9
9
11
14
15
17
16
14
16
15
16
13
13
13
11
13
15
15
15
15
15
13
12
11
13
14
12
13
15
13
13
11
11
10
10
12
11
11
13
10
8
8
8
6
4
7
7
9
9
6
7
4
3
3
-1
1
2
1
0
-2
-2
0
-1
-3
-2
-2
-3
-5
-4
-7
-7
-9
-8
-9
-10
-7
-10
-9
-7
-8
-11
-12
-13
-15
-16
-18
-17
-16
-17
-13
-10
-13
-11
-13
-14
-16
-15
-16
-15
-13
-9
-6
-6
-7
-5
-7
-8
-9
-9
-8
-7
-4
-3
-2
-3
-3
-4
-4
-4
-2
0
0
1
1
0
-1
1
0
0
3
3
2
4
0
0
0
0
1
1
2
3
4
2
4
4
1
0
1
-1
0
0
1
4
3
4
4
2
2
2
2
0
1
3
2
2
3
3
2
1
2
3
1
3
4
7
7
4
6
7
5
7
7
7
7
8
6
4
4
7
7
8
11
12
12
12
12
14
11
12
14
15
17
17
17
17
15
13
14
10
11
8
9
11
8
10
8
6
6
4
6
5
3
3
3
0
-2
-5
-6
-5
-7
-7
-5
-5
-6
-7
-7
-8
-11
-10
-10
-11
-12
-11
-12
-9
-10
-10
-10
-10
-11
-14
-13
-15
-13
-12
-12
-12
-10
-13
-15
-14
-14
-14
-15
-14
-11
-13
-12
-13
-14
-12
-12
-9
-8
-6
-6
-5
-6
-8
-7
-6
-6
-4
-3
-3
0
0
1
-1
-2
1
-2
-2
0
0
1
1
1
0
1
0
0
-1
0
1
0
2
3
3
2
3
3
3
4
4
6
6
7
8
7
6
5
4
3
2
3
3
4
5
4
6
5
2
3
3
3
5
6
5
7
7
8
6
6
7
8
9
10
10
9
9
10
9
10
10
13
15
14
15
16
15
14
14
12
15
16
15
17
16
14
12
11
13
11
9
10
10
8
7
8
6
6
2
2
1
-1
-2
-4
-4
-2
-2
-3
-6
-7
-9
-8
-12
-13
-12
-13
-14
-13
-14
-14
-14
-17
-14
-14
-15
-12
-12
-14
-14
-14
-15
-14
-15
-15
-13
-16
-15
-15
-16
-15
-16
-14
-12
-13
-12
-9
-9
-10
-7
-8
-6
-7
-7
-6
-8
-9
-10
-11
-8
-7
-7
-4
-2
-1
0
-2
-2
-1
-3
-1
0
0
4
5
4
6
7
5
6
4
4
5
5
6
9
9
10
10
9
8
7
7
6
6
4
5
3
2
2
3
1
1
1
1
2
2
3
3
4
3
1
1
0
0
-1
0
3
3
3
3
4
2
1
3
2
5
5
3
6
8
8
10
10
10
10
9
11
12
10
13
13
14
15
15
16
17
16
16
14
14
14
11
13
15
16
16
16
14
14
10
9
8
7
7
7
5
4
4
3
3
2
0
-2
-1
-3
-4
-3
-7
-7
-8
-9
-9
-12
-12
-12
-16
-14
-15
-16
-17
-17
-20
-20
-18
-21
-19
-18
-17
-17
-20
-18
-20
-23
-21
-22
-20
-23
-23
-20
-21
-22
-21
-20
-21
-20
-20
-19
-16
-15
-13
-11
-11
-8
-7
-7
-7
-8
-6
-6
-6
-4
-3
-1
0
2
2
2
5
4
4
5
7
7
9
10
11
12
14
14
16
15
15
16
17
16
16
15
14
14
14
15
16
17
16
17
16
15
14
13
10
11
12
10
11
11
13
11
9
8
7
5
4
3
2
2
2
0
2
2
1
2
0
1
-1
-3
-4
-2
-4
-5
-3
-2
0
-1
1
2
3
2
-1
0
1
3
4
4
6
6
7
6
6
6
6
5
7
7
7
8
8
9
9
8
7
8
7
6
5
4
4
2
3
2
2
2
1
0
-1
-2
-3
-5
-6
-7
-9
-9
-9
-11
-11
-10
-10
-10
-9
-10
-12
-10
-11
-13
-15
-15
-14
-13
-13
-14
-15
-14
-15
-15
-16
-15
-18
-18
-18
-20
-18
-19
-20
-19
-19
-17
-16
-17
-16
-13
-13
-13
-13
-12
-12
-10
-9
-9
-7
-5
-5
-3
-3
-5
-2
0
4
4
5
6
8
10
11
12
12
12
10
11
12
10
11
12
16
18
18
19
21
18
18
18
16
16
13
14
14
12
12
12
11
12
10
9
8
6
4
3
3
5
6
5
6
6
6
6
5
6
5
4
5
5
3
3
4
6
7
7
7
5
4
2
2
3
4
4
4
4
3
4
4
3
3
4
4
3
4
3
4
4
5
7
6
7
7
7
7
4
5
7
5
5
4
3
2
1
1
0
-3
-3
-3
-4
-5
-6
-7
-5
-6
-7
-7
-9
-10
-10
-10
-11
-13
-12
-13
-16
-16
-15
-14
-16
-16
-16
-17
-18
-17
-18
-17
-18
-19
-19
-19
-20
-21
-22
-22
-22
-21
-21
-23
-23
-20
-19
-19
-20
-19
-16
-16
-15
-15
-13
-10
-9
-7
-6
-5
-2
-1
-2
-1
3
5
7
8
8
10
12
13
13
13
13
17
17
17
17
17
19
17
17
18
16
16
16
17
16
17
17
18
19
18
18
20
18
18
16
15
15
15
15
14
14
15
16
15
14
12
13
13
11
12
11
9
11
10
8
7
7
6
5
4
5
5
5
5
5
4
4
3
2
0
-1
-1
-3
-4
-6
-4
-3
-5
-4
-3
-3
-5
-4
-6
-6
-6
-6
-5
-4
-4
-3
-3
-3
-5
-6
-5
-9
-8
-10
-9
-8
-9
-9
-8
-10
-10
-9
-9
-9
-8
-8
-8
-7
-9
-7
-6
-6
-7
-7
-6
-8
-8
-9
-9
-11
-10
-12
-10
-10
-10
-10
-10
-8
-11
-12
-11
-11
-13
-14
-12
-12
-10
-11
-9
-8
-9
-8
-7
-9
-11
-11
-12
-12
-11
-11
-11
-9
-9
-8
-6
-6
-7
-4
-5
-4
-4
-3
-2
-4
-1
2
4
6
7
9
10
12
12
13
14
14
15
14
14
15
17
16
17
19
20
19
19
18
17
17
16
16
18
18
21
20
20
22
21
23
19
17
16
15
13
12
11
12
13
12
10
9
7
6
6
5
3
6
6
6
4
3
2
2
1
0
1
1
0
-1
-2
-1
0
0
0
0
-2
-1
-3
-5
-6
-6
-4
-5
-6
-5
-8
-8
-8
-10
-11
-12
-12
-12
-14
-13
-14
-14
-14
-13
-13
-12
-12
-13
-14
-14
-15
-15
-15
-13
-14
-14
-12
-12
-12
-12
-11
-10
-12
-11
-10
-9
-8
-8
-6
-5
-4
-5
-4
-4
-4
-5
-4
-3
-5
-5
-6
-5
-4
-2
-3
-3
-4
-1
-1
0
-1
-1
-1
-1
0
0
0
0
0
2
3
3
4
5
3
2
2
2
2
2
2
3
4
3
3
3
3
2
5
2
0
0
0
2
4
5
6
7
6
8
7
6
8
8
7
7
7
10
12
13
13
14
15
14
14
12
12
11
11
12
13
12
13
11
10
8
8
7
5
3
6
6
5
6
5
6
5
4
5
2
2
2
1
2
3
2
2
0
1
1
-1
0
1
0
2
2
-1
2
2
2
3
2
2
0
-2
-3
-3
-5
-4
-6
-5
-4
-4
-2
-3
-5
-5
-5
-5
-7
-9
-8
-10
-10
-10
-10
-9
-11
-11
-12
-12
-13
-13
-13
-14
-12
-13
-13
-11
-11
-10
-9
-11
-12
-10
-11
-10
-11
-11
-11
-10
-10
-8
-6
-6
-7
-6
-6
-5
-5
-4
-2
-2
-1
0
0
-2
-3
-1
0
0
1
1
2
2
1
-1
-1
-2
-2
-2
-2
1
0
-1
0
-2
0
2
0
-1
1
3
4
5
6
6
6
5
3
4
4
3
2
5
6
7
7
8
7
8
9
8
9
7
10
12
11
12
14
15
16
17
17
18
16
14
14
13
12
13
12
12
13
14
14
13
13
13
12
10
10
9
6
5
6
6
5
5
5
5
2
1
0
-2
0
0
-2
-2
-2
-1
0
-4
-3
-4
-4
-5
-6
-5
-7
-7
-6
-6
-6
-9
-7
-7
-9
-9
-12
-12
-12
-10
-12
-12
-12
-13
-12
-12
-11
-10
-10
-10
-9
-11
-11
-12
-13
-11
-9
-10
-9
-10
-9
-9
-11
-10
-9
-10
-8
-8
-7
-8
-7
-7
-7
-6
-5
-6
-5
-4
-6
-5
-8
-6
-4
-3
-2
1
1
3
3
3
1
0
0
-1
-3
-2
0
0
1
3
1
2
2
-1
-2
-2
0
-2
-4
-3
0
-1
0
3
4
5
3
4
3
1
3
2
3
4
7
9
9
9
8
10
8
8
8
7
8
8
10
11
12
10
12
12
12
13
13
12
12
13
13
13
13
15
16
16
17
13
14
15
13
14
14
16
15
14
17
16
14
15
12
11
10
8
8
4
5
2
0
0
-1
-2
-4
-4
-5
-7
-7
-9
-11
-12
-13
-14
-13
-15
-12
-12
-13
-14
-15
-13
-11
-13
-15
-15
-13
-15
-15
-15
-14
-12
-12
-11
-10
-12
-12
-13
-15
-14
-14
-13
-11
-14
-14
-13
-13
-13
-13
-14
-15
-12
-12
-11
-13
-12
-11
-8
-7
-6
-4
-3
-2
-3
-2
-2
-1
1
0
1
3
3
6
3
4
5
4
4
4
6
4
5
10
10
9
9
11
12
10
9
9
7
6
6
7
9
9
9
7
7
6
3
2
0
0
-1
-1
-2
-2
-2
1
1
0
2
1
0
2
2
2
2
3
4
5
6
7
5
6
5
6
6
5
7
7
8
8
9
9
9
11
9
10
11
9
12
14
14
13
15
18
18
17
15
16
14
14
13
12
12
10
10
8
8
8
7
6
6
6
4
2
2
1
-1
-2
-2
-3
-6
-8
-9
-9
-9
-12
-12
-13
-15
-18
-19
-21
-20
-20
-20
-18
-18
-18
-17
-18
-19
-16
-18
-19
-19
-18
-19
-21
-17
-19
-18
-17
-18
-19
-18
-17
-17
-17
-15
-16
-15
-12
-10
-8
-6
-5
-5
-2
-2
-3
-1
-1
2
3
3
3
4
5
6
8
8
10
8
9
10
9
11
12
13
14
15
14
16
15
13
15
13
13
13
11
13
10
12
13
11
10
9
8
7
6
4
4
4
3
2
2
2
3
3
3
3
3
2
2
0
1
2
2
4
3
3
3
4
4
3
1
2
0
2
2
3
2
3
5
4
2
1
4
3
4
4
5
6
5
7
7
8
6
4
3
3
4
2
3
2
2
0
-1
1
0
1
3
2
2
1
0
-3
-4
-4
-5
-4
-2
-2
-4
-4
-6
-7
-6
-9
-10
-10
-10
-11
-10
-10
-11
-10
-10
-9
-10
-10
-11
-11
-11
-12
-13
-13
-13
-12
-13
-11
-11
-9
-7
-9
-9
-8
-7
-7
-6
-6
-4
-3
-1
0
-3
-2
0
-1
-2
-1
-2
-1
1
2
3
4
4
6
6
5
6
5
4
4
3
3
5
5
5
5
7
6
4
5
5
5
6
4
5
6
5
7
7
7
8
7
7
5
5
3
3
3
2
2
2
2
3
0
-1
-1
0
-2
-1
-1
1
2
3
3
2
2
5
5
3
4
5
5
5
4
7
8
8
10
12
12
11
9
9
7
4
3
3
5
6
8
6
8
7
5
5
4
3
4
3
2
2
1
0
0
1
0
-1
-2
-2
-2
-5
-5
-6
-8
-6
-6
-7
-6
-8
-9
-10
-12
-12
-12
-14
-14
-15
-15
-14
-14
-14
-14
-14
-15
-12
-14
-13
-13
-14
-13
-12
-11
-10
-10
-9
-9
-10
-9
-8
-9
-9
-9
-9
-9
-7
-6
-5
-3
-1
0
2
4
4
5
5
6
5
6
7
10
11
12
14
13
15
16
14
15
15
14
13
14
15
13
14
16
13
13
12
11
10
10
11
9
10
9
7
5
5
6
7
4
4
3
2
2
0
0
-1
-1
0
-1
-2
-1
-2
-5
-5
-7
-6
-6
-5
-4
-5
-6
-5
-6
-7
-7
-11
-9
-7
-8
-8
-8
-6
-5
-5
-6
-3
-4
-5
-2
-4
-3
-2
-2
-1
1
0
3
4
1
1
-1
2
3
3
4
6
5
7
7
6
8
6
5
7
6
5
4
