-8
-9
-7
-7
-6
-5
-4
-3
-1
0
0
0
-2
0
0
-1
0
0
-1
1
2
3
3
4
8
6
4
5
7
6
7
9
8
8
9
10
9
10
10
9
9
9
10
8
9
11
9
8
9
7
6
7
7
5
4
4
3
1
0
-2
-3
-2
-1
-3
-5
-2
-3
-1
-1
-1
1
1
1
1
0
1
1
-1
0
3
4
3
3
4
3
2
4
3
3
5
7
7
6
9
8
7
9
8
5
8
7
7
8
10
8
6
7
7
4
3
3
4
1
2
2
1
2
3
3
2
2
-1
-1
-2
-1
-2
-3
-2
0
-1
0
0
-1
1
-1
-3
-5
-6
-6
-6
-7
-8
-6
-5
-7
-9
-8
-9
-13
-13
-14
-14
-16
-16
-16
-16
-16
-16
-15
-16
-15
-16
-16
-17
-18
-16
-15
-14
-12
-12
-10
-9
-10
-11
-10
-9
-8
-7
-6
-2
-2
-1
3
1
3
5
5
3
3
4
3
3
5
5
5
6
8
6
7
8
8
10
10
12
12
12
12
11
12
12
12
14
14
12
12
12
11
13
13
11
12
11
11
10
7
10
6
4
5
6
5
5
4
2
2
3
2
2
4
3
2
2
1
0
0
0
0
1
1
0
0
2
2
1
-2
1
0
1
1
2
0
2
3
1
4
4
4
5
7
5
5
5
3
2
1
2
0
2
1
-1
0
-2
-2
-4
-7
-5
-6
-7
-6
-6
-6
-10
-10
-8
-11
-13
-10
-10
-11
-11
-9
-11
-12
-11
-9
-10
-10
-8
-10
-8
-8
-8
-8
-9
-8
-7
-9
-8
-8
-10
-7
-8
-7
-7
-7
-7
-5
-6
-7
-6
-7
-5
-5
-4
-3
-3
-2
-2
-2
0
0
1
1
1
-1
0
2
0
1
4
4
4
6
8
7
7
8
8
9
10
9
9
10
11
9
8
9
8
7
6
5
6
6
6
5
7
5
5
6
7
8
7
6
6
3
6
3
4
6
6
6
8
8
6
7
9
9
9
7
8
9
8
7
7
8
9
8
7
7
7
5
6
3
1
2
1
1
0
1
2
0
2
1
0
1
0
-3
-1
0
-3
-6
-5
-4
-6
-8
-6
-8
-10
-9
-9
-11
-11
-11
-13
-14
-13
-13
-13
-12
-12
-11
-11
-12
-12
-11
-10
-12
-9
-8
-8
-8
-8
-9
-9
-8
-9
-8
-9
-8
-8
-7
-6
-7
-4
-3
-4
-1
-1
0
-1
-1
-1
-3
-2
0
0
0
0
0
1
1
0
-2
-1
1
0
2
1
2
3
5
5
6
7
5
7
9
8
9
10
11
13
11
12
14
14
13
15
15
13
13
13
11
9
9
10
10
7
8
7
6
5
4
3
2
0
0
-3
-4
-4
-4
-3
-3
-4
-7
-5
-7
-9
-8
-6
-4
-6
-4
-2
-2
-1
-3
-3
-2
-2
-1
1
0
0
2
3
3
3
4
3
3
4
3
0
3
2
2
5
3
4
5
5
4
4
3
2
2
-1
-1
-3
-2
-2
-4
-4
-2
-3
-3
-2
-2
-2
-3
-3
-3
-4
-5
-4
-3
-4
-5
-8
-7
-6
-4
-6
-7
-7
-6
-6
-8
-7
-7
-8
-6
-3
-5
-5
-5
-6
-5
-5
-6
-6
-4
-5
-4
-4
-4
-5
-5
-6
-6
-7
-8
-6
-4
-4
-2
-3
-1
0
1
0
0
0
1
0
1
3
3
5
5
6
5
7
7
7
6
7
5
6
6
6
6
5
6
6
7
7
6
8
8
6
4
4
4
3
4
4
5
5
5
6
6
6
8
7
7
9
6
5
7
5
6
7
7
7
4
3
4
3
4
5
3
3
2
2
0
1
1
2
1
2
2
1
2
3
1
0
-1
0
0
0
-1
-2
-2
-1
-3
-4
-3
-6
-5
-5
-6
-7
-10
-13
-12
-14
-16
-13
-13
-13
-13
-12
-13
-13
-11
-12
-12
-11
-9
-5
-5
-5
-2
-3
-4
-6
-3
-3
-3
-3
-2
-2
-2
0
2
4
2
3
5
5
4
3
4
4
4
4
3
3
3
2
2
2
2
2
2
3
3
4
4
3
2
4
4
4
3
3
3
3
1
2
2
1
2
2
1
0
1
-2
-3
-3
-2
-3
-2
-1
-3
-2
-3
-2
-3
-3
-4
-2
-1
-3
-2
-2
-3
0
1
0
2
3
3
5
5
7
6
6
8
7
8
8
8
10
9
9
8
9
8
8
8
7
6
5
5
4
8
7
6
8
5
6
8
6
6
6
5
3
2
3
3
0
1
-1
-3
-3
-4
-5
-6
-7
-9
-7
-8
-9
-8
-7
-8
-7
-8
-6
-5
-6
-7
-8
-6
-6
-5
-7
-6
-4
-5
-4
-4
-4
-5
-5
-4
-5
-5
-4
-5
-5
-4
-7
-5
-6
-7
-8
-7
-8
-8
-6
-7
-7
-5
-5
-6
-5
-6
-8
-7
-5
-7
-7
-4
-4
-2
0
1
2
1
3
3
3
3
4
4
4
5
5
7
6
6
7
6
7
7
6
6
6
5
6
7
5
6
5
6
6
4
6
5
4
4
6
8
6
8
9
10
10
8
7
7
8
7
7
6
5
8
5
2
2
0
-1
-2
-3
-3
-4
-1
-4
-3
-2
-4
-3
-3
-5
-7
-5
-2
-4
-5
-5
-4
-5
-3
-4
-4
-2
-2
0
0
1
2
4
5
4
4
5
3
4
3
4
3
6
5
4
4
6
5
5
6
4
5
3
2
3
1
-1
-2
-2
-5
-5
-4
-5
-5
-4
-6
-7
-7
-7
-8
-8
-7
-7
-7
-6
-7
-9
-10
-8
-10
-11
-9
-8
-9
-9
-8
-7
-7
-6
-6
-6
-7
-3
-3
-4
-2
-2
-1
2
0
2
1
0
0
1
1
-1
-1
0
-1
-1
1
1
-1
-1
-2
-4
-2
-1
-3
-3
-4
-4
-3
-2
-2
-2
-1
0
-1
-1
-1
-1
1
2
2
5
6
7
8
7
4
7
8
7
9
11
9
9
12
10
8
8
9
7
6
8
7
5
6
7
5
6
5
6
7
5
4
7
6
5
7
6
6
6
6
5
6
5
7
7
5
5
6
7
6
5
5
2
2
2
0
-1
-2
-2
-3
-5
-7
-9
-10
-8
-7
-8
-7
-6
-6
-3
-3
-4
-4
-4
-5
-4
-5
-6
-6
-5
-3
-3
-4
-4
-5
-6
-6
-7
-7
-7
-6
-3
-4
-4
-5
-3
-2
-5
-5
-4
-4
-5
-5
-4
-5
-4
-4
-3
-4
-3
-3
-5
-4
-5
-6
-5
-3
-3
-3
-2
-3
-2
0
0
-4
0
-1
-5
-2
-1
0
0
3
3
0
-1
0
-3
-4
-3
-4
-5
-4
-3
-4
-4
-4
-3
-4
-6
-3
-1
-2
-2
-1
1
2
4
5
5
4
6
7
6
8
7
8
10
10
9
10
11
10
10
10
10
11
11
11
10
8
9
10
8
9
10
10
9
8
5
4
5
5
6
5
6
4
5
3
2
1
3
2
0
1
3
1
3
1
2
1
2
2
1
4
2
1
1
1
2
2
3
2
2
3
0
0
-1
-2
-5
-2
-3
-3
-2
-5
-4
-4
-6
-4
-3
-4
-4
-2
-4
-7
-7
-8
-9
-12
-10
-12
-13
-12
-11
-11
-11
-10
-14
-12
-12
-13
-12
-12
-11
-11
-9
-10
-10
-9
-8
-7
-8
-5
-6
-5
-2
-4
-2
-1
-2
-1
0
-1
-1
-1
-2
0
3
3
2
5
6
6
5
6
6
4
5
5
3
3
4
3
4
5
3
5
4
3
0
0
0
-1
0
-1
0
2
1
3
2
3
3
4
4
2
4
3
2
3
1
2
1
0
0
2
2
1
1
2
2
3
5
6
5
5
6
7
7
5
6
6
8
7
7
8
7
7
8
7
6
9
9
10
9
9
10
10
10
9
11
11
9
8
8
8
6
5
5
4
3
5
3
2
3
2
2
2
1
1
0
-1
-2
-3
-5
-5
-7
-9
-8
-8
-9
-9
-10
-9
-9
-10
-10
-11
-11
-11
-12
-12
-12
-12
-13
-12
-11
-10
-10
-10
-10
-9
-9
-9
-10
-8
-7
-7
-6
-5
-7
-9
-8
-6
-5
-5
-4
-4
-3
-2
-3
-3
-2
-1
-1
-1
-1
1
1
0
2
-1
0
1
-1
0
1
-2
-3
0
-2
-3
-1
-4
-3
-1
-1
-2
-1
0
-2
-2
0
-1
-1
-1
0
1
3
1
0
3
3
2
4
5
3
4
6
7
5
6
5
7
7
5
7
6
8
8
9
8
8
9
9
10
12
11
11
12
12
11
13
13
12
13
14
12
12
12
12
11
12
11
9
8
9
8
8
9
8
7
8
7
4
2
3
4
3
1
1
1
1
-1
0
-1
-1
0
-1
0
-1
-3
-3
-3
-4
-4
-4
-3
-4
-3
-4
-7
-6
-7
-9
-8
-8
-9
-12
-11
-11
-10
-11
-13
-14
-14
-13
-14
-15
-16
-15
-15
-15
-14
-15
-15
-13
-15
-15
-16
-16
-16
-16
-16
-15
-14
-14
-10
-10
-9
-9
-6
-6
-6
-5
-4
-3
-4
0
-2
-1
2
3
3
5
6
3
5
4
5
4
7
7
7
9
8
8
8
7
6
6
8
7
5
5
6
5
5
6
7
7
8
9
8
8
9
10
8
9
8
7
6
8
7
5
5
3
3
4
2
1
3
2
2
4
5
3
5
6
5
5
5
4
4
6
7
6
6
8
6
6
8
7
7
9
9
10
9
8
9
8
9
10
7
7
8
7
7
5
5
5
6
6
3
3
3
1
1
0
-1
1
-1
1
0
0
-2
-5
-5
-6
-9
-8
-7
-7
-10
-11
-10
-12
-11
-12
-12
-12
-11
-14
-11
-12
-15
-14
-14
-12
-12
-13
-13
-14
-11
-13
-13
-13
-13
-13
-12
-13
-13
-13
-12
-11
-12
-11
-11
-8
-9
-9
-8
-8
-7
-6
-4
-5
-5
-3
-1
-2
-1
1
-1
0
0
0
1
5
5
5
7
7
7
7
8
6
7
9
8
9
7
8
10
8
8
8
8
9
9
7
7
9
8
9
8
8
11
10
11
8
9
9
7
4
4
3
4
3
3
3
2
4
3
2
3
1
-1
1
1
-1
0
0
-1
0
0
1
1
2
2
1
3
2
1
4
3
4
6
5
5
6
5
5
4
2
3
3
4
4
3
6
4
3
4
5
4
4
7
6
8
8
5
6
7
4
6
7
6
4
4
2
1
2
-1
1
1
0
0
0
0
-4
-3
-3
-5
-5
-3
-3
-3
-3
-4
-6
-7
-7
-9
-9
-10
-13
-12
-14
-14
-17
-17
-19
-17
-17
-20
-19
-18
-19
-20
-20
-20
-19
-21
-20
-19
-21
-18
-18
-19
-20
-15
-15
-14
-16
-15
-15
-15
-12
-11
-9
-10
-6
-4
-3
-2
-1
1
1
2
5
4
8
12
10
12
15
16
17
18
19
19
19
23
22
21
23
23
23
25
25
25
23
25
24
24
23
20
22
22
22
21
19
19
18
13
12
10
11
10
7
7
7
5
2
1
0
-2
-4
-4
-4
-6
-4
-4
-6
-6
-6
-7
-7
-10
-10
-9
-12
-12
-12
-12
-12
-11
-12
-11
-11
-9
-9
-8
-7
-9
-7
-4
-5
-5
-3
-3
-3
-2
0
1
0
1
3
3
3
3
3
4
1
1
2
1
2
2
1
2
3
3
2
1
3
0
1
-1
-1
-2
-2
-1
-2
-1
-2
-4
-3
-4
-5
-6
-5
-8
-8
-6
-7
-7
-8
-7
-8
-6
-9
-9
-8
-9
-10
-10
-10
-11
-10
-9
-11
-8
-7
-10
-10
-9
-8
-9
-6
-6
-8
-6
-5
-7
-8
-7
-9
-7
-6
-6
-6
-4
-4
-2
1
1
2
3
4
5
5
7
6
7
9
9
11
12
12
12
13
14
14
16
16
16
17
18
18
16
15
14
15
16
16
16
15
15
14
15
13
11
10
8
8
7
6
5
3
4
4
2
2
0
0
0
0
-1
0
-2
-3
-3
-3
-4
-3
-2
-1
-1
-2
-3
-5
-6
-8
-8
-7
-9
-8
-5
-6
-6
-5
-5
-5
-5
-4
-7
-7
-6
-5
-4
-3
-2
-3
-1
0
-1
-2
0
0
-1
-2
-1
-1
1
-1
-1
-2
-1
2
-1
-1
1
0
-1
0
-1
-3
-1
-1
-3
0
-2
-1
0
1
-1
-2
-1
-1
-2
-4
-2
-5
-6
-4
-5
-6
-5
-4
-3
-4
-6
-6
-6
-8
-8
-9
-9
-8
-9
-9
-9
-12
-13
-13
-12
-14
-13
-13
-12
-12
-10
-9
-11
-10
-8
-9
-6
-3
-3
-3
0
0
1
2
5
6
7
10
11
13
15
15
15
18
18
20
22
23
24
24
25
23
23
24
24
24
24
25
23
25
23
21
21
19
16
15
17
15
14
13
14
12
8
6
4
1
-2
-3
-4
-5
-7
-7
-8
-7
-7
-9
-7
-7
-8
-9
-6
-8
-9
-9
-9
-12
-13
-11
-13
-14
-14
-16
-16
-16
-19
-20
-21
-20
-20
-21
-20
-20
-20
-19
-16
-15
-12
-8
-6
0
4
6
11
16
17
21
23
24
23
22
23
19
15
13
8
3
-6
-13
-24
-32
-44
-55
-66
-76
-85
-96
-99
-105
-111
-114
-117
-120
-118
-118
-116
-112
-106
-98
-88
-77
-67
-56
-43
-31
-19
-8
2
13
25
38
51
64
78
92
105
121
137
152
167
184
198
211
223
234
245
254
256
260
260
255
247
235
219
195
167
135
99
54
10
-37
-85
-133
-183
-231
-279
-326
-371
-412
-449
-484
-508
-529
-545
-551
-548
-536
-519
-492
-462
-424
-383
-333
-279
-221
-161
-98
-30
38
103
172
238
298
359
414
464
505
546
579
604
630
650
664
677
684
687
691
690
687
680
670
659
640
618
588
550
498
439
369
291
207
118
25
-69
-165
-254
-341
-423
-498
-568
-623
-673
-716
-748
-768
-779
-783
-777
-763
-752
-739
-720
-703
-685
-666
-639
-608
-576
-533
-482
-425
-360
-290
-221
-146
-73
-2
68
131
191
246
293
337
369
393
415
423
427
429
429
428
429
433
442
457
481
512
545
577
611
642
661
673
672
657
628
585
529
461
385
299
211
120
25
-66
-158
-248
-333
-413
-486
-545
-598
-644
-680
-703
-717
-724
-723
-717
-708
-694
-670
-648
-622
-581
-540
-490
-431
-375
-316
-256
-206
-159
-122
-95
-69
-54
-45
-40
-38
-36
-42
-45
-48
-53
-58
-60
-61
-58
-49
-33
-16
10
46
83
131
185
239
299
371
445
531
621
716
817
918
1017
1102
1174
1227
1259
1264
1245
1200
1134
1051
950
840
719
591
458
325
189
55
-73
-198
-318
-423
-519
-607
-676
-735
-786
-826
-861
-889
-918
-933
-941
-946
-939
-928
-907
-870
-830
-787
-738
-688
-638
-589
-541
-491
-446
-395
-346
-302
-258
-217
-185
-156
-130
-112
-95
-81
-69
-53
-31
-9
26
67
117
168
217
273
330
389
439
495
551
612
678
751
833
914
993
1070
1133
1180
1206
1207
1184
1138
1066
977
867
750
625
492
361
228
99
-33
-156
-279
-391
-499
-600
-688
-761
-830
-889
-928
-964
-989
-1005
-1012
-1012
-1006
-987
-956
-918
-871
-817
-763
-703
-647
-590
-540
-489
-441
-395
-344
-296
-251
-203
-161
-127
-96
-70
-54
-38
-26
-11
11
40
78
120
166
221
272
320
374
418
457
497
542
590
643
710
785
872
958
1043
1118
1171
1207
1224
1210
1169
1113
1034
939
838
727
613
496
379
260
141
22
-99
-208
-310
-408
-495
-569
-627
-675
-720
-753
-781
-803
-821
-833
-841
-834
-817
-799
-764
-720
-676
-629
-581
-533
-491
-449
-410
-379
-341
-305
-276
-247
-213
-181
-157
-134
-119
-110
-106
-102
-100
-96
-86
-71
-51
-22
12
45
88
132
172
214
260
307
360
415
480
555
638
724
808
886
958
1019
1058
1074
1070
1041
991
916
829
739
632
525
419
308
199
88
-21
-126
-221
-314
-400
-469
-531
-587
-644
-688
-735
-776
-812
-844
-869
-887
-895
-888
-871
-849
-818
-783
-746
-707
-669
-634
-597
-561
-516
-468
-417
-362
-306
-255
-204
-156
-114
-80
-52
-25
0
26
48
76
108
142
184
225
273
318
368
423
467
516
569
622
680
747
822
895
974
1048
1109
1153
1187
1205
1194
1165
1112
1039
953
859
752
644
527
405
285
162
37
-91
-213
-328
-437
-532
-609
-673
-728
-782
-828
-873
-920
-966
-1008
-1033
-1049
-1055
-1041
-1006
-964
-913
-855
-793
-735
-675
-621
-566
-512
-458
-391
-324
-249
-180
-112
-45
3
49
89
121
149
180
217
257
299
346
391
430
478
518
559
592
616
641
667
698
727
767
822
881
940
991
1043
1080
1094
1091
1057
1007
927
823
710
579
442
304
164
22
-117
-260
-392
-519
-636
-748
-845
-926
-992
-1038
-1076
-1098
-1114
-1130
-1146
-1161
-1170
-1169
-1164
-1142
-1101
-1053
-981
-896
-810
-715
-617
-525
-433
-338
-245
-157
-75
11
91
166
230
278
309
334
346
358
364
372
386
392
405
421
424
434
450
465
488
507
531
554
586
630
668
721
780
838
901
971
1025
1063
1091
1101
1083
1042
985
901
797
690
578
462
348
231
116
-3
-114
-221
-327
-426
-536
-623
-699
-761
-807
-856
-894
-916
-956
-982
-988
-1004
-996
-972
-941
-889
-829
-768
-704
-640
-580
-521
-464
-414
-376
-347
-316
-284
-252
-218
-183
-146
-115
-87
-51
-35
-25
1
22
35
43
75
124
176
229
293
347
390
431
476
528
580
629
696
785
865
949
1033
1103
1163
1214
1260
1299
1331
1323
1241
1103
946
772
608
455
285
113
-71
-251
-414
-575
-725
-850
-945
-1006
-1055
-1125
-1189
-1250
-1301
-1322
-1326
-1317
-1292
-1252
-1174
-1047
-906
-786
-672
-544
-445
-376
-322
-280
-249
-192
-110
-54
-9
54
71
43
9
-71
-141
-206
-266
-281
-265
-213
-165
-124
-40
132
419
836
1169
1323
1431
1515
1581
1691
1769
1819
1897
2009
2162
2218
2128
1879
1448
1000
602
122
-359
-774
-1127
-1388
-1559
-1662
-1826
-2040
-2207
-2341
-2303
-2069
-1814
-1464
-970
-403
136
557
895
1123
1229
1335
1413
1472
1499
1447
1348
1167
901
629
302
-31
-309
-613
-864
-1087
-1306
-1517
-1742
-1899
-1938
-1955
-1950
-1842
-1669
-1483
-1345
-1192
-921
-614
-298
65
476
948
1483
2189
3064
3573
3471
3140
2760
2381
2028
1706
1529
1404
1206
1060
803
206
-563
-1323
-1819
-2000
-2158
-2252
-2154
-2052
-2000
-1955
-1853
-1633
-1407
-1126
-645
-76
383
623
770
966
1050
1016
1016
1065
1103
993
787
581
200
-237
-433
-542
-610
-595
-648
-692
-771
-1020
-1258
-1432
-1569
-1524
-1428
-1341
-1203
-1249
-1435
-1475
-1300
-973
-611
-202
402
1086
1921
3203
4520
4969
4357
3479
2908
2480
2133
1970
1738
1227
624
266
-71
-979
-2064
-2315
-1934
-1784
-1953
-2029
-2007
-2165
-2199
-1733
-1177
-867
-508
38
472
457
209
252
486
630
921
1339
1529
1374
1063
849
621
248
86
298
534
582
470
329
121
-213
-409
-429
-516
-688
-886
-1166
-1581
-2040
-2278
-2286
-2283
-2235
-2082
-1761
-1201
-576
19
723
1902
3753
5385
5646
4714
3348
2046
1313
1157
1116
779
165
-285
-588
-1305
-2237
-2699
-2534
-1954
-1432
-1278
-1304
-1533
-1914
-1899
-1477
-1122
-826
-448
-138
-84
-340
-616
-568
-168
438
1069
1500
1578
1420
1176
915
720
567
547
797
1049
1066
970
800
587
430
262
61
-209
-615
-1091
-1516
-1908
-2238
-2360
-2287
-2152
-1951
-1706
-1432
-975
-386
201
769
1625
3262
5156
5965
5318
3832
2176
978
663
886
747
40
-498
-676
-1165
-2008
-2428
-2183
-1690
-1191
-886
-1038
-1587
-2157
-2269
-1911
-1667
-1486
-1061
-846
-1020
-1182
-1105
-730
-244
328
1132
1679
1633
1481
1389
1250
1222
1303
1428
1409
1174
1041
998
826
712
704
704
601
179
-395
-898
-1319
-1486
-1388
-1204
-1190
-1555
-1878
-1821
-1646
-1252
-421
551
1158
1558
2910
5054
6033
5174
3536
2034
974
462
678
848
-89
-1116
-1138
-1138
-1827
-2426
-2123
-1229
-860
-1072
-1279
-1851
-2656
-2736
-2228
-1864
-1745
-1624
-1487
-1662
-1949
-1742
-1118
-409
355
996
1307
1279
986
744
874
1098
1058
923
897
818
649
596
664
739
783
857
928
648
91
-240
-405
-655
-969
-1237
-1362
-1481
-1466
-1158
-1039
-979
-489
140
645
1190
2528
4965
6623
6204
4560
2411
623
88
701
1453
836
-561
-1040
-1361
-2044
-2160
-1728
-928
-280
-416
-902
-1746
-2800
-3019
-2483
-1974
-1721
-1742
-1908
-2273
-2690
-2491
-1743
-926
-81
654
1071
1091
808
603
511
461
608
697
434
59
4
322
643
833
1037
1173
1028
605
111
-308
-555
-586
-649
-930
-1291
-1595
-1658
-1482
-1353
-1093
-497
236
933
1268
1806
3988
6929
8017
6698
4208
1861
473
490
1696
1939
306
-732
-708
-1245
-1760
-1490
-735
38
237
10
-751
-2200
-2965
-2593
-2087
-1719
-1638
-1886
-2301
-2904
-2990
-2224
-1357
-523
317
754
722
406
311
571
698
687
527
31
-442
-550
-145
525
847
985
1115
1001
680
-15
-748
-951
-1040
-1205
-1413
-1980
-2497
-2596
-2277
-1665
-1370
-1197
-547
253
925
1237
1760
4109
7190
8277
7068
4581
1803
40
319
1736
1671
202
-462
-808
-1415
-1313
-750
-140
579
907
468
-757
-2156
-2823
-2755
-2287
-1858
-1867
-2183
-2775
-3362
-3195
-2429
-1496
-418
399
750
671
338
258
414
591
709
421
-157
-576
-768
-494
183
801
1352
1681
1334
453
-453
-991
-1049
-964
-1107
-1617
-2308
-2702
-2661
-2350
-1847
-1251
-498
223
680
1068
1174
1836
4838
8544
9482
7229
3817
948
-710
-242
1660
1520
-440
-916
-504
-586
-547
-79
927
1728
1656
1134
-359
-2349
-2970
-2385
-1622
-1374
-1825
-2314
-2974
-3567
-2913
-1594
-515
492
1116
1161
752
208
288
730
880
943
577
-534
-1506
-1611
-870
275
1160
1674
1819
1191
108
-798
-1367
-1480
-1419
-1707
-2248
-2835
-3242
-3128
-2625
-2037
-1313
-424
407
1019
1263
1087
1677
4620
8278
9130
6725
3381
505
-1268
-668
1282
1095
-802
-1137
-476
-404
-141
612
1333
1745
1756
1139
-584
-2531
-3143
-2759
-2271
-1947
-2211
-2884
-3432
-3455
-2543
-1253
-180
799
1339
1293
857
282
242
564
634
500
-109
-1122
-1721
-1625
-784
356
1133
1615
1671
1028
27
-935
-1480
-1546
-1683
-2108
-2781
-3480
-3699
-3277
-2468
-1689
-965
-230
155
422
919
1145
2111
5492
9203
9504
6404
2637
-306
-1761
-583
1641
1355
-475
-694
-145
27
734
1807
2565
2860
2552
1405
-760
-2719
-3117
-2586
-1845
-1332
-1712
-2576
-3157
-2982
-1817
-350
843
1639
1735
1395
955
549
614
847
744
344
-497
-1445
-1857
-1559
-430
976
1813
2005
1657
868
-114
-978
-1451
-1657
-1989
-2649
-3377
-3772
-3848
-3522
-2566
-1457
-702
-156
207
434
540
296
796
3855
8179
9925
7430
2992
-619
-2672
-2004
1041
2071
60
-1100
-514
143
677
1654
2692
2761
2272
1466
-697
-3060
-3855
-3543
-2584
-1616
-1636
-2329
-3038
-3022
-1719
-8
1274
1952
1880
1491
846
34
46
704
950
548
-545
-1900
-2625
-2192
-637
1028
1963
2260
1887
870
-358
-1380
-1865
-1811
-1818
-2449
-3431
-4132
-4349
-4029
-3131
-1825
-523
293
604
488
90
-239
-454
1312
6376
10428
9455
5017
359
-2510
-2916
-453
2550
1709
-687
-329
616
807
1548
2333
2880
2877
1939
254
-2291
-4078
-3827
-2871
-1763
-1047
-1700
-2582
-2686
-1851
60
1736
2245
2202
1815
1083
427
207
667
1360
1329
328
-1135
-2298
-2178
-681
1117
2546
3168
2668
1689
412
-1047
-1803
-1942
-2053
-2431
-3298
-4056
-4330
-4226
-3336
-1954
-729
218
640
559
152
-316
-587
-152
3000
8136
10331
7618
2702
-1373
-3286
-2491
754
2460
507
-608
522
1055
1245
1834
2229
2330
1996
879
-1413
-3868
-4503
-3837
-2894
-1610
-1308
-2180
-2572
-2051
-679
1045
1969
2086
1811
1259
640
75
183
948
1338
962
-169
-1552
-2095
-1264
459
2076
3020
3077
2086
488
-1190
-2337
-2341
-1968
-2205
-3002
-4014
-4504
-4241
-3463
-2112
-635
459
1001
782
-43
-1006
-1521
-1347
-61
3947
9002
9829
5614
384
-2940
-3734
-1776
1852
2883
403
-568
525
620
832
1677
1909
1923
1340
-380
-2717
-4684
-4829
-3687
-2468
-1141
-1012
-2059
-2087
-1104
377
2023
2525
2165
1846
1309
727
389
526
1311
1772
1047
-491
-1808
-1754
-148
1715
2854
3284
2860
1717
346
-1145
-2041
-1922
-1640
-1702
-2320
-3309
-3743
-3420
-2453
-889
479
1012
811
209
-495
-1019
-1149
-1036
685
5517
9916
9272
4548
-555
-3565
-3401
38
3513
2553
-278
-407
210
229
991
1470
1376
1259
307
-1658
-3981
-5234
-4607
-3224
-1603
-491
-1220
-2193
-1754
-546
1160
2477
2428
1788
981
206
-86
-166
321
1236
1241
134
-1485
-2334
-1281
661
2291
3260
3168
2278
1033
-446
-1748
-2327
-2026
-1649
-1993
-2825
-3564
-3642
-2957
-1800
-471
473
680
298
-364
-1000
-1377
-1458
-1149
1313
6733
10512
8597
3306
-1332
-3340
-2221
1337
3667
1298
-1746
-1108
66
256
905
1013
826
875
-118
-2120
-4187
-5001
-3888
-2253
-887
-415
-1596
-2425
-1614
-266
1213
2024
1558
927
505
-60
-401
-292
331
1209
1214
-49
-1473
-1828
-627
1252
2335
2785
2930
2233
984
-560
-1987
-2249
-1778
-1562
-1790
-2502
-3032
-2884
-2302
-1351
-247
659
1111
875
198
-690
-1410
-1616
-1006
2571
8455
10973
8047
2701
-1746
-3126
-1435
2015
3586
952
-1158
-444
-39
352
1070
1185
1683
1458
-365
-2327
-3929
-4194
-2931
-1609
-469
-488
-1888
-2251
-1316
-53
1468
2027
1506
929
94
-572
-619
-174
963
1874
1411
-56
-1419
-1456
-125
1371
2314
2650
2444
1466
-154
-1722
-2728
-2625
-1631
-1220
-1754
-2624
-3181
-2893
-2260
-1449
-347
226
217
-27
-745
-1574
-1958
-1916
-891
3052
8746
10737
7234
1919
-1934
-3172
-1596
1880
3123
144
-1831
-872
-296
273
1245
1561
1799
1147
-584
-2247
-3667
-3787
-2775
-1877
-842
-936
-2309
-2372
-1231
150
1765
2302
1642
841
36
-324
-187
130
977
1600
860
-614
-1701
-1600
-303
999
1813
2477
2457
1360
-264
-1893
-2769
-2440
-1621
-1259
-1739
-2626
-3058
-2874
-2343
-1468
-511
28
95
-103
-775
-1711
-1892
-1609
-735
3111
8708
10620
7169
1952
-1655
-2999
-1476
2253
3190
303
-1067
-260
225
913
1558
1659
1785
1264
-74
-1731
-3218
-3516
-2757
-1481
-241
-532
-1654
-1644
-722
719
2276
2680
2021
1121
401
105
77
540
1540
2007
1179
-503
-1753
-1483
-68
1437
2440
2786
2338
1052
-555
-1836
-2380
-1983
-1195
-937
-1456
-2340
-2920
-2961
-2436
-1403
-463
-139
-330
-772
-1339
-1936
-2008
-1671
-1083
2112
7784
10657
8037
2742
-1483
-3168
-2210
1069
2781
334
-1750
-1219
-461
449
1275
1260
1232
922
-76
-1593
-3286
-3923
-3426
-2300
-897
-927
-2133
-2369
-1532
50
1764
2231
1614
667
-164
-328
-162
340
1354
1688
863
-643
-2077
-1995
-546
1030
2402
3003
2536
1280
-521
-1799
-2045
-1763
-1158
-924
-1427
-2149
-2890
-3146
-2454
-1280
-236
100
-374
-965
-1251
-1419
-1441
-1072
-730
714
5293
9881
9514
5155
623
-2085
-2577
-702
2110
1779
-948
-1221
-101
424
1400
1648
1207
1158
506
-567
-1887
-3356
-3548
-2819
-1726
-706
-1305
-2053
-1219
-17
1246
2188
1803
1060
584
271
436
746
1255
1724
1139
-124
-1175
-1569
-864
510
1937
2967
3022
1991
245
-1182
-1590
-1339
-783
-560
-1084
-1908
-2811
-3202
-2695
-1719
-499
265
109
-414
-1036
-1572
-1665
-1505
-1230
659
5559
9984
9420
4981
278
-2705
-3035
-550
2350
1728
-972
-1398
-349
519
1499
1719
1441
1313
515
-901
-2550
-3879
-3896
-2878
-1577
-1002
-1847
-2385
-1444
-68
1313
2162
1715
749
121
-170
-144
233
962
1487
949
-571
-1955
-2242
-1304
266
1629
2521
2521
1328
-81
-1071
-1627
-1531
-1115
-790
-1107
-2199
-3194
-3651
-3321
-2218
-1236
-638
-461
-703
-748
-925
-1553
-1853
-1624
-528
3056
8254
10403
7234
2102
-1371
-2638
-1761
998
2487
590
-1284
-722
391
1164
1485
1262
1401
1322
205
-1393
-3118
-4002
-3414
-2190
-902
-650
-1516
-1457
-188
1166
2239
2341
1629
996
430
307
608
815
1206
1305
378
-924
-1709
-1368
-34
1358
2520
3110
2466
1021
-361
-1118
-1056
-716
-467
-496
-1415
-2798
-3653
-3539
-2508
-1388
-600
-58
-253
-667
-802
-1208
-1366
-1138
-810
1358
6132
9948
9169
4708
191
-2413
-2875
-717
2153
1633
-786
-1134
-226
640
1206
1055
1183
1254
341
-926
-2684
-4198
-4236
-3218
-1653
-793
-1446
-1663
-678
399
1393
1844
1410
863
464
333
496
441
622
918
356
-715
-1700
-1964
-935
574
1818
2651
2485
1506
309
-712
-1060
-959
-752
-634
-1286
-2507
-3474
-4043
-3762
-2553
-1262
-283
-26
-358
-645
-1089
-1517
-1398
-1083
-63
3418
8262
10063
6999
2050
-1612
-3236
-2382
968
2832
596
-1555
-1097
-159
680
1310
1376
1233
542
-556
-1856
-3486
-4239
-3582
-2086
-592
-617
-1495
-1223
-87
1102
2043
2062
1343
520
72
203
394
574
917
863
82
-1169
-1976
-1498
-84
1510
2747
3177
2566
1228
28
-597
-755
-574
-380
-658
-1680
-3114
-4121
-4058
-2901
-1243
-77
202
0
-170
-184
-253
-601
-849
-722
555
4519
9039
9779
6227
1252
-2173
-3123
-1798
1310
2489
261
-1187
-692
94
974
1236
1267
1482
704
-613
-2121
-3742
-4123
-3324
-1819
-226
-257
-878
-446
221
847
1437
1432
989
420
132
191
78
177
588
462
-345
-1349
-1898
-1382
-8
1604
2853
3138
2257
623
-623
-934
-843
-733
-878
-1728
-3059
-4192
-4525
-3816
-2512
-1244
-322
182
291
284
54
-517
-873
-858
-426
1633
5600
8774
8089
4117
-59
-2680
-3074
-828
1799
1590
-278
-831
-173
646
1190
1082
893
671
-156
-1382
-2842
-4056
-4135
-3015
-1300
-130
-265
-590
-290
184
733
1106
869
437
209
72
-1
-38
111
513
453
-489
-1397
-1538
-704
885
2256
2979
2884
1696
243
-717
-1188
-1157
-1049
-1337
-2079
-3240
-4261
-4244
-3225
-1807
-402
481
776
821
556
55
-440
-890
-848
-254
1540
5494
8937
8549
5013
762
-2051
-2583
-785
2069
2392
377
-409
-25
504
1104
1256
1447
1307
312
-849
-2335
-3677
-3713
-2650
-869
445
80
-551
-474
-191
364
943
1065
874
486
171
-76
-368
-185
393
437
-314
-1140
-1349
-745
551
2083
3096
3010
1767
230
-685
-1104
-1295
-1332
-1689
-2445
-3364
-4246
-4334
-3507
-2195
-350
1211
1628
1161
61
-911
-1199
-1205
-933
-430
1238
5089
8264
7781
4317
95
-2494
-2480
-178
2396
2064
-159
-1039
-630
255
1001
900
737
479
-373
-1391
-2666
-3724
-3541
-2298
-576
353
-281
-954
-919
-625
93
707
692
507
228
-3
-134
-326
-124
355
300
-259
-817
-969
-315
756
1752
2532
2470
1440
158
-877
-1539
-1878
-1917
-1930
-2462
-3342
-3979
-3759
-2591
-1162
187
1083
1192
880
302
-327
-824
-1288
-1015
-87
1467
4969
8423
8333
5120
1234
-1397
-2075
-629
2228
2752
323
-999
-565
200
1005
1185
1072
641
-320
-942
-1703
-2707
-3028
-2412
-744
486
32
-623
-827
-704
21
851
1296
1039
475
302
52
-240
-6
342
402
29
-558
-711
-242
663
1775
2631
2622
1513
-66
-1259
-1857
-2023
-1895
-1891
-2381
-3113
-3638
-3482
-2400
-989
260
1225
1390
819
58
-837
-1485
-1560
-1158
-307
1351
4754
8298
8338
4977
1151
-1492
-2106
-445
1955
2180
26
-1241
-604
262
828
959
602
264
-242
-964
-1734
-2752
-3298
-2534
-1085
-108
-341
-1180
-1367
-999
-394
455
763
455
224
25
-108
-208
-289
46
278
-112
-630
-913
-525
471
1358
2098
2155
1088
-191
-1183
-1818
-2015
-2048
-2079
-2297
-2802
-3281
-3303
-2422
-1010
244
1110
1204
578
-212
-903
-1325
-1547
-1344
-393
1514
5082
8573
8563
5400
1674
-1057
-1818
-502
1663
1981
8
-1096
-626
45
983
1394
1011
694
65
-652
-1334
-2551
-3105
-2314
-1075
-120
-278
-1075
-1227
-832
-48
946
1250
1012
748
387
83
-128
-145
196
517
468
-5
-488
-452
148
1166
2066
2339
1793
430
-783
-1360
-1748
-1808
-1844
-2235
-2505
-2753
-2727
-2024
-1183
-109
935
1163
837
3
-1014
-1376
-1220
-605
274
1236
3503
6644
8018
6374
3016
-12
-1833
-1795
401
1790
408
-1135
-1153
-331
721
1267
1020
391
-249
-568
-985
-1839
-2673
-2959
-2243
-1014
-666
-1039
-1178
-1070
-609
330
1070
1074
655
256
6
-252
-402
-188
136
160
-168
-583
-587
-98
555
1321
1807
1465
485
-601
-1431
-1925
-2122
-2121
-2232
-2477
-2646
-2650
-2227
-1324
-382
439
941
823
260
-596
-1305
-1344
-889
-43
966
2357
4885
7091
6863
4629
1746
-711
-1770
-874
856
883
-463
-930
-496
320
1072
920
361
37
-198
-385
-838
-1851
-2894
-2984
-2012
-1084
-896
-933
-723
-351
227
951
1156
831
617
491
344
212
95
248
390
106
-268
-454
-246
390
1102
1732
1807
1071
136
-565
-1059
-1447
-1727
-1807
-1879
-2041
-2165
-2123
-1618
-782
120
878
980
424
-277
-730
-716
-498
-100
502
1337
3363
6060
7034
5443
2541
-50
-1458
-1304
280
1265
554
-272
-330
197
759
542
134
92
7
-95
-575
-1619
-2679
-3252
-2625
-1261
-615
-570
-514
-371
23
405
659
773
514
248
189
-27
-298
-296
-89
-10
-181
-413
-452
-114
439
992
1377
1160
402
-411
-1155
-1715
-2130
-2365
-2193
-1970
-1914
-1870
-1726
-1281
-559
150
540
212
-588
-1064
-1018
-726
-370
111
784
1957
4197
6428
6536
4401
1518
-758
-1597
-810
882
1468
368
-562
-562
-139
392
447
294
307
-4
-414
-996
-2183
-3100
-3044
-2158
-971
-394
-372
-347
-323
-37
550
861
804
591
351
64
-273
-330
-140
90
259
113
-140
-196
61
818
1609
1953
1592
460
-591
-1254
-1827
-2015
-1947
-1860
-1689
-1693
-1625
-1238
-779
-125
583
829
523
-66
-616
-791
-573
-91
692
1799
3559
5650
6372
4962
2586
289
-1099
-818
681
1514
762
-344
-751
-579
-68
446
526
297
13
-456
-1147
-1900
-2657
-3003
-2465
-1386
-557
-256
-322
-454
-409
-96
373
602
555
451
166
-151
-229
-163
69
220
74
-116
-130
180
779
1444
1832
1510
549
-448
-1104
-1404
-1556
-1692
-1728
-1775
-1762
-1516
-1133
-742
-329
71
381
411
-29
-611
-896
-772
-285
308
869
2010
3880
5403
5344
3629
1459
-269
-939
102
1258
664
-503
-1046
-938
-250
277
206
-189
-646
-755
-834
-1437
-2214
-2877
-2929
-1964
-958
-578
-519
-652
-684
-313
117
245
199
151
106
21
-184
-271
-76
11
-43
-11
-133
-72
484
1149
1725
1707
900
-39
-814
-1304
-1343
-1363
-1429
-1430
-1499
-1379
-1050
-749
-350
124
394
393
138
-262
-416
-231
23
420
852
1224
2319
4212
5615
5540
3900
1744
181
-419
314
1320
954
-14
-483
-549
-214
34
-154
-342
-552
-602
-522
-989
-1819
-2379
-2374
-1567
-564
-120
-106
-417
-709
-576
-251
36
304
382
222
10
-135
-128
98
248
126
16
0
169
560
890
1023
778
134
-414
-759
-1085
-1345
-1572
-1658
-1538
-1323
-1113
-967
-879
-717
-430
-178
-134
-267
-434
-427
-209
-27
286
822
1556
3137
4992
5487
4486
2759
1031
-95
-217
697
1101
268
-385
-668
-931
-792
-663
-643
-530
-554
-599
-925
-1637
-2215
-2438
-2006
-1102
-654
-632
-800
-1137
-1172
-806
-336
20
209
317
125
-192
-152
66
317
421
304
134
-48
26
350
645
857
658
150
-260
-740
-1043
-1063
-1105
-999
-905
-964
-862
-772
-677
-473
-341
-176
2
-75
-132
42
251
457
788
1136
1961
4229
6631
6648
4087
711
-1696
-2215
-688
1906
2297
337
-901
-1327
-1206
-340
-165
-319
-228
-406
-474
-1025
-2053
-2539
-2411
-1259
211
410
-128
-758
-1216
-952
-320
193
416
314
167
24
-82
75
450
797
749
394
21
-289
-173
368
784
859
526
-67
-517
-892
-1107
-1071
-1017
-839
-607
-674
-769
-809
-821
-554
-243
-27
103
-1
-71
29
216
524
860
1368
1923
2475
3344
3855
3444
2449
1127
81
-294
-73
396
301
-185
-561
-922
-897
-757
-790
-568
-411
-438
-579
-1228
-1920
-2224
-2061
-1334
-695
-472
-500
-691
-717
-555
-341
-105
6
165
306
291
367
300
119
46
-83
-127
-93
-123
20
158
130
30
-183
-296
-254
-311
-413
-522
-726
-864
-929
-996
-947
-791
-663
-434
-165
-64
-47
-31
188
719
1212
1516
1856
2503
3458
3821
3315
2434
1249
321
280
692
814
288
-313
-537
-595
-564
-576
-719
-746
-725
-703
-749
-1205
-1752
-1954
-1696
-1108
-696
-523
-432
-553
-584
-520
-512
-336
-73
263
558
484
340
253
115
147
122
75
174
160
181
204
7
-79
-69
-71
-48
-241
-461
-621
-799
-723
-674
-816
-769
-725
-633
-398
-277
-163
13
170
409
689
1019
1383
1641
1949
2360
2705
2882
2705
2116
1442
878
556
641
730
452
127
-72
-138
-141
-256
-401
-522
-658
-717
-937
-1292
-1591
-1803
-1654
-1209
-930
-833
-722
-613
-506
-409
-309
-205
-141
-41
78
31
-138
-182
-120
-82
-82
-128
-206
-229
-166
-39
-48
-231
-366
-458
-572
-630
-724
-766
-643
-566
-541
-533
-610
-642
-547
-389
-153
101
258
283
329
475
727
1091
1511
1880
2082
2096
1969
1746
1394
955
691
658
616
543
433
215
-23
-169
-162
-146
-264
-419
-688
-987
-1149
-1314
-1456
-1448
-1305
-1040
-779
-660
-615
-571
-447
-202
56
203
234
184
122
111
146
178
180
181
169
99
-18
-108
-111
-56
-34
-84
-176
-266
-360
-375
-257
-183
-186
-199
-281
-423
-520
-493
-302
14
289
407
379
348
403
594
954
1241
1333
1361
1265
1039
974
993
932
857
768
639
461
311
286
270
253
344
396
293
66
-237
-486
-616
-671
-691
-759
-854
-882
-860
-784
-635
-434
-225
-95
-93
-85
-124
-283
-384
-298
-162
-115
-76
-80
-227
-383
-419
-335
-197
-96
-93
-195
-343
-438
-463
-386
-206
-107
-101
-142
-228
-272
-246
-210
-111
82
228
302
303
253
263
349
552
782
826
727
597
458
395
388
331
223
110
77
114
111
65
-27
-98
-91
-35
27
30
-86
-236
-353
-438
-497
-592
-645
-621
-531
-390
-248
-172
-165
-161
-132
-111
-99
-109
-115
-69
-63
-119
-145
-144
-141
-97
-46
-34
-43
-28
-38
-105
-146
-124
-80
5
134
167
158
167
115
80
93
128
197
290
421
540
542
487
433
406
503
625
679
706
653
520
399
280
180
128
93
109
155
106
-6
-76
-126
-119
-51
20
66
46
-21
-99
-231
-354
-432
-447
-375
-291
-229
-183
-176
-175
-134
-106
-125
-154
-168
-184
-223
-259
-278
-310
-331
-316
-269
-236
-245
-239
-183
-138
-123
-83
-49
-36
-5
22
30
26
35
51
87
145
192
206
250
287
325
358
353
325
297
293
305
333
348
342
285
210
118
7
-82
-122
-124
-123
-111
-127
-178
-227
-245
-193
-119
-62
-14
-11
-86
-220
-341
-421
-429
-341
-238
-163
-128
-147
-160
-124
-76
-44
-34
-56
-86
-107
-133
-158
-190
-212
-206
-181
-156
-141
-163
-154
-85
-14
51
91
127
164
161
153
170
154
136
145
128
132
184
260
338
378
415
436
380
322
307
296
310
350
356
317
221
107
22
-17
7
47
64
63
39
-38
-104
-89
-59
-27
19
43
19
-46
-148
-258
-325
-324
-264
-203
-151
-138
-192
-217
-136
-48
-9
-19
-77
-139
-176
-197
-191
-195
-227
-246
-249
-246
-220
-186
-135
-48
41
104
112
91
86
105
118
146
170
156
148
144
148
198
257
313
378
412
423
413
358
303
278
260
253
241
230
186
89
15
-44
-79
-54
-21
-9
-11
-62
-115
-140
-161
-178
-157
-130
-127
-146
-177
-254
-339
-379
-374
-334
-270
-233
-260
-272
-253
-228
-209
-204
-227
-245
-233
-220
-227
-248
-282
-310
-318
-310
-280
-243
-177
-112
-70
-22
24
45
82
109
104
98
119
149
157
170
201
238
264
312
376
409
425
448
445
399
356
336
327
333
342
307
252
182
105
82
81
90
96
87
77
43
8
1
-9
-7
14
25
21
0
-55
-130
-184
-204
-198
-181
-182
-194
-191
-184
-175
-144
-130
-141
-147
-142
-143
-162
-170
-181
-209
-225
-239
-244
-216
-157
-111
-64
-1
53
89
110
119
89
61
64
83
108
149
192
204
209
225
262
307
360
409
419
393
348
280
227
209
195
192
173
99
8
-61
-112
-118
-110
-97
-75
-79
-115
-173
-207
-210
-204
-183
-159
-159
-195
-254
-319
-364
-382
-359
-327
-312
-307
-305
-290
-272
-258
-228
-190
-165
-149
-131
-145
-183
-199
-193
-173
-135
-105
-77
-44
-13
30
63
87
123
142
144
137
123
129
170
234
298
331
340
349
362
388
420
454
473
467
441
394
342
300
277
277
260
203
139
72
38
26
17
20
15
0
-30
-71
-95
-130
-159
-157
-146
-142
-167
-213
-293
-358
-370
-376
-375
-372
-370
-357
-337
-304
-261
-241
-226
-205
-201
-203
-219
-253
-252
-221
-186
-142
-109
-93
-70
-42
-9
34
70
103
135
159
165
167
168
202
284
345
375
393
401
424
458
485
513
532
517
492
459
401
351
321
305
290
241
165
99
47
26
30
46
46
23
-16
-60
-108
-156
-187
-191
-184
-193
-212
-245
-305
-348
-359
-361
-362
-369
-377
-380
-384
-377
-364
-355
-336
-318
-327
-333
-334
-343
-337
-309
-269
-244
-213
-180
-159
-142
-123
-82
-55
-34
-7
3
8
7
32
76
133
198
245
271
287
302
341
385
411
433
454
467
450
411
371
336
309
301
287
243
198
158
136
132
122
106
96
87
73
40
-1
-31
-44
-48
-52
-71
-105
-151
-208
-234
-243
-266
-282
-284
-290
-286
-282
-285
-285
-275
-255
-250
-274
-288
-293
-287
-249
-198
-142
-99
-76
-48
-36
-35
-27
-18
0
23
41
62
82
103
146
196
243
291
321
351
387
415
438
451
451
463
474
468
443
400
354
320
298
272
236
192
157
125
98
77
61
41
31
17
-19
-62
-109
-152
-182
-199
-211
-227
-248
-267
-291
-308
-319
-333
-343
-342
-335
-328
-327
-321
-319
-325
-334
-337
-329
-319
-298
-273
-248
-211
-176
-149
-142
-144
-138
-134
-125
-110
-86
-65
-58
-50
-36
-17
23
71
104
129
149
173
201
229
247
257
265
264
262
252
230
199
188
199
203
193
174
159
128
101
97
92
93
100
106
110
103
74
47
29
17
0
-5
-8
-12
-19
-26
-23
-34
-51
-55
-59
-58
-44
-43
-49
-68
-84
-95
-105
-107
-95
-75
-55
-34
-17
-11
-29
-38
-43
-55
-59
-57
-57
-59
-61
-57
-54
-40
-16
12
33
49
61
75
96
106
110
120
129
127
137
142
128
111
95
96
98
80
72
61
38
34
26
20
23
17
19
23
18
10
-9
-28
-39
-46
-54
-55
-43
-41
-41
-38
-43
-58
-81
-94
-96
-82
-76
-75
-91
-108
-117
-122
-116
-111
-107
-91
-65
-47
-37
-49
-61
-66
-69
-64
-61
-65
-74
-78
-75
-81
-75
-65
-52
-17
13
35
59
74
82
90
94
102
98
91
96
93
84
77
69
73
82
86
85
71
49
28
20
20
20
21
17
9
-1
-15
-31
-53
-56
-59
-60
-50
-45
-45
-35
-35
-42
-49
-53
-54
-58
-54
-61
-72
-81
-84
-80
-75
-72
-65
-52
-26
2
15
19
14
7
7
7
2
-5
-6
-3
10
20
21
30
47
68
94
116
126
133
132
135
136
130
137
146
153
149
138
127
121
118
119
119
105
90
79
68
62
63
61
55
50
39
23
8
-9
-22
-37
-40
-38
-52
-52
-49
-52
-56
-62
-80
-92
-91
-90
-86
-91
-100
-108
-112
-114
-114
-118
-117
-111
-105
-94
-85
-87
-83
-78
-75
-72
-73
-73
-69
-66
-61
-53
-54
-53
-53
-45
-24
-7
14
32
31
33
30
25
34
42
49
52
54
55
56
58
60
59
56
47
39
36
28
29
32
32
28
18
16
10
7
9
8
4
4
-3
-10
-13
-15
-18
-14
-17
-24
-23
-21
-18
-22
-27
-30
-33
-36
-34
-37
-37
-36
-34
-25
-20
-14
-11
-6
-4
-1
0
1
3
3
4
5
7
5
6
4
10
28
43
53
54
51
45
42
48
56
62
65
72
76
73
73
69
63
53
47
44
45
46
50
48
41
35
29
28
29
31
30
26
18
11
3
-2
2
4
2
1
-3
-18
-24
-26
-21
-15
-12
-17
-26
-32
-40
-43
-43
-38
-39
-42
-42
-42
-42
-41
-40
-35
-31
-26
-25
-25
-22
-26
-24
-21
-24
-26
-25
-17
-6
5
9
8
3
1
0
1
5
5
2
4
7
9
11
8
-4
-11
-14
-18
-21
-24
-24
-29
-34
-35
-35
-35
-31
-29
-31
-31
-28
-28
-30
-36
-36
-40
-41
-39
-41
-38
-33
-28
-21
-17
-16
-17
-23
-24
-22
-16
-5
1
1
-4
-7
-6
0
9
17
24
30
31
32
31
29
27
28
26
28
35
39
44
46
45
41
39
39
38
41
44
48
53
53
52
53
50
48
42
37
34
33
31
27
23
17
18
15
15
18
18
14
11
9
5
7
6
4
1
-4
-6
-7
-8
-8
-12
-12
-10
-8
-7
-11
-15
-18
-17
-16
-12
-12
-15
-22
-27
-29
-30
-24
-17
-15
-10
-9
-7
-8
-11
-11
-12
-10
-5
0
4
6
5
5
4
5
6
7
6
4
4
3
3
5
7
7
7
5
3
-4
-10
-11
-12
-10
-11
-12
-14
-18
-18
-14
-14
-14
-16
-16
-14
-17
-20
-26
-30
-32
-32
-30
-29
-34
-35
-32
-30
-29
-30
-33
-36
-36
-33
-29
-24
-25
-24
-24
-25
-19
-13
-8
-2
1
1
2
3
3
5
7
12
15
15
22
22
21
24
25
29
32
31
30
28
28
33
35
40
43
43
41
40
35
31
26
26
27
28
28
26
23
21
20
18
18
16
14
12
13
13
7
4
2
-1
0
3
3
1
-1
-4
-5
-4
-4
-6
-11
-13
-11
-9
-6
-11
-13
-17
-20
-16
-12
-8
-5
0
3
0
0
-1
-2
-1
3
5
5
5
6
4
6
11
13
13
12
12
10
9
13
15
13
16
18
17
14
10
9
9
4
5
6
6
3
0
-2
-3
-3
-5
-4
-6
-9
-9
-12
-14
-15
-18
-22
-25
-23
-22
-23
-22
-25
-26
-25
-26
-28
-33
-37
-32
-32
-30
-30
-30
-30
-31
-30
-30
-27
-24
-21
-20
-19
-20
-21
-20
-20
-15
-13
-13
-11
-10
-12
-12
-10
-7
-5
-3
-1
0
2
3
9
13
16
16
16
15
15
13
15
15
17
20
20
20
20
19
19
18
19
19
20
22
20
19
17
18
15
15
16
18
20
21
20
17
18
17
16
12
9
8
7
8
10
10
11
13
9
7
6
8
6
9
12
13
11
12
14
11
11
12
12
12
14
15
14
14
13
12
11
8
8
9
7
9
8
8
8
5
5
4
5
3
0
-1
-4
-7
-7
-6
-11
-14
-16
-15
-15
-14
-13
-14
-18
-17
-19
-22
-25
-24
-25
-23
-18
-18
-19
-20
-23
-23
-23
-24
-25
-27
-24
-21
-20
-21
-19
-19
-20
-17
-17
-14
-15
-15
-14
-15
-14
-11
-8
-6
-5
-1
-2
-2
-4
-6
-9
-8
-7
-8
-9
-6
-1
-1
-2
-1
1
3
4
5
8
9
2
-1
-1
-3
0
1
6
7
2
2
1
1
6
8
6
10
9
9
8
9
5
1
7
11
11
12
9
9
7
6
10
9
7
14
14
16
19
18
16
12
8
16
16
10
18
21
22
26
28
27
27
29
33
30
28
26
26
19
16
16
20
22
23
25
29
28
23
21
25
24
24
30
30
34
26
15
16
10
7
14
11
20
15
8
14
10
7
5
1
0
-1
-4
0
-11
-10
-15
-24
-19
-20
-19
-19
-20
-17
-21
-35
-39
-45
-44
-40
-38
-34
-38
-39
-42
-52
-58
-58
-60
-52
-41
-41
-33
-36
-37
-33
-36
-30
-24
-30
-26
-22
-34
-33
-40
-42
-31
-35
-28
-16
-11
-6
-3
-3
-3
-1
-6
2
-2
4
8
2
-5
0
-10
-16
-8
-9
6
11
12
18
7
-3
-6
-11
-6
-6
-3
7
3
-8
-7
-6
-12
-14
-3
2
0
-1
0
1
-12
-11
-5
-3
1
1
4
12
1
2
7
6
13
21
30
40
43
45
38
38
36
29
35
37
45
47
36
40
35
36
37
37
58
59
63
59
54
52
41
43
41
51
58
44
50
38
9
12
11
18
39
57
67
45
17
24
6
-36
-27
22
14
33
48
24
17
-20
-77
-68
-56
8
22
-69
203
209
-79
-106
-74
-149
-268
-209
183
96
-118
113
96
-123
-260
-125
-16
-102
-78
154
122
4
-42
-10
-70
-121
-44
29
23
52
51
3
-47
-116
-89
-66
-44
-1
46
48
5
-58
-86
-111
-112
-70
-5
31
42
35
-5
-49
-73
-94
-48
-15
17
54
49
31
-6
-58
-60
-48
-39
5
33
40
37
8
-24
-45
-54
-37
-14
7
32
31
16
2
-32
-49
-33
-20
-10
14
39
40
16
15
8
1
0
27
49
45
56
54
35
16
10
9
11
19
36
42
37
43
31
18
15
19
31
28
30
37
43
28
23
18
29
14
19
36
32
30
41
56
32
19
39
29
10
18
37
37
14
22
35
6
-11
4
8
-2
0
24
19
-2
-2
-2
-14
-25
-5
3
-1
7
6
-9
-27
-26
-18
-18
-12
4
13
10
3
3
-11
-17
-33
-19
-16
-7
-6
-7
-12
-25
-40
-42
-34
-34
-21
-8
3
-14
-28
-37
-33
-49
-44
-22
-13
-15
-20
-22
-36
-49
-48
-28
-30
-10
4
2
-9
-20
-27
-28
-27
-29
-8
-11
-9
-10
-30
-31
-36
-40
-24
-25
-9
1
-16
-11
-15
-13
-11
-13
4
8
-5
3
5
-6
-12
0
8
8
18
25
34
28
26
28
16
11
18
15
13
14
18
18
17
21
26
23
26
36
28
24
30
29
22
19
23
26
11
8
12
3
0
7
18
20
6
11
21
4
-4
4
9
0
-2
7
-1
-15
-13
-7
-7
-13
4
12
1
5
6
6
-2
1
14
11
9
16
18
13
7
7
9
12
15
16
23
30
32
27
24
27
14
6
14
20
14
9
13
19
2
-3
8
7
3
6
17
13
1
0
3
-7
-10
-6
-7
-7
-13
-13
-19
-27
-21
-20
-26
-23
-16
-23
-24
-25
-27
-31
-39
-30
-31
-38
-34
-30
-31
-33
-30
-29
-29
-27
-22
-21
-19
-13
-15
-12
-15
-14
-19
-22
-18
-21
-20
-13
-9
-5
0
-1
5
2
3
4
-2
-3
0
-3
-3
-4
-2
0
-1
1
4
2
3
6
6
10
6
6
9
7
7
8
11
11
7
5
10
2
0
8
9
13
16
21
26
19
19
16
19
16
12
11
8
9
4
3
11
10
12
21
21
17
14
12
12
6
3
12
13
9
12
14
11
2
3
13
6
7
19
23
18
17
20
18
4
7
13
7
5
11
13
4
0
2
2
-8
-6
0
5
1
1
7
-1
-8
-8
-10
-8
-9
-7
0
-5
-9
-10
-11
-12
-10
-4
-4
-4
0
-4
-9
-16
-18
-18
-15
-12
-10
-8
-8
-8
-8
-11
-11
-13
-14
-4
-3
-6
-8
-10
-9
-14
-15
-7
-13
-12
-7
-7
-5
-9
-11
-7
-5
-3
2
2
5
0
-4
-4
-13
-13
-7
-7
-3
-1
2
-2
-9
-9
-6
-7
-7
-2
3
4
-1
-2
-4
-7
-7
-1
-1
-2
0
-1
0
-3
-5
-4
-3
-1
1
2
3
0
-2
-4
-8
-7
-8
-2
4
2
4
0
1
-5
-5
1
3
3
5
11
6
2
3
3
3
7
10
12
12
16
20
15
12
20
15
16
19
18
19
17
19
17
14
15
13
14
15
17
18
17
19
19
14
12
17
18
15
10
17
13
11
5
6
3
-2
0
1
1
-1
0
-5
-3
-10
-10
-14
-15
-15
-14
-11
-13
-15
-17
-20
-18
-19
-18
-15
-14
-14
-12
-11
-11
-14
-11
-11
-12
-11
-10
-10
-11
-11
-10
-9
-8
-6
-3
-3
-2
-2
-4
-2
-2
-1
-1
-2
1
0
-3
-1
0
-3
1
1
1
2
-1
0
-2
-1
-1
-2
-1
4
3
2
3
0
1
-4
-1
-1
-1
0
0
-1
-2
-1
-4
-6
-6
-2
-3
-5
-3
-2
-1
-4
-3
-4
-4
-5
-6
-2
-4
-3
-4
-3
1
2
1
0
2
1
1
-1
1
2
2
6
7
11
9
11
12
10
12
11
12
16
16
16
15
13
15
13
10
13
14
16
14
12
13
9
8
8
9
10
10
11
10
8
4
4
6
5
6
5
7
7
6
2
0
-2
-2
-3
-6
-3
-5
-8
-9
-10
-12
-10
-11
-9
-11
-12
-10
-13
-16
-17
-16
-18
-17
-16
-14
-15
-13
-9
-9
-10
-9
-9
-7
-6
-6
-5
-4
-3
-4
-4
-2
-1
-4
-2
-1
2
-1
1
2
3
6
5
7
7
4
3
4
3
4
1
4
5
3
3
2
1
3
2
1
0
-1
-2
-3
-3
-6
-4
-5
-5
-5
-6
-5
-8
-6
-4
-3
-3
-2
3
3
4
6
5
7
8
6
8
6
5
7
6
8
6
5
7
9
7
10
10
12
11
11
10
8
4
5
5
5
4
4
3
3
3
2
4
3
3
1
1
-4
-7
-7
-8
-7
-8
-6
-5
-7
-9
-9
-8
-9
-9
-7
-7
-6
-6
-6
-6
-5
-8
-6
-6
-6
-7
-5
-1
-2
-3
1
0
1
3
2
3
4
2
3
1
2
0
2
3
1
3
3
3
2
1
1
-1
0
2
3
3
3
3
3
3
1
2
2
2
3
3
2
2
5
3
6
5
4
1
4
3
0
0
0
2
0
2
5
2
1
3
-1
-1
