5
3
2
2
2
1
2
2
1
-1
-1
-1
-2
-2
-4
-4
-5
-4
-5
-4
-5
-6
-7
-6
-8
-7
-8
-9
-10
-12
-11
-12
-12
-12
-13
-13
-14
-14
-13
-15
-14
-15
-16
-15
-15
-15
-17
-17
-16
-15
-14
-13
-13
-13
-13
-11
-9
-9
-8
-7
-7
-5
-3
-3
-1
-1
0
1
-2
1
0
0
2
3
3
5
5
6
7
4
6
5
4
4
4
3
6
3
5
6
5
6
5
5
6
3
5
4
3
2
1
3
5
6
4
4
5
6
6
5
5
6
7
6
6
7
7
7
8
8
8
7
6
7
6
5
5
5
8
8
8
10
11
10
10
8
8
7
7
6
6
6
7
7
7
8
6
7
4
6
4
5
5
5
6
6
6
6
4
4
3
4
3
5
5
2
1
0
-1
-1
-4
-2
-3
-2
-1
-2
-1
-3
-3
-6
-8
-11
-12
-12
-12
-13
-15
-16
-14
-14
-14
-15
-15
-14
-15
-16
-15
-16
-18
-16
-15
-11
-11
-10
-8
-7
-8
-8
-9
-9
-7
-8
-8
-6
-5
-4
-4
-4
-5
-5
-5
-8
-9
-8
-7
-7
-8
-7
-5
-2
-3
-3
-2
-1
0
-1
0
1
1
2
4
5
6
6
6
7
7
7
8
9
9
10
11
12
13
12
12
12
13
11
10
10
11
10
8
8
9
8
7
5
6
6
4
5
6
6
5
5
5
4
5
4
4
4
4
4
5
5
5
5
4
5
2
1
0
0
-1
-1
-2
0
-1
-1
0
-2
-1
0
0
-2
-1
-2
-2
-1
0
-1
0
3
4
3
2
3
2
2
0
1
3
3
5
4
5
8
7
6
6
5
6
4
5
4
3
3
4
3
1
-1
0
-3
-3
-3
-3
-4
-5
-5
-5
-7
-5
-7
-7
-7
-9
-10
-10
-10
-10
-10
-10
-7
-8
-9
-9
-10
-9
-13
-11
-10
-10
-10
-8
-8
-9
-9
-10
-10
-11
-12
-11
-11
-10
-10
-11
-10
-11
-10
-9
-9
-9
-7
-7
-7
-7
-5
-6
-5
-4
-4
-3
-3
-2
-1
-1
2
4
4
4
4
5
6
5
8
11
9
10
10
10
10
10
11
11
12
11
12
12
14
14
15
17
16
14
12
12
12
10
10
9
10
9
9
8
9
9
9
11
10
6
6
6
6
5
5
4
6
4
4
4
3
2
0
0
-1
-3
-2
-2
-1
-1
0
0
-1
0
2
1
2
1
-1
0
0
0
1
3
1
2
3
3
2
1
2
2
1
1
2
3
2
2
2
1
-1
-1
0
-1
-2
-2
-1
-2
-1
0
-3
-5
-5
-5
-6
-7
-8
-6
-9
-10
-10
-8
-9
-10
-10
-9
-8
-9
-9
-9
-10
-11
-12
-13
-13
-16
-15
-13
-13
-13
-12
-10
-10
-10
-11
-10
-9
-12
-12
-11
-13
-11
-11
-12
-10
-10
-9
-9
-10
-10
-9
-9
-10
-8
-9
-7
-6
-5
-2
-1
-1
1
1
0
-1
0
0
4
4
6
8
8
9
11
12
11
12
13
14
16
19
18
18
20
21
20
19
20
19
19
19
18
18
19
20
19
20
20
19
19
18
17
15
15
15
13
13
14
13
11
11
9
8
8
6
5
5
5
6
4
4
3
2
0
-1
-2
-2
-3
-3
-4
-4
-5
-7
-8
-8
-9
-9
-8
-10
-11
-8
-10
-10
-9
-9
-10
-10
-10
-10
-10
-11
-9
-9
-8
-6
-7
-6
-5
-4
-3
-5
-6
-6
-5
-5
-5
-5
-7
-8
-8
-8
-9
-10
-10
-10
-10
-10
-10
-13
-11
-8
-9
-10
-11
-11
-12
-13
-13
-15
-11
-11
-9
-9
-8
-9
-9
-8
-9
-8
-9
-6
-6
-4
-4
-4
-4
-6
-4
-4
-4
-2
-1
-2
-1
0
1
0
2
5
5
6
7
5
5
5
4
5
6
7
10
10
11
10
9
8
6
8
8
7
7
10
9
8
10
8
10
10
11
12
11
12
12
10
11
11
12
13
13
12
15
16
16
14
14
12
13
13
13
15
15
18
19
16
16
17
15
14
12
10
8
8
5
5
4
3
5
2
1
2
0
1
-3
-4
-5
-8
-7
-8
-9
-11
-9
-11
-11
-11
-10
-12
-13
-15
-17
-17
-18
-18
-14
-15
-14
-14
-14
-12
-12
-13
-14
-13
-13
-13
-13
-12
-11
-10
-8
-6
-6
-7
-6
-5
-5
-7
-5
-5
-5
-4
-5
-4
-3
-4
-4
-5
-4
-5
-6
-7
-5
-5
-6
-4
-5
-3
-1
-3
-1
-1
-4
-4
-3
-6
-5
-4
-2
-1
0
0
1
1
3
1
1
3
1
0
0
2
1
2
3
3
3
3
3
3
3
3
4
5
5
7
6
4
5
3
4
5
6
6
6
5
6
4
4
3
4
4
5
6
7
6
6
8
7
7
8
9
9
8
8
9
6
9
10
10
12
12
12
13
12
10
9
10
11
11
11
11
10
10
10
9
8
7
5
4
5
5
7
8
8
6
6
4
4
1
0
0
-1
0
-1
-2
-2
-4
-3
-4
-6
-7
-7
-6
-9
-9
-9
-10
-8
-9
-8
-8
-9
-10
-10
-11
-12
-14
-12
-13
-12
-11
-12
-12
-11
-11
-12
-11
-13
-13
-14
-10
-9
-9
-8
-6
-6
-5
-3
-4
-5
-6
-5
-5
-5
-4
-3
-5
-4
-5
-4
-6
-8
-7
-8
-11
-9
-8
-7
-7
-7
-6
-7
-9
-9
-9
-8
-7
-7
-7
-7
-6
-6
-6
-6
-7
-5
-5
-3
-2
-2
0
2
2
3
2
4
4
4
4
4
4
6
8
9
10
10
13
14
12
13
14
13
12
15
16
17
18
21
21
20
23
23
23
24
22
21
18
18
17
15
17
16
15
14
14
15
14
13
11
11
9
8
9
7
7
7
8
8
9
6
5
4
4
6
5
4
1
1
0
-2
-2
-3
-5
-5
-6
-6
-8
-9
-10
-12
-13
-14
-14
-13
-13
-15
-15
-13
-13
-14
-16
-16
-19
-18
-17
-20
-20
-18
-19
-18
-19
-19
-19
-18
-18
-17
-16
-15
-11
-9
-9
-9
-7
-8
-9
-8
-5
-4
-5
-3
-2
-4
-1
-1
1
3
0
0
2
1
-1
-1
-2
-1
-2
-2
-1
0
1
3
2
3
2
1
0
0
2
3
4
4
4
4
3
2
2
2
1
2
2
0
1
2
2
3
2
1
1
2
-1
1
0
0
0
0
2
2
3
4
4
3
4
5
4
5
4
5
8
8
7
7
8
8
8
9
9
9
10
13
11
11
13
10
13
13
12
12
12
15
16
15
14
14
14
14
14
14
15
15
15
15
13
14
12
12
12
11
9
7
6
3
1
2
2
2
1
2
1
1
-1
-4
-5
-8
-8
-10
-8
-9
-10
-10
-12
-14
-15
-15
-16
-18
-17
-18
-16
-17
-18
-16
-18
-18
-17
-18
-18
-18
-19
-18
-17
-19
-17
-17
-17
-17
-15
-15
-15
-15
-14
-13
-11
-10
-9
-9
-8
-7
-7
-5
-3
-4
-4
-3
-3
-2
-1
0
1
2
1
2
2
1
-1
-1
-3
-2
0
1
3
3
8
7
7
9
6
7
8
8
8
9
10
10
10
10
10
9
9
9
6
4
3
3
3
2
3
4
2
4
2
1
1
-1
0
0
1
1
1
2
4
4
5
6
7
6
5
4
6
8
7
9
10
11
13
13
13
16
14
13
13
13
15
13
14
16
15
17
17
18
18
16
14
14
14
13
14
12
11
11
9
8
6
4
3
4
4
3
2
-1
-5
-4
-5
-6
-6
-7
-6
-6
-6
-7
-9
-11
-12
-12
-12
-12
-13
-12
-14
-15
-16
-18
-17
-19
-21
-21
-21
-24
-25
-25
-26
-24
-24
-23
-21
-22
-20
-21
-19
-20
-20
-19
-18
-16
-16
-15
-11
-9
-11
-9
-9
-8
-7
-5
-4
-4
-4
-3
0
0
3
3
6
4
4
6
4
4
6
7
9
12
12
14
14
14
13
13
14
13
14
13
14
15
14
13
13
12
12
9
10
11
11
11
11
9
9
9
8
9
10
8
6
7
7
5
2
4
4
3
2
2
0
-1
-2
-2
-3
-3
-3
-3
-2
0
2
0
-1
1
0
-1
-1
1
1
3
3
2
2
3
1
3
2
2
5
5
4
5
6
4
7
8
8
8
9
8
8
8
10
9
8
9
9
8
7
6
6
5
3
5
4
5
4
4
4
2
1
0
-3
-3
-3
-5
-5
-5
-8
-9
-10
-10
-11
-10
-9
-12
-13
-13
-13
-15
-15
-14
-14
-15
-14
-14
-16
-17
-18
-18
-18
-17
-17
-16
-15
-12
-13
-15
-14
-14
-15
-14
-15
-15
-14
-12
-11
-9
-9
-8
-7
-7
-6
-6
-8
-7
-5
-5
-1
0
1
4
4
3
3
3
2
3
5
8
7
10
11
11
13
13
12
11
13
13
14
12
13
11
11
11
10
9
8
9
9
7
6
5
7
6
7
7
7
8
6
7
7
6
8
8
9
10
10
8
8
11
9
8
7
7
6
4
4
6
6
6
6
8
8
8
9
8
9
10
11
9
11
8
9
10
7
9
8
8
9
7
7
7
4
5
4
2
-1
-1
-2
-1
-2
-3
-3
-3
-1
-3
-3
-3
-4
-5
-6
-9
-10
-10
-9
-9
-7
-8
-9
-11
-13
-11
-14
-14
-14
-15
-13
-13
-13
-15
-15
-17
-17
-17
-21
-20
-20
-21
-22
-22
-23
-22
-20
-21
-20
-19
-18
-18
-18
-18
-16
-17
-17
-14
-12
-10
-9
-8
-8
-8
-5
-4
-3
-2
-1
1
2
1
5
7
8
12
13
13
12
14
14
14
15
18
18
17
18
19
18
18
19
17
19
18
18
16
15
16
14
13
13
13
13
14
16
14
14
13
13
12
11
12
11
13
11
10
9
9
8
9
7
7
8
6
5
5
3
1
0
-1
1
0
-1
0
-2
-1
-2
-4
-2
-3
-6
-4
-5
-5
-4
-5
-5
-6
-6
-6
-9
-8
-7
-8
-8
-6
-5
-5
-5
-7
-5
-4
-6
-6
-5
-4
-4
-4
-3
0
0
1
2
3
-1
1
-1
-4
-2
-4
-3
-3
-3
-3
-2
-4
-4
-4
-5
-5
-3
-4
-4
-4
-5
-4
-6
-7
-8
-8
-8
-8
-8
-6
-6
-6
-7
-6
-7
-8
-8
-9
-9
-9
-10
-11
-8
-11
-11
-11
-9
-8
-9
-9
-7
-9
-9
-9
-8
-7
-6
-5
-4
-5
-4
-3
-3
-1
-2
-2
-1
2
1
6
7
5
7
8
8
6
8
11
10
11
12
13
13
13
13
14
14
14
14
16
16
15
15
15
16
16
17
16
16
14
13
15
15
15
13
14
16
15
14
12
10
11
8
7
7
6
5
3
1
0
-1
-1
-3
-2
-5
-5
-5
-6
-5
-6
-7
-5
-6
-7
-8
-8
-6
-8
-8
-8
-7
-7
-7
-7
-9
-8
-9
-9
-9
-8
-8
-8
-7
-6
-6
-3
-4
-5
-6
-5
-4
-6
-4
-5
-5
-4
-3
-2
0
-1
-2
0
-1
-2
-3
-3
-3
-4
-4
-3
-4
-2
-2
-4
-6
-5
-6
-6
-5
-4
-3
-4
-1
1
1
0
1
0
-1
-1
-1
-3
-2
-1
-2
-1
0
1
0
-1
-1
-2
-3
-3
-3
-3
-2
-2
-4
-5
-5
-4
-3
-3
-4
-3
-3
-1
-5
-5
-3
-4
-3
-3
-3
-2
-5
-4
-2
-2
0
1
2
1
1
3
3
4
5
6
5
5
10
10
10
11
10
12
12
11
12
10
12
13
13
14
15
15
15
16
16
17
14
12
12
11
10
10
8
8
9
8
7
4
6
7
4
4
4
3
3
3
3
1
1
0
-1
-2
-2
-1
-1
-2
-3
-5
-9
-9
-9
-10
-12
-11
-13
-13
-13
-16
-15
-15
-16
-15
-15
-12
-11
-12
-12
-12
-12
-10
-11
-11
-9
-7
-8
-8
-8
-8
-8
-6
-3
-1
0
0
0
-2
0
0
-1
0
2
2
2
3
4
4
4
4
5
5
4
3
4
6
6
6
4
6
6
3
2
3
3
1
2
2
3
2
2
3
3
1
1
0
0
-1
-3
-4
-6
-5
-4
-6
-6
-5
-5
-6
-7
-7
-9
-8
-8
-8
-8
-6
-4
-4
-7
-6
-6
-6
-5
-4
-4
-5
-3
-3
-2
-2
1
1
2
5
7
7
7
8
7
7
10
11
11
12
13
13
13
13
12
12
12
14
12
12
13
11
11
10
12
12
10
11
12
11
9
10
10
9
8
8
9
7
7
8
8
6
7
6
4
3
3
3
2
1
-2
-2
-1
-3
-2
-4
-5
-4
-6
-7
-7
-9
-9
-10
-9
-9
-9
-10
-8
-9
-9
-10
-12
-13
-13
-14
-16
-15
-16
-15
-15
-15
-14
-13
-14
-14
-14
-14
-16
-13
-11
-14
-12
-9
-8
-7
-7
-5
-7
-6
-5
-6
-4
-3
-1
-1
1
2
0
2
2
2
0
1
2
1
1
1
3
1
3
2
2
3
2
4
6
4
5
6
6
5
6
7
6
4
7
7
7
8
7
7
9
8
8
8
8
10
7
9
9
8
8
6
6
5
4
5
7
6
5
4
5
5
6
5
5
6
6
6
5
5
4
5
5
6
5
4
3
1
1
0
-1
-1
0
-1
1
2
1
3
2
1
3
2
1
0
0
2
1
2
2
1
0
1
4
4
3
3
1
1
-1
-1
-2
-3
-1
-1
-1
-2
-5
-5
-5
-5
-6
-8
-7
-7
-6
-4
-5
-6
-6
-8
-8
-11
-12
-13
-14
-14
-13
-13
-11
-12
-10
-10
-12
-13
-11
-12
-11
-9
-10
-8
-8
-6
-6
-6
-5
-4
-3
-2
-2
-3
-2
-2
-1
-1
-2
0
-3
-2
-2
-1
-2
-3
-1
-1
0
0
0
2
0
0
1
2
3
3
5
7
6
8
8
10
10
9
9
8
9
10
11
11
10
10
14
15
14
12
13
12
11
13
10
9
8
8
9
8
7
7
5
4
4
1
4
3
0
3
2
3
3
3
2
0
1
3
2
2
1
2
0
0
3
1
-1
0
0
-2
-1
-1
-2
-1
-2
-2
-2
-4
-5
-3
-4
-5
-4
-2
-3
-3
-4
-3
-4
-4
-2
-5
-5
-4
-2
-2
-3
-1
-3
-4
-3
-4
-5
-4
-3
-5
-7
-4
-5
-5
-5
-5
-4
-4
-6
-4
-6
-7
-8
-6
-6
-7
-5
-5
-5
-6
-5
-7
-7
-6
-6
-4
-4
-4
-5
-6
-3
-5
-6
-5
-5
-4
-6
-5
-4
-4
-5
-3
-1
-1
1
0
0
-2
1
3
2
5
7
6
6
5
8
8
5
6
6
6
5
5
5
4
5
5
6
5
5
8
5
3
4
2
2
2
1
3
2
2
5
6
4
4
4
4
4
5
6
6
6
8
8
8
8
8
7
8
7
6
5
6
4
4
7
6
5
5
3
3
3
3
3
1
3
3
1
0
1
0
-1
0
0
-1
-2
-2
-3
-3
-2
-2
-4
-3
-3
-4
-2
-3
-3
-3
-5
-3
-5
-4
-6
-6
-4
-4
-5
-3
-4
-4
-5
-5
-5
-5
-6
-6
-7
-5
-4
-8
-6
-6
-7
-8
-7
-7
-7
-5
-5
-5
-8
-6
-6
-5
-3
-2
-3
-3
-5
-6
-7
-8
-9
-7
-6
-6
-6
-5
-4
-5
-2
-3
-3
-3
-3
-3
-1
0
1
3
4
6
6
6
5
4
1
0
1
1
2
1
2
6
5
7
7
5
6
5
5
6
6
5
5
6
8
6
8
8
8
7
7
7
5
5
4
5
5
5
6
5
4
6
5
2
5
4
5
5
6
6
6
6
6
6
4
6
7
7
7
6
6
5
5
4
2
0
1
1
0
1
0
-1
-4
-2
-2
-4
-4
-4
-6
-4
-5
-4
-4
-5
-4
-4
-2
-4
-5
-6
-5
-4
-3
-5
-5
-3
-3
-4
-5
-5
-4
-5
-4
-5
-6
-4
-4
-4
-4
-3
-2
-2
-3
-3
-3
-5
-4
-4
-5
-4
-2
-4
-6
-5
-5
-6
-5
-5
-5
-5
-3
-4
-6
-3
-4
-2
-3
-4
-4
-4
-2
-1
-1
-1
0
2
2
1
1
1
0
-2
1
1
0
2
3
3
2
2
5
4
2
4
1
1
2
2
0
3
2
0
1
1
2
1
2
3
2
2
4
2
0
2
1
0
0
1
1
-2
-1
1
1
-1
0
2
2
0
2
1
1
3
2
2
4
2
3
2
3
4
4
5
5
4
4
6
5
5
5
7
8
8
7
6
7
6
7
7
7
10
11
11
9
9
9
8
6
8
6
5
4
4
3
2
3
3
1
2
1
0
0
0
-2
-3
-2
-2
-3
-6
-4
-7
-9
-8
-10
-10
-10
-9
-10
-10
-11
-11
-13
-12
-11
-10
-10
-9
-10
-10
-9
-8
-8
-8
-7
-8
-5
-5
-5
-5
-4
-3
-3
-4
-5
-4
-5
-4
-5
-5
-6
-6
-5
-5
-3
-3
-3
-2
-1
-3
-4
-3
-4
-5
-1
-2
-3
0
2
0
-1
0
0
-3
-2
0
-2
-1
0
0
-2
2
3
2
5
4
6
4
4
3
3
2
4
2
3
5
5
6
4
5
5
6
5
5
6
6
6
6
8
6
5
5
5
5
5
4
3
5
6
5
5
5
6
6
8
6
6
7
5
6
7
6
7
7
7
7
6
7
8
5
6
8
8
7
8
7
7
8
8
7
8
7
7
6
4
5
4
1
3
3
2
2
3
2
1
0
-1
-1
0
-1
-2
-4
-6
-5
-5
-7
-7
-8
-8
-8
-11
-12
-12
-13
-14
-14
-14
-15
-15
-15
-16
-15
-17
-19
-18
-17
-19
-15
-14
-14
-12
-13
-13
-13
-11
-10
-11
-10
-9
-9
-10
-8
-7
-6
-6
-6
-4
-5
-5
-4
-3
-4
-1
-1
-2
0
-2
0
2
0
1
3
2
6
5
4
5
6
5
5
5
6
8
7
7
8
9
6
7
10
10
9
8
9
10
10
10
7
6
6
6
8
8
9
7
8
10
8
8
7
7
7
6
4
6
7
4
3
6
6
5
8
8
8
7
6
7
6
5
5
5
7
6
5
6
8
7
7
8
8
8
8
8
7
6
5
5
5
4
3
3
1
-1
-1
-2
-3
-5
-4
-4
-4
-3
-4
-5
-6
-6
-6
-8
-7
-7
-7
-5
-6
-6
-3
-3
-3
-3
-5
-5
-5
-5
-5
-9
-8
-6
-5
-7
-6
-7
-7
-6
-6
-6
-8
-7
-8
-10
-12
-11
-9
-11
-12
-10
-11
-10
-11
-10
-13
-12
-12
-11
-12
-10
-8
-8
-9
-8
-7
-5
-7
-7
-7
-7
-8
-5
-4
-7
-5
-5
-5
-5
-4
-4
-6
-7
-5
-4
-3
-1
0
-1
-2
0
0
1
4
3
3
3
5
6
4
7
6
8
8
10
10
11
12
11
12
13
15
16
16
17
16
17
17
18
17
17
17
17
18
18
18
17
16
15
15
16
16
14
13
13
15
14
12
13
12
11
10
9
7
7
8
8
6
6
6
1
2
2
1
0
-2
-2
-2
-4
-4
-3
-3
-4
-4
-4
-6
-8
-8
-8
-10
-11
-12
-13
-14
-14
-13
-14
-14
-12
-14
-16
-14
-14
-16
-16
-15
-14
-12
-11
-11
-11
-12
-9
-8
-9
-9
-7
-8
-6
-8
-8
-8
-9
-9
-9
-8
-7
-6
-6
-6
-5
-4
-5
-6
-3
-4
-4
-4
-2
-4
-6
-6
-4
-3
-5
-3
-4
-5
-6
-5
-4
-5
-3
-2
0
-1
3
3
0
3
4
3
4
7
7
9
10
8
8
7
7
7
7
6
5
6
6
7
6
6
6
6
7
5
4
4
3
3
3
2
4
5
5
5
5
4
4
5
5
5
5
3
5
6
7
7
6
6
6
2
4
5
3
3
4
5
5
6
5
7
5
4
6
7
6
6
7
8
9
10
9
8
8
9
7
7
6
6
6
4
5
6
4
4
4
3
2
2
2
1
0
1
2
1
0
1
0
-1
-1
-1
-2
-5
-6
-5
-5
-7
-8
-7
-8
-9
-9
-9
-10
-9
-9
-9
-8
-8
-10
-10
-9
-12
-14
-15
-14
-15
-17
-14
-15
-13
-11
-11
-11
-11
-10
-12
-14
-15
-13
-12
-13
-12
-12
-12
-11
-11
-10
-9
-9
-7
-5
-5
-5
-6
-5
-3
-4
-3
-3
-1
-1
1
2
3
3
4
3
5
5
4
5
8
8
7
7
7
6
6
7
7
8
7
7
8
6
6
7
6
6
8
9
8
8
8
6
4
5
5
6
6
7
9
8
7
7
6
7
7
7
5
5
7
8
8
8
9
8
8
7
6
6
5
5
5
5
5
4
6
7
7
8
6
6
8
8
7
6
7
5
8
9
9
6
5
8
5
3
1
4
2
3
1
1
2
2
2
2
1
2
1
-3
-1
-1
-2
-2
-3
-2
-4
-6
-5
-4
-6
-6
-8
-8
-8
-9
-9
-10
-11
-10
-10
-12
-14
-14
-15
-16
-15
-14
-14
-14
-15
-14
-12
-11
-12
-12
-14
-14
-14
-14
-14
-15
-15
-13
-13
-13
-14
-11
-11
-14
-12
-13
-13
-13
-13
-12
-12
-13
-12
-11
-10
-9
-6
-6
-2
-1
-1
0
1
2
1
3
4
4
5
5
7
7
8
10
11
11
10
12
12
13
15
13
14
13
13
14
12
13
13
12
14
14
13
13
13
15
13
13
14
12
12
15
15
14
14
15
13
13
13
14
15
12
13
12
12
12
13
13
12
13
13
13
12
11
10
10
8
8
8
4
4
4
1
0
-1
1
0
-2
-2
-3
-4
-4
-7
-7
-8
-7
-6
-8
-7
-9
-8
-10
-10
-11
-12
-12
-12
-13
-12
-12
-11
-10
-10
-10
-10
-7
-8
-10
-9
-8
-8
-10
-10
-8
-9
-10
-10
-10
-13
-13
-13
-14
-13
-11
-9
-9
-8
-7
-7
-8
-7
-8
-8
-8
-10
-9
-9
-9
-10
-8
-5
-6
-6
-6
-6
-6
-5
-5
-3
-4
-5
-7
-6
-4
-5
-5
-2
-2
-2
-1
-3
-2
-2
-1
-1
0
1
0
1
3
2
4
6
7
7
8
9
8
8
9
9
9
10
10
10
11
10
9
10
9
9
8
9
11
11
12
13
11
12
13
12
11
11
12
13
14
13
14
14
15
14
14
14
15
14
13
14
11
11
9
12
13
12
12
10
11
8
6
5
3
0
2
0
-3
-1
-2
-3
-3
-4
-4
-5
-4
-4
-8
-7
-7
-7
-7
-9
-9
-8
-9
-8
-8
-8
-8
-10
-8
-6
-9
-8
-8
-9
-9
-8
-9
-8
-8
-9
-8
-9
-9
-7
-9
-9
-9
-10
-10
-9
-9
-12
-12
-9
-8
-9
-10
-8
-8
-9
-9
-9
-9
-9
-9
-9
-9
-7
-7
-6
-4
-4
-3
-4
-2
-2
-2
-3
-3
-2
0
-1
-2
-3
-2
-2
-4
-2
0
1
1
3
1
1
2
0
1
0
0
1
3
2
2
4
5
3
4
5
4
6
6
6
6
5
5
6
5
5
5
6
6
6
7
9
8
8
8
9
8
8
9
9
10
10
10
10
9
9
10
9
9
9
10
10
8
7
5
6
6
2
3
5
5
7
6
8
6
7
8
7
6
5
8
6
6
5
4
5
5
4
5
7
6
4
4
4
1
0
-1
-3
-4
-4
-4
-5
-6
-7
-5
-6
-6
-5
-4
-5
-7
-7
-9
-11
-11
-10
-10
-8
-6
-6
-6
-8
-7
-6
-7
-6
-6
-5
-6
-10
-9
-9
-9
-8
-7
-7
-6
-7
-7
-6
-8
-5
-5
-7
-5
-6
-5
-7
-5
-6
-7
-6
-6
-7
-7
-6
-7
-6
-6
-7
-6
-7
-6
-7
-7
-10
-10
-8
-7
-6
-4
0
0
0
0
0
0
-1
-2
-1
-1
0
1
2
3
3
3
5
6
6
7
7
9
7
7
5
4
5
5
5
5
5
6
7
5
4
6
9
9
8
9
8
8
9
9
9
8
9
9
8
9
8
8
8
8
9
7
7
7
8
8
9
11
13
13
14
14
12
13
12
12
12
12
11
10
9
7
7
7
4
2
2
3
2
1
3
3
1
2
1
-3
-4
-3
-4
-4
-4
-4
-3
-4
-3
-4
-5
-6
-7
-8
-9
-10
-11
-10
-11
-14
-11
-12
-10
-10
-12
-12
-12
-13
-14
-15
-14
-14
-14
-12
-13
-12
-13
-13
-14
-13
-14
-13
-11
-11
-11
-13
-11
-9
-11
-10
-10
-9
-8
-7
-7
-6
-5
-5
-4
-6
-3
-1
0
0
-1
-1
-1
0
1
3
3
4
5
6
5
5
5
6
5
6
5
5
5
4
5
5
5
7
6
4
6
6
7
6
4
4
6
4
4
5
3
5
5
4
5
4
5
7
4
5
4
4
4
3
6
7
7
7
9
8
9
7
7
8
7
7
8
9
9
10
8
7
8
6
7
8
8
7
10
10
12
9
11
11
10
10
10
10
9
7
4
6
5
4
2
4
3
0
2
0
-1
-1
-3
-4
-4
-4
-4
-5
-4
-3
-3
-4
-6
-8
-8
-10
-10
-9
-11
-11
-10
-12
-11
-13
-13
-14
-16
-16
-15
-14
-14
-14
-13
-10
-11
-13
-10
-11
-11
-11
-12
-12
-12
-12
-11
-9
-7
-9
-8
-8
-9
-9
-8
-9
-6
-7
-6
-5
-4
-5
-5
-3
-3
-3
-3
-2
-1
-1
1
1
2
4
3
5
6
7
8
8
9
9
10
9
7
9
8
7
8
7
7
6
6
6
5
5
5
4
2
1
2
1
1
2
3
4
5
4
5
4
3
3
2
2
2
2
3
5
4
5
8
6
7
6
6
6
7
7
4
5
7
6
6
9
8
10
10
9
11
8
9
9
9
10
12
10
12
11
10
10
9
9
8
9
7
6
6
6
6
3
3
-1
-2
-2
-2
-4
-4
-3
-4
-3
-3
-4
-6
-6
-6
-6
-7
-8
-8
-10
-11
-12
-11
-12
-14
-13
-12
-13
-13
-14
-12
-13
-13
-14
-12
-12
-12
-11
-10
-11
-10
-9
-9
-10
-10
-8
-7
-9
-9
-10
-9
-9
-10
-9
-8
-7
-7
-6
-8
-4
-5
-5
-4
-3
-2
-3
-4
-3
-3
-3
-1
2
0
3
4
3
5
5
5
5
4
4
5
6
5
8
8
8
9
8
12
11
12
13
11
10
8
6
7
7
5
6
8
7
8
7
7
7
5
5
5
2
2
3
3
2
1
1
2
2
3
3
3
3
2
2
1
0
-1
-2
-3
0
-2
-1
-2
-1
1
2
1
2
4
4
4
5
7
6
4
3
3
3
4
5
6
6
6
8
9
7
8
4
7
5
4
2
2
4
3
3
4
5
5
6
8
6
6
6
4
4
1
0
-1
0
2
0
-1
-1
-3
-3
-4
-6
-5
-7
-8
-7
-7
-8
-9
-10
-10
-10
-11
-14
-14
-14
-14
-13
-13
-14
-14
-14
-13
-13
-13
-14
-16
-15
-16
-16
-18
-19
-18
-16
-15
-15
-15
-16
-14
-15
-13
-12
-14
-14
-11
-9
-8
-5
-4
-1
-1
2
2
4
3
4
5
5
6
7
10
11
12
12
14
15
13
14
15
13
15
14
15
14
14
14
13
15
17
15
11
13
11
12
12
11
12
13
15
16
15
14
15
13
14
12
10
9
10
10
10
10
11
11
10
10
9
6
4
2
2
0
0
1
1
0
-1
0
-2
-3
-4
-5
-5
-5
-6
-7
-7
-8
-8
-8
-6
-7
-8
-9
-10
-11
-12
-13
-12
-11
-9
-10
-9
-7
-7
-8
-7
-7
-8
-8
-6
-6
-5
-6
-6
-7
-5
-3
-3
-5
-5
-4
-4
-4
-2
-2
-1
-1
0
0
-2
-4
-2
-1
-2
-1
-1
-1
-1
1
1
1
1
0
1
0
1
-3
-2
-2
-3
-3
-4
-3
-4
-1
-3
-2
-3
-4
-3
-3
-1
-1
-3
-3
-3
0
1
0
1
2
2
2
1
1
0
0
2
2
2
3
3
2
0
-1
1
-2
-1
-1
-2
-3
-4
-3
-5
-4
-3
-1
-2
1
1
2
1
0
0
-1
2
3
2
3
5
8
8
8
8
7
8
9
9
9
10
12
12
13
12
13
12
14
11
13
13
10
11
12
11
11
10
10
10
7
7
7
7
8
7
6
7
3
1
0
1
-1
-2
-3
-2
-3
-7
-7
-8
-8
-8
-6
-6
-7
-8
-6
-7
-9
-9
-10
-9
-9
-8
-6
-6
-7
-8
-8
-9
-10
-11
-10
-9
-7
-7
-7
-6
-6
-6
-6
-5
-7
-6
-5
-6
-7
-6
-5
-5
-5
-7
-7
-7
-7
-8
-6
-5
-6
-7
-8
-6
-6
-5
-3
-4
-3
-3
0
-1
-1
-1
-2
2
2
2
4
4
4
5
5
4
2
4
6
5
5
5
4
3
4
3
3
6
6
6
5
6
6
5
6
7
6
8
8
7
7
6
5
7
6
7
6
5
4
4
4
4
3
3
3
3
4
4
3
2
2
2
3
2
2
1
4
4
3
5
5
4
4
3
4
2
3
3
2
3
1
1
1
0
0
0
0
1
0
2
3
1
2
2
-1
-1
-1
-4
-2
-2
-1
-2
-3
-2
-4
-5
-4
-4
-6
-6
-5
-6
-6
-7
-7
-5
-7
-6
-5
-7
-6
-6
-6
-6
-7
-7
-5
-5
-5
-5
-2
-3
-2
0
2
1
2
1
0
-1
0
0
0
-1
0
2
0
1
0
-2
-1
-3
-3
-3
-2
-3
-4
-3
-2
-4
-4
-3
-4
-4
-3
-5
-4
-5
-5
-3
-2
-3
-2
-1
-1
-1
-2
-2
-1
-2
2
2
2
4
5
5
5
4
4
1
3
1
2
1
-2
2
3
2
3
5
3
2
4
4
2
2
2
2
2
1
2
4
4
6
6
5
4
7
5
4
3
3
2
3
3
2
3
3
5
4
5
5
6
4
5
5
5
4
4
5
5
4
4
4
3
4
5
6
6
5
5
4
3
3
1
0
0
0
0
-2
-3
-1
-1
-1
0
1
0
-2
-1
-2
-3
-5
-7
-7
-6
-5
-6
-6
-5
-3
-5
-6
-4
-9
-9
-8
-8
-10
-9
-8
-7
-7
-7
-6
-7
-7
-6
-8
-7
-6
-7
-7
-8
-7
-6
-5
-5
-4
-3
-4
-3
-3
-3
-3
0
1
0
0
0
1
0
1
1
0
1
3
4
4
4
4
5
4
3
1
-2
-2
-3
-4
-3
-2
-1
-1
0
1
3
1
-1
1
0
1
0
-1
-1
-1
1
2
4
5
4
6
5
6
5
4
4
5
5
5
4
5
4
3
3
4
5
5
7
6
6
6
4
3
2
2
2
2
2
3
3
5
6
5
4
3
4
5
4
6
6
4
7
8
7
7
7
8
8
7
7
6
6
5
5
4
3
3
5
4
4
3
0
0
2
1
0
2
4
4
4
3
3
2
1
2
-2
-5
-5
-6
-8
-8
-11
-10
-9
-13
-13
-13
-15
-14
-14
-16
-16
-16
-16
-17
-17
-17
-17
-18
-16
-16
-18
-18
-16
-17
-16
-14
-15
-15
-15
-14
-15
-13
-13
-12
-10
-8
-6
-5
-4
-4
-1
-1
-2
-1
1
3
4
5
7
11
11
11
13
13
15
13
13
14
12
13
14
16
14
17
17
16
14
13
13
13
12
10
10
12
12
13
14
12
12
11
11
12
11
10
7
8
7
8
9
7
8
10
8
8
5
1
5
2
2
1
0
1
2
1
-1
-2
-4
-2
-4
-6
-5
-4
-5
-4
-3
-5
-5
-5
-4
-5
-7
-6
-5
-6
-5
-3
-6
-7
-3
-1
2
0
-1
0
3
0
-1
-4
-5
-4
-2
-1
-4
-7
-6
-4
-2
-5
-7
-8
-6
-5
-5
-6
-8
-7
-5
-4
-4
-7
-10
-7
-5
-9
-11
-12
-13
-10
-11
-9
-12
-11
-7
-5
-6
-7
-8
-10
-7
-6
-8
-10
-7
-6
-7
-7
-7
-8
-9
-7
-6
-8
-11
-9
-9
-10
-9
-7
-6
-4
-2
1
4
6
9
13
17
22
25
29
32
33
35
39
44
46
45
46
49
50
53
54
52
51
52
54
53
49
43
39
37
35
31
25
20
18
18
16
9
3
-1
-4
-7
-12
-20
-28
-32
-30
-33
-42
-47
-54
-53
-51
-53
-54
-62
-54
-50
-51
-49
-52
-50
-42
-33
-27
-27
-24
-15
2
15
20
24
32
46
59
66
67
68
75
85
93
92
88
89
97
103
100
92
85
83
85
82
72
60
51
45
40
31
19
5
-4
-8
-12
-24
-40
-55
-60
-67
-79
-94
-112
-123
-128
-136
-150
-163
-176
-187
-186
-192
-201
-209
-212
-210
-207
-206
-203
-200
-193
-177
-163
-151
-137
-122
-104
-82
-62
-43
-23
-3
24
47
65
83
101
119
136
151
162
169
173
182
186
188
187
186
184
179
179
171
163
158
153
146
138
129
122
115
107
99
86
74
58
46
33
20
2
-20
-38
-52
-69
-92
-115
-137
-155
-172
-193
-213
-237
-258
-270
-280
-291
-302
-305
-303
-293
-278
-265
-248
-224
-198
-162
-127
-93
-59
-22
19
63
105
147
185
227
272
311
344
373
400
425
446
463
472
473
474
475
475
467
453
439
423
413
399
381
361
337
315
295
273
243
213
184
157
129
98
61
21
-16
-52
-93
-141
-192
-243
-294
-345
-397
-452
-512
-559
-603
-643
-685
-727
-756
-774
-788
-799
-804
-802
-785
-753
-718
-684
-645
-593
-525
-454
-383
-315
-243
-161
-71
12
82
148
220
297
371
428
468
505
546
585
613
620
615
612
617
618
605
577
548
532
518
498
465
428
396
376
364
347
317
288
268
254
240
216
179
144
116
87
49
4
-46
-94
-132
-174
-224
-279
-335
-387
-431
-475
-530
-577
-617
-650
-672
-697
-709
-716
-716
-708
-693
-672
-645
-602
-560
-509
-453
-394
-328
-257
-190
-124
-54
20
95
161
223
278
329
384
435
472
495
516
538
563
582
587
584
582
589
599
602
591
575
569
571
575
568
554
547
551
563
569
559
542
525
517
498
473
431
381
338
297
251
188
115
37
-36
-110
-186
-274
-363
-448
-519
-585
-652
-714
-773
-825
-864
-894
-921
-941
-950
-949
-932
-904
-872
-833
-787
-731
-673
-615
-554
-486
-417
-348
-276
-211
-148
-83
-25
30
74
108
141
178
208
235
253
268
289
311
331
344
353
364
386
407
431
448
466
486
510
540
558
570
578
600
622
637
644
636
629
621
605
575
526
466
416
361
296
220
130
42
-37
-118
-209
-309
-404
-488
-559
-628
-693
-754
-807
-836
-854
-881
-910
-927
-926
-906
-877
-849
-813
-765
-699
-617
-542
-482
-425
-355
-283
-208
-142
-93
-39
29
101
150
192
229
264
301
337
369
394
423
452
485
518
538
556
578
607
631
657
680
700
729
761
790
810
827
842
854
866
873
865
854
853
837
804
757
697
637
558
481
398
300
198
98
3
-94
-200
-307
-413
-510
-594
-672
-734
-792
-855
-903
-941
-971
-1002
-1036
-1061
-1062
-1054
-1048
-1024
-991
-957
-924
-869
-803
-759
-721
-675
-626
-563
-504
-465
-420
-354
-284
-205
-126
-89
-65
-14
46
102
148
184
232
288
354
417
439
440
478
535
586
633
658
677
699
731
767
778
771
785
817
854
875
860
830
809
803
775
716
659
585
501
434
361
270
170
63
-38
-149
-267
-380
-491
-583
-646
-720
-779
-817
-855
-895
-913
-922
-962
-997
-1010
-1009
-993
-955
-903
-848
-781
-724
-672
-621
-560
-499
-458
-410
-353
-290
-208
-124
-67
-11
59
122
185
251
320
360
390
448
489
497
540
594
643
717
775
790
825
879
884
871
888
899
890
876
887
909
925
955
998
984
1005
1030
966
925
850
741
682
555
540
712
504
153
33
-84
-254
-442
-424
-400
-766
-880
-662
-812
-1024
-1020
-1030
-1115
-1224
-1280
-1282
-1289
-1292
-1275
-1222
-1133
-1061
-1033
-960
-835
-781
-741
-626
-551
-467
-339
-278
-177
-80
-87
-69
-13
-8
0
53
122
189
213
203
218
273
323
332
379
584
880
1059
1112
1153
1188
1158
1116
1130
1177
1185
1152
1180
1213
1098
822
530
281
4
-315
-575
-745
-907
-1126
-1303
-1381
-1469
-1628
-1734
-1650
-1459
-1300
-1142
-876
-544
-269
-23
258
559
776
879
977
1047
1000
912
833
725
642
566
431
295
133
-58
-240
-424
-598
-767
-929
-1042
-1077
-1110
-1141
-1108
-1000
-832
-731
-639
-430
-187
1
179
376
649
1054
1546
1913
1986
1938
1900
1788
1646
1653
1678
1543
1422
1418
1357
1056
557
99
-239
-573
-846
-1038
-1248
-1466
-1647
-1741
-1735
-1800
-1913
-1844
-1568
-1229
-950
-714
-410
-74
187
430
716
978
1173
1257
1259
1261
1160
928
790
727
619
513
353
151
-139
-523
-821
-1043
-1218
-1286
-1321
-1338
-1344
-1354
-1322
-1171
-953
-735
-490
-215
29
263
571
889
1340
2071
2776
3001
2812
2533
2233
1769
1349
1161
937
610
374
218
-112
-666
-1311
-1768
-1962
-2112
-2236
-2275
-2333
-2400
-2397
-2324
-2096
-1850
-1613
-1204
-741
-371
-176
-103
159
529
703
874
1176
1369
1341
1222
1074
837
558
434
504
486
318
170
45
-167
-417
-550
-605
-748
-969
-1037
-934
-967
-1197
-1266
-1081
-886
-691
-347
163
612
853
1389
2569
3693
3991
3666
3231
2686
1931
1573
1812
1617
778
263
168
-232
-1009
-1479
-1365
-1244
-1398
-1452
-1457
-1789
-2234
-2215
-1701
-1310
-1184
-910
-593
-600
-723
-562
-201
84
386
918
1282
1155
956
969
971
739
473
502
601
481
338
308
149
-197
-353
-210
-164
-415
-711
-937
-1177
-1447
-1526
-1497
-1648
-1735
-1520
-1175
-834
-457
78
676
1285
2429
3982
4741
4432
3787
2979
1892
1017
972
1136
538
-103
-150
-518
-1305
-1612
-1345
-1003
-932
-938
-886
-1293
-1973
-2093
-1701
-1410
-1421
-1344
-1148
-1379
-1752
-1645
-1234
-848
-323
483
1087
1088
913
922
897
767
730
806
746
559
426
369
269
150
129
101
-65
-253
-477
-863
-1099
-1169
-1302
-1436
-1568
-1601
-1599
-1632
-1407
-895
-71
922
1439
1715
2805
4212
4596
4077
3378
2342
948
334
822
756
-322
-661
-327
-716
-1282
-1145
-741
-698
-840
-641
-572
-1236
-1782
-1691
-1421
-1312
-1398
-1409
-1504
-1891
-1859
-1262
-865
-490
270
1023
1299
1168
1186
1310
1173
1023
1006
862
603
508
604
629
484
380
401
334
0
-317
-528
-747
-763
-639
-628
-703
-973
-1300
-1340
-1102
-655
-160
329
814
1236
1839
2887
4144
4937
4765
3653
2194
1074
546
472
490
160
-321
-607
-888
-1088
-1099
-988
-658
-316
-378
-907
-1650
-2162
-2294
-2168
-1894
-1753
-1921
-2161
-2271
-2189
-1811
-1174
-462
232
716
941
1049
969
805
783
762
647
393
27
-114
-171
-127
247
462
442
408
164
-233
-579
-738
-662
-697
-867
-1008
-1275
-1424
-1289
-1053
-745
-334
189
858
1525
2218
3473
4811
4959
4124
3027
1760
733
351
607
450
-487
-748
-703
-1188
-1121
-636
-368
-115
-167
-519
-1245
-2195
-2415
-2260
-2173
-1917
-2023
-2351
-2448
-2407
-1968
-1285
-745
-98
429
650
791
735
711
899
868
623
359
26
-136
-22
282
702
962
973
870
567
204
-19
-197
-404
-626
-786
-943
-1108
-1192
-1201
-946
-490
-243
-9
262
521
1179
2332
4186
5897
5763
4534
3216
1608
646
825
1418
1233
104
-303
-295
-1075
-980
140
634
765
491
-356
-1322
-2263
-2316
-1744
-1734
-1826
-2051
-2644
-2869
-2759
-2321
-1412
-680
-122
294
221
142
310
485
676
660
301
-194
-717
-893
-517
102
666
1015
949
637
343
86
-19
-144
-614
-1124
-1456
-1629
-1647
-1753
-1844
-1579
-1144
-491
265
537
641
1085
2327
4258
5681
6012
5131
2985
1118
557
657
694
530
269
-390
-1068
-708
-130
13
652
1246
807
-236
-1235
-1993
-2371
-2224
-1822
-1913
-2372
-2729
-2899
-2705
-2200
-1502
-754
-269
-34
101
92
190
324
315
234
-57
-478
-904
-1249
-1012
-283
524
1206
1260
847
379
81
127
1
-670
-1485
-2203
-2495
-2341
-2298
-2217
-1849
-1194
-334
319
712
970
1117
2052
4298
6481
6897
5568
3651
1854
639
606
1303
1164
193
-144
-82
-413
-218
702
1536
2148
2060
1054
-414
-1817
-2269
-1849
-1461
-1410
-1838
-2336
-2438
-2339
-1669
-625
-32
368
710
681
504
436
685
958
669
184
-301
-863
-1096
-862
-280
414
883
1142
1070
670
237
-251
-762
-1353
-1956
-2388
-2771
-3085
-3064
-2807
-2284
-1512
-918
-708
-452
234
796
1201
2704
5184
6571
6050
4438
2144
-108
-505
725
1299
229
-997
-1137
-965
-538
742
1905
2227
2033
1376
144
-1578
-2540
-2149
-1655
-1644
-1833
-2372
-2897
-2768
-1852
-688
14
403
700
649
492
537
643
864
964
550
-97
-758
-1276
-1174
-611
186
934
1149
1127
969
520
214
-202
-951
-1917
-3036
-3472
-3212
-3073
-2994
-2916
-2620
-1841
-966
34
713
769
947
1729
3667
5928
6339
5046
2990
631
-589
-78
837
492
-572
-736
-594
-307
848
1752
2080
2497
2240
996
-593
-1847
-2195
-1986
-1611
-1500
-2032
-2426
-2245
-1788
-843
238
889
1298
1414
1244
1023
862
967
1122
894
478
-109
-716
-744
-262
471
1218
1572
1654
1400
819
383
-205
-894
-1380
-1992
-2641
-3382
-3763
-3138
-2414
-1956
-1512
-1291
-877
-373
282
1099
1553
3018
5540
6598
5716
3752
1290
-726
-1137
168
722
-337
-1019
-1103
-1088
-172
1459
2580
2656
2200
1425
-116
-1798
-2551
-2474
-2157
-1973
-2206
-2803
-3178
-2707
-1578
-341
667
1216
1212
900
663
686
920
998
709
95
-713
-1247
-1290
-880
33
935
1495
1704
1382
935
558
-39
-509
-1063
-1986
-2786
-3431
-3743
-3567
-3140
-2334
-1471
-1129
-972
-881
-762
-132
933
2712
5299
6804
5949
3796
1439
-386
-905
-185
623
-17
-1239
-1165
-723
-218
1389
2899
3308
2945
1763
116
-1683
-2652
-2263
-2055
-2226
-2356
-2950
-3163
-2511
-1492
-124
959
1339
1395
1202
994
974
1061
1267
1236
611
-274
-1010
-1259
-640
541
1609
2193
2141
1905
1808
1480
894
212
-690
-1676
-2505
-3107
-3561
-3628
-3021
-2241
-1641
-1108
-709
-600
-594
-236
393
1442
3783
6278
6638
4885
2447
96
-1349
-844
591
586
-683
-1330
-1102
-627
550
2458
3307
2909
2239
705
-1400
-2746
-2954
-2402
-2087
-2237
-2556
-3112
-2926
-1786
-488
749
1357
1350
1194
828
741
1000
1081
1022
620
-41
-630
-1043
-768
100
1127
2078
2357
2136
1861
1478
1082
446
-463
-1427
-2556
-3309
-3571
-3843
-3720
-2994
-2150
-1577
-1343
-930
-352
-124
126
735
1847
3864
5869
5922
3764
926
-999
-1417
-594
330
-76
-1381
-1748
-1004
4
1294
2536
2953
2535
1509
-205
-2152
-3214
-3146
-2737
-2555
-2700
-3070
-3280
-2656
-1332
-50
947
1444
1398
1147
788
564
580
705
885
623
36
-427
-621
-99
936
1947
2673
2748
2556
2230
1551
846
-93
-1158
-1960
-2793
-3270
-3284
-3170
-2563
-1906
-1489
-962
-545
96
715
609
402
722
2403
5166
6635
5872
3363
95
-1802
-1332
299
823
-270
-1161
-1235
-656
1042
2663
3160
3077
2533
1204
-920
-2916
-3634
-3441
-2928
-2489
-2887
-3439
-3221
-2299
-814
503
1228
1629
1466
1109
824
542
617
687
610
445
-158
-541
-315
238
1121
1887
2431
2652
2335
1887
1129
47
-830
-1666
-2487
-3084
-3483
-3561
-3208
-2376
-1410
-911
-750
-458
-80
254
604
734
1091
2638
4712
5736
4892
2389
-359
-1735
-1169
183
458
-302
-973
-1046
109
1755
2648
3140
2868
1521
-103
-1933
-3372
-3863
-3837
-3258
-2964
-3360
-3295
-2754
-1773
-250
777
1269
1632
1428
980
591
100
-66
-72
-256
-345
-688
-1013
-521
294
1234
2173
2444
2343
2053
1440
772
-146
-1195
-1946
-2689
-3347
-3513
-3165
-2453
-1625
-1038
-910
-957
-727
-90
581
686
420
805
2560
5081
6272
5017
2431
53
-915
-236
740
581
-459
-787
25
1175
2342
2932
2871
2627
1670
62
-1746
-3315
-3663
-3310
-2979
-2604
-2732
-2670
-1779
-835
331
1319
1635
1963
1790
1127
612
22
-71
144
0
-54
-297
-552
-114
704
1701
2509
2849
2835
2285
1513
741
-293
-1284
-2030
-2667
-3161
-3327
-2925
-2218
-1646
-1172
-818
-693
-450
27
313
258
-211
-327
1191
3638
5391
5296
3239
819
-995
-1276
96
531
-140
-405
-353
302
1152
1744
2205
1827
1053
45
-1895
-3541
-4128
-4107
-3341
-2598
-2503
-2352
-2065
-1448
-281
720
1472
1790
1272
561
9
-367
-269
-51
56
88
-141
-333
-192
269
1170
2249
2916
2990
2506
1497
333
-574
-1269
-1809
-2313
-2982
-3413
-3294
-2694
-1692
-850
-433
-218
-249
-152
97
-30
-341
-382
677
3243
5528
5711
4118
1723
-456
-1125
-180
671
254
-497
-372
288
1015
1870
2218
1937
1479
302
-1539
-3053
-3951
-3983
-3186
-2423
-2118
-2076
-1892
-1182
-165
880
1748
1852
1277
563
-163
-470
-179
272
648
609
282
145
197
692
1572
2458
3154
3223
2704
1638
304
-573
-1155
-1485
-1739
-2320
-2634
-2614
-2190
-1292
-767
-448
23
361
574
287
-472
-1030
-1228
-796
1015
3667
5409
5552
4048
1548
-227
-722
143
1230
765
1
-409
-582
538
1428
1491
1660
843
-371
-1509
-3093
-3751
-3598
-3139
-2139
-1934
-2212
-2052
-1743
-623
762
1310
1372
733
-269
-630
-542
-138
428
607
413
-57
-496
-336
303
1256
2234
2614
2230
1380
380
-453
-915
-1278
-1701
-2125
-2488
-2656
-2614
-2149
-1243
-475
-133
-20
-46
-284
-731
-969
-862
-887
-553
1244
3855
5407
5221
3730
1607
-148
-460
638
1095
272
-114
-74
91
876
1211
952
795
352
-362
-1466
-2727
-3195
-3180
-2591
-1588
-1432
-1495
-1167
-907
-216
619
951
1007
609
129
34
40
358
822
886
705
326
-12
74
573
1461
2240
2438
2071
1167
179
-488
-870
-1157
-1639
-1990
-2058
-2048
-1716
-1286
-833
-326
-149
-65
-231
-834
-1163
-1233
-1040
-590
3
1831
4474
6073
6138
4525
1964
48
-520
328
1009
521
32
-384
-575
197
896
1197
1397
864
-226
-1578
-2791
-3189
-2921
-2269
-1647
-1530
-1653
-1605
-1205
-500
259
794
917
704
251
-182
-103
264
594
838
504
-186
-540
-301
485
1233
1678
2032
1870
1208
455
-502
-1180
-1360
-1477
-1612
-1996
-2442
-2314
-1734
-1054
-461
-338
-552
-742
-966
-1302
-1607
-1573
-1125
-537
809
3285
5329
5931
5099
3063
803
-592
-363
399
-25
-557
-857
-1201
-498
441
948
1361
1057
491
-452
-1837
-2463
-2811
-2782
-2027
-1935
-2072
-1742
-1558
-877
63
635
1061
954
718
696
392
412
752
782
779
471
-118
-321
-96
571
1312
1812
2113
1862
1144
308
-437
-812
-845
-775
-921
-1445
-1946
-2022
-1665
-957
-319
-145
-280
-524
-858
-1142
-1275
-1093
-736
13
2288
5106
6369
5845
3891
1477
-60
-136
759
646
-529
-1177
-1307
-650
627
1251
1459
1418
856
92
-1015
-2055
-2551
-2745
-2350
-1888
-2047
-2116
-1881
-1289
-213
662
1131
1116
751
543
367
249
402
653
787
580
-19
-644
-827
-257
746
1639
2213
2115
1347
334
-590
-995
-935
-707
-562
-1096
-2049
-2473
-2236
-1468
-624
-384
-603
-934
-1173
-1259
-1305
-1248
-1005
-737
291
2834
5324
6246
5621
3479
798
-825
-828
30
-50
-754
-937
-1102
-580
634
1072
1261
1465
1011
90
-1180
-2414
-3146
-3266
-2647
-2016
-2002
-1958
-1637
-1111
-267
574
1057
1045
743
497
311
255
480
747
709
229
-394
-755
-667
-44
943
1840
2319
2123
1253
189
-575
-664
-342
-229
-512
-1294
-2250
-2489
-2012
-1306
-563
-236
-271
-500
-981
-1191
-1061
-992
-672
-76
831
2824
5281
6659
6186
3824
1131
-526
-963
-32
392
-341
-536
-513
-188
909
1386
1450
1484
1053
469
-937
-2641
-3278
-3482
-3026
-2012
-1779
-1697
-1304
-828
25
670
867
976
871
953
963
513
331
320
70
-151
-509
-864
-750
-250
678
1633
2167
2342
1912
949
-16
-605
-680
-631
-859
-1450
-2397
-2956
-2617
-1877
-897
-15
142
-192
-724
-1341
-1635
-1604
-1131
-159
820
2609
5071
6040
5178
3161
881
-155
-222
338
793
-200
-1044
-829
-346
681
1276
1004
895
371
-590
-1470
-2572
-3106
-2799
-2447
-1884
-1480
-1597
-1310
-674
-186
329
479
435
760
902
766
601
215
55
68
-361
-770
-1008
-1036
-274
744
1504
2125
2120
1774
1278
304
-373
-658
-1012
-1252
-1731
-2442
-2868
-2807
-2041
-880
-74
97
-186
-599
-984
-1192
-1238
-1024
-313
601
2225
4681
6153
5832
4093
1735
109
-395
252
1172
839
-42
-612
-740
118
1089
1340
1314
858
-73
-1017
-2003
-2621
-2577
-2160
-1282
-726
-861
-863
-933
-701
137
649
925
1047
875
732
360
94
182
87
-37
-387
-1002
-1144
-677
317
1445
2134
2386
2132
1397
557
-237
-851
-1235
-1583
-1942
-2544
-3218
-3235
-2476
-1276
-192
173
-5
-344
-775
-1107
-1191
-1036
-727
-186
1012
3244
5558
6324
5195
2906
593
-489
-109
935
1207
90
-942
-976
-511
393
986
927
862
407
-278
-1127
-2297
-2715
-2395
-1786
-909
-806
-1232
-1293
-1151
-537
211
534
797
794
539
366
22
-172
-27
-37
-263
-664
-975
-773
-139
817
1717
2130
2013
1576
973
263
-549
-1343
-2029
-2537
-2859
-3037
-2961
-2591
-1937
-989
-26
451
306
-349
-1002
-1290
-1378
-1185
-543
235
1407
3519
5636
6159
4891
2791
860
-218
50
1246
1326
182
-595
-1015
-663
563
1172
1222
1031
523
-68
-940
-1602
-1904
-1978
-1228
-501
-576
-847
-1112
-1033
-442
223
685
775
679
607
269
-5
89
261
344
170
-190
-493
-507
78
960
1685
2078
1922
1452
738
-241
-1141
-1813
-2247
-2518
-2739
-2926
-2854
-2281
-1408
-441
379
582
177
-507
-1104
-1341
-1247
-894
-417
21
750
2575
4930
6025
5339
3414
1224
-167
-95
1126
1358
153
-576
-860
-895
-261
215
306
458
623
551
-172
-1328
-2174
-2318
-1695
-875
-589
-892
-1375
-1504
-1137
-468
199
596
755
712
461
253
176
211
471
556
257
-107
-319
-102
532
1171
1552
1435
923
398
-323
-1229
-1882
-2303
-2447
-2264
-2183
-2106
-1842
-1460
-690
-1
220
190
-469
-1188
-1285
-1201
-776
-209
142
690
1633
3505
5367
5436
4170
2285
469
-71
503
1159
784
-279
-761
-946
-779
-115
188
372
722
737
231
-824
-1931
-2404
-2151
-1342
-659
-692
-1053
-1388
-1422
-876
-253
204
587
667
667
552
385
552
668
676
553
62
-249
-220
36
629
965
903
724
278
-237
-685
-1111
-1326
-1389
-1337
-1143
-1133
-1151
-982
-682
-207
121
113
-127
-498
-646
-465
-91
383
709
970
1508
2777
4391
5131
4675
3274
1489
339
296
884
904
196
-409
-904
-910
-268
53
91
212
129
-235
-901
-1757
-2473
-2591
-2005
-1335
-987
-917
-1129
-1417
-1356
-926
-465
-15
390
490
388
304
261
292
318
262
52
-172
-255
-344
-383
-234
2
135
138
43
-256
-712
-1069
-1232
-1216
-1129
-1108
-1204
-1358
-1342
-1110
-755
-350
-151
-186
-186
-83
-39
-59
124
683
1342
2372
3927
4627
4084
3144
1918
802
309
635
1211
731
90
-216
-878
-742
-140
-54
214
66
-592
-1117
-1729
-2006
-2007
-1665
-816
-496
-564
-581
-959
-1102
-711
-236
191
341
348
371
356
552
812
782
621
433
150
-114
-297
-345
-194
72
330
412
220
-45
-241
-401
-448
-457
-672
-1019
-1235
-1279
-1136
-840
-574
-321
-169
-88
184
330
275
271
235
465
940
1368
2131
3145
3825
3763
2838
1661
750
351
851
1505
1103
305
-209
-733
-848
-570
-424
-407
-544
-711
-1085
-1691
-1982
-1983
-1592
-878
-483
-458
-770
-1172
-1267
-1107
-668
-269
-100
105
118
-45
-46
-12
114
231
146
49
-204
-502
-470
-280
-28
151
133
112
-22
-189
-205
-300
-484
-676
-862
-934
-938
-848
-602
-364
-238
-103
17
36
129
179
301
591
770
1450
2260
2556
2969
2724
1942
1574
1029
888
883
723
941
389
-42
59
-587
-527
-249
-729
-775
-1029
-1417
-1487
-1635
-1440
-1318
-1202
-748
-715
-752
-719
-922
-894
-791
-659
-341
-253
-195
-73
-97
65
222
199
268
191
32
56
-5
-29
138
216
219
197
103
89
101
8
-125
-297
-468
-476
-360
-175
11
-16
-65
27
38
15
46
154
374
618
973
1206
1177
1171
1329
1577
1762
1882
1835
1554
1274
1004
762
751
850
887
809
533
76
-273
-379
-321
-290
-374
-491
-828
-1211
-1228
-1150
-1025
-809
-810
-888
-978
-1179
-1219
-1062
-865
-589
-376
-235
-179
-268
-238
-114
-73
-48
-59
-120
-264
-448
-460
-393
-246
24
117
13
-102
-240
-337
-341
-295
-289
-331
-292
-309
-431
-443
-345
-229
-83
149
361
394
442
606
742
827
918
1014
1102
1208
1221
1015
908
970
873
859
1014
909
588
429
410
183
-114
-215
-468
-699
-722
-864
-878
-803
-877
-898
-1022
-1108
-1036
-998
-881
-826
-830
-716
-589
-353
-96
-10
17
2
43
115
4
-58
-14
-43
18
111
156
254
283
278
334
242
64
-48
-136
-142
-101
-141
-173
-186
-200
-150
-89
13
133
212
276
310
363
404
390
402
451
512
522
495
472
460
522
598
682
817
870
869
814
708
654
523
355
204
-10
-139
-175
-128
-27
-84
-172
-217
-274
-304
-369
-418
-432
-460
-464
-463
-424
-407
-358
-221
-207
-186
-97
-150
-192
-184
-178
-107
17
155
215
179
109
-12
-122
-137
-81
-41
-42
-58
-142
-292
-402
-429
-375
-204
-30
43
42
-32
-111
-87
-22
72
139
109
13
-153
-325
-380
-313
-173
-41
12
89
106
86
130
97
82
113
53
-7
-113
-246
-263
-259
-224
-145
-57
3
-31
-46
-8
-48
-43
-3
-36
-63
-89
-103
-110
-111
-45
13
72
131
190
215
178
318
413
373
422
392
293
159
81
184
138
147
301
235
188
132
-25
-101
-142
-57
66
108
214
187
75
80
55
50
38
-51
-83
-155
-260
-324
-364
-325
-270
-211
-121
-70
-67
-103
-186
-266
-315
-345
-357
-351
-336
-349
-385
-340
-235
-153
-81
-2
51
74
117
141
131
147
113
69
72
73
74
81
123
217
320
411
487
507
542
543
507
547
538
484
464
420
404
409
406
458
481
465
443
350
274
232
239
283
290
313
288
148
62
35
-41
-114
-169
-236
-304
-354
-373
-409
-447
-423
-387
-393
-381
-376
-440
-478
-518
-584
-664
-757
-761
-722
-680
-627
-621
-620
-581
-541
-446
-364
-320
-277
-235
-200
-200
-227
-245
-252
-244
-214
-207
-171
-93
0
109
214
292
348
357
313
318
350
373
419
412
366
353
350
390
454
511
569
573
572
574
555
531
524
533
518
457
392
317
216
141
91
45
8
-33
-78
-110
-154
-201
-180
-136
-114
-109
-129
-187
-283
-376
-450
-531
-595
-594
-567
-552
-530
-494
-449
-397
-313
-217
-152
-106
-100
-135
-158
-143
-106
-87
-116
-139
-131
-132
-81
7
80
145
187
230
255
261
290
334
365
387
398
375
338
323
327
376
456
531
599
619
611
593
560
556
561
541
514
461
366
276
200
127
102
60
9
40
52
24
12
-43
-86
-88
-93
-126
-186
-248
-313
-382
-456
-525
-579
-588
-592
-577
-530
-480
-432
-389
-387
-396
-379
-345
-299
-276
-284
-287
-301
-314
-322
-370
-384
-366
-336
-275
-221
-187
-143
-98
-47
1
30
45
42
38
43
46
45
92
156
196
260
319
360
413
433
429
412
385
356
320
316
292
210
138
97
73
75
77
89
92
54
41
9
-32
-37
-56
-76
-78
-102
-126
-174
-234
-274
-317
-334
-333
-342
-326
-283
-219
-152
-113
-81
-60
-66
-45
-6
-28
-21
21
23
-3
-18
-34
-62
-69
-29
2
28
68
85
124
179
191
189
198
191
193
229
282
324
371
418
444
460
476
497
533
543
530
515
464
409
362
299
241
178
140
110
82
93
104
94
68
11
-31
-66
-104
-131
-163
-191
-185
-208
-257
-299
-354
-412
-447
-450
-454
-474
-466
-421
-377
-343
-332
-337
-331
-321
-308
-276
-248
-211
-195
-185
-163
-181
-193
-173
-160
-131
-95
-95
-78
-40
-17
2
40
64
82
95
117
154
190
234
277
303
352
393
408
441
456
431
396
337
278
233
168
121
77
18
9
1
-13
-24
-42
-34
-46
-84
-122
-191
-217
-212
-211
-200
-213
-230
-250
-300
-339
-369
-396
-403
-400
-381
-362
-346
-327
-298
-288
-281
-247
-240
-241
-214
-208
-206
-183
-154
-128
-106
-83
-65
-51
-33
-10
17
58
85
108
154
207
262
300
333
364
398
459
509
540
580
598
609
643
650
634
606
568
540
512
481
441
375
311
256
217
210
206
221
217
188
159
114
72
35
10
-2
-17
-45
-80
-125
-165
-213
-252
-278
-288
-299
-335
-350
-350
-366
-375
-359
-348
-355
-371
-382
-391
-422
-424
-426
-442
-431
-425
-415
-395
-371
-340
-313
-261
-198
-156
-121
-94
-61
-8
45
106
173
220
262
310
353
390
424
459
487
507
508
493
466
444
446
420
377
345
285
231
197
146
99
76
52
27
3
-27
-74
-121
-143
-176
-209
-215
-230
-249
-267
-293
-323
-360
-375
-390
-418
-421
-429
-440
-433
-434
-426
-403
-391
-375
-347
-335
-319
-305
-295
-282
-276
-254
-219
-198
-165
-117
-88
-59
-16
1
14
42
95
168
223
285
327
338
357
376
396
429
461
493
511
521
519
519
518
503
481
458
434
403
379
347
311
276
239
209
188
170
160
140
109
83
42
1
-18
-39
-52
-49
-33
-32
-59
-86
-116
-159
-186
-190
-198
-212
-228
-237
-242
-251
-247
-229
-226
-214
-203
-205
-203
-209
-219
-222
-201
-179
-168
-171
-170
-173
-178
-160
-133
-106
-65
-21
15
52
72
90
115
144
171
185
200
235
258
255
261
243
225
229
215
217
217
206
205
200
171
131
83
42
19
0
-7
-22
-54
-85
-103
-122
-139
-146
-137
-123
-122
-134
-153
-196
-226
-234
-247
-256
-267
-285
-293
-318
-343
-361
-381
-381
-379
-362
-342
-325
-303
-278
-251
-233
-217
-199
-195
-191
-170
-155
-139
-117
-98
-68
-9
62
126
171
209
232
236
261
295
318
337
367
390
388
391
389
378
382
395
400
398
393
391
375
358
347
323
301
285
259
228
198
160
134
107
77
60
46
30
28
12
-8
-28
-42
-52
-72
-88
-102
-123
-149
-174
-196
-226
-258
-283
-304
-316
-310
-285
-250
-230
-216
-197
-177
-163
-159
-162
-175
-188
-199
-211
-208
-200
-174
-132
-80
-43
-18
7
30
59
86
110
120
132
143
143
151
166
176
182
185
185
189
192
197
203
206
203
199
181
174
154
133
129
111
91
64
33
14
-1
-20
-14
-20
-31
-36
-48
-51
-52
-61
-59
-67
-102
-120
-143
-176
-204
-227
-248
-262
-263
-243
-218
-187
-159
-139
-116
-97
-96
-102
-116
-137
-146
-156
-148
-141
-144
-130
-113
-91
-54
-27
-7
24
50
81
95
105
126
139
151
173
185
181
168
149
140
127
127
133
130
136
136
130
124
117
112
104
99
101
80
59
39
17
2
-8
-4
-11
-23
-31
-50
-60
-63
-49
-35
-34
-36
-57
-75
-91
-99
-108
-127
-145
-150
-149
-132
-103
-74
-37
-14
11
27
24
20
7
-8
-21
-20
-13
-4
5
18
34
52
78
105
122
124
143
162
171
172
179
188
192
200
211
206
194
189
176
158
151
141
134
120
110
112
95
89
88
79
73
58
34
5
-30
-57
-67
-80
-97
-116
-138
-148
-158
-160
-154
-146
-151
-163
-171
-184
-194
-205
-213
-221
-234
-241
-244
-236
-225
-212
-193
-176
-155
-138
-132
-128
-129
-130
-128
-127
-117
-107
-98
-87
-65
-40
-21
-5
15
28
48
64
79
93
98
113
126
141
150
149
149
148
144
137
123
116
114
115
114
119
119
116
116
113
109
102
95
89
77
64
53
39
31
21
11
3
0
2
0
-1
-9
-12
-12
-17
-15
-21
-23
-31
-42
-49
-55
-53
-57
-50
-42
-39
-34
-26
-20
-13
-10
-15
-17
-18
-15
-16
-11
8
20
21
22
24
21
24
28
34
37
34
40
33
32
36
31
36
42
39
33
25
21
18
9
7
7
9
10
4
4
5
2
5
4
-4
-11
-17
-21
-20
-16
-17
-23
-33
-39
-42
-45
-41
-32
-26
-21
-18
-22
-30
-34
-39
-37
-35
-39
-38
-31
-22
-19
-20
-25
-23
-20
-14
-8
-14
-23
-27
-28
-17
-12
-5
9
13
12
11
8
4
3
0
6
5
9
18
16
19
18
19
21
17
14
8
-1
-8
-10
-13
-11
-12
-13
-17
-25
-23
-19
-18
-16
-18
-15
-20
-24
-24
-27
-28
-24
-23
-25
-30
-27
-25
-26
-20
-7
0
-1
5
3
-3
-10
-11
-6
-5
-5
1
2
6
11
11
13
15
17
13
7
10
19
27
41
51
55
56
57
55
48
44
46
47
47
43
46
50
52
55
57
58
60
63
61
52
40
27
16
10
7
4
1
3
6
11
7
6
2
-1
0
-2
-4
-7
-13
-20
-26
-28
-32
-37
-38
-36
-34
-33
-34
-32
-32
-33
-35
-37
-38
-37
-31
-25
-18
-17
-20
-17
-16
-15
-16
-16
-10
-8
-5
-5
-7
-4
1
6
10
10
7
3
-1
-9
-11
-13
-9
-5
0
5
9
10
9
11
10
9
10
10
4
-1
-2
-9
-12
-15
-18
-20
-21
-20
-21
-19
-19
-19
-19
-18
-19
-20
-20
-19
-21
-19
-17
-19
-19
-18
-17
-17
-14
-9
-6
-6
-10
-10
-14
-15
-10
-8
-3
-2
-1
-2
0
3
4
4
4
8
11
14
18
23
26
30
34
33
33
30
30
32
31
33
35
39
41
40
39
39
41
46
46
48
45
42
37
26
22
21
17
13
10
12
12
11
11
7
-1
-6
-6
-7
-7
-8
-8
-10
-12
-14
-18
-22
-18
-15
-16
-13
-16
-24
-30
-34
-34
-33
-28
-18
-17
-14
-11
-9
-10
-8
-8
-8
-4
-5
-3
-4
-6
-2
-1
-3
-4
-1
2
6
7
7
5
4
7
6
1
5
6
5
7
8
6
5
6
6
4
0
1
-1
-5
-7
-13
-19
-21
-21
-21
-21
-21
-21
-22
-28
-28
-29
-28
-23
-24
-21
-18
-17
-14
-17
-15
-12
-13
-13
-11
-14
-18
-18
-15
-10
-7
-5
-1
1
2
5
9
8
13
14
16
14
12
15
12
11
8
8
9
10
14
17
19
25
29
29
28
25
23
18
19
15
12
13
12
13
14
12
13
10
9
10
5
5
4
2
-2
-4
-3
-3
-5
-5
-3
-6
-6
0
-4
-5
-2
2
-1
-2
1
4
5
5
5
2
0
-2
-3
-8
-8
-6
-2
2
6
9
10
14
18
21
20
22
22
20
15
9
10
7
6
5
4
6
7
7
10
11
14
15
12
11
7
3
0
0
-2
-5
-8
-7
-9
-13
-14
-15
-13
-13
-11
-10
-14
-15
-17
-18
-22
-27
-29
-33
-35
-39
-41
-40
-39
-33
-25
-25
-23
-24
-22
-23
-23
-20
-23
-24
-24
-24
-27
-28
-27
-24
-20
-14
-7
-3
3
4
8
12
15
13
15
17
15
15
10
8
5
8
12
17
20
22
28
32
34
33
34
34
33
34
31
30
26
22
20
17
15
16
14
10
11
13
12
14
12
8
8
3
0
-4
-5
-5
-5
-7
-11
-14
-12
-10
-8
-8
-10
-10
-8
-7
-10
-13
-14
-12
-9
-8
-8
-6
-9
-12
-13
-12
-8
-7
-3
4
6
12
13
15
16
13
10
7
4
1
0
0
1
3
6
6
10
14
15
14
15
17
14
15
15
13
10
8
10
10
10
9
6
6
3
4
6
5
2
1
0
-1
-2
-5
-8
-11
-11
-11
-14
-13
-12
-13
-12
-12
-13
-11
-12
-11
-14
-16
-17
-14
-11
-11
-9
-10
-11
-14
-16
-16
-16
-14
-13
-8
-8
-7
-9
-10
-12
-16
-16
-15
-17
-16
-16
-17
-18
-15
-14
-13
-8
-4
1
1
3
4
4
6
6
5
6
6
3
5
3
1
1
5
6
6
7
10
11
12
11
10
9
11
11
13
11
9
9
7
8
7
10
10
12
13
10
8
8
7
6
8
11
12
15
13
11
8
7
5
4
6
8
9
10
9
10
10
8
8
12
10
8
8
8
8
5
6
9
8
6
8
7
7
6
5
5
3
2
3
1
0
-1
-2
-2
-6
-4
-7
-5
-6
-8
-9
-10
-8
-5
-6
-5
-7
-11
-11
-12
-17
-22
-21
-16
-18
-19
-14
-14
-17
-16
-12
-15
-20
-19
-19
-22
-22
-19
-14
-13
-14
-13
-13
-10
-9
-9
-6
-3
0
-2
-3
-2
-2
-5
-4
1
-2
-4
2
6
-1
-3
0
0
-7
-8
-2
3
11
19
23
21
18
14
5
-2
-9
-2
-3
3
16
15
12
3
7
3
-6
-3
8
13
4
-3
-1
-4
-17
-20
-16
-6
7
11
17
18
8
-5
-13
-14
-19
-21
-17
-5
-3
-7
-6
-3
-1
6
10
21
33
35
29
26
19
7
-3
0
4
12
29
40
50
53
58
51
35
22
18
18
18
28
41
45
45
46
51
47
45
45
35
38
39
35
30
21
16
9
-4
-8
-4
-9
-2
3
10
7
-18
-19
-33
-66
-62
-64
-67
-51
-39
-31
-23
-17
-7
-22
-28
-17
-31
-52
-49
-54
-54
-52
-52
-27
-43
-51
-26
-35
-35
-27
-8
-2
-21
-14
-19
-41
-31
-21
-29
-28
-27
-24
-25
-35
-33
-30
-17
1
0
19
16
4
25
19
10
21
10
6
-22
-40
-23
-44
-90
-67
2
113
98
84
470
478
-31
-144
-109
-511
-895
-548
50
-102
23
812
769
154
142
156
-477
-820
-407
-249
-345
174
673
476
374
557
222
-334
-322
-177
-389
-304
192
319
218
384
421
64
-151
-91
-217
-378
-165
106
91
144
358
313
71
0
-8
-165
-248
-96
34
58
165
273
230
156
125
28
-85
-84
-49
-61
-48
52
117
58
28
48
17
-51
-50
-18
-48
-62
-50
-65
-106
-100
-56
-73
-60
12
48
34
-8
-10
-3
-82
-129
-82
-38
-41
-68
-4
83
-43
-139
-29
-19
-61
-49
32
294
292
31
-11
-45
-297
-546
-417
-41
-73
-8
509
538
148
69
10
-388
-600
-393
-262
-175
242
498
414
478
465
72
-195
-179
-289
-371
-56
192
143
290
474
213
-55
-18
-154
-401
-284
-79
-91
-17
193
171
5
9
-58
-267
-290
-211
-232
-174
35
135
81
144
175
8
-81
-62
-112
-142
-59
-3
-16
20
83
35
-5
48
29
-14
44
81
41
49
60
-9
-11
34
2
-19
40
65
-11
-3
76
5
-51
47
73
10
72
140
72
42
81
65
11
36
100
55
46
109
79
34
36
41
27
11
-2
-19
-15
-14
-39
-10
-12
-43
-4
28
-36
-49
30
37
-8
7
72
43
-16
28
15
-52
-15
32
17
-24
0
-18
-88
-39
-17
-35
63
113
88
27
-97
-194
-272
-271
-167
-164
210
723
434
325
531
70
-391
-329
-208
-407
-484
67
26
-382
-63
-9
-443
-299
13
-206
-216
233
135
-221
-8
70
-210
-86
222
215
288
498
456
303
297
206
3
6
20
-125
-76
18
-134
-198
-105
-215
-306
-189
-149
-192
-167
-80
-52
-104
-60
4
1
2
-5
29
35
-14
27
82
80
114
157
120
81
84
6
-86
-32
-2
-39
16
79
49
-8
-31
-40
-87
-108
-42
1
-2
24
42
21
-18
-27
8
-1
0
60
90
17
-25
17
31
-25
2
109
116
64
105
118
24
-28
-20
-28
-38
11
73
63
55
67
6
-68
-69
-56
-63
-69
17
112
46
28
114
67
-60
-52
57
42
-12
87
125
51
67
128
78
30
47
29
-12
-21
-10
-27
-15
42
52
46
57
12
-21
-22
-68
-93
-47
-4
-23
-7
96
107
17
5
40
-40
-163
-154
-68
-112
-138
0
133
117
69
120
89
-89
-209
-172
-156
-230
-187
32
120
65
120
179
19
-167
-186
-185
-290
-284
-70
44
35
140
213
93
-88
-157
-176
-354
-372
-111
-9
-15
143
317
216
-24
-32
-48
-308
-356
-118
11
42
162
326
274
45
-50
-57
-157
-239
-136
72
134
130
273
298
80
-57
-44
-53
-128
-73
131
170
112
186
204
51
-69
-24
52
-22
-18
138
158
53
55
117
37
-57
-10
40
-7
-53
12
40
-52
-78
1
37
-52
-37
108
60
-81
-5
77
-47
-126
28
103
4
0
134
123
14
15
41
-7
-51
-20
34
43
36
89
114
58
26
69
-3
-110
-44
17
-69
-113
34
96
-39
-11
159
113
-63
-37
76
-66
-194
-54
18
-62
-34
96
132
26
-14
23
-116
-255
-204
-145
-125
-68
92
230
180
117
104
-57
-236
-257
-246
-269
-179
29
125
156
240
202
2
-89
-123
-264
-338
-213
-92
-82
-3
152
139
49
18
-72
-169
-159
-160
-148
-5
84
42
59
127
60
-91
-60
62
-30
-89
78
132
46
16
56
46
-94
-118
-12
-10
-29
20
114
119
36
29
34
-43
-72
-7
32
41
73
96
96
90
105
80
55
90
78
23
17
39
23
-8
-11
17
9
-27
-18
47
30
-6
0
9
23
-9
25
89
48
30
17
-38
-8
13
-40
-31
50
88
-22
-53
103
55
-98
-29
122
44
-125
-6
146
-20
-124
60
144
4
-78
62
97
-80
-81
76
48
-42
12
90
33
-59
3
45
-37
-19
51
47
15
29
81
33
-58
-33
-22
-85
-63
-20
2
-23
-34
12
-10
-53
-61
-93
-93
-82
-69
-46
-48
-6
4
1
-7
-14
-37
-69
-45
4
-30
-81
-77
-50
-106
-144
-49
16
-7
8
80
41
-68
-116
-96
-133
-174
-67
53
82
116
150
126
26
-51
-58
-108
-128
-39
5
36
98
129
114
35
20
28
-53
-79
-62
-72
-32
-19
35
110
105
104
83
45
4
-111
-140
-73
-81
-45
36
133
127
71
114
104
-36
-84
-38
-52
-112
-53
94
74
37
146
180
69
-3
58
58
-86
-91
17
-20
-73
47
159
108
43
117
164
35
-22
48
27
-85
-77
54
83
6
47
165
106
-16
3
53
-32
-152
-83
-7
-103
-99
22
37
8
8
74
45
-33
16
28
-1
23
29
21
-5
-25
-13
-15
8
39
62
98
65
-27
-70
-92
-154
-184
-93
32
29
45
127
116
-29
-141
-127
-141
-220
-163
16
81
91
125
180
119
-32
-81
-90
-175
-234
-168
-62
-38
-25
97
144
46
-33
-22
-84
-222
-234
-134
-130
-122
22
154
153
94
106
65
-82
-157
-154
-142
-83
-21
88
182
193
160
85
26
-34
-147
-183
-111
-93
-55
66
145
165
145
133
90
-66
-142
-99
-152
-118
39
131
164
146
160
128
-41
-95
-31
-72
-86
-28
54
90
45
72
126
75
28
42
53
21
-35
-48
-35
-53
-69
12
124
158
174
167
105
-10
-135
-146
-135
-136
-8
141
155
158
159
106
8
-63
-51
-93
-125
-45
43
41
47
102
99
14
-51
-51
-65
-121
-102
-1
6
-31
17
67
48
5
31
78
15
-52
-34
-75
-132
-98
-22
51
61
94
144
78
-33
-42
-62
-142
-159
-78
15
19
33
133
135
13
-15
-8
-70
-134
-135
-13
49
-2
56
119
28
-54
-67
-70
-75
-83
2
63
35
42
21
-50
-75
-115
-117
-39
20
37
62
45
-38
-105
-116
-115
-133
-102
14
72
53
79
62
-30
-107
-158
-112
-63
-58
62
167
131
66
24
-7
-80
-160
-109
-35
-19
50
131
151
120
59
18
-35
-137
-187
-134
-31
35
107
229
239
121
12
-65
-129
-216
-192
-14
98
135
237
289
191
10
-101
-116
-203
-251
-81
111
173
219
285
262
62
-136
-142
-157
-237
-161
66
188
165
191
267
153
-74
-132
-103
-181
-224
-60
99
120
142
236
236
69
-65
-94
-180
-259
-184
-35
67
119
190
238
150
23
-44
-106
-202
-226
-128
-29
33
110
198
200
83
14
-8
-114
-205
-155
-53
-29
12
138
170
81
35
21
-60
-161
-145
-63
-46
-9
94
143
99
38
9
-60
-169
-162
-81
-23
6
69
140
89
-19
-43
-83
-174
-174
-78
13
32
77
130
85
-29
-90
-124
-171
-191
-122
-2
34
75
146
123
25
-69
-116
-153
-197
-141
-17
40
78
118
112
51
-31
-96
-119
-116
-104
-44
44
92
90
94
98
56
-17
-53
-39
-64
-73
14
76
69
74
96
72
-4
-13
17
-15
-39
27
73
40
42
89
75
20
28
60
31
-7
17
34
2
-10
5
11
6
9
36
56
45
17
12
-3
-46
-69
-55
-19
14
48
93
102
67
41
9
-36
-64
-75
-62
-3
49
75
96
108
90
29
-33
-65
-78
-90
-51
35
73
66
67
51
3
-59
-65
-36
-62
-48
25
45
33
44
50
12
-40
-31
-31
-68
-41
9
5
-11
13
29
-10
-25
6
9
-11
-10
9
0
-48
-50
-9
-9
-23
2
28
7
-37
-38
-20
-71
-88
-34
-29
-54
-45
-4
5
-37
-28
8
-28
-58
-33
-20
-42
-61
-26
-1
-31
-14
41
37
-2
-5
-8
-44
-77
-48
-19
-29
-11
38
51
23
23
38
10
-38
-34
-15
-31
-35
8
42
35
35
61
63
18
-3
8
1
-24
-15
20
28
25
40
52
35
8
5
15
5
-3
25
40
30
20
29
35
12
2
27
35
14
16
30
27
-2
-9
8
4
-14
-8
24
28
3
14
31
5
-23
-17
5
-1
-12
13
40
18
12
27
19
0
-9
-2
1
-13
-7
12
12
11
16
16
12
9
2
-14
-17
-8
-12
-10
7
19
6
0
18
26
13
5
10
-8
-27
-29
-18
-23
-33
-16
7
3
1
10
12
-13
-32
-24
-20
-38
-32
-3
9
1
-2
18
16
-14
-23
2
-7
-39
-29
-1
-11
-31
-7
20
-1
-20
5
9
-31
-40
-22
-18
-34
-29
2
-1
-27
-16
2
-23
-45
-21
2
-27
-37
-3
-2
-44
-37
7
-6
-33
-6
23
-9
-40
-6
9
-38
-37
12
17
-10
-6
32
15
-28
-5
17
-18
-36
-1
24
7
-5
31
39
-1
-1
19
8
-18
-12
23
17
6
43
67
50
29
31
27
2
-7
19
29
18
31
48
38
18
19
25
20
8
28
39
25
26
37
32
17
16
26
16
2
19
31
17
14
23
22
7
2
11
6
-12
-4
6
-1
-4
9
21
10
0
3
4
-12
-13
5
6
-11
-6
6
-5
-19
-16
-11
-20
-35
-23
-14
-28
-37
-24
-13
-22
-20
-3
-6
-30
-31
-22
-29
-37
-20
-4
-19
-25
-15
-19
-30
-26
-9
-14
-29
-21
-12
-21
-18
-4
7
1
-5
5
2
-5
-1
8
8
-1
0
11
-1
-11
0
4
-8
-13
1
3
-6
3
20
13
-8
-3
8
-9
-18
2
15
5
0
17
13
-8
-8
3
-5
-21
-14
1
-2
-14
-2
9
-9
-21
-8
-9
-23
-24
-2
8
-7
-5
13
2
-15
-8
7
4
-4
5
17
8
-3
13
23
8
-7
11
16
-5
-5
17
21
6
15
33
18
-3
14
32
21
12
27
41
21
14
29
27
10
11
24
28
19
25
40
31
14
15
22
9
-2
12
26
17
12
26
28
10
4
15
4
-6
4
18
16
9
14
16
-3
-13
-12
-17
-20
-18
-2
0
-4
-8
-8
-17
-28
-29
-28
-31
-32
-21
-19
-17
-16
-13
-20
-29
-36
-41
-41
-31
-22
-10
0
-2
-6
-18
-29
-42
-45
-38
-24
-16
-6
3
1
-7
-14
-19
-23
-29
-24
-12
-3
3
5
11
8
-3
-5
-6
-8
-11
-6
2
6
0
3
8
3
1
6
11
1
-5
5
10
4
7
17
15
9
9
18
11
8
13
17
13
8
15
18
12
12
14
9
3
-3
2
-1
-4
0
7
6
6
10
15
10
2
5
0
-11
-9
0
3
7
10
14
4
-3
-2
-4
-7
-7
5
11
9
11
19
15
6
6
9
4
1
7
12
10
10
14
13
6
1
4
7
3
7
13
14
8
9
12
6
3
7
7
2
1
3
6
1
2
10
7
2
5
6
2
-1
0
2
0
-3
2
4
-1
1
3
-1
-6
-8
-6
-9
-13
-11
-7
-10
-13
-9
-8
-13
-14
-13
-13
-17
-21
-17
-16
-18
-14
-8
-8
-8
-12
-13
-17
-25
-21
-18
-17
-17
-9
-8
-12
-14
-9
-10
-15
-14
-7
-6
-9
-9
-5
-6
-10
-9
0
1
-5
0
3
-2
-5
-2
0
-2
-2
5
4
3
5
9
6
5
4
6
4
3
6
10
10
8
10
11
7
6
2
3
1
2
3
3
7
4
4
7
3
3
2
3
7
7
12
17
15
13
8
5
4
3
2
7
8
8
11
12
10
8
10
9
6
6
9
11
12
12
13
13
11
7
8
9
7
11
15
13
11
12
12
9
9
12
10
8
8
6
5
5
2
3
-1
-2
-5
-6
-5
-8
-8
-4
-2
-4
-5
-4
-8
-12
-10
-7
-9
-7
-5
-1
-1
0
0
0
-5
-6
-4
-7
-6
-8
-11
-14
-18
-18
-17
-15
-16
-14
-12
-10
-9
-10
-10
-12
-14
-15
-17
-17
-14
-14
-10
-6
-5
-5
-7
-7
-10
-11
-8
-4
-6
-6
-3
-4
-4
-3
-4
-5
-5
-3
-1
0
-1
0
-2
0
-1
-3
-5
-3
-3
-1
1
2
2
-1
-1
-1
-1
1
0
-2
-1
1
2
4
6
7
6
6
8
9
10
12
15
14
13
13
12
8
9
11
13
15
13
13
11
8
6
5
3
5
6
8
7
7
7
3
3
5
4
2
5
4
4
6
6
7
9
7
9
8
10
11
10
11
9
9
8
9
7
9
7
7
8
6
4
4
4
1
1
2
2
0
-1
-2
-4
-4
-5
-4
-4
-4
-5
-1
-3
-4
-5
-5
-7
-8
-8
-7
-7
-8
-7
-5
-7
-8
-7
-7
-10
-11
-12
-15
-17
-15
-11
-9
-9
-8
-7
-10
-10
-11
-14
-14
-15
-14
-13
-15
-10
-11
-12
-9
-10
-12
-11
-8
-5
-7
-6
-3
-7
-10
-7
-5
-5
-6
-5
-3
-3
-2
1
1
5
5
6
5
5
5
5
8
6
9
8
9
6
6
6
2
2
1
1
0
2
2
1
1
2
3
2
2
4
5
6
6
8
9
6
6
7
5
4
3
4
5
4
5
6
7
7
6
5
6
7
6
6
8
9
11
11
11
11
11
11
10
11
10
9
9
9
8
6
7
8
9
12
10
11
11
11
10
7
7
4
3
4
4
5
4
4
2
2
2
2
1
1
1
-2
-3
-3
-4
-6
-4
-2
-4
-5
-6
-8
-12
-12
-11
-13
-14
-12
-13
-15
-14
-13
-13
-14
-11
-10
-11
-10
-10
-8
-8
-9
-9
-10
-12
-13
-13
-14
-15
-16
-15
-14
-14
-16
-14
-16
-15
-15
-14
-15
-14
-13
-11
-11
-10
-5
-6
-5
-2
1
0
-1
1
2
1
0
2
5
6
9
10
10
13
13
12
14
14
12
11
12
13
14
13
13
13
11
10
8
9
10
10
10
11
12
11
12
11
10
10
9
8
9
6
4
6
3
4
1
1
0
-2
-4
-5
-5
-6
-6
-6
-5
-2
0
2
2
1
1
-1
-1
1
1
0
1
-1
1
-1
-3
-3
-2
-2
-4
-1
-3
-1
2
1
2
0
1
3
3
5
5
6
6
7
7
6
5
4
5
2
1
2
2
2
3
4
4
3
3
0
2
1
0
1
0
3
3
2
4
1
2
1
0
-2
-3
-6
-6
-8
-7
-5
-8
-6
-7
-9
-6
-6
-8
-7
-6
-7
-6
-7
-9
-8
-10
-5
-5
-7
-6
-7
-8
-11
-13
-12
-13
-11
-9
-8
-8
-9
-10
-9
-10
-9
-10
-9
-8
-6
-7
-7
-8
-6
-5
-5
-5
-2
-1
-1
-1
0
1
3
3
3
4
6
5
6
7
7
8
9
13
11
8
11
11
11
10
10
11
8
5
7
5
4
6
5
6
9
7
7
6
7
4
3
3
5
7
4
4
5
6
6
6
2
2
3
2
2
3
3
1
3
2
2
3
1
3
5
3
4
5
4
3
3
2
3
5
5
6
9
7
5
4
2
2
2
2
2
2
3
0
1
0
2
2
0
0
2
-1
-1
-3
-3
-5
-6
-3
-2
-4
-5
-4
-5
-3
-4
-4
-4
-5
-5
-6
-7
-6
-5
-5
-6
-8
-7
-9
-10
-8
-8
-7
-5
-3
-2
-3
-5
-5
-7
-7
-6
-7
-6
-8
-10
-9
-10
-9
-9
-13
-15
-14
-15
-15
-17
-15
-16
-14
-10
-10
-10
-9
-7
-10
-7
-7
-7
-5
-4
-1
0
3
5
8
9
8
8
8
7
7
8
7
10
11
16
16
15
16
16
16
16
15
15
12
14
15
15
14
13
12
10
8
9
11
10
9
6
8
10
9
6
5
5
5
3
3
4
3
3
1
0
-1
-2
-3
-4
-6
-5
-4
-6
-3
-3
-5
-5
-5
-2
-4
-4
-5
-5
-6
-5
-6
-4
-4
-4
-3
-1
-2
-2
-1
1
2
1
4
4
3
4
6
5
5
4
5
3
2
1
2
3
3
2
2
2
1
1
0
-3
-2
-2
0
-3
-2
-2
-2
-5
-3
-3
-5
-4
-3
-3
-4
-4
-3
-5
-4
-3
-2
-2
-1
-2
-5
-5
-5
-6
-7
-7
-6
-4
-4
-5
-5
-8
-7
-8
-10
-10
-12
-11
-9
-11
-9
-9
-10
-9
-9
-10
-11
-10
-9
-8
-8
-6
-7
-6
-6
-7
-8
-9
-7
-7
-7
-6
-3
-2
0
1
4
4
5
5
5
6
7
7
9
10
11
13
15
17
17
18
17
16
15
15
14
13
14
15
16
17
17
18
17
17
16
15
14
13
13
12
12
11
10
10
8
7
6
3
1
0
0
0
-1
-1
-1
-2
-2
-4
-4
-5
-6
-8
-9
-9
-10
-9
-9
-11
-8
-9
-8
-6
-7
-5
-6
-4
-5
-5
-5
-5
-3
-3
-2
-2
-2
1
-2
-3
-2
-2
-4
-5
-5
-4
-3
-1
-2
-1
-1
-1
-2
0
-1
-3
-3
-3
-1
-2
-2
-2
0
0
1
0
0
0
-2
-2
-3
-6
-3
-1
-2
-1
-1
0
0
-4
-5
-7
-8
-9
-7
-9
-9
-10
-9
-9
-11
-11
-11
-10
-10
-11
-10
-8
-7
-8
-6
-6
-4
-4
-5
-4
-4
-3
-2
-1
-1
-3
-4
-4
-1
-2
0
-1
0
2
1
3
3
4
4
7
7
7
8
8
7
7
10
9
10
12
14
15
14
16
17
18
16
17
17
18
19
18
18
17
17
17
16
17
15
15
16
15
16
15
15
15
13
12
12
10
10
7
6
3
0
0
-2
-3
-5
-3
-4
-5
-5
-8
-10
-11
-13
-15
-16
-16
-15
-17
-17
-16
-18
-18
-18
-18
-19
-18
-15
-15
-17
-16
-13
-12
-12
-8
-8
-10
-8
-8
-5
-5
-5
-5
-6
-5
-3
-4
-2
-2
-3
-2
-1
-3
-2
-2
-1
-2
-2
-1
-2
-2
-3
-3
-3
-4
-3
-2
-1
-1
-1
-1
2
2
2
2
1
3
4
2
5
3
3
5
4
3
2
1
0
1
1
4
5
4
5
5
3
3
2
2
2
-1
0
2
0
0
-1
0
0
0
0
2
1
-1
-1
-1
-1
-3
-1
0
-1
-1
0
1
1
2
5
4
4
6
4
5
7
8
11
13
14
14
12
11
11
9
11
10
10
10
10
9
10
9
8
8
9
10
8
8
8
6
6
5
5
4
4
4
3
3
2
0
1
-2
-2
-1
-4
-3
-1
-1
-3
-5
-6
-6
-7
-6
-8
-8
-9
-9
-7
-10
-12
-13
-13
-13
-14
-13
-13
-12
-12
-13
-13
-12
-13
-14
-13
-12
-12
-11
-13
-12
-12
-14
-14
-14
-14
-12
-11
-10
-8
-6
-4
-4
-4
-3
-1
-2
-1
0
0
-1
-1
0
0
0
1
2
3
6
6
4
4
3
6
7
9
11
12
13
14
13
11
10
10
11
12
11
10
13
12
11
12
10
8
9
8
7
7
5
4
3
2
2
1
-2
-2
-3
-4
-3
-3
-2
-3
-2
-1
-1
-2
-1
-2
-1
0
0
0
0
1
0
-1
-1
-1
0
-1
-2
-4
-3
-2
-2
-1
0
2
2
3
2
0
0
0
2
2
3
4
4
8
8
7
8
5
3
3
4
4
3
3
6
5
4
4
3
0
0
-2
0
2
0
-1
2
2
3
3
3
1
3
2
-1
-1
-2
-2
-4
-3
-4
-5
-5
-6
-6
-7
-7
-7
-7
-7
-8
-5
-6
-5
-4
-6
-7
-8
-9
-11
-11
-12
-11
-10
-10
-9
-9
-9
-8
-8
-7
-7
-7
-7
-7
-7
-8
-8
-7
-10
-10
-9
-8
-7
-9
-8
-9
-8
-7
-6
-7
-5
-3
-3
-2
0
2
3
4
8
6
8
11
11
12
12
13
14
15
18
16
16
18
18
17
14
14
13
13
11
12
12
11
12
10
10
8
8
7
7
8
6
6
7
6
6
6
5
7
6
4
3
0
0
0
-1
0
-2
-2
1
0
0
1
0
0
-1
-2
-2
-3
-3
-3
-4
-5
-5
-6
-6
-5
-5
-5
-4
-5
-4
-4
-3
-4
-3
-4
-2
-2
-1
-2
-3
-5
-5
-7
-8
-9
-7
-6
-6
-4
-4
-4
-4
-3
-4
-3
-2
-3
-2
-3
-1
-2
-3
-6
-4
-4
-5
-4
-4
-2
-3
-3
-1
-2
-3
-1
-2
-2
2
-2
1
1
0
0
-1
0
-1
0
0
3
1
0
2
2
2
0
2
1
-3
-2
-3
-5
-5
-5
-6
-6
-4
-3
-4
-3
-3
-2
-2
-1
0
1
4
2
1
0
0
2
2
1
2
0
0
-1
-1
-2
-2
-2
-1
0
0
1
4
3
2
2
3
5
1
2
3
2
4
4
3
4
4
2
4
5
5
7
7
9
9
9
8
10
7
8
8
8
9
8
9
9
8
8
7
9
8
7
8
8
6
7
6
5
6
5
5
4
2
2
0
-3
-2
-4
-4
-3
-2
-1
-2
-1
0
-3
-4
-6
-6
-4
-5
-3
-4
-5
-5
-5
-7
-7
-8
-8
-7
-7
-7
-6
-6
-5
-6
-6
-6
-6
-6
-6
-6
-6
-6
-8
-9
-7
-7
-6
-6
-5
-3
-4
-4
-5
-4
-3
-5
-5
-7
-6
-5
-5
-6
-5
-5
-4
-5
-4
-4
-6
-6
-3
-4
-4
-4
-2
-1
-2
-1
-2
0
1
1
1
3
2
3
3
5
3
2
4
3
4
5
4
3
4
4
4
2
1
2
1
0
0
-1
-1
0
-2
-1
-1
-1
0
0
1
3
4
3
5
5
5
6
6
6
6
6
7
8
7
7
6
7
7
6
6
5
7
8
9
12
9
11
12
12
11
10
10
10
9
9
10
10
9
10
11
9
10
7
8
10
8
8
5
4
3
1
0
0
-2
-3
-4
-4
-4
-6
-7
-5
-5
-3
-4
-5
-5
-5
-8
-8
-6
-7
-9
-9
-10
-11
-11
-10
-12
-11
-12
-14
-15
-16
-16
-15
-14
-14
-15
-14
-16
-15
-13
-15
-15
-13
-12
-12
-11
-11
-8
-8
-8
-5
-3
-5
-3
-3
-3
-2
-5
-4
-5
-7
-5
-4
-4
-3
-1
-1
1
1
2
4
6
7
7
7
5
7
9
7
5
5
6
6
4
3
4
5
6
9
9
8
8
9
10
11
10
11
11
10
9
9
7
6
7
5
6
8
8
7
6
7
6
6
5
5
4
3
5
4
5
5
4
5
5
6
4
3
3
2
1
-1
0
3
5
4
2
3
3
3
4
3
1
3
1
1
2
0
3
1
4
3
4
6
5
3
3
1
0
0
0
-2
-2
-2
-1
-3
-3
-3
-3
-4
-4
-3
-4
-5
-6
-6
-6
-6
-4
-6
-8
-7
-8
-8
-10
-9
-10
-11
-10
-12
-11
-12
-14
-12
-10
-12
-10
-7
-6
-5
-6
-5
-5
-6
-6
-4
-5
-5
-3
-5
-4
-3
-3
-3
-1
0
-3
-3
-3
-2
-5
-5
-6
-6
-6
-7
-7
-5
-6
-6
-6
-4
-3
-2
1
0
0
2
3
5
5
5
5
7
6
4
6
4
4
4
4
5
6
7
8
7
8
7
9
8
11
10
9
8
7
7
5
6
5
7
6
8
8
6
6
6
7
6
9
8
9
10
9
9
7
10
7
6
6
6
5
3
3
2
2
4
3
2
3
5
3
4
5
4
4
4
3
3
2
1
4
2
1
1
1
4
2
0
1
1
1
1
0
0
1
-1
1
-2
-1
-3
-2
-3
-6
-6
-7
-7
-7
-7
-9
-10
-6
-6
-7
-7
-8
-8
-10
-12
-14
-16
-16
-16
-17
-17
-16
-15
-16
-16
-13
-14
-14
-11
-11
-11
-12
-9
-7
-5
-4
-2
-3
-1
-2
-3
-3
-5
-4
-5
-4
-4
-4
-2
-1
-1
0
-1
0
-1
-1
-1
-2
-1
-2
-2
0
1
3
2
3
5
7
7
7
8
10
11
11
13
14
15
15
14
14
14
15
13
15
14
12
11
11
9
7
7
7
7
3
4
4
3
4
3
2
2
3
4
3
2
3
3
3
3
4
1
3
3
5
5
3
3
2
1
0
0
1
-1
-1
0
0
-2
-2
-2
-2
-2
-1
0
1
1
0
0
0
0
1
0
0
-1
-2
-1
-1
1
1
0
0
1
0
0
0
1
1
0
-1
-1
0
0
0
2
2
1
0
0
-3
-3
-3
-4
-3
-3
-2
-3
-4
-5
-6
-5
-8
-7
-8
-9
-7
-7
-8
-9
-9
-9
-11
-10
-7
-8
-9
-7
-7
-6
-7
-5
-6
-7
-8
-7
-8
-9
-9
-9
-8
-8
-7
-7
-8
-7
-7
-7
-5
-4
-2
-4
-2
0
0
1
1
0
-1
0
1
3
4
5
6
6
7
6
6
4
4
6
4
5
5
6
6
7
9
9
8
7
9
7
6
7
7
8
8
8
10
10
10
10
10
8
6
7
7
9
9
10
10
8
10
10
8
8
8
7
8
7
6
6
3
3
4
2
1
1
1
-1
1
1
1
2
3
2
0
-1
0
-1
-3
-2
-3
-4
-4
-3
-2
-3
-3
-4
-4
-5
-5
-5
-7
-7
-5
-4
-3
-3
-1
-2
-1
-1
-2
-3
-2
-1
-2
-3
-1
-1
-2
-1
-1
-3
-4
-3
-5
-4
-5
-5
-6
-4
-3
-4
-6
-5
-6
-7
-7
-7
-8
-9
-7
-8
-8
-6
-6
-7
-6
-6
-5
-7
-9
-8
-10
-10
-11
-11
-10
-9
-10
-8
-8
-7
-6
-4
-5
-4
-4
-3
-2
-2
-2
-1
1
2
4
5
5
6
7
7
7
5
5
3
0
3
4
2
2
4
5
5
3
2
2
2
2
2
2
1
1
2
5
6
4
6
8
9
10
9
8
8
9
7
9
8
8
8
10
12
11
10
10
10
10
9
11
9
9
9
10
9
8
9
8
7
7
9
8
8
9
9
9
7
7
8
7
8
5
5
4
4
4
4
2
-1
0
-2
-2
-3
-4
-5
-6
-7
-9
-9
-10
-8
-10
-10
-11
-11
-11
-13
-13
-12
-11
-11
-12
-13
-11
-13
-12
-11
-10
-10
-10
-10
-8
-8
-7
-5
-4
-6
-5
-5
-4
-6
-5
-5
-6
-6
-5
-6
-6
-4
-6
-6
-9
-9
-8
-8
-8
-8
-8
-7
-6
-7
-7
-8
-9
-9
-8
-7
-6
-5
-5
-5
-6
-6
-7
-7
-4
-3
-2
-2
-2
-2
-2
-1
1
1
5
6
7
8
9
9
12
11
11
12
11
12
11
11
12
11
13
12
14
16
15
14
13
13
13
10
11
13
11
11
12
14
13
12
12
11
10
10
8
7
7
4
5
5
7
6
5
6
6
7
5
4
4
3
1
1
2
1
1
0
1
0
2
0
-1
-2
-1
1
0
2
0
2
3
2
3
0
-1
-3
-4
-4
-4
-6
-5
-4
-5
-6
-7
-7
-8
-9
-8
-8
-8
-7
-6
-7
-6
-7
-7
-6
-6
-8
-8
-8
