14
13
11
10
9
7
6
8
8
9
8
8
10
8
7
7
8
6
7
8
9
8
8
8
7
6
6
4
3
2
3
3
6
7
6
6
4
6
5
5
4
5
4
3
2
3
3
4
2
-2
-2
-2
-2
-1
-3
-2
-3
-2
-1
-4
-4
-4
-5
-5
-4
-6
-7
-9
-10
-9
-8
-8
-9
-8
-8
-9
-12
-12
-14
-15
-14
-14
-15
-13
-13
-11
-11
-10
-10
-10
-11
-11
-11
-11
-10
-10
-9
-7
-9
-9
-6
-8
-8
-7
-7
-4
-6
-1
-2
0
1
2
2
2
2
0
0
0
0
2
4
4
2
3
4
4
5
5
6
6
7
5
4
6
4
5
4
5
4
6
6
5
7
7
7
8
8
7
6
6
4
3
5
6
2
3
6
6
4
4
5
4
5
4
1
-1
0
0
0
2
2
0
1
1
2
0
1
3
4
4
6
6
7
6
6
5
5
4
3
4
3
5
6
6
6
9
7
8
8
7
5
5
3
3
2
2
2
3
4
4
1
0
0
-1
-3
-4
-5
-4
-4
-2
-1
-2
-3
0
-1
-3
-5
-6
-7
-8
-7
-10
-8
-7
-8
-7
-8
-9
-9
-10
-10
-8
-9
-9
-8
-8
-7
-7
-6
-7
-6
-7
-7
-7
-7
-5
-6
-6
-7
-8
-8
-7
-5
-3
-3
-1
-2
-1
-2
-3
-4
-5
-5
-5
-6
-5
-5
-4
0
1
-1
0
-1
-2
0
-1
-2
-3
-3
-1
2
3
3
5
5
5
5
3
4
3
1
4
4
7
9
10
11
10
9
7
7
5
4
5
5
3
7
7
7
9
7
6
4
2
-1
-1
-3
-2
-2
-2
-1
-1
2
0
1
3
4
5
5
7
6
4
5
5
4
4
6
7
9
9
9
11
10
9
10
10
8
8
7
7
9
6
6
7
6
6
6
6
2
0
0
-2
-1
-1
-1
-2
-3
-3
0
0
0
0
0
1
1
-1
-3
-4
-3
-3
-5
-5
-6
-6
-8
-7
-10
-11
-9
-9
-9
-8
-7
-7
-7
-9
-10
-11
-12
-14
-13
-16
-16
-14
-13
-13
-13
-12
-10
-11
-12
-13
-13
-13
-14
-15
-16
-11
-11
-10
-10
-8
-8
-8
-7
-8
-6
-7
-5
-4
-4
-2
1
2
4
6
6
6
7
9
7
8
10
10
10
11
12
10
7
11
11
11
12
11
12
12
12
14
11
12
13
13
13
14
18
15
18
19
17
17
15
15
11
10
9
7
6
7
7
6
7
4
6
6
5
1
0
0
1
0
-2
0
-1
0
-2
-3
-6
-9
-9
-8
-7
-10
-13
-10
-9
-9
-9
-7
-9
-9
-7
-7
-10
-10
-7
-5
-5
-3
-3
-3
-1
-1
-3
-2
-1
-3
-1
0
0
-2
1
5
6
2
1
3
3
3
2
2
1
4
4
4
4
3
3
4
6
4
5
4
4
3
3
0
-1
-2
-5
-4
-2
-4
-3
-2
-2
-5
-7
-6
-10
-11
-10
-14
-15
-13
-12
-9
-7
-5
-6
-8
-7
-9
-12
-10
-12
-11
-12
-12
-12
-12
-7
-7
-5
-6
-7
-6
-6
-6
-8
-9
-8
-7
-5
-4
-3
-2
-1
-1
1
0
1
2
2
4
5
8
9
9
9
8
6
6
6
6
10
11
12
15
16
17
18
17
18
16
16
17
17
19
18
18
18
18
19
17
15
16
14
13
13
11
12
13
13
12
9
8
6
4
7
4
1
3
3
6
9
5
1
-1
0
-1
-3
-4
-6
-6
-5
-3
-5
-7
-10
-11
-10
-10
-13
-15
-16
-15
-14
-14
-14
-15
-15
-12
-10
-12
-13
-13
-11
-9
-10
-12
-11
-11
-9
-9
-8
-9
-10
-6
-5
-3
-5
-7
-6
-5
-1
-1
-2
-5
-2
-1
1
-1
-3
0
-1
1
0
-2
-1
-2
-1
-1
0
-4
-5
-4
-3
-2
-3
-4
-6
-6
-4
-6
-7
-9
-8
-5
-5
-2
-1
0
2
1
1
2
0
0
2
3
3
4
3
4
4
6
4
1
1
2
5
4
6
8
9
8
10
8
9
6
4
5
5
5
5
7
11
12
14
14
12
11
11
12
10
8
8
8
11
14
15
15
15
14
13
11
9
7
5
7
7
5
5
6
6
6
6
6
4
6
7
5
5
1
1
0
-1
-2
-3
-6
-5
-7
-6
-6
-8
-7
-7
-7
-10
-10
-9
-10
-9
-8
-9
-9
-11
-10
-10
-12
-13
-11
-9
-9
-9
-10
-11
-9
-8
-11
-13
-13
-14
-10
-8
-9
-9
-9
-8
-8
-7
-7
-8
-10
-7
-5
-3
-5
-7
-8
-8
-3
-4
-1
-2
0
2
3
2
-1
-3
-5
-6
-6
-6
-6
-1
2
5
6
6
4
3
3
3
4
4
5
6
8
10
10
11
8
8
6
5
5
5
6
6
7
9
8
11
8
4
2
1
1
3
-1
-1
-1
0
1
1
0
-4
-4
-3
-4
-5
-8
-7
-6
-2
-2
0
-2
-3
1
2
2
0
-1
-2
1
2
3
4
5
8
10
11
11
11
9
10
13
13
11
9
11
11
14
16
14
16
16
17
16
14
13
12
12
13
14
10
10
9
7
7
7
7
5
4
2
-2
-4
-9
-9
-9
-8
-6
-6
-4
-4
-6
-6
-9
-10
-11
-12
-15
-17
-16
-16
-15
-19
-19
-20
-19
-17
-19
-20
-24
-24
-25
-21
-20
-23
-23
-22
-21
-20
-20
-19
-20
-18
-14
-14
-14
-13
-12
-7
-3
-1
0
-1
2
3
7
7
7
7
8
10
11
11
9
10
11
10
10
10
10
10
12
12
12
11
10
13
13
10
8
7
7
7
6
6
4
4
5
7
7
6
5
5
6
5
7
4
4
3
2
1
-1
-4
-3
0
0
3
4
4
5
4
5
4
1
1
3
3
2
5
3
1
1
4
6
5
7
6
7
9
7
5
1
4
6
7
7
8
7
7
7
7
3
2
3
3
2
5
5
3
4
8
7
6
7
4
2
2
3
3
0
1
1
0
0
0
0
0
-1
-1
-3
-4
-3
-5
-9
-9
-11
-10
-10
-10
-8
-11
-11
-9
-12
-14
-16
-18
-19
-19
-18
-19
-18
-15
-16
-17
-14
-14
-15
-15
-13
-13
-13
-14
-13
-11
-13
-12
-12
-12
-12
-11
-12
-12
-9
-9
-7
-5
-4
-4
-1
0
1
1
3
5
4
5
4
5
7
8
12
12
13
10
12
13
13
15
12
11
12
14
13
14
13
12
14
14
11
10
9
9
10
11
9
8
7
9
10
13
11
9
10
10
9
7
3
2
3
2
4
3
1
2
2
4
2
2
2
1
2
2
-1
-2
-3
-3
-5
-3
-2
-3
-2
-3
-1
-3
-5
-5
-4
-3
-3
-3
-2
-1
0
2
3
4
4
3
3
4
4
4
6
8
9
10
9
11
8
7
7
5
5
4
5
3
2
4
2
3
3
0
-1
-2
-3
-3
-2
-2
-1
-2
-2
-5
-8
-10
-11
-10
-11
-8
-10
-11
-12
-13
-14
-15
-14
-16
-16
-14
-15
-15
-17
-19
-17
-18
-17
-16
-17
-17
-17
-16
-14
-15
-16
-17
-18
-20
-19
-16
-16
-14
-14
-11
-7
-7
-7
-5
-5
-5
-5
-4
-3
-1
1
-1
2
7
7
11
12
12
11
14
15
16
18
18
18
19
19
18
17
18
19
18
20
20
18
17
19
20
18
17
15
17
18
15
16
16
17
20
18
19
16
14
12
9
10
8
7
6
6
6
4
3
2
2
1
-2
-3
-5
-3
-1
-3
-3
-4
-7
-7
-8
-8
-8
-7
-7
-6
-5
-5
-4
-4
-4
-2
-2
-3
-4
-4
-4
-3
-1
-3
-2
-2
0
1
-1
-2
-2
-4
-3
-4
-5
-6
-5
-4
-2
-3
-4
-5
-7
-9
-9
-9
-9
-9
-9
-9
-9
-5
-5
-5
-3
-4
-5
-5
-6
-8
-6
-7
-8
-6
-8
-9
-9
-11
-9
-8
-7
-6
-4
-5
-7
-7
-8
-9
-12
-12
-10
-10
-8
-7
-7
-5
-5
-6
-4
-5
-6
-10
-11
-10
-11
-12
-9
-3
-1
0
1
0
-2
-3
-2
-2
-2
1
1
6
5
6
4
3
4
4
7
9
10
8
12
14
16
16
14
14
12
14
16
15
15
16
18
19
20
23
22
21
21
22
21
17
17
15
14
15
15
18
17
18
18
17
16
15
10
9
9
6
5
5
3
3
4
5
3
1
2
0
-1
-2
-2
-4
-4
-6
-8
-6
-9
-11
-10
-10
-9
-8
-10
-13
-12
-12
-10
-11
-13
-13
-15
-12
-9
-8
-9
-10
-10
-11
-13
-13
-16
-17
-16
-14
-14
-13
-13
-12
-12
-10
-8
-11
-10
-7
-10
-9
-10
-11
-10
-7
-6
-6
-4
-4
-3
-7
-7
-9
-10
-9
-10
-9
-6
-3
0
-1
-4
-2
-1
-2
-3
-5
-3
-2
1
4
1
1
3
4
5
3
1
3
5
7
6
6
8
7
7
9
7
5
4
7
5
2
1
3
4
5
5
4
5
8
6
3
3
2
4
5
3
3
2
3
4
4
4
4
8
10
9
8
7
9
10
9
8
6
5
7
8
7
6
8
11
14
13
11
11
10
13
9
8
7
9
11
10
10
8
8
10
11
9
6
4
5
6
3
3
-2
0
4
1
1
-4
-5
-3
-2
-2
-6
-5
-3
-2
-3
-7
-11
-11
-9
-9
-10
-12
-13
-8
-7
-6
-10
-11
-9
-9
-12
-15
-15
-13
-10
-9
-8
-8
-9
-7
-6
-10
-10
-10
-8
-6
-6
-7
-8
-7
-3
-3
-4
-6
-5
-6
-6
-7
-8
-9
-6
-6
-7
-8
-5
-3
-4
-1
-1
-4
-2
-2
-2
-1
-5
-2
-3
-2
-3
-3
-3
-6
-2
-2
-2
0
-1
-2
1
1
-1
1
0
2
3
5
4
3
3
6
4
2
1
-2
0
3
4
3
3
4
6
8
7
5
4
6
7
8
6
7
7
8
7
6
3
5
5
6
8
8
7
5
7
9
9
10
9
9
8
11
11
10
8
6
5
7
11
12
12
14
18
19
18
15
12
10
11
10
7
6
7
10
12
8
5
4
3
5
6
5
3
4
6
5
1
-3
-7
-8
-5
-5
-9
-11
-12
-12
-10
-10
-15
-19
-16
-13
-15
-13
-17
-18
-15
-14
-13
-16
-19
-17
-14
-10
-12
-14
-16
-14
-10
-11
-14
-15
-11
-7
-6
-7
-8
-11
-7
-3
-3
-3
-6
-4
-2
0
0
-3
-4
-4
-1
-1
-2
-3
-3
-1
0
1
-3
-7
-6
-2
-1
-2
-3
-5
-2
-2
-3
-2
-7
-6
-2
-1
-1
-4
-2
0
1
2
2
-1
0
3
4
4
5
4
5
5
5
5
5
5
7
6
8
9
3
4
4
7
9
9
8
9
11
11
13
10
9
7
6
7
6
6
6
11
14
15
12
10
10
11
14
14
14
12
13
15
13
10
7
9
10
11
13
10
9
9
11
12
9
7
5
5
5
8
5
4
6
5
4
4
0
-4
-5
-4
-5
-7
-6
-6
-8
-6
-8
-8
-8
-4
-4
-6
-7
-7
-7
-8
-7
-11
-12
-12
-9
-10
-12
-11
-12
-12
-10
-11
-13
-12
-10
-10
-10
-12
-14
-12
-12
-13
-13
-16
-14
-14
-12
-12
-11
-11
-13
-11
-9
-10
-9
-7
-8
-7
-7
-7
-7
-8
-6
-4
-3
-4
-4
-4
-3
-2
-4
-6
-3
0
1
3
3
3
4
6
8
6
4
5
5
5
7
4
3
3
7
6
3
3
2
6
8
6
3
2
2
2
1
0
-1
1
3
6
7
2
0
1
2
2
3
3
4
7
7
6
6
5
7
9
10
10
10
13
13
14
12
11
12
14
16
17
16
17
18
21
19
19
17
16
17
17
17
16
15
14
13
14
12
10
10
8
9
10
9
7
7
6
6
4
2
-2
-1
1
-1
-2
-4
-6
-7
-7
-10
-15
-17
-16
-14
-14
-14
-17
-19
-18
-20
-21
-21
-21
-19
-16
-12
-13
-14
-15
-17
-14
-15
-17
-17
-18
-15
-14
-13
-15
-20
-18
-18
-17
-16
-17
-17
-17
-15
-15
-16
-17
-18
-17
-13
-12
-10
-10
-8
-5
-9
-10
-11
-10
-6
-4
-3
0
3
5
7
5
7
6
7
11
10
11
12
11
14
16
16
15
15
16
17
18
18
16
15
13
13
13
10
8
10
11
14
10
8
8
7
5
3
2
1
1
6
8
8
7
8
8
6
8
8
8
9
8
9
12
12
11
11
11
11
11
12
11
10
10
11
11
8
7
7
7
5
6
6
4
3
6
4
2
-2
-2
-2
-2
-1
-2
-3
-4
-2
-2
-1
-4
-6
-4
-3
-4
-5
-6
-7
-6
-3
-3
-6
-6
-5
-3
-6
-9
-11
-14
-12
-13
-11
-12
-10
-10
-13
-14
-14
-16
-15
-13
-12
-12
-10
-9
-9
-7
-8
-9
-10
-12
-12
-12
-13
-12
-9
-8
-8
-6
-5
-4
-4
-3
-3
-3
-3
-5
-4
-6
-6
-6
-3
-2
-3
-2
-3
-2
-2
-1
-1
-4
-3
-1
1
0
2
2
4
6
9
8
6
5
7
11
10
10
7
9
11
12
9
6
7
10
13
13
12
7
7
10
9
8
6
5
6
8
9
8
4
3
6
5
4
1
0
0
4
1
2
3
2
4
1
1
0
1
2
1
3
1
0
2
2
1
-2
-4
-2
0
-1
1
-1
-1
0
-1
1
0
0
1
0
-1
-1
-3
-2
-3
-2
0
1
3
1
3
4
3
5
4
4
5
6
10
8
8
10
9
13
11
9
7
6
8
6
6
3
1
-1
-2
-5
-3
-6
-6
-5
-7
-7
-8
-7
-10
-11
-10
-11
-10
-9
-10
-11
-11
-10
-8
-9
-10
-10
-8
-7
-9
-8
-9
-10
-9
-11
-11
-11
-10
-10
-9
-7
-8
-9
-9
-10
-10
-11
-12
-9
-9
-6
-7
-7
-6
-7
-9
-8
-6
-3
-2
-4
-1
-1
0
1
-2
0
-1
1
3
2
2
1
1
5
4
6
4
3
7
8
10
9
9
9
12
13
12
10
8
11
11
14
12
11
12
9
11
8
8
8
8
11
12
9
9
10
10
10
7
4
4
6
5
4
4
3
4
4
5
3
3
2
3
4
3
1
0
1
0
-2
-2
-1
0
0
1
1
0
0
2
1
3
2
2
1
1
3
3
4
3
2
2
4
2
-1
-1
-4
-2
-2
-1
-2
-1
0
1
-3
-2
0
-3
-3
-5
-4
-5
-6
-7
-8
-7
-6
-9
-10
-10
-8
-8
-8
-7
-10
-9
-7
-7
-8
-9
-8
-8
-7
-7
-7
-6
-7
-6
-7
-9
-9
-10
-11
-8
-8
-8
-8
-7
-8
-7
-6
-6
-7
-4
-4
-5
-4
-5
-5
-7
-4
-5
-8
-6
-4
-4
1
1
-2
-2
-2
-3
-2
-2
-1
0
1
2
1
1
4
6
5
3
7
7
7
10
10
11
11
11
12
10
10
11
9
12
11
11
12
12
12
8
9
10
10
11
11
11
11
10
11
13
14
13
14
15
13
15
13
10
8
8
9
8
8
7
9
8
9
7
5
4
1
1
0
0
0
-1
-1
-2
-1
-2
-2
-3
-4
-4
-3
-4
-5
-7
-8
-10
-12
-14
-11
-12
-12
-12
-10
-9
-8
-6
-8
-11
-10
-10
-9
-6
-7
-5
-6
-3
-3
-6
-4
-4
-5
-5
-3
-4
-4
-2
-2
-3
-2
-4
-5
-3
-4
-6
-6
-7
-5
-8
-7
-5
-5
-7
-7
-8
-10
-9
-10
-9
-10
-11
-8
-5
-5
-3
-3
-3
-5
-6
-9
-9
-10
-10
-10
-8
-6
-5
-4
-2
-2
-1
-5
-6
-3
-1
1
0
1
2
4
8
10
10
9
10
13
12
14
12
9
10
10
9
12
12
14
14
16
20
17
18
15
15
16
17
18
17
15
15
15
14
12
11
10
9
9
9
8
9
9
9
7
5
3
4
4
3
5
2
1
0
1
1
0
-1
-3
-1
0
1
-2
-3
-3
-3
-3
-3
-5
-6
-5
-6
-5
-7
-9
-10
-12
-10
-11
-12
-12
-12
-14
-12
-11
-12
-13
-14
-13
-12
-15
-14
-15
-16
-17
-16
-16
-16
-15
-13
-10
-10
-9
-6
-5
-4
-4
-5
-5
-4
-1
0
1
2
3
6
4
6
5
5
5
5
5
7
7
6
6
7
6
5
7
9
8
9
9
9
6
3
4
4
1
2
0
1
1
-1
0
-4
-2
-4
-4
-2
-3
-4
-4
-5
-7
-7
-7
-8
-8
-9
-6
-5
-3
-1
0
0
0
-1
0
1
4
4
5
6
8
9
8
7
8
8
8
9
8
7
7
9
8
8
6
5
7
7
8
7
9
8
7
9
10
9
8
8
9
9
8
7
6
6
8
6
4
4
5
4
4
1
1
2
3
2
0
-1
0
0
-2
1
-2
-3
-3
-7
-8
-9
-9
-9
-7
-8
-10
-12
-11
-11
-14
-12
-14
-13
-12
-13
-13
-15
-16
-16
-17
-15
-15
-15
-11
-13
-10
-11
-11
-11
-11
-11
-9
-8
-7
-5
-3
1
2
3
2
2
4
3
5
7
6
7
9
9
12
12
11
10
10
14
15
15
13
11
9
9
8
9
8
8
9
6
9
8
5
6
4
4
3
5
6
5
5
2
3
2
-3
-2
-5
-4
-3
-4
-3
-5
-4
-6
-7
-9
-11
-9
-8
-8
-7
-7
-8
-8
-7
-6
-5
-8
-8
-6
-5
-4
-5
-5
-3
-3
-2
-2
-1
-2
-1
1
0
2
0
1
2
3
3
4
5
9
9
11
9
11
12
10
10
10
10
11
10
7
9
10
9
9
11
9
10
10
9
10
7
8
5
4
3
1
3
5
4
6
6
4
1
0
2
-1
-5
-6
-5
-7
-8
-9
-10
-11
-12
-13
-11
-11
-10
-12
-12
-11
-12
-14
-15
-16
-15
-15
-15
-13
-15
-14
-12
-12
-10
-8
-9
-8
-8
-6
-5
-8
-6
-6
-4
-3
-1
0
1
4
4
2
3
4
4
6
7
7
7
7
9
9
10
9
7
7
10
8
8
9
7
7
8
7
5
7
9
8
9
9
10
7
6
5
5
6
5
2
3
4
1
3
3
3
2
4
7
3
3
1
1
2
-1
0
-4
-7
-7
-9
-7
-9
-9
-9
-7
-10
-10
-8
-9
-8
-8
-7
-6
-4
-3
-3
-2
-2
-1
-3
0
-1
-1
1
1
2
3
4
4
3
4
4
3
2
2
3
4
4
3
3
2
2
2
3
3
3
2
2
4
5
3
5
6
7
7
7
6
8
6
5
5
5
4
6
5
4
5
6
5
2
2
2
-1
1
-1
1
0
-3
-2
-4
-7
-9
-10
-10
-11
-12
-15
-13
-12
-15
-15
-14
-14
-13
-12
-10
-10
-13
-9
-6
-5
-5
-5
-7
-5
-4
-5
-3
-2
0
-2
0
1
2
4
4
4
4
3
5
4
1
1
1
2
2
3
3
0
2
1
1
3
2
2
3
4
4
4
5
5
5
4
7
4
1
2
3
2
1
1
0
0
1
0
0
1
3
4
4
6
6
6
5
5
6
3
6
7
6
8
10
10
9
6
8
7
5
5
4
5
6
6
4
5
4
3
3
3
2
1
2
2
0
0
1
1
1
-1
-2
-3
-5
-2
-4
-5
-3
-4
-4
-3
-2
0
-1
-1
0
0
-2
-1
-1
-2
-2
0
2
1
0
-1
-1
-3
-2
-1
-2
-1
-3
-3
-4
-5
-6
-7
-7
-7
-7
-8
-7
-7
-8
-7
-6
-7
-8
-9
-10
-10
-8
-8
-7
-7
-7
-8
-7
-8
-10
-10
-10
-7
-7
-6
-7
-7
-10
-10
-11
-13
-12
-11
-8
-6
-6
-4
-3
-2
-1
0
1
1
2
4
6
6
6
8
9
11
11
13
11
13
12
12
13
14
15
15
15
16
15
16
16
16
18
16
18
17
16
16
12
12
11
6
6
7
6
6
6
6
8
7
6
4
4
4
2
1
1
1
2
1
2
1
1
1
0
2
1
1
1
1
2
2
0
0
-1
-4
-3
-3
-6
-5
-6
-5
-5
-6
-7
-9
-10
-10
-11
-12
-12
-12
-13
-15
-15
-16
-14
-16
-15
-14
-13
-13
-12
-12
-11
-12
-10
-9
-7
-6
-5
-5
-6
-4
-2
-3
-3
-2
-1
0
1
3
2
4
4
2
1
3
2
2
4
4
6
6
6
5
4
3
2
1
-1
-1
0
-3
-2
-3
-3
-6
-6
-7
-9
-8
-7
-5
-4
-2
-4
-2
-2
-3
-3
-2
1
3
3
3
3
4
5
3
3
3
3
4
5
5
4
4
7
6
6
6
5
6
7
6
7
7
7
9
11
10
9
11
11
13
11
11
11
10
10
9
8
9
8
7
8
10
8
7
9
7
6
7
7
6
7
5
4
3
2
2
2
1
1
-2
0
0
-2
-2
0
-1
-2
-4
-3
-5
-4
-7
-9
-7
-9
-8
-7
-7
-8
-8
-8
-9
-9
-8
-11
-12
-11
-11
-9
-10
-6
-6
-9
-7
-7
-9
-8
-7
-8
-9
-9
-7
-9
-10
-8
-11
-9
-9
-8
-7
-8
-9
-9
-9
-9
-7
-7
-5
-2
0
1
2
4
3
3
3
4
3
4
5
4
4
6
6
6
5
6
5
4
3
4
3
2
2
1
3
2
1
-1
0
1
0
-1
0
-1
0
-1
1
1
-1
2
2
1
1
0
1
-1
-1
-1
-1
1
0
2
-1
0
0
0
1
1
1
2
3
4
6
7
7
10
8
11
12
11
11
12
14
12
11
13
12
13
14
14
13
12
14
13
12
10
10
9
7
10
7
7
7
4
3
4
3
2
-1
0
-2
-2
-5
-5
-6
-8
-7
-9
-10
-10
-13
-12
-9
-11
-11
-9
-10
-9
-8
-8
-9
-6
-6
-3
-5
-4
-3
-5
-4
-5
-5
-6
-5
-5
-7
-5
-6
-5
-6
-8
-7
-8
-6
-6
-6
-5
-5
-5
-7
-5
-7
-7
-7
-5
-7
-5
-5
-6
-7
-8
-6
-6
-7
-7
-5
-2
-1
-2
-1
-2
-2
-1
-2
0
0
1
3
3
5
5
3
4
5
6
5
3
5
5
5
3
4
2
1
1
-1
0
1
1
1
2
0
0
-1
1
1
0
1
3
0
4
3
3
4
3
5
4
5
6
5
6
4
5
6
4
5
6
5
4
5
5
2
1
1
1
1
3
2
4
5
4
3
4
4
5
6
7
7
6
7
7
8
6
7
8
8
10
12
12
12
12
14
11
11
9
8
8
7
9
7
9
6
6
4
2
0
-1
-1
-1
-4
-2
-3
-5
-5
-7
-8
-8
-11
-12
-11
-11
-11
-11
-11
-10
-10
-10
-11
-12
-12
-13
-11
-12
-12
-10
-11
-10
-12
-12
-12
-12
-12
-13
-11
-10
-11
-10
-10
-10
-10
-9
-11
-11
-8
-9
-7
-7
-6
-7
-5
-5
-5
-1
-2
-4
-2
-2
-1
-1
-1
-1
-2
1
2
2
2
1
0
0
1
0
-2
0
-1
-1
1
0
-1
0
2
3
4
5
5
6
7
7
7
7
7
8
8
7
8
7
9
11
10
11
10
11
10
10
10
9
11
10
11
10
9
10
10
8
8
7
6
7
8
7
7
8
7
7
6
5
4
3
3
3
0
0
2
3
4
4
3
4
3
3
3
5
7
6
6
5
6
6
5
3
3
4
4
5
5
6
6
3
4
1
-1
0
-4
-1
-1
-2
-2
-3
-4
-6
-7
-8
-7
-8
-8
-7
-7
-7
-6
-7
-9
-8
-9
-8
-10
-11
-10
-12
-13
-13
-12
-12
-13
-13
-13
-11
-12
-13
-12
-11
-10
-11
-11
-10
-9
-9
-12
-11
-10
-9
-10
-9
-9
-9
-9
-9
-10
-11
-11
-12
-11
-8
-8
-8
-6
-5
-3
-3
-2
-1
-2
0
-1
-1
1
2
3
3
4
6
4
3
2
2
2
2
1
4
5
5
6
7
7
8
8
9
9
10
13
12
11
12
12
15
16
16
18
18
20
19
19
18
17
15
14
13
11
11
12
14
14
12
12
12
10
11
8
7
8
7
8
7
10
8
8
5
5
4
4
6
2
3
1
-1
1
-3
-1
-2
-3
-1
-2
0
2
1
1
2
0
-1
-3
-3
-5
-4
-6
-5
-4
-5
-3
-4
-5
-6
-5
-6
-8
-7
-8
-9
-9
-11
-11
-9
-10
-10
-11
-12
-11
-11
-11
-10
-10
-10
-8
-9
-9
-11
-10
-9
-10
-11
-11
-9
-9
-10
-10
-10
-14
-12
-13
-15
-13
-13
-13
-12
-12
-13
-10
-10
-9
-10
-10
-11
-10
-9
-10
-9
-7
-7
-6
-7
-7
-5
-6
-4
-1
-2
1
3
3
5
2
5
3
7
10
10
10
12
13
12
13
12
12
13
13
13
13
12
13
11
12
12
10
11
9
10
10
10
10
10
8
7
9
9
10
9
10
10
10
13
12
14
15
14
13
12
13
12
12
11
12
10
10
12
10
14
14
13
14
11
11
10
10
7
7
9
7
6
7
6
4
2
-1
-1
-1
-2
-3
-3
-2
-4
-6
-5
-6
-8
-9
-9
-8
-10
-9
-10
-11
-12
-12
-11
-12
-12
-11
-11
-10
-10
-11
-11
-13
-12
-11
-12
-12
-12
-13
-13
-13
-14
-13
-14
-13
-13
-12
-10
-11
-11
-11
-12
-12
-14
-13
-13
-13
-12
-11
-11
-13
-14
-14
-14
-15
-15
-13
-12
-12
-10
-9
-9
-9
-9
-8
-7
-5
-4
-4
-2
-2
-1
1
2
5
5
6
8
9
11
13
12
14
15
14
14
15
13
12
11
11
11
11
12
14
13
14
12
13
12
10
11
11
12
10
11
12
10
12
12
11
11
11
10
10
11
13
15
13
14
13
10
9
7
6
4
5
7
5
9
11
7
7
6
5
2
0
0
-1
0
0
1
2
-1
0
-1
-1
-1
-2
-1
-1
0
0
0
0
-1
-3
-4
-6
-7
-6
-7
-4
-4
-4
-1
-4
-3
-6
-6
-6
-7
-5
-5
-6
-5
-5
-7
-8
-10
-8
-7
-6
-7
-5
-6
-7
-4
-5
-5
-5
-4
-5
-7
-8
-7
-8
-11
-10
-11
-10
-11
-9
-10
-10
-9
-12
-13
-13
-14
-11
-11
-11
-10
-9
-8
-7
-9
-10
-9
-11
-10
-11
-8
-6
-7
-3
-2
-3
-3
-2
-3
-1
-1
-2
0
1
2
2
4
4
3
5
3
6
8
9
9
8
8
8
8
6
6
5
7
6
7
9
9
8
8
10
8
5
6
5
5
8
9
9
11
12
13
12
12
12
11
10
10
11
13
13
13
13
14
13
12
11
8
6
5
4
6
5
6
5
5
5
3
3
3
1
2
3
2
4
3
3
2
1
0
1
2
2
0
1
2
3
1
0
-1
-3
-2
-2
-2
0
-3
-3
-5
-6
-6
-9
-8
-8
-10
-7
-6
-7
-5
-7
-6
-8
-9
-8
-9
-9
-10
-9
-11
-11
-10
-11
-10
-8
-9
-10
-8
-6
-6
-7
-6
-5
-7
-7
-7
-9
-8
-7
-6
-7
-7
-5
-8
-6
-4
-6
-5
-5
-6
-6
-6
-7
-8
-8
-6
-5
-3
-2
-4
-4
-2
-4
-6
-8
-5
-5
-3
-2
-1
-1
-1
0
1
-1
1
1
0
1
3
2
2
3
5
3
3
3
2
4
4
4
6
5
5
6
4
4
6
4
7
7
7
9
9
8
7
8
8
7
8
7
7
13
12
12
11
12
13
12
11
11
11
10
11
10
9
10
9
9
10
11
10
8
5
6
5
6
7
8
8
9
11
9
10
10
9
9
6
6
6
6
7
8
5
7
7
5
2
1
-2
-5
-3
-4
-8
-7
-6
-8
-11
-9
-11
-14
-13
-14
-15
-15
-13
-13
-13
-10
-10
-11
-10
-11
-11
-13
-12
-12
-12
-14
-13
-13
-13
-12
-12
-12
-11
-13
-11
-11
-12
-13
-13
-13
-14
-13
-11
-12
-11
-10
-9
-9
-6
-7
-6
-2
-3
-4
-1
-1
-1
-2
-1
-1
0
0
-1
0
0
0
0
1
1
1
1
2
2
4
2
2
1
0
-1
0
3
3
4
8
8
8
8
9
9
7
7
5
5
7
7
7
7
9
10
8
10
10
8
9
9
9
8
10
7
7
7
7
5
6
7
3
5
4
5
4
5
7
7
6
8
9
9
10
10
10
10
10
11
12
13
13
11
13
13
12
12
13
13
12
12
13
12
11
10
9
7
6
6
5
4
5
3
0
0
-1
-2
-4
-4
-5
-7
-8
-9
-12
-13
-15
-16
-19
-17
-17
-17
-15
-15
-15
-15
-17
-16
-17
-20
-18
-19
-17
-17
-16
-16
-18
-15
-16
-15
-16
-15
-15
-16
-15
-15
-13
-13
-13
-10
-10
-12
-13
-13
-13
-12
-10
-10
-8
-6
-4
-4
-2
-1
-1
-1
-1
0
-1
-2
-1
0
5
6
8
7
9
11
10
9
7
8
6
6
8
7
9
10
11
10
11
9
7
6
5
5
4
6
5
7
7
9
9
11
12
11
11
11
11
11
10
10
12
13
13
15
14
15
14
14
12
11
7
4
5
5
3
1
2
1
-1
-1
1
0
-2
-1
-1
-1
1
0
2
3
2
2
2
3
2
1
4
2
2
4
4
3
3
5
6
3
4
6
5
6
6
6
8
6
4
5
6
5
4
4
2
-1
-5
-6
-6
-10
-9
-7
-7
-7
-6
-8
-11
-11
-13
-15
-16
-17
-18
-17
-15
-14
-17
-15
-15
-15
-16
-15
-17
-18
-16
-16
-15
-13
-13
-15
-12
-11
-12
-10
-11
-10
-10
-9
-8
-8
-7
-6
-6
-2
-2
-3
1
-1
-2
0
1
3
3
3
6
8
8
10
9
8
6
7
6
6
9
7
7
7
8
7
6
7
7
3
4
4
1
3
4
2
2
3
2
4
5
5
6
6
8
7
6
5
6
6
5
5
8
8
10
9
11
12
12
10
9
11
12
10
11
11
10
12
11
9
10
8
6
5
4
1
0
0
-2
-2
-2
-2
-4
-4
-6
-5
-7
-6
-5
-5
-4
-2
1
2
2
4
3
2
3
4
1
2
5
5
5
6
7
7
7
8
6
5
3
3
5
3
5
2
3
2
-1
-2
-5
-3
-4
-6
-9
-7
-9
-12
-9
-11
-13
-12
-12
-17
-15
-15
-19
-18
-17
-19
-18
-18
-18
-18
-17
-18
-19
-17
-18
-19
-16
-16
-17
-12
-12
-9
-8
-7
-9
-8
-8
-8
-7
-5
-4
-3
0
3
5
6
6
6
7
5
4
3
4
5
8
8
7
10
11
12
12
13
9
9
12
8
7
7
4
4
5
6
8
10
10
11
12
10
8
9
5
5
9
10
10
11
12
11
12
11
9
9
10
8
6
7
6
5
8
8
6
6
8
7
9
10
8
8
9
7
5
3
2
3
2
0
-2
-1
-2
-1
-2
-3
-4
-7
-7
-5
-3
-4
-4
-3
-4
-6
-6
-5
-5
-5
-5
-6
-6
-4
-4
-2
-3
-2
-1
0
-1
-2
-2
-1
-2
-1
-1
-1
-1
-2
-2
-5
-3
-3
-5
-3
-5
-5
-4
-4
0
0
-1
0
-2
-4
-6
-6
-7
-7
-4
-5
-5
-4
-4
-5
-6
-9
-12
-12
-16
-13
-14
-14
-13
-13
-10
-10
-11
-10
-11
-12
-11
-10
-12
-11
-9
-9
-7
-4
-3
-4
0
0
-1
1
0
-1
1
5
4
5
8
10
11
12
12
11
9
10
10
8
12
11
13
13
13
13
12
14
11
11
10
10
10
10
12
9
8
10
8
9
8
7
6
7
8
6
7
8
7
7
8
7
6
5
5
1
1
3
0
-3
-2
-2
-3
-1
-2
-4
-1
-3
-6
-5
-6
-6
-7
-6
-5
-8
-7
-7
-6
-7
-5
-6
-6
-6
-4
-3
-2
2
2
4
5
4
4
4
3
3
2
3
1
0
2
2
0
1
1
-1
1
2
-1
0
1
-3
0
0
-2
2
4
1
1
3
0
-1
0
0
-3
1
1
-2
-2
-2
-3
-5
-4
-6
-7
-6
-5
-6
-6
-8
-9
-7
-8
-9
-9
-8
-10
-9
-8
-10
-10
-9
-9
-10
-7
-7
-8
-4
-7
-6
-5
-7
-10
-11
-8
-10
-8
-6
-5
-6
-7
-5
-3
-5
-4
-2
-3
-2
-2
0
-1
-1
2
3
3
3
3
6
5
5
4
5
4
3
6
7
9
9
10
11
13
12
12
12
12
13
12
13
15
15
15
16
16
16
14
14
14
14
14
13
15
15
16
15
15
16
15
13
11
11
11
9
9
9
10
8
6
3
3
2
-1
-2
-3
-5
-6
-6
-9
-9
-8
-10
-11
-7
-10
-11
-9
-13
-12
-13
-11
-12
-12
-11
-12
-12
-11
-12
-13
-13
-11
-12
-12
-10
-10
-11
-9
-9
-11
-10
-11
-11
-10
-8
-5
-4
-3
-1
-1
-1
-2
-4
-2
-5
-4
-4
-3
-2
-3
-2
-2
-2
-1
-1
-1
-1
-3
-1
-1
-2
-1
-1
-1
-2
-1
4
4
2
4
4
1
2
3
2
3
2
0
-1
1
0
1
1
2
2
3
5
5
1
1
0
-3
-3
-1
-2
-4
-3
-2
-2
-3
-1
-3
-3
-2
0
-1
-1
3
2
2
4
4
4
5
6
5
3
5
7
5
8
11
8
10
11
11
13
12
15
11
12
14
13
12
15
15
13
14
13
10
9
9
7
6
8
8
9
10
10
7
7
5
2
4
2
1
0
-1
-1
0
-1
0
0
-2
-2
-2
-5
-8
-6
-8
-10
-7
-9
-10
-8
-10
-12
-11
-11
-13
-14
-12
-13
-14
-13
-14
-16
-15
-14
-12
-13
-12
-10
-10
-11
-8
-8
-8
-6
-3
-6
-4
-2
-3
-4
-2
-3
-4
-1
-2
-3
-3
-5
-5
-5
-5
-6
-4
-4
-2
1
0
3
3
2
2
3
1
0
1
1
2
4
2
2
2
0
-1
3
3
2
5
7
5
6
4
4
5
4
3
2
1
1
2
0
0
1
0
0
1
2
2
3
4
2
2
2
1
2
3
1
1
2
3
1
2
1
1
1
3
1
3
7
7
8
9
9
8
9
9
8
8
9
9
8
8
8
8
7
7
5
5
6
8
6
8
11
8
8
8
7
6
5
6
4
6
6
7
7
8
5
3
3
3
3
-1
0
2
1
0
1
1
-2
-3
-3
-7
-9
-10
-13
-14
-15
-16
-17
-17
-18
-19
-16
-16
-18
-16
-17
-20
-19
-18
-18
-18
-17
-16
-14
-12
-12
-13
-13
-11
-12
-10
-9
-9
-10
-7
-4
-4
-4
-3
0
0
0
1
2
0
1
4
2
0
3
2
3
6
10
9
7
11
6
4
5
5
0
5
5
4
8
9
6
8
9
5
6
6
4
6
8
6
8
11
10
12
14
12
11
11
9
4
5
5
0
3
4
0
1
4
1
1
8
1
0
3
1
-4
1
1
-3
5
6
0
3
5
0
-1
3
0
-1
3
1
0
3
0
0
4
2
-2
1
0
-3
0
-1
-2
1
0
-4
0
1
-3
0
1
-2
-1
1
1
2
2
0
1
4
3
1
6
4
3
7
5
2
4
4
-2
2
4
-1
-1
1
-2
-5
-2
-4
-6
-4
-3
-5
-6
-5
-6
-8
-8
-8
-10
-11
-10
-9
-10
-10
-9
-11
-12
-10
-11
-12
-9
-10
-12
-9
-8
-10
-10
-6
-10
-10
-7
-8
-9
-5
-4
-6
-3
-1
-3
-3
1
-2
-4
2
2
-1
1
6
1
3
7
4
2
7
5
-2
3
5
-1
1
4
1
0
3
1
-3
2
2
-1
4
5
5
7
11
11
9
13
11
7
12
11
10
12
12
9
11
12
7
7
10
6
5
8
7
4
8
9
6
9
9
5
4
7
0
-2
2
-2
-3
1
0
-3
-1
2
-2
0
3
-1
0
4
2
0
2
1
1
-2
-1
-1
-1
1
-1
-2
-1
-1
-1
1
1
1
3
3
4
3
3
2
-1
0
-1
-2
-5
-3
-5
-4
-4
-6
-5
-6
-6
-4
-4
-6
-4
-3
-7
-5
-3
-7
-7
-6
-9
-7
-5
-10
-11
-7
-10
-13
-10
-10
-14
-13
-13
-15
-11
-10
-12
-11
-10
-14
-13
-10
-12
-10
-9
-9
-8
-7
-6
-4
-5
-5
-1
-1
-3
2
4
2
5
7
5
4
8
5
6
13
11
13
16
15
13
12
11
9
10
10
6
8
8
6
8
12
8
8
12
7
4
7
6
2
5
7
-1
1
6
3
1
7
5
1
2
5
1
-1
3
1
-1
4
5
3
6
5
4
4
2
3
1
1
2
3
1
2
4
1
2
4
4
3
3
5
0
2
5
4
3
6
6
6
5
4
4
5
5
1
2
-1
0
2
1
4
4
5
3
4
0
-5
-6
-7
-9
-9
-6
-6
-8
-5
-6
-12
-11
-13
-14
-14
-13
-14
-13
-11
-11
-9
-10
-12
-12
-13
-13
-12
-14
-12
-12
-11
-10
-8
-7
-8
-6
-6
-6
-5
-4
-3
-3
-1
-1
-4
-1
1
-1
0
2
-2
0
3
2
-2
3
3
0
1
3
-1
-1
0
-1
-5
-4
-3
-6
-6
-3
-2
-2
2
4
1
1
5
3
2
7
7
2
6
11
7
8
13
9
6
11
10
5
9
12
9
12
15
13
10
13
14
13
13
14
13
12
14
13
12
10
12
11
8
11
10
6
7
7
5
4
6
6
2
4
4
2
3
3
0
-1
0
-3
-7
-4
-3
-5
-3
-2
-3
-3
-1
-4
-7
-4
-5
-9
-8
-5
-11
-10
-7
-8
-10
-6
-6
-8
-5
-4
-8
-6
-5
-7
-6
-3
-2
-5
-1
-3
-6
-4
-5
-7
-6
-7
-8
-7
-7
-9
-7
-8
-9
-10
-10
-11
-10
-12
-13
-11
-12
-12
-8
-5
-6
-3
-1
-4
-3
-1
-3
-4
-2
-2
-4
-2
1
-2
-2
2
0
-1
3
3
2
5
5
3
4
8
6
4
8
7
4
4
3
1
1
0
-2
-1
0
1
1
1
3
1
1
0
-1
-1
-2
0
0
-2
1
3
2
3
4
4
3
5
7
6
8
7
10
9
10
10
12
15
14
16
15
14
15
13
10
9
9
8
9
11
8
8
11
8
6
7
8
5
6
7
2
1
2
1
-1
0
0
1
1
2
1
-1
-1
-2
-4
-3
-2
-5
-4
-3
-2
-4
-6
-4
-5
-4
-6
-5
-6
-7
-7
-8
-10
-9
-6
-9
-9
-6
-7
-7
-5
-4
-7
-4
-6
-10
-9
-6
-9
-10
-8
-11
-13
-10
-12
-11
-8
-10
-11
-8
-6
-10
-10
-7
-8
-6
-3
-4
-3
-2
-6
-7
-5
-9
-10
-7
-6
-6
-1
-1
-3
1
1
-2
0
3
1
1
2
2
2
4
4
4
3
6
5
4
5
4
4
6
5
6
7
8
9
9
10
9
8
6
5
5
4
1
5
6
3
4
5
7
5
7
5
2
3
4
1
3
6
3
2
5
5
4
4
4
5
6
5
7
5
5
5
5
4
2
4
3
2
4
4
3
4
5
3
5
7
5
5
9
7
6
9
8
6
8
4
4
6
2
3
3
2
1
3
3
0
2
2
0
1
1
-3
1
1
-1
-2
-3
-3
-5
-2
-4
-6
-5
-7
-9
-6
-8
-11
-10
-10
-12
-12
-11
-13
-15
-14
-18
-17
-17
-18
-18
-15
-15
-16
-14
-14
-13
-13
-13
-13
-11
-10
-9
-8
-6
-6
-7
-5
-3
-3
-1
1
-1
2
2
5
5
4
4
4
3
1
2
2
1
-1
1
0
0
2
0
1
1
2
2
1
2
1
2
-1
-1
1
2
3
4
6
4
6
7
5
6
9
7
6
11
11
10
14
13
12
14
16
12
13
15
11
11
13
11
10
8
6
7
4
5
4
5
4
4
4
3
3
2
1
1
-2
-1
-2
-3
-2
0
0
3
4
2
3
4
3
2
4
1
1
5
4
2
3
6
5
5
7
6
5
7
4
5
7
5
3
4
5
2
1
0
-2
-2
-3
-5
-6
-7
-7
-6
-7
-9
-7
-9
-12
-10
-11
-14
-12
-10
-12
-13
-12
-13
-15
-15
-17
-18
-17
-16
-16
-15
-13
-11
-11
-11
-11
-11
-13
-12
-11
-9
-9
-7
-6
-7
-5
-4
-4
-5
-4
-4
-3
-1
-1
0
2
2
1
3
3
4
5
3
4
5
5
5
5
6
4
7
8
7
9
7
5
3
5
3
3
4
2
5
5
7
6
5
6
7
8
5
8
6
6
6
7
6
3
5
3
2
4
3
2
2
6
5
2
3
3
3
5
4
4
4
3
3
2
5
4
4
3
3
4
2
4
3
4
6
7
9
9
10
10
11
9
11
11
11
11
11
14
12
16
18
17
15
13
11
10
11
8
7
6
5
7
6
4
3
2
-2
-3
-5
-6
-7
-6
-7
-8
-7
-8
-10
-10
-13
-16
-17
-19
-19
-21
-22
-21
-19
-18
-20
-18
-20
-21
-21
-19
-22
-23
-20
-22
-22
-17
-17
-19
-16
-13
-17
-16
-16
-17
-16
-13
-11
-11
-10
-7
-8
-9
-7
-7
-7
-7
-5
-4
-3
-2
0
0
3
6
4
6
6
6
8
9
9
9
12
14
11
12
14
12
12
14
14
15
15
15
18
18
17
17
19
18
16
18
15
14
15
15
12
13
12
10
9
9
8
6
9
9
7
6
9
5
2
3
1
0
-1
0
0
0
2
-2
-1
0
-3
-5
-2
-3
-4
-2
0
0
2
2
1
2
3
3
1
2
1
1
0
0
-1
0
3
3
3
6
6
5
6
3
0
0
0
-1
1
3
6
4
4
4
2
1
-1
0
-1
1
0
1
2
1
0
-2
-4
-4
-8
-9
-6
-9
-11
-11
-11
-10
-12
-11
-15
-17
-16
-17
-14
-13
-13
-12
-11
-14
-14
-14
-16
-14
-17
-18
-17
-16
-18
-18
-18
-17
-16
-15
-13
-13
-13
-11
-12
-11
-10
-11
-9
-10
-6
-6
-7
-6
-5
-4
-1
-2
0
1
2
2
3
6
7
8
10
11
11
11
13
12
13
15
17
17
21
21
18
21
20
20
18
18
17
15
18
16
17
19
17
17
17
18
15
16
18
13
12
11
11
11
11
8
9
9
8
10
8
8
9
7
4
2
3
2
-2
0
-1
-2
0
2
0
1
2
-1
0
-1
-3
-7
-6
-8
-9
-7
-7
-6
-4
-5
-9
-10
-11
-14
-12
-12
-14
-14
-11
-11
-10
-7
-7
-5
-3
-5
-7
-5
-4
-5
-4
-2
-2
0
1
0
0
1
0
1
0
-1
-1
-1
-1
1
-1
-2
1
0
-1
-2
-3
-5
-3
-3
-6
-5
-5
-8
-9
-9
-9
-10
-7
-10
-11
-10
-11
-12
-13
-14
-14
-13
-13
-13
-12
-12
-11
-12
-13
-13
-13
-12
-11
-11
-10
-10
-6
-5
-6
-4
-1
-2
0
2
4
4
4
4
3
4
6
7
10
11
11
12
12
13
14
13
15
17
17
17
19
19
17
18
20
16
18
17
14
14
15
14
13
13
10
10
9
8
9
8
9
11
10
11
12
11
9
7
9
8
6
6
7
4
5
5
4
4
6
6
5
2
3
1
-1
0
-2
-2
0
0
0
1
1
0
-2
-4
-6
-8
-12
-12
-12
-15
-13
-12
-11
-12
-9
-10
-13
-10
-10
-12
-13
-10
-10
-9
-8
-6
-7
-7
-6
-7
-10
-10
-11
-9
-9
-8
-6
-7
-3
-3
-2
-3
-1
-1
-3
-2
-3
-2
-2
-2
-3
-4
-3
-3
-4
-4
-5
-5
-3
-2
1
-1
-2
-1
-1
-1
-4
-3
-3
-6
-4
-5
-6
-6
-6
-8
-9
-6
-3
-4
-6
-2
-5
-2
0
1
-1
2
4
3
2
2
1
1
0
-3
-3
-2
0
0
0
0
2
2
0
2
1
-3
0
-1
1
-3
-2
-3
-1
1
-2
-1
1
5
8
9
11
12
13
19
13
19
20
26
31
32
36
40
42
37
30
28
28
31
38
42
48
47
56
63
65
63
50
45
42
33
22
19
19
20
26
26
31
30
34
30
35
33
23
17
10
8
2
-10
-23
-26
-28
-21
-34
-45
-53
-57
-47
-56
-65
-58
-47
-35
-43
-42
-49
-52
-39
-47
-50
-68
-77
-80
-73
-81
-90
-90
-72
-56
-53
-54
-63
-56
-45
-37
-28
-15
-4
4
-13
-19
-34
-32
-22
-30
-20
-12
-15
-8
-13
-16
-17
-12
-5
1
26
40
37
21
11
6
9
-4
-11
-26
-18
-14
-9
-15
-16
-4
-8
2
-16
-25
-43
-37
-26
-22
-24
-25
-22
-17
8
7
9
4
9
-4
-13
-24
-34
-25
-21
-6
-13
8
19
23
27
22
29
32
34
45
72
91
95
101
89
92
76
52
39
43
53
50
45
46
53
56
65
65
72
64
57
33
12
14
7
8
24
29
46
49
62
54
48
40
27
17
20
29
17
28
37
48
60
66
73
68
69
54
43
46
45
44
60
66
80
84
79
82
77
84
81
74
77
63
36
20
6
-1
-2
8
-13
-25
-44
-59
-73
-76
-91
-129
-141
-148
-157
-165
-190
-198
-205
-193
-178
-192
-187
-191
-179
-175
-188
-202
-193
-179
-148
-142
-137
-127
-99
-54
-63
-54
-41
-51
-28
-23
-37
-53
-53
-34
-15
-15
20
17
25
35
-6
-23
-12
-6
-1
-20
-27
-25
-11
13
0
-2
11
15
25
25
1
6
-13
-28
-24
3
18
0
18
37
30
68
89
74
80
94
121
141
152
137
108
135
162
154
137
125
134
176
184
139
130
127
134
71
80
-2
53
88
175
130
133
79
121
832
1023
843
-335
-1055
-1447
-1214
-830
-812
-308
297
889
551
116
-338
-559
-581
-607
-821
-420
410
1839
2622
2529
1332
-38
-455
-352
-131
-76
281
1108
2020
2078
1095
-108
-756
-1041
-1160
-1303
-923
68
1373
1515
731
-460
-898
-941
-318
-289
-742
-1025
-672
-122
86
-166
-971
-882
-769
-671
-1293
-1167
-462
-11
187
-344
-664
-437
228
271
109
-20
-16
586
657
816
65
11
201
-167
76
-201
125
201
340
-12
-160
-8
-66
-31
-208
25
-98
263
395
81
-32
-186
-421
-171
-228
-284
-393
-126
-45
-543
-426
-594
-367
-524
-496
-804
-366
149
-209
-451
-690
-255
-430
60
-167
-191
268
219
36
-322
24
-94
387
313
358
47
586
894
639
670
178
255
411
1053
771
1000
1023
1018
964
854
841
566
985
888
722
653
863
816
819
677
186
100
-75
-26
-237
-129
-389
-636
-735
-1097
-1274
-1295
-1096
-1299
-1541
-1589
-1700
-1511
-1208
-1587
-1626
-1458
-1213
-961
-547
-449
-525
-269
38
97
80
634
716
950
1461
1285
1416
1834
2234
2439
2341
2190
1630
1618
2194
2218
1984
2134
1926
1942
2008
1635
955
573
393
43
-277
-353
-531
-911
-986
-1736
-2533
-2716
-2857
-3025
-2897
-2893
-2864
-2897
-2709
-2711
-2839
-2823
-2655
-2341
-1814
-1490
-1314
-752
-379
-227
-215
-53
394
633
771
861
1236
1617
1576
1424
1475
1809
2099
2643
2739
2702
2272
2033
1887
2217
2112
1813
1631
1678
1829
1637
1548
954
589
197
-35
-484
-676
-782
-965
-1183
-1736
-2243
-2522
-2547
-2783
-2863
-2880
-2880
-2906
-2680
-2315
-2292
-2084
-2092
-1889
-1527
-999
-630
-436
-90
32
224
365
740
874
1267
1624
1952
2325
2277
1999
1746
1910
2040
1886
1761
2280
2897
3203
2443
1513
1513
1885
2035
1388
789
787
1447
1786
1375
485
67
190
177
9
-586
-893
-764
-833
-1600
-2530
-2996
-2902
-2570
-2596
-2885
-3117
-2747
-2270
-2164
-2391
-2729
-2814
-2483
-2037
-1732
-1193
-665
-333
-301
-219
-63
229
526
686
729
1212
1780
2022
2043
2003
2110
1991
1820
1310
1359
2289
3535
3685
2470
1748
1884
2476
2291
1285
450
607
1518
1929
1585
1102
1021
1009
722
-48
-922
-1106
-681
-873
-1951
-3039
-3314
-2826
-2349
-2375
-3039
-3510
-3301
-2927
-2903
-3170
-3453
-3380
-2859
-2233
-1660
-1054
-638
-468
-529
-500
-356
-171
304
631
998
1593
2143
2259
2076
2051
2151
2120
1769
1165
1167
2386
3783
3678
2361
1844
2660
3423
2741
952
-150
495
1814
2144
1391
959
1453
2060
1715
125
-1462
-1800
-1357
-1751
-3042
-3728
-3113
-1997
-1666
-2476
-3631
-4104
-3828
-3603
-3828
-4116
-3882
-2977
-2049
-1563
-1197
-768
-614
-856
-1032
-797
-323
281
756
1117
1871
2864
3362
3184
2843
2740
2692
2396
1706
1232
2285
4373
5330
4149
2755
3094
4155
3865
1530
-854
-832
1163
2691
2335
1611
1886
2555
2320
297
-2330
-3440
-2639
-2058
-3008
-3976
-3431
-2011
-1313
-2317
-4297
-5583
-5470
-4893
-4562
-4225
-3729
-2729
-1726
-1202
-1166
-1099
-1012
-1349
-1536
-1018
-62
852
1496
1828
2255
2874
3154
2721
2239
2423
2899
2965
2453
1709
2040
4027
5555
4662
2498
2073
3438
4036
2440
-278
-1169
553
2571
2560
1330
1257
2103
2189
569
-2233
-3995
-3436
-2191
-2502
-3848
-3871
-2556
-1654
-2313
-4256
-5916
-6152
-5449
-4769
-4143
-3517
-2755
-2029
-1526
-1401
-1545
-1581
-1828
-1836
-1077
25
883
1410
1773
2197
2698
2924
2551
2193
2611
3297
3377
2902
2197
2027
3377
5080
4887
2989
2043
3199
4320
3463
921
-930
-93
2073
2651
1441
984
1739
2305
1436
-808
-2984
-3210
-1974
-1945
-3275
-4020
-3217
-2149
-2078
-3530
-5250
-5959
-5509
-4792
-4138
-3414
-2935
-2316
-1886
-1415
-1377
-1526
-1598
-1644
-786
287
1005
1335
1705
2287
2818
2982
2726
2421
2845
3678
3868
3475
2716
2286
2816
4549
5566
4284
2651
2950
4263
4491
2179
-384
-1841
12
3101
2684
3566
3364
3671
2322
-1574
-4383
-6095
-2866
-455
-596
-2766
-3749
-3668
-3613
-4507
-6398
-6855
-6449
-5027
-4624
-4001
-3765
-3699
-3481
-2946
-2137
-1227
-521
-870
-666
-183
209
644
1197
2381
3712
4082
3481
2465
2509
3446
3549
3001
2083
1973
2626
3851
5209
4758
2875
2023
3208
4215
3084
680
-889
-132
2105
2418
951
615
1733
2322
746
-1839
-4024
-4317
-2782
-2577
-3928
-4371
-3417
-2675
-3363
-5038
-6583
-6728
-5823
-4971
-4093
-3343
-2888
-2419
-1635
-994
-1078
-1476
-1797
-1263
456
1689
1688
1510
2098
3385
4055
3589
2854
2837
3901
4523
3866
3082
2775
3051
2897
2596
3722
4625
3912
2969
2945
3396
2425
358
-1057
-581
1855
2561
1126
680
2006
2842
1340
-1791
-4367
-4090
-1954
-1539
-3483
-4465
-3194
-1778
-2379
-4981
-6865
-6356
-4868
-4456
-4636
-4398
-3276
-1869
-1361
-1677
-1921
-1406
-1060
-1195
-716
149
743
1518
2224
3004
3488
3419
3062
2854
3536
4236
3949
3181
2863
3156
3317
3791
4761
4560
3430
3267
4002
3691
1782
-206
-733
830
2468
1772
446
966
2384
2120
-414
-3348
-4661
-3498
-2187
-3081
-4545
-4370
-2881
-2499
-4191
-6449
-7032
-5937
-5145
-5179
-4856
-4037
-2822
-1829
-1719
-2030
-2181
-1879
-1547
-939
101
792
1063
1634
2421
3083
3136
2732
2706
3263
4071
4243
3509
2932
3052
3154
2835
3434
4632
4567
3722
3700
4048
3144
1157
-537
-511
1508
2660
1599
928
1953
2989
1797
-1232
-3790
-4174
-2603
-2109
-3657
-4632
-3620
-2263
-2655
-4854
-6588
-6432
-5554
-5356
-5549
-4872
-3514
-2189
-1627
-1752
-1894
-1720
-1497
-1291
-600
300
912
1451
2230
3153
3740
3526
3130
3226
3822
4470
4315
3735
3575
3753
3532
3450
4496
5158
4449
3897
4104
3972
2504
520
-641
258
2131
2067
930
1112
2301
2257
67
-2905
-4670
-4009
-2534
-2963
-4436
-4428
-3175
-2695
-4109
-6240
-6932
-6126
-5292
-5422
-5283
-4254
-2959
-2036
-1890
-1956
-1868
-1543
-1376
-966
-146
608
1099
1646
2660
3552
3636
3206
3021
3377
4050
4192
3719
3458
3791
3943
3308
3407
4475
4705
3915
3496
3704
3399
1953
84
-613
684
1956
1372
635
1305
2271
1580
-919
-3633
-4688
-3617
-2886
-3887
-4760
-4006
-2656
-2809
-4816
-6787
-6916
-5864
-5366
-5511
-5051
-3785
-2430
-1771
-1999
-2246
-1966
-1454
-1095
-699
-110
617
1262
1837
2543
3071
3312
3382
3521
3837
4020
3890
3668
3707
4043
3848
3452
4133
5134
4854
3916
3639
3762
3077
1361
-81
89
1595
2009
1053
768
1712
2303
1013
-1447
-3508
-3612
-2619
-2805
-4040
-4376
-3220
-2383
-3257
-5187
-6321
-6009
-5449
-5701
-5721
-4548
-2874
-1754
-1737
-2044
-2011
-1755
-1519
-1372
-840
56
959
1609
2222
2954
3380
3252
3022
3188
3703
4075
4028
3776
3788
3920
3568
3545
4472
5020
4436
3777
3813
3948
2818
957
-317
282
1609
1283
436
696
1823
1997
375
-2182
-3830
-3449
-2882
-3882
-5156
-4664
-3029
-2247
-3553
-5735
-6559
-5913
-5327
-5554
-5421
-4287
-2756
-1783
-1890
-2274
-2180
-1616
-1325
-1181
-727
-1
935
1678
2212
2547
2770
2958
3245
3653
4051
3917
3671
3492
3557
3428
3184
3928
4473
4352
3485
3907
4965
5298
4010
1547
234
-73
254
-188
1102
3361
4822
3671
171
-3348
-5541
-5491
-5946
-6466
-6311
-4300
-2704
-3176
-5555
-8128
-8603
-8317
-7355
-6818
-4944
-2983
-1499
-620
-641
91
464
916
458
369
931
2039
3477
4397
4825
4389
3895
3129
2786
2665
2700
2667
2522
2723
2611
2065
1497
2800
5083
6103
5750
5258
4941
3883
1960
354
450
1948
2869
2080
1817
2332
1939
80
-2572
-4465
-5513
-5983
-6829
-7906
-7767
-6648
-5981
-6287
-6577
-6463
-6319
-6518
-6459
-5127
-2893
-592
1053
2073
2735
2959
2825
2386
2299
2569
2786
2855
3348
3872
3821
3404
2703
1966
1225
926
704
486
361
283
-58
-393
-1120
-2003
-869
2532
6164
6986
6522
6147
5925
5112
2670
379
-139
1836
3261
3104
2816
2620
1977
-3
-3122
-6883
-9297
-9469
-8631
-8118
-7598
-6972
-6043
-5088
-5236
-6373
-7258
-6311
-4377
-2332
-504
1364
3437
4973
5365
4728
3939
3217
2247
1224
1000
1706
2583
2695
2462
2534
2582
1966
606
-581
-917
-631
-669
-1241
-1361
-965
467
3388
6519
7702
6784
6077
5549
4839
2923
86
-823
765
2682
2112
842
711
686
-350
-3103
-6887
-9387
-9039
-7617
-7276
-7367
-6568
-5175
-3694
-3482
-4701
-5591
-4901
-3066
-1327
394
2121
3695
4929
5268
4850
3827
2414
1215
580
618
725
681
1077
1869
2768
2665
1431
559
396
458
-57
-654
-857
-357
409
1124
3546
7014
8925
7865
6438
6196
5708
3611
-71
-1886
-352
1942
1273
-971
-902
670
465
-2618
-6796
-8946
-8006
-6870
-7813
-8966
-7381
-4578
-3278
-3639
-4372
-4074
-3321
-2650
-2050
-711
1253
2560
3453
4433
5214
4477
2522
1107
717
610
-187
-1070
-320
1577
2932
2502
1292
1240
1594
1345
82
-930
-868
-225
10
-121
1903
5929
8808
8325
7078
6962
6597
4186
-169
-2736
-1571
659
-2
-1822
-745
1989
2030
-1420
-5363
-7146
-6924
-7186
-8928
-9763
-7544
-4580
-3436
-3505
-3258
-2677
-2560
-2893
-2725
-1653
-180
983
2097
3859
5146
4724
3013
1914
1480
418
-1225
-1940
-827
1036
2116
2016
1930
2495
2738
1701
315
-437
-661
-622
-570
-501
745
4360
7939
8697
7797
7357
6841
5002
1327
-2361
-3083
-1175
-417
-1678
-1063
1652
2677
745
-2517
-5208
-6314
-6840
-8359
-9665
-8359
-5553
-3876
-3099
-2212
-1654
-1617
-1977
-2431
-2282
-1108
203
1076
2661
4602
5186
4255
3094
2208
1018
-440
-1612
-1727
-521
958
1751
2144
2767
3282
2980
1965
774
-89
-554
-647
-562
-411
1507
5405
8344
8429
7498
7176
6383
3993
-71
-3165
-2646
-862
-1388
-2392
-458
2527
2799
307
-2767
-4711
-5619
-7245
-9692
-10136
-8069
-6030
-4620
-2930
-1587
-1369
-1587
-2109
-2281
-1829
-1508
-1080
348
2672
3791
3661
3546
3366
2618
969
-1067
-2117
-1561
-522
-29
579
1808
2895
3367
2898
1761
733
92
-704
-1207
-1302
-946
1532
5399
7736
7441
7120
7297
6308
3239
-1105
-3337
-2091
-987
-2402
-2547
538
3252
2812
476
-1955
-3489
-4883
-7623
-10034
-9731
-8080
-6775
-4795
-2590
-1401
-1061
-1008
-1306
-1484
-1360
-1606
-839
1234
2877
3406
4009
4461
4025
3130
1693
-225
-1050
-504
-242
36
978
1928
2636
3208
2866
1726
787
153
-936
-1521
-1514
-1466
588
4260
6666
6901
7294
7845
6902
4224
399
-1976
-1370
-977
-2535
-2430
632
3116
2868
1431
-573
-2393
-4088
-7121
-9881
-10148
-9152
-8263
-6225
-3710
-2393
-1485
-271
-83
-536
-713
-1031
-386
1092
1839
2106
3482
4806
4550
3771
2693
1094
109
-205
-909
-1139
-279
643
1499
2529
2630
1826
1318
801
-391
-1416
-1882
-2239
-1084
2152
4897
5947
6847
7705
7339
5584
2317
-1025
-1853
-1620
-3001
-3552
-1178
1262
1917
1550
199
-1578
-3144
-5774
-8897
-9833
-9646
-9616
-8008
-5534
-3699
-1808
82
665
659
801
419
188
476
496
1042
2636
3746
3604
3429
3325
2387
1241
296
-725
-1058
-658
-387
176
1302
1963
1920
1985
1755
785
-219
-930
-1708
-1519
885
3742
5214
6141
7356
7918
7119
4467
852
-634
-511
-2189
-3887
-2654
-376
705
921
375
-820
-1912
-3971
-6874
-8436
-9119
-9963
-9066
-6304
-4259
-2660
-526
1009
1811
2332
1866
1055
1148
899
618
1717
2431
2124
2678
3687
3296
2005
1100
339
89
15
-923
-1207
77
1409
1590
1515
1752
1602
1128
455
-883
-1262
925
3439
4386
5012
6413
7340
7050
5036
1766
384
354
-1531
-3411
-2855
-1385
-596
-82
-294
-1329
-1901
-3394
-5820
-7183
-8282
-9629
-8989
-6702
-5386
-4054
-1762
53
1485
2539
2252
1815
2121
1658
979
1300
1276
999
1767
2556
2097
1380
1180
1001
937
316
-929
-1164
-197
501
266
414
1021
1283
1075
395
-468
-960
443
2746
3662
4026
5097
6243
6347
5046
2411
523
830
-319
-2944
-3152
-1777
-1113
-805
-697
-1527
-2005
-2559
-4558
-6137
-7075
-8536
-8527
-6528
-5444
-4818
-2696
-561
969
2188
2221
1881
2596
2676
1563
1388
1361
1055
1627
2103
1599
1152
1515
1741
1529
880
-91
-52
735
836
372
361
981
1374
1180
635
-72
-393
785
2854
3811
3808
4546
5973
6474
5221
2580
956
1416
421
-2291
-3123
-2048
-1206
-784
-782
-1693
-2180
-2508
-4039
-5573
-6849
-8193
-8242
-6798
-5590
-4927
-3251
-802
994
1966
2525
2654
2649
2824
2341
1473
1258
1147
1210
1915
1979
1228
1410
2090
1885
1172
475
38
236
481
-18
-206
606
1129
851
581
523
-68
-13
1881
3278
3348
3727
4902
5886
5550
3539
1377
1528
1582
-1050
-3030
-2370
-1319
-1216
-1338
-1833
-2463
-2546
-3544
-5305
-6474
-7622
-8316
-7353
-6222
-6294
-5127
-2531
-844
128
996
1758
2498
2944
2357
1741
1901
1467
1064
1472
1645
1160
914
1512
1993
1905
1135
546
1036
1238
500
-58
271
645
408
126
24
-263
-277
1213
3136
3686
3767
4757
6014
6058
4312
1919
1462
1881
-241
-2647
-2299
-1227
-1147
-1078
-1272
-2026
-2121
-2762
-4391
-5461
-6700
-7931
-7333
-6099
-6155
-5471
-3072
-1188
-72
768
1627
2809
3336
2708
2056
2207
2035
1344
1216
1529
1526
1138
1468
2206
2076
1335
863
1090
1221
612
4
282
914
722
83
63
95
-489
158
2333
3387
3349
4260
5827
6413
5251
2728
1456
2190
734
-2525
-3237
-2050
-1615
-1665
-1586
-1950
-2048
-2226
-3489
-4649
-5778
-7295
-7617
-6367
-5824
-6049
-4414
-1898
-383
557
1466
2613
3634
3722
2818
2378
2417
1685
1128
1228
1248
1020
1117
1797
2151
1796
1301
1342
1599
1153
465
378
643
525
-54
-317
-186
-600
-576
1260
3020
3378
3733
5139
6181
5465
3177
1146
1386
948
-2092
-3900
-2983
-2001
-2117
-2144
-2280
-2390
-2169
-3095
-4411
-5413
-6975
-7951
-7182
-6399
-6993
-6215
-3545
-1551
-459
203
1447
3227
3794
2915
2249
2626
2250
1367
1216
1322
1374
1204
1730
2515
2443
1882
1679
2158
2169
1373
931
1199
1240
484
-146
-70
-277
-989
-129
2209
3274
3210
4150
5824
6184
4599
2162
1347
1937
-168
-3268
-3283
-1829
-1629
-1944
-1839
-1615
-1207
-1721
-3210
-4050
-5196
-6819
-6934
-6339
-6498
-6533
-4780
-2234
-800
-192
924
3012
4182
3645
2838
2663
2902
2326
1296
1078
1355
1272
1191
1874
2189
1670
1619
2110
2259
1754
1023
838
1078
650
-500
-1019
-676
-1039
-1181
724
2681
3257
3737
5261
6371
5476
3070
1282
1480
759
-2394
-4110
-2830
-1649
-1943
-2194
-1737
-1213
-1213
-2416
-3868
-4672
-6090
-7323
-6939
-6648
-7221
-6239
-3483
-1524
-692
301
2137
4165
4371
2997
2692
3428
3009
1598
956
1334
1742
1526
1486
2129
2332
1943
2011
2343
1933
1086
707
720
320
-834
-1618
-1318
-1190
-1933
-1234
1323
2816
2956
3696
5250
5633
4006
1659
782
1155
-836
-3802
-3724
-2057
-1787
-2287
-1975
-1331
-924
-1635
-3272
-4101
-5021
-6775
-7360
-6878
-7021
-7000
-5225
-2779
-1294
-330
903
3058
4606
3949
3129
3494
3971
3252
1907
1500
2024
2317
1718
1812
2569
2608
2677
2861
2792
2447
1747
1176
912
168
-1223
-1829
-1394
-1793
-2226
-384
2133
3202
3422
4487
5987
5863
3630
1336
1382
1274
-1579
-3585
-2653
-1287
-1353
-1790
-1273
-365
-308
-1862
-3301
-3773
-5241
-7013
-7221
-6860
-7090
-6710
-4779
-2676
-1298
-191
1462
3747
4615
3879
3667
4305
4219
2748
1493
1562
1955
1436
968
1707
2340
2239
2322
2587
2515
1752
755
361
-6
-1318
-2782
-2797
-2185
-2709
-2537
-78
2216
2753
3202
4802
5904
5005
2598
1115
1760
749
-2574
-3649
-1949
-1084
-1858
-1956
-1099
-454
-944
-2539
-3497
-4101
-5832
-7238
-7030
-7022
-7422
-6245
-4107
-2325
-834
503
2433
4622
4863
4190
4758
4848
3673
2612
1877
1526
1475
997
912
1812
2069
1891
2417
2512
1817
1116
452
-98
-955
-2450
-3365
-2925
-2775
-3458
-2358
574
2388
2925
3794
5296
6078
4923
2534
1565
2091
187
-2707
-2710
-1422
-1170
-1579
-1489
-696
-93
-942
-2502
-3109
-4009
-5870
-6792
-6769
-7043
-7064
-5732
-3637
-1966
-598
1083
3364
5302
5433
5078
5494
5379
4252
2904
1959
1501
1293
1024
1075
1743
2017
2250
2767
2654
1942
1065
523
-57
-1419
-2880
-3274
-2854
-2960
-3456
-2193
756
2645
2881
3741
5686
6310
4976
2882
1906
2110
302
-2519
-2719
-1468
-1538
-1971
-1326
-701
-508
-1018
-2230
-2898
-3933
-5918
-6882
-6712
-7189
-7449
-5942
-4079
-2635
-993
856
2979
4683
4987
5095
5733
5120
3552
2643
1874
1006
483
308
617
1295
1552
1861
2682
2579
1669
1142
688
-340
-1819
-2998
-3417
-3314
-3584
-4154
-2862
145
1947
2339
3426
5372
6237
5340
3298
1976
2168
735
-2147
-2919
-1944
-1531
-1670
-1334
-714
-103
-220
-1316
-2119
-3130
-5048
-6240
-6469
-7108
-7637
-6729
-4861
-3082
-1399
374
2530
4771
5654
5568
5591
5039
3953
2785
1472
362
-3
230
502
1048
1535
2023
2875
2920
2052
1188
636
-166
-1673
-3005
-3471
-3466
-3534
-3845
-3250
-524
2102
2630
3196
5397
6820
6027
4168
2457
2305
1775
-1162
-2942
-1828
-1055
-1393
-883
-148
131
463
-332
-1571
-2273
-4104
-5952
-6067
-6500
-7600
-6950
-4880
-3115
-1446
388
2326
4624
5883
5638
5616
5348
4133
2865
1769
624
-64
179
481
715
1263
1745
2550
3011
2234
1194
720
188
-1328
-2993
-3670
-3730
-3709
-4061
-4061
-1874
1070
2145
2422
4198
6160
5890
4275
2659
2013
1769
-517
-2943
-2508
-1280
-1602
-1606
-519
-24
180
-43
-1109
-1938
-3295
-5276
-5989
-6285
-7522
-7755
-5738
-3731
-2555
-748
1639
4016
5522
5551
5295
5434
4476
2427
1296
681
-423
-776
-108
438
950
1491
2230
3185
2927
1531
781
577
-773
-2841
-3954
-3939
-3797
-4227
-4492
-2958
38
1798
2175
3476
5603
6187
5119
3661
2361
1930
862
-1587
-2450
-1443
-1140
-982
45
566
732
1121
553
-663
-1946
-3932
-5442
-5861
-6928
-7986
-6825
-4770
-3547
-1976
385
2651
4333
5046
5061
5253
4855
3194
1917
1368
476
-398
-323
590
1292
1523
2208
3510
3782
2564
1604
1177
173
-1582
-3395
-4068
-3807
-4059
-4535
-4055
-2179
191
1638
2528
3884
5319
5739
5099
3576
2045
1808
979
-1099
-1900
-1133
-347
267
785
876
1440
1887
676
-908
-2246
-4161
-5571
-6359
-7580
-8022
-6749
-5070
-3490
-1557
405
2466
4412
4943
4527
4460
3978
2623
1249
308
-290
-345
99
493
1210
2277
3080
3480
3107
2164
1276
307
-1206
-3025
-4212
-4521
-4510
-4588
-4570
-3896
-2110
312
1749
2177
3372
4935
5272
4372
2646
1561
1938
1127
-1141
-1489
-40
638
933
1295
1357
1890
1808
238
-1222
-2677
-4743
-6032
-6591
-7596
-7952
-6575
-4629
-2986
-1393
371
2475
4182
4495
4202
4190
3765
2640
1601
877
445
519
868
1432
2211
2682
3103
3525
2962
1775
762
-305
-1588
-3047
-4312
-4590
-4310
-4482
-4511
-3916
-2517
-276
1200
1669
2891
4658
5222
4643
3353
2411
2801
2172
43
-572
566
1213
1330
1495
1457
1821
1796
283
-1385
-2792
-4718
-6146
-6787
-7759
-8251
-6939
-4973
-3518
-1959
-148
1884
3603
4088
3929
4140
4062
3060
2215
1680
1076
1080
1538
1931
2269
2650
3123
3524
3023
1649
679
-13
-1205
-2720
-3995
-4294
-4016
-4301
-4540
-4103
-2977
-828
1088
1761
2657
4639
5880
5545
4346
3070
3202
3099
889
-555
320
1305
1342
1244
1251
1500
1627
374
-1510
-2896
-4642
-6369
-7090
-7782
-8541
-7707
-5683
-4129
-2690
-942
870
2726
3619
3405
3458
3518
2810
2092
1564
977
994
1460
1778
2106
2322
2582
2969
2572
1199
183
-370
-1341
-2663
-3961
-4458
-4122
-4238
-4640
-4445
-3604
-1635
527
1318
1914
3908
5658
5563
4522
3277
3166
3581
1828
-219
293
1584
1519
1125
1130
1153
1320
476
-1375
-2614
-4022
-5720
-6354
-6768
-7640
-7326
-5389
-3693
-2521
-1153
520
2574
3777
3611
3664
4178
3898
3097
2636
2220
1990
2072
2082
2307
2463
2360
2525
2441
1450
325
-342
-1030
-2077
-3401
-4200
-3925
-3942
-4626
-4613
-3850
-2331
-251
889
1512
3339
5309
5632
4899
3822
3351
3715
2593
376
97
1241
1433
1054
866
710
982
697
-882
-2299
-3442
-5024
-5944
-6246
-7146
-7451
-5942
-4186
-3150
-2001
-405
1581
3213
3615
3623
4211
4617
4080
3242
2587
2222
2117
1899
1671
1637
1786
2091
2093
1283
296
-209
-756
-1801
-3192
-4268
-4357
-4248
-4822
-5106
-4529
-3144
-979
670
1425
2820
4867
5775
5360
4271
3314
3485
3021
905
-171
670
1299
1005
640
474
732
755
-570
-2153
-3201
-4507
-5702
-6296
-7013
-7566
-6640
-4902
-3745
-2687
-1222
705
2738
3528
3476
4056
4717
4408
3500
2674
2175
2046
1746
1378
1467
1543
1689
1929
1404
444
-151
-667
-1477
-2575
-3754
-4243
-3974
-4253
-4876
-4643
-3786
-2058
-61
950
1926
3836
5648
6075
5354
4179
3931
4373
2899
676
533
1473
1539
1044
672
667
1242
921
-712
-1870
-2898
-4480
-5483
-6159
-7212
-7431
-6262
-4815
-3393
-2018
-545
1753
3741
4258
4311
4604
4797
4523
3453
2074
1709
1913
1664
1404
1370
1575
2063
1963
1004
109
-466
-1158
-2070
-3252
-4316
-4452
-4225
-4564
-4738
-4401
-3530
-1455
509
1191
2109
4229
5805
5756
4758
3678
3913
4062
2000
224
656
1408
1196
829
648
904
1317
495
-884
-1956
-3568
-5064
-5631
-6503
-7643
-7387
-5791
-4093
-2762
-1642
185
2602
3817
3721
3809
4199
4185
3562
2471
1689
1633
1569
1279
1231
1141
1071
1389
1173
145
-713
-1228
-1644
-2282
-3479
-4367
-4060
-3808
-4547
-4836
-4349
-3683
-1952
-14
771
1873
4045
5695
6057
5464
4268
4212
4744
2921
561
679
1696
1617
1163
941
1177
1882
1381
-365
-1621
-2916
-4699
-5767
-6518
-7615
-7714
-6163
-4333
-2978
-1656
52
2321
3795
3727
3609
3985
4035
3344
2335
1753
1657
1588
1352
1428
1571
1375
1448
1389
588
-434
-1148
-1433
-1938
-3137
-4025
-3806
-3562
-4220
-4566
-4129
-3594
-2232
-420
753
1891
3629
5471
6391
6081
4857
4520
5188
3948
1512
927
1901
2187
1585
1245
1567
2166
1697
54
-1223
-2538
-4463
-5734
-6432
-7420
-7837
-6727
-4923
-3377
-1997
-558
1451
3218
3453
3303
3551
3518
2999
2248
1611
1276
1214
1166
1346
1505
1133
1131
1395
772
-427
-1309
-1643
-2075
-3147
-4217
-4373
-4041
-4306
-4753
-4551
-4137
-3025
-999
488
1439
2929
5006
6397
6357
5119
4262
4985
4506
1922
710
1602
2185
1843
1550
1530
1905
1906
513
-1043
-2421
-4420
-5871
-6473
-7490
-8362
-7507
-5555
-3920
-2693
-1322
674
2687
3306
2946
3007
3402
3269
2463
1770
1611
1791
1858
1731
1673
1658
1731
1578
951
100
-594
-1079
-1624
-2366
-3152
-3565
-3710
-3937
-4274
-4367
-4170
-3848
-2354
-40
1353
2182
4016
6369
7196
6415
5154
4937
5503
3969
1325
983
2244
2279
1669
1773
1955
2230
1836
51
-1548
-3000
-5197
-6649
-7213
-8425
-8904
-7153
-5251
-4006
-2324
-487
1525
3177
3197
2779
3195
3335
2504
1607
1268
1421
1668
1567
1634
2118
2332
2201
1817
1077
124
-842
-1801
-2658
-3450
-4102
-4245
-4109
-4092
-4117
-3847
-3426
-3131
-1826
283
1641
2451
4071
6345
7361
6749
5476
5350
6135
4645
1804
1286
2706
2910
1992
1819
2141
2458
1868
-154
-1992
-3436
-5524
-7281
-8058
-8941
-9327
-7736
-5607
-4082
-2479
-743
1374
3060
2884
2165
2460
2681
1912
1037
756
1249
1989
2141
2198
2620
2850
2625
1980
745
-595
-1544
-2399
-3251
-3953
-4417
-4294
-3844
-3715
-3950
-3831
-3328
-3190
-2320
-242
1237
2006
3711
6131
7218
6765
5666
5243
5962
4828
1922
1211
2782
3194
2340
2263
2511
2684
2207
161
-1971
-3469
-5567
-7464
-8060
-8762
-9243
-7602
-5194
-3647
-2081
-356
1334
2844
2740
1692
1763
2203
1652
1059
1254
1848
2812
3361
3251
3443
3574
2995
1958
753
-696
-1821
-2476
-3134
-3586
-3759
-3624
-3119
-2841
-3119
-3433
-3188
-3035
-2913
-1328
562
1598
2929
5197
6874
7020
6264
5300
5486
5456
2964
1038
2104
3303
2689
2216
2524
2665
2435
738
-1806
-3396
-5072
-7446
-8555
-8655
-9058
-8295
-5917
-3888
-2416
-838
613
2061
2652
1712
1198
1862
1968
1299
1326
2208
3194
3719
3586
3594
3797
3100
1670
360
-776
-2044
-2989
-3428
-3677
-3695
-3519
-3106
-2723
-2811
-3302
-3417
-3117
-3288
-2416
-57
1490
2371
4426
6753
7517
7097
5856
5227
5818
4281
1201
1134
3004
2850
1984
2302
2394
2191
1188
-1473
-3707
-5117
-7576
-9369
-9158
-9395
-9443
-6976
-4238
-2792
-1131
431
1519
2562
2123
784
1074
1739
1354
1618
2718
3429
4102
4668
4450
3909
2886
1378
342
-843
-2554
-3455
-3247
-3043
-3105
-2938
-2564
-2085
-2106
-3005
-3677
-3585
-3806
-3871
-1802
958
2321
3870
6568
8539
8795
7604
5908
5583
5515
2850
501
1728
3408
3228
3123
3498
3214
2572
642
-2672
-4995
-7020
-9631
-10355
-9568
-9465
-8236
-4855
-2229
-855
680
1575
2125
2374
1004
17
741
1240
1368
2447
3792
4508
5153
5190
4311
3109
1306
-284
-1275
-2661
-3966
-3964
-3065
-2623
-2550
-2273
-1889
-1605
-2247
-3562
-4197
-4137
-4390
-3827
-942
1966
3370
5231
7993
9344
8534
6605
4869
4637
4153
1389
8
2323
4215
3693
3537
3736
2704
1190
-1417
-4994
-7228
-8894
-10623
-10178
-8566
-7879
-5933
-2267
-357
17
702
808
659
414
-808
-1168
352
1670
2368
3808
5054
5063
4827
4141
2546
689
-954
-2018
-2519
-3020
-3444
-2787
-1486
-1119
-1471
-1616
-1618
-2010
-2970
-4199
-4512
-3892
-3567
-1881
1724
4097
4952
6845
8859
8646
6943
4676
3227
3925
3305
657
1215
4319
4911
3886
3695
2533
636
-1033
-4268
-7193
-7973
-9069
-9567
-7446
-5836
-5576
-3220
-586
-521
-779
-773
-1196
-733
-527
-1307
-103
2533
3527
3961
5177
5350
4396
3303
1702
136
-849
-1918
-2396
-1620
-1152
-1334
-735
120
-136
-1009
-1834
-2442
-2803
-3494
-4480
-4114
-2971
-2275
198
3774
5150
5467
7126
8266
7352
5649
3434
2689
4247
3543
1168
2427
5182
4932
3560
2690
637
-1050
-2341
-5521
-7641
-7466
-8006
-7939
-5790
-4801
-4915
-3143
-1718
-2243
-2186
-2185
-2498
-990
292
32
1317
3755
4359
4153
4339
3254
1957
1477
189
-1028
-858
-740
-760
134
438
-303
-356
-307
-1296
-2303
-3001
-3580
-3472
-3361
-3780
-3226
-2277
-1376
1431
4200
4337
4634
6708
7163
5864
4578
2793
2621
4264
3083
1101
2962
4831
3803
3066
2185
-581
-1893
-2613
-5602
-7342
-7061
-7682
-7225
-5141
-5009
-5228
-3177
-2315
-2965
-2112
-1876
-2283
-450
1028
641
1834
3767
3586
3627
4117
2577
1399
1735
946
184
851
695
374
1496
1444
-4
-221
-456
-1656
-2142
-2644
-3577
-3272
-2715
-3299
-2905
-2102
-1281
1837
4531
4098
4429
6896
6819
5115
4150
2532
2445
4141
3084
1676
4121
5543
4041
3804
2812
-933
-2449
-2863
-5915
-7677
-7103
-7422
-6724
-4555
-4670
-4972
-2954
-2632
-3660
-2548
-2184
-2853
-903
1208
1058
2019
3801
3635
3754
4122
2356
1284
2109
1650
907
1861
1835
1087
1924
1784
-278
-1181
-1504
-2742
-3191
-3165
-3918
-3724
-2800
-3054
-3025
-2660
-1930
879
3442
3207
3424
5801
6002
4697
4174
2886
2650
4214
3680
2664
4688
5589
3906
3784
2818
-1344
-3201
-3246
-5925
-7746
-6955
-7030
-6743
-4869
-4806
-5259
-3777
-3933
-4921
-3191
-2291
-3145
-1270
1584
1766
2272
3936
3945
3990
4549
3221
2200
3180
3023
2038
2809
2845
1309
1287
1246
-790
-2065
-2201
-3031
-3427
-3124
-3669
-3893
-3108
-3522
-4169
-3706
-3436
-1487
2093
3497
3351
5559
7241
5700
4709
4169
3041
3792
4742
3694
4618
6995
5840
3960
4034
1073
-3174
-3734
-4778
-7597
-7460
-6122
-6555
-5693
-4409
-5424
-5532
-4566
-5736
-5762
-3187
-2513
-2179
916
3007
2735
3953
5281
4331
4217
4809
3997
3843
4711
3967
3209
3728
2510
446
409
-228
-2332
-2722
-2490
-3316
-3428
-2990
-3848
-4389
-4088
-5083
-5535
-4707
-4042
-1161
3138
4324
4167
6863
7927
5099
3896
3853
3167
4414
5530
4732
6523
8993
6407
3380
3167
-265
-4645
-4691
-5605
-8080
-6716
-4878
-6184
-6150
-5314
-6998
-7300
-6259
-7565
-6858
-2863
-1568
-1231
2079
3669
2558
3852
5046
3380
3654
5302
4705
4644
5628
4272
2968
3365
1335
-1456
-1046
-1245
-3228
-2962
-2309
-3406
-3443
-3177
-4891
-5679
-4868
-5739
-6053
-4420
-3101
161
4409
4929
4302
6960
7431
4040
3570
4603
4313
5962
7542
6474
7448
9076
5745
2105
1644
-1639
-5262
-4147
-4421
-6975
-5716
-3965
-5997
-6985
-6582
-8069
-8078
-6498
-7025
-5782
-1508
-148
-248
2190
3191
2001
3406
5045
3919
4522
6790
6472
5678
5717
3871
2028
1947
257
-2125
-1374
-572
-1869
-2070
-1946
-3288
-3855
-3995
-5734
-6527
-5336
-5230
-5183
-3793
-2503
283
3867
4337
3627
5871
6899
4651
4502
5689
5546
6851
8167
6537
6088
7289
5039
1639
971
-1235
-4047
-3132
-3139
-5931
-5965
-4498
-6319
-8048
-7619
-8260
-8463
-6822
-6449
-5716
-2528
-776
-653
1337
2780
1971
3216
5530
5046
4927
6762
6436
4909
4760
3576
1526
1389
1158
-538
-350
451
-870
-1775
-1859
-3416
-4684
-4521
-5243
-6223
-5388
-4787
-4890
-3904
-2886
-846
2578
4014
3529
5329
7053
5316
4534
5664
5507
5890
7281
6198
5278
6800
5764
2381
1685
573
-2543
-2820
-2320
-4912
-6149
-4827
-6244
-8646
-8333
-8488
-9343
-8046
-6905
-6544
-4260
-1819
-1311
-29
1558
1246
1998
4188
4414
4068
5655
6262
5262
5131
4498
2837
2501
2647
1327
728
1341
799
-250
-876
-2416
-3743
-3679
-4277
-5561
-5434
-4591
-4605
-4190
-3627
-2792
130
2809
2773
3101
5380
5472
3998
4300
4709
4774
6396
7188
5967
6497
7450
5368
3435
3034
526
-1777
-1174
-2127
-5007
-5139
-4649
-7060
-8726
-8421
-9111
-9379
-7808
-6930
-6299
-4130
-2437
-2090
-946
164
312
1574
3451
4000
4652
6261
6444
5648
5637
5129
3870
3833
4152
3278
2853
3124
2146
527
-502
-1821
-3220
-3726
-4237
-5265
-5342
-4924
-5118
-5384
-4401
-2262
-690
-71
788
2393
2832
2286
2574
3146
3864
5464
6474
6079
6734
7807
6469
4822
4555
2884
781
864
162
-2589
-3425
-3102
-5354
-7563
-7559
-8145
-9134
-8334
-7511
-7487
-6344
-4959
-4736
-4063
-2917
-2352
-1186
684
1626
2443
4119
4756
4613
5164
5500
5140
5620
6408
5863
5506
5728
4669
2879
1954
802
-935
-1666
-2093
-3580
-4574
-4339
-5104
-5742
-3995
-2743
-3451
-2787
-643
-892
-1845
-526
337
507
2428
4067
3770
4820
6683
5844
4729
5483
4797
3326
3825
3400
1027
287
310
-2007
-4094
-4213
-5065
-6236
-5856
-5773
-6492
-6063
-5437
-5919
-5869
-5014
-4772
-4316
-2737
-1671
-1135
252
1667
2202
2816
3921
4663
5382
6457
6987
7017
7182
6928
5837
4603
3584
2400
1366
751
-52
-845
-1575
-1997
-1547
-1570
-2852
-3446
-2436
-2686
-4016
-3589
-2596
-2149
-877
219
-132
666
2432
2097
1520
2812
3016
2595
4008
4193
2068
1766
2430
289
-1500
-929
-1406
-2358
-1529
-1520
-2903
-2872
-2460
-3765
-4725
-4391
-4521
-4500
-3816
-3668
-3443
-2421
-1800
-1704
-1033
-65
567
1592
2620
3129
3820
4480
4552
4314
4096
3448
2805
2512
2000
1319
1187
991
626
1411
1662
139
-847
-139
-832
-2793
-2790
-2202
-2115
-960
82
-799
-688
873
356
-877
52
451
18
1409
2019
245
-136
897
-503
-2066
-1416
-1259
-1486
-242
234
-770
-579
16
-1032
-1945
-1739
-1987
-1935
-1089
-1072
-1472
-910
-390
-769
-798
-460
-414
119
872
883
990
1771
2179
1883
1727
1742
1551
1438
1224
718
422
388
320
-33
25
1076
1574
948
658
1130
475
-785
-683
-572
-624
609
1646
1113
1565
2726
1689
400
916
361
-844
129
575
-977
-1046
-6
-1248
-2471
-1729
-1781
-2351
-1333
-646
-1193
-838
-227
-1045
-1582
-1165
-1437
-1559
-608
-149
-349
61
507
69
-239
-95
-233
-70
508
732
887
1418
1693
1340
1098
1083
767
500
448
281
143
59
-113
-367
-435
-60
433
682
644
806
989
472
-84
-158
-132
208
1036
1408
1352
1952
2288
1279
446
309
-430
-1011
-551
-572
-1215
-827
-374
-1268
-1811
-1437
-1689
-1960
-1312
-986
-1284
-1005
-671
-1299
-1744
-1632
-1745
-1691
-1175
-979
-974
-442
-120
-488
-669
-438
-334
-80
347
605
977
1584
1831
1595
1424
1256
927
782
694
381
370
738
968
731
346
299
263
340
346
156
223
556
767
411
146
320
435
551
688
772
840
1009
1087
808
297
-71
-44
102
-10
24
384
581
536
484
143
-441
-610
-617
-1018
-1311
-1157
-1216
-1387
-1225
-1325
-1842
-1836
-1482
-1595
-1761
-1473
-1209
-1045
-611
-346
-318
95
683
884
944
1116
1286
1286
1332
1322
1150
1240
1364
1494
1197
1126
1035
572
501
238
-43
-8
443
345
17
328
70
-391
-432
-492
-836
-649
-116
-163
-77
424
448
307
632
707
480
802
1270
1072
937
1089
667
73
-125
-479
-925
-911
-905
-1111
-1132
-1193
-1561
-1796
-1913
-2227
-2322
-2178
-2112
-1807
-1308
-1139
-964
-515
-297
-184
186
332
303
775
1142
922
1073
1487
1480
1331
1442
1427
1104
1046
878
502
383
237
-65
-218
-180
-188
-331
-495
-437
-650
-1002
-1242
-1222
-1192
-1187
-719
-179
221
694
1037
1195
1344
1487
1394
1188
1315
1408
1114
979
996
600
192
168
-69
-612
-689
-617
-999
-1211
-1151
-1453
-1671
-1463
-1480
-1568
-1250
-834
-742
-479
-31
-71
6
297
328
307
583
894
901
1087
1367
1236
1295
1321
1083
1110
953
923
686
759
828
296
215
-1
-252
-932
-1075
-1101
-1357
-988
-1076
-1085
-680
-427
-737
-616
-144
-240
142
618
793
965
1364
1276
1171
1207
932
824
963
938
550
609
656
158
-214
-284
-647
-985
-842
-788
-938
-740
-563
-789
-809
-724
-950
-1045
-722
-620
-656
-439
-151
-213
-197
-50
-166
-119
-92
129
124
278
520
535
713
511
643
634
388
356
247
23
-472
-530
-782
-1118
-1085
-969
-880
-891
-560
-313
-585
-517
-238
-388
-501
-244
-81
6
494
840
747
988
1221
951
746
892
902
735
825
1031
865
666
647
488
176
-20
-131
-179
-186
-305
-248
-302
-516
-542
-611
-891
-925
-675
-623
-649
-276
-223
-422
-233
-185
-286
-433
189
353
196
765
638
525
526
280
80
159
65
-205
-78
-19
-316
-314
-481
-329
-178
-1056
-684
-360
-701
-794
-208
159
-143
235
217
276
368
282
197
499
851
736
774
1318
1605
1238
1371
1571
1171
835
1049
988
575
774
899
584
387
338
39
-334
-434
-585
-834
-855
-729
-817
-812
-637
-636
-611
-498
-362
-508
-486
-499
-339
-133
-626
-208
-87
-693
-470
-293
-1065
-605
-230
-632
-680
-69
-129
-863
-144
-564
-558
-669
-282
-174
-767
218
-90
-246
-124
288
-261
291
778
-152
397
694
147
-138
634
82
29
810
522
575
824
912
573
809
971
469
621
975
611
332
558
389
-125
51
180
-257
-189
63
-76
-169
-62
-235
-406
-347
-463
-614
-721
-604
-773
-842
-899
-881
-916
-1200
-877
-1071
-982
-951
-661
-803
-586
-541
-709
-46
-212
132
-307
971
569
103
1390
113
1286
939
458
631
1246
779
-511
1495
412
-230
977
40
-100
414
10
-696
113
554
-616
257
870
128
436
856
757
270
666
936
495
864
1228
921
1099
1359
761
683
941
441
70
480
175
-332
15
-380
-702
-610
-878
-1268
-1190
-953
-1560
-1332
-1460
-1431
-1357
-2022
-991
-1568
-1274
-246
-1132
-457
572
53
-345
1202
932
-19
1211
1511
178
985
1529
17
1113
826
-135
167
421
-170
-1091
125
-429
-1131
-432
-415
-1139
-970
-288
-1057
-953
-235
-400
-570
640
205
88
1469
957
637
1537
1708
880
1433
1857
1131
1111
1522
794
533
879
135
-235
-109
-305
-1003
-993
-1001
-1612
-1832
-1671
-1694
-2233
-1673
-1371
-1502
-1692
-671
-768
-1855
320
-421
-1108
449
1046
-450
595
2113
-492
1432
1785
-186
1245
1562
-24
563
1321
-318
552
157
-264
121
-576
-401
-619
-431
-765
-444
-460
-681
86
-504
-282
-13
-443
263
382
-62
770
1200
926
1212
1609
1316
1393
1684
1027
1084
1345
910
668
684
499
35
-76
-211
-620
-661
-651
-796
-920
-882
-645
-807
-1225
-422
-856
-830
-576
-568
-505
-164
409
-1013
824
255
-295
769
297
9
952
453
-185
1242
193
403
527
557
-207
518
-98
-747
719
-851
-522
176
-575
-785
3
-599
-1126
-80
-546
-887
-26
-132
-545
506
-302
83
10
267
231
-129
663
235
701
232
620
557
370
748
123
411
662
101
-28
265
-91
-134
110
-233
-581
-148
-332
-708
-687
-381
-517
-826
-271
-443
-1174
222
-411
-1115
187
-417
-61
-891
407
-14
-295
1092
-1310
1273
210
-129
346
39
730
-481
657
-331
335
-45
-246
-153
-91
-709
-129
-924
-172
-256
-1318
244
-905
-230
-741
-71
-541
-164
177
-332
537
-162
538
784
417
601
1374
702
917
1064
1055
820
826
1393
379
840
780
618
345
278
433
-157
83
13
-468
-375
81
-504
-583
-7
-407
-322
-321
201
-219
-105
101
-130
547
-260
111
-222
967
-260
-494
1310
-799
642
-201
173
-162
-183
118
-903
204
-686
-446
-847
-150
-649
-905
-749
-138
-718
-717
-83
-287
-180
-33
195
-163
552
419
341
352
919
478
411
927
651
626
853
804
335
1132
221
428
471
243
-215
103
324
-943
119
-132
-491
-369
-205
-496
-190
-81
-877
252
-327
-337
324
-1185
373
15
-835
-122
-554
350
-1090
-99
-865
-447
-132
-1522
-164
-958
-473
-711
-808
-1066
240
-1041
-1198
71
-551
-962
-163
227
-1108
1332
-805
302
892
128
162
442
1120
-420
972
473
535
758
594
932
181
905
556
106
600
584
36
298
748
-184
405
535
76
230
443
262
191
800
-58
647
679
207
429
452
244
159
515
-346
296
323
-514
-167
120
-645
-461
-751
-600
-524
-1109
-541
-1306
33
-927
-1335
-120
-714
-518
-771
23
-329
-276
679
-428
556
446
260
823
-263
1477
-325
971
893
-209
1380
127
1007
-144
674
673
-345
413
3
198
78
-280
157
141
-279
206
-141
207
274
239
262
463
600
402
484
566
499
355
582
10
660
-94
285
85
-578
78
-289
-809
-831
-187
-1339
-581
-1131
-1195
-1183
-890
-1371
-1540
-374
-1920
-636
-634
-1166
-747
-179
-21
-1090
625
153
-939
1763
-516
319
871
373
758
-92
1487
-381
1186
19
485
167
4
598
-858
459
-433
-178
-504
113
-410
-326
478
-608
223
613
-353
248
1029
-118
519
969
558
320
1218
655
363
926
540
385
266
421
-169
267
-431
-272
-53
-753
-809
-604
-318
-1489
-980
-229
-1401
-704
-720
-990
-195
-649
-457
-741
419
-29
-535
542
509
701
99
778
1300
256
693
1399
272
1095
227
957
581
-300
1037
-433
576
74
-592
610
-216
-12
-131
-178
420
-604
627
-565
290
800
-567
1027
314
477
745
479
752
433
895
360
577
544
-69
685
-251
-119
381
-943
-75
-532
-866
-579
-1209
-551
-1266
-786
-940
-1529
115
-1838
-350
-748
-1089
-75
-891
93
-947
935
-912
677
-34
-162
1048
-756
1343
-805
1143
-321
367
137
-105
543
-594
525
-561
589
-624
537
-752
748
-250
-587
823
-501
597
-475
1104
-394
575
699
195
654
368
996
52
711
657
277
367
917
-288
392
379
-217
10
-315
32
-882
12
-979
-768
-476
-1173
-343
-1370
-654
-789
-565
-888
-860
-295
-577
-129
-1014
301
-149
-277
-113
86
315
-407
874
-681
759
169
-338
475
235
345
-692
913
149
-571
775
-295
448
384
-514
767
-58
456
222
-147
1215
-37
376
359
810
555
-71
1413
195
677
900
54
1271
510
375
602
975
411
-98
982
-24
325
-147
46
-83
-217
42
-633
17
-311
-104
-921
104
-70
-1316
388
-224
-797
-367
429
-743
-513
619
-1333
522
-172
-962
359
-130
-537
-2
-61
-796
323
-17
-1279
426
207
-1419
613
-247
-756
489
-427
-126
-50
-281
168
-169
-194
278
-19
-564
789
86
-727
947
440
-270
842
217
8
1277
-88
80
613
626
-280
515
335
-204
812
-226
124
6
501
-328
-155
358
-476
-75
-162
-115
-588
-85
-260
-415
-406
-278
-329
-386
-456
-412
-372
-486
-636
-55
-920
-382
164
-1607
672
-960
-252
-281
-622
315
-1086
716
-919
224
235
-822
510
-123
-111
22
293
188
193
-76
1063
-489
980
550
-313
1457
6
716
278
919
396
338
854
173
706
359
420
730
177
510
697
18
560
439
-31
487
264
-143
476
188
-387
432
147
-375
181
-22
-59
-256
71
-246
-320
0
-263
-741
104
-336
-509
-474
53
-433
-939
876
-1929
997
-794
-753
486
-982
101
-893
780
-1635
918
-375
-794
980
-955
655
-145
-18
272
32
418
-186
626
23
347
730
-606
998
513
-206
833
298
317
605
177
212
868
-199
513
159
333
153
144
491
-459
1156
-929
550
110
-386
360
-759
713
-1106
387
-462
-436
-148
-625
9
-1136
181
-878
-396
-721
-367
-465
-1288
340
-1380
-385
-539
-633
-888
-388
-196
-1614
747
-1378
-77
-298
-605
-42
-397
146
-677
684
-543
109
225
-134
334
157
318
214
592
196
597
445
352
854
270
478
801
594
355
902
674
366
871
443
583
751
365
577
574
260
653
100
420
306
161
308
-185
761
-606
508
22
-461
292
-205
-18
-885
778
-955
-260
166
-1073
138
-551
-348
-1094
150
-430
-1259
-56
-351
-776
-239
-477
-675
364
-846
-620
602
-784
132
-46
-298
605
-299
359
-241
1097
-440
392
1053
-684
1547
-290
562
782
398
-83
974
776
-593
1290
66
348
381
260
317
196
653
-520
807
29
112
345
-280
619
-102
-59
92
148
-146
194
-165
-210
230
-289
-269
-225
-127
-485
-228
-350
-1033
65
-725
-986
-367
-603
-886
-718
-380
-1478
301
-1158
-902
125
-1023
-496
-480
-72
-969
250
-418
-333
163
-180
-24
95
277
-7
12
516
271
-210
690
254
53
322
675
-265
551
736
-584
893
174
308
-76
858
266
-261
1259
-274
631
419
548
449
-13
1284
-16
220
992
58
483
300
238
332
6
327
-146
-56
47
-178
-368
-372
-36
-507
-889
209
-838
-766
99
-952
-449
-119
-828
-373
-165
-349
-516
-209
267
-660
42
276
-427
396
-104
265
-130
418
294
-411
902
-122
113
330
196
76
86
469
-158
240
386
-193
418
259
-28
422
260
164
545
81
713
348
156
974
5
801
17
832
320
-43
1018
-505
858
-282
156
192
-444
271
-547
-234
-264
-458
-437
-823
131
-998
-560
-385
-660
-330
-1018
43
-803
-329
-477
-370
-215
-590
435
-976
227
182
-827
530
-285
-109
49
-44
-300
165
140
-635
380
105
-842
558
-452
-45
193
-564
401
-321
112
-96
255
-325
629
159
-271
728
458
6
341
1007
-477
946
381
72
791
69
540
6
619
-218
199
570
-768
680
-498
228
-263
-360
261
-805
255
-625
-288
-114
-166
-598
-32
27
-324
-364
142
64
-514
569
-629
409
296
-689
612
-212
290
-221
-156
636
-802
534
-261
-192
262
-411
209
-592
633
-712
-109
509
-573
2
211
92
-200
578
-186
382
533
-88
511
424
815
-462
1354
6
236
1031
-372
929
34
593
-306
771
187
-339
700
-311
395
-456
148
126
-413
73
-128
-172
-226
91
-284
-322
476
-347
-532
585
-189
-422
241
-123
-199
-151
88
-458
-14
-45
-450
-1
-750
288
-764
-240
-132
-774
78
-820
95
-1065
198
-271
-1057
782
-1305
469
-112
-534
262
-40
182
-294
394
143
185
269
186
265
320
307
-8
711
-429
860
-11
-387
1251
-866
684
-184
4
241
-441
629
-829
573
-327
23
-35
-423
766
-536
-88
327
-178
142
115
-263
167
436
-260
-330
810
-346
-58
250
-495
373
-312
74
-515
234
-34
-931
640
-811
-16
-24
-730
471
-755
192
-297
85
-69
-335
446
-184
-14
376
-218
516
114
-52
639
-193
527
46
319
67
480
179
-53
553
69
-43
353
283
-365
456
209
-426
421
297
-277
259
256
-11
-48
345
178
-290
750
-141
-37
442
261
-172
229
498
-408
369
60
-85
111
87
-360
130
-373
-108
-158
-622
227
-524
-423
-154
-358
-507
-59
-610
-289
6
-415
-480
197
-82
-663
477
-541
323
-323
329
2
-433
1234
-1027
477
425
-216
44
333
153
-181
291
85
-127
105
247
-467
579
-578
527
-309
29
256
-498
855
-860
592
-152
184
-42
-13
466
-371
600
-287
175
169
146
-296
185
92
-160
-72
-256
371
-639
-181
103
-409
-482
-17
-328
-491
20
-551
-423
99
-417
-622
257
-483
2
-50
-574
682
-479
166
-63
150
146
-103
435
-459
908
-334
186
420
-53
320
58
234
-215
659
-350
173
280
-215
571
-499
356
310
-302
371
-29
547
-443
721
174
-319
1093
-262
232
528
404
-39
249
952
-416
315
776
-528
655
48
-146
140
325
-399
-199
411
-557
-130
-130
-227
-401
15
-396
-255
-28
-350
-93
-434
348
-617
29
-58
-31
-125
-283
611
-782
597
-67
-297
463
-139
-15
-22
203
-233
-41
281
-522
114
191
-664
311
-76
-381
33
7
-229
-254
284
-292
-20
168
-264
114
266
-215
238
60
253
147
-122
431
-125
493
-402
311
169
-220
104
-112
120
-474
320
-472
-306
342
-757
-145
-14
-452
-152
-318
-46
-243
-280
-56
-129
-201
-45
79
-252
197
154
-238
158
502
-491
383
285
-252
385
43
125
61
226
-19
4
157
1
-67
104
-10
40
-36
68
115
-218
379
-161
140
127
94
364
-202
498
135
118
397
26
363
324
134
135
332
350
-289
440
135
-190
383
-151
-275
654
-582
-277
564
-707
118
-104
-351
46
-111
-273
-248
446
-727
128
152
-411
229
39
-441
592
-342
-150
446
-589
550
-348
2
67
-87
-21
-329
389
-790
462
-356
-516
565
-750
171
-187
-136
-7
-215
169
-451
487
-149
-265
691
-464
576
-209
418
202
-132
736
-347
648
-110
379
120
55
503
-484
400
288
-498
196
165
-139
-110
-110
256
-551
278
-240
-441
389
-573
194
-565
368
-204
-685
685
-783
365
-474
65
41
-541
453
-811
543
-507
-61
64
-454
301
-556
68
-106
-254
-41
-188
-184
70
-278
-158
192
-224
-30
-53
104
-16
63
163
-31
395
36
112
322
197
172
335
125
169
576
-167
399
255
96
188
213
105
138
298
-174
394
-84
100
229
-54
3
342
-270
129
312
-422
504
-149
-111
363
-263
57
204
-211
8
112
-168
-193
296
-359
-59
68
-371
-19
-155
-193
-161
-136
-109
-301
-140
-167
-113
-304
-186
63
-318
-38
-80
-28
-50
49
-200
130
272
-439
344
104
80
-23
136
252
-75
396
-175
201
335
177
-317
462
407
-458
417
84
48
194
-107
218
65
204
-180
180
220
-282
337
-281
242
-98
77
-149
-65
363
-522
-54
335
-389
-302
321
-526
92
-236
-322
108
-536
-2
-301
-105
-640
471
-745
-504
830
-1414
424
-48
-506
-228
367
-476
-227
545
-807
532
-200
-95
-49
472
-397
187
338
-308
578
-291
297
110
288
-208
519
-101
248
322
-153
448
63
188
125
325
-40
271
273
-92
302
245
-163
403
66
-61
380
-51
157
-32
156
58
-164
251
-203
38
70
-363
214
-255
-96
-16
-289
21
-296
-44
-236
-174
-25
-437
87
-309
-102
17
-460
328
-302
-112
3
-26
23
-161
282
-342
453
-274
111
347
-297
459
-160
361
-188
537
-137
36
704
-566
612
48
123
237
27
433
-132
401
-27
201
253
-29
205
113
140
107
54
77
224
-219
267
-213
116
-58
-176
35
-307
178
-631
236
-354
-346
126
-716
133
-385
-417
-45
-486
-60
-450
-223
-107
-567
168
-635
154
-400
-209
193
-709
398
-348
-112
-50
23
-104
33
-80
141
-29
23
290
-211
311
26
147
-66
348
183
-147
513
-61
190
256
49
235
254
224
-73
559
114
-153
723
-230
200
448
-154
148
490
-83
-44
399
-127
175
-118
109
1
17
-98
-26
44
-262
156
-431
6
53
-418
-52
31
-357
-87
-140
-125
-401
307
-611
-91
338
-976
508
-320
-216
-103
84
-369
44
98
-396
267
-135
31
-252
388
-288
148
126
-153
368
-135
174
114
252
-85
422
1
37
538
-62
127
455
165
-53
546
-90
265
300
34
137
353
101
-15
331
42
-47
374
-210
40
341
-294
42
103
95
-526
542
-336
-366
617
-745
109
67
-275
-245
97
-191
-425
335
-583
-32
139
-539
38
-39
-334
-6
-255
-68
-46
-372
142
-338
10
-116
-62
-254
46
171
-731
599
-225
-175
146
-22
31
-258
525
-561
285
168
-297
198
30
140
-164
167
153
-214
188
189
-341
357
106
-257
211
81
-105
16
59
4
-42
82
-45
-6
57
-91
177
-335
290
-31
-403
601
-451
99
126
-146
38
-48
54
-47
21
-72
114
-152
221
-253
103
117
-131
-20
25
241
-355
369
-291
322
-73
-164
349
-170
166
28
50
-39
410
-288
128
283
-159
192
2
99
179
-6
-54
271
63
-143
229
31
-46
198
-145
212
-207
273
-51
-356
543
-245
-119
98
164
-204
-19
189
-298
252
-212
11
163
-224
67
108
-269
80
305
-637
457
33
-525
446
-274
66
-43
-59
-10
44
-73
-311
517
-486
62
245
-471
358
-141
-234
332
-302
100
147
-373
304
46
-291
-16
451
-534
135
388
-629
465
-122
-272
414
-361
62
160
-246
-44
299
-310
-94
411
-543
92
252
-437
166
85
-325
203
-99
-197
241
-144
-203
177
-82
-198
106
12
-274
185
-94
-205
265
-360
131
-23
-227
31
100
-267
-51
300
-510
161
108
-273
-21
234
-225
-107
239
-227
100
-18
23
34
-72
173
-65
127
-58
128
150
-123
245
7
90
112
36
76
140
107
20
177
159
3
164
143
42
135
33
140
70
94
41
111
166
-23
47
228
-49
89
115
23
92
11
55
38
32
-91
181
-42
-82
57
42
-124
91
-147
-38
149
-343
85
-63
-67
-98
-69
12
-127
-9
-208
89
-74
-247
129
-69
-57
-68
-70
55
-131
-24
-76
16
28
-259
156
-80
-9
40
-200
185
-29
-174
85
75
-64
-15
-12
17
-41
27
-141
161
-21
-117
108
-93
166
-116
30
57
-8
-32
-25
117
-47
72
-5
-14
130
-38
-64
81
75
-167
95
-30
-45
38
-64
-20
-98
64
-241
50
-67
-116
-2
-135
7
-137
-21
-149
-35
-70
-82
-13
-143
60
-133
-69
1
-106
-22
-35
-46
-58
49
-33
-22
2
73
-33
-56
120
-69
5
96
2
-24
172
1
1
161
57
-14
160
80
-19
208
94
8
162
123
-1
176
130
-8
195
107
37
132
64
122
29
119
24
124
46
80
109
-94
222
-53
-5
65
24
26
-31
103
-92
28
65
-123
43
-50
-23
-34
-38
11
-146
61
-119
-37
-65
-110
65
-205
15
-23
-147
26
-22
-112
-72
56
-140
-79
105
-128
-45
119
-116
13
5
-20
20
-39
54
-17
63
-26
48
56
-125
174
-86
-41
122
-69
15
10
32
-84
67
-35
-112
113
-104
-43
42
-45
-72
21
-5
-139
66
-35
-115
47
-49
-48
-37
-34
0
-89
-37
-18
-70
-83
-15
-9
-143
30
-52
-132
-1
-42
-85
-52
21
-101
0
11
-106
32
-31
-77
17
-14
-67
38
35
-48
76
27
5
47
41
38
29
97
31
74
82
53
52
24
99
33
68
58
78
87
21
60
42
37
15
27
59
38
40
61
41
31
40
28
2
55
-1
-7
79
-20
14
47
5
-13
27
-28
-20
31
-72
38
-19
-14
13
-22
-5
-33
20
-71
39
4
-42
53
-12
-5
6
5
-3
-3
31
-3
22
31
36
23
24
31
18
16
15
45
8
24
47
11
21
28
-7
13
-2
3
-14
-1
-1
-22
28
-47
0
-8
-51
-6
-25
-46
-17
-32
-61
-11
-44
-58
-13
-65
-63
16
-86
-42
8
-96
-40
-28
-84
-40
-25
-73
-35
-24
-73
-7
-49
-61
-17
-46
-41
-12
-22
-11
-8
-9
-5
-20
1
-8
-3
-11
8
12
-7
-4
11
14
-10
28
7
-2
30
18
-2
17
5
-5
16
4
19
27
1
20
37
-12
26
19
-9
15
13
14
22
8
15
8
5
23
10
11
12
13
-2
8
-1
-6
10
-13
19
10
-2
20
9
-6
-6
17
-17
10
20
-3
50
6
15
39
-9
27
18
13
29
38
32
28
47
30
20
25
29
39
29
49
29
23
34
7
21
19
22
13
45
13
30
48
8
30
27
16
13
36
16
39
24
32
35
6
31
2
18
2
-2
15
-10
6
6
-19
2
-29
-26
-32
-31
-27
-48
-25
-39
-45
-38
-54
-49
-46
-67
-43
-69
-40
-59
-65
-58
-66
-61
-53
-55
-46
-38
-47
-20
-42
-31
-27
-44
-30
-30
-28
-30
-17
-10
-16
1
-9
-7
1
-1
4
-3
7
-4
12
5
6
2
15
6
9
18
3
12
23
2
-1
27
-8
11
18
0
23
18
1
12
9
8
-7
4
-4
-5
3
-3
12
0
8
17
1
17
13
-12
18
-6
-5
9
-2
3
9
3
18
13
9
25
9
10
12
1
11
11
2
16
14
10
23
14
7
14
20
-11
26
11
-3
32
8
32
14
30
30
23
36
29
27
29
34
27
36
38
41
29
35
49
29
36
42
20
32
28
21
20
18
26
1
15
15
-1
11
-1
8
2
-7
12
-8
-9
-2
-11
-12
-15
-9
-14
-13
-6
-22
-23
-20
-25
-25
-39
-27
-31
-50
-34
-40
-53
-44
-44
-56
-53
-55
-48
-47
-52
-38
-52
-51
-30
-56
-39
-42
-45
-36
-43
-32
-36
-38
-33
-28
-28
-28
-10
-20
-17
-1
-16
-9
-3
-12
-1
4
-4
12
11
13
15
8
15
6
11
10
13
16
18
23
20
24
30
12
20
25
12
26
22
13
19
20
16
18
13
18
12
5
22
0
3
19
-5
8
13
6
10
14
13
8
24
13
1
19
11
19
19
19
23
18
24
23
20
22
11
25
10
6
18
7
0
11
-1
-10
12
-6
-6
2
-4
-3
1
6
4
5
11
7
19
10
20
24
14
32
23
30
27
30
26
26
24
23
24
12
25
11
9
13
6
-1
2
-1
-16
-8
-11
-22
-17
-19
-19
-15
-15
-16
-10
-18
-14
-4
-16
-1
-14
-9
-13
-14
-6
-19
-5
-11
-12
-7
-12
-11
-11
-18
-18
-18
-24
-25
-22
-28
-31
-31
-46
-35
-32
-44
-32
-34
-30
-29
-33
-33
-27
-24
-38
-19
-21
-28
-14
-17
-22
-22
-10
-17
-19
-13
-25
-23
-19
-22
-22
-12
-16
-11
-7
-5
-4
-4
-3
4
5
1
16
13
15
25
20
26
29
28
40
38
30
34
36
34
35
43
34
37
48
31
35
33
22
22
22
20
16
17
24
21
22
20
18
20
19
17
15
19
18
10
16
16
9
9
16
12
10
19
6
12
18
4
4
-3
-9
-5
-3
-10
-10
-9
-13
-5
-12
-12
-13
-6
-12
-8
1
-8
0
-4
11
3
4
9
7
12
14
13
5
17
10
17
13
6
10
9
10
6
7
2
7
1
-2
3
-5
0
-8
-8
-9
-9
-19
-17
-11
-22
-14
-19
-16
-19
-20
-17
-16
-18
-28
-21
-31
-28
-28
-33
-27
-35
-31
-32
-33
-30
-32
-35
-32
-31
-35
-33
-28
-23
-29
-18
-24
-26
-7
-25
-11
-15
-15
-9
-6
-4
-10
-3
-9
-3
4
1
11
2
1
12
1
2
10
3
5
13
12
7
19
16
12
25
17
20
18
17
19
25
22
22
28
22
30
27
22
15
21
23
20
20
22
16
19
23
19
14
12
15
12
15
13
13
5
14
13
9
10
9
8
10
12
10
13
12
19
17
12
12
11
7
6
14
1
6
2
-5
3
-2
-2
-4
-6
-4
-7
-1
-6
-8
-1
-8
-1
-7
-4
0
-3
5
-1
1
-2
2
-3
1
2
-2
-2
-3
-1
-5
-1
-3
-4
2
-7
2
-4
-8
-5
-17
-8
-18
-16
-17
-22
-16
-20
-15
-13
-16
-15
-10
-15
-14
-13
-18
-14
-11
-13
-16
-14
-13
-18
-17
-20
-26
-19
-22
-21
-21
-21
-17
-18
-16
-14
-17
-13
-17
-9
-9
-14
-8
-15
-5
-11
-8
-3
-4
1
5
10
3
7
7
8
6
13
8
7
12
13
17
16
17
17
16
17
14
12
13
10
15
15
14
16
12
15
12
18
12
9
9
6
11
4
8
0
2
8
2
10
4
13
3
8
12
4
8
0
2
4
2
4
5
9
12
10
15
10
10
13
9
10
14
12
13
13
13
15
10
19
16
15
21
15
15
13
13
11
3
8
8
7
8
4
4
0
1
-2
-4
-5
-5
-9
-5
-2
-5
-5
-13
-7
-12
-16
-11
-17
-14
-16
-14
-15
-17
-14
-15
-20
-18
-15
-16
-15
-15
-12
-16
-12
-13
-20
-18
-19
-21
-20
-14
-16
-16
-12
-14
-17
-14
-17
-13
-12
-16
-8
-11
-10
-8
-8
-9
-5
-7
-4
-5
-5
-3
-5
0
-3
-3
2
-3
3
3
4
8
5
5
7
6
4
7
10
8
10
13
9
14
10
8
12
8
8
9
5
6
7
7
9
13
9
9
8
6
8
11
5
5
6
6
6
6
6
6
9
5
6
5
2
5
0
2
2
-1
2
0
2
2
2
0
-1
3
1
3
6
4
5
10
8
10
9
10
8
9
11
4
6
9
5
8
9
10
8
8
7
6
2
3
3
1
4
2
3
4
2
1
2
-2
-1
-1
-1
-2
-2
-2
-8
-7
-12
-10
-8
-11
-11
-10
-11
-9
-7
-8
-14
-11
-13
-16
-8
-10
-7
-5
-4
-2
-3
-2
-3
-8
-10
-3
-8
-5
-5
-5
-1
-2
1
-2
-4
-2
-2
-3
-4
-2
-6
-7
-3
-6
-6
-4
-5
-7
-7
-6
-6
-6
-9
-7
-10
-9
-8
-6
-5
-5
-4
-7
-7
-9
-7
-10
-11
-8
-8
-7
-7
-4
-7
-5
-4
-6
-4
-5
-4
-5
-4
-2
-2
1
0
4
3
2
6
7
7
10
12
7
13
13
15
16
16
19
17
19
17
14
14
16
15
14
14
15
14
14
13
11
11
12
12
15
15
12
14
11
11
8
7
7
4
7
9
6
8
7
6
5
5
6
0
0
1
0
-2
-1
0
-2
0
1
-2
-4
-2
-4
-4
-1
-9
-7
-8
-7
-4
-7
-5
-6
-6
-6
-5
-9
-8
-9
-9
-8
-7
-6
-8
-7
-7
-7
-6
-7
-6
-7
-7
-7
-7
-4
-4
-4
-2
-4
-3
-4
-6
-5
-9
-10
-8
-8
-9
-6
-7
-10
-8
-7
-8
-9
-8
-10
-9
-7
-9
-10
-12
-7
-12
-11
-8
-10
-10
-10
-9
-10
-7
-7
-10
-10
-11
-11
-8
-8
-5
-1
-1
0
4
6
7
10
9
8
9
7
11
11
10
9
9
11
11
12
11
10
11
9
9
12
10
10
12
14
14
16
15
15
15
15
16
15
11
11
10
6
7
6
3
7
7
4
8
7
7
8
8
9
7
7
5
7
8
4
7
7
7
6
7
6
6
4
6
5
2
5
3
4
2
3
4
4
1
3
0
1
1
-2
0
-3
-3
-3
-7
-5
-8
-9
-9
-11
-13
-15
-15
-14
-16
-15
-16
-16
-16
-19
-18
-18
-18
-15
-14
-16
-15
-13
-12
-12
-15
-16
-15
-14
-13
-12
-12
-11
-9
-8
-6
-4
-8
-6
-5
-5
-4
-6
-2
-2
-1
-2
-3
-4
-2
0
-1
-3
-3
0
2
2
2
4
4
6
8
8
7
10
10
10
11
9
10
9
9
8
7
9
9
11
11
11
8
10
10
11
7
8
8
8
10
7
6
5
5
5
6
4
4
6
7
8
4
5
5
7
8
5
1
0
2
2
0
-4
-6
-4
-5
-5
-5
-7
-7
-4
-4
-6
-8
-5
-4
-3
0
-4
-3
1
4
2
1
3
1
3
6
6
2
4
5
4
7
4
5
3
8
9
8
7
7
9
10
11
9
8
6
9
7
5
4
3
3
2
2
0
-1
0
-2
-2
-6
-7
-8
-10
-7
-11
-14
-13
-13
-12
-13
-13
-12
-11
-9
-10
-12
-12
-13
-13
-11
-12
-11
-11
-10
-8
-9
-8
-10
-10
-8
-7
-6
-7
-7
-6
-3
-5
-3
-4
-4
-4
-4
-4
-8
-6
-5
-6
-5
-5
-5
-8
-4
-2
-3
-2
-3
-3
-3
2
1
0
-1
1
3
6
8
3
6
6
8
8
5
7
6
7
11
13
10
10
10
14
15
11
13
10
12
14
13
12
10
12
12
9
11
8
5
6
8
7
6
3
0
0
6
7
2
2
5
6
8
6
4
2
5
7
6
3
2
1
3
5
3
-1
-2
1
3
5
4
-1
1
3
4
1
-1
-3
-2
2
0
-2
-5
-6
-3
-2
-2
-4
-7
-4
-3
-3
-4
-5
-7
-4
0
-1
-3
-4
-5
-4
-2
-2
-6
-8
-8
-9
-10
-12
-12
-14
-14
-11
-12
-12
-13
-12
-10
-11
-9
-11
-12
-9
-8
-7
-7
-7
-7
-7
-5
-5
-8
-8
-9
-8
-7
-8
-6
-6
-4
-2
-2
0
0
-1
1
1
2
3
0
4
6
6
7
5
6
6
5
4
4
4
4
6
5
8
6
4
5
9
10
7
5
7
8
9
11
9
6
7
8
9
6
6
5
5
7
9
5
2
2
2
2
2
-1
-2
0
1
0
-1
-1
0
2
2
-1
-4
-6
-3
-4
-4
-5
-5
-3
0
2
3
2
2
4
6
5
3
3
5
9
9
7
7
9
9
12
11
6
7
8
7
8
7
6
4
9
8
4
5
1
2
3
1
-1
-3
-2
-2
-1
1
-3
-3
-3
-2
-2
-4
-7
-7
-6
-7
-4
-6
-8
-6
-4
-2
-4
-6
-10
-11
-9
-11
-11
-13
-11
-9
-9
-10
-10
-12
-11
-8
-12
-12
-12
-14
-12
-12
-11
-12
-10
-9
-11
-12
-11
-13
-10
-7
-8
-11
-11
-7
-8
-6
-6
-8
-5
-3
1
4
-1
1
2
3
7
6
4
6
8
10
11
9
9
9
11
11
10
9
8
9
11
12
12
11
9
10
13
13
10
9
8
8
9
10
8
5
5
8
7
7
5
2
3
3
4
3
0
3
4
5
3
3
2
3
2
1
1
0
2
4
6
5
6
6
6
4
3
1
3
2
0
-1
-1
1
1
4
5
5
2
2
4
3
1
1
-2
1
4
3
2
0
-1
0
-1
0
-3
-6
-7
-4
-3
-5
-7
-8
-6
-6
-3
-6
-7
-6
-5
-2
-3
-8
-6
-6
-3
-2
-5
-9
-11
-8
-7
-7
-10
-11
-10
-5
-4
-5
-6
-6
-4
-5
-1
-1
-2
0
1
1
-1
-1
-4
-4
-3
-4
-6
-8
-8
-7
-7
-8
-10
-11
-11
-8
-7
-8
-9
-8
-6
-6
-6
-6
-6
-5
-4
-4
-4
-7
-7
-5
-3
-3
-2
-1
-1
1
3
2
3
3
4
2
6
5
5
6
6
9
11
12
13
11
14
13
15
14
12
12
13
13
12
12
12
12
15
18
16
16
18
18
18
15
12
10
11
11
11
12
8
10
10
13
12
10
9
7
7
5
2
2
2
2
2
2
2
2
1
-2
-3
-7
-4
-5
-5
-6
-8
-7
-8
-3
-2
-4
-4
-4
-6
-7
-7
-8
-8
-9
-9
-11
-11
-11
-13
-12
-12
-14
-16
-16
-14
-15
-16
-16
-16
-14
-13
-11
-10
-12
-10
-8
-6
-7
-10
-9
-8
-7
-4
-5
-7
-5
-3
-3
-4
-4
-2
-1
1
3
0
0
2
2
5
6
1
0
1
3
3
0
0
-1
1
2
1
0
-2
0
3
3
3
1
1
2
4
5
3
2
3
5
4
3
1
0
1
2
0
2
0
-2
0
2
1
-1
-1
-1
-1
1
2
3
4
8
5
8
8
8
9
7
8
6
7
6
8
8
11
15
14
16
15
15
12
14
13
11
11
10
9
9
11
12
12
12
10
11
9
9
8
7
3
3
3
3
1
4
3
4
6
5
3
2
1
0
-2
-3
-3
-5
-3
-3
-5
-5
-5
-8
-10
-10
-11
-13
-15
-14
-15
-15
-14
-12
-15
-15
-15
-14
-15
-16
-16
-18
-17
-18
-18
-16
-14
-11
-11
-12
-13
-12
-11
-10
-10
-11
-8
-9
-6
-5
-5
-4
-4
-3
-4
-4
-3
-3
-1
-3
-3
-1
-1
0
1
3
0
0
3
4
4
5
3
4
7
10
11
10
10
12
12
14
12
10
11
11
12
11
9
8
10
7
10
8
7
5
8
10
7
7
8
7
7
8
5
3
4
2
2
0
-3
-3
-1
2
3
1
0
0
0
-1
-1
-4
-5
-5
-6
-3
-6
-4
-5
-5
-4
-4
-3
-5
-6
-7
-7
-8
-8
-6
-5
-3
1
4
4
4
7
8
8
9
5
5
7
10
13
13
14
15
14
14
14
14
12
13
11
11
13
12
10
10
8
9
8
4
3
2
1
-2
-3
-3
-6
-6
-4
-6
-5
-5
-7
-4
-4
-7
-10
-12
-11
-11
-13
-11
-13
-13
-12
-12
-16
-15
-15
-17
-17
-19
-17
-19
-18
-17
-17
-15
-16
-16
-14
-12
-11
-13
-12
-12
-10
-10
-11
-11
-10
-7
-5
-5
-3
-4
-3
-1
-2
-4
-4
-2
-1
-1
2
3
4
6
8
8
7
7
8
7
8
9
9
10
13
13
13
18
19
17
17
18
18
16
18
17
14
14
14
13
15
15
13
12
11
11
9
8
5
5
4
6
4
2
4
1
2
2
2
1
-1
0
0
1
1
-3
-4
-2
-3
-3
-3
-7
-5
-2
-1
-2
-1
-2
-2
0
2
1
-2
-2
-2
1
0
-1
-1
0
1
1
-1
-1
-4
-5
-2
-1
-3
-2
-1
1
4
2
1
2
1
2
1
0
-1
-2
-1
-1
0
-2
-2
-4
-7
-8
-8
-9
-7
-11
-10
-9
-7
-5
-9
-10
-9
-6
-6
-7
-7
-9
-7
-7
-8
-8
-9
-9
-8
-5
-7
-7
-5
-3
-2
-3
-4
-6
-3
-2
-1
-2
-4
-4
0
-1
0
0
-1
0
2
2
1
0
3
4
2
3
4
3
6
5
4
3
6
5
4
1
3
3
3
5
0
-1
1
1
3
1
0
0
2
5
3
2
2
3
3
2
1
-2
1
2
5
2
1
2
5
6
4
1
0
2
5
6
5
2
5
11
11
8
6
6
7
7
6
5
3
4
6
7
5
6
7
9
9
7
5
2
4
8
5
4
3
5
5
6
2
1
3
4
4
2
-2
-2
0
2
0
-1
0
2
4
0
-2
-4
-3
-5
-3
-6
-7
-4
-2
-1
-1
0
-3
-1
-1
-3
-4
-5
-5
-4
-3
-4
-4
-3
-2
-2
-1
-4
-6
-7
-7
-9
-10
-12
-13
-11
-11
-11
-11
-14
-15
-11
-15
-17
-17
-20
-21
-18
-18
-17
-19
-15
-13
-11
-11
-12
-13
-11
-9
-11
-7
-10
-6
-2
-1
-1
1
3
3
6
8
5
6
4
4
7
9
5
5
7
8
10
12
11
10
12
13
12
13
11
9
10
12
16
15
11
12
12
13
13
10
8
10
14
17
13
11
12
12
14
16
12
10
13
15
14
13
12
7
7
9
8
5
4
2
1
3
3
0
-2
-1
2
2
0
-3
-5
-4
-2
-2
-5
-6
-4
0
-1
-3
-5
-7
-6
-5
-6
-8
-7
-8
-5
-1
-3
-4
-4
-1
-2
0
-3
-7
-5
-4
-4
-6
-4
-4
-4
2
0
-2
-3
-5
-2
-2
-5
-8
-8
-8
-4
-2
-5
-7
-4
-2
-3
-3
-8
-14
-9
-6
-10
-8
-7
-9
-8
-3
-6
-9
-8
-12
-11
-8
-12
-16
-15
-13
-13
-8
-10
-17
-11
-10
-13
-9
-8
-11
-8
-3
-5
-5
0
-3
-4
4
3
0
2
3
1
6
7
2
4
6
3
6
11
5
6
11
10
9
13
9
8
13
14
14
14
15
9
12
12
11
10
9
8
11
14
13
13
13
10
13
15
11
11
12
13
16
18
11
9
14
14
13
11
8
8
13
12
9
7
4
3
8
8
1
2
4
2
0
0
-4
-9
-3
-2
-6
-4
-3
-3
-2
-1
-5
-12
-10
-9
-11
-12
-13
-13
-12
-10
-7
-10
-12
-10
-9
-12
-12
-11
-13
-12
-7
-8
-9
-7
-6
-8
-6
-6
-11
-10
-7
-9
-10
-6
-7
-9
-2
-2
-5
-2
-2
-3
0
2
-2
-5
0
-1
-1
3
2
-2
-1
3
-2
-1
0
-5
-7
-2
-4
-7
-4
-2
-6
-6
-5
-6
-9
-3
-4
-7
-5
-4
-5
-3
0
-5
-4
-2
-1
-3
-1
-4
-6
0
0
-4
-3
-2
-2
1
6
0
0
3
3
4
8
8
5
10
12
8
9
12
6
8
12
10
7
12
14
6
10
13
8
10
12
8
5
8
9
5
8
8
8
8
10
9
8
11
10
7
5
7
5
6
8
7
11
12
13
14
11
9
11
11
6
4
4
4
9
9
7
7
6
6
7
4
0
-3
-2
-5
-3
-3
-8
-8
-4
-5
-6
-6
-11
-12
-10
-11
-16
-16
-15
-16
-13
-11
-13
-15
-13
-12
-11
-11
-12
-13
-11
-12
-10
-11
-11
-9
-7
-7
-7
-8
-11
-10
-9
-9
-11
-10
-9
-8
-5
-4
-5
-3
-2
-3
-3
-3
-4
-5
-3
-4
-8
-2
-2
-2
1
0
-3
-4
-2
-6
-4
-1
-6
-7
1
0
-1
4
3
0
5
7
0
0
6
2
0
8
4
2
7
10
7
9
11
7
7
11
10
8
8
8
8
10
9
11
7
5
9
7
7
8
7
5
5
9
7
7
6
5
1
3
3
-3
-4
-3
-2
0
0
0
0
0
2
4
1
-1
0
1
2
4
6
4
5
9
8
7
8
7
8
11
8
5
6
7
9
8
9
8
6
7
7
7
7
6
7
7
4
4
3
0
-1
-1
-2
-2
-4
-5
-6
-3
-6
-8
-6
-7
-9
-10
-9
-12
-10
-6
-9
-8
-5
-8
-10
-5
-5
-8
-5
-4
-7
-9
-6
-7
-10
-8
-9
-12
-11
-9
-9
-13
-10
-9
-14
-12
-10
-15
-18
-11
-8
-11
-10
-8
-14
-10
-5
-10
-14
-14
-12
-14
-7
-6
-14
-14
-4
-5
-6
-1
-3
-7
-1
2
-2
-2
1
2
5
8
7
5
6
6
6
4
2
4
6
7
10
10
8
12
15
15
14
12
13
10
12
14
11
14
15
17
18
17
15
12
11
12
8
8
8
8
10
13
12
10
14
11
8
13
10
5
7
7
3
5
9
4
4
9
8
4
4
2
-3
-1
0
-4
-4
-2
0
3
2
3
2
1
-1
-2
-4
-6
-5
-5
-6
-2
-1
-2
1
2
-2
-2
-4
-9
-9
-11
-10
-9
-8
-8
-7
-8
-6
-4
-6
-7
-6
-10
-8
-5
-10
-10
-3
-3
-4
3
2
-3
1
0
-6
-6
-5
-9
-7
-4
-6
-5
-1
-1
-1
-1
-3
-3
-4
-8
-9
-8
-9
-6
-2
-5
-5
-2
-3
-6
-6
-7
-11
-10
-6
-10
-12
-11
-12
-9
-6
-8
-12
-9
-9
-8
-6
-9
-11
-7
-6
-5
-1
-4
-5
0
2
0
0
-1
-4
2
2
-1
1
4
7
10
12
9
7
10
11
11
10
12
14
14
18
17
14
14
16
14
11
13
10
11
14
16
13
12
13
11
13
13
9
8
10
8
9
9
9
9
10
11
12
11
10
7
8
7
5
6
3
4
5
7
6
5
6
1
3
3
-1
2
3
0
2
2
0
-1
2
0
-2
0
-2
-6
-5
-5
-8
-8
-7
-10
-12
-8
-6
-8
-9
-9
-13
-14
-13
-16
-18
-15
-15
-16
-10
-9
-13
-9
-8
-13
-10
-8
-14
-10
-7
-9
-11
-5
-6
-9
-1
-4
-8
-4
-4
-6
-5
-4
-7
-5
-2
-3
-4
-1
-5
-6
0
-4
-7
-2
-6
-9
-3
-3
-13
-8
-3
-8
-6
-1
-5
-7
-2
-3
-8
-3
-2
-6
-2
1
-1
-1
2
3
2
1
2
5
2
4
8
7
7
11
11
6
8
9
4
6
10
7
8
12
10
7
12
9
7
11
9
5
10
10
6
11
11
7
9
11
7
5
9
7
4
8
9
6
10
11
8
9
8
7
6
6
5
5
5
5
7
5
9
12
10
8
9
8
5
5
6
2
4
8
4
6
7
6
6
8
5
0
2
2
-1
1
1
-4
-4
-1
-5
-7
-4
-7
-12
-10
-7
-14
-15
-10
-16
-16
-8
-11
-13
-10
-8
-12
-13
-9
-15
-15
-9
-12
-14
-9
-8
-12
-10
-3
-8
-9
-3
-9
-12
-8
-8
-14
-11
-7
-9
-9
-3
-9
-13
-8
-9
-12
-8
-6
-11
-7
-2
-5
-4
-3
-8
-8
-4
-6
-9
-3
-7
-9
-3
-1
-5
-2
2
-2
2
5
0
0
6
6
3
8
9
5
8
15
10
9
14
12
9
9
13
8
9
14
11
9
14
13
9
10
11
7
6
5
5
5
6
6
8
3
5
7
4
3
3
3
2
5
10
4
4
9
5
6
9
7
3
7
5
5
6
5
4
7
6
2
8
6
3
8
8
4
5
7
1
5
10
6
6
10
7
4
7
6
3
0
-1
1
1
-1
-2
-1
-2
1
2
-4
-5
0
-2
-7
-2
-6
-8
-4
-4
-7
-6
-3
-7
-8
-6
-10
-12
-12
-12
-11
-12
-13
-12
-9
-9
-8
-5
-9
-12
-9
-10
-14
-11
-9
-11
-11
-5
-7
-11
-6
-6
-10
-9
-7
-13
-15
-11
-14
-17
-13
-10
-14
-13
-9
-11
-12
-9
-11
-12
-9
-10
-9
-9
-7
-5
-3
-3
1
1
-2
-1
4
2
1
6
8
4
8
10
7
8
9
9
8
8
7
8
8
10
11
15
15
16
15
13
14
14
11
12
14
11
12
15
13
13
16
14
11
13
13
9
11
11
7
9
11
12
14
15
14
14
17
14
12
11
9
8
8
6
4
6
6
6
7
3
1
5
2
0
3
3
-3
3
4
-2
1
4
-1
-4
3
0
-5
-4
-3
-9
-9
-4
-8
-8
-7
-8
-10
-11
-11
-16
-21
-15
-16
-19
-15
-14
-16
-14
-10
-12
-14
-11
-11
-16
-13
-12
-16
-14
-7
-9
-10
-3
-3
-8
-1
-1
-7
-4
-1
-8
-6
1
-4
-5
0
-1
-5
0
-1
-5
-3
-3
-5
-2
-2
-4
-4
-3
-3
-2
-1
-3
-2
-4
-3
-3
-7
-6
-6
-7
-5
-6
-7
-5
-5
-4
-2
-1
-1
-2
1
2
5
5
6
7
6
5
7
7
3
8
12
8
10
14
12
11
15
11
8
11
15
11
10
13
10
10
10
11
11
10
9
8
6
8
9
8
10
8
8
9
9
8
5
5
4
5
2
3
5
3
3
7
5
3
4
1
0
2
1
0
2
2
2
4
5
2
3
5
2
3
5
2
-1
2
4
-1
0
4
-1
-1
4
3
-3
-1
-2
-6
-8
-6
-8
-13
-8
-8
-11
-12
-9
-9
-11
-8
-8
-12
-11
-10
-12
-13
-12
-12
-13
-12
-12
-14
-11
-11
-11
-11
-14
-13
-12
-14
-9
-7
-7
-7
-2
-2
-4
-3
-3
-3
-3
-2
-2
-2
1
4
2
0
4
4
2
3
3
-1
-2
2
0
0
1
4
4
4
4
3
0
-1
0
1
1
1
1
2
3
2
0
0
-1
-3
-4
-3
-3
-2
-2
-2
2
4
3
6
6
5
5
5
5
3
4
5
5
7
6
6
8
6
8
8
5
6
5
4
6
9
9
10
10
10
8
10
11
9
11
13
8
9
12
10
10
13
9
6
10
9
8
10
8
4
6
6
3
5
8
4
3
7
4
1
3
5
-2
-3
-2
-3
-3
1
2
-3
-2
-3
-4
-6
-4
-5
-10
-8
-8
-11
-10
-7
-9
-10
-6
-8
-12
-10
-11
-14
-17
-17
-17
-16
-15
-17
-15
-12
-14
-11
-9
-14
-12
-11
-15
-17
-11
-13
-16
-9
-7
-12
-9
-4
-10
-8
-4
-7
-11
-4
-1
-3
4
6
1
5
11
6
6
10
7
6
11
10
9
12
13
10
11
11
10
10
12
10
9
7
5
6
6
2
4
3
1
3
3
-1
-1
1
-2
0
-2
-4
-3
-2
-4
1
0
-6
-3
2
-2
-3
2
0
-5
3
4
-3
-1
3
-2
-1
7
2
1
8
7
1
2
4
0
2
6
4
2
5
6
5
4
7
7
4
7
7
3
3
5
2
1
5
6
5
8
9
6
7
10
7
6
12
10
10
14
11
9
12
9
6
8
10
5
4
7
2
-2
2
0
-6
-5
-1
-7
-8
-1
-8
-15
-5
-5
-15
-9
-6
-15
-14
-6
-15
-19
-12
-11
-15
-14
-12
-19
-17
-10
-15
-17
-12
-12
-13
-8
-10
-12
-8
-7
-8
-6
-6
-8
-9
-5
-7
-9
-3
-6
-10
-3
-3
-9
-5
-1
-9
-7
2
-2
-2
7
5
0
8
11
3
8
15
6
6
12
8
5
13
13
7
10
10
6
4
6
0
-1
0
0
2
4
4
4
5
3
4
3
0
0
1
-1
1
5
1
2
3
3
3
5
4
2
3
5
4
3
4
5
5
5
5
6
2
5
4
2
5
4
4
3
4
3
4
5
4
5
5
4
5
5
2
3
4
2
4
7
3
8
8
4
6
9
8
9
10
7
9
11
7
9
7
5
8
10
5
7
7
1
0
0
-4
-9
-4
-7
-11
-7
-9
-12
-11
-11
-11
-12
-11
-13
-14
-12
-13
-14
-12
-14
-14
-12
-15
-17
-15
-21
-21
-21
-20
-21
-19
-15
-18
-18
-12
-12
-15
-9
-7
-11
-9
-5
-7
-7
-2
-3
-5
-1
1
-2
-2
0
0
-1
2
1
2
2
5
7
6
6
10
10
7
11
12
11
13
16
12
14
17
12
12
15
12
12
11
13
11
11
11
11
10
9
11
12
8
8
9
8
7
9
8
7
6
7
5
5
5
4
2
2
3
0
-1
0
0
-1
-2
-1
-2
-3
-2
-2
-4
-3
-2
-4
-3
-1
-5
-5
-4
-4
-5
-5
-2
-4
-3
-2
-4
-3
-3
-4
-3
-2
-1
-3
-3
-1
-4
-1
4
1
0
4
5
2
6
8
5
6
8
5
3
7
5
1
4
4
0
3
7
3
1
4
4
-1
-1
3
-4
-6
-1
-5
-10
-3
-1
-6
-6
-1
-10
-14
-5
-12
-19
-14
-14
-23
-17
-13
-20
-19
-13
-18
-21
-17
-20
-23
-21
-17
-16
-13
-10
-9
-7
-6
-8
-6
-7
-6
-3
-4
-3
0
0
1
5
5
5
6
6
6
7
11
9
8
10
13
11
13
16
14
13
16
16
14
16
17
16
16
19
15
15
19
15
14
16
15
11
14
14
12
12
12
10
11
13
10
10
12
8
7
8
7
3
5
5
1
1
-1
-2
-2
-5
-4
-4
-8
-9
-5
-6
-8
-6
-7
-11
-7
-7
-9
-8
-7
-12
-11
-7
-12
-13
-8
-8
-15
-11
-8
-14
-10
-7
-10
-10
-7
-8
-10
-6
-4
-8
-8
-5
-4
-5
-1
0
-4
1
3
-2
-1
2
1
0
3
5
5
7
7
7
5
5
3
3
5
5
6
6
8
9
8
5
5
6
2
5
5
2
3
2
0
1
-1
-1
-3
-5
-8
-10
-12
-15
-12
-15
-16
-14
-12
-14
-13
-10
-12
-11
-11
-12
-10
-11
-7
-7
-6
-5
-6
-5
-5
-5
-6
-7
-5
-6
-6
-3
-1
-3
-2
3
1
3
8
5
7
13
12
11
16
14
14
17
15
12
10
14
11
11
13
12
12
12
13
14
14
14
14
12
14
15
14
11
15
16
10
14
16
12
10
14
10
7
10
7
3
6
8
0
2
3
-3
-2
-1
-3
-5
-3
-5
-7
-5
-9
-11
-5
-8
-11
-9
-10
-13
-12
-11
-17
-17
-14
-16
-16
-13
-14
-15
-12
-13
-12
-14
-11
-12
-13
-10
-12
-12
-10
-9
-7
-6
-2
-3
-2
-1
-2
0
-2
-4
-3
-1
-2
-3
2
1
0
2
3
0
3
4
1
3
2
3
3
3
6
6
8
7
7
7
1
1
1
-2
-3
-1
-2
0
1
2
-1
-1
-2
-6
-5
-5
-7
-7
-5
-5
-4
-1
-2
-1
1
-3
-3
-2
-5
-6
-5
-5
-3
0
1
-1
4
6
2
4
7
6
6
8
6
5
8
7
6
10
9
8
7
8
6
7
5
4
6
8
8
9
10
7
10
8
6
8
9
9
11
11
13
13
13
14
12
13
12
11
12
12
10
11
8
8
7
6
5
3
3
2
1
2
3
-1
-1
-3
-6
-5
-6
-6
-5
-6
-7
-9
-10
-11
-13
-15
-14
-15
-18
-15
-16
-20
-15
-16
-19
-16
-16
-17
-18
-14
-16
-17
-16
-13
-13
-10
-8
-7
-8
-6
-6
-7
-7
-7
-8
-8
-4
-3
-4
0
3
-1
0
2
0
0
2
2
0
2
1
2
3
4
3
2
3
1
3
1
2
1
-1
2
1
5
4
5
6
4
4
4
4
4
4
6
5
4
5
4
4
6
6
4
4
3
2
2
2
0
1
5
3
2
7
4
3
5
4
2
5
5
2
5
6
3
4
7
5
6
9
6
6
7
5
6
5
4
3
4
2
4
5
5
4
6
8
6
7
4
5
6
8
6
6
5
5
7
9
9
11
10
11
10
7
7
7
3
2
3
3
2
5
3
0
2
1
-4
-3
-4
-6
-6
-8
-9
-9
-12
-11
-12
-15
-12
-13
-16
-15
-15
-17
-18
-18
-20
-20
-19
-17
-17
-16
-16
-18
-17
-14
-14
-13
-10
-9
-9
-8
-7
-6
-8
-6
-5
-5
-5
-4
-3
-2
-2
-3
-2
0
-1
-1
2
2
1
3
2
1
4
2
-1
2
2
1
1
2
4
0
2
4
2
3
3
2
0
4
3
3
5
5
5
7
10
11
12
12
10
12
10
10
10
11
12
12
12
9
8
10
8
7
9
7
5
7
8
6
8
7
6
7
9
7
7
9
6
7
6
4
3
3
3
2
1
2
0
-2
-3
-4
-4
-5
-3
-1
-2
-1
0
-1
0
2
1
0
3
3
-1
2
6
1
2
5
4
2
3
3
0
0
3
2
1
1
1
-1
-2
1
1
1
2
3
0
1
1
-3
-4
-1
-2
-8
-6
-6
-11
-14
-11
-13
-15
-13
-16
-18
-15
-16
-17
-16
-17
-17
-17
-17
-16
-15
-14
-15
-14
-14
-15
-13
-10
-13
-10
-8
-10
-9
-5
-4
-5
-5
-3
-7
-4
-1
-2
0
5
4
4
6
6
5
8
11
6
8
12
11
10
11
10
10
8
8
8
6
6
2
1
1
3
5
4
7
7
6
7
6
6
6
6
9
8
7
10
11
11
12
11
9
8
10
8
5
5
5
2
3
5
3
3
3
6
6
4
4
3
0
1
3
1
1
2
2
1
2
4
2
1
2
0
-2
-3
-2
-1
-1
-1
0
0
2
4
7
9
9
11
9
9
13
10
7
7
8
4
5
7
4
5
4
4
1
-1
-2
-6
-8
-7
-6
-7
-8
-6
-7
-9
-6
-6
-5
-4
-3
-4
-7
-8
-7
-9
-8
-9
-10
-13
-13
-11
-13
-15
-14
-15
-16
-13
-11
-13
-14
-11
-12
-13
-11
-11
-12
-11
-11
-10
-12
-13
-12
-12
-12
-12
-12
-14
-12
-10
-12
-10
-9
-10
-8
-5
-4
-4
-4
-1
1
0
1
4
5
5
5
7
7
4
8
7
7
11
11
9
11
17
12
11
15
14
12
13
12
11
12
13
11
14
15
14
13
13
11
12
11
11
10
9
9
9
10
10
11
9
10
7
7
7
5
6
5
5
4
7
8
6
11
11
8
6
5
3
3
5
4
4
3
2
1
-1
0
-1
-3
-3
0
-2
-1
0
-1
-1
-1
1
-2
1
-2
-3
-1
-4
-3
-3
-3
-2
-4
-5
-6
-5
-8
-9
-4
-6
-6
-5
-6
-7
-5
-4
-3
-3
-1
-2
-2
-2
-3
-3
-2
-2
-3
-3
-3
-4
-5
-8
-8
-11
-11
-9
-8
-11
-12
-13
-14
-17
-15
-18
-20
-15
-15
-17
-14
-12
-14
-16
-14
-16
-16
-15
-12
-12
-13
-13
-12
-11
-9
-9
-9
-9
-8
-6
-6
-5
-4
-3
-2
3
5
6
8
10
9
9
11
11
12
11
12
13
12
13
13
10
10
14
14
12
16
14
14
17
16
16
15
16
15
13
14
13
13
12
15
13
12
13
14
12
9
10
9
7
7
8
9
9
11
11
9
11
12
11
10
9
9
7
7
6
4
5
7
6
4
3
2
0
-3
-6
-6
-4
-3
-3
-2
-3
-3
-2
-1
-3
-3
-3
-4
-4
-6
-6
-5
-6
-6
-6
-6
-6
-8
-10
-8
-9
-12
-11
-9
-9
-10
-8
-9
-9
-5
-4
-7
-5
-4
-6
-5
-3
-4
-8
-9
-8
-9
-9
-8
-6
-4
-5
-5
-5
-8
-10
-10
-11
-9
-7
-8
-7
-4
-4
-7
-5
-7
-9
-8
-9
-12
-12
-11
-12
-12
-10
-11
-8
-9
-10
-10
-10
-11
-10
-10
-9
-8
-4
-3
-2
0
1
1
0
1
3
1
4
4
5
4
7
7
6
8
7
7
8
8
8
8
8
10
11
14
16
14
17
18
15
16
16
16
15
13
15
15
15
17
17
13
13
12
10
9
11
11
10
14
14
13
16
16
16
17
17
15
12
13
11
11
13
14
9
7
8
4
2
0
-2
-4
-5
-5
-5
-4
-6
-4
-3
-7
-6
-6
-7
-6
-5
-3
-4
-2
-2
-2
-4
-7
-9
-9
-9
-9
-12
-15
-14
-15
-12
-12
-11
-11
-14
-12
-12
-11
-11
-7
-7
-7
-7
-4
-5
-4
-3
-3
-4
-7
-8
-9
-9
-8
-8
-9
-9
-11
-12
-13
-12
-11
-12
-12
-11
-11
-10
-11
-10
-9
-12
-12
-11
-12
-12
-11
-8
-11
-10
-8
-10
-9
-9
-11
-10
-10
-10
-8
-6
-2
-4
-3
-1
1
4
4
8
9
9
10
11
12
12
14
16
11
10
12
10
12
13
11
11
13
13
12
15
14
14
16
15
13
15
16
14
17
19
17
19
21
17
15
16
13
12
13
13
13
13
11
11
8
10
12
9
8
6
5
5
7
8
7
8
9
7
7
6
6
2
-1
3
2
0
2
0
-4
-5
-4
-6
-9
-10
-9
-13
-11
-10
-10
-9
-6
-5
-9
-9
-7
-10
-10
-9
-11
-11
-13
-12
-13
-13
-12
-14
-14
-14
-16
-17
-17
-16
-17
-17
-15
-15
-13
-11
-6
-5
-3
-4
-2
-2
-5
-4
-3
-3
-2
-1
-4
-5
-3
-2
-5
-4
-2
-5
-4
-2
-4
-3
0
0
1
3
6
5
8
9
8
8
7
5
6
5
2
1
-1
-2
-1
-4
-5
-6
-5
-9
-10
-7
-9
-10
-10
-8
-8
-6
-5
-3
-2
0
-1
-2
-2
0
-1
0
3
3
3
4
5
5
5
5
6
3
4
5
