4
2
1
1
1
0
-2
-1
-2
-2
-4
-4
-6
-8
-8
-8
-7
-7
-7
-9
-9
-10
-10
-12
-10
-8
-8
-8
-8
-8
-8
-10
-10
-10
-11
-11
-9
-8
-9
-9
-9
-9
-8
-9
-8
-9
-9
-11
-10
-9
-10
-7
-6
-6
-4
-3
-4
-4
-4
-6
-7
-5
-2
-1
0
-1
-1
-1
-2
-1
-2
-1
-2
-3
-1
-2
-2
-2
-2
0
0
0
0
0
2
0
1
0
1
-1
0
0
-1
0
-1
1
1
3
2
1
3
1
3
4
4
3
6
6
5
5
7
7
7
8
10
8
9
9
9
9
9
9
7
9
7
8
10
11
12
13
11
10
11
10
8
7
7
7
8
9
9
7
8
5
4
5
5
2
1
1
0
2
1
0
1
2
3
2
2
2
1
1
0
-3
-2
-1
-2
-1
-1
1
0
0
-2
-5
-5
-7
-7
-8
-9
-7
-7
-8
-8
-7
-6
-7
-8
-8
-9
-10
-11
-10
-12
-10
-9
-8
-6
-9
-10
-7
-9
-7
-6
-6
-8
-9
-8
-9
-9
-9
-8
-6
-7
-8
-8
-7
-7
-7
-8
-7
-5
-5
-5
-2
-3
-3
-1
0
0
0
-1
0
0
-1
-1
1
4
3
5
7
7
6
7
7
6
7
7
7
7
7
9
8
7
7
9
9
8
10
8
6
7
7
7
6
7
7
5
4
6
4
4
4
3
3
4
5
5
5
5
5
5
2
4
3
1
1
1
0
-2
-1
-2
-4
-4
-5
-5
-4
-5
-5
-5
-6
-5
-2
-1
1
0
1
0
2
2
2
2
2
2
2
3
4
5
6
8
7
6
6
5
4
2
1
3
4
4
6
4
5
6
6
4
3
1
-1
-1
0
-1
-1
0
0
-3
-2
-2
-3
-3
-3
-4
-7
-7
-6
-7
-7
-7
-6
-6
-8
-7
-7
-8
-7
-10
-9
-10
-11
-10
-11
-10
-11
-10
-9
-9
-9
-10
-10
-9
-10
-11
-12
-10
-10
-9
-8
-8
-10
-10
-9
-7
-8
-7
-8
-4
-2
-2
-1
-1
-1
1
4
5
6
6
7
8
9
9
10
10
11
11
11
11
11
13
11
12
12
12
9
10
10
8
8
8
8
8
9
11
9
10
10
7
7
6
5
5
5
5
5
5
4
4
3
3
1
2
2
2
0
-2
-2
-3
-3
-3
-2
-2
-2
-2
-2
-2
-2
-1
-2
-3
-3
-1
-1
-2
-2
-1
-2
-3
-2
-1
-3
-3
-3
-5
-7
-6
-3
-3
-3
-1
0
0
1
2
2
2
3
3
4
3
4
2
4
5
6
5
7
5
5
3
2
3
1
-1
-1
0
0
0
2
2
1
-1
-1
-3
-3
-5
-6
-5
-6
-6
-6
-6
-5
-4
-4
-5
-6
-7
-8
-8
-9
-11
-9
-12
-13
-12
-12
-12
-12
-13
-13
-12
-14
-12
-12
-12
-12
-11
-13
-12
-10
-9
-9
-10
-8
-6
-5
-5
-5
-3
-2
-2
0
1
2
4
6
7
7
7
8
8
10
11
13
13
14
15
13
15
14
13
13
13
13
12
12
11
10
9
10
8
10
10
10
9
7
6
5
6
7
8
9
8
8
9
6
5
7
9
9
8
9
8
8
8
7
8
6
5
2
3
2
2
1
1
3
2
4
2
0
0
-2
-3
0
-3
-4
-3
-4
-3
-2
-1
-2
-4
-3
-2
-3
-6
-5
-7
-6
-6
-8
-9
-9
-9
-9
-9
-8
-9
-11
-11
-12
-13
-12
-11
-11
-9
-10
-9
-10
-11
-11
-10
-9
-9
-7
-7
-9
-7
-7
-4
-5
-4
-3
-5
-5
-5
-5
-8
-7
-7
-5
-6
-5
-5
-4
-4
-5
-4
-7
-7
-4
-5
-4
-4
-2
-2
-3
-2
-1
0
0
0
-1
0
-1
-1
0
2
2
1
2
2
3
4
5
6
5
7
8
9
8
9
11
9
9
11
11
10
10
10
9
9
10
11
13
13
15
15
15
13
12
12
10
12
10
12
12
11
12
12
11
10
8
8
9
6
5
5
4
5
6
5
5
5
4
4
4
3
2
1
0
0
1
1
1
-1
1
0
-3
-1
-4
-5
-4
-6
-8
-8
-9
-9
-8
-7
-7
-8
-8
-7
-9
-9
-10
-10
-11
-11
-10
-8
-8
-9
-10
-9
-9
-10
-9
-8
-9
-9
-9
-9
-8
-6
-7
-5
-5
-5
-5
-6
-7
-10
-10
-10
-10
-10
-9
-6
-6
-7
-7
-8
-8
-5
-6
-4
-4
-2
-1
-1
1
1
2
3
5
4
2
1
1
2
2
2
4
3
4
5
5
4
1
1
0
-1
1
0
1
1
2
0
-1
1
2
2
2
2
1
1
1
2
2
3
3
5
6
6
5
6
5
4
5
6
8
9
8
8
9
8
10
6
7
9
8
7
8
8
8
7
8
9
9
10
9
10
9
8
10
9
9
10
10
9
9
7
5
5
6
4
3
4
3
3
4
5
5
5
7
6
4
3
1
3
2
0
0
0
-1
-2
-2
-3
-4
-6
-6
-8
-8
-8
-9
-9
-8
-9
-10
-7
-8
-11
-12
-14
-14
-16
-16
-16
-17
-17
-18
-17
-17
-16
-16
-17
-15
-15
-14
-15
-16
-16
-14
-13
-14
-13
-10
-7
-7
-5
-5
-6
-7
-7
-6
-5
-3
-3
-1
-1
2
3
4
5
5
4
5
6
6
7
8
8
9
9
8
10
11
11
10
11
9
8
8
7
7
7
7
5
6
5
5
6
5
5
4
4
3
3
4
5
6
4
5
3
3
3
2
0
-1
0
0
2
2
2
3
3
3
3
-2
-1
-1
-4
-4
-2
-1
0
-1
0
-1
-1
-2
-4
-1
-1
1
3
4
6
9
12
12
13
13
13
12
10
10
10
9
11
10
12
13
14
13
13
12
10
8
5
4
4
4
5
6
6
6
3
3
3
0
-4
-6
-9
-10
-10
-9
-6
-6
-6
-6
-6
-9
-11
-12
-15
-15
-16
-16
-15
-17
-17
-16
-14
-14
-14
-15
-18
-20
-20
-21
-22
-20
-19
-16
-13
-11
-8
-7
-8
-8
-8
-9
-10
-10
-11
-12
-12
-9
-6
-4
-2
0
1
2
1
0
-1
1
1
3
6
6
8
11
12
13
16
14
14
13
11
10
9
8
10
11
12
13
13
13
12
9
8
6
5
4
6
6
5
7
6
5
6
5
4
3
2
2
0
0
1
1
1
2
1
2
1
1
0
-2
-2
-3
-1
-2
-1
1
-1
0
-1
-4
-6
-5
-5
-6
-5
-3
-2
-1
-1
2
2
3
3
3
5
3
4
4
5
6
8
9
11
12
11
12
10
10
8
8
8
10
8
10
11
12
12
12
12
12
11
9
8
7
7
6
4
3
2
0
-2
-3
-4
-5
-6
-9
-9
-11
-11
-11
-11
-11
-11
-10
-9
-10
-11
-11
-13
-15
-14
-14
-16
-14
-12
-12
-11
-11
-12
-13
-15
-14
-15
-14
-15
-14
-14
-15
-14
-14
-15
-14
-15
-16
-15
-18
-18
-17
-17
-16
-14
-13
-10
-11
-9
-9
-8
-8
-5
-3
-3
-1
1
2
4
5
7
9
10
11
11
13
11
13
14
15
16
18
18
17
18
17
16
18
16
18
16
17
19
19
20
21
20
18
17
13
14
11
10
8
7
8
7
7
7
8
7
7
6
4
4
1
0
-1
0
0
2
4
3
3
2
3
2
-1
-2
-3
-4
-2
-2
0
1
1
2
1
2
1
-1
-2
-3
-3
-4
-3
1
2
2
3
2
1
0
-1
-2
-2
-3
-4
-3
1
0
2
3
2
2
4
2
1
-1
-3
-6
-5
-5
-6
-5
-6
-5
-5
-6
-7
-7
-6
-9
-9
-11
-12
-12
-13
-13
-12
-12
-12
-12
-12
-13
-14
-14
-15
-15
-15
-13
-12
-11
-11
-12
-10
-11
-12
-13
-14
-15
-14
-14
-14
-13
-12
-11
-9
-9
-8
-8
-8
-8
-8
-7
-5
-6
-4
-1
-2
-1
1
3
6
5
7
9
8
9
10
11
12
13
14
15
19
17
19
19
18
19
19
19
20
21
21
23
21
22
21
20
22
19
21
18
18
18
17
16
15
15
15
15
12
10
11
9
9
10
8
8
7
8
6
4
3
0
0
-3
-3
-5
-5
-6
-7
-6
-7
-6
-7
-7
-8
-9
-12
-13
-14
-14
-12
-11
-12
-12
-13
-12
-12
-13
-13
-14
-14
-14
-13
-11
-7
-6
-4
-2
1
3
3
2
4
3
0
1
0
0
1
0
0
0
-1
-1
-1
-1
-1
-2
-4
-5
-7
-8
-7
-4
-4
-3
-3
-3
-4
-4
-3
-4
-4
-3
-4
-2
-2
-1
-2
-2
-3
-3
-5
-5
-7
-8
-9
-8
-9
-12
-12
-12
-12
-12
-11
-11
-10
-9
-9
-8
-9
-7
-6
-5
-5
-4
-5
-4
-3
-3
-3
-3
-2
-2
0
1
1
4
6
6
5
7
8
8
10
11
12
13
15
15
17
18
18
19
21
20
21
20
20
20
19
17
14
14
15
13
10
11
11
10
10
9
7
6
7
9
6
6
8
7
5
4
4
2
4
3
1
2
1
2
2
0
1
1
-2
-3
-2
-4
-5
-4
-5
-5
-3
-4
-4
-7
-6
-8
-7
-9
-9
-9
-10
-10
-10
-9
-8
-6
-6
-5
-5
-6
-3
-5
-5
-4
-5
-5
-5
-4
-6
-6
-5
-6
-5
-5
-6
-4
-5
-5
-5
-4
-3
-2
-1
-1
-1
-1
-1
-3
-4
-5
-6
-8
-8
-7
-7
-6
-5
-6
-6
-5
-7
-7
-5
-4
-7
-7
-8
-9
-7
-7
-6
-5
-6
-5
-5
-4
-4
-3
-5
-5
-2
-1
-2
0
1
0
1
0
-2
-2
-2
-2
-2
1
1
2
3
3
3
2
1
2
-2
-1
1
0
2
3
4
6
7
8
8
9
10
12
11
11
11
12
11
12
13
12
14
14
14
12
14
14
13
12
14
14
15
15
15
13
13
12
11
11
10
10
8
9
7
4
4
4
3
3
4
3
4
5
5
3
3
5
4
3
3
0
-2
-4
-5
-6
-7
-6
-6
-7
-7
-7
-9
-10
-9
-10
-11
-12
-12
-14
-15
-14
-15
-14
-15
-14
-14
-12
-10
-11
-9
-11
-10
-11
-10
-8
-8
-7
-6
-5
-2
-1
-1
0
2
3
2
2
2
1
1
0
-1
-1
-1
-1
-2
-3
-5
-5
-6
-6
-6
-5
-4
-5
-5
-3
-4
-4
-3
-3
-4
-6
-8
-10
-11
-10
-9
-10
-7
-6
-5
-5
-5
-4
-5
-6
-4
-4
-2
-3
-3
-3
-2
-3
-1
-1
0
-2
-3
-2
-3
0
1
4
6
8
9
10
11
10
9
9
10
9
9
9
10
12
15
16
16
17
16
17
17
16
14
14
14
14
15
15
18
18
17
17
17
18
15
12
11
12
11
10
10
8
8
7
9
9
11
9
9
7
7
6
4
5
3
4
2
3
3
0
0
-1
-4
-5
-8
-10
-8
-10
-11
-12
-12
-12
-14
-14
-14
-16
-16
-18
-19
-21
-18
-17
-17
-18
-16
-14
-14
-15
-14
-13
-12
-15
-15
-15
-14
-13
-11
-8
-7
-5
-5
-4
-5
-3
-2
-4
-3
-1
-2
-1
0
0
0
0
-1
0
-2
-3
-5
-6
-5
-4
-3
-2
-1
-2
-4
-4
-2
-1
-1
-4
-2
-4
-2
-3
-2
-2
-1
-3
-4
-3
-2
-2
-2
-3
-1
0
0
1
4
4
4
3
3
2
2
4
4
3
5
5
5
6
6
8
8
8
8
9
8
10
10
9
10
11
11
13
14
13
15
16
15
16
16
17
15
15
16
14
13
13
13
10
10
9
10
10
9
10
9
8
9
8
8
7
8
6
6
6
5
4
3
2
2
0
-1
-1
2
1
1
0
-1
-1
-1
1
1
1
-2
-4
-3
-5
-9
-10
-11
-13
-14
-15
-16
-18
-18
-17
-17
-15
-14
-16
-15
-16
-18
-18
-20
-21
-22
-20
-20
-18
-16
-16
-16
-12
-12
-13
-14
-15
-14
-13
-11
-9
-10
-8
-4
-3
-2
-1
-1
-1
-1
-1
-1
-1
-2
-1
-2
1
0
0
1
0
3
5
6
7
11
12
12
10
12
12
10
11
9
9
6
7
5
2
2
5
6
6
6
6
5
7
7
7
6
6
7
4
5
4
1
2
2
2
0
-2
-2
-3
-4
-4
-4
-4
-2
1
2
1
0
-1
0
1
1
0
2
4
4
7
6
6
6
7
6
5
6
8
8
8
11
12
13
14
17
15
15
17
17
17
17
16
15
13
11
9
7
8
7
5
6
5
4
5
5
5
7
5
4
3
5
5
4
2
1
0
-2
-5
-8
-11
-12
-15
-16
-15
-18
-18
-16
-15
-16
-17
-17
-17
-18
-18
-19
-18
-18
-19
-17
-15
-13
-16
-15
-16
-19
-21
-21
-22
-21
-19
-18
-15
-14
-10
-8
-6
-5
-5
-6
-9
-9
-9
-9
-10
-6
-6
-5
-2
-1
1
-1
0
1
2
3
4
6
8
9
12
14
14
15
14
15
12
11
11
11
10
9
9
9
10
8
9
9
8
9
10
10
10
10
11
13
12
11
9
8
6
5
4
2
0
0
1
0
0
-3
-3
-2
1
2
4
4
2
4
3
4
4
1
2
1
1
3
3
4
3
2
1
3
1
2
5
7
7
7
8
9
9
11
12
14
13
11
10
8
6
6
7
7
5
4
4
2
0
-1
-1
-1
-1
0
-1
-2
-1
-1
-3
-1
-1
-3
-4
-5
-8
-11
-12
-13
-14
-13
-14
-15
-14
-12
-12
-12
-12
-12
-10
-8
-7
-8
-4
-3
-5
-5
-7
-9
-8
-9
-12
-13
-13
-12
-12
-14
-11
-10
-11
-9
-9
-11
-10
-9
-9
-6
-6
-4
-4
-4
-2
-2
-4
-4
-3
-4
-4
-6
-4
-2
-1
0
2
2
3
5
5
7
6
7
8
7
7
9
9
9
8
7
6
5
4
3
4
3
4
5
5
8
11
11
10
9
9
10
10
9
9
9
8
8
7
6
4
3
4
1
2
1
3
2
4
6
5
7
8
9
8
8
7
6
5
5
6
6
6
5
3
4
4
2
3
2
4
2
2
4
3
4
7
8
6
7
8
5
5
4
2
-3
-3
-5
-4
-5
-5
-5
-6
-7
-6
-4
-4
-5
-5
-5
-3
-5
-4
-2
-1
-2
-2
-4
-4
-8
-9
-7
-9
-11
-13
-11
-11
-10
-8
-5
-5
-3
-3
-2
-3
-2
-2
-3
-4
-6
-7
-7
-6
-7
-7
-9
-9
-10
-13
-12
-12
-13
-12
-12
-8
-7
-5
-4
-3
-4
-3
-2
-3
-3
-5
-4
-4
-3
-3
-4
-4
-4
-1
-3
-5
-3
-3
-3
-2
-1
0
1
2
4
5
5
3
2
5
4
4
6
6
7
8
9
8
7
7
5
5
6
5
9
9
8
9
10
10
9
10
9
7
7
9
9
9
8
7
6
7
9
8
7
8
9
6
8
7
7
8
10
10
10
11
9
9
8
7
7
5
6
7
7
3
3
5
5
4
5
4
3
4
3
2
1
2
0
0
1
-2
-2
0
-2
-3
-4
-3
-5
-6
-6
-7
-9
-9
-8
-8
-9
-9
-8
-6
-7
-8
-10
-10
-11
-11
-11
-12
-11
-9
-8
-9
-10
-8
-9
-11
-11
-15
-15
-16
-17
-14
-13
-13
-13
-10
-12
-10
-11
-12
-10
-11
-10
-11
-10
-9
-9
-9
-7
-6
-6
-4
-4
-2
-3
-1
0
0
1
3
7
8
7
8
9
8
10
10
8
5
6
6
5
5
5
6
7
8
8
7
10
9
7
7
9
10
10
12
12
12
10
11
9
9
8
8
10
9
8
7
10
9
8
8
9
8
7
5
5
7
5
6
5
4
3
3
1
0
0
0
-1
0
-1
1
1
0
0
0
-1
1
3
1
1
4
2
1
2
4
3
1
1
1
0
-1
-2
-4
-3
-4
-4
-4
-4
-3
-1
-1
-2
-3
-1
-1
-1
-2
-5
-6
-7
-6
-8
-7
-6
-5
-6
-5
-7
-7
-4
-3
-2
-2
-1
-3
-2
-3
-2
-1
1
0
-2
-3
-5
-5
-8
-8
-8
-9
-8
-7
-6
-7
-6
-7
-8
-7
-6
-6
-7
-5
-6
-6
-4
-5
-3
-6
-4
-4
-7
-8
-9
-11
-9
-9
-8
-8
-5
-4
-4
-3
-2
0
0
0
0
2
1
-1
2
2
2
1
1
1
1
1
-1
-1
1
0
2
3
3
6
7
8
8
8
10
10
11
13
12
13
13
11
9
9
8
9
10
9
9
10
10
10
10
13
14
16
15
16
17
15
16
17
16
16
16
14
14
13
10
10
6
5
4
5
3
3
1
0
-1
-2
-2
-2
-2
-3
-6
-6
-7
-8
-7
-8
-8
-10
-11
-12
-12
-12
-12
-12
-13
-13
-11
-11
-9
-9
-8
-8
-7
-7
-6
-5
-5
-5
-5
-9
-11
-12
-11
-10
-11
-10
-11
-12
-10
-11
-10
-10
-11
-10
-8
-7
-6
-6
-6
-8
-6
-5
-4
-3
-4
-3
-3
-4
-5
-3
-3
-3
-3
-1
2
0
0
2
2
4
4
3
2
2
1
-1
0
1
-1
1
1
1
1
-3
-1
0
1
2
3
6
6
8
9
8
9
10
11
10
9
8
8
7
5
6
6
4
7
6
5
8
6
5
6
9
10
10
11
11
12
9
10
11
11
10
8
5
3
1
3
4
4
6
4
4
5
6
4
3
2
3
4
3
5
5
3
3
4
2
3
3
0
-1
-1
-3
-2
-1
-1
-2
-1
-2
-4
-3
-4
-4
-5
-5
-3
-5
-5
-6
-6
-7
-8
-9
-11
-12
-11
-14
-15
-12
-12
-11
-9
-8
-8
-8
-6
-6
-6
-5
-4
-4
-7
-6
-8
-9
-10
-12
-12
-11
-10
-8
-8
-7
-6
-7
-7
-6
-3
-1
0
2
2
3
3
2
2
4
3
1
1
0
-1
0
1
2
3
2
3
4
4
4
5
5
4
5
4
5
4
5
5
4
5
4
3
1
0
0
-2
-2
0
-2
0
1
1
1
2
3
2
2
5
6
6
5
8
8
7
6
6
4
4
4
3
3
3
2
3
2
2
4
4
3
3
5
5
5
6
5
4
2
0
-1
-1
1
1
1
1
2
3
5
7
6
5
7
7
9
7
7
7
7
8
6
4
5
4
2
4
4
2
1
1
1
0
0
1
0
1
2
2
2
0
-1
-1
-4
-4
-6
-8
-10
-11
-12
-13
-13
-13
-15
-15
-15
-15
-15
-16
-16
-15
-12
-10
-9
-8
-8
-8
-8
-8
-7
-8
-8
-5
-6
-7
-7
-7
-8
-8
-8
-6
-6
-5
-3
-3
-3
-2
1
3
5
4
6
7
6
4
5
4
3
5
3
2
1
0
-2
-3
-2
-1
0
-1
-2
0
2
3
3
3
5
5
6
5
4
7
7
7
7
5
7
5
5
4
5
5
5
6
7
6
7
7
9
10
11
13
13
12
11
10
10
8
8
7
7
6
4
5
3
4
4
6
4
4
5
4
3
2
0
-1
-4
-4
-4
-5
-3
-4
-4
-3
-2
-3
-5
-5
-3
-2
-2
-1
0
0
2
2
3
3
2
3
1
0
1
-2
-4
-1
-2
-4
-4
-6
-6
-7
-6
-6
-6
-5
-6
-6
-5
-4
-5
-4
-2
-2
-2
-2
0
-1
-2
-2
-5
-6
-5
-6
-8
-7
-9
-8
-6
-7
-7
-6
-5
-3
-2
-4
-4
-5
-7
-7
-8
-8
-9
-7
-7
-7
-7
-8
-10
-10
-9
-9
-8
-7
-5
-3
-2
0
2
5
5
7
5
3
5
3
4
6
6
6
5
6
6
5
6
8
8
9
8
10
9
9
9
7
6
8
6
6
3
1
1
-1
-2
-1
-1
0
1
0
2
2
3
4
6
5
6
5
5
6
6
8
8
9
11
10
8
10
10
9
7
8
8
4
6
7
5
6
8
9
8
9
10
7
6
5
4
3
2
1
-1
-3
-4
-5
-5
-7
-7
-7
-7
-7
-6
-5
-8
-8
-8
-9
-9
-9
-8
-8
-8
-6
-9
-8
-7
-7
-8
-9
-7
-7
-8
-6
-5
-5
-3
-1
0
-2
-1
0
-1
0
-1
-2
-2
-4
-4
-3
-5
-4
-5
-6
-5
-6
-4
-3
-5
-3
-5
-6
-6
-4
-3
-3
-5
-4
-4
-4
-4
-3
-3
-3
-1
-3
-3
-5
-5
-7
-8
-5
-4
-3
-2
-1
-2
-1
-3
-3
-4
-4
-3
-1
-2
-1
1
1
3
5
3
1
2
1
2
2
4
7
6
8
9
8
8
8
7
8
7
8
8
10
12
12
13
15
13
12
12
12
10
11
10
11
11
11
13
11
12
11
9
9
10
7
6
7
6
6
5
6
5
4
3
5
3
1
1
1
1
0
0
-2
-3
-4
-6
-6
-5
-6
-7
-6
-6
-6
-4
-6
-6
-5
-6
-5
-5
-6
-6
-7
-5
-5
-4
-4
-5
-6
-5
-6
-8
-7
-6
-6
-6
-7
-7
-8
-7
-9
-9
-9
-10
-10
-10
-9
-9
-7
-4
-4
-6
-3
-4
-5
-4
-2
-3
-2
-2
-1
-1
-1
1
0
-1
-1
-1
1
0
-1
-1
-3
-3
-5
-4
-3
-2
-3
-3
-2
-3
-3
-1
-1
-3
-4
-5
-5
-6
-4
-4
-5
-5
-2
-1
-3
-1
0
-2
-3
-3
-2
1
2
4
4
3
4
3
4
4
6
6
5
5
5
5
6
6
6
8
7
9
10
12
11
10
12
9
10
10
10
9
12
13
12
13
13
14
14
14
13
14
13
14
15
14
15
16
15
15
14
13
12
10
11
11
8
8
9
10
8
7
6
3
2
1
0
0
-3
-4
-5
-7
-7
-9
-10
-11
-12
-13
-16
-17
-17
-19
-18
-18
-20
-19
-19
-19
-19
-19
-18
-17
-17
-18
-20
-20
-19
-19
-18
-17
-17
-16
-15
-16
-14
-11
-10
-9
-6
-5
-5
-6
-6
-5
-5
-4
-4
-2
-1
0
-1
0
0
0
1
0
2
2
4
5
6
8
9
8
10
8
7
6
6
7
7
7
8
11
10
10
8
7
6
6
6
6
7
8
7
5
6
7
4
3
2
1
0
0
-2
-1
-1
-2
-2
-1
-1
-3
-2
-1
-2
-1
-1
-2
-3
-2
1
2
4
5
6
6
6
6
5
4
3
4
4
4
7
6
7
8
7
8
9
10
9
10
12
11
12
12
13
14
14
12
10
11
11
9
7
6
6
5
5
5
5
6
6
5
4
5
7
7
5
3
1
0
-3
-2
-4
-4
-4
-6
-6
-7
-8
-9
-10
-10
-11
-11
-10
-9
-11
-11
-13
-16
-16
-17
-17
-18
-19
-20
-20
-20
-18
-16
-16
-15
-16
-17
-18
-17
-18
-16
-17
-18
-17
-15
-14
-13
-11
-11
-9
-8
-10
-10
-9
-9
-8
-7
-6
-5
-1
0
1
0
0
2
2
3
5
6
5
6
8
10
12
12
14
13
15
14
14
15
15
14
17
19
18
20
21
21
19
18
18
18
18
17
17
15
13
13
11
9
8
6
4
3
3
0
-1
-1
-1
0
-1
-1
-3
-4
-5
-4
-6
-6
-6
-5
-7
-7
-8
-8
-7
-8
-6
-4
-3
-2
-3
-1
1
3
5
6
6
6
6
6
5
6
6
5
6
5
4
3
2
3
2
4
5
5
5
4
4
4
5
8
8
8
5
6
4
3
3
2
0
1
1
0
2
0
1
0
-1
-1
-2
-6
-7
-7
-9
-10
-12
-11
-11
-11
-12
-13
-15
-14
-14
-15
-14
-14
-14
-15
-16
-16
-17
-17
-17
-16
-17
-16
-16
-17
-18
-17
-14
-14
-13
-12
-12
-11
-10
-8
-6
-5
-4
-3
-2
-2
0
0
2
3
2
4
4
4
4
5
5
6
8
9
9
10
9
8
9
9
12
14
13
16
15
13
13
14
13
13
13
14
14
11
10
9
8
10
11
10
9
10
8
6
7
6
6
6
7
5
6
3
2
3
4
3
4
4
3
3
2
3
3
3
4
2
1
1
0
0
0
0
2
3
1
3
3
1
1
0
0
0
-1
-1
-1
-1
0
-1
1
0
1
1
-1
-1
0
-1
-2
-1
-1
0
0
1
1
1
1
1
0
0
0
-1
-3
-1
-1
-3
-2
-2
-4
-3
-3
-3
-4
-5
-5
-6
-6
-8
-6
-5
-4
-6
-6
-4
-7
-10
-10
-11
-11
-10
-11
-10
-9
-9
-9
-10
-11
-13
-14
-16
-16
-19
-19
-17
-18
-18
-17
-15
-16
-15
-14
-14
-14
-13
-12
-12
-11
-8
-5
-6
-3
-1
3
4
2
7
6
5
5
7
7
7
8
9
11
10
13
11
12
12
13
13
14
16
15
16
19
17
17
17
17
17
15
13
14
13
12
12
12
13
13
12
11
9
9
9
8
8
7
7
5
4
2
3
2
0
1
1
2
2
3
5
5
4
5
8
6
5
4
4
3
2
3
2
1
0
1
0
-2
-3
-3
-2
0
0
-1
-1
-1
-2
-3
-3
-1
-2
-1
-2
-3
-4
-4
-3
-4
-2
-3
-3
-5
-4
-5
-6
-5
-6
-5
-6
-7
-7
-8
-8
-6
-5
-6
-4
-4
-6
-7
-7
-9
-9
-9
-7
-10
-11
-10
-12
-12
-15
-12
-13
-12
-11
-11
-11
-12
-13
-14
-14
-14
-14
-14
-13
-12
-13
-12
-12
-10
-9
-10
-9
-9
-9
-6
-5
-4
-2
0
1
2
2
1
1
2
2
3
4
5
5
5
4
5
7
8
8
10
11
9
10
10
11
13
14
14
13
11
12
12
11
11
14
12
13
15
15
15
14
16
16
15
14
13
12
12
13
13
14
12
13
13
12
9
8
7
7
7
7
6
5
6
4
3
4
4
2
2
1
1
1
0
2
0
-3
-4
-2
-3
-4
-4
-4
-4
-2
-2
-1
0
0
-2
-3
-4
-4
-1
-1
-1
-3
-1
-3
-4
-1
-2
-4
-3
-5
-6
-7
-8
-7
-6
-5
-6
-7
-9
-8
-8
-9
-10
-11
-12
-10
-10
-9
-9
-9
-9
-10
-10
-10
-10
-9
-10
-12
-8
-7
-5
-7
-8
-9
-10
-9
-11
-11
-9
-10
-8
-9
-8
-7
-7
-7
-7
-9
-9
-13
-12
-12
-13
-12
-11
-10
-11
-10
-8
-8
-7
-7
-6
-7
-7
-5
-4
-3
1
4
3
6
8
9
9
8
10
10
10
13
15
14
15
14
15
14
15
17
17
16
18
19
19
21
23
22
23
22
23
21
22
20
18
19
17
16
16
16
15
13
11
11
9
7
8
7
7
7
6
5
5
4
3
3
2
0
0
-2
-2
-3
-2
-3
-4
-3
-2
-5
-5
-6
-7
-6
-5
-6
-5
-7
-7
-7
-6
-8
-8
-9
-9
-8
-9
-9
-10
-9
-9
-9
-7
-7
-9
-8
-7
-8
-9
-6
-7
-8
-9
-9
-8
-7
-7
-7
-9
-8
-8
-9
-7
-6
-7
-7
-7
-9
-10
-8
-9
-9
-7
-8
-7
-7
-8
-9
-11
-11
-10
-9
-9
-8
-6
-7
-6
-5
-5
-6
-4
-2
-3
-1
2
3
6
8
8
9
8
8
6
5
3
4
2
2
2
3
2
2
2
1
-1
1
0
-1
-1
-3
-3
-3
-3
-1
-1
-3
-2
0
-2
-4
-4
-2
-2
-1
0
2
3
4
4
5
6
6
5
3
4
5
8
11
11
11
13
14
14
16
16
17
16
16
16
17
18
17
17
18
18
19
18
18
18
17
18
19
18
18
17
15
14
13
12
11
9
9
9
7
5
2
2
0
0
-1
-4
-5
-6
-7
-8
-8
-9
-10
-10
-11
-12
-13
-15
-16
-14
-16
-15
-15
-15
-15
-16
-17
-19
-18
-18
-16
-18
-18
-18
-19
-21
-18
-18
-16
-14
-14
-14
-13
-14
-13
-13
-10
-9
-8
-6
-9
-6
-6
-6
-5
-6
-5
-5
-5
-5
-4
-4
-3
-3
-4
-1
-1
-2
-2
-1
-2
-1
-1
-1
1
2
1
3
4
4
5
5
4
3
2
1
2
3
3
3
3
5
5
6
4
6
7
8
9
11
11
9
7
4
5
5
5
6
6
6
5
5
6
6
5
5
4
5
6
4
4
4
5
6
6
8
8
7
7
7
5
7
7
6
9
10
9
9
10
10
10
11
12
12
13
12
12
12
12
12
10
9
8
7
7
7
7
6
6
4
3
3
4
4
1
0
0
-1
1
0
0
0
1
0
0
-1
-3
-4
-4
-6
-7
-8
-9
-10
-11
-11
-13
-10
-10
-10
-12
-13
-14
-12
-10
-9
-11
-10
-10
-13
-13
-13
-13
-12
-10
-12
-14
-14
-12
-14
-12
-11
-10
-10
-9
-10
-13
-15
-15
-13
-13
-9
-9
-11
-10
-12
-11
-12
-11
-9
-7
-7
-7
-6
-5
-5
-3
-2
-2
0
0
-1
-3
-3
-2
-1
0
3
4
4
4
5
4
5
6
6
9
10
9
9
9
12
13
13
13
13
10
11
10
10
11
14
16
15
16
15
13
13
11
10
11
14
13
14
12
11
12
12
12
12
12
12
9
7
4
5
7
8
8
10
9
8
9
7
6
5
6
5
4
3
1
-3
-2
0
0
4
3
2
0
-3
-5
-6
-4
-3
-2
0
-2
-1
-2
-2
-2
0
1
0
-1
-3
-4
-4
-3
-2
-1
0
0
-2
-7
-9
-10
-10
-9
-9
-9
-8
-8
-10
-13
-10
-10
-8
-7
-9
-8
-10
-13
-13
-12
-9
-9
-8
-9
-10
-12
-13
-14
-12
-12
-10
-8
-10
-11
-12
-10
-9
-8
-3
-5
-5
-6
-7
-7
-8
-7
-6
-4
-4
-3
-3
-4
-3
-1
0
-1
-1
-1
-1
-2
-4
-3
0
1
2
2
1
2
4
4
5
8
7
9
7
4
4
3
3
5
7
8
10
10
11
8
8
8
10
10
11
11
11
12
10
12
13
14
16
16
14
12
10
8
8
8
11
12
12
13
11
11
9
11
12
11
11
10
7
6
4
3
4
5
5
6
4
5
3
3
2
1
3
3
0
0
-1
-2
-2
-2
-2
-3
-3
-3
-5
-4
-5
-4
-2
-2
-1
-2
-4
-5
-7
-7
-7
-4
-5
-5
-6
-7
-7
-7
-9
-9
-9
-10
-10
-11
-12
-12
-11
-12
-9
-9
-10
-9
-9
-11
-12
-10
-11
-12
-12
-10
-9
-10
-10
-11
-10
-11
-10
-8
-8
-7
-7
-5
-5
-6
-4
-3
-5
-3
-4
-4
-4
-3
0
0
1
3
4
3
4
4
4
5
4
4
3
3
4
6
6
7
6
6
5
3
4
0
1
1
2
0
0
1
-1
-1
-1
-1
0
2
2
0
0
-1
2
2
5
6
6
6
5
4
4
5
7
9
9
9
8
5
5
7
6
9
11
11
10
7
9
9
10
9
8
9
10
9
6
7
7
9
9
8
10
7
6
6
4
4
6
5
4
3
0
-1
0
0
0
4
5
6
4
3
1
0
0
2
2
2
2
0
-1
-1
-1
-2
1
1
-3
-3
-4
-5
-5
-5
-6
-5
-4
-5
-6
-8
-9
-9
-9
-8
-8
-10
-12
-15
-16
-14
-13
-13
-12
-11
-13
-16
-15
-15
-15
-14
-12
-11
-11
-13
-11
-13
-14
-13
-11
-12
-11
-10
-10
-9
-9
-9
-5
-5
-4
-4
-4
-6
-5
-4
-3
1
2
4
4
3
1
1
1
1
3
4
3
1
2
0
1
3
7
8
9
8
7
7
6
7
9
11
11
12
11
11
9
9
11
11
10
10
10
9
8
8
7
9
11
12
11
12
13
10
12
12
11
10
12
13
12
10
10
9
9
10
10
9
10
9
7
6
6
5
4
3
1
2
2
1
1
1
0
-1
-3
-3
-5
-6
-8
-7
-7
-6
-5
-5
-6
-7
-8
-8
-8
-8
-6
-7
-7
-8
-7
-8
-7
-7
-6
-6
-7
-7
-8
-10
-11
-9
-6
-5
-4
-4
-3
-4
-3
-4
-2
0
0
-1
-1
-2
-1
1
1
0
0
0
-2
-3
-4
-4
-5
-5
-4
-4
-4
-4
-5
-5
-6
-7
-7
-9
-7
-7
-6
-7
-5
-5
-7
-7
-8
-6
-5
-5
-6
-4
-2
-4
-3
-2
-3
-4
-4
-5
-3
-4
-1
-2
-3
-4
-5
-4
-5
-3
-3
-3
-1
-1
-1
1
2
2
3
3
3
5
5
5
6
7
9
10
12
12
12
13
14
13
14
14
14
13
12
15
15
16
16
16
16
14
14
14
14
14
14
15
14
13
12
11
10
12
11
9
10
7
6
5
5
7
7
7
5
5
3
3
0
0
2
1
2
2
-1
-4
-6
-6
-8
-9
-10
-12
-10
-13
-11
-12
-10
-10
-11
-13
-14
-14
-12
-11
-13
-13
-14
-14
-13
-13
-14
-12
-13
-14
-14
-14
-13
-12
-12
-12
-11
-11
-9
-8
-9
-11
-9
-9
-9
-7
-7
-6
-5
-3
-4
-2
-3
-2
0
-2
-2
-2
-4
-3
-4
-1
-1
1
3
1
1
2
2
3
5
3
5
5
4
3
5
4
4
2
4
3
2
3
3
3
2
3
4
4
5
4
3
3
4
7
7
5
5
3
1
3
4
4
6
5
5
4
4
5
7
6
9
8
8
7
6
7
8
9
9
8
9
9
7
6
8
9
10
12
12
14
12
11
10
11
12
11
10
8
9
8
7
9
7
7
8
6
5
4
2
-1
-1
-2
-3
-1
-3
-5
-7
-10
-11
-11
-13
-14
-13
-14
-15
-15
-13
-14
-12
-12
-14
-13
-15
-17
-18
-16
-15
-15
-15
-14
-14
-13
-12
-11
-10
-6
-7
-9
-8
-7
-8
-7
-5
-4
-1
0
0
-2
-1
-1
-2
-2
0
1
1
0
0
1
1
2
1
2
3
3
3
4
3
3
4
6
6
6
5
6
6
5
6
5
6
6
6
6
5
4
7
7
7
7
7
7
6
4
4
4
5
5
5
3
1
0
-1
0
0
0
-2
-1
-1
-2
-2
-1
0
-2
0
-1
0
-1
-1
-2
-3
-3
-4
-6
-7
-10
-11
-10
-10
-10
-10
-7
-5
-5
-4
-2
0
3
4
4
6
6
8
7
9
8
9
10
11
11
11
10
10
14
14
14
17
16
16
15
15
15
16
15
14
12
12
10
9
8
6
5
3
2
0
-2
-2
-2
0
0
1
1
0
0
-1
-4
-3
-4
-3
-4
-5
-6
-9
-10
-13
-14
-16
-18
-18
-21
-22
-21
-21
-22
-22
-20
-20
-20
-18
-18
-19
-17
-16
-16
-16
-16
-15
-13
-12
-11
-9
-7
-8
-7
-8
-8
-7
-6
-3
-4
0
2
3
7
7
7
7
8
7
7
8
7
6
7
8
7
8
9
10
9
8
7
5
6
6
6
6
5
7
8
7
7
7
8
6
7
6
5
6
4
6
8
9
10
9
8
6
7
5
5
5
4
3
4
4
2
3
4
5
4
3
2
0
1
2
4
6
7
7
5
4
4
3
5
7
7
5
4
0
1
2
2
4
6
6
5
5
3
1
-1
0
1
2
4
1
0
0
-1
0
1
3
4
2
1
1
-1
-1
1
1
0
1
-2
-3
-3
-2
-3
-3
-4
-5
-7
-8
-10
-11
-9
-9
-9
-8
-10
-13
-15
-16
-17
-17
-17
-16
-16
-16
-17
-19
-18
-17
-17
-16
-15
-14
-14
-13
-13
-11
-10
-9
-8
-5
-6
-7
-5
-6
-3
-2
0
0
3
4
3
2
3
5
6
7
5
7
5
5
6
6
9
11
12
12
12
12
11
10
12
12
14
12
10
7
6
7
7
9
10
10
11
10
9
9
8
10
12
12
13
12
9
9
9
8
9
7
7
6
4
3
1
-1
1
2
3
3
4
2
1
0
1
0
0
2
1
0
-2
-4
-4
-5
-3
-3
-2
-3
-6
-8
-7
-5
-3
-1
1
0
0
-1
-2
-2
-2
0
1
0
-1
1
3
2
2
5
5
5
7
4
3
1
3
2
3
4
2
3
1
-1
-3
-4
-4
-5
-5
-5
-8
-8
-7
-8
-8
-6
-6
-7
-10
-12
-12
-13
-12
-9
-9
-7
-8
-10
-10
-11
-10
-12
-12
-11
-13
-12
-14
-14
-14
-15
-14
-14
-14
-13
-13
-15
-14
-13
-11
-11
-9
-9
-9
-9
-11
-9
-7
-5
-5
-3
-2
1
2
4
3
6
8
9
11
12
13
13
13
15
17
18
18
18
17
17
15
18
19
21
22
18
19
19
20
18
19
20
19
21
20
16
16
16
16
15
14
13
12
8
9
8
7
7
9
7
6
6
4
3
3
1
2
2
-1
-4
-5
-7
-9
-8
-9
-9
-9
-9
-10
-10
-11
-12
-11
-10
-10
-12
-12
-11
-9
-9
-7
-5
-4
-5
-8
-8
-9
-8
-7
-8
-7
-7
-7
-7
-8
-9
-8
-7
-9
-7
-9
-8
-8
-7
-5
-5
-4
-2
-1
-2
-4
-4
-5
-5
-4
-3
-3
-3
-4
-4
-5
-2
-1
-1
1
1
2
3
4
2
4
5
7
7
6
7
3
2
0
0
0
1
0
-1
-3
-7
-7
-6
-8
-8
-8
-10
-9
-11
-12
-13
-11
-9
-8
-8
-8
-10
-9
-9
-10
-9
-6
-5
-3
-4
-2
0
0
1
2
2
2
4
6
7
8
11
14
16
17
19
17
17
16
16
17
18
18
19
19
17
19
18
19
18
17
17
17
15
16
14
13
15
15
15
12
11
10
8
5
5
4
4
3
3
2
-1
0
2
1
1
1
1
-2
-2
-4
-5
-3
-2
-1
-2
-4
-6
-8
-9
-11
-10
-11
-11
-11
-13
-12
-12
-12
-10
-11
-11
-10
-11
-14
-13
-13
-12
-11
-11
-10
-8
-10
-12
-13
-13
-14
-12
-13
-14
-14
-12
-12
-12
-11
-9
-8
-7
-5
-6
-5
-6
-5
-3
-4
-3
-4
-3
-1
-3
-3
-4
-2
1
0
2
3
2
3
5
6
7
7
8
6
6
6
5
6
5
6
6
4
5
4
2
3
4
2
2
4
1
2
2
1
2
2
0
2
0
-1
-2
-2
-2
-3
-2
-2
-1
-1
-3
0
-2
-1
-1
1
-1
0
1
1
3
3
4
5
6
6
8
9
10
10
11
10
12
9
10
11
10
9
10
11
12
13
13
14
15
16
17
18
17
18
17
18
19
16
16
15
15
14
13
11
10
8
6
5
4
2
0
-1
-1
-1
-3
-4
-8
-10
-11
-13
-13
-13
-13
-14
-14
-14
-15
-15
-16
-19
-18
-19
-19
-21
-20
-17
-18
-15
-14
-15
-16
-15
-16
-17
-19
-19
-19
-17
-17
-16
-15
-15
-13
-13
-11
-10
-10
-10
-11
-11
-11
-9
-6
-7
-5
-3
-3
0
0
0
1
-2
-2
-1
-1
0
3
6
9
11
13
12
13
14
15
14
14
14
13
12
11
12
11
11
11
10
8
7
6
5
4
5
4
5
6
5
6
6
5
3
4
3
4
3
4
3
1
0
-2
0
-1
-1
1
0
1
-1
-1
-3
0
1
3
5
5
5
3
2
2
2
2
3
3
3
3
0
1
2
5
5
6
6
4
4
4
5
6
9
9
10
10
9
10
9
11
11
10
10
10
9
6
6
6
7
7
8
7
5
4
3
1
1
0
2
3
0
-1
-2
-6
-5
-4
-6
-6
-6
-8
-9
-12
-14
-14
-13
-12
-13
-12
-14
-16
-15
-16
-16
-14
-16
-16
-18
-18
-21
-21
-20
-19
-19
-19
-20
-19
-19
-20
-18
-15
-12
-10
-8
-8
-8
-7
-7
-5
-4
-2
-2
-2
-2
-4
-2
1
1
4
6
3
2
0
-1
1
3
5
8
9
10
9
10
11
10
10
11
10
9
7
6
6
8
9
9
10
10
9
9
6
5
6
6
9
8
8
7
6
7
8
10
10
10
10
9
8
8
7
8
7
8
9
8
8
8
8
7
9
10
11
10
9
7
6
5
4
5
4
5
4
5
6
6
4
5
6
4
2
1
0
0
1
1
2
2
3
2
2
2
2
2
2
1
1
1
0
0
-1
0
1
2
2
0
0
-3
-3
-6
-7
-6
-7
-8
-9
-10
-12
-12
-13
-14
-13
-13
-15
-17
-16
-17
-16
-15
-13
-14
-14
-14
-16
-15
-16
-17
-17
-16
-17
-18
-16
-15
-12
-11
-10
-8
-8
-6
-7
-6
-4
-3
-1
2
1
1
0
0
-1
-3
-3
-4
-4
-5
-4
-5
-3
-3
-2
-1
-2
-1
0
1
2
3
4
5
6
8
7
8
9
10
10
9
11
10
10
9
9
10
10
12
14
15
16
15
14
15
14
16
14
13
14
14
11
10
10
11
10
11
8
8
7
5
5
5
5
6
6
8
6
7
6
6
6
7
7
5
5
3
1
1
0
0
-1
2
1
0
0
0
2
2
3
2
1
2
3
2
5
5
3
2
1
-2
-1
-3
-3
-5
-6
-7
-7
-8
-8
-7
-6
-4
-3
-4
-3
-3
-4
-4
-5
-6
-7
-7
-6
-7
-9
-11
-10
-12
-12
-13
-13
-15
-16
-15
-15
-13
-11
-9
-10
-10
-10
-10
-11
-9
-9
-10
-10
-11
-10
-11
-12
-10
-10
-10
-10
-10
-9
-8
-8
-8
-7
-5
-3
0
1
1
-1
0
0
0
-1
0
1
2
1
1
1
1
3
4
6
6
5
6
6
6
9
13
14
15
16
15
12
11
13
11
10
12
11
11
9
8
9
8
9
8
9
9
7
7
9
7
8
8
9
7
4
4
4
4
3
4
4
2
2
1
2
2
4
2
2
2
3
2
2
3
4
7
8
9
11
8
7
7
6
6
6
4
5
2
1
1
1
1
1
0
1
1
-1
-3
-3
-4
-3
-2
-6
-5
-5
-7
-9
-9
-7
-7
-5
-4
-5
-6
-5
-5
-5
-7
-5
-5
-5
-5
-4
-3
-2
-1
0
1
0
-1
-2
-3
-3
-4
-2
-5
-6
-6
-7
-7
-9
-10
-10
-11
-10
-12
-11
-12
-11
-11
-10
-12
-12
-13
-14
-15
-14
-14
-13
-11
-10
-9
-9
-7
-7
-6
-7
-4
-4
-6
-4
-6
-7
-4
-4
-6
-4
-3
-1
-2
-1
-1
0
1
4
5
5
8
6
8
9
9
10
11
11
9
8
8
7
8
11
10
11
12
12
11
10
12
13
14
15
17
14
13
15
13
14
15
14
15
12
10
9
7
7
8
9
10
10
10
10
11
12
15
15
15
18
14
12
11
8
7
5
1
-1
-4
-7
-8
-9
-9
-9
-8
-6
-5
-2
1
2
3
2
4
3
3
2
1
0
-5
-6
-7
-9
-11
-12
-15
-15
-16
-15
-15
-16
-13
-11
-8
-6
-5
-2
-4
-5
-4
-4
-7
-10
-11
-11
-12
-13
-16
-17
-21
-20
-20
-20
-21
-20
-18
-16
-11
-8
-3
0
4
7
8
4
4
3
2
0
-3
-5
-8
-11
-13
-14
-16
-13
-11
-8
-7
-4
-2
-1
4
7
14
17
21
18
17
14
9
5
2
0
-4
-7
-12
-17
-18
-17
-16
-12
-7
-3
1
2
6
7
12
19
25
30
28
26
23
17
15
13
12
11
8
2
-3
-8
-10
-10
-6
-1
5
9
9
8
8
10
14
19
22
22
18
12
8
3
2
3
4
6
5
-1
-4
-6
-5
-3
4
7
11
11
8
7
8
12
17
23
24
24
19
11
5
1
1
3
2
0
-2
-7
-12
-13
-11
-4
3
10
12
11
8
3
1
2
6
8
7
1
-7
-18
-22
-26
-29
-28
-24
-22
-24
-30
-39
-42
-32
-21
-12
-15
-22
-22
-21
-19
-21
-24
-23
-16
-12
-19
-25
-30
-26
-21
-26
-33
-31
-19
-13
-8
-12
-20
-22
-14
-7
-7
-10
-10
-8
-9
-21
-35
-35
-21
-15
-15
-28
-41
-43
-28
-5
4
1
-2
-1
9
16
11
7
6
6
3
7
4
2
9
20
38
33
20
13
14
15
8
4
12
35
48
46
37
31
33
50
64
70
63
51
54
62
55
47
61
80
104
104
78
65
54
58
80
94
79
69
74
85
83
69
42
39
62
54
28
13
20
38
41
36
30
47
67
75
78
66
48
43
41
38
39
28
35
79
90
53
7
-30
-19
17
26
0
10
21
8
7
-7
-11
6
9
-11
-16
-23
-46
-59
-74
-73
-73
-81
-70
-66
-74
-104
-133
-145
-150
-153
-139
-124
-115
-100
-115
-134
-144
-152
-139
-111
-112
-127
-119
-124
-145
-120
-99
-111
-106
-95
-103
-104
-98
-105
-82
-73
-94
-98
-79
-55
-65
-80
-88
-75
-69
-64
-61
-67
-78
-94
-100
-99
-68
-43
-34
-23
-34
-67
-62
-29
1
40
62
69
80
77
40
14
44
92
98
77
70
88
129
139
123
127
159
172
130
68
40
53
94
126
118
95
70
59
62
71
86
105
109
70
36
41
65
70
72
82
76
56
48
60
61
55
58
57
39
-9
-8
57
130
164
124
24
-39
5
72
87
121
174
271
280
134
-94
-126
63
391
880
666
-506
-1640
-1552
-604
319
779
810
1072
1310
841
-435
-1289
-1169
-383
976
1770
1121
-266
-852
-782
-515
-337
-300
167
824
676
-586
-1578
-1440
-603
93
-74
-817
-1101
-228
752
1042
592
-143
-661
-580
-324
-7
600
1316
1686
1378
318
-1064
-1500
-839
240
956
1064
673
212
-141
-636
-924
-692
-72
546
635
-149
-967
-864
-187
65
-161
-541
-630
-414
-228
-175
-156
-19
-58
-112
-311
-581
-503
-31
613
726
442
-65
-268
-269
-266
-26
302
545
289
-67
-444
-540
-349
-140
11
24
-46
47
388
290
-296
-699
-636
-369
24
179
134
283
313
-61
-142
175
278
278
131
-319
-422
-53
158
284
526
501
189
33
-124
-4
291
368
164
245
361
309
329
241
168
210
363
340
192
74
88
229
438
604
410
156
55
-1
62
279
430
547
478
-4
-369
-281
58
303
249
-147
-374
-274
-24
114
9
-210
-248
-135
-122
-117
-52
107
94
-113
-259
-95
253
416
242
-100
-318
-378
-235
30
192
245
167
-155
-405
-418
-241
-70
95
-19
-213
-173
-49
-52
-243
-378
-221
71
27
-306
-367
-28
176
-60
-496
-667
-348
71
-65
-229
-25
114
-22
-441
-775
-433
314
343
-128
-331
-226
-21
2
-283
-394
-42
141
-18
-170
-102
18
101
-110
-434
-276
157
274
123
46
9
144
108
-176
-66
774
1246
666
-278
-1172
-1282
-670
-134
109
725
1047
371
-793
-1490
-1214
-135
630
628
279
-49
-343
-534
-319
348
1038
1136
651
-38
-242
6
339
611
766
793
656
341
-146
-217
162
473
429
338
397
335
157
-49
-41
228
482
381
51
-131
-109
-50
26
83
56
-41
-147
-255
-320
-242
-21
149
148
28
-96
-73
-2
24
-85
-176
7
223
317
148
-94
-260
-157
74
241
329
241
9
-248
-276
-97
176
377
427
332
164
22
12
160
329
322
94
-139
-168
-44
43
3
-106
-199
-247
-258
-362
-481
-513
-485
-401
-430
-608
-804
-833
-726
-546
-466
-542
-639
-700
-765
-748
-594
-403
-273
-307
-369
-361
-208
18
207
304
282
224
210
346
586
784
813
742
706
744
826
877
885
870
808
708
544
401
427
444
378
255
39
-188
-307
-376
-460
-561
-704
-840
-957
-1061
-1177
-1280
-1331
-1282
-1243
-1325
-1481
-1546
-1395
-1089
-789
-676
-709
-705
-516
-285
-139
-50
168
576
1015
1306
1451
1613
1939
2341
2602
2748
2954
3210
3376
3423
3335
3176
2984
2776
2546
2352
2098
1656
1079
533
81
-503
-1239
-1980
-2566
-3003
-3464
-4049
-4628
-4998
-5121
-5218
-5430
-5523
-5295
-4762
-4009
-3209
-2621
-2210
-1782
-1262
-707
-148
467
1164
1917
2605
3087
3376
3692
4210
4933
5858
6650
6737
6240
5786
5414
4842
4198
3843
3986
4370
4172
2997
1541
542
-64
-728
-1626
-2593
-3373
-3969
-4698
-5770
-6733
-7125
-7100
-7001
-6916
-6744
-6392
-5918
-5485
-5036
-4413
-3667
-2893
-2072
-1200
-316
491
1130
1572
1969
2413
2886
3279
3493
3602
3693
3828
4017
4567
5667
6552
6330
5435
4835
4455
3734
2835
2530
3216
4250
4298
2971
1406
560
114
-525
-1370
-2178
-2566
-2722
-3381
-4608
-5677
-6200
-6388
-6502
-6638
-6705
-6512
-5991
-5331
-4834
-4641
-4437
-3840
-2871
-1828
-989
-425
13
578
1192
1536
1591
1838
2589
3572
4220
4225
3857
3646
3784
4349
5393
6410
6731
6347
5761
5129
4265
3164
2425
2832
3997
4487
3684
2280
1191
576
-93
-1202
-2464
-3080
-2922
-2982
-3937
-5318
-6204
-6311
-6153
-6321
-6811
-6953
-6298
-5352
-4813
-4749
-4672
-4097
-3020
-1884
-1069
-543
-25
597
1193
1601
1769
1950
2484
3340
4015
4104
3779
3599
3727
3953
4504
5679
6808
6963
6303
5536
4686
3529
2484
2162
2843
3893
4170
3263
1921
803
-252
-1431
-2552
-3304
-3309
-2981
-3553
-5143
-6580
-7111
-7157
-7306
-7488
-7187
-6308
-5466
-5170
-5224
-5133
-4616
-3748
-2810
-1816
-655
338
792
933
1135
1495
1907
2251
2688
3431
4233
4465
3962
3372
3189
3461
4376
5828
6816
6746
6199
5540
4380
2849
1649
1541
2782
4275
4426
3180
1735
607
-492
-1726
-2898
-3535
-3207
-2718
-3374
-5076
-6528
-7116
-7230
-7254
-7204
-6834
-5986
-4998
-4411
-4304
-4434
-4322
-3601
-2372
-1002
172
890
1194
1438
1687
1775
1820
2173
3023
4067
4598
4236
3391
2870
2912
3283
4335
6120
7314
7028
6017
4941
3549
2054
1191
1578
3203
4750
4663
3183
1705
599
-674
-2086
-3166
-3456
-2831
-2255
-2981
-4847
-6465
-7060
-7072
-7095
-7087
-6565
-5249
-3753
-3159
-3694
-4358
-4144
-3083
-1872
-822
197
1096
1642
1701
1266
827
1023
1883
2919
3707
4003
3603
2871
2372
2222
2763
4468
6443
7136
6586
5811
4810
3200
1609
1060
2030
3884
4965
4316
2968
1928
754
-948
-2612
-3521
-3418
-2760
-2711
-3802
-5215
-6165
-6827
-7444
-7815
-7580
-6580
-5180
-4008
-3587
-3919
-4377
-4321
-3636
-2544
-1254
-23
900
1395
1368
779
241
565
1687
2914
3746
4014
3733
3212
2708
2327
2805
4789
7004
7652
6909
5974
4855
3237
1737
1279
2331
4117
4927
4152
2952
1943
478
-1494
-3049
-3650
-3411
-2948
-3096
-4057
-5181
-6050
-6898
-7649
-7811
-7250
-6233
-5062
-4023
-3487
-3621
-4030
-4056
-3425
-2284
-863
483
1418
1916
1902
1359
922
1268
2233
3230
4027
4421
4247
3727
3078
2535
3040
5107
7209
7571
6752
5930
4793
3063
1440
943
2110
4084
4980
4255
3062
1890
251
-1565
-2825
-3400
-3271
-2817
-2872
-3738
-4951
-6087
-6986
-7482
-7465
-7066
-6342
-5281
-4145
-3488
-3618
-3981
-3927
-3365
-2369
-1098
104
1066
1734
1825
1309
885
1183
2029
3036
3903
4311
4136
3671
3071
2465
2850
4897
7172
7867
7266
6308
4842
2885
1306
900
1941
3709
4684
4368
3419
1939
-310
-2487
-3622
-3979
-4004
-3828
-3853
-4362
-5210
-6355
-7589
-8241
-8031
-7431
-6809
-5971
-4805
-3819
-3458
-3529
-3530
-3223
-2460
-1217
145
1240
1900
2013
1722
1570
1821
2295
2943
3866
4613
4661
4118
3314
2637
3051
5066
7240
8012
7600
6586
4835
2671
999
450
1181
2738
3993
4260
3559
1680
-1049
-3223
-4086
-4315
-4495
-4228
-3619
-3458
-4111
-5526
-7144
-8156
-8237
-7844
-6992
-5642
-3961
-2725
-2293
-2354
-2780
-3057
-2505
-728
1335
2560
2758
2480
2159
1938
1818
1946
2962
4422
5190
4601
3576
2854
2404
2881
5208
8520
10215
9478
7234
4830
3010
1860
1054
989
2397
4192
4747
3438
836
-2104
-3970
-4716
-5798
-7226
-7528
-6464
-5689
-6281
-8086
-9826
-10013
-8654
-7217
-6236
-4676
-2235
64
1180
953
-36
-465
598
2373
3611
4141
4432
4325
3564
2580
1805
1597
1862
2135
1976
1623
1317
607
-487
-1157
-239
2728
6595
8480
7667
6183
5346
4455
2750
1008
585
2408
4862
5258
3269
737
-1168
-2636
-4290
-6598
-8489
-8085
-6217
-5635
-7153
-8886
-9377
-8653
-7583
-7021
-6325
-4332
-1522
377
925
757
509
512
1062
1794
2389
2931
3174
2803
2333
2163
1894
1409
1107
1147
1235
1104
394
-394
-311
1226
4187
7848
10137
9923
8715
7774
6384
4155
2122
1562
2911
4776
4563
2190
-45
-1544
-3623
-6484
-9128
-10514
-9666
-7964
-7648
-8668
-9014
-8634
-8067
-7135
-5819
-4241
-2189
220
2097
3338
3645
3014
2498
3077
3737
3629
3300
3048
2665
2179
1432
479
-44
-32
-164
-521
-838
-1421
-1735
-1088
589
3584
7879
11142
11497
10434
9425
7875
5456
3114
1945
2708
4315
3781
1200
-720
-2005
-4592
-8081
-10707
-11795
-11066
-9718
-9555
-9674
-8636
-7548
-7196
-6314
-4579
-2836
-947
1237
3255
4788
5273
4474
3754
4015
3922
2774
1831
1548
1155
441
-448
-1190
-1180
-802
-1117
-1778
-1736
-1514
-1418
-858
446
3098
7644
11967
13062
12032
11135
9727
6907
3723
1588
1349
2522
2240
-209
-1946
-2699
-5074
-8844
-11379
-12330
-12205
-11142
-10330
-9564
-7939
-6482
-6032
-5017
-2965
-1542
-462
1508
3657
5063
5513
4839
4029
3959
3423
1878
960
797
-17
-1206
-1684
-1679
-1505
-1371
-1659
-1798
-1264
-1037
-1369
-823
1109
4164
8707
13036
14533
13999
13128
11235
7664
3816
1143
427
1246
959
-1003
-2231
-2957
-5318
-8684
-11128
-12541
-12701
-11454
-10182
-8838
-6853
-5373
-4516
-2924
-1201
-621
282
2294
4028
5016
5259
4688
4153
3980
2770
977
406
40
-1231
-2163
-2156
-2076
-1910
-1557
-1542
-1151
-424
-666
-898
408
2312
4562
8924
13832
15748
15186
13891
11574
8053
3809
-216
-1893
-932
-1034
-2986
-3648
-3690
-5754
-8790
-11075
-12763
-13098
-11984
-10924
-9216
-6358
-4469
-3492
-1444
435
594
1059
2444
3384
4081
4501
3967
3604
3757
2484
601
-62
-990
-2802
-3503
-3062
-2868
-2280
-1300
-890
-288
350
-97
-91
1526
2866
4631
9307
14337
15940
15295
14109
11812
8285
3556
-1296
-3098
-2137
-2763
-4580
-4336
-3816
-5528
-7892
-9987
-11989
-12538
-11872
-11064
-8892
-5896
-4362
-2832
155
1780
1396
1676
2338
2504
3065
3142
2249
2326
2816
1710
560
75
-1571
-3364
-3534
-3580
-3835
-2788
-1403
-438
979
1618
910
1338
2720
3096
4898
9832
14151
15547
15611
14782
12520
8802
3124
-2125
-3407
-3106
-4884
-6057
-4522
-3723
-5059
-6721
-8726
-10653
-11329
-11664
-11243
-8608
-5951
-4716
-2093
1522
2582
2191
2554
2581
2257
2187
1378
853
1911
2239
1117
991
818
-1031
-2560
-3055
-3708
-3692
-2366
-1050
540
2411
2830
2739
3895
4493
3850
5262
9539
13421
14996
14813
13918
12490
9047
3021
-2215
-3964
-4876
-6907
-7576
-6007
-4923
-5499
-6468
-7510
-8796
-10244
-11525
-11062
-8746
-6903
-5690
-2759
1013
2620
2762
2998
2810
2089
1082
-153
-541
226
436
199
889
961
-581
-1967
-2625
-3383
-3734
-3077
-1673
489
2426
3068
3757
5109
5181
4430
6062
9863
12581
13166
12890
12720
11763
7956
1953
-2106
-3374
-5283
-7916
-8206
-6599
-5815
-6003
-6296
-6759
-7527
-8953
-10182
-9334
-7609
-7178
-6140
-2499
1024
2331
2977
3629
3718
2979
1196
-521
-661
-475
-1174
-894
412
376
-696
-1312
-1789
-2466
-2899
-2758
-1417
781
2007
2688
4441
5950
5640
5288
7251
10523
12548
12492
11992
12246
11132
6876
1716
-1109
-2401
-4838
-7491
-7801
-6446
-6044
-6590
-6411
-5969
-6537
-8002
-8824
-7973
-6948
-6896
-5959
-2760
302
1610
2573
3500
3551
2697
1227
-185
-827
-1266
-1668
-891
316
182
-460
-517
-812
-1676
-2251
-2042
-830
904
2001
2999
4804
6183
6009
5880
7751
10589
12105
11818
11375
11443
10067
6090
1418
-1246
-2482
-4787
-7368
-7712
-6604
-6457
-6867
-6467
-6060
-6493
-7578
-8145
-7362
-6729
-7187
-6521
-3525
-896
328
1725
2972
3248
2606
1139
-278
-1025
-1956
-2672
-1651
-406
-606
-789
-345
-346
-951
-1680
-1861
-682
859
1424
2301
4153
5338
5424
5697
7289
9902
11491
11108
10676
10819
9169
5267
1312
-1148
-2497
-4405
-6806
-7348
-6279
-6252
-6812
-6213
-5692
-6250
-6858
-6929
-6464
-6161
-6661
-6183
-3534
-1205
-318
962
2544
3076
2679
1617
272
-493
-1201
-1925
-1462
-591
-651
-694
-27
173
-343
-847
-873
52
1218
1737
2539
4144
5276
5389
5705
7440
10010
11500
11247
10927
10915
9192
5493
1693
-597
-1871
-3858
-6090
-6585
-5830
-5927
-6374
-5868
-5567
-6062
-6619
-6709
-6251
-6208
-6865
-6335
-3891
-1971
-1080
444
2031
2635
2466
1637
535
-324
-1351
-2076
-1486
-863
-1142
-878
129
484
-17
-568
-472
458
1226
1334
2080
3648
4676
4890
5271
6877
9538
11368
11357
11028
10945
9338
5909
2218
-393
-1832
-3507
-5573
-6294
-5779
-5890
-6195
-5653
-5561
-6292
-6759
-6742
-6495
-6674
-7398
-6998
-4875
-3089
-2049
-361
1343
2082
2266
1897
828
-336
-1378
-1898
-1472
-1228
-1628
-1130
225
628
15
-401
-111
604
1046
989
1481
2764
3591
3905
4441
5710
8024
10319
11156
10876
10429
9164
6563
3189
50
-1807
-3174
-4824
-5780
-5663
-5473
-5463
-5204
-5170
-5610
-6181
-6584
-6559
-6537
-6970
-6916
-5520
-3702
-2269
-786
711
1781
2374
2280
1544
645
-306
-913
-831
-703
-862
-585
309
948
879
421
462
1191
1594
1450
1645
2504
3394
3940
4119
4830
7194
9858
10937
10836
10651
9992
7985
4645
1180
-781
-2015
-3970
-5446
-5441
-5237
-5363
-5132
-5034
-5440
-5980
-6525
-6678
-6721
-7401
-7756
-6578
-4883
-3574
-2026
-259
1115
1976
2201
1812
1038
62
-552
-543
-605
-940
-726
176
846
769
467
723
1391
1518
1224
1446
2122
2630
3021
3432
3967
5636
8300
10158
10638
10457
9995
8879
6479
2944
129
-1050
-2447
-4473
-5487
-5393
-5234
-5109
-5116
-5524
-5782
-6040
-6595
-6903
-7201
-7778
-7541
-6152
-4695
-3284
-1601
-88
1210
2132
2081
1425
837
240
-276
-550
-823
-806
-193
371
546
619
696
963
1258
1157
1026
1315
1703
2126
2644
2901
3586
5801
8389
9522
9483
9401
9259
8073
5188
1832
149
-617
-2522
-4660
-5333
-5108
-5049
-5226
-5509
-5659
-5673
-5985
-6393
-6677
-7186
-7616
-7037
-5678
-4389
-3030
-1322
408
1734
2444
2425
2033
1662
1142
606
287
62
96
537
971
1111
1162
1381
1730
1821
1599
1486
1711
2082
2349
2505
2712
3740
5960
8010
8817
8994
9255
9232
7993
5255
2373
891
-282
-2536
-4673
-5449
-5398
-5340
-5417
-5507
-5339
-5180
-5484
-5847
-6289
-7186
-7726
-7124
-5951
-4836
-3500
-1731
245
1824
2453
2561
2558
2187
1486
824
287
-148
-242
91
505
714
781
1082
1670
1830
1434
1112
1282
1749
1930
1891
2224
3595
5840
7671
8466
8839
9369
9290
7873
5342
2625
933
-580
-2991
-5144
-5963
-6054
-6063
-5856
-5768
-5674
-5346
-5522
-6157
-6809
-7607
-7996
-7327
-6291
-5252
-3578
-1519
299
1891
2868
3054
2910
2444
1700
960
171
-481
-333
266
501
624
897
1343
1742
1543
1002
879
1102
1122
1157
1591
2168
3022
4746
6803
7988
8286
8555
8719
7964
5743
2808
1025
-82
-2358
-4777
-5617
-5555
-5570
-5466
-5233
-4815
-4480
-4924
-5539
-5875
-6514
-7165
-6973
-6171
-5145
-3531
-1525
338
1925
3013
3517
3538
2975
2008
1158
589
194
41
283
756
1175
1442
1651
1829
1714
1380
1097
871
879
1245
1708
2130
2555
3515
5369
7013
7405
7401
7843
7840
6558
4134
1716
386
-996
-3297
-5074
-5505
-5410
-5031
-4430
-4244
-4235
-4153
-4347
-4772
-5591
-6723
-6956
-6131
-5412
-4677
-3073
-956
852
2046
2624
2990
3041
2269
1256
717
360
-11
44
511
939
1237
1388
1464
1515
1318
898
679
841
1126
1341
1650
2004
2180
2876
4415
5597
5943
6309
6817
6861
5878
3628
1586
709
-831
-3327
-4834
-5043
-4886
-4571
-4408
-4382
-3810
-3455
-3881
-4448
-5353
-6485
-6651
-6111
-5898
-5333
-3825
-1876
34
1196
1591
2233
2847
2469
1564
818
524
698
732
552
761
1181
1366
1570
1597
1347
1434
1608
1426
1219
1076
950
1128
1189
965
1776
3633
4910
5355
5868
6465
6463
5252
2921
1107
208
-1417
-3519
-4331
-3989
-3694
-3429
-2975
-2484
-2143
-2457
-3306
-4172
-5235
-6376
-6613
-6144
-5842
-5116
-3451
-1469
256
1463
2337
3228
3637
3108
2359
1943
1607
1324
1143
1046
1250
1588
1831
2207
2469
2276
2077
1972
1440
677
180
-28
-109
-377
-642
403
2502
3734
4281
5318
6364
6433
5228
3177
1693
891
-866
-2870
-3464
-3317
-3208
-2759
-2242
-2060
-1944
-2309
-3091
-3820
-5102
-6569
-6912
-6581
-6482
-5945
-4431
-2324
-166
1438
2484
3517
4202
4043
3434
2626
1696
1108
965
831
685
857
1403
2048
2111
1546
1131
954
358
-752
-1608
-1843
-1804
-1853
-1810
-1057
710
2818
4182
5028
6086
6812
6489
5196
3296
1653
623
-781
-2390
-3057
-2985
-2772
-2343
-2016
-2086
-2201
-2589
-3471
-4551
-5862
-7044
-7305
-6889
-6243
-4975
-3074
-982
1079
2867
4084
4683
4631
4114
3422
2310
1082
427
373
477
391
418
875
1342
1134
478
-48
-551
-1163
-1868
-2390
-2415
-2123
-1650
-824
163
1226
2921
4744
5760
6253
6585
6589
5960
4264
2180
1079
151
-1545
-2705
-2749
-2446
-2142
-1992
-1975
-1769
-1977
-2933
-3617
-4216
-5273
-5784
-5334
-4619
-3560
-2051
-416
1384
2760
3338
3882
4165
3479
2521
1772
854
90
-356
-645
-443
-174
-308
-203
106
-111
-452
-579
-832
-1022
-1078
-1051
-620
-20
344
951
1863
2546
3496
4639
5172
5347
5388
5058
4360
3066
1285
168
-401
-1578
-2646
-2802
-2550
-2065
-1595
-1576
-1444
-1016
-1215
-1879
-2462
-3257
-3752
-3553
-3514
-3441
-2536
-1401
-486
323
748
1018
1346
1038
185
-364
-810
-1396
-1693
-1802
-1772
-1391
-935
-600
-263
-39
144
520
766
664
670
882
1015
1019
945
973
1212
1171
948
1503
2543
2996
3080
3444
3844
3728
2652
1220
721
605
-396
-1397
-1185
-369
205
569
877
1336
1516
821
-184
-1108
-2389
-3741
-4494
-4979
-5463
-5445
-4692
-3665
-2873
-2339
-1656
-795
-402
-577
-742
-581
-538
-747
-679
-265
222
705
1327
1920
2175
2273
2455
2605
2326
1769
1443
1256
781
-4
-555
-563
-541
-907
-948
145
1639
2571
3235
4038
4798
5041
4318
3206
2788
2519
1687
1085
1158
1569
2049
2260
2120
1973
1411
-27
-1653
-3292
-5263
-6991
-7964
-8383
-8315
-7703
-6567
-4850
-3161
-2099
-1154
-91
566
678
538
547
852
1024
994
1335
1953
2399
2738
2920
2774
2496
2112
1591
1026
258
-547
-900
-1082
-1515
-1704
-1370
-840
-316
240
1273
2805
3971
4527
5138
5701
5611
4962
4133
3431
2955
2268
1461
1161
1044
651
241
-305
-1276
-2392
-3551
-4859
-6109
-7298
-8244
-8414
-8124
-7899
-7221
-5856
-4279
-2755
-1508
-542
540
1436
1703
1776
1804
1646
1644
1682
1438
1328
1558
1798
1883
1668
1232
1120
1221
918
412
140
152
316
288
40
134
631
961
1156
1508
2140
3149
4113
4567
4871
5224
5091
4446
3491
2270
1190
330
-585
-1333
-1584
-1615
-1613
-1621
-1988
-2581
-3146
-3912
-4892
-5799
-6478
-6795
-6605
-6129
-5449
-4429
-3192
-1854
-600
256
782
1301
1812
1964
1646
1321
1470
1848
1863
1671
1918
2525
2931
2960
2869
2955
3083
2887
2403
2029
1747
1296
826
417
51
-103
-76
14
158
398
957
1789
2394
2562
2644
2741
2526
1805
786
131
-133
-600
-1105
-1085
-638
-357
-360
-502
-806
-1392
-2398
-3548
-4604
-5690
-6566
-6803
-6483
-5934
-5104
-3983
-2653
-1241
-238
320
880
1391
1667
1914
2128
2373
2960
3621
3910
4026
4166
4234
4218
3874
3082
2388
2027
1521
779
98
-367
-660
-1026
-1678
-2242
-2305
-2319
-2607
-2683
-2270
-1425
-341
537
1168
1987
2764
2832
2379
1819
1269
875
402
-227
-502
-407
-452
-607
-707
-1141
-1765
-2300
-3087
-4108
-4976
-5541
-5685
-5434
-5126
-4489
-3123
-1707
-642
602
1908
2742
3241
3554
3701
3843
3756
3407
3408
3593
3324
2994
2978
2862
2452
1815
1075
551
128
-527
-1118
-1417
-1808
-2283
-2571
-2908
-3291
-3386
-3227
-2925
-2435
-1665
-408
1186
2362
2900
3399
3754
3403
2409
1360
808
570
274
182
684
1451
1877
1984
1868
1302
309
-782
-1837
-2937
-3866
-4264
-4054
-3502
-2942
-2264
-1248
-298
165
455
985
1451
1549
1598
1849
2187
2354
2324
2421
2637
2535
2095
1794
1672
1326
725
83
-477
-920
-1453
-2084
-2539
-2773
-2986
-3245
-3459
-3601
-3554
-3285
-3038
-2794
-2239
-1265
-64
949
1625
2250
3015
3484
3294
2948
3027
3354
3533
3507
3539
3806
3963
3517
2630
1674
507
-858
-2080
-3194
-4172
-4657
-4667
-4454
-4162
-3923
-3703
-3183
-2598
-2371
-2138
-1460
-410
672
1495
2137
2865
3516
3575
3037
2355
1737
1130
511
-46
-431
-615
-685
-764
-939
-1279
-1711
-2092
-2525
-3116
-3691
-3972
-3909
-3690
-3418
-2905
-1989
-909
278
1795
3370
4605
5464
6026
6255
6160
5582
4693
4175
3849
3251
2806
2740
2623
2342
1882
955
-147
-1189
-2530
-3790
-4566
-5298
-5796
-5562
-5117
-4773
-4180
-3547
-2994
-2223
-1573
-1174
-474
502
1283
1873
2316
2491
2612
2558
1949
1177
783
555
271
86
26
108
213
8
-376
-564
-822
-1382
-1829
-2003
-2137
-2183
-2090
-1860
-1262
-495
-40
442
1521
2817
3755
4277
4471
4557
4586
4124
3139
2529
2614
2721
2737
2937
3157
3264
3105
2304
980
-446
-2016
-3570
-4677
-5484
-6049
-5935
-5345
-4828
-4316
-3806
-3541
-3294
-2996
-2835
-2501
-1785
-999
-46
1270
2334
2832
3209
3488
3382
2983
2398
1855
1760
1770
1320
861
717
316
-493
-1223
-1804
-2314
-2629
-2798
-2812
-2648
-2584
-2641
-2471
-2156
-2013
-1794
-1113
-16
1340
2756
3913
4678
5171
5374
5049
4347
3765
3425
3193
3008
2782
2483
2160
1539
399
-901
-2162
-3538
-4715
-5308
-5515
-5481
-5061
-4508
-4093
-3659
-3317
-3184
-2949
-2417
-1688
-646
641
1762
2783
3895
4622
4586
4097
3427
2644
1916
1169
479
286
406
276
-27
-276
-720
-1310
-1743
-2121
-2470
-2638
-2689
-2617
-2469
-2492
-2569
-2367
-2042
-1770
-1228
-255
1069
2583
3849
4687
5192
5176
4624
3900
3148
2516
2425
2707
2934
3260
3552
3353
2830
2024
673
-713
-1659
-2510
-3176
-3342
-3346
-3313
-3095
-3121
-3495
-3666
-3668
-3672
-3304
-2532
-1665
-636
401
1134
1682
2083
2151
2016
1897
1690
1513
1515
1443
1244
1140
1061
703
65
-605
-1116
-1405
-1699
-2158
-2547
-2672
-2720
-3001
-3430
-3670
-3593
-3284
-2834
-2230
-1281
279
2086
3423
4404
5235
5590
5452
5208
4893
4638
4818
5034
5002
5100
4957
4050
2892
1697
122
-1459
-2676
-3835
-4687
-4988
-5365
-5858
-6052
-6214
-6384
-6224
-6030
-5775
-4808
-3471
-2455
-1399
-183
762
1514
2081
2240
2433
2934
3069
2834
2862
2800
2263
1663
1058
326
-216
-606
-1154
-1465
-1325
-1320
-1535
-1649
-1702
-1730
-1717
-1817
-1842
-1341
-614
-147
354
1154
2211
3407
4360
4900
5273
5514
5354
4861
4304
3868
3816
3934
3723
3285
2961
2536
1586
269
-1005
-2090
-3062
-3969
-4654
-5009
-5197
-5407
-5652
-5832
-5897
-5784
-5436
-4986
-4440
-3597
-2513
-1537
-853
-191
599
1327
1797
2110
2616
3374
3931
4014
3999
4069
3873
3398
2860
2363
2109
1925
1420
773
413
69
-628
-1405
-1960
-2297
-2523
-2728
-2830
-2638
-2223
-1866
-1607
-1143
-203
989
1968
2678
3267
3636
3737
3592
3260
3202
3590
3845
3744
3641
3440
2791
1783
510
-936
-2151
-3125
-4142
-4990
-5451
-5800
-6162
-6437
-6707
-6793
-6399
-5772
-5176
-4310
-3013
-1637
-411
668
1563
2425
3315
3875
4108
4522
5117
5377
5203
4815
4306
3693
2902
1920
1138
806
468
-186
-831
-1304
-1808
-2455
-3178
-3764
-4041
-4076
-4007
-3849
-3619
-3216
-2670
-2269
-1883
-994
385
1774
2864
3612
4138
4528
4521
4101
3944
4241
4478
4504
4445
4139
3552
2770
1666
360
-710
-1492
-2120
-2589
-3042
-3543
-3925
-4324
-4990
-5551
-5622
-5405
-4994
-4310
-3454
-2453
-1341
-427
190
847
1574
2153
2652
3156
3626
4136
4604
4687
4326
3890
3458
2843
2094
1423
972
642
199
-523
-1288
-1814
-2334
-3035
-3621
-3853
-3924
-4006
-4048
-4092
-4057
-3769
-3351
-2738
-1608
-47
1559
2973
3997
4596
5006
5166
4989
4932
5245
5588
5716
5635
5232
4524
3579
2237
770
-353
-1262
-2119
-2776
-3404
-4172
-4854
-5469
-6225
-6843
-7014
-6861
-6485
-5873
-5100
-4163
-3080
-2112
-1328
-425
642
1677
2624
3448
4092
4632
5091
5280
5114
4831
4610
4309
3809
3189
2636
2209
1687
782
-253
-931
-1423
-2136
-2870
-3312
-3633
-4015
-4453
-4905
-5093
-4864
-4534
-4114
-3202
-1903
-646
454
1321
1853
2255
2669
2975
3367
4129
5025
5732
6174
6233
5835
5175
4268
3049
1896
1055
238
-683
-1584
-2566
-3684
-4729
-5646
-6431
-6873
-6920
-6674
-6195
-5610
-5028
-4375
-3647
-2956
-2194
-1173
28
1290
2553
3730
4741
5482
6020
6475
6730
6672
6444
6181
5719
4978
4119
3218
2239
1198
156
-847
-1771
-2660
-3567
-4424
-5232
-6037
-6662
-6945
-7014
-6906
-6384
-5465
-4424
-3245
-1931
-745
246
1205
2086
2881
3788
4764
5647
6421
6953
7091
6953
6588
5906
5064
4299
3542
2761
2023
1215
240
-800
-1877
-3028
-4073
-4825
-5380
-5810
-5986
-5985
-5979
-5880
-5596
-5220
-4666
-3838
-2883
-1829
-673
382
1283
2105
2800
3460
4178
4772
5148
5506
5765
5633
5209
4698
4072
3295
2421
1555
775
27
-887
-1968
-3016
-4049
-5137
-6031
-6507
-6699
-6655
-6199
-5440
-4597
-3621
-2579
-1687
-877
-9
863
1752
2765
3834
4857
5726
6306
6605
6723
6654
6339
5861
5362
4783
4026
3124
2092
912
-389
-1687
-2927
-4060
-4980
-5661
-6169
-6532
-6735
-6839
-6786
-6509
-6046
-5429
-4605
-3612
-2572
-1565
-637
250
1128
1974
2798
3605
4351
4984
5443
5648
5611
5377
4923
4322
3668
2945
2221
1631
1064
376
-355
-1057
-1789
-2538
-3189
-3651
-3884
-3892
-3763
-3481
-3014
-2586
-2301
-1989
-1603
-1271
-845
-149
711
1612
2475
3163
3658
3983
4104
4054
3956
3848
3677
3466
3171
2725
2113
1395
649
-145
-934
-1581
-2084
-2507
-2943
-3375
-3775
-4121
-4433
-4643
-4631
-4413
-4041
-3557
-2946
-2263
-1602
-950
-278
455
1253
1992
2646
3287
3878
4271
4439
4527
4490
4268
3958
3492
2914
2345
1711
966
284
-379
-1157
-1864
-2458
-3058
-3594
-3956
-4177
-4238
-4123
-3884
-3593
-3176
-2772
-2476
-2046
-1513
-940
-225
720
1655
2470
3213
3719
4054
4225
4190
4110
4067
3905
3558
3246
2861
2208
1490
799
54
-642
-1226
-1782
-2291
-2724
-3155
-3591
-3892
-4102
-4208
-4065
-3788
-3454
-2981
-2419
-1897
-1363
-784
-170
527
1201
1728
2265
2779
3022
3144
3230
3234
3060
2782
2477
2028
1490
825
176
-448
-1117
-1677
-2096
-2351
-2701
-3000
-3050
-3168
-3182
-3075
-2798
-2354
-1842
-1292
-784
-174
271
809
1447
1928
2479
3162
3787
4142
4357
4457
4339
4035
3613
3203
2844
2473
2032
1541
1047
486
-163
-787
-1351
-1909
-2400
-2751
-3036
-3283
-3413
-3433
-3373
-3206
-2968
-2622
-2159
-1708
-1251
-786
-394
-27
349
625
853
1088
1222
1327
1478
1517
1443
1426
1405
1311
1133
903
727
611
328
1
-93
-238
-460
-428
-508
-780
-837
-818
-947
-1247
-1238
-1182
-1209
-1035
-852
-555
-121
289
318
574
983
863
888
1200
1338
1433
1745
1896
1814
1863
1708
1277
982
732
354
0
-212
-529
-893
-1177
-1518
-1783
-1961
-2101
-2143
-2010
-1845
-1743
-1463
-1164
-1015
-781
-482
-289
-114
92
279
402
516
667
788
890
975
1041
968
922
871
630
451
411
226
-42
-16
-15
-259
-354
-303
-426
-512
-468
-539
-431
-296
-396
-497
-231
-211
-612
-498
-252
-364
-377
-122
-5
302
632
561
670
959
673
280
328
240
25
176
453
608
843
1033
1024
1071
1122
843
708
835
721
561
623
648
524
519
429
167
123
24
-201
-373
-493
-575
-639
-615
-699
-658
-488
-455
-375
-471
-430
-340
-502
-451
-482
-469
-396
-338
-446
-768
-446
-609
-916
-683
-681
-474
-424
-226
-193
14
378
-93
156
620
295
29
315
760
214
70
449
260
302
50
-104
315
435
-46
-237
382
154
-489
-217
-127
-285
-260
-199
-27
141
287
336
584
764
652
872
955
736
679
716
619
353
400
362
60
1
-129
-402
-624
-671
-894
-1146
-1082
-1096
-1107
-1197
-1182
-877
-1199
-1214
-702
-990
-836
-359
-170
-285
-81
441
271
521
496
537
815
798
712
211
881
1003
-37
307
608
65
-272
208
66
-495
175
64
-176
152
81
181
350
385
189
640
765
360
653
661
477
410
374
331
325
384
182
148
297
29
-201
-95
-127
-438
-325
-243
-541
-469
-404
-527
-561
-484
-447
-362
-235
-348
-364
59
-43
-223
81
106
216
135
162
299
385
237
-6
733
358
-282
403
718
-118
-245
623
219
-301
82
216
-139
-142
20
-282
-201
-281
-773
-457
-341
-1101
-992
-6
-756
-1186
130
208
-693
-52
785
113
113
591
521
613
626
320
770
1238
311
555
1326
611
231
769
815
31
253
515
-112
-191
-150
-421
-571
-422
-612
-657
-386
-507
-282
-373
-296
-110
-301
-296
-91
-301
-495
130
-214
-823
-1
-87
-989
-337
-449
-699
-481
-498
-934
-543
-42
-984
-538
-81
-419
-450
-195
125
-331
216
784
-121
408
963
55
448
747
140
138
943
248
-335
955
357
-40
348
291
-7
0
366
-212
-157
520
255
-60
368
517
397
158
611
348
166
565
289
311
168
257
356
-24
-159
70
-355
-250
-7
-419
-597
403
-177
-1042
650
-299
-535
400
141
-533
728
668
-745
1018
261
-194
670
219
-207
651
702
-282
172
711
176
-279
-307
416
-278
-955
269
-440
-761
455
-206
-1119
961
48
-1324
939
187
-1142
539
663
-970
13
545
-361
277
-361
136
668
-564
171
91
-196
-90
-215
-613
-43
-113
-774
3
172
-204
-315
256
121
-110
15
-22
-451
215
-83
-1136
-61
18
-646
-579
107
-542
-487
283
-1094
-502
439
-1054
-979
699
-654
-1096
883
65
-726
954
335
-47
507
385
569
78
431
480
470
424
173
319
548
557
-548
391
1230
-782
445
792
-301
255
238
-141
-380
920
-590
-796
1399
-693
-840
727
-28
-1136
365
654
-1721
601
1132
-1589
24
1539
-1071
-451
1443
-842
-334
1391
-870
-346
1521
-445
-741
1164
116
-1062
816
94
-997
131
501
-1203
-107
820
-1025
-89
770
-325
-391
1095
56
-392
1066
684
-365
768
1294
-48
429
1276
278
232
1072
118
517
523
-181
237
528
-432
-875
657
-674
-1065
-240
-641
-1077
-427
-563
-1637
241
-695
-1551
275
-318
-981
21
241
-270
159
356
270
300
481
360
427
70
354
399
-67
-166
73
166
-532
-294
-344
209
-611
-441
281
-152
-694
-22
402
-936
175
320
-428
812
106
-193
1161
911
-600
289
1512
-139
-303
201
810
-285
-378
259
-496
183
-393
-757
57
-510
-1045
-167
-290
-1454
-280
48
-1248
-564
30
-577
-551
198
-661
218
144
-584
576
181
0
8
702
203
-78
623
157
544
244
177
674
499
6
483
882
-355
-65
1374
-170
-774
999
192
-259
347
-365
82
824
-1030
-117
482
31
-686
219
469
-584
176
-184
116
175
58
-244
643
423
-276
512
393
-335
646
-155
-444
861
-759
374
-73
-146
226
101
-223
-507
934
-256
-882
532
544
-985
649
-86
-187
400
477
-452
-132
1877
-1588
661
1143
-826
523
748
157
-699
1874
-580
-759
2291
-1233
-700
1218
-744
-711
83
-708
-899
209
-681
-1596
371
-584
-704
-839
-205
38
-1471
568
-348
-751
283
-451
-73
131
56
-85
-107
1254
34
-451
1132
399
291
471
186
360
1247
-685
572
786
-290
601
-40
82
92
775
-1708
1067
472
-1802
952
-593
-272
-442
231
-776
-723
872
-1138
-649
279
-834
-533
-58
-479
-644
-354
-115
-557
-178
-808
-477
353
-917
-451
-479
-508
640
-1335
61
245
-278
467
-468
418
-230
937
-444
-66
1537
-933
866
715
183
23
1087
603
-454
1581
-303
563
1158
-433
831
885
361
150
1152
473
-176
1597
-327
800
615
459
755
-160
1774
-607
548
465
182
-2
-677
940
-1327
453
-648
-764
224
-1036
82
-1180
21
-519
-722
-222
-817
332
-944
-576
626
-622
-355
43
300
-147
-348
687
-237
61
548
-293
-196
775
34
-992
1104
-232
-536
780
-652
-51
164
-408
-513
1
-70
-671
11
-12
-96
-603
125
385
-959
617
249
-788
997
169
-375
213
1041
-186
-584
2020
-781
44
1546
-495
78
1061
170
-762
1370
-304
-470
776
-870
491
-436
-624
430
-1007
152
-808
-476
233
-1311
78
-562
-334
-675
-457
-361
-665
246
-1104
42
-289
25
127
-1289
1062
-104
-541
223
-470
156
-247
-586
-402
-163
-368
-497
-408
-522
96
-802
-381
59
-175
-533
-231
836
-815
286
978
130
725
1571
4
1531
1903
-334
2233
1256
342
2074
1192
5
1564
1820
-884
1086
1548
-981
921
454
-409
166
22
-464
-152
-153
-1261
293
-430
-1151
603
-1053
-739
979
-1251
-897
1182
-1425
-61
858
-2071
529
257
-733
-912
488
-259
-1152
686
-1854
370
502
-2596
550
252
-1285
-814
100
53
-1065
944
-1485
734
1247
-1921
1637
51
189
462
739
740
-847
2746
-340
413
1442
-65
1531
15
1035
-73
1164
950
-884
1621
124
-69
670
463
10
-652
1428
-388
-1038
305
307
-786
-1083
556
-1268
86
-517
-1569
484
-459
-1292
-949
568
-1433
-731
20
-1045
-129
-660
-599
-135
-88
-1333
273
408
-1447
118
711
-780
-1068
1962
-1373
-847
1596
-1128
-235
228
49
-932
1325
-1180
-741
1722
-1111
-640
343
798
-977
63
716
-739
721
275
-527
674
622
-406
470
1116
-380
494
1220
-182
813
191
730
563
-11
1019
-110
749
31
504
-111
126
488
-559
704
-635
253
179
-770
637
-778
-59
-19
-29
-430
-810
1412
-940
-230
742
-668
494
661
-650
-552
2024
-380
-1361
1243
697
-808
176
982
-769
769
162
-408
-235
769
-417
-980
672
-97
-700
-524
814
-774
-331
492
12
-278
171
580
37
-10
947
-21
118
1106
-320
693
-16
1185
-172
829
336
-364
2014
-1354
915
-257
315
362
-748
162
-606
492
-624
-765
-517
481
-786
-1344
362
-533
-850
17
-642
-336
-108
-454
-135
37
-585
108
46
-933
840
-586
-972
860
-277
-1402
502
159
-1903
1140
-403
-1545
1189
-1159
-438
590
-1243
-290
332
-55
-1382
1074
-368
-755
1695
-1478
321
1054
-210
-673
983
795
-826
496
680
-86
260
285
147
323
-148
950
-1245
558
1016
-1306
523
419
-51
-793
1607
-1169
-560
2230
-1738
-184
1158
-138
-957
789
819
-1912
2016
199
-2489
2866
-247
-1688
902
1477
-1469
-558
2382
-1836
660
648
-819
594
462
-252
-830
1697
225
-1755
1791
460
-1128
1268
-359
367
463
-93
-566
948
362
-1329
944
415
-764
-43
641
-685
26
339
-149
-398
568
440
-1148
697
1225
-1453
366
1576
-1121
548
604
11
-474
1281
-101
-1505
2339
-930
-1020
1173
-379
-812
134
592
-1552
581
268
-1753
1030
-618
-779
131
235
-943
-475
1371
-1757
544
330
-597
48
123
389
-1513
1328
47
-1564
1330
-59
-919
685
-161
-419
-289
735
-942
-743
1481
-1449
-465
1090
-1464
-144
1186
-1694
109
725
-483
-846
801
386
-1691
2125
-841
-196
774
-162
349
-464
1288
-443
-397
1205
-126
-316
288
460
97
-1231
1790
-1297
-592
1666
-1326
-468
775
-435
-1239
1402
-872
-1184
1558
-1017
-1077
1617
-1214
-112
1054
-1173
742
-183
342
-103
415
700
-416
741
-1
552
136
-213
1315
-869
329
880
-1250
769
-470
544
-1057
285
407
-1548
1385
-1232
43
306
-622
359
-679
276
327
-454
277
199
225
340
-33
457
275
919
-766
1049
1074
-1570
1676
388
-1238
1285
496
-1154
805
1340
-1928
347
2041
-2049
-128
1852
-1245
-661
1667
-1002
-431
1422
-471
-616
1282
370
-1251
1377
421
-399
516
153
122
22
923
-1137
538
919
-1061
-294
881
-608
-993
996
-1083
-836
217
-504
-1189
-26
-291
-1212
43
-652
-584
-247
-565
139
-1416
650
-159
-1312
1084
-770
396
-486
697
-762
839
422
-1554
2381
-1244
171
541
79
-504
439
806
-1623
1041
312
-1330
972
-395
-397
107
-34
-74
-1256
1655
-1638
736
178
-1366
1706
-708
-169
12
1617
-1386
339
1357
-1202
710
708
-973
875
662
-1227
852
74
-190
-558
961
-1049
-8
613
-1329
555
-556
71
-451
-505
952
-1152
273
429
-509
644
-546
1054
-542
734
391
-289
1209
-149
754
-365
1254
-151
341
894
-627
1056
45
-212
664
34
-333
384
679
-1323
148
1457
-2090
958
-313
-492
386
-295
-9
-785
1781
-2419
1334
796
-2691
2379
-261
-1156
33
1950
-2054
-229
3074
-3725
1240
1551
-2054
67
847
256
-2256
2069
-594
-1411
2079
-1953
804
214
-858
482
284
-298
-486
1640
-1254
-117
2010
-1734
340
1887
-1689
608
1307
-871
-254
1266
-322
-863
1458
-941
175
165
-316
-511
185
467
-1754
734
-266
-303
-1464
1211
-517
-2296
2867
-2279
-782
1496
-423
-1756
749
1408
-3083
1877
505
-2237
1564
1001
-2092
326
2048
-1724
32
1261
-993
-333
1814
-1587
-535
2194
-1258
-657
955
-111
-1081
1096
-203
-1321
1119
449
-1797
761
914
-1465
198
1515
-1659
96
1796
-1844
589
534
-531
174
662
-509
-531
1837
-1616
435
525
-910
1291
-1061
-13
530
220
-732
0
1181
-1011
364
485
-815
1058
186
-733
520
1295
-836
-197
1740
-702
153
965
-183
244
691
299
-868
1912
-497
-749
1661
-819
794
-1046
1153
211
-1791
1616
-331
-1380
1291
-311
-1287
477
1108
-2859
732
2290
-4796
3109
-319
-2509
1833
-494
-770
-309
1378
-1897
531
1199
-2371
1453
457
-1441
536
761
-834
-407
1712
-1732
492
923
-1041
354
41
889
-1648
1545
68
-1228
1570
-3
-523
-366
2264
-1687
-128
2352
-2077
1137
866
-1350
731
1127
-1014
-404
1865
-1186
-614
1464
-897
-2
150
-317
-185
-228
-22
-1044
917
-1380
598
-300
-1497
1888
-2016
179
188
-481
-314
-233
638
-1488
993
-634
-78
112
-365
593
-924
788
-471
302
-595
434
392
-1340
1156
-366
-97
-248
834
-847
-174
1111
-1063
171
342
162
-795
853
-254
-383
609
83
-406
291
756
-1103
869
118
-51
174
135
189
79
268
-189
374
9
317
-453
377
518
-355
-89
638
-80
-502
597
52
-306
141
616
-1055
415
893
-1445
795
588
-941
487
343
-383
-23
1092
-1087
372
1286
-1742
969
953
-1156
486
948
-684
-240
1231
-677
-725
2146
-1526
-630
2204
-1900
-9
1266
-1250
337
322
-369
-824
1148
-479
-1136
1639
-917
-452
1096
-1037
84
930
-1003
494
-242
614
-585
64
534
-481
438
-610
656
-170
-844
1264
-405
-1097
1326
-839
-220
419
-398
-816
897
-5
-1599
626
737
-1356
-81
1050
-1503
768
279
-1345
746
396
-674
-995
2149
-1318
-1134
2676
-1967
-218
1588
-833
-1528
2394
-871
-1675
1955
-575
-830
112
810
-1101
102
638
-897
66
626
-916
329
346
-567
501
-352
734
-631
859
-528
324
1015
-1812
2185
-1009
417
381
-926
1956
-1972
1355
125
-888
1006
-555
362
-974
1438
-929
-324
1214
-1457
813
-295
-279
-51
583
-591
-34
503
-622
342
-195
347
-750
909
-370
23
29
76
455
-1281
1869
-1360
-123
1389
-680
-675
1038
297
-1733
1960
-655
-827
1366
-197
-1015
1253
-115
-700
969
-277
-7
-78
978
-841
165
1565
-1682
1089
420
-700
637
-35
401
-391
502
323
-650
795
-242
87
132
-323
558
-725
489
-466
80
145
-374
-45
-25
-52
-162
-631
347
169
-1258
753
-315
-415
-146
278
-850
137
830
-1644
366
1223
-1695
51
1127
-775
-620
881
71
-1551
2130
-1643
386
1013
-1826
1611
-1314
1048
-593
-509
1201
-1000
828
-1338
1250
-597
-165
534
-1286
1710
-844
-340
440
188
-615
478
-19
-369
424
195
-363
-325
1397
-1727
1226
-152
-710
783
-400
280
-614
1105
-1322
1126
-253
-824
1050
-495
70
-494
1019
-1033
51
905
-1187
486
210
-193
-299
170
656
-1171
1054
-570
103
789
-1434
1619
-982
330
591
-969
746
-74
389
-974
1038
218
-1083
1212
-912
1146
-1175
704
254
-770
653
-610
1040
-1411
1634
-1134
227
1118
-1552
680
418
-119
-490
577
93
-624
1283
-827
-640
2548
-2022
192
932
-36
-659
438
798
-1227
1023
-369
203
-125
-86
691
-833
-124
1344
-1733
633
661
-967
204
-73
623
-1525
1399
-658
-406
1028
-1276
623
168
-773
337
540
-730
109
444
-11
-864
865
-23
-980
1157
-762
95
141
-268
393
-872
736
-425
-260
39
-143
461
-1121
481
364
-785
-1
271
121
-570
-228
1065
-1437
787
47
-594
736
-573
279
-773
1512
-1272
300
391
-309
719
-1103
435
630
-213
-868
948
-139
72
-397
63
592
-717
364
-262
343
-570
724
-367
-653
1073
-435
-415
11
923
-1141
145
748
-371
-715
904
-57
-1090
1285
-506
-612
845
116
-1207
721
368
-579
-138
838
-993
623
167
-906
658
74
294
-1208
1176
107
-817
454
364
-136
-445
957
-21
-1163
1872
-269
-1641
2474
-818
-818
903
1142
-1687
401
1943
-2336
1298
300
-645
531
133
79
-540
616
116
-447
373
-198
666
-855
258
847
-1519
1153
-194
-490
156
687
-940
-185
1671
-1947
534
751
-964
71
296
75
-938
908
-690
108
-229
405
-70
-1173
1730
-1244
-326
360
838
-1529
440
1293
-1864
572
908
-1140
35
1351
-1244
-415
1423
-636
-910
1186
-189
-769
650
239
-780
352
572
-830
-226
919
-620
-592
1028
-267
-1182
1623
-863
-772
1471
-989
-267
260
824
-1775
1066
299
-1074
171
785
-1051
67
1191
-1734
754
347
-208
-1386
1931
-467
-1685
2250
-1148
-397
1054
-395
-726
979
298
-1392
960
537
-980
169
1061
-1254
608
482
-858
865
-742
961
-1081
1090
-296
-726
1409
-1081
950
-1209
1439
-509
-389
638
-376
701
-929
1067
-883
921
-465
-217
1081
-1389
1280
-594
-67
136
700
-1114
320
1403
-2291
1140
888
-1107
-795
2649
-2064
-499
2435
-2366
806
780
-578
-1053
1912
-665
-1706
2562
-1112
-898
1443
-393
-849
717
644
-1404
811
409
-740
-112
691
214
-1580
1744
-178
-1337
1122
461
-1165
386
1247
-1714
458
1656
-2254
765
1249
-1289
-241
910
272
-1780
1755
-333
-883
789
-113
-574
243
671
-1275
412
786
-918
-200
820
-705
378
-566
655
-411
-148
324
-308
99
-454
795
-788
278
283
-667
381
42
-547
-98
830
-471
-1465
2579
-1487
-1141
1849
-943
-425
14
1269
-2498
1708
453
-2290
1696
-127
-432
-824
1689
-1096
-338
1309
-974
-71
668
-49
-892
899
523
-1570
1261
400
-1655
1569
-24
-1015
617
1356
-2172
792
1783
-2380
848
1138
-1302
296
754
-615
-206
944
-118
-1043
1570
-723
-82
367
34
-98
-4
485
-1114
1412
-555
-617
931
271
-966
-142
1667
-1792
473
530
-578
-227
742
-483
-889
2213
-2350
742
764
-1060
331
-112
670
-1643
1890
-1166
-355
1872
-1923
963
-246
233
-513
251
892
-1407
941
-48
277
-915
873
735
-1409
715
600
-851
-165
2098
-2486
947
1404
-2025
377
1701
-1100
-967
2815
-2362
252
1140
-1120
544
-204
844
-1943
2053
-729
-1213
1764
-1058
736
-1777
2191
-1384
-449
1584
-1830
1132
-817
865
-1436
961
391
-1532
1051
-270
-85
-650
554
-187
-322
159
-335
328
-225
-768
867
-539
154
-15
-364
319
-120
-331
-268
1001
-789
18
182
-46
-295
393
-391
26
1106
-1797
1017
155
-436
12
332
194
-895
1114
-765
93
892
-1002
673
-11
-515
603
-97
124
-369
1029
-758
-352
1513
-1346
481
565
-109
-744
928
202
-1239
1485
-521
-202
156
649
-736
-48
1033
-1019
398
-249
515
-790
600
127
-1259
1741
-897
-426
848
-86
-718
606
216
-1027
1108
2
-808
341
856
-713
-348
791
86
-721
357
426
-602
565
-251
219
-83
-163
263
-18
-87
-9
308
-522
488
13
-657
730
-40
-445
72
13
478
-847
579
-261
-310
875
-1412
1071
-438
31
86
-220
262
-796
1366
-1246
202
276
-14
-160
-709
1234
-958
94
506
-652
210
149
-117
-296
131
51
-67
-256
362
-264
-355
585
-225
-229
38
264
36
-477
325
57
-231
166
-181
126
-134
290
-190
-76
151
-32
-58
-79
107
96
-101
-58
193
-386
737
-919
461
380
-802
652
-226
27
53
-99
151
-4
-605
1176
-1109
173
1167
-1772
1186
-223
85
-788
1063
-290
-1022
2093
-2224
1503
-190
-433
240
244
-11
-1088
2167
-1965
617
869
-906
-241
1184
-578
-1029
1986
-1209
-262
1052
-859
409
-87
164
-128
-407
948
-667
579
-865
1207
-941
206
637
-1439
2018
-1402
534
-485
767
-400
-628
1703
-1804
1043
-96
-357
-265
933
-333
-975
1435
-1146
498
36
-140
-125
224
177
-782
789
-788
1048
-433
-503
491
82
325
-1228
1469
-584
6
150
-368
384
-17
477
-1296
1010
356
-892
407
326
-861
1128
-826
-575
1342
-914
222
-532
1117
-1258
647
4
-397
609
-869
627
-951
1349
-1013
32
359
187
-562
-441
1316
-1263
754
-476
-90
332
-24
-270
-321
924
-624
-349
419
-68
-206
543
-563
-49
524
-387
-94
-38
385
-172
-373
733
-748
260
728
-1127
283
564
-223
-904
1362
-684
-397
1410
-1242
10
826
-358
-740
1081
-659
119
295
-195
-458
848
-149
-1021
1221
-417
-118
-351
780
-541
-232
1161
-1289
329
770
-1097
712
-396
851
-813
118
940
-1424
1306
-583
297
35
-325
442
-557
756
-181
-485
1003
-837
41
619
-978
1044
-690
266
168
-751
1251
-1254
1001
-325
-220
274
-305
774
-1278
915
192
-664
563
-567
807
-137
-667
934
-335
-77
-22
716
-918
518
759
-1180
417
744
-781
-73
910
-1083
398
800
-1002
-128
1128
-1057
218
259
-73
-524
766
-179
-1120
1625
-912
-142
-261
993
-759
-656
1704
-1728
1269
-782
-163
433
-919
1474
-2230
1474
-407
-695
986
-1594
1912
-1676
887
-500
-762
1352
-1408
950
-772
495
-173
46
305
-793
649
434
-843
-131
1101
-1162
940
-37
-518
410
166
-235
-461
935
-821
417
218
-514
514
-95
-160
224
-198
-313
126
334
-511
534
-247
-324
951
-939
608
-548
514
-463
179
307
-797
1122
-944
738
-356
20
-50
88
242
-404
380
-149
30
-121
623
-1050
846
128
-1095
1233
-449
-30
258
96
20
-121
349
-568
324
535
-813
407
237
145
408
-188
-424
545
512
-673
-542
1085
-181
-256
965
-975
213
950
-432
-479
529
-170
-284
379
-99
-352
646
-204
-288
379
87
-442
139
-16
-340
688
-637
167
-305
680
36
-771
720
-683
151
307
-499
-308
105
828
-566
-353
372
-541
237
182
-769
-27
638
-680
-143
136
-143
52
-238
-89
-240
68
-31
11
109
-82
-270
200
-297
-231
-273
533
-135
-200
532
-791
1413
14
-392
230
-585
-210
-266
-54
-300
345
85
470
212
-570
452
-125
-42
212
-651
-192
92
90
504
-162
26
718
145
-68
260
-629
169
449
-407
-364
213
129
-189
362
-169
116
20
129
151
-161
130
111
-83
-617
650
-602
-559
725
-152
712
-94
-116
176
-359
249
-393
31
-455
295
843
-1238
868
683
-356
225
491
-455
-619
552
-431
169
290
172
-292
721
-299
-167
387
-843
402
-462
-130
259
131
-60
-156
677
-43
-891
294
481
-618
192
422
-550
205
459
-136
-374
495
526
-857
358
221
-611
496
31
-119
128
212
-214
-157
304
-222
152
385
-509
-213
727
-682
-339
607
-230
-527
385
284
-972
360
924
-1152
28
806
-1058
-90
471
-298
-589
897
156
-1146
743
363
-881
77
349
-862
278
737
-1023
93
660
-475
-341
623
-320
-813
1334
-252
-1075
915
189
-643
233
490
-994
320
837
-1158
256
798
-388
-558
684
247
-1034
429
159
-569
298
207
-166
-6
405
-401
-231
840
-391
-413
391
152
-471
-186
335
118
322
-192
-257
167
156
-211
-50
428
12
-132
-50
172
12
-147
663
-232
-77
237
-234
440
83
-46
-142
135
-177
-145
224
-38
561
-148
-12
89
-127
-132
-46
479
-675
99
348
-236
66
315
174
-356
392
-241
-401
340
134
-222
197
140
-154
80
-302
291
-10
-90
25
-92
159
-557
495
498
-568
322
152
-308
-209
107
-127
-105
469
-21
-363
264
253
-342
-34
258
-101
-541
45
301
-135
-217
376
-1
-85
-102
-64
69
-148
420
-566
-112
252
-38
-59
-161
311
87
-192
-155
69
-140
-96
-22
23
-244
31
398
-360
-83
451
-210
-551
151
363
-608
-158
596
-440
-242
561
-149
-396
505
112
-793
102
380
-629
-89
451
-143
35
255
-106
-189
193
35
-369
124
16
-223
319
-125
22
150
-11
39
71
106
-420
78
404
-193
-214
291
66
-278
317
16
-386
372
290
-327
54
286
-282
74
283
-75
-99
181
-9
-83
-2
122
248
-195
267
14
11
-245
18
359
-371
450
-100
-93
265
-52
140
-249
300
-172
-52
123
-176
345
-197
255
-7
-173
76
-43
176
-287
316
-45
-253
241
-56
111
-133
206
-230
-115
323
-105
44
170
197
-308
160
-2
-348
273
12
-63
-6
101
-26
121
246
-200
-59
5
-267
-256
56
147
-136
268
19
-45
45
-204
-40
-280
116
-245
-167
196
-93
226
8
146
-42
-205
67
-304
-241
-92
166
-70
-25
258
-9
-54
51
-34
-300
35
-93
-240
31
58
-1
72
125
-68
65
-120
-226
-40
39
-147
27
69
-45
59
-166
33
-133
-25
-11
-16
118
-58
40
15
-41
77
-72
-134
120
52
-149
96
363
-132
2
241
-30
-235
38
-79
-119
244
-44
-98
209
250
-131
-6
33
-45
-18
-11
-108
3
333
-164
97
196
-41
29
86
85
-335
241
147
-356
248
190
-289
145
262
-289
15
264
-78
-184
261
152
-274
194
174
-139
29
174
-147
-125
321
-149
9
262
9
-54
149
26
-241
258
-77
-70
215
12
-60
125
211
-217
35
155
-145
-67
75
-71
-149
246
78
-215
84
130
-154
-55
77
-140
-30
116
-34
-199
129
113
-151
63
24
-68
-53
46
-185
-103
163
-132
-14
83
-91
-53
61
-60
-187
-17
25
-137
-77
-46
-129
3
20
-119
-29
95
1
-143
-60
-28
-184
-62
-76
-13
82
-2
69
-50
-13
-40
-73
-29
-60
51
-13
-57
10
45
-69
-17
6
-93
-35
37
-73
-18
38
30
-35
-69
-5
-44
-5
-60
-23
-27
41
52
-15
125
58
-24
8
-81
-101
12
-16
-24
195
84
47
165
34
-98
94
58
-97
67
87
57
112
103
47
102
66
43
23
-28
56
67
-13
105
113
-14
184
97
-69
57
16
-43
45
101
-16
171
159
-73
89
14
-149
66
50
-57
51
66
-7
59
76
24
-52
38
-18
-160
11
-89
6
27
34
71
-73
5
-15
-2
-54
-75
-11
-104
-2
-33
-78
88
-27
35
-33
-57
-79
-53
32
-58
34
24
-47
-43
-19
-75
-42
25
-51
-38
2
-28
-6
-36
0
-62
-86
-60
-68
-90
-22
-27
0
24
-70
59
-9
-29
-109
-49
-61
-131
57
-43
41
25
26
23
-117
70
-76
-90
42
-59
-23
-53
43
57
-46
89
-44
-50
-43
-45
51
-59
33
112
40
-46
10
-7
-133
-35
4
-75
13
159
81
-24
120
34
-147
-51
-14
-156
-82
133
12
92
171
116
51
0
-29
-131
-27
-85
-43
91
59
65
181
171
-50
110
16
-150
-56
-7
-52
-46
280
40
-38
227
16
-102
60
-7
-80
66
10
26
142
37
65
146
9
-29
52
4
-34
127
110
0
117
99
-10
46
43
41
-77
3
86
-137
66
82
-25
2
42
-16
-134
57
-30
-36
52
-39
-8
-24
49
-76
-24
54
-119
-22
-59
-25
-39
43
54
-97
18
-62
-100
-91
6
-3
-105
79
-14
-86
16
-1
-90
-113
5
-94
-118
15
30
-58
8
55
-107
-74
-25
-100
-82
-22
-46
3
69
-20
29
59
-44
-72
-8
-73
-98
89
4
-12
114
2
-24
35
-39
-91
-28
-100
-62
-38
-28
44
49
132
12
-21
-23
-140
-47
-27
-43
14
76
89
7
71
56
-129
-24
-1
-104
-54
7
56
40
90
44
-29
38
-69
-34
-8
-30
55
-9
82
53
51
89
-47
26
5
-88
-29
-21
20
112
110
103
83
35
3
-39
-36
-51
29
91
37
112
173
98
98
106
18
-4
-18
-86
-20
23
75
105
92
200
84
45
29
-29
-1
-90
48
43
-37
183
113
60
97
56
-19
-99
37
-64
-101
102
3
8
80
15
51
-56
-13
-65
-130
-26
-133
-46
25
20
22
3
24
-109
-110
-37
-144
-104
-21
-78
-104
13
-54
-85
34
-25
-78
-60
-65
-126
-158
-25
-61
-102
49
-15
-72
-20
-4
-95
-98
4
-107
-120
-2
-42
-66
27
9
-48
5
11
-88
-63
25
-51
-32
76
42
8
39
27
-18
-13
1
-71
-19
73
-8
91
112
36
59
50
22
-70
-30
9
5
73
99
101
123
107
40
32
-5
-12
-51
-5
43
-25
61
101
49
77
44
20
-17
-69
-18
-70
-13
24
0
105
65
26
22
-20
-20
-70
-44
0
-31
16
11
-14
48
-6
-2
32
16
-21
-17
20
-32
-14
94
21
17
92
-9
4
56
-10
-10
43
75
4
48
116
-10
56
81
-11
21
22
6
1
49
48
1
84
64
-23
22
25
-44
-27
11
-12
0
20
-2
8
24
24
-36
-4
25
-74
-18
-4
-45
-29
-18
-5
-47
-11
-16
-51
-1
-28
-61
-30
-47
-67
-62
-26
-35
-74
-26
-47
-78
-43
-70
-47
-55
-44
-87
-81
-18
-100
-83
-39
-54
-71
-19
-37
-56
10
-38
-28
-28
-9
-44
-46
24
-70
-13
10
-31
-19
4
34
-20
25
30
-32
17
36
-21
14
77
27
24
46
17
0
16
25
22
30
41
40
50
56
20
30
49
24
4
13
8
24
75
58
66
90
72
34
29
10
-20
9
4
6
24
66
49
53
75
15
-3
-7
-39
-54
-3
-25
-2
47
52
49
15
41
-6
-32
-2
-51
-38
19
18
11
41
86
17
-5
45
-12
-27
12
-10
-19
43
40
16
52
53
4
5
-4
-31
-30
-6
-7
-1
17
4
12
3
26
-11
-17
26
-30
-26
-9
-18
-16
1
25
-13
9
29
-25
-16
-7
-31
-33
-12
-20
-28
2
10
-18
-5
4
-26
-27
-29
-38
-28
-23
-18
-16
-3
13
-13
-22
-31
-59
-47
-71
-75
-37
-32
-24
-16
-6
-19
-49
-41
-68
-77
-50
-59
-47
-27
-1
-13
-17
11
-16
-45
-28
-53
-54
-10
-27
-9
26
31
27
16
24
-22
-14
-12
-23
18
19
47
58
58
47
25
37
10
-4
4
1
10
19
58
58
60
76
48
30
8
-10
-32
-2
6
13
42
52
52
56
45
15
0
-10
-7
-22
5
17
25
52
59
63
52
42
21
3
2
-10
-13
29
45
66
59
56
54
33
40
-11
-23
-5
-31
-14
3
24
42
37
37
-2
1
-24
-59
-35
-38
-30
-8
13
22
28
27
0
-19
-25
-61
-53
-36
-36
-15
10
19
7
12
-11
-35
-34
-54
-58
-37
-25
-16
5
26
6
5
-1
-29
-33
-49
-43
-30
-15
4
14
22
9
1
1
-27
-40
-45
-47
-15
-8
0
17
23
9
-11
-10
-44
-39
-28
-44
-26
-13
2
-5
10
-4
-29
-18
-24
-48
-47
-24
-27
-25
10
17
0
16
-3
-32
-33
-28
-42
-30
-7
-6
8
11
14
-5
-7
-9
-20
-24
-22
-7
-8
11
36
29
39
33
24
20
-12
-6
-13
-8
18
30
56
53
56
56
30
30
12
-8
8
12
26
35
43
58
54
64
49
29
30
8
22
10
20
32
23
46
32
26
18
11
2
0
15
10
15
34
30
22
32
12
-4
5
-5
-17
-2
7
-5
-1
11
-5
-12
-12
-34
-43
-25
-34
-23
-11
-15
-7
-3
-4
-21
-4
-2
-14
-6
-3
-16
-5
-6
-13
-2
2
4
-11
-5
-3
-24
-22
-17
-23
-17
-15
-11
-19
-14
-2
-13
-15
-7
-19
-14
-28
-15
-15
-18
3
0
10
11
4
-7
-12
-15
-20
-25
-13
8
9
3
11
10
-2
-7
-20
-36
-37
-32
-31
-22
-20
-3
5
-9
-10
-10
-19
-30
-29
-34
-38
-19
-17
-11
1
6
2
-11
-13
-20
-26
-20
-18
1
-3
-6
6
1
-2
4
5
-9
-7
7
-2
-3
13
23
24
37
38
28
32
24
20
15
30
35
24
38
42
47
44
35
37
29
26
23
17
31
26
32
39
38
41
35
27
22
15
13
12
6
19
12
24
22
26
22
11
17
9
4
-7
-5
1
5
4
16
5
6
14
4
-12
-9
-6
-19
-21
-15
-22
-17
0
-14
-16
-9
-20
-25
-22
-17
-21
-17
-18
-26
-27
-20
-21
-25
-14
-15
-14
-15
-18
-24
-17
-10
-25
-12
-12
-18
-20
-10
-13
-10
-17
-10
-11
-17
-9
-15
-14
-16
-5
-5
0
7
-3
-2
7
-13
-3
-2
-1
2
3
1
-6
7
3
-7
-2
-4
-6
-10
-8
-9
-2
8
6
6
0
-1
-13
-8
-14
-20
-15
-13
-10
-3
-4
2
4
1
-7
-16
-20
-23
-14
-5
-5
8
12
10
7
0
-1
-9
-1
-7
-12
-2
9
13
19
22
22
19
12
10
6
7
12
25
25
31
33
34
29
19
16
-3
3
3
8
12
27
25
33
33
21
18
12
15
19
21
23
26
36
31
30
32
21
12
9
5
-7
3
1
7
8
13
4
-3
-3
-6
-6
-10
-4
-7
-6
0
-2
-2
-6
-1
-14
-18
-19
-15
-21
-15
-15
-13
-18
-13
-18
-24
-14
-20
-12
-15
-10
-18
-9
-11
-13
-8
-9
-17
-19
-15
-21
-15
-9
-12
-8
-10
-17
-16
-23
-21
-14
-11
-3
-10
-2
-8
-7
-1
-11
-4
0
-3
-12
-2
-1
-2
2
-1
1
-1
3
-7
-12
-7
-11
-4
-11
-3
-4
2
-4
6
-2
2
3
5
7
2
9
10
13
5
13
5
10
-1
4
-41
40
31
-62
-6
4
9
-47
-12
18
14
16
-30
-1
15
-3
-27
-11
29
1
-25
25
20
3
4
13
7
-7
-6
1
-3
-8
6
13
16
9
19
22
9
16
29
19
23
29
25
21
27
33
15
20
25
14
14
23
21
15
16
20
16
7
15
7
7
6
15
15
11
17
10
7
6
4
-7
-6
-3
0
-7
1
0
-4
-1
-2
-5
-15
-15
-15
-19
-19
-9
-8
-1
-1
-2
-1
-3
-14
-19
-15
-23
-19
-17
-15
-17
-10
-10
-16
-16
-19
-17
-22
-24
-24
-19
-15
-11
-14
-13
-13
-17
-18
-20
-18
-15
-13
-12
-5
-8
-6
-14
-10
-11
-15
-9
-6
-5
-4
2
-3
0
-2
0
-10
-1
-2
-3
2
2
4
5
14
9
9
6
4
2
2
6
6
9
6
6
9
5
7
5
5
9
1
7
3
6
4
-3
6
9
9
4
3
10
10
7
12
11
10
7
9
13
5
9
9
13
12
13
9
12
16
12
11
9
12
9
4
3
3
0
5
6
6
6
10
11
8
9
9
10
7
8
7
4
2
8
5
5
11
12
7
5
2
-3
0
3
3
3
9
10
9
10
10
11
5
4
3
-6
-4
-7
-5
-4
-6
-6
-10
-10
-14
-18
-20
-23
-17
-18
-17
-14
-11
-6
-9
-12
-14
-16
-20
-18
-21
-22
-16
-14
-16
-15
-13
-14
-13
-15
-15
-12
-9
-8
-10
-6
-3
-4
-3
-2
0
-3
-1
-2
-3
-3
-5
-5
-9
-8
-6
-7
-7
-5
-3
-3
0
1
1
7
10
10
5
8
5
3
5
5
10
8
11
8
5
4
3
-3
-5
-4
-4
-1
1
7
11
14
17
13
12
10
5
7
6
9
15
20
19
17
14
11
10
0
1
-3
-4
-3
2
3
6
8
9
6
8
9
3
5
2
2
0
6
3
-2
3
1
-5
-3
0
-1
4
5
6
2
2
3
-2
0
5
0
5
8
5
8
8
7
4
5
-1
-2
0
-1
-1
4
3
5
6
7
4
-1
1
-3
-3
-3
-6
-4
-2
1
-1
2
1
-4
-7
-9
-13
-17
-15
-16
-11
-9
-7
-6
-3
-8
-8
-10
-11
-15
-14
-11
-13
-10
-9
-8
-8
-9
-7
-7
-8
-7
-5
-5
-5
-3
-3
-3
1
-5
-2
0
-3
-3
-2
-2
-4
-2
-2
-3
-4
-2
-5
-3
0
-4
1
1
3
3
6
-1
-3
-2
-3
-1
-1
-3
-2
4
7
7
10
10
10
4
3
2
0
4
5
5
9
12
10
8
10
5
1
2
3
-1
1
2
-2
5
6
8
7
3
1
-3
-1
-2
-1
1
3
7
8
7
6
8
2
7
6
4
7
8
4
5
9
10
12
11
13
7
9
8
9
6
5
7
5
4
3
1
1
1
-3
-1
5
5
3
4
5
1
-1
0
-2
-1
0
0
4
2
1
2
-3
-4
-5
-8
-8
-8
-9
-7
-4
-5
-8
-5
-6
-12
-13
-12
-16
-20
-17
-17
-14
-11
-11
-11
-14
-16
-17
-17
-14
-13
-16
-14
-14
-10
-9
-7
-4
-3
-3
-1
0
-1
-3
-2
0
-1
1
1
0
-1
0
1
-2
1
2
1
4
7
9
10
12
11
10
9
10
9
10
10
7
8
7
6
5
6
3
2
3
2
0
0
2
-1
1
2
3
-1
3
3
1
2
4
5
3
4
3
5
4
5
3
2
-1
-2
-1
-3
-3
-2
-1
-1
0
2
2
1
2
1
2
4
2
1
1
2
1
3
4
3
1
3
3
3
0
0
1
1
1
-1
-1
0
-1
2
4
5
9
10
7
8
5
3
1
2
4
3
4
7
2
3
3
0
-2
-1
1
1
0
1
-1
3
6
3
7
5
5
2
3
1
-2
0
-2
-3
-1
-1
-4
-5
-5
-6
-7
-8
-11
-12
-12
-12
-14
-11
-10
-11
-10
-11
-12
-10
-14
-14
-14
-15
-13
-12
-12
-17
-14
-12
-12
-13
-11
-10
-9
-8
-7
-7
-5
-4
-5
-5
-2
0
-1
5
6
5
4
6
4
2
4
4
3
4
2
2
2
1
0
-2
-1
-2
3
4
2
4
6
8
8
9
11
12
13
12
9
9
8
4
6
8
9
11
12
11
9
10
12
13
13
14
15
14
13
15
16
16
15
15
16
17
13
11
13
11
8
7
4
4
4
1
-3
-2
-2
-3
-6
-4
-6
-6
-6
-5
-5
-6
-5
-10
-10
-7
-7
-8
-9
-9
-10
-6
-5
-9
-7
-7
-6
-6
-7
-8
-5
-3
-6
-5
-6
-8
-8
-9
-9
-11
-7
-7
-7
-6
-5
-7
-8
-7
-10
-11
-9
-7
-7
-5
-5
-3
-3
-2
-2
-5
-6
-4
-4
-4
-3
-2
-2
-3
-4
-6
-4
-4
-5
-3
-5
-5
-4
-4
-4
-1
0
0
1
2
0
-1
2
-2
1
3
3
1
4
3
0
2
4
3
3
4
4
4
7
7
7
9
9
8
6
6
2
3
4
2
3
2
3
3
3
3
4
7
6
7
9
10
11
11
10
13
13
12
11
12
8
7
5
4
5
4
5
5
3
5
5
4
7
9
8
9
10
10
7
6
3
4
2
0
-1
-2
0
-4
-6
-4
-6
-5
-6
-8
-6
-7
-6
-7
-6
-6
-7
-4
-4
-3
-5
-2
-4
-4
-4
-3
-5
-3
-5
-3
-5
-5
-3
-7
-4
-4
-6
-4
-3
-2
-4
-7
-4
-5
-5
-4
-3
-2
-4
-4
-7
-7
-8
-8
-9
-8
-8
-9
-11
-10
-9
-9
-7
-7
-8
-7
-4
-4
-2
-3
-3
-4
-6
-4
-7
-5
-4
-5
-4
-5
-3
-3
-1
1
-1
0
1
2
3
4
5
5
8
9
8
7
6
5
3
4
3
3
4
6
7
8
7
8
8
8
7
7
8
7
8
8
8
7
7
8
8
9
5
5
4
2
1
0
1
1
1
2
4
4
5
7
6
6
7
6
5
4
4
3
4
4
5
4
3
4
2
2
0
1
0
-2
0
-1
-2
2
2
1
3
4
3
2
3
2
2
3
4
4
3
3
3
4
3
1
-1
-1
-1
0
-2
-3
-1
0
-1
0
0
-1
-4
-5
-7
-6
-8
-11
-11
-14
-13
-13
-15
-13
-14
-13
-15
-14
-13
-14
-15
-15
-14
-15
-12
-12
-13
-10
-9
-11
-13
-11
-12
-13
-10
-8
-8
-6
-5
-4
-2
0
-1
0
-1
-2
0
-1
0
0
1
2
3
4
5
6
6
8
6
6
6
7
9
9
10
10
11
11
11
9
10
10
8
8
9
6
6
7
7
8
9
10
9
8
7
6
9
9
7
7
6
5
5
4
5
6
7
5
4
3
0
-4
-3
-2
-3
-2
0
0
0
0
1
0
1
-1
0
0
0
1
2
4
3
7
7
5
3
1
3
4
3
2
2
4
2
2
4
4
4
4
6
6
7
6
5
4
2
3
1
-1
0
0
0
2
2
0
-4
-6
-7
-9
-10
-9
-10
-11
-9
-9
-8
-8
-8
-10
-11
-12
-12
-12
-11
-12
-12
-9
-9
-11
-9
-11
-11
-13
-11
-11
-12
-11
-10
-10
-10
-10
-9
-7
-6
-5
-4
-3
-3
-2
0
2
1
2
2
2
2
1
0
-2
-3
-5
-5
-4
-3
-3
-2
-1
0
-2
0
0
-1
2
3
6
8
9
11
10
11
12
12
11
10
8
8
7
7
6
6
6
7
6
7
9
9
8
10
8
7
8
9
9
7
10
11
10
9
6
4
2
1
0
0
-1
-2
-2
-2
0
0
0
-2
-1
-2
-3
-2
1
0
0
2
3
4
5
4
2
3
3
3
2
3
4
2
2
3
2
3
6
3
3
5
4
5
6
7
7
4
5
3
2
2
1
0
0
-3
-4
-3
-4
-6
-5
-5
-6
-6
-5
-5
-4
-3
-2
-3
-4
-4
-5
-5
-7
-7
-7
-8
-9
-10
-9
-9
-10
-8
-8
-8
-8
-9
-11
-10
-10
-9
-9
-8
-8
-8
-7
-7
-10
-11
-11
-12
-14
-14
-13
-16
-16
-15
-15
-15
-14
-12
-10
-10
-7
-6
-7
-6
-5
-4
-2
1
2
3
3
5
6
7
8
9
10
11
11
10
12
12
13
13
14
15
15
15
15
13
13
15
15
13
14
13
12
12
12
10
10
12
10
11
9
9
11
11
11
9
11
11
8
6
6
7
6
5
6
5
4
4
2
0
-1
-3
-2
-4
-3
-4
-3
-3
-2
-1
-2
2
0
-1
-1
-1
-3
-4
-2
-4
-6
-4
-3
-4
-4
-3
0
-1
-1
-1
-1
-1
-1
0
-1
1
0
0
1
1
1
-2
1
-1
-4
-4
-6
-7
-8
-7
-6
-5
-4
-7
-4
-4
-3
-3
-5
-5
-4
-3
-2
-2
0
-3
-3
-1
-2
-5
-6
-4
-8
-10
-9
-10
-12
-10
-10
-10
-8
-8
-7
-7
-7
-6
-5
-6
-8
-8
-8
-8
-8
-7
-8
-6
-9
-11
-11
-10
-11
-11
-12
-13
-11
-8
-6
-5
-3
-4
-2
0
0
0
-1
-1
-1
1
1
1
1
2
3
3
5
7
7
8
9
10
11
11
10
13
16
16
18
18
17
18
19
19
19
15
16
15
15
16
15
17
19
21
21
20
20
18
19
18
14
14
14
13
14
14
13
10
9
8
7
6
4
2
2
0
0
1
-2
-2
-5
-3
-1
-3
-3
-6
-6
-7
-7
-8
-8
-7
-7
-7
-7
-6
-5
-8
-10
-11
-12
-13
-11
-10
-9
-9
-7
-6
-8
-9
-10
-12
-12
-12
-16
-16
-17
-17
-16
-15
-16
-17
-18
-18
-18
-17
-18
-15
-15
-15
-13
-11
-11
-9
-5
-5
-2
0
1
1
0
1
1
3
3
5
3
5
6
4
5
4
4
3
2
1
0
-4
-3
-2
-3
-2
-2
-2
-5
-4
-6
-7
-5
-5
-4
-2
1
1
3
3
3
4
5
4
2
5
6
5
5
7
8
9
10
9
7
7
6
5
6
7
8
7
7
11
10
11
13
11
10
11
10
9
8
6
4
4
5
5
7
7
8
10
10
10
12
10
8
10
10
12
12
12
11
11
15
15
15
15
13
12
11
11
8
6
6
4
3
5
4
2
0
0
1
1
0
0
-4
-2
-6
-9
-9
-8
-8
-8
-9
-7
-7
-7
-7
-10
-11
-14
-16
-17
-18
-17
-18
-17
-17
-18
-18
-18
-18
-20
-19
-19
-18
-20
-19
-18
-18
-15
-16
-16
-14
-12
-11
-11
-11
-11
-10
-10
-9
-10
-6
-5
-3
-2
0
1
0
2
1
1
1
2
3
4
5
5
7
8
11
10
11
9
9
7
8
8
5
6
6
5
5
6
6
6
5
4
6
6
5
5
5
7
6
5
5
6
5
4
3
4
3
1
1
1
-1
0
0
0
1
1
1
-1
-1
2
-2
-1
-1
0
-2
2
3
3
6
7
7
5
7
6
3
5
3
3
4
7
8
8
11
11
11
12
13
13
14
11
11
11
10
12
13
13
10
8
10
10
8
6
7
8
9
9
9
8
7
7
5
5
3
1
1
1
-3
-3
-1
-3
-2
-4
-4
-7
-9
-7
-10
-11
-11
-13
-13
-13
-11
-12
-10
-11
-13
-14
-15
-14
-17
-15
-16
-16
-17
-17
-16
-17
-15
-16
-15
-16
-15
-16
-17
-16
-16
-16
-14
-15
-16
-15
-16
-15
-16
-16
-14
-16
-14
-12
-11
-9
-8
-5
-5
-1
-1
0
2
3
2
2
5
7
7
8
7
9
8
10
10
10
7
9
10
11
11
10
13
16
17
18
19
16
14
13
12
10
10
11
9
11
10
11
10
9
9
8
9
8
5
4
4
4
3
4
5
6
6
9
9
6
6
5
3
2
3
3
1
2
1
2
2
4
2
0
0
0
2
3
5
5
5
7
10
8
9
10
9
7
7
10
6
8
7
7
6
5
5
6
6
6
6
4
5
6
5
6
5
3
3
2
0
-3
-5
-6
-7
-7
-8
-10
-10
-11
-10
-9
-9
-11
-12
-14
-14
-16
-17
-16
-19
-19
-18
-18
-18
-18
-19
-21
-18
-20
-21
-22
-24
-23
-23
-22
-21
-21
-17
-17
-18
-14
-14
-13
-11
-12
-12
-11
-8
-8
-5
-5
-4
-2
-1
-2
-2
-2
-2
0
2
6
5
6
9
10
9
8
11
11
10
8
10
11
12
15
12
16
16
15
13
13
13
12
12
14
13
13
15
15
17
17
18
16
15
14
10
10
8
7
6
5
6
6
5
6
6
4
5
2
3
4
3
4
4
4
3
6
8
6
5
5
5
4
1
1
0
-1
-2
0
1
0
2
1
1
2
4
3
0
2
1
2
4
5
4
6
9
8
8
7
5
2
4
4
4
1
3
5
1
2
2
0
-3
-2
-3
-5
-5
-6
-5
-5
-3
-4
-5
-7
-9
-10
-12
-13
-14
-15
-14
-14
-14
-15
-12
-12
-15
-14
-15
-17
-18
-18
-19
-20
-22
-19
-20
-19
-17
-17
-19
-15
-15
-16
-16
-17
-15
-17
-15
-14
-13
-11
-11
-10
-9
-10
-9
-9
-10
-8
-5
-3
-1
1
5
5
7
7
7
9
8
9
9
9
10
11
13
15
14
14
16
15
15
15
14
15
14
13
14
16
15
17
18
18
19
20
19
18
16
15
16
17
15
15
15
13
16
16
15
14
13
13
9
10
8
8
9
9
8
6
6
4
4
2
-1
-2
-4
-6
-7
-8
-8
-6
-4
-3
-3
-3
-4
-4
-5
-6
-6
-7
-7
-6
-6
-4
-3
-3
-2
-2
-2
-3
-3
-2
-4
-2
-3
-2
0
2
2
2
2
2
0
-2
-1
-1
-1
2
1
2
2
2
1
-1
-3
-3
-3
-6
-6
-7
-7
-6
-8
-7
-6
-6
-6
-5
-8
-8
-10
-13
-14
-15
-15
-16
-16
-15
-17
-17
-18
-20
-21
-19
-20
-18
-18
-18
-18
-15
-14
-15
-12
-12
-10
-9
-10
-9
-9
-7
-6
-3
-3
-2
3
3
2
2
2
4
3
3
4
5
6
6
7
6
8
7
8
10
8
10
10
9
9
9
11
10
9
12
12
16
15
16
16
16
16
16
17
17
16
14
17
16
18
16
19
18
17
17
18
17
18
19
18
20
19
17
17
16
16
13
13
11
9
6
3
-1
-2
0
-1
-2
-1
-2
-4
-5
-4
-7
-8
-8
-7
-6
-8
-7
-8
-8
-8
-8
-9
-10
-11
-12
-13
-14
-15
-14
-12
-12
-9
-10
-10
-8
-9
-7
-9
-9
-8
-8
-7
-9
-8
-9
-8
-9
-6
-6
-8
-6
-7
-8
-10
-8
-6
-6
-6
-5
-3
-3
-1
1
-1
-1
-2
-3
-1
-2
-1
-2
-3
-2
-5
-6
-8
-10
-9
-7
-7
-8
-7
-7
-8
-8
-7
-8
-7
-6
-5
-4
-4
-5
-4
-5
-5
-6
-6
-5
-6
-5
-3
-3
-3
-3
-2
-1
0
1
-1
1
0
1
3
2
2
3
4
5
6
9
7
7
6
7
9
10
11
8
9
9
11
12
13
14
16
17
15
17
15
18
18
19
18
19
20
19
17
18
18
18
19
18
20
20
18
18
18
16
15
14
13
14
12
11
10
8
6
3
0
-2
-5
-6
-7
-9
-11
-11
-9
-9
-10
-12
-12
-13
-17
-16
-14
-15
-17
-17
-17
-15
-15
-15
-16
-18
-14
-16
-17
-17
-18
-16
-17
-16
-15
-12
-8
-7
-6
-3
-4
-3
-5
-6
-6
-4
-6
-5
-5
-4
-3
-4
-3
-4
-4
-4
-4
-6
-4
-2
-1
0
3
3
3
5
5
5
4
4
5
3
2
1
1
-1
-1
0
1
1
3
2
1
1
-1
0
-3
-4
-4
-6
-4
-2
-1
-1
0
-1
-4
-3
-5
-7
-8
-8
-6
-6
-6
-3
-4
-5
-2
-1
-2
-3
-3
-3
-6
-2
-1
-1
-1
1
2
1
3
3
3
3
3
3
4
6
7
9
10
12
13
13
14
15
15
14
16
15
18
17
18
20
21
21
21
20
17
16
15
15
14
16
18
20
20
19
19
18
18
15
13
13
9
5
7
4
5
4
1
0
0
-2
-3
-3
-4
-6
-8
-11
-10
-9
-11
-12
-13
-13
-13
-17
-17
-20
-21
-25
-27
-27
-26
-24
-23
-23
-21
-19
-18
-18
-17
-17
-14
-14
-14
-12
-13
-10
-10
-11
-9
-9
-10
-10
-11
-10
-9
-12
-11
-12
-9
-7
-6
-7
-3
0
-2
0
0
0
1
3
3
4
5
10
9
8
9
7
5
6
5
5
3
2
2
1
4
5
5
7
7
8
8
9
6
5
6
7
9
8
9
8
7
7
6
5
4
2
5
2
2
1
0
3
2
4
3
4
4
4
4
3
3
2
0
1
0
0
2
1
2
0
1
0
-1
0
1
3
2
5
6
6
9
11
11
8
9
10
11
11
10
12
11
13
13
13
12
9
11
8
9
7
4
6
8
7
7
7
6
7
7
5
3
2
-1
-2
-2
-2
-1
-4
-3
-4
-6
-6
-5
-10
-11
-10
-11
-11
-11
-12
-10
-11
-11
-13
-14
-14
-14
-13
-15
-17
-17
-17
-15
-14
-15
-15
-13
-13
-10
-11
-11
-12
-12
-12
-12
-11
-12
-11
-9
-9
-9
-7
-8
-6
-6
-6
-4
-5
-4
-3
-1
-1
1
3
4
4
4
3
5
4
2
4
3
5
5
6
8
7
7
7
6
5
5
5
4
4
6
7
7
7
7
7
6
6
6
4
4
3
3
3
3
4
4
4
5
4
6
3
2
4
3
4
3
2
4
3
3
5
6
5
3
5
5
3
3
3
4
5
7
9
7
8
7
6
6
6
7
6
9
11
10
9
10
10
9
9
10
8
7
8
7
6
7
9
9
10
11
11
8
8
5
5
5
4
1
1
2
1
0
1
1
0
-3
-3
-4
-7
-8
-8
-10
-11
-10
-10
-11
-13
-12
-15
-14
-17
-17
-15
-19
-18
-17
-19
-19
-18
-20
-19
-18
-17
-18
-18
-18
-19
-20
-20
-19
-19
-19
-18
-20
-18
-17
-16
-14
-12
-12
-11
-9
-5
-6
-3
0
1
5
6
5
5
5
5
6
8
9
10
11
13
14
15
16
16
14
17
18
19
19
17
17
19
18
18
16
15
17
16
15
12
10
8
7
4
3
2
-1
1
3
2
3
3
1
0
1
1
3
1
2
2
4
3
2
4
4
4
3
3
2
2
2
4
2
1
1
1
0
0
2
2
3
3
3
4
4
2
2
2
2
1
-1
1
1
1
3
2
2
3
3
3
2
3
3
3
3
1
1
0
1
0
-1
-2
-5
-6
-8
-9
-10
-11
-12
-12
-11
-9
-8
-8
-7
-8
-8
-7
-7
-7
-8
-8
-9
-7
-7
-5
-6
-3
-2
-3
-4
-5
-7
-8
-8
-9
-7
-6
-7
-7
-8
-7
-5
-6
-5
-4
-3
-3
-4
-5
-6
-5
-5
-6
-5
-3
-4
-5
-7
-5
-7
-6
-5
-6
-6
-4
-1
-1
0
2
2
3
4
5
5
6
9
7
9
10
10
10
13
12
12
12
10
10
8
10
7
9
8
9
9
8
10
8
8
7
7
5
6
5
3
3
2
1
0
0
2
2
2
3
1
-1
3
2
0
1
3
3
3
5
5
4
5
5
7
5
5
3
1
1
1
0
1
3
2
5
4
3
3
0
-1
0
1
5
4
4
5
7
4
4
5
1
1
-2
-2
-4
-3
-2
-2
-2
-3
-4
-3
-6
-7
-9
-6
-7
-6
-5
-7
-8
-9
-7
-8
-7
-6
-9
-8
-8
-8
-10
-8
-8
-8
-7
-8
-6
-7
-7
-6
-6
-5
-6
-5
-5
-6
-6
-5
-6
-6
-5
-5
-7
-7
-5
-7
-7
-9
-10
-11
-9
-7
-7
-8
-7
-7
-6
-6
-7
-7
-5
-6
-6
-4
-4
-1
0
0
-1
1
2
3
6
7
8
9
10
9
9
12
11
10
12
14
13
14
14
12
12
12
12
12
13
14
14
15
13
12
11
12
11
10
10
10
8
11
10
8
8
9
10
8
7
5
4
4
4
2
1
2
3
5
3
5
1
0
2
0
-1
-1
-3
-5
-4
-5
-6
-5
-4
-4
-5
-3
-5
-4
-5
-3
-4
-3
-2
-2
-1
-1
-1
-2
-3
-2
-2
-1
-3
-6
-5
-7
-8
-7
-8
-8
-8
-8
-8
-7
-9
-6
-5
-4
-5
-5
-5
-5
-4
-5
-5
-4
-3
-2
-5
-6
-9
-10
-9
-11
-11
-9
-8
-8
-6
-7
-7
-8
-6
-5
-5
-5
-6
-6
-5
-4
-5
-5
-3
-2
-1
-1
-1
-1
0
-2
0
4
3
4
5
4
3
3
2
2
2
2
1
3
-1
1
1
3
3
4
4
2
3
4
4
3
4
6
7
8
8
7
8
9
8
8
7
6
6
8
6
5
5
6
7
7
6
5
5
5
7
8
9
9
10
10
14
13
14
14
12
12
12
11
10
8
8
8
8
8
7
6
6
7
5
5
2
1
2
1
-1
-2
-2
-2
-4
-4
-5
-7
-9
-10
-9
-11
-14
-14
-12
-12
-13
-11
-13
-12
-12
-10
-10
-10
-10
-12
-10
-8
-8
-9
-10
-9
-10
-9
-7
-7
-8
-6
-5
-5
-7
-5
-3
-5
-2
-1
-4
-3
-1
-2
-3
0
-2
-4
-2
-1
-1
-1
-1
-3
-1
-2
-3
-2
-4
-4
-4
-3
-2
-4
-4
-2
0
2
3
2
3
3
-1
-2
-2
-4
-4
-3
-1
0
2
1
3
3
3
3
3
2
1
3
3
3
4
4
5
5
4
3
3
0
0
2
1
1
2
2
4
6
7
6
9
7
6
9
7
9
12
11
13
11
12
12
11
11
10
12
10
10
12
10
9
10
11
9
9
9
10
10
9
10
6
5
6
4
3
2
0
0
0
2
-2
-2
-2
-3
-2
-4
-5
-7
-8
-5
-5
-4
-5
-7
-6
-6
-6
-8
-11
-12
-12
-11
-10
-9
-14
-15
-13
-13
-13
-12
-12
-13
-13
-13
-14
-12
-10
-10
-7
-6
-6
-4
-4
-4
-7
-4
-3
-5
-3
-1
-1
2
4
2
3
5
3
1
4
2
1
2
1
2
1
0
-2
-3
0
0
-2
-3
-4
-4
-3
-1
-1
0
-1
1
4
4
3
1
1
-2
0
0
0
-2
-3
0
-1
-1
-1
-1
-2
-3
-2
-1
-3
-2
-2
0
2
3
3
4
2
2
2
3
2
1
2
0
1
0
-3
0
3
4
5
7
8
9
12
11
10
10
10
8
10
9
7
9
8
9
10
9
11
7
8
8
8
9
10
10
11
11
11
12
13
11
10
11
10
10
9
8
6
3
2
2
1
3
2
3
2
1
0
1
2
1
0
-1
-1
-3
-3
-6
-7
-10
-9
-11
-13
-14
-14
-15
-20
-18
-21
-22
-20
-22
-23
-21
-18
-18
-16
-14
-14
-16
-15
-14
-15
-15
-14
-12
-12
-10
-12
-12
-10
-8
-6
-7
-7
-5
-5
-5
-3
-1
1
1
2
4
4
1
3
3
3
4
4
4
4
4
3
5
4
7
8
9
10
9
9
8
9
9
8
10
14
12
11
13
10
11
10
10
8
8
6
4
4
4
3
2
4
7
8
6
5
5
4
3
3
1
-2
0
-1
-4
-2
-3
-4
-5
-4
-2
-7
-6
-6
-7
-4
-3
-3
-2
2
4
3
5
9
7
9
9
8
6
6
4
5
5
7
7
7
11
9
9
10
9
9
10
10
11
10
12
10
9
9
7
7
6
6
2
1
0
-1
-1
-2
-2
-2
-4
-5
-5
-5
-6
-7
-9
-8
-10
-11
-10
-12
-12
-10
-13
-12
-12
-14
-15
-16
-17
-16
-16
-16
-16
-14
-15
-17
-15
-14
-12
-10
-10
-8
-9
-6
-7
-7
-7
-6
-7
-5
-2
-4
-5
-6
-8
-8
-4
-2
-3
-4
-3
-1
0
1
1
1
0
1
2
5
3
3
5
5
4
5
5
4
6
6
7
11
12
13
16
15
11
10
10
9
9
8
8
8
7
8
7
6
7
7
7
5
4
4
4
3
3
1
2
3
3
5
5
3
5
3
4
3
1
1
0
0
-3
-4
-2
-4
0
1
2
3
0
3
1
1
1
1
1
2
4
4
3
3
5
4
6
6
8
6
7
6
7
6
5
4
6
7
8
9
6
6
6
4
4
4
4
2
4
3
0
0
-2
-3
-2
-3
-3
-4
-5
-3
-6
-7
-7
-7
-6
-9
-8
-8
-10
-9
-11
-11
-13
-14
-12
-13
-15
-14
-13
-15
-16
-16
-16
-13
-15
-12
-14
-14
-15
-15
-12
-12
-12
-12
-11
-12
-13
-14
-14
-12
-10
-10
-6
-5
-5
-4
-2
-2
-1
1
1
4
3
5
7
7
6
4
4
4
5
5
4
5
4
7
7
5
6
6
8
7
9
9
9
11
13
14
13
13
12
13
15
13
15
15
16
17
15
15
13
11
10
9
12
13
12
12
10
10
9
8
5
3
3
1
3
3
3
5
5
6
7
6
5
5
3
2
1
0
-2
-3
-2
-4
-4
-1
-1
-2
0
-3
-5
-6
-6
-7
-8
-7
-9
-6
-4
-1
-4
-4
-3
-4
-5
-7
-9
-8
-9
-9
-9
-7
-4
-5
-4
-2
-3
-2
-2
-4
-2
-2
-2
-1
1
0
0
0
-1
-3
0
0
-3
-2
-2
-4
-6
-4
-6
-8
-7
-5
-6
-4
-4
-4
-6
-8
-6
-7
-7
-7
-8
-9
-7
-8
-9
-9
-10
-10
-10
-10
-10
-12
-9
-7
-7
-5
-5
-4
-2
-1
-1
-4
-1
-3
-5
-4
-5
-6
-6
-4
-5
-6
-4
-12
-15
4
12
8
0
0
5
-4
-2
0
17
24
17
9
5
12
7
13
18
17
14
8
10
9
10
13
20
22
20
16
13
10
14
19
19
19
18
17
16
16
13
10
9
14
13
9
7
7
10
8
7
3
0
1
6
9
4
6
8
9
8
6
4
3
3
-1
-1
-4
-6
-3
-4
-4
-5
-9
-9
-7
-10
-11
-12
-12
-11
-11
-10
-12
-12
-12
-10
-12
-17
-16
-16
-15
-16
-18
-21
-20
-19
-17
-16
-17
-16
-13
-10
-10
-9
-10
-10
-10
-6
-7
-5
-5
-1
0
-1
-2
-4
-2
0
-1
-2
-2
1
-2
0
1
0
1
2
2
1
-1
0
1
0
0
0
-2
-3
-5
-2
-3
-3
-5
-5
-4
-2
-2
-3
-2
0
0
3
0
0
1
2
4
5
6
4
4
6
4
3
4
4
5
5
8
6
6
7
7
10
11
11
11
13
15
13
11
10
8
8
8
10
9
6
7
8
9
7
6
6
6
8
8
4
4
6
4
7
8
9
5
6
9
9
6
5
4
5
8
8
6
7
9
10
13
12
8
5
6
9
9
4
4
2
2
4
3
1
-1
-3
-1
0
-5
-10
-11
-12
-9
-7
-12
-15
-15
-10
-9
-10
-12
-16
-13
-10
-13
-18
-18
-18
-18
-14
-16
-18
-19
-18
-15
-14
-14
-16
-18
-15
-13
-9
-10
-10
-9
-8
-4
-6
-7
-9
-7
-4
-3
-4
-6
-6
-5
-3
-4
-5
-6
-6
-3
0
2
-2
0
4
5
6
5
2
3
4
5
6
3
3
4
5
6
5
7
5
6
8
9
10
11
11
12
14
14
14
14
13
15
12
12
11
8
4
5
6
2
1
0
0
3
5
3
2
2
5
3
1
-1
-4
-4
-3
0
-1
0
2
2
1
1
0
-3
-1
-1
0
-1
0
3
5
7
9
9
6
8
7
7
6
4
3
2
6
7
6
7
9
11
9
6
3
2
3
3
2
2
3
2
4
5
4
4
3
3
2
0
-2
-2
1
2
0
2
2
3
3
3
1
-1
-2
-2
-5
-5
-6
-8
-8
-6
-6
-7
-7
-8
-9
-11
-12
-14
-16
-18
-16
-17
-14
-15
-17
-15
-15
-14
-16
-17
-17
-16
-15
-14
-14
-13
-14
-12
-10
-11
-11
-11
-8
-7
-9
-10
-12
-11
-8
-6
-7
-5
-2
1
3
1
0
-1
1
0
0
3
1
3
4
6
8
8
9
9
11
10
10
9
9
13
12
13
12
13
12
13
12
11
13
14
14
13
11
12
13
11
10
8
7
6
7
6
6
5
4
4
6
7
6
4
3
4
5
4
3
5
3
5
8
7
7
7
7
7
8
9
6
3
7
7
7
6
3
3
5
7
5
2
1
1
4
5
5
3
1
1
3
4
0
-2
-1
-1
-1
-1
-2
-4
-4
-2
-2
-3
-2
-3
-4
-3
-2
-4
-4
-4
-6
-4
-3
-4
-6
-3
-4
-5
-5
-7
-8
-10
-11
-12
-12
-14
-14
-15
-17
-16
-18
-17
-16
-18
-18
-17
-16
-17
-18
-16
-18
-17
-17
-13
-13
-18
-16
-16
-13
-14
-16
-17
-15
-13
-9
-10
-9
-9
-6
-2
-2
-2
-5
-2
-2
1
4
3
1
4
6
5
6
7
7
7
12
12
11
12
13
15
18
20
22
22
21
22
22
23
22
21
20
19
23
20
20
18
14
15
15
14
12
9
10
12
10
9
6
8
8
6
5
4
2
2
1
2
1
-1
0
0
2
1
0
0
0
3
0
1
-3
-4
-2
-1
1
0
-2
0
1
0
0
-1
-2
-4
-5
-6
-5
-6
-4
-2
-3
-4
-4
-3
-2
-3
-2
-1
-3
-2
-1
-2
-2
-2
0
-1
-2
-2
-2
-2
-2
-3
-4
-3
-2
-4
-2
-2
-2
-1
-1
-2
-2
-5
-6
-7
-8
-5
-6
-6
-7
-7
-5
-8
-11
-12
-14
-11
-13
-12
-12
-12
-10
-10
-9
-11
-13
-12
-11
-11
-10
-13
-14
-13
-12
-13
-14
-17
-16
-13
-13
-14
-14
-14
-13
-9
-11
-11
-11
-9
-6
-4
-3
-3
-1
0
0
0
2
2
3
8
12
