9
10
12
10
6
7
7
5
5
6
6
6
7
6
5
6
3
1
3
2
1
3
4
3
5
7
6
7
8
7
7
8
9
9
8
11
11
11
11
12
10
12
13
9
8
10
7
7
11
10
8
9
8
6
6
7
5
1
2
0
-2
0
0
-4
-3
-3
-6
-6
-6
-6
-8
-6
-7
-10
-7
-6
-12
-12
-12
-15
-18
-16
-17
-18
-16
-18
-19
-19
-18
-21
-20
-18
-20
-19
-18
-19
-19
-18
-18
-19
-16
-16
-17
-14
-12
-13
-12
-10
-13
-10
-10
-9
-9
-7
-6
-8
-7
-5
-4
-4
-2
-2
-2
0
-1
-1
1
3
1
4
5
6
5
5
7
7
10
10
10
13
13
11
12
14
16
16
17
19
18
19
18
18
19
19
18
18
17
18
16
15
16
13
12
10
10
7
5
6
4
3
5
7
3
3
4
2
-1
-3
-2
-4
-4
-5
-5
-5
-4
-4
-4
-6
-5
-6
-6
-7
-5
-6
-5
-4
-1
1
0
1
1
3
1
2
1
-1
0
3
0
0
2
0
0
3
2
2
2
4
1
-1
2
5
5
6
7
7
9
8
9
8
11
11
8
10
9
9
7
7
5
5
6
4
5
2
1
-1
-2
-3
-5
-5
-6
-8
-7
-7
-11
-12
-12
-15
-16
-17
-19
-22
-20
-19
-21
-23
-22
-21
-24
-23
-24
-24
-25
-25
-24
-24
-22
-21
-22
-20
-16
-18
-17
-15
-14
-13
-14
-10
-11
-6
-3
-3
-2
1
1
3
3
4
3
4
4
5
6
6
10
11
11
14
16
16
16
17
16
17
18
18
16
17
18
17
19
20
19
18
17
20
20
18
19
18
20
19
18
18
19
17
14
16
13
12
13
12
9
8
7
7
4
3
3
2
-2
-3
-2
-5
-7
-3
-3
-3
-3
-2
-3
-4
-4
-4
-1
-2
0
1
0
0
-1
-3
-3
0
-2
-1
0
-1
1
1
1
-1
0
2
0
1
0
-1
-3
-1
-3
-5
-4
-4
-7
-6
-4
-6
-5
-3
-6
-5
-4
-5
-6
-4
-3
-4
-4
-5
-6
-10
-8
-9
-10
-7
-8
-8
-7
-8
-9
-8
-7
-7
-10
-9
-9
-10
-11
-12
-12
-13
-13
-14
-11
-12
-13
-12
-12
-12
-12
-14
-15
-13
-12
-12
-9
-8
-8
-8
-6
-6
-4
-5
-4
-5
-4
-5
-4
-2
-1
0
1
3
1
4
4
5
5
5
8
7
8
8
8
8
12
12
11
10
11
10
10
14
15
17
17
17
20
18
18
21
20
20
20
20
20
20
19
17
16
17
15
16
18
15
15
16
14
12
14
13
8
8
10
8
6
8
6
4
6
1
0
1
-1
-2
-2
-4
-3
-3
-5
-4
-4
-7
-7
-7
-8
-6
-6
-8
-8
-7
-8
-9
-8
-10
-12
-11
-10
-11
-11
-9
-12
-10
-11
-12
-11
-12
-9
-11
-10
-11
-10
-9
-9
-9
-9
-8
-8
-7
-7
-7
-8
-6
-6
-6
-5
-5
-4
-4
-5
-5
-3
-4
-4
-1
-2
-4
-3
-3
-3
-3
-3
-3
-6
-4
-5
-4
-4
-3
-2
-4
-5
-4
-5
-7
-5
-6
-7
-4
-4
-6
-5
-5
-5
-4
-6
-5
-4
-6
-6
-4
-2
-3
-1
0
0
1
1
-2
-1
2
-1
-2
2
4
3
5
5
4
6
7
8
11
10
11
12
13
12
14
15
13
14
13
13
13
13
14
15
12
12
13
12
12
15
14
15
17
16
15
15
14
14
13
16
17
15
14
16
16
13
14
12
9
10
11
9
8
5
3
4
4
1
0
2
-3
-4
-5
-6
-7
-7
-8
-8
-6
-8
-8
-7
-8
-10
-9
-10
-13
-10
-11
-13
-14
-14
-17
-17
-14
-20
-17
-15
-16
-18
-14
-16
-18
-14
-14
-19
-15
-13
-17
-15
-10
-14
-13
-7
-12
-12
-8
-10
-10
-4
-3
-7
-1
-1
-5
1
1
-4
0
4
-1
0
6
-1
-1
4
-1
-4
1
-1
-5
-1
-2
-5
-2
1
-3
-2
1
-2
-2
0
-3
-2
-1
-2
1
2
1
2
5
2
1
5
2
0
4
3
0
3
4
1
4
4
3
4
6
3
6
8
5
6
8
7
8
11
10
11
13
12
11
13
13
12
14
13
14
13
13
15
12
12
13
12
11
11
11
9
10
13
11
9
13
13
9
13
14
9
12
13
8
9
11
5
3
4
5
1
3
2
-1
0
-2
-4
-5
-5
-7
-9
-7
-9
-10
-11
-9
-14
-13
-11
-13
-16
-11
-12
-14
-12
-10
-12
-13
-10
-12
-12
-9
-11
-14
-12
-10
-12
-12
-8
-8
-11
-8
-7
-10
-7
-6
-9
-8
-5
-9
-10
-5
-8
-8
-5
-6
-10
-5
-8
-11
-6
-5
-8
-5
1
-4
-3
0
-1
-1
2
2
0
4
3
-1
3
2
-1
1
2
0
0
3
0
0
1
0
-3
1
0
-1
0
1
0
-1
3
2
-2
-1
1
-1
0
4
2
2
3
5
1
3
4
3
4
2
4
1
4
4
4
6
4
5
6
6
6
9
10
7
12
11
11
13
14
12
13
15
14
13
14
14
16
16
16
19
15
16
14
15
13
12
14
10
8
10
7
4
6
5
1
1
2
2
-1
1
1
-1
-1
-1
0
-3
-4
-4
-7
-7
-5
-6
-9
-5
-5
-9
-5
-6
-8
-6
-6
-11
-8
-7
-10
-9
-7
-10
-12
-10
-13
-15
-11
-13
-14
-14
-13
-16
-13
-12
-16
-11
-12
-13
-12
-12
-13
-12
-9
-8
-10
-7
-7
-8
-8
-6
-7
-9
-8
-6
-8
-7
-2
-3
-4
3
2
-1
1
2
0
1
3
3
5
6
8
8
8
9
8
8
6
9
7
7
7
5
6
6
6
3
2
3
0
-2
-3
-2
-1
-2
-2
-2
-2
-3
-3
-4
-5
-5
-1
-2
-5
0
0
-1
0
-1
-1
3
2
3
5
4
2
5
4
1
6
6
3
3
7
5
4
8
9
6
9
11
8
10
9
10
12
14
15
15
17
17
17
19
19
17
17
16
15
14
15
13
15
13
11
13
13
11
11
11
5
8
7
3
2
3
3
-1
-1
-1
-4
-3
-3
-8
-8
-7
-8
-9
-11
-10
-10
-13
-12
-12
-15
-13
-11
-16
-16
-14
-18
-20
-17
-16
-21
-18
-16
-20
-20
-18
-22
-22
-16
-20
-21
-18
-17
-19
-18
-15
-18
-14
-13
-14
-11
-10
-8
-10
-8
-7
-7
-6
-5
-4
-5
-3
-5
-3
-2
0
0
2
3
3
3
4
3
4
6
5
6
6
7
8
9
9
10
13
11
12
11
11
11
13
15
9
12
14
9
10
12
11
8
14
11
9
12
11
10
10
12
7
9
10
6
6
9
7
6
7
6
7
7
4
4
3
1
4
2
1
3
5
2
3
5
1
-1
1
1
0
2
2
-1
3
2
1
4
3
2
1
4
3
2
3
3
3
4
7
6
6
7
7
5
7
6
4
5
5
4
1
3
3
-2
0
1
-4
-2
-2
-5
-7
-5
-8
-8
-7
-9
-9
-9
-11
-10
-9
-12
-11
-11
-11
-14
-11
-11
-15
-13
-12
-14
-14
-13
-14
-12
-12
-15
-13
-14
-12
-13
-14
-12
-11
-11
-11
-9
-11
-10
-10
-10
-11
-11
-10
-13
-8
-8
-9
-9
-7
-6
-8
-5
-4
-4
-2
0
-1
0
3
3
3
5
6
6
6
7
6
7
11
10
10
12
13
12
15
16
14
17
15
15
14
15
12
14
17
16
17
17
15
14
17
13
13
16
13
11
13
13
10
12
13
10
11
9
7
7
7
4
2
3
3
2
1
2
0
1
2
1
0
1
1
-2
1
-1
-1
0
-2
-2
-2
-2
-4
-5
-4
-6
-6
-5
-7
-6
-4
-4
-6
-3
0
-1
-1
1
0
-1
0
0
-2
-1
-2
-4
-3
-3
-4
-4
-4
-7
-6
-6
-7
-6
-8
-9
-8
-7
-10
-8
-7
-7
-8
-6
-5
-10
-8
-6
-9
-9
-6
-8
-8
-5
-6
-6
-6
-6
-8
-8
-7
-8
-9
-7
-8
-7
-5
-6
-5
-6
-6
-6
-7
-6
-6
-7
-5
-3
-5
-5
-2
-4
-5
0
-3
-4
0
0
0
2
2
2
2
3
1
3
3
2
3
5
5
4
7
9
7
8
9
6
7
9
9
10
12
11
13
12
11
12
12
11
13
13
12
12
12
12
14
15
12
13
12
11
10
10
9
11
10
10
10
9
9
9
9
8
9
7
6
5
2
3
3
1
2
3
-1
-2
-2
-3
-6
-5
-5
-7
-7
-8
-8
-7
-8
-9
-9
-11
-11
-13
-14
-14
-14
-12
-13
-13
-11
-12
-11
-9
-10
-9
-9
-8
-7
-6
-5
-4
-3
-2
-6
-3
-3
-4
-2
-2
-3
-2
1
-2
-3
0
1
-1
0
1
0
-1
-1
-3
-3
-3
-5
-5
-2
-2
-2
-1
1
0
-1
0
-1
-2
-2
1
-2
-1
-3
-2
-1
-1
-1
-2
-2
-2
0
-3
-4
-1
-1
-1
-2
3
1
2
3
2
-1
4
3
0
3
3
2
1
3
2
3
3
0
2
2
3
1
1
0
1
2
0
0
0
3
2
1
4
3
5
4
3
5
6
4
5
6
6
6
4
4
3
5
4
3
5
3
5
5
4
3
5
4
4
5
5
7
5
6
6
7
5
5
6
8
7
11
10
8
12
10
8
9
9
4
4
7
2
2
3
0
0
2
-1
-2
-1
-5
-5
-5
-7
-9
-7
-8
-10
-9
-9
-9
-10
-10
-12
-10
-11
-11
-10
-8
-9
-8
-6
-8
-6
-5
-7
-6
-6
-7
-5
-7
-6
-7
-5
-3
-6
-6
-5
-8
-8
-7
-7
-9
-7
-7
-7
-6
-5
-4
-6
-5
-5
-4
-5
-2
-4
-1
-2
-2
0
0
1
2
4
1
3
3
3
2
4
4
3
4
5
4
2
6
3
5
5
3
4
5
4
4
8
5
6
7
6
7
8
9
7
8
6
5
6
5
5
5
7
5
5
3
2
2
0
2
1
1
-1
1
-2
-4
-2
-4
-4
-2
-2
-4
-1
2
0
1
3
3
2
2
2
3
5
5
6
8
9
9
9
9
8
10
7
7
9
8
7
6
5
3
5
4
3
5
5
3
2
3
2
0
-1
-2
-1
-1
-2
-3
-2
-4
-5
-4
-5
-6
-7
-7
-8
-5
-6
-7
-5
-6
-6
-7
-5
-8
-10
-10
-11
-12
-12
-11
-11
-11
-9
-9
-10
-8
-7
-9
-11
-10
-8
-10
-9
-9
-8
-7
-6
-6
-5
-6
-5
-4
-3
-7
-5
-6
-7
-5
-5
-5
-5
-1
0
-2
-1
0
-2
-1
1
0
1
3
3
6
4
6
6
7
8
7
8
7
7
7
9
9
7
9
11
8
9
11
8
10
10
10
10
9
8
8
8
6
6
8
6
8
8
6
8
10
5
4
5
3
2
2
1
2
1
1
1
-2
0
-1
-1
2
1
1
1
1
0
-1
-1
1
1
0
-1
1
1
0
-1
-1
1
1
2
3
2
2
3
3
2
1
4
4
4
4
4
6
4
5
6
6
5
5
4
5
2
-1
-1
-3
-3
-6
-5
-5
-7
-5
-7
-8
-7
-9
-11
-12
-12
-13
-12
-14
-13
-10
-10
-13
-11
-13
-16
-13
-14
-17
-15
-13
-14
-14
-12
-12
-13
-10
-10
-9
-8
-7
-8
-7
-10
-9
-8
-9
-7
-3
-5
-5
-1
-2
-3
1
-1
-2
1
2
2
3
5
6
6
9
8
8
10
10
11
13
12
12
14
12
13
16
13
13
13
13
12
12
13
12
13
13
12
14
14
11
12
10
10
11
9
7
9
6
5
7
5
4
6
5
2
5
5
3
4
4
1
0
1
-3
-4
-3
-3
-5
-4
-2
-2
-2
-1
-3
-3
-3
-3
-4
-5
-4
-6
-5
-2
-2
-2
-2
-2
-2
-3
-3
-2
-2
-2
-2
-1
1
0
2
1
0
-2
-3
-4
-5
-5
-5
-5
-5
-4
-4
-4
-4
-3
-4
-5
-5
-5
-5
-6
-5
-6
-6
-6
-5
-4
-7
-6
-6
-6
-6
-4
-6
-8
-7
-8
-7
-8
-8
-7
-7
-6
-10
-9
-9
-7
-9
-9
-8
-7
-6
-7
-5
-5
-4
-2
-2
-1
-3
-3
-1
-2
-3
0
1
1
3
4
3
3
6
4
5
7
6
4
4
5
6
4
6
7
6
9
8
8
8
9
9
9
11
11
10
9
11
11
10
10
10
10
10
11
11
12
11
12
11
11
12
11
10
10
11
8
9
8
6
6
5
6
6
6
7
5
5
5
4
3
3
3
1
0
-1
-1
-4
-2
-2
-5
-5
-4
-4
-6
-5
-4
-7
-8
-9
-11
-9
-9
-11
-11
-10
-11
-10
-12
-13
-9
-9
-9
-8
-8
-10
-9
-10
-9
-8
-7
-8
-7
-7
-6
-6
-7
-4
-5
-5
-6
-5
-2
-5
-4
-2
-4
-3
-1
-1
-1
0
0
1
0
1
0
-2
-1
-2
-3
-1
2
1
-1
1
0
2
1
1
1
-2
-2
-1
-3
-3
-3
-3
-4
-4
-2
-3
-5
-5
-4
-6
-6
-8
-5
-6
-4
-1
-1
2
3
5
5
7
7
7
5
5
8
6
9
9
9
9
10
10
11
10
9
11
8
7
8
8
8
9
8
8
8
7
7
7
7
9
9
9
10
10
8
8
9
9
7
6
7
5
3
5
4
1
3
3
2
2
2
1
1
0
1
3
1
-1
1
-1
-5
-4
-3
-4
-2
-4
-5
-6
-7
-6
-8
-7
-9
-8
-7
-7
-8
-7
-8
-7
-5
-6
-6
-7
-6
-10
-8
-9
-8
-4
-6
-7
-5
-4
-3
-4
-5
-5
-6
-7
-6
-4
-4
-4
-3
-1
-2
-2
-1
-3
-1
-3
-2
-1
-1
-1
2
3
2
2
2
0
-1
-1
-2
-1
-1
1
-1
-2
-2
-1
-1
-2
-3
-3
-4
-7
-6
-4
-6
-5
-2
-1
-2
-1
0
1
-1
1
0
2
0
1
2
0
1
2
2
1
0
0
0
1
1
0
1
4
3
4
4
4
3
2
3
3
4
5
4
5
5
3
4
4
2
3
2
4
4
3
5
5
4
6
6
7
6
8
7
8
8
7
9
8
8
7
9
9
8
8
9
8
8
9
8
8
7
8
9
7
5
5
4
5
5
4
4
2
3
2
0
-1
-2
-1
-3
-1
-1
0
-1
-3
-4
-6
-7
-6
-8
-7
-9
-8
-8
-7
-9
-9
-9
-10
-11
-11
-10
-10
-11
-10
-9
-11
-8
-8
-7
-7
-7
-7
-9
-7
-7
-7
-6
-6
-4
-5
-5
-3
-6
-7
-8
-7
-7
-7
-6
-5
-4
-6
-5
-6
-5
-7
-6
-7
-9
-7
-4
-6
-4
-1
-5
-3
0
-2
-2
-1
-1
-3
-1
-2
-2
-2
0
3
1
1
0
1
1
0
1
3
3
4
7
7
5
8
8
7
10
10
9
10
9
9
8
8
7
8
8
10
10
11
11
12
11
11
13
9
8
9
7
9
12
10
9
9
11
10
9
9
8
7
6
5
6
5
5
7
5
5
8
8
7
10
7
7
9
7
5
6
2
0
2
2
2
1
-1
-2
-1
-3
-6
-5
-7
-5
-4
-4
-5
-4
-5
-6
-4
-7
-6
-9
-8
-9
-11
-11
-12
-12
-14
-14
-14
-17
-15
-13
-13
-12
-14
-15
-14
-12
-13
-15
-13
-14
-14
-14
-11
-11
-9
-8
-8
-6
-6
-4
-5
-2
1
0
2
3
4
5
1
4
4
1
3
1
2
3
4
3
3
5
4
2
4
5
3
2
2
2
-1
-1
-1
-2
-3
-4
-4
-5
-5
-4
-3
-4
-4
-2
-4
-4
-5
-5
-5
-6
-6
-5
-2
-2
-1
1
3
3
4
5
4
2
2
3
3
5
5
7
8
8
9
11
11
12
10
10
11
11
13
15
16
15
16
17
18
16
16
17
17
15
14
15
13
13
12
13
13
14
13
12
13
11
11
9
8
7
9
7
6
6
7
6
5
4
5
3
1
3
0
-1
-2
-3
-3
-6
-6
-8
-10
-10
-12
-13
-13
-14
-16
-16
-17
-18
-18
-18
-20
-22
-20
-20
-23
-20
-21
-22
-23
-22
-23
-24
-23
-22
-21
-20
-18
-18
-16
-14
-14
-14
-12
-11
-10
-11
-9
-8
-9
-6
-6
-5
-2
1
-1
2
3
0
1
1
1
3
2
3
6
4
8
10
10
12
12
9
8
9
7
9
11
10
12
13
15
17
18
17
16
15
15
14
14
12
11
12
13
12
12
12
9
8
8
7
9
7
6
3
1
1
-2
-1
-3
-2
-3
-1
-1
-5
-5
-3
-5
-6
-3
-4
-5
-7
-6
-5
-5
-3
-3
-2
-2
1
0
0
3
2
1
1
1
4
3
3
5
7
6
9
9
10
10
11
10
10
11
10
10
10
10
9
8
7
7
6
7
5
6
6
4
4
3
3
0
2
-1
-2
-1
-3
-2
-2
-2
-4
-2
-7
-7
-6
-7
-9
-9
-9
-9
-10
-10
-10
-11
-13
-12
-15
-15
-16
-17
-17
-18
-15
-15
-14
-14
-13
-15
-13
-13
-16
-14
-14
-15
-15
-14
-15
-14
-13
-11
-12
-10
-12
-12
-9
-11
-11
-10
-11
-7
-6
-5
-3
-1
-1
2
3
2
4
3
6
9
11
12
16
15
16
18
19
19
19
20
20
18
19
21
20
19
18
17
17
17
14
14
12
10
8
7
6
6
3
3
4
2
2
2
1
0
-1
-1
-1
0
-2
-1
-1
1
1
-1
-1
-2
-2
-3
-4
-3
-6
-5
-1
-3
-4
-2
-5
-3
-2
-2
-2
0
1
1
3
0
1
1
1
1
-1
-1
-2
0
2
3
4
3
6
7
6
8
7
7
9
8
7
6
7
5
7
5
5
6
6
7
7
7
7
6
4
4
3
3
-1
-1
0
-3
-3
-3
-2
-4
-4
-3
-4
-5
-6
-7
-9
-10
-11
-11
-13
-14
-14
-15
-15
-15
-18
-19
-19
-21
-22
-23
-24
-22
-21
-23
-23
-21
-22
-24
-22
-21
-20
-20
-18
-16
-15
-11
-10
-10
-7
-5
-5
-4
-4
-2
-2
-1
1
2
4
6
7
11
10
10
13
13
14
17
15
15
19
18
19
18
18
17
17
19
17
19
17
19
21
18
21
19
19
17
18
17
15
14
14
13
11
11
10
9
6
5
5
4
5
5
6
7
4
4
5
2
3
4
4
4
0
0
-1
-3
-4
-4
-5
-6
-7
-7
-9
-9
-8
-11
-7
-8
-9
-8
-8
-7
-7
-8
-7
-6
-7
-4
-4
-6
-4
-3
-1
-1
-1
2
3
-1
1
3
4
1
4
4
2
2
2
4
4
4
2
5
3
2
0
3
3
1
1
2
-1
-1
-2
-2
-3
-3
-4
-6
-6
-8
-7
-9
-11
-13
-15
-15
-16
-18
-16
-17
-17
-18
-16
-17
-18
-17
-16
-14
-13
-12
-12
-12
-11
-10
-10
-10
-10
-10
-9
-7
-9
-7
-5
-4
-5
-4
-3
-3
-2
-1
1
0
0
2
3
3
5
5
4
5
6
7
4
6
8
10
11
10
13
11
14
14
16
17
16
18
18
19
18
19
19
20
19
19
19
18
18
15
15
14
13
14
12
13
12
13
13
12
11
11
10
10
10
8
10
9
9
7
8
7
6
6
4
3
0
-1
-1
-3
-6
-5
-7
-8
-7
-6
-7
-7
-8
-8
-10
-9
-10
-10
-12
-12
-11
-12
-10
-9
-9
-9
-7
-6
-6
-7
-5
-6
-8
-6
-7
-7
-6
-5
-5
-3
-3
-3
-5
-6
-5
-7
-7
-6
-7
-5
-6
-5
-5
-4
-7
-6
-7
-6
-7
-9
-8
-10
-9
-8
-8
-10
-9
-8
-10
-9
-9
-8
-8
-5
-7
-9
-6
-6
-5
-6
-4
-8
-8
-5
-4
-6
-5
-4
-3
-3
-5
-2
-1
-3
-3
-3
-5
-5
-3
-4
-1
0
0
3
2
4
5
5
4
7
6
9
10
10
11
11
13
12
14
14
14
14
14
15
16
14
15
15
15
16
14
13
14
15
17
16
16
17
17
15
16
14
14
14
13
15
15
14
13
12
12
11
10
10
7
5
6
4
2
3
2
3
1
2
1
-1
-4
-4
-5
-8
-4
-7
-5
-7
-8
-8
-9
-11
-12
-12
-12
-11
-12
-13
-13
-16
-14
-14
-15
-15
-15
-16
-14
-14
-14
-12
-11
-15
-12
-12
-13
-11
-12
-13
-11
-11
-14
-10
-10
-7
-5
-7
-5
-4
-6
-4
-4
-3
0
-2
0
1
3
-1
1
2
2
0
-1
0
0
2
2
4
5
6
4
4
5
2
1
-1
-3
-3
-1
-1
2
3
3
4
2
2
-1
-1
-3
-4
-6
-5
-2
-3
-3
-1
-4
-4
-3
-3
-6
-5
-4
-5
-5
-4
-1
-2
1
1
-1
1
0
-1
0
0
2
2
3
6
7
10
8
10
11
12
11
11
13
13
14
12
13
12
14
14
12
14
13
13
13
13
16
16
19
20
18
21
18
18
16
16
15
14
12
11
14
12
12
13
10
7
7
3
1
0
-2
-3
-5
-6
-6
-7
-6
-7
-9
-7
-9
-11
-10
-10
-12
-12
-14
-15
-14
-16
-20
-19
-19
-20
-21
-19
-20
-22
-19
-21
-22
-19
-18
-18
-15
-14
-16
-13
-12
-13
-12
-10
-12
-10
-9
-11
-11
-10
-9
-8
-2
-2
-1
2
4
1
2
3
0
2
3
1
0
5
4
2
7
5
4
5
5
5
7
7
4
7
8
6
8
8
5
5
6
1
1
5
3
5
7
6
4
4
2
1
3
1
-1
1
1
-1
-1
-1
-4
-1
1
1
-1
1
0
-1
-1
0
-2
0
1
-1
1
1
1
0
1
0
1
4
4
6
7
8
9
9
10
10
9
12
14
15
15
16
17
16
17
19
17
18
18
15
15
11
13
11
11
14
12
10
11
9
8
6
3
1
-1
0
1
0
1
3
1
1
1
-1
-1
-3
-4
-7
-8
-7
-10
-9
-9
-11
-13
-12
-13
-13
-13
-16
-18
-19
-17
-21
-21
-19
-21
-22
-19
-20
-20
-17
-19
-21
-18
-18
-19
-16
-15
-16
-16
-14
-15
-14
-13
-11
-12
-11
-7
-8
-7
-5
-3
-2
0
0
1
3
3
7
5
8
7
7
9
9
9
10
12
13
12
16
16
11
14
15
12
12
12
8
9
14
11
8
13
13
8
9
9
4
5
6
5
3
6
4
0
2
0
-2
-2
1
-5
-3
-2
-5
-4
-5
-5
-6
-2
-2
-1
2
1
0
0
2
-3
-4
-2
-2
-3
-2
0
-2
1
3
-1
2
2
3
2
3
2
4
6
6
6
6
8
6
9
8
8
9
11
9
8
8
9
9
9
10
7
7
8
7
8
8
10
8
10
13
13
12
13
12
9
8
8
4
3
4
3
1
0
-1
-4
-4
-5
-9
-8
-11
-12
-13
-14
-13
-13
-15
-18
-17
-19
-19
-21
-23
-25
-25
-24
-24
-23
-23
-23
-18
-19
-20
-17
-17
-18
-15
-14
-14
-14
-11
-10
-12
-11
-9
-7
-7
-5
-6
-6
-1
-1
-2
2
2
2
5
6
7
7
8
7
6
8
9
8
8
12
10
11
12
10
10
12
11
10
12
11
11
15
12
12
11
11
8
8
11
8
7
9
9
10
9
10
10
8
8
7
3
3
3
1
1
2
2
2
5
4
3
4
3
-2
0
2
-3
-1
0
2
2
4
5
2
4
4
2
2
5
4
5
5
8
9
7
7
8
7
5
5
6
2
1
2
2
0
3
4
1
4
3
2
-1
2
2
-1
1
1
0
-2
0
-3
-2
-1
-2
-2
-2
-4
-8
-7
-7
-7
-7
-7
-7
-9
-10
-10
-10
-10
-10
-11
-12
-10
-9
-9
-7
-8
-8
-11
-9
-11
-12
-12
-14
-15
-16
-13
-15
-19
-18
-15
-14
-14
-11
-9
-9
-8
-7
-8
-9
-7
-10
-9
-7
-7
-6
-3
-1
0
2
2
4
3
4
6
4
6
9
7
8
9
9
9
11
10
7
10
9
7
9
10
8
8
10
10
8
11
10
8
8
11
7
8
10
9
9
10
11
10
13
12
10
11
10
8
9
8
8
9
9
8
8
9
7
5
7
7
5
5
5
3
4
2
1
1
0
-2
-1
-1
-3
-3
-4
-3
-3
0
-1
-1
1
1
-2
1
1
-2
-2
-1
-2
-2
-1
-3
-3
0
0
0
-2
-2
-4
-1
-3
-3
-4
-7
-6
-6
-6
-10
-7
-7
-8
-6
-6
-8
-7
-5
-6
-3
-3
-3
-3
-3
-5
-6
-4
-3
-5
-7
-6
-9
-9
-7
-9
-9
-9
-9
-10
-8
-6
-6
-8
-7
-7
-10
-9
-10
-10
-9
-7
-10
-9
-8
-9
-8
-5
-6
-6
-1
-2
-2
0
-3
-2
3
0
1
3
2
3
9
5
5
12
7
9
11
8
6
8
7
5
7
7
7
9
9
8
8
8
6
10
9
7
9
10
8
9
9
5
8
9
6
5
7
4
3
6
5
6
5
6
8
4
7
7
6
4
5
1
0
2
0
0
1
1
0
3
4
1
4
4
3
4
5
3
3
4
3
4
4
3
1
3
0
-2
1
-2
-4
-4
-3
-4
-2
0
-3
-2
-2
-2
-3
-3
-2
-5
-3
-4
-5
-4
-3
-6
-6
-5
-9
-8
-6
-8
-9
-9
-9
-9
-7
-6
-5
-6
-5
-3
-5
-5
-2
-4
-3
-3
-4
-5
-4
-5
-5
-6
-6
-5
-5
-8
-8
-8
-10
-9
-9
-9
-10
-8
-8
-6
-5
-7
-5
-4
-4
-4
-2
-2
-4
-1
0
0
1
2
0
1
3
1
3
5
3
3
6
4
5
5
3
3
5
3
3
7
5
5
7
8
8
10
11
7
10
8
6
8
10
5
6
8
4
3
7
5
4
9
6
5
7
8
4
4
6
0
2
5
2
1
6
2
2
9
7
5
11
8
2
9
9
3
7
9
2
3
8
0
2
8
4
2
8
4
-1
4
3
-5
1
1
-4
-2
-1
-3
-1
0
-4
-4
-4
-7
-5
-7
-13
-10
-5
-12
-10
-6
-9
-10
-6
-8
-11
-9
-10
-13
-9
-9
-12
-9
-7
-8
-4
-5
-8
-6
-4
-7
-6
-4
-6
-7
-3
-4
-7
-2
-2
-5
-5
-3
-2
-3
-3
0
-3
-1
1
2
-2
2
3
0
0
2
3
-1
3
3
-2
2
6
2
2
6
4
0
4
1
-1
1
-2
-5
-2
-2
-4
0
2
1
2
4
4
1
1
2
-1
-3
1
0
-2
2
3
0
3
5
0
2
8
2
3
5
5
5
8
9
6
7
7
5
4
7
3
2
4
4
3
7
7
6
8
10
6
6
10
4
4
6
8
1
6
8
2
4
7
3
3
6
2
1
6
4
1
8
6
-1
5
5
0
0
3
-2
-1
1
-1
0
2
0
-2
1
0
-2
-1
-3
-5
-8
-7
-8
-10
-10
-8
-9
-6
-7
-11
-9
-9
-9
-10
-10
-8
-10
-11
-9
-11
-11
-12
-14
-13
-12
-14
-14
-13
-14
-10
-6
-6
-6
-3
-2
-3
0
-2
-4
-1
-1
-2
1
4
1
3
6
5
7
6
3
6
8
4
5
6
2
3
5
4
5
9
7
6
8
7
6
6
4
6
6
5
7
7
3
3
2
0
-2
-2
-4
-5
-2
-4
-5
-2
-1
-3
0
0
-2
-2
-1
-3
-3
-2
-4
-3
-1
-3
-1
2
-1
2
5
1
0
3
1
-2
2
2
-1
5
7
3
4
5
4
2
5
6
7
6
10
11
9
11
13
9
9
13
8
8
10
9
7
10
12
9
11
11
8
7
9
7
7
7
5
4
4
4
3
2
-1
2
-3
-5
-3
-5
-7
-5
-7
-8
-9
-10
-11
-10
-12
-13
-11
-13
-16
-14
-15
-17
-14
-13
-15
-13
-10
-16
-14
-13
-19
-16
-16
-16
-17
-13
-14
-13
-8
-9
-11
-7
-7
-11
-6
-5
-5
-4
-1
1
0
1
1
-1
-1
2
2
2
6
7
6
8
10
9
8
11
11
10
9
9
7
5
6
7
5
3
8
9
6
8
13
11
11
13
8
6
9
7
4
7
7
2
6
9
2
0
3
4
1
3
2
-1
-2
0
0
-2
0
0
-2
-2
2
-4
-6
0
0
-4
0
1
-5
-2
1
-2
1
4
2
4
7
6
6
10
8
6
6
5
1
3
4
2
3
4
2
2
4
0
3
3
1
2
3
0
0
0
-2
-1
0
-3
-1
1
-1
-1
1
-1
-2
-1
-3
-2
0
-2
-3
0
-1
-3
-2
-4
-3
-4
-6
-4
-3
-7
-8
-3
-7
-8
-2
-8
-10
-5
-7
-14
-9
-11
-15
-10
-8
-10
-8
-7
-9
-7
-9
-13
-10
-11
-14
-10
-7
-10
-8
-5
-8
-7
-2
-6
-6
-2
-6
-6
-1
-2
-2
5
2
0
5
2
0
6
6
4
7
8
6
8
9
6
9
10
10
15
12
11
12
9
9
14
8
6
14
12
7
11
13
5
10
13
6
9
12
6
6
8
5
7
8
6
7
5
-1
2
3
-3
0
1
-4
-3
4
-2
-3
3
1
-1
3
2
-2
1
2
0
1
1
-1
1
-1
-2
2
-1
-3
3
0
1
5
0
-1
4
4
-2
1
1
-1
-2
-2
-6
-5
-3
-5
-4
-2
-3
-3
-2
-3
-3
-3
-8
-7
-8
-10
-8
-4
-8
-6
-3
-6
-3
-3
-7
-6
-5
-8
-9
-7
-8
-7
-5
-6
-6
-3
-7
-6
-5
-10
-8
-6
-10
-7
-4
-7
-8
-2
-3
-7
-2
-4
-6
-3
-3
-4
-4
-2
-3
-2
1
-1
-1
1
-4
-3
-1
-5
-2
2
-1
2
5
3
2
6
6
4
7
6
2
3
2
5
5
3
5
8
7
7
9
6
5
8
7
5
10
7
6
11
12
9
13
14
7
9
11
5
9
13
6
7
11
5
7
9
7
5
10
9
3
6
6
0
2
6
-1
0
4
-2
-3
3
-2
-6
1
-2
-7
-4
0
-8
-7
0
-6
-9
-2
-5
-10
-4
-2
-8
-5
0
-4
-5
2
-2
-6
-1
-2
-5
-3
1
-2
0
-2
-3
-2
-2
-2
-1
-2
-5
1
-1
-4
-1
0
-1
-4
-3
-4
-5
-6
-4
-5
-3
-4
-4
-2
-3
-3
-2
-2
-1
-1
-1
-4
-2
-3
-4
-2
-5
-4
-3
-2
-2
-2
-3
-4
-5
-11
-8
-6
-10
-8
-5
-10
-8
-5
-10
-11
-7
-11
-15
-8
-8
-13
-8
-4
-10
-7
-1
-6
-4
1
-2
-3
2
1
-2
2
3
1
4
9
8
8
12
14
10
13
16
13
14
17
14
13
16
16
13
17
20
14
15
20
15
14
19
17
13
16
17
11
11
16
10
8
12
8
0
5
7
-2
1
5
-3
-3
3
-3
-6
0
-3
-8
-3
-1
-8
-4
0
-8
-7
-4
-9
-10
-3
-8
-9
-5
-9
-13
-7
-6
-13
-8
-4
-10
-7
-5
-8
-10
-6
-8
-9
-3
-5
-7
-4
0
-7
-6
-2
-6
-7
-1
-1
-6
-1
2
-2
-1
1
-3
-3
0
0
-2
-2
-1
-2
-3
1
0
2
2
1
2
1
-1
-1
3
-1
-2
-1
-1
-3
1
0
0
1
0
0
0
0
-2
-2
-2
-3
1
-1
-4
-2
-2
-5
-3
-3
-6
-4
-2
-5
-5
-5
-6
-7
-5
-7
-5
-6
-5
-4
-5
-6
-3
-3
-6
0
0
-2
3
5
0
2
6
0
0
5
5
1
5
6
1
6
7
2
8
9
5
5
7
4
4
9
4
6
13
10
9
15
13
12
14
12
10
12
11
9
13
12
11
11
10
10
8
8
9
8
5
7
9
4
3
6
2
0
4
2
1
8
5
2
5
5
0
2
2
-2
-1
-4
-1
0
-6
-4
-4
-7
-11
-4
-8
-12
-7
-8
-11
-11
-10
-13
-10
-11
-14
-11
-13
-13
-8
-11
-14
-11
-11
-16
-11
-10
-14
-11
-6
-12
-10
-5
-11
-9
-3
-9
-11
-6
-10
-12
-4
-6
-9
-5
-3
-6
-3
-2
-3
-2
0
1
3
4
4
4
3
3
3
4
0
2
4
3
4
5
6
5
6
5
4
6
4
3
3
4
3
1
1
2
0
-2
-1
-1
-3
0
1
-2
0
1
-2
0
0
-3
-2
2
0
-3
4
4
0
4
5
2
4
7
6
6
12
12
7
11
12
5
8
11
8
6
11
10
5
11
11
6
8
12
7
5
10
6
4
11
10
5
8
8
8
12
9
7
7
10
6
6
7
4
5
5
3
3
5
4
4
5
5
2
1
3
3
1
-2
0
0
-2
1
-2
-4
-4
-8
-10
-7
-12
-15
-12
-13
-18
-14
-12
-18
-15
-13
-18
-19
-15
-20
-22
-18
-21
-21
-16
-16
-17
-10
-13
-15
-11
-13
-15
-13
-12
-12
-8
-9
-9
-6
-5
-8
-5
-4
-7
-4
-4
-7
-4
-1
-5
-1
2
-3
1
6
1
1
7
3
1
7
5
3
7
8
6
13
11
8
13
11
13
11
9
7
9
7
7
9
8
10
10
7
9
13
7
5
10
9
5
9
6
2
5
5
0
5
5
1
2
6
2
0
4
2
4
5
1
2
6
4
4
6
4
2
4
3
0
5
5
5
5
5
5
5
4
4
7
5
4
8
6
3
5
4
1
4
3
0
3
4
1
2
4
2
5
5
3
5
5
2
4
4
2
6
6
1
1
2
-2
-4
-2
-7
-8
-4
-6
-4
-3
-5
-4
-3
-7
-7
-6
-12
-13
-10
-16
-17
-13
-16
-17
-12
-14
-15
-10
-14
-16
-11
-15
-18
-12
-16
-20
-11
-11
-14
-11
-8
-13
-8
-5
-12
-8
-6
-13
-10
-8
-13
-9
-2
-7
-9
0
-3
-8
-2
-1
-6
1
3
0
3
4
2
3
9
6
5
10
8
8
7
8
8
9
8
9
8
8
13
11
10
13
11
11
13
12
10
12
13
10
10
16
13
12
14
13
10
9
9
8
9
7
9
11
10
9
12
11
5
9
7
4
8
9
4
6
9
3
3
6
4
1
5
5
0
4
4
2
5
1
0
-1
-2
-2
-2
-5
-4
-1
-2
-2
-1
-1
-3
-3
-3
-4
-4
-4
-4
-4
-7
-6
-4
-8
-9
-4
-6
-10
-7
-7
-12
-8
-7
-10
-10
-7
-10
-12
-6
-9
-9
-8
-7
-8
-8
-7
-10
-7
-7
-6
-4
-5
-5
-4
-4
-4
-7
-6
-6
-7
-5
-4
-6
-6
-5
-7
-5
-5
-8
-6
-5
-7
-7
-7
-5
-4
-4
-5
-3
-4
-7
-4
-4
-5
-5
-4
-4
-4
-2
-2
-1
2
5
4
7
9
7
8
7
7
7
8
8
8
9
7
9
13
12
12
12
8
11
10
7
10
10
9
8
9
8
6
7
8
6
8
7
5
6
7
4
4
7
5
4
4
4
3
2
3
4
1
0
3
0
0
0
0
0
-3
-5
-4
-3
-4
-3
-2
-1
0
2
4
3
3
2
2
1
-1
-2
-1
0
-2
0
1
0
-1
0
1
0
1
2
0
1
2
1
1
2
0
1
0
0
-1
-1
-1
0
1
0
-2
1
2
-1
2
1
-3
1
1
-2
1
1
-2
-3
-2
-3
-2
-1
-3
-3
-3
-7
-6
-6
-7
-4
-6
-7
-6
-6
-6
-5
-6
-7
-8
-7
-10
-14
-13
-13
-15
-13
-14
-14
-13
-15
-16
-15
-16
-17
-14
-14
-14
-12
-10
-11
-7
-6
-6
-5
-4
-2
-4
-1
1
0
1
4
3
4
4
5
8
10
14
13
12
12
12
12
9
10
9
9
10
12
10
11
12
10
10
11
10
9
9
10
11
11
11
11
11
12
10
11
9
5
7
8
7
6
8
8
7
10
11
10
10
12
11
11
9
9
8
6
7
6
2
1
0
-1
-2
0
-2
0
1
-2
-2
-1
-4
-4
-4
-7
-5
-5
-6
-9
-7
-6
-8
-5
-5
-6
-5
-7
-8
-6
-7
-7
-3
-6
-8
-4
-2
-5
0
3
-1
-2
0
-1
-5
-3
-1
-2
0
-1
-3
-2
-2
-3
-1
-2
-3
0
-3
-4
-4
-5
-7
-4
-6
-6
-5
-6
-8
-8
-7
-12
-9
-8
-13
-11
-7
-12
-12
-11
-12
-12
-8
-10
-12
-10
-13
-12
-11
-12
-11
-10
-10
-8
-6
-9
-6
-3
-7
-1
0
-3
-2
3
1
0
5
4
4
8
8
6
8
8
7
9
6
6
6
8
8
11
10
8
13
12
12
11
12
12
12
12
14
13
11
13
15
14
12
15
15
13
15
12
11
12
12
11
13
13
11
13
14
12
11
13
10
9
9
5
2
3
5
1
2
1
2
2
3
3
2
0
-1
1
-2
-4
-5
-3
-6
-5
-5
-4
-3
-6
-4
-5
-6
-6
-7
-8
-9
-10
-9
-10
-10
-10
-10
-10
-9
-10
-10
-11
-12
-12
-13
-13
-11
-11
-11
-9
-7
-9
-7
-8
-7
-5
-6
-7
-3
-3
-4
-2
-3
-4
-4
-5
-5
-6
-6
-7
-6
-6
-8
-5
-7
-7
-6
-4
-4
-6
-6
-3
-4
-4
-1
-2
-3
-2
0
-1
0
1
-1
1
1
0
-1
-2
-3
-2
-3
-3
-3
-5
-1
-3
-3
-2
-1
-3
-1
2
1
1
-1
1
1
2
3
4
5
3
6
8
7
7
9
11
11
14
12
14
14
15
17
14
14
13
16
15
13
16
14
13
14
13
11
14
12
10
11
12
9
10
10
7
10
9
9
8
8
7
8
7
7
7
5
4
7
6
1
6
4
-1
1
1
-2
-2
0
-4
-2
-2
-4
-3
-3
-6
-9
-9
-9
-10
-9
-11
-11
-11
-13
-13
-11
-12
-12
-12
-12
-12
-13
-14
-13
-14
-15
-15
-13
-13
-13
-13
-13
-14
-15
-15
-13
-12
-10
-10
-9
-7
-8
-7
-6
-10
-9
-6
-7
-9
-4
-5
-6
-2
-3
-3
2
1
0
2
3
-1
-1
3
-2
1
3
0
0
3
1
1
3
4
4
6
6
5
5
4
4
5
7
7
8
8
8
7
9
7
6
7
6
7
5
5
6
7
5
5
6
6
5
6
5
4
1
-1
3
3
2
2
3
3
3
4
3
2
8
4
3
5
3
2
3
5
3
5
5
5
5
6
4
4
3
3
4
3
2
2
2
0
1
2
1
0
2
4
4
3
5
3
2
3
4
2
2
4
6
6
7
5
4
5
4
4
2
3
3
0
1
0
-3
-2
2
-2
-3
-2
-5
-6
-4
-3
-7
-9
-8
-12
-12
-10
-11
-9
-9
-8
-9
-7
-9
-8
-9
-11
-7
-10
-11
-8
-5
-10
-7
-5
-7
-6
-4
-5
-8
-7
-7
-7
-8
-9
-8
-8
-8
-8
-10
-12
-12
-12
-10
-8
-9
-7
-8
-6
-5
-5
-4
-4
-3
-2
2
1
5
6
5
5
6
6
7
7
3
6
8
7
7
12
9
8
12
10
8
7
6
4
5
8
6
6
6
8
6
6
5
5
3
2
4
0
0
3
3
3
6
7
4
7
6
5
3
5
3
2
2
2
3
3
5
5
6
5
6
6
5
5
6
6
5
8
8
6
6
5
6
4
3
3
1
0
1
1
1
1
3
3
2
2
3
0
-2
0
-1
-3
-3
-3
-1
-1
-2
-1
2
1
0
2
-1
-2
-3
-2
-3
-3
-2
-1
-2
-2
0
-1
-3
-4
-4
-4
-4
-3
-3
-6
-3
-1
-5
-5
-4
-6
-11
-7
-8
-9
-7
-7
-7
-9
-10
-11
-10
-11
-11
-12
-14
-13
-14
-16
-17
-15
-14
-15
-13
-12
-12
-10
-10
-11
-11
-9
-9
-9
-8
-6
-5
-3
-2
-1
0
-1
1
1
0
0
2
4
5
7
6
9
9
9
9
10
9
7
7
7
8
8
7
11
12
12
11
11
10
8
7
7
6
7
10
9
10
10
8
7
8
7
7
8
8
7
11
13
11
14
13
11
12
11
11
10
10
7
9
8
5
8
6
5
7
8
5
5
3
2
1
3
3
1
0
1
0
-1
0
2
2
-2
-2
0
-4
-7
-4
-5
-5
-3
0
-3
1
1
-3
-2
-4
-5
-8
-8
-8
-9
-9
-10
-11
-11
-11
-12
-13
-13
-10
-12
-12
-10
-9
-9
-9
-8
-10
-9
-12
-12
-14
-12
-12
-12
-8
-9
-7
-6
-9
-9
-9
-11
-12
-11
-10
-9
-9
-8
-7
-7
-4
-6
-4
-2
-3
-1
-1
-1
0
2
2
5
6
5
7
9
7
6
8
5
5
7
9
9
9
9
11
11
10
9
5
2
3
2
-1
-1
1
-1
1
2
4
5
5
4
3
3
-1
-2
0
0
2
5
7
9
9
9
8
8
7
5
4
4
6
5
8
5
7
10
10
10
10
8
6
7
6
5
5
4
8
9
10
10
10
10
10
9
7
3
2
4
4
5
7
7
6
7
7
3
-1
-1
-4
-4
-5
-7
-6
-5
-3
0
-2
-2
-2
-3
-4
-7
-8
-11
-12
-11
-9
-9
-8
-6
-7
-7
-7
-10
-10
-13
-13
-13
-13
-13
-10
-10
-6
-4
-3
-4
-6
-5
-13
-12
-16
-17
-17
-15
-11
-11
-8
-5
-5
-6
-6
-7
-10
-15
-15
-15
-17
-9
-8
-4
-2
-4
-4
-3
0
0
4
6
0
1
2
5
10
12
15
17
15
12
5
1
-5
-6
0
1
10
14
16
13
10
11
6
10
9
8
9
16
19
24
24
23
20
16
21
16
11
8
6
8
5
3
5
8
23
20
12
11
5
8
-3
-14
-16
-20
-13
3
9
12
12
19
22
21
18
9
0
8
6
3
3
0
17
26
31
27
15
13
4
-2
-4
-13
-14
-13
-8
12
17
11
3
-4
-7
-4
-10
-14
-15
-6
4
10
18
8
-6
-7
-1
-8
-3
-11
-21
-20
-23
-25
-32
-38
-33
-28
-13
-5
-2
-13
-23
-24
-40
-50
-51
-51
-30
-23
-17
-9
-6
-3
-10
-25
-29
-34
-25
-10
-26
-21
-30
-10
13
4
-11
-29
-34
-17
-8
-21
-33
-33
3
17
7
-7
-12
5
22
12
-3
-20
-18
-6
-8
-9
-9
-8
5
26
21
25
22
18
18
10
11
20
25
44
40
35
36
26
32
16
11
19
26
44
31
40
49
30
26
6
-7
6
20
28
18
-9
-17
-26
-12
3
-3
15
24
25
34
26
15
3
-8
-9
-18
-22
-20
-11
20
14
-6
-5
1
13
18
-2
-1
-3
-8
1
-5
-2
-4
11
28
24
30
26
9
-2
-14
-19
-2
9
25
52
50
57
30
9
4
-19
-6
-6
5
4
-26
-31
-33
-34
-25
-30
-25
-12
3
5
-20
-43
-60
-42
-24
-42
-59
-35
16
50
46
-19
-53
-44
-20
14
-11
-46
-34
13
42
12
-28
-50
-33
5
17
-1
-17
-1
13
-13
-30
-24
-7
30
29
3
-8
-9
12
-3
-31
-25
-17
23
31
-1
-34
-53
-41
-39
-51
-74
-94
-74
-46
-34
-48
-30
-5
-31
-32
-38
-65
-44
-33
-32
-49
-50
-47
-59
-11
21
19
17
-7
-4
-12
-19
-8
-34
-21
-5
-11
27
48
50
38
41
40
21
57
67
67
99
100
103
68
16
41
66
116
142
95
53
50
53
44
28
-5
-17
6
68
99
121
131
72
48
28
9
51
58
78
121
133
143
130
143
169
89
40
5
30
95
82
87
109
98
197
103
274
1514
1548
411
-1441
-2522
-1692
-911
263
1132
526
29
119
308
179
-1113
-1674
-2034
-1695
-620
-24
602
961
1425
959
-115
-548
-417
18
681
833
712
748
965
904
259
1
174
426
751
1006
556
68
-42
-40
27
-92
-168
-140
-159
-24
-93
-370
-360
-303
-346
-59
1113
1348
212
-1427
-2612
-2311
-1728
-1146
-532
-911
-1095
-189
493
620
-577
-1855
-2322
-2208
-1351
-744
-120
628
1221
1134
297
-107
177
577
1130
1078
634
624
717
884
634
336
767
959
1098
830
362
235
189
311
176
72
-290
-22
552
744
529
106
-9
-270
-794
-981
-878
-781
-33
365
418
-463
-534
-211
-552
-239
-448
-90
-193
-387
188
202
29
333
485
451
11
103
617
347
404
190
505
301
81
540
95
-31
344
981
1029
151
23
432
328
655
953
689
179
80
913
930
209
25
296
655
374
185
92
-187
-161
-128
-200
-751
-1447
-1258
-916
-1122
-1223
-1420
-1520
-1757
-1853
-1740
-1874
-1826
-1358
-955
-1186
-1127
-1106
-796
-793
-772
-178
120
411
552
716
905
799
1086
1410
1415
1793
1960
2523
2259
1884
2020
1604
1764
1849
1675
1433
1368
1785
1853
1272
706
120
-145
-425
-487
-662
-1206
-1410
-1701
-1940
-2504
-2954
-2870
-2616
-2761
-3056
-3107
-3052
-2667
-2219
-2177
-2232
-1927
-1191
-497
-345
-262
-169
10
546
1092
1259
1198
1340
1697
1980
1951
1830
2212
2868
3249
2861
2142
2004
2546
3016
2868
2309
1541
1301
1747
2429
2374
1527
858
555
197
-84
-271
-943
-1596
-1768
-2017
-2762
-3301
-3331
-3273
-3362
-3375
-3258
-3237
-3137
-2988
-2706
-2227
-1707
-1338
-1171
-862
-435
152
779
1063
1053
1109
1474
1988
1815
2089
2005
1561
1949
1667
1669
1776
2567
4216
3926
1471
25
689
1972
2669
2796
1933
435
52
1646
3170
1734
337
113
-42
35
-164
-492
-1818
-2972
-3031
-3299
-3976
-4059
-3560
-3439
-3989
-4486
-4257
-3650
-3417
-3036
-2357
-1946
-1365
-1030
-850
-546
31
1108
1586
1305
1204
1658
2100
2458
2460
2009
1840
1910
2309
2566
2038
1165
736
1717
3554
3265
891
-564
-116
1016
1740
1985
1312
-370
-793
1236
2614
1642
157
-342
-208
154
532
-45
-1826
-3155
-2841
-2609
-3102
-3098
-2804
-2960
-3556
-3818
-3095
-2410
-2381
-2099
-1697
-1350
-688
-76
-18
-135
356
1447
1892
1389
1464
2047
2247
2366
2238
1662
1275
1484
2156
2379
1672
723
-50
575
3311
4676
2129
-1019
-1260
681
1999
2180
1970
462
-1259
275
3170
2907
626
-454
-66
388
432
195
-1365
-3339
-3138
-2264
-2980
-3794
-3446
-3031
-3412
-4053
-3621
-2816
-2812
-2545
-1791
-1438
-1058
-428
-66
121
470
1380
2106
1635
1268
1876
2225
2202
2065
1700
1312
1210
1717
2209
1857
936
100
195
2587
4688
2722
-738
-1453
307
1909
2487
2525
935
-1586
-584
2962
3511
1179
-147
35
307
591
413
-1503
-3924
-3613
-2034
-2704
-4054
-3906
-3278
-3545
-4320
-4104
-3310
-3166
-2886
-2113
-1900
-1757
-977
-278
18
287
1031
1622
1211
1032
1619
1654
1433
1763
1981
1711
1449
1564
1723
1448
1002
309
-180
1995
5148
4102
14
-1509
428
2263
2421
2467
1674
-974
-986
2943
4570
1959
-12
353
851
744
605
-834
-3659
-4125
-1980
-1612
-3534
-4400
-3558
-3039
-3782
-4042
-3146
-2888
-3159
-2507
-1606
-1222
-706
182
803
778
1118
1833
1482
964
1891
2700
2228
1825
2146
2473
2201
1744
1570
1167
947
1080
417
708
3858
5256
1647
-1779
-552
2224
2261
1325
1340
-279
-2218
510
4275
3014
-68
-192
795
261
-338
-751
-3100
-4967
-2995
-1136
-2692
-4412
-3823
-2862
-3542
-4543
-3815
-3021
-3297
-2800
-1752
-1444
-1160
-148
854
833
454
1058
1287
616
1168
2449
2464
1908
2036
2497
2191
1750
1862
1409
410
583
1129
529
1240
4576
5525
1093
-2337
68
3089
1841
363
844
-526
-2118
1156
4803
2576
-830
-8
1206
-230
-902
-711
-2814
-4525
-2296
-339
-2107
-4188
-3668
-2821
-3854
-4630
-3376
-2486
-3044
-2857
-1585
-965
-966
-259
586
315
-50
721
933
297
1041
2593
2472
1341
1278
1891
1721
1309
1555
1509
808
629
639
178
1554
4864
4900
212
-2382
519
3187
1880
570
772
-599
-1336
2022
4621
2054
-798
89
1271
408
-63
-534
-2908
-3964
-1539
-68
-1938
-3729
-3289
-2752
-3683
-4000
-2807
-2264
-2685
-2330
-1317
-920
-992
-393
429
326
201
895
743
182
1290
2611
2008
1041
1581
2345
1922
1433
1796
1566
793
739
761
673
2586
5271
3977
-451
-1346
2034
3371
1291
356
611
-825
-768
2690
3993
846
-1020
427
1018
-125
-521
-1369
-3653
-3764
-1445
-1021
-2895
-3840
-3481
-3715
-4431
-3776
-2638
-2829
-3150
-2383
-1686
-1499
-1047
-322
-57
-94
488
956
394
363
1666
2201
1541
1378
2020
2122
1578
1606
1858
1346
1183
1562
859
471
2972
5425
3149
-888
-473
2629
2795
1066
768
276
-1388
-240
3379
3517
146
-839
786
817
-237
-514
-1873
-3998
-3327
-1010
-1070
-3229
-4312
-3766
-3636
-4096
-3672
-3078
-3224
-3186
-2502
-1767
-1467
-1269
-567
-8
-16
285
591
341
499
1491
1920
1496
1488
2162
2325
1892
1725
1649
1526
1762
1623
682
1062
3912
5525
2632
-560
642
3174
2612
980
901
440
-713
987
4004
3137
107
-48
1332
919
-32
-410
-1982
-3655
-2456
-662
-1555
-3452
-3706
-3250
-3639
-4141
-3556
-2892
-3129
-3065
-2220
-1605
-1428
-949
-262
-95
-156
459
765
337
715
1788
1891
1447
1785
2306
2008
1613
1844
1832
1480
1581
1437
808
2027
4879
4811
1028
-760
1699
3551
1990
457
513
-352
-714
2030
3942
1616
-773
183
1354
247
-830
-1416
-3200
-4062
-2277
-1344
-3093
-4413
-3662
-3295
-4640
-5167
-3937
-3274
-3664
-3322
-2333
-1999
-2043
-1097
106
-92
-517
203
610
347
1051
2141
1837
1097
1794
2689
2142
1556
1978
2034
1624
1574
1485
1310
2665
5063
4590
1058
-146
2402
3653
1771
252
248
-383
-277
2381
3752
1281
-678
370
1195
148
-917
-1715
-3133
-3536
-2049
-1439
-2942
-3952
-3442
-3282
-4208
-4572
-3721
-3104
-3183
-2796
-2046
-1778
-1522
-623
177
39
-166
275
488
590
1641
2414
1737
1270
2097
2709
2340
2069
2364
2253
1850
1931
1686
1268
3028
5711
4597
670
-31
2872
3708
1481
216
245
-535
61
3052
3778
753
-871
705
1449
21
-1031
-1793
-3293
-3436
-1901
-1760
-3470
-3984
-2826
-2879
-4683
-5233
-3897
-3055
-3202
-2886
-2128
-1936
-1606
-276
550
-218
-665
-11
405
665
1509
2023
1562
1426
2312
2764
2053
1630
2089
2223
1712
1345
1131
1317
3375
5941
4761
716
-198
2535
3276
735
-1105
-1255
-1178
525
4052
4736
1259
-736
286
343
-1299
-2231
-2550
-3491
-3459
-1901
-2167
-4282
-4734
-3746
-4220
-6052
-6212
-4529
-3402
-3124
-2523
-2315
-2563
-1519
435
1155
596
707
1575
1969
2591
3753
3574
2267
1932
2557
2565
1948
1764
1678
1008
595
341
-878
-1311
1927
6080
5324
1319
700
2961
2766
748
477
994
541
2124
5586
5442
1940
905
1816
365
-1868
-2519
-3754
-5660
-4709
-2799
-4396
-7173
-6579
-4827
-5581
-6931
-6212
-4488
-3236
-1737
-534
-576
-288
1537
3229
3579
3687
4168
4032
3614
4020
4041
2482
1437
2478
3371
2528
1022
-118
-769
-716
-522
-1840
-3853
-3710
-2611
-2722
-1560
2945
6451
5005
2922
3880
4171
2400
2371
3931
3401
2172
4270
6578
4992
2629
1770
-390
-3443
-4142
-4516
-6970
-7866
-6098
-6390
-8893
-8687
-6610
-6761
-7497
-6368
-4726
-2987
75
2522
2169
2235
4841
6395
5459
5045
5578
4865
3854
4117
3962
2601
1784
1470
-45
-1709
-1772
-1934
-3224
-3711
-3302
-3670
-4188
-3694
-3519
-3411
-257
4964
6960
5506
5159
6191
5858
4893
4685
3737
1751
1720
3704
3941
2291
865
-1101
-3685
-5049
-5940
-8358
-10313
-9038
-7276
-7721
-7781
-6076
-5222
-5538
-5016
-3560
-1669
1048
3815
4966
5431
6969
8069
7006
5592
5046
4103
2573
1808
1621
1087
614
166
-1095
-2477
-2838
-3095
-3976
-4256
-3409
-2668
-2349
-1938
-1591
-585
2515
6477
8145
7643
7828
8492
7675
6163
5077
3678
1620
385
606
904
264
-1175
-3133
-4663
-5131
-6154
-8641
-10349
-9596
-8105
-7345
-6506
-5264
-4304
-3145
-1599
-552
521
2505
4114
4725
5909
7606
7726
6225
5151
4519
2942
886
-708
-1769
-1718
-770
-776
-2023
-2676
-2386
-2722
-3636
-3720
-3224
-2771
-1750
-571
0
1068
3691
6816
8636
9053
8721
7768
6619
5622
4432
2636
347
-1422
-1517
-644
-924
-2741
-4290
-4634
-4791
-6003
-8029
-9321
-8671
-7036
-6386
-6116
-4516
-2492
-1356
-450
822
1921
2611
3328
4123
4832
5298
5176
4536
3952
3318
1871
-348
-1954
-2352
-2529
-2875
-2704
-2033
-1801
-2092
-2277
-2196
-1983
-1717
-1527
-1127
74
1385
2005
3220
6191
9034
9305
7865
6997
6331
4469
2280
722
-916
-2520
-2843
-2142
-1748
-2017
-2831
-3870
-4436
-4838
-6189
-7794
-7606
-5894
-4714
-4319
-3337
-1545
12
763
1018
1438
2441
3476
3727
3735
4206
4501
4110
3506
2807
1571
-163
-1670
-2463
-2555
-2221
-1897
-1499
-674
27
-189
-729
-768
-785
-1036
-743
310
1095
921
1400
4106
7256
8279
7413
6344
5607
4315
2135
182
-1017
-2247
-3328
-2989
-1365
-263
-700
-1807
-2323
-2366
-3415
-5668
-6953
-6102
-4973
-4771
-4243
-2565
-744
119
57
-100
399
1163
1243
1150
2077
3187
3192
2989
3416
3242
1600
-379
-1220
-1299
-1630
-2023
-1844
-906
270
592
-72
-528
-397
-375
-736
-1098
-915
-268
316
1468
3942
6387
6987
6274
5787
5306
3668
1564
217
-809
-2080
-2623
-1601
-140
192
-593
-1451
-1657
-1956
-3883
-6454
-7083
-6029
-5521
-5398
-4363
-2768
-1467
-668
-335
-223
167
632
893
1541
2563
2987
3092
3753
4098
2986
1126
-176
-763
-1277
-1783
-1722
-976
-5
442
92
-200
4
-339
-1542
-2188
-1617
-957
-1005
-899
661
3471
5796
6585
6609
6541
5568
3407
1496
568
-493
-2058
-2375
-621
1192
1328
546
171
143
-932
-3753
-6369
-6743
-6132
-6341
-6412
-5135
-3115
-1394
-588
-508
-277
237
316
327
1276
2534
2999
3477
4806
5644
4683
2635
1059
143
-806
-1625
-1972
-1647
-595
294
264
39
-113
-903
-1824
-2086
-2146
-2146
-1773
-998
999
4448
7078
7509
7391
7428
6230
3885
2023
745
-1020
-2584
-2185
-339
711
421
-129
-449
-983
-2651
-5612
-7913
-8086
-7719
-7753
-6685
-4571
-2926
-1507
-46
656
838
966
968
1508
2540
3045
3412
4518
5583
5431
4031
2114
466
-837
-2070
-2970
-3086
-2381
-1310
-597
-286
31
-78
-898
-1597
-1872
-2281
-2478
-1958
-829
1392
4650
7189
8125
8302
7934
6527
4383
2277
250
-1761
-2870
-2259
-968
-524
-624
-344
-35
-739
-2873
-5669
-7433
-7743
-7990
-8284
-7334
-5299
-3036
-871
525
1060
1466
1678
1455
1402
1702
1872
2264
3557
4943
4983
3756
2447
1404
-27
-1897
-3116
-3323
-3065
-2351
-1329
-445
259
589
408
32
-605
-1565
-1982
-1581
-962
574
3761
6874
8391
8984
8894
7596
5522
3206
581
-1885
-3259
-3189
-2349
-1528
-644
310
749
336
-1273
-4008
-6231
-7135
-7963
-8626
-7638
-5412
-3165
-785
1460
2715
3074
2937
2342
1751
1407
1147
1481
2626
3802
4346
3968
2937
1925
472
-1777
-3369
-3716
-3677
-3191
-1965
-585
670
1547
1572
1049
214
-1042
-2034
-2386
-2225
-228
3791
7049
8525
9609
9983
8636
5971
2668
-830
-3856
-5537
-5386
-4170
-2946
-1387
506
1488
1004
-949
-4118
-6846
-8319
-9717
-10537
-9068
-6186
-3192
150
2895
4090
4489
4152
2760
1333
300
-353
215
1678
2876
3666
4057
3673
2609
830
-1460
-3268
-4303
-4735
-4169
-2792
-1333
299
1849
2477
2225
1382
118
-984
-1908
-1908
554
4020
6261
8051
9878
10170
8503
5844
2540
-1201
-4459
-6202
-6319
-5534
-4080
-1679
705
1677
1233
-593
-3473
-5958
-8027
-10233
-10808
-8998
-6446
-3201
743
3513
4848
5678
5464
3932
1886
163
-487
-71
735
1814
3169
4027
4093
3517
1901
-321
-2065
-3396
-4190
-3824
-2876
-1645
262
2049
2921
3055
2337
1127
-14
-1259
-1330
992
3699
5402
7484
9626
9822
8263
6187
3214
-750
-4218
-5994
-6250
-5787
-4467
-1877
647
1687
1457
32
-2435
-5025
-7816
-10425
-10865
-9374
-7441
-4337
-346
2588
4605
6033
5858
4296
2293
621
-59
-295
-574
204
2093
3267
3394
3115
2145
635
-967
-2610
-3584
-3685
-3594
-2704
-801
635
1407
2042
2024
1275
182
-632
272
2448
3776
4949
7247
8827
8343
7036
5299
2208
-1546
-4184
-5327
-5730
-5673
-4467
-2054
-32
523
-32
-1398
-3246
-5493
-8335
-10280
-10084
-9080
-7374
-3794
41
2489
4541
6236
6381
5010
2986
1495
864
37
-666
350
2036
2446
2426
2703
2163
784
-687
-2034
-2769
-3233
-3587
-2662
-919
29
648
1535
1997
1700
785
567
2116
3691
4064
5274
7523
8050
6773
5878
4854
2054
-1445
-3520
-4168
-4818
-5256
-4086
-1974
-963
-926
-1008
-1642
-3157
-5549
-8029
-8923
-8519
-8092
-6501
-3277
-358
1878
4327
6052
6034
4984
3855
3001
2070
703
64
948
1710
1498
1726
2319
1961
868
-217
-870
-1356
-2221
-2543
-1647
-921
-865
-214
925
1332
954
633
1447
3431
4797
5045
6059
7646
7576
6241
5219
3789
994
-1847
-3200
-3584
-4268
-4668
-3473
-1708
-1075
-1333
-1940
-2974
-4547
-6781
-8706
-9246
-9224
-8712
-6420
-3263
-929
1314
3986
5538
5362
4583
3919
3081
1674
339
223
828
842
669
1259
1828
1404
433
-163
-407
-1228
-2454
-2683
-2026
-1599
-1362
-655
291
938
1135
1270
2368
4140
5120
5466
6577
7535
6957
5701
4753
3242
779
-1491
-2755
-3311
-3946
-4159
-3177
-1950
-1736
-2149
-2720
-3529
-4824
-6742
-8256
-8500
-8219
-7472
-5391
-2744
-664
1438
3811
5157
5068
4562
4163
3553
2414
1298
1119
1360
1037
747
1117
1394
1014
205
-336
-560
-1230
-2094
-2063
-1424
-1188
-1080
-502
336
944
913
688
1816
4014
5158
5456
6593
7807
7465
6254
5224
3636
928
-1719
-3046
-3558
-4273
-4572
-3422
-1900
-1412
-1666
-2090
-2820
-4367
-6586
-8058
-8332
-8487
-7955
-5716
-2994
-836
1521
4057
5499
5403
4793
4407
3559
2017
858
842
1094
927
993
1700
2183
1827
1045
512
125
-889
-1949
-2009
-1596
-1506
-1130
-148
844
1376
1263
1407
2836
4288
4407
4668
6042
6632
5718
4929
4426
2738
199
-1619
-2553
-3582
-4823
-4889
-3810
-3149
-3105
-3028
-3248
-3857
-4950
-6558
-7533
-7866
-8119
-7345
-5308
-3391
-1536
1118
3512
4528
4827
5078
4798
3734
2426
1579
1406
1057
517
751
1414
1515
1179
980
882
381
-574
-1207
-1254
-1322
-1387
-1093
-503
170
671
836
1236
2750
4509
5109
5434
6527
6927
5978
4899
3971
2352
120
-1687
-2626
-3460
-4318
-4068
-2982
-2455
-2485
-2551
-2975
-3701
-4848
-6627
-7937
-7955
-7727
-7230
-5419
-3145
-1200
1159
3343
4416
4857
4644
3993
3399
2528
1502
1381
1506
1228
1442
2151
2264
1846
1381
745
82
-660
-1418
-1702
-1445
-1271
-837
3
658
981
966
1037
2094
3494
3817
3969
5083
6022
5617
4769
4384
3497
1410
-680
-1855
-2727
-3762
-4261
-3638
-2728
-2377
-2244
-2113
-2439
-3485
-5066
-6174
-6683
-7409
-7512
-6064
-4198
-2552
-330
2181
3915
4595
4818
5011
4616
3282
2083
1793
1549
899
821
1625
2138
1869
1608
1704
1412
271
-766
-1013
-1249
-1772
-1872
-1482
-990
-556
-308
94
1254
2675
3582
4070
4767
5411
5158
4222
3516
2710
1028
-834
-2084
-2766
-3422
-3737
-3142
-2358
-2223
-2316
-2468
-3171
-4282
-5656
-7011
-7712
-7819
-7659
-6561
-4542
-2807
-1161
1111
3056
3808
4013
4243
4225
3660
2881
2684
2762
2418
2159
2551
2857
2600
2039
1515
1162
533
-372
-877
-883
-1025
-1103
-898
-668
-484
-363
-424
136
1723
2939
3313
4199
5598
5878
5165
4703
4171
2429
58
-1493
-2123
-2934
-3687
-3305
-2353
-1925
-1922
-2069
-2596
-3565
-5110
-6666
-7630
-8134
-8123
-7185
-5563
-3768
-1567
901
2754
3771
4485
4732
4487
4071
3369
2863
2836
2702
2538
2856
3088
2753
2236
1837
1309
417
-457
-988
-1127
-1132
-1235
-1277
-1003
-666
-515
-624
-368
958
2303
2831
3677
5183
5911
5533
5024
4657
3387
1069
-773
-1605
-2499
-3563
-3647
-2733
-2130
-2213
-2347
-2505
-3119
-4481
-6144
-7117
-7568
-8100
-7663
-5894
-4081
-2471
-325
2055
3708
4296
4471
4824
4731
3841
3058
3050
3041
2502
2222
2514
2563
1964
1153
705
320
-530
-1321
-1479
-1470
-1653
-1786
-1720
-1518
-1355
-1284
-1363
-937
470
1836
2491
3514
4935
5482
5106
4630
3957
2356
186
-1413
-2277
-3170
-3760
-3332
-2440
-2009
-1782
-1578
-1987
-2989
-4248
-5652
-6670
-7284
-7611
-6800
-5120
-3666
-1905
717
2955
4014
4532
5097
5404
4838
3838
3412
3432
3111
2723
2845
2996
2661
2153
1767
1254
520
-161
-611
-949
-1261
-1360
-1373
-1534
-1584
-1241
-1136
-1464
-979
655
1958
2496
3578
5164
5718
5078
4520
3998
2335
-45
-1520
-2103
-2968
-3598
-3031
-2034
-1558
-1389
-1419
-1834
-2667
-4149
-5814
-6905
-7556
-7609
-6746
-5429
-3768
-1514
784
2520
3749
4617
4921
4632
4161
3797
3417
3111
2979
2864
2772
2798
2658
2068
1357
809
228
-341
-775
-1242
-1370
-1214
-1418
-1693
-1574
-1514
-1805
-2062
-1540
-79
1192
2069
3523
5263
5888
5351
4800
4255
2500
-34
-1550
-2225
-3134
-3676
-2911
-1735
-1202
-1088
-1039
-1397
-2468
-4308
-6216
-7321
-7975
-8265
-7455
-5766
-3951
-1734
773
2776
4013
4828
5098
4765
4343
3989
3449
2884
2809
2920
2799
2506
2314
1958
1222
432
-188
-708
-1182
-1558
-1751
-1713
-1776
-2076
-2199
-2105
-2166
-2473
-2424
-1178
657
1884
2965
4781
6275
6250
5359
4745
3681
1305
-1039
-2032
-2477
-3104
-2855
-1449
-298
4
126
-33
-923
-2566
-4643
-6284
-7240
-7827
-7452
-5913
-4195
-2300
251
2667
4080
4752
5161
5113
4479
3707
3105
2733
2545
2465
2584
2746
2599
2241
1862
1259
382
-417
-865
-1157
-1646
-2024
-1967
-1934
-2261
-2595
-2584
-2457
-2722
-2744
-1220
894
1983
2883
4725
6159
5725
4513
3856
2687
206
-1957
-2588
-2541
-2692
-2339
-845
652
1014
692
110
-988
-2857
-5129
-6732
-7532
-8107
-7606
-5520
-3312
-1377
1062
3380
4469
4769
4898
4542
3477
2409
2089
2325
2372
2235
2657
3302
3228
2592
2015
1394
431
-729
-1445
-1634
-2058
-2511
-2295
-2024
-2392
-2783
-2680
-2541
-2865
-3003
-1815
167
1503
2425
4089
5677
5538
4346
3625
2705
591
-1590
-2343
-1986
-1829
-1566
-176
1474
1839
1278
620
-477
-2461
-4888
-6723
-7667
-7895
-7293
-5764
-3577
-1292
785
2685
3913
3957
3566
3242
2530
1652
1366
1755
2363
2834
3307
3937
4158
3546
2616
1791
655
-792
-1753
-2032
-2198
-2422
-2421
-2106
-1904
-2231
-2654
-2671
-2846
-3355
-2832
-886
950
2033
3549
5449
6143
5292
4240
3544
2139
-174
-1692
-1407
-744
-607
131
1812
2796
2275
1194
36
-1754
-4345
-6599
-7527
-7688
-7477
-6005
-3487
-1269
530
2245
3318
3347
2777
2234
1845
1258
1013
1819
3020
3708
4121
4642
4794
3911
2359
1045
-127
-1570
-2750
-3011
-2826
-2838
-2692
-2191
-1998
-2357
-2888
-3228
-3466
-3935
-4015
-2609
-353
1411
2875
4811
6439
6364
5100
4100
3156
1232
-759
-1251
-567
-10
544
1896
3182
3056
1836
440
-1179
-3391
-5797
-7334
-7638
-7285
-6340
-4395
-2064
-410
732
1832
2294
1694
956
917
1156
1122
1482
2958
4542
4967
4776
4880
4462
2732
651
-645
-1601
-2815
-3594
-3164
-2215
-1877
-1877
-1535
-1434
-2341
-3526
-4068
-4255
-4726
-4704
-2796
189
2182
3495
5653
7361
6687
4825
3829
2960
884
-1034
-888
346
808
1292
2855
3942
3138
1537
116
-1521
-3796
-6050
-7096
-6972
-6682
-5842
-3748
-1771
-891
-25
1106
1314
703
458
870
1417
1879
2758
4298
5433
5524
5325
4923
3600
1679
99
-953
-1754
-2363
-2369
-1644
-992
-971
-1073
-1161
-1830
-2991
-4043
-4763
-5057
-4871
-4231
-2530
300
2734
4104
5556
6917
6556
4802
3469
2778
1515
-23
-252
840
1668
2016
2882
3771
3240
1553
-78
-1649
-3748
-5975
-7208
-7277
-7010
-6499
-4932
-3023
-1948
-1239
-190
491
329
171
722
1580
2248
3040
4190
5175
5282
4766
4071
3000
1530
224
-721
-1327
-1589
-1679
-1575
-1296
-1272
-1674
-2225
-2977
-3871
-4644
-5084
-5110
-4540
-3609
-2299
-45
2489
3965
4861
6051
6417
5248
3786
3153
2646
1553
743
1348
2375
2563
2653
3221
3094
1658
-131
-1754
-3363
-5115
-6656
-7240
-6815
-6245
-5452
-3917
-2338
-1449
-668
214
630
673
1032
1844
2509
2944
3652
4599
4904
4471
4020
3515
2351
914
32
-469
-1149
-1800
-1998
-1975
-2097
-2479
-2908
-3249
-3686
-4261
-4600
-4488
-4096
-3552
-2818
-1459
800
3004
4089
4849
6117
6598
5403
4042
3742
3361
2101
1350
1972
2645
2531
2591
2977
2627
1217
-567
-2181
-3611
-5181
-6558
-6855
-6339
-5694
-4656
-3117
-1847
-1011
-156
573
759
697
998
1731
2428
2944
3778
4830
5189
4667
4064
3456
2238
599
-535
-1018
-1585
-2287
-2478
-2337
-2531
-2896
-3114
-3363
-3868
-4337
-4514
-4371
-3962
-3290
-2433
-1355
490
2667
4021
4565
5494
6261
5563
4201
3742
3514
2336
1331
1637
2342
2250
2082
2337
2179
989
-679
-2247
-3576
-4907
-6279
-6820
-6383
-5768
-5003
-3668
-2485
-1662
-712
1
63
272
952
1522
1914
2666
3741
4460
4545
4296
4010
3272
1965
596
-332
-999
-1675
-2341
-2538
-2380
-2732
-3094
-2842
-2828
-3446
-3675
-3435
-3380
-3352
-2880
-2053
-1286
-85
2101
4158
4834
5272
6473
6714
5111
3776
3684
3123
1741
1336
2312
2952
2613
2599
3061
2390
395
-1462
-2769
-4157
-5771
-6796
-6525
-5664
-5091
-4213
-2652
-1568
-1218
-648
-95
-64
73
763
1525
2199
2926
3780
4550
4562
3785
3049
2403
1127
-274
-934
-1217
-1746
-2178
-2131
-2089
-2402
-2704
-2735
-2910
-3271
-3471
-3358
-3150
-2894
-2304
-1549
-912
301
2572
4240
4425
4900
6252
6253
4504
3518
3782
3193
1784
1721
2921
3297
2714
2741
2968
1830
-347
-2227
-3571
-4809
-6183
-6937
-6312
-5271
-4717
-3825
-2505
-1881
-1747
-1260
-944
-1083
-695
466
1531
2226
2989
3961
4621
4319
3368
2523
1733
656
-418
-1014
-1099
-1218
-1582
-1711
-1747
-2189
-2735
-3008
-3270
-3508
-3513
-3296
-2990
-2594
-2128
-1561
-1062
-303
1528
3482
4007
4246
5680
6374
5145
4030
4179
3848
2606
2146
2986
3529
3027
2800
2957
2061
-45
-1848
-3079
-4309
-5558
-6317
-6126
-5383
-4891
-4371
-3458
-2931
-2842
-2334
-1672
-1361
-742
482
1641
2376
3031
3746
4278
4208
3497
2735
2317
1806
892
198
92
14
-603
-1168
-1374
-1898
-2769
-3131
-3088
-3191
-3204
-2908
-2454
-2216
-2134
-1837
-1511
-1446
-294
2318
4007
4091
5181
7102
6863
4968
4268
4492
3565
2193
2367
3646
3824
3092
3073
2986
1259
-1081
-2660
-3915
-5256
-6360
-6713
-6198
-5581
-5324
-4722
-3859
-3583
-3465
-2586
-1780
-1451
-602
797
1737
2252
2859
3420
3910
3956
3422
2980
2874
2370
1409
710
383
-178
-1092
-1715
-1931
-2284
-2827
-2881
-2564
-2537
-2714
-2615
-2498
-2721
-3002
-2857
-2415
-1921
-303
2556
4413
4685
5737
7214
6440
4403
3848
4003
2977
2027
2904
4194
3896
3184
3305
2640
287
-1930
-3339
-4713
-5845
-6491
-6706
-6256
-5629
-5371
-4832
-4228
-4304
-3928
-2563
-1902
-1876
-700
1032
1735
1998
3000
4103
4371
4183
4147
4102
3546
2589
1864
1401
612
-300
-634
-721
-1154
-1630
-1729
-1838
-2195
-2589
-2871
-3083
-3327
-3582
-3562
-2983
-2306
-1742
-186
2594
4514
4665
5077
6327
6183
4368
3426
3952
3759
2791
3221
4600
4487
3313
3134
2836
693
-1728
-2904
-3836
-5040
-5831
-6031
-5756
-5461
-5414
-5060
-4626
-4826
-4718
-3446
-2353
-2190
-1451
297
1573
1943
2530
3623
4385
4505
4430
4461
4200
3475
2726
2283
1785
969
334
189
-92
-841
-1443
-1887
-2545
-3111
-3402
-3693
-3844
-3633
-3305
-3100
-2707
-2041
-1537
-390
1962
3415
3146
3730
5382
5120
3432
3492
4497
3793
2885
3871
4735
3768
2823
2966
2281
203
-1446
-2225
-3270
-4371
-4913
-5319
-5674
-5871
-5924
-5816
-5891
-6062
-5245
-3782
-3127
-2651
-1105
578
1131
1521
2688
3660
3884
4232
4837
4863
4485
4235
3842
3137
2459
1806
1108
569
-59
-873
-1425
-1964
-2800
-3166
-3190
-3683
-3993
-3699
-3759
-4140
-3799
-3081
-2792
-2004
281
2452
2962
3373
4882
5444
4191
3608
4474
4423
3445
4049
5407
5061
4096
4392
4153
2075
221
-579
-1923
-3689
-4602
-5266
-6058
-6484
-6620
-6590
-6293
-6200
-5844
-4511
-3395
-3244
-2549
-841
179
407
1553
3328
4152
4471
5311
6030
5772
5232
4951
4595
3730
2768
2178
1787
1013
-3
-559
-1077
-2098
-2920
-3185
-3796
-4493
-4654
-4770
-5104
-5011
-4489
-4085
-3507
-1715
843
2181
2389
3539
5097
4689
3533
4240
5378
4849
4765
6335
6956
5857
5428
5441
3753
1369
117
-1074
-2922
-4024
-4589
-5584
-6284
-6412
-6767
-7083
-7114
-7090
-6619
-5695
-5278
-4815
-3216
-1634
-857
362
2320
3611
4312
5232
5880
5860
5816
5859
5415
4781
4394
3898
3140
2390
1567
629
-252
-1334
-2507
-3203
-3921
-4926
-5419
-5454
-5850
-6163
-5819
-5372
-5043
-4244
-2468
-187
1274
1845
3078
4596
4580
3995
4822
5749
5450
5729
6993
7108
6164
5908
5516
3684
1784
874
-381
-2203
-3134
-3654
-4859
-5923
-6336
-6903
-7505
-7638
-7618
-7246
-6403
-5739
-5083
-3731
-2388
-1538
-330
1244
2407
3427
4552
5339
5883
6310
6350
6150
6075
5893
5262
4479
3930
3295
2298
1317
371
-755
-1659
-2334
-3278
-4186
-4600
-5004
-5549
-5693
-5557
-5466
-5017
-3729
-1948
-561
137
1052
2434
2883
2471
3013
4217
4484
4714
5983
6792
6335
6063
6136
5131
3440
2480
1804
536
-473
-1014
-2024
-3285
-4070
-4882
-5957
-6729
-7215
-7470
-7233
-6936
-6853
-6166
-4961
-4166
-3385
-1894
-449
476
1639
3067
3885
4228
4901
5690
5961
5880
5977
6134
5907
5325
4793
4192
3195
2080
1213
328
-846
-1911
-2660
-3551
-4639
-5383
-5796
-6297
-6583
-5904
-4637
-3908
-3629
-2675
-1333
-971
-1087
-139
1298
1870
2565
4211
5290
5414
6040
6669
6032
5306
5256
4641
3582
3073
2411
1032
-160
-1104
-2431
-3703
-4666
-5542
-6111
-6327
-6730
-7105
-6927
-6564
-6375
-5862
-4765
-3675
-2730
-1444
38
1052
1866
3012
4095
4755
5341
6012
6574
6856
6830
6711
6529
5936
5075
4440
3618
2320
1162
78
-1396
-2773
-3763
-4835
-5806
-5953
-5468
-5293
-5554
-5306
-4439
-4176
-4410
-3709
-2330
-1489
-454
1502
3040
3703
4721
5900
5988
5600
5761
5798
5219
4928
4849
3970
2865
2276
1359
-183
-1321
-2100
-3129
-3987
-4611
-5470
-6090
-6176
-6357
-6454
-5907
-5152
-4542
-3656
-2695
-2016
-1239
-199
678
1549
2653
3608
4437
5250
5722
5811
5898
5827
5347
4870
4591
3969
2969
2060
1143
-1
-1151
-2226
-3060
-3220
-3211
-3780
-4274
-3982
-3934
-4546
-4491
-3663
-3282
-2957
-1627
-229
316
1009
2185
2690
2608
2958
3364
3216
3192
3525
3436
2907
2553
2210
1483
677
-2
-633
-1182
-1656
-2263
-2818
-3140
-3437
-3721
-3807
-3771
-3672
-3329
-2948
-2765
-2511
-1941
-1415
-1026
-378
492
1132
1662
2287
2721
2866
3016
3133
3060
2987
2941
2787
2525
2214
1697
1109
651
101
-629
-963
-744
-719
-1073
-1386
-1427
-1648
-2210
-2395
-2077
-2012
-1930
-1010
1
169
423
1316
1588
1166
1181
1428
1179
1041
1472
1580
1245
1315
1543
1221
753
573
354
40
-152
-466
-906
-1032
-1129
-1474
-1637
-1567
-1595
-1616
-1618
-1783
-1849
-1710
-1711
-1674
-1190
-652
-347
25
498
699
751
920
1048
1057
1263
1611
1798
1989
2220
2293
2120
1938
1617
1192
815
484
434
448
72
-363
-368
-515
-958
-1212
-1176
-1336
-1466
-1079
-894
-1122
-790
-237
-359
-384
208
434
225
632
1163
904
661
1058
1121
750
809
1002
777
680
777
444
-19
-226
-616
-1209
-1412
-1515
-1936
-2026
-1730
-1840
-2087
-1893
-1821
-1970
-1830
-1544
-1448
-1129
-558
-223
110
669
1045
1299
1841
2008
1952
2134
2354
2041
1680
1786
1563
994
898
692
181
230
86
-361
-925
-995
-1338
-2263
-2178
-1873
-2346
-2275
-1306
-837
-868
-503
215
125
4
400
578
679
1083
1615
1733
1801
2071
2043
1786
1624
1293
902
779
609
150
-191
-303
-636
-1033
-1158
-1396
-1757
-1793
-1710
-1890
-2023
-1838
-1617
-1549
-1237
-752
-468
-108
390
637
737
1054
1446
1434
1706
1897
1860
2100
2057
1813
1595
1366
1075
608
223
-41
-447
-408
-612
-687
-876
-1218
-1187
-1627
-1677
-1680
-1974
-1568
-1153
-926
-441
-43
504
722
925
1282
1311
1501
1602
1800
1952
1781
1830
1854
1510
1257
1144
832
382
171
-10
-477
-852
-1075
-1375
-1685
-1822
-1837
-1913
-1872
-1669
-1643
-1694
-1521
-1400
-1337
-1150
-875
-717
-142
343
365
661
839
950
786
744
1137
1167
966
1500
1524
1296
1033
621
718
278
-322
-544
-480
-729
-1171
-1039
-1088
-1428
-1273
-1436
-1336
-1099
-1357
-967
-613
-457
-108
-27
482
819
862
1114
1385
1648
1565
1893
2094
1665
1683
1843
1376
960
872
643
275
51
-162
-393
-625
-980
-1238
-1399
-1614
-1818
-1826
-1781
-1818
-1919
-1886
-1761
-1930
-1977
-1351
-1146
-1218
-285
238
224
428
1022
1418
1359
1512
2182
2049
1780
2064
1985
1415
1065
1513
826
353
365
141
-354
-800
-622
-475
-1323
-1427
-976
-1311
-1673
-1754
-1037
-928
-1145
-379
320
390
697
1247
1793
1662
1786
2258
2236
2231
2405
2400
2328
2200
1956
1673
1333
762
282
68
-517
-1106
-1381
-1632
-2059
-2309
-2472
-2601
-2683
-2721
-2681
-2687
-2871
-2117
-1846
-2001
-1004
-521
-464
261
498
847
1300
1419
1945
1936
2058
2170
2193
1605
1757
1779
1085
888
436
247
200
-1032
-986
-748
-1402
-1476
-2068
-1302
-1579
-2393
-1528
-1506
-1572
-1288
-928
-294
-305
512
1000
1031
1807
2169
2220
2214
2573
2613
2390
2355
2172
1694
1468
1065
348
-20
-337
-768
-1296
-1434
-1602
-2116
-2304
-2272
-2669
-2688
-2588
-2613
-2481
-2396
-1945
-1748
-1354
-1094
-430
-13
182
876
1251
1479
1885
1724
1997
2234
1654
1672
1945
1814
1408
1453
1401
929
508
35
1
-457
-1299
-975
-980
-1793
-1755
-947
-1855
-1566
-966
-1299
-723
-641
-718
361
-133
391
1109
936
1835
1661
2246
2349
2149
2358
2070
1984
1947
1282
1431
1185
464
470
128
-457
-807
-1025
-1480
-1616
-1841
-1929
-1965
-1844
-1908
-1773
-1655
-1600
-1117
-1142
-738
-621
-151
-1
-123
454
812
524
1094
1152
1463
1601
903
1920
1324
695
922
998
279
-202
293
27
-546
-573
-872
-654
-1207
-1817
-811
-1611
-1448
-983
-1496
-693
-886
-861
-158
-547
262
290
301
1116
758
1254
1493
1152
1661
1495
1437
1536
1218
1478
1064
922
778
567
226
3
-164
-545
-682
-848
-1131
-1213
-1186
-1527
-1356
-1368
-1299
-1370
-1021
-1044
-851
-427
-662
-175
51
-105
217
375
295
651
397
575
927
441
259
664
367
71
206
2
-60
151
-768
-59
-555
-741
-396
-1155
-337
-877
-995
-539
-771
-852
-421
-765
-135
-143
-192
679
495
367
755
1478
355
1097
1403
1120
1344
1180
1533
1400
1079
1142
963
781
590
356
307
-64
128
-209
-455
-302
-314
-591
-520
-379
-573
-624
-313
-462
-605
6
-366
-174
93
-199
197
122
-137
-213
548
-145
-323
409
-188
110
98
-488
65
49
-650
47
-930
74
-447
-1121
-71
-846
-94
-871
-383
87
-710
159
0
-754
927
31
16
379
198
1377
-687
600
1071
-114
695
134
379
830
-244
397
286
88
455
-261
388
215
-38
267
5
142
110
73
262
17
119
472
153
-54
355
247
-276
223
-28
-381
338
-354
-541
-135
-93
-592
-1065
275
-495
-1335
32
-598
-979
-508
-1044
-95
-956
-1273
801
-844
-527
583
-165
-92
288
571
-537
286
1124
-731
45
976
-549
220
-288
-55
362
-1214
290
-12
-842
-298
156
-695
-747
298
-470
-699
317
51
-383
582
511
-225
842
1136
-16
1205
1112
971
1191
580
1531
1059
440
867
1072
586
63
779
625
-359
30
246
-563
-418
-532
-750
-189
-641
-1287
154
-503
-904
-344
-573
132
-350
-507
612
-69
286
425
-632
1339
-168
-108
858
-217
537
688
-885
621
548
-955
215
-219
-296
-204
-366
-942
-192
-383
-970
-830
-377
-170
-885
-475
331
-226
-101
7
513
316
-92
681
854
19
994
828
162
1186
563
579
248
1470
-6
56
991
-44
-348
74
-21
-723
-59
-641
-54
-903
-270
-577
-587
-503
-891
-19
-970
-67
-267
-940
347
415
-1680
991
304
-748
463
113
528
-69
18
334
-127
35
251
-906
245
68
-417
-792
-57
-19
-695
-1149
532
-259
-1618
1016
-255
-1209
843
-161
-351
307
-300
1247
-200
48
1298
589
326
969
628
844
755
293
784
267
994
-177
50
881
-471
-172
-111
-379
-130
-888
-403
-200
-1227
-160
-859
-485
-604
-573
129
-966
382
-138
22
254
190
400
674
-150
1010
780
-104
1004
555
408
339
662
-223
793
-461
25
35
-676
-41
-785
-358
-543
-585
-379
-1026
-97
-328
-1039
151
-343
-96
413
-600
1177
552
-27
1585
269
1304
544
789
1248
529
638
1081
482
384
540
10
326
-649
-5
-635
-228
-1303
-331
-565
-1219
-571
-1079
-269
-1122
-554
-533
36
-934
401
-114
-137
800
36
858
196
1468
372
612
980
1013
-93
628
276
222
-35
-651
674
-1072
-135
-736
-901
-608
-816
-1457
-827
-894
-771
-1152
-1088
285
-927
-595
6
187
193
-397
582
913
-272
569
813
438
331
362
950
-117
38
655
-120
-439
-35
-293
-244
-800
-185
-274
-936
-60
-610
-660
-41
-359
-374
335
-338
1100
-142
598
1407
262
1058
836
861
1148
447
656
1534
-206
856
492
582
-135
185
235
23
-783
10
-246
-1074
-318
-886
-376
-926
-405
-322
-346
-533
698
-1112
616
327
-624
839
66
427
354
99
994
-372
694
362
-745
1169
-709
-192
70
-541
-171
-740
-728
147
-1252
-560
-165
-536
-733
-207
239
-860
616
-96
411
303
597
769
-12
1485
506
-80
1621
299
417
1158
-155
1345
382
-491
1286
-403
-132
273
-716
32
-318
-670
-353
-524
-367
-535
-725
-66
-505
-446
-163
-267
-204
-49
-74
-72
65
108
518
-297
229
842
-385
413
-221
451
290
-1246
918
-11
-1136
371
-660
-304
-332
-1014
-11
-681
-615
-232
-517
-588
36
-423
-472
-18
-92
0
-410
255
411
-342
692
33
205
1114
-527
800
274
526
314
-227
822
35
152
-68
-153
977
-877
97
562
-907
815
-605
-717
1072
-824
-379
666
-948
795
-415
-178
672
-453
764
-70
-197
1443
-435
63
1376
-831
1037
262
-454
1239
-328
-106
1042
-994
767
167
-1052
897
-538
-370
-108
47
-449
-463
221
-617
-691
207
-714
-49
-384
-102
302
-857
837
-327
-73
472
-324
451
-336
646
-31
-358
1457
-728
-51
1263
-757
347
181
11
357
-823
480
-145
-287
-183
4
185
-329
-108
130
-69
-123
-104
4
-71
505
-630
451
1052
-984
939
485
-308
780
-5
123
935
-231
510
510
444
-166
677
135
-449
1127
-914
165
7
-356
170
-1135
393
-93
-985
166
-872
430
-798
-1084
912
-1600
102
-509
-831
663
-1171
472
-621
-306
842
-1700
627
-110
-615
169
-824
703
-853
168
-171
-795
807
-892
-775
686
-1299
710
-968
-820
1227
-734
-1009
431
553
-772
235
-519
1002
-84
-226
111
1445
-142
494
599
864
1033
-48
901
663
1015
33
599
759
1211
-689
1590
9
519
550
-470
581
337
-533
37
250
-36
-354
42
248
-883
865
-832
31
163
-607
437
-202
-625
874
-353
-222
126
-122
441
-746
-32
-166
-113
-465
-433
-696
485
-875
-1258
739
-1325
-96
-779
-925
442
-1128
-900
694
-1104
-113
200
-541
324
-133
421
-58
497
445
251
691
381
357
1179
309
160
1622
358
-221
1724
-183
503
882
-452
987
269
-502
903
59
-485
1028
-582
4
410
-223
-195
249
-30
-110
331
-300
137
-18
-207
233
-388
-241
563
-1298
279
-274
-1048
575
-1563
-126
-9
-2069
369
-601
-1713
233
-1111
-743
-504
-1288
-129
-447
-1392
343
-800
-236
-291
-819
993
-868
-295
1084
-815
238
937
-1184
1926
-723
153
1843
-1385
1457
423
-325
1471
-169
335
1530
-939
1480
333
-82
1482
-444
958
685
-84
984
14
739
709
-412
1343
104
55
770
-167
438
181
-290
336
23
-445
139
-301
-219
-38
-549
-74
-444
-618
172
-983
-155
-58
-976
425
-1171
32
47
-1366
716
-498
-1034
887
-985
-282
121
-555
342
-851
343
-46
-470
130
-126
-203
343
-681
618
-217
-345
783
-201
-38
780
102
203
691
-342
1490
-253
369
1101
163
573
382
608
739
-143
703
661
-175
484
113
707
-790
651
27
-334
280
-561
210
-164
-432
-126
17
-494
-106
-382
-290
28
-596
-474
453
-841
-343
125
-528
73
-788
-38
149
-772
-286
-147
-120
-587
-556
-153
-355
-252
-790
130
-316
-294
-313
-354
253
-652
96
51
-561
637
-71
-525
1008
-502
474
349
-109
561
384
-23
400
471
-19
549
157
4
396
351
-274
369
320
-119
-60
491
-381
116
366
-592
652
-71
-692
1391
-911
-110
1043
-1173
688
101
-601
702
-222
244
-192
-116
1117
-1144
411
252
-287
308
-969
701
423
-1696
1008
119
-1122
671
-437
187
-471
-99
589
-1200
354
523
-1052
860
-543
447
738
-1402
1729
73
-775
1549
-249
284
945
-559
1091
94
191
616
-218
697
-17
169
-94
567
-249
-157
226
-204
-89
-194
-32
-303
23
-476
32
-459
-54
-197
-311
-338
176
-290
-517
535
-496
133
-402
451
-361
-311
317
-203
-121
-79
-20
-375
258
-572
37
-273
22
-415
-336
-3
-355
-140
-506
-162
414
-854
-330
1046
-1106
465
-143
152
527
-897
1000
-9
26
231
99
840
-553
358
767
-732
706
107
-328
603
-484
154
208
-560
100
70
-258
-200
-127
-100
354
-566
-185
611
-274
-233
6
764
-287
-18
495
-62
446
-113
178
380
-69
69
363
-218
0
247
-80
-679
235
-31
-872
285
-602
-177
-64
-760
-103
-50
-669
-146
-16
-366
-109
246
-54
-281
649
-107
-168
600
-169
176
877
-710
747
509
-568
812
45
-45
550
-95
-203
413
77
-19
-169
503
-265
-37
244
-191
672
6
-97
721
319
-256
860
190
403
595
146
869
537
-28
763
577
-260
718
35
446
-53
-238
515
-456
-285
89
-465
-288
-563
-438
-340
-776
-265
-780
-327
-591
-752
-83
-619
-543
-186
-354
-370
-235
-143
-204
-152
-211
0
190
-571
352
57
-410
-20
-28
37
-254
-248
216
-313
-374
222
-492
141
-411
-137
260
-473
77
405
-415
127
335
8
521
5
597
238
382
294
395
805
308
289
387
491
287
211
224
820
-270
8
185
114
-174
-408
430
-382
-406
-200
-20
-393
-517
-216
98
-694
-238
-38
-115
-110
-564
492
-198
-222
30
62
198
-70
-121
440
9
-239
170
119
-27
-61
85
-185
-184
80
-192
-118
-3
-301
-219
-161
-205
63
-51
-99
23
-106
73
-25
358
60
205
462
-1
328
596
188
450
371
247
497
30
613
347
-72
409
77
100
-152
169
184
-542
11
62
-417
-73
-27
-378
-32
-188
-312
157
3
-225
285
-82
-144
283
223
-118
538
321
-89
432
180
125
375
41
25
352
-389
40
-14
-169
-172
-152
-336
-471
-449
-183
-563
-324
-234
-591
-271
-643
-232
-271
-375
-178
-152
-478
191
-7
-243
377
96
-175
112
102
244
39
196
271
-128
163
34
145
-83
-100
204
-375
-292
170
-158
-290
1
-197
-258
-198
-38
31
-17
0
3
83
-28
191
413
116
182
363
224
131
384
364
91
392
-57
225
248
-174
375
-88
-166
136
-338
-145
-24
-366
-2
-330
-207
-219
-269
-118
-88
-301
-13
42
-285
153
113
72
121
231
98
300
151
282
213
411
236
217
247
140
398
-73
205
303
4
-31
21
170
-87
-233
206
-163
-163
-143
-12
78
-254
147
128
-224
115
104
136
49
-1
491
-158
158
366
125
34
93
219
-75
-54
100
56
-226
-44
-152
-106
-305
-293
-114
-354
-400
-288
-158
-270
-297
-228
-34
-322
-202
-105
-39
-40
-109
125
78
144
23
166
214
91
129
82
102
241
-13
35
232
-56
-100
-18
-134
-109
-228
-234
-65
-273
-254
-69
-114
-313
-114
-51
-328
-90
74
-121
12
116
87
150
42
199
262
5
127
246
131
15
144
217
7
-37
24
47
-195
-131
19
-206
-162
-122
-180
-141
-258
-104
-144
-158
-109
-55
58
-101
131
145
9
178
183
88
252
238
226
320
291
299
178
283
214
84
176
138
51
95
111
50
76
15
-19
-51
-66
-150
-49
-34
-142
-3
58
-57
-11
36
-21
-59
-8
41
60
-9
104
118
-75
-2
10
-39
-136
-17
-31
-110
-56
-71
-29
-140
-140
-108
-197
-170
-148
-119
-5
-98
11
36
-74
32
-2
21
-5
28
60
53
101
93
166
146
34
136
105
26
79
124
84
70
70
64
36
68
9
-1
100
-51
-5
68
21
1
49
-8
-10
-11
-89
19
38
-47
-1
34
-74
-66
-56
-84
-93
-106
-137
-136
-81
-110
-110
-69
-109
-131
-210
-182
-100
-214
-115
-6
-146
-108
-51
-148
-118
-125
-93
-93
-158
-13
-57
-79
-47
-11
-81
-122
-37
-52
-88
-25
60
-28
27
57
42
44
0
107
116
42
181
179
139
166
184
224
137
158
193
136
168
178
155
225
134
96
153
102
17
70
89
21
-7
4
71
-36
-49
51
17
-65
-55
47
-50
-113
56
2
-122
68
2
-59
45
0
19
6
-1
1
-26
-20
-27
-24
4
-34
-43
-6
-84
-61
-32
-100
-59
-55
-67
-48
-12
-17
6
20
-25
30
0
9
80
43
51
85
101
61
76
126
94
61
59
97
65
5
71
75
-36
6
13
-42
-31
-55
-47
-42
-107
-96
-46
-111
-135
-65
-85
-133
-62
-86
-85
-14
-99
-53
5
-92
-64
33
-47
-69
40
-26
-31
-30
-8
-19
-79
-64
-59
-80
-85
-81
-70
-60
-136
-73
-75
-143
-83
-92
-110
-73
-23
-53
-21
63
-22
1
99
1
17
113
64
71
126
96
130
97
92
139
53
78
115
35
50
90
43
4
58
22
-32
24
5
-41
-10
37
-22
-32
52
-15
-12
58
7
6
59
22
38
69
44
47
69
27
33
70
30
8
64
3
-19
35
9
-44
9
25
-53
-9
27
-16
-23
26
1
5
10
23
57
15
60
69
47
62
88
77
74
90
103
66
68
70
23
21
7
4
-49
-18
-27
-74
-54
-56
-82
-84
-91
-82
-83
-100
-62
-81
-65
-67
-49
-39
-40
-28
-27
-21
-27
-8
-3
20
0
15
21
-2
-8
6
8
-25
-4
8
-22
-33
-2
-10
-28
-42
-19
-26
-65
-44
-32
-34
-52
-28
-6
-42
-32
-24
-22
-39
-11
-17
-31
-4
-1
-23
-24
11
-43
-25
0
-20
-18
-1
-4
-23
-13
-10
-16
-25
7
4
-13
1
12
11
4
28
2
-4
25
-6
23
45
30
32
54
41
-11
43
15
-38
37
5
-28
26
21
-23
4
21
-26
-13
6
-20
-17
11
12
-3
7
38
19
24
60
40
55
42
66
55
68
75
47
108
72
56
94
79
25
87
56
17
65
38
20
18
43
2
-15
44
-12
-32
35
-13
-42
9
-12
-37
-22
-6
-19
-24
8
-7
-20
17
-6
-10
-9
-6
-15
-27
-20
3
-30
-18
-3
-22
-19
-39
-16
-34
-70
-33
-29
-66
-25
-12
-61
-26
-6
-54
-23
-4
-50
-14
-14
-40
-2
7
-38
22
26
-34
13
17
-30
-12
9
-24
-20
-17
-13
-26
-26
-24
-41
-22
-63
-44
-49
-74
-49
-51
-65
-57
-36
-46
-30
-25
3
-26
2
23
-24
39
33
4
36
54
32
28
53
38
29
40
47
0
39
39
-6
24
11
-10
-3
3
-22
-5
-22
-10
-20
-23
-12
-27
-6
-17
5
5
-2
26
7
15
39
13
18
41
16
22
13
30
13
4
42
7
5
19
14
9
-3
27
17
1
37
11
27
19
30
31
14
46
26
36
54
42
48
64
48
46
60
46
30
46
53
27
44
51
15
25
37
-1
0
27
-12
-10
16
-32
-17
-3
-31
-34
-9
-20
-36
-4
-29
-29
-24
-33
-32
-44
-29
-27
-48
-29
-21
-44
-34
-27
-30
-45
-32
-43
-53
-29
-43
-54
-32
-52
-34
-40
-43
-19
-46
-25
-21
-25
-8
-9
-15
13
1
-7
22
9
4
14
30
11
26
37
22
31
29
20
6
19
-8
12
10
-23
25
-15
-15
-5
-20
-28
-49
-13
-49
-60
-22
-46
-57
-23
-31
-47
-23
-27
-38
-31
-13
-37
-9
-9
-22
18
-5
-6
13
17
-18
19
14
-11
13
30
11
24
50
8
24
44
20
9
46
21
14
45
42
26
42
67
21
62
67
18
72
53
34
72
48
40
71
54
45
50
51
26
18
41
4
8
23
-2
10
-1
8
-9
-17
-11
-20
-19
-27
-20
-6
-38
-18
0
-30
-9
4
-17
-13
2
-11
-24
-2
0
-16
12
-8
0
16
-13
6
8
-18
-11
11
-24
-14
18
-15
3
18
0
3
2
10
-12
9
11
-14
18
1
-2
9
-4
-18
-12
-13
-26
-23
-19
-36
-27
-19
-38
-32
-18
-39
-30
-18
-40
-37
-24
-49
-45
-16
-48
-38
-23
-31
-36
-16
-22
-34
-13
-32
-25
-18
-31
-18
-29
-26
-20
-31
-22
-33
-25
-22
-24
-17
-13
-16
-3
-7
-7
1
-3
6
5
13
18
26
30
35
31
44
28
42
27
30
41
20
43
34
35
39
42
36
38
40
34
32
24
31
35
21
26
40
16
13
30
15
2
19
16
-9
17
11
-7
11
10
8
-11
16
0
-13
7
-3
-10
1
3
-6
-2
5
5
-9
7
1
-1
8
15
13
13
25
9
24
30
19
24
34
17
21
32
15
23
20
23
19
17
28
17
16
12
20
5
2
11
6
-5
2
4
-13
6
-6
-9
-8
-13
-21
-16
-16
-30
-14
-30
-28
-24
-35
-42
-47
-40
-66
-55
-55
-79
-70
-61
-83
-74
-57
-84
-72
-70
-77
-66
-65
-60
-67
-50
-55
-47
-31
-44
-34
-18
-15
-27
1
-2
-16
23
15
-2
32
30
12
35
30
29
36
42
44
39
51
34
40
41
42
48
43
54
52
52
56
55
50
53
57
43
46
44
38
38
33
42
29
27
35
23
20
22
5
6
3
-5
-15
-10
-11
-26
-15
-17
-35
-26
-29
-41
-28
-35
-38
-32
-26
-31
-25
-17
-26
-18
-4
-22
-12
-6
-15
-10
-1
2
2
12
2
10
8
2
8
7
-1
17
12
6
26
18
16
22
30
11
19
29
16
29
29
29
26
33
35
29
34
35
24
33
28
21
23
23
20
14
16
14
8
4
5
1
-3
-7
-8
-5
-17
-11
-13
-23
-15
-17
-23
-23
-26
-28
-30
-27
-34
-29
-27
-36
-33
-37
-41
-40
-34
-43
-42
-35
-42
-45
-32
-46
-47
-34
-42
-49
-31
-35
-45
-27
-24
-34
-20
-14
-22
-19
-7
-14
-11
6
-5
1
4
12
5
11
19
9
14
14
13
12
21
19
18
22
25
22
17
26
22
17
23
24
14
19
23
23
24
29
28
26
30
27
26
27
26
21
26
22
24
29
19
25
25
20
20
12
16
7
9
10
5
2
9
6
-3
5
-1
-6
-6
-4
-17
-11
-9
-13
-8
-5
-9
-10
1
-9
-2
-5
-3
-2
-7
5
-3
-3
-2
3
-1
1
0
-2
-1
5
7
0
11
6
4
9
7
3
2
11
1
8
9
8
5
10
15
8
18
8
9
12
10
9
7
5
0
6
-1
-4
-6
-4
-10
-8
-8
-13
-11
-15
-10
-19
-14
-14
-22
-21
-16
-23
-21
-17
-26
-21
-23
-23
-27
-18
-25
-22
-22
-27
-21
-26
-21
-25
-21
-21
-24
-19
-23
-23
-18
-22
-25
-17
-17
-19
-21
-13
-16
-20
-9
-17
-12
-6
-5
-4
2
3
3
12
5
8
15
7
10
14
11
15
15
15
17
21
19
19
22
18
17
21
18
19
25
21
24
27
32
31
33
33
31
27
26
28
20
23
26
24
21
25
25
19
20
18
15
12
11
11
7
11
5
2
5
3
0
1
3
-5
-4
-6
-6
-7
-6
-7
-9
-7
-8
-8
-6
-4
-8
-9
-8
-7
-9
-11
-10
-7
-8
-9
-9
-11
-11
-11
-8
-9
-11
-6
-9
-12
-11
-10
-14
-9
-5
-13
-9
-4
-7
-5
-5
-7
-7
-3
-4
-3
3
-1
-1
2
3
-2
0
-3
-1
-3
-2
-6
-2
-2
-5
3
-2
-4
-2
-5
-5
-6
-6
-8
-7
-3
-7
-7
-4
-9
-7
-1
-6
-4
-3
-4
-1
-3
-1
-7
-5
-2
-9
-4
-3
-9
-3
-5
-11
-9
-9
-13
-15
-12
-12
-13
-13
-12
-15
-11
-8
-11
-8
-4
-5
-1
-1
-4
2
2
3
4
7
8
7
11
11
10
12
12
12
10
15
12
9
11
12
14
13
14
14
17
14
16
15
14
21
20
17
23
23
21
24
24
25
26
24
26
27
22
22
22
16
18
19
14
12
15
11
7
7
2
-2
-2
-7
-6
-7
-10
-12
-10
-12
-15
-13
-10
-14
-11
-9
-13
-11
-10
-13
-14
-8
-14
-12
-8
-9
-8
-6
-10
-14
-9
-10
-14
-9
-9
-13
-9
-8
-12
-12
-12
-12
-11
-11
-12
-9
-12
-12
-9
-12
-7
-3
-2
-2
1
1
-2
-1
-2
-2
0
3
-2
0
4
0
-3
0
-5
-8
-5
-10
-9
-6
-5
-6
-5
-3
-9
-5
-3
-6
-6
-4
-6
-5
-4
-7
-3
-2
-3
1
1
-1
2
1
0
1
2
-1
-2
3
0
-1
1
1
-3
-1
0
-3
0
0
0
-1
2
3
4
6
6
10
10
8
10
11
11
12
14
15
16
17
18
19
17
18
18
18
17
18
17
15
16
15
15
16
16
15
15
11
10
11
10
10
9
10
7
6
6
4
4
3
0
1
1
-4
-5
-6
-4
-7
-7
-7
-8
-7
-7
-10
-12
-13
-14
-14
-15
-13
-13
-13
-9
-12
-10
-9
-11
-10
-7
-7
-8
-7
-5
-6
-7
-6
-7
-6
-4
-4
-4
-5
-4
-4
-6
-7
-5
-6
-6
-3
-3
-3
-5
-4
-8
-7
-6
-7
-9
-6
-6
-8
-6
-5
-5
-5
-5
-5
-3
-3
-5
-3
-1
0
1
3
2
2
4
1
-1
3
2
-1
-1
-1
-2
-1
-1
-4
0
0
-1
-2
-1
0
-4
-4
-3
-5
-1
-1
0
0
1
4
4
5
7
6
5
5
4
3
5
6
6
7
7
6
8
8
7
8
9
4
8
8
6
7
6
9
8
7
8
10
8
9
12
7
9
10
10
7
9
9
7
7
6
6
3
6
4
4
5
4
5
3
4
2
1
-1
-2
-3
-4
-4
-4
-5
-5
0
1
-1
3
-1
-2
0
1
-1
0
1
1
1
3
4
2
3
2
-1
-1
-4
-4
-6
-5
-6
-6
-6
-6
-6
-10
-9
-12
-10
-14
-15
-13
-16
-15
-13
-12
-10
-7
-7
-7
-6
-6
-5
-9
-5
-4
-7
-6
-2
-5
-7
-3
-2
-5
-3
-1
-6
-3
-3
-2
-4
-2
-2
-4
0
-1
-4
1
0
-5
1
0
-1
1
5
4
3
4
5
3
4
5
3
3
3
0
1
0
-1
1
1
4
3
5
4
4
3
1
2
-1
-1
-1
2
1
3
4
4
6
5
5
7
6
6
6
3
3
5
5
1
4
4
0
3
4
3
1
2
3
1
4
2
3
4
5
5
4
4
5
9
8
9
12
11
10
13
12
10
11
10
11
10
11
12
9
8
11
8
5
5
4
2
2
1
-1
-2
0
-3
-7
-4
-4
-6
-5
-4
-6
-8
-5
-5
-8
-7
-7
-7
-8
-6
-8
-8
-9
-10
-9
-11
-13
-14
-13
-14
-16
-13
-14
-14
-11
-13
-14
-12
-12
-15
-12
-11
-14
-11
-10
-11
-8
-7
-10
-8
-8
-6
-5
-5
-2
-2
-1
1
3
4
2
6
5
2
6
5
3
5
5
3
6
7
6
7
7
6
7
7
4
5
6
2
5
7
4
5
6
6
7
6
6
4
4
3
1
1
0
0
0
1
1
2
3
2
3
4
5
5
4
3
3
4
3
2
3
4
3
5
6
3
4
5
4
2
2
3
3
3
4
4
4
2
3
4
2
5
5
4
4
6
4
1
1
3
2
0
2
0
1
0
2
0
1
2
1
1
0
0
0
0
0
0
-3
-3
-2
-3
-1
0
-2
-2
-1
-4
-3
-2
-4
-3
-3
-3
-2
-3
-1
-3
-3
-1
-2
-3
-3
-3
-5
-4
-3
-4
-2
0
-1
-2
-1
-2
-3
-4
-3
-3
-6
-6
-4
-5
-7
-6
-6
-6
-6
-8
-8
-8
-8
-9
-6
-9
-8
-7
-8
-7
-8
-9
-8
-7
-9
-7
-4
-5
-5
-4
-3
-4
-2
-1
-2
1
0
0
4
3
0
3
3
3
4
4
3
4
7
5
6
5
3
4
5
6
4
7
5
8
8
7
7
8
6
8
8
7
7
6
7
7
6
4
6
7
8
6
9
9
8
9
9
6
5
5
2
2
4
2
2
4
1
3
5
1
3
4
4
2
2
3
1
1
2
0
3
3
1
2
2
3
2
1
1
3
-2
-4
-3
-4
-5
-3
-3
-3
-3
-3
-2
-2
-2
-2
-2
-2
-1
-2
-2
-1
-2
-3
-1
1
0
-1
1
0
-1
-2
-3
0
-3
-2
-4
-3
-2
-7
-6
-5
-6
-6
-6
-7
-7
-6
-4
-7
-4
-2
-4
-3
-3
-4
-5
-4
-5
-7
-5
-6
-6
-5
-9
-9
-10
-10
-11
-10
-9
-10
-10
-10
-10
-11
-7
-10
-9
-8
-6
-6
-9
-6
-5
-5
-4
-3
-2
1
2
2
5
6
5
7
8
6
6
6
5
5
9
7
7
11
10
13
14
13
9
11
12
9
9
11
10
12
15
11
13
13
11
13
15
16
12
13
11
10
10
8
6
6
6
5
5
4
4
3
4
3
1
4
2
1
1
1
1
1
0
1
2
2
3
2
1
1
2
1
-2
-1
-2
-3
-3
-1
-1
-2
-1
-1
-3
-4
-5
-5
-6
-6
-8
-9
-7
-7
-8
-7
-7
-7
-8
-9
-10
-10
-10
-11
-11
-10
-9
-10
-7
-6
-8
-7
-6
-7
-9
-8
-7
-9
-11
-10
-10
-10
-9
-9
-9
-7
-6
-5
-7
-4
-3
-5
-3
-3
-1
-2
-1
1
-1
3
2
-1
1
3
-1
-1
-1
-3
-5
-4
-4
-4
-1
-3
-4
-3
-3
-3
-2
-3
-2
-1
0
0
1
5
4
6
7
7
9
12
11
10
14
15
13
14
16
16
14
16
15
12
14
11
11
10
10
11
10
9
9
9
8
9
9
8
8
6
4
2
3
2
2
2
4
5
4
5
3
2
0
-1
-3
-1
0
-2
-3
-1
-4
-3
-1
-3
-4
-3
-2
-6
-3
-3
-5
-3
-2
-1
-2
-2
-1
-2
-2
-3
-5
-4
-7
-6
-5
-4
-4
-2
-2
-2
-4
-3
-3
-4
-5
-6
-8
-9
-7
-8
-7
-7
-7
-7
-8
-7
-7
-9
-7
-6
-8
-6
-5
-6
-5
-5
-4
-4
-6
-6
-5
-3
-6
-4
-5
-4
-3
-1
0
-2
-2
-1
0
-4
-1
-1
-2
0
1
1
-1
1
1
0
1
1
0
0
1
2
2
4
6
7
7
6
7
4
1
1
0
0
1
0
-1
1
0
1
-1
1
0
-1
-1
-2
-1
0
2
4
6
6
7
9
9
8
11
11
9
11
10
7
7
6
4
6
7
5
5
7
4
4
5
4
4
4
3
4
5
5
5
8
6
7
8
8
7
6
8
6
6
6
5
4
4
4
3
0
-1
-2
-3
0
-3
-6
-5
-6
-7
-8
-9
-8
-9
-8
-8
-9
-8
-7
-7
-6
-6
-8
-7
-6
-6
-5
-6
-6
-6
-4
-6
-6
-5
-8
-8
-8
-9
-9
-9
-8
-7
-7
-3
-3
-2
-2
-3
-2
-3
-6
-4
-3
-4
-3
0
1
1
1
1
-2
-2
-4
-4
-5
-4
-4
-3
-3
-2
-3
-2
-1
-1
-1
-1
2
3
1
1
2
1
2
3
2
2
3
3
1
4
5
3
3
5
3
4
6
4
5
6
6
3
6
5
1
1
1
-3
-3
1
0
-1
0
-1
-1
1
0
0
1
0
2
3
3
4
4
4
5
6
6
7
8
7
7
8
8
7
11
8
6
6
6
5
5
5
4
5
5
6
6
7
8
6
4
0
2
0
-1
-2
-2
0
0
0
2
2
0
1
-1
-1
-1
-1
-4
-3
-3
-3
-2
-2
-2
-1
-1
-1
-1
-4
-6
-7
-9
-8
-10
-8
-5
-6
-6
-4
-7
-9
-6
-6
-9
-8
-6
-8
-5
-4
-5
-2
-4
-1
-3
-2
-4
-5
-2
-4
-4
-4
-3
-4
-5
-4
-6
-4
-3
-4
-1
-1
-2
0
0
0
1
1
1
-3
1
-1
-2
1
-2
0
-1
-1
-4
-3
-1
-2
-2
-1
-1
-1
3
2
2
4
1
0
1
1
0
0
1
3
3
4
5
4
5
4
2
3
2
-2
-1
1
-2
1
3
1
0
0
0
-1
0
-2
-2
1
-1
-2
2
2
3
5
7
6
8
9
7
7
9
6
7
7
6
6
7
6
6
9
7
10
9
10
8
7
8
4
6
4
4
5
8
9
10
12
10
9
6
9
6
4
7
6
6
8
7
5
5
4
3
2
1
0
-1
-2
-4
-1
-2
-5
-4
-5
-6
-7
-10
-12
-13
-15
-16
-16
-14
-16
-17
-16
-14
-15
-16
-17
-18
-17
-19
-19
-19
-18
-17
-15
-14
-15
-10
-11
-12
-12
-9
-9
-9
-7
-6
-4
-5
-3
-4
-3
0
-3
-3
1
-1
1
3
2
2
3
1
1
0
0
0
0
0
2
2
3
5
5
5
7
6
7
8
7
6
9
7
7
9
10
11
12
9
10
12
11
10
11
12
10
12
13
10
11
11
10
8
10
8
5
9
7
7
9
4
5
5
3
2
1
1
-1
1
2
0
0
2
0
-1
0
-1
-2
-3
-1
-1
0
1
0
1
3
3
2
3
1
2
3
2
2
3
5
6
6
6
5
4
5
2
2
2
2
1
2
2
2
1
-1
-1
-2
-2
-4
-5
-8
-6
-5
-9
-8
-7
-7
-5
-5
-4
-6
-7
-6
-8
-8
-8
-7
-10
-11
-8
-7
-7
-9
-8
-8
-10
-9
-9
-9
-8
-9
-9
-8
-8
-7
-6
-7
-7
-6
-8
-9
-9
-10
-9
-10
-10
-9
-7
-9
-9
-8
-10
-10
-9
-7
-8
-8
-7
-7
-8
-7
-4
-4
-1
0
0
2
3
2
3
5
6
8
9
9
11
13
15
16
19
18
17
18
19
16
17
19
17
21
22
20
18
20
17
15
15
13
12
12
12
9
10
7
7
8
4
6
5
6
6
5
2
4
5
2
1
2
0
-1
-2
-3
-2
-4
-4
-3
-3
-4
-3
-5
-5
-5
-5
-6
-7
-6
-5
-5
-7
-6
-5
-4
-3
-4
-3
-4
-3
-5
-2
-2
-2
-1
-2
-2
-1
-2
-3
-1
-3
-1
-3
-5
-4
-5
-6
-8
-7
-8
-7
-7
-9
-8
-7
-5
-6
-5
-5
-4
-1
-3
-4
-1
-1
-2
-2
-2
-2
-2
-3
-3
-3
-2
-4
-3
-3
-6
-5
-8
-11
-9
-11
-11
-11
-11
-11
-11
-9
-7
-5
-6
-6
-9
-6
-7
-6
-6
-6
-1
-1
1
1
3
2
2
5
6
6
7
7
6
8
7
5
7
8
6
7
7
8
8
9
10
11
9
9
10
10
9
8
10
10
8
9
9
8
10
10
9
10
11
12
10
9
9
10
7
7
8
7
6
5
4
4
3
2
1
0
1
-1
-3
-4
-1
-2
-4
-1
0
-1
-1
-1
0
0
-1
-1
-2
-2
-2
-1
0
0
1
-2
-1
-1
-2
-3
-2
-2
-2
-3
-3
-3
-6
-5
-6
-5
-5
-5
-5
-6
-7
-7
-7
-8
-8
-5
-3
-5
-2
-1
-2
-1
-1
-2
-4
-4
-2
-4
-2
-1
0
-1
1
1
-2
1
2
1
-1
-2
-3
-1
-2
-3
-2
-1
-2
-1
-2
-5
-4
-4
-6
-4
-4
-5
-4
-5
-3
-5
-4
-4
-5
-7
-7
-7
-10
-10
-10
-9
-11
-10
-8
-6
-5
-7
-6
-6
-4
-7
-7
-7
-6
-6
-5
-3
-1
-1
0
2
3
3
3
4
5
5
7
6
9
10
9
12
10
11
12
12
10
10
9
10
11
11
10
10
10
9
9
9
11
11
10
14
12
13
16
14
14
15
12
10
9
11
12
11
11
12
8
10
7
6
7
5
4
3
2
1
2
3
1
2
2
1
0
1
-3
-3
-3
-4
-4
-4
-6
-7
-6
-7
-7
-6
-5
-7
-6
-8
-10
-9
-10
-10
-11
-11
-9
-9
-10
-10
-8
-9
-9
-9
-9
-10
-11
-10
-10
-8
-10
-11
-10
-11
-11
-10
-8
-8
-9
-9
-5
-6
-6
-6
-6
-5
-6
-5
-7
-8
-8
-8
-7
-6
-5
-5
-3
-2
-2
-1
-1
-3
-5
-5
-4
-5
-2
1
0
-1
1
2
1
-1
2
3
4
3
4
6
5
4
5
6
6
7
8
7
5
6
5
5
7
7
7
7
8
8
6
5
6
3
4
5
7
6
8
11
8
8
7
8
5
4
4
2
3
5
5
5
10
8
9
8
8
9
8
7
6
7
6
8
8
8
8
10
9
4
7
7
7
7
5
7
7
7
7
5
5
5
2
3
2
2
0
-1
2
0
-2
-1
-3
-4
-4
-5
-7
-7
-7
-7
-8
-8
-5
-5
-7
-7
-8
-12
-11
-11
-13
-12
-13
-11
-11
-12
-12
-10
-11
-10
-9
-9
-7
-8
-8
-8
-8
-7
-7
-6
-6
-4
-4
-4
-3
-2
-2
-4
-2
-5
-4
-4
-5
-6
-6
-4
-6
-6
-6
-6
-5
-6
-8
-5
-5
-4
-4
-3
-5
-2
-2
-3
-3
-1
1
2
3
2
4
3
2
2
2
2
0
1
1
2
3
3
5
4
4
5
5
5
7
5
2
4
4
1
0
2
3
3
4
6
9
8
8
8
9
8
6
6
5
5
5
7
6
6
9
6
8
8
6
7
7
5
7
8
8
10
10
12
13
14
14
14
13
14
14
14
15
15
13
14
14
15
12
10
8
8
6
5
4
2
3
3
2
2
1
1
0
-2
-3
-5
-10
-8
-11
-11
-10
-9
-8
-9
-10
-10
-12
-10
-12
-15
-16
-18
-17
-19
-19
-18
-17
-15
-15
-16
-15
-15
-17
-18
-20
-20
-20
-19
-18
-18
-17
-17
-14
-15
-13
-12
-15
-16
-14
-14
-14
-11
-8
-6
-2
-2
-1
-2
2
-1
0
3
1
1
2
5
4
6
7
8
10
9
10
9
11
11
10
10
10
10
13
11
12
12
11
11
10
12
12
15
16
15
14
14
13
13
14
12
11
10
9
5
5
2
1
1
2
3
0
0
-2
-2
-3
-5
-5
-5
-4
-3
-2
-3
-1
2
1
0
1
2
1
2
2
2
3
3
2
2
3
3
5
5
5
5
2
4
2
2
3
3
3
4
5
4
3
3
3
4
5
5
6
5
5
4
5
3
2
3
1
1
2
4
3
4
4
2
3
5
2
2
3
1
0
0
-1
0
-2
0
-1
-2
-4
-4
-4
-7
-8
-8
-10
-12
-13
-13
-14
-13
-15
-17
-16
-16
-18
-20
-20
-22
-23
-21
-23
-24
-22
-18
-20
-19
-18
-16
-19
-17
-16
-16
-16
-15
-12
-11
-8
-8
-9
-4
-4
-3
-2
-1
1
4
6
7
9
11
10
14
14
14
14
13
15
14
12
14
15
15
17
16
19
18
18
17
16
13
13
14
12
11
11
12
14
18
17
16
17
13
11
10
9
7
7
6
5
6
5
4
5
4
3
2
-1
-3
-3
-5
-5
-5
-4
-2
-1
-2
-2
-2
-1
-2
-4
-2
-4
-3
-4
-3
-2
-1
2
1
1
2
2
1
1
-1
-1
-1
1
0
-1
3
0
1
1
-2
-1
-2
-3
-2
-4
-3
-2
-3
-1
-1
1
2
0
1
0
-2
-4
-3
-3
-5
-2
-4
-2
-1
-2
-3
-2
-3
-4
-5
-5
-5
-5
-3
-3
-2
-3
-2
-3
-5
-4
-8
-6
-9
-10
-11
-12
-11
-11
-9
-11
-9
-10
-13
-12
-10
-12
-13
-13
-15
-13
-13
-13
-12
-7
-9
-7
-6
-7
-7
-9
-6
-6
-4
-4
-3
-1
-3
-2
-2
-1
1
1
2
3
5
5
5
9
8
10
11
11
11
12
13
12
13
12
14
13
14
15
16
17
17
18
17
16
16
13
16
14
14
13
13
14
12
13
9
6
4
5
4
4
2
5
5
4
3
0
-1
-1
-2
-5
-3
-1
-3
-2
-1
0
0
-1
2
1
0
-1
0
-1
2
1
1
2
3
6
5
5
4
2
4
1
1
-1
-1
-1
-4
-4
-4
-6
-5
-5
-6
-5
-5
-6
-7
-9
-8
-7
-8
-7
-6
-6
-7
-7
-7
-9
-10
-11
-10
-9
-10
-10
-10
-8
-9
-10
-10
-9
-10
-8
-8
-7
-8
-7
-6
-6
-2
-2
-1
-2
-2
-1
-3
-4
-3
-3
-3
-2
-2
-2
-2
-2
-2
-2
-4
-6
-6
-9
-7
-7
-8
-6
-5
-5
-4
-4
-2
-4
-2
-4
-3
-2
-2
0
0
3
7
6
8
9
9
8
7
7
6
6
8
8
9
9
10
10
10
10
11
10
10
8
5
7
7
8
8
10
11
11
11
11
14
12
11
11
11
11
10
10
10
11
12
11
9
11
9
6
6
4
3
3
1
0
-1
0
0
-3
-2
-1
-6
-5
-8
-7
-6
-8
-5
-6
-4
-3
-3
-1
-2
-2
-1
-1
-1
-2
-1
-1
-1
0
0
-1
-2
-3
-2
-3
-3
-5
-6
-4
-5
-3
-7
-7
-6
-6
-6
-8
-9
-9
-10
-11
-10
-10
-11
-9
-8
-6
-7
-6
-8
-7
-8
-9
-8
-7
-6
-6
-4
-4
-5
-5
-6
-5
-4
-5
-5
-5
-7
-5
-2
0
2
3
4
2
3
3
2
-1
-1
1
0
1
2
3
2
2
3
1
0
0
-1
-2
-3
-4
-4
-3
-1
0
0
2
2
2
1
1
1
-1
1
3
3
4
6
7
6
6
8
7
6
7
6
4
3
5
4
4
5
5
6
5
4
6
5
5
6
7
3
6
7
8
9
9
10
11
9
9
8
7
9
8
7
8
9
7
7
5
5
5
3
4
3
2
3
1
2
1
2
1
0
-1
-1
-3
-4
-5
-4
-6
-8
-5
-4
-4
-4
-3
-4
-4
-3
-5
-4
-6
-7
-5
-6
-7
-4
-4
-3
0
-1
-1
-1
-2
-3
-6
-5
-6
-6
-6
-8
-8
-6
-6
-8
-7
-9
-10
-9
-11
-8
-8
-7
-7
-6
-5
-7
-5
-6
-7
-6
-6
-7
-9
-5
-6
-6
-5
-5
-2
-1
-3
-3
-3
-4
-6
-5
-3
-3
-2
-1
0
1
4
1
2
2
-1
0
-1
-2
-2
0
1
1
3
3
1
2
2
0
-2
-1
-2
-2
-1
-1
1
0
2
4
2
4
4
4
4
5
8
9
11
12
13
14
16
18
19
18
16
16
13
12
12
12
12
12
11
11
13
10
9
12
9
7
7
5
3
6
4
3
5
3
2
1
0
-2
0
-3
-3
-3
-2
-2
-4
-2
-2
-3
-3
-2
-3
-4
-3
-4
-6
-4
-5
-4
-5
-5
-5
-5
-7
-8
-9
-10
-7
-8
-8
-7
-6
-6
-6
-6
-8
-6
-6
-7
-7
-6
-5
-6
-5
-5
-5
-6
-6
-5
-5
-4
-3
-4
-4
-3
-5
-5
-4
-3
-4
-3
-1
-3
-4
-4
-6
-6
-6
-7
-8
-8
-5
-6
-6
-5
-5
-5
0
-2
0
2
1
2
3
4
5
8
9
10
8
6
5
5
5
4
5
3
5
6
4
5
6
5
5
6
4
3
2
2
2
0
2
1
0
2
2
1
-1
-1
-1
-1
-2
-3
-2
-3
-2
-1
0
1
2
0
0
-1
1
0
1
3
4
6
5
7
6
6
5
5
6
6
7
10
9
8
8
9
8
6
7
4
3
4
3
4
4
5
5
6
8
6
7
6
5
5
5
5
5
4
3
3
2
3
1
0
0
-3
-3
-4
-6
-7
-7
-6
-7
-7
-7
-6
-7
-8
-6
-8
-9
-8
-8
-10
-9
-9
-9
-7
-7
-5
-6
-6
-6
-5
-4
-5
-4
-5
-4
-5
-6
-7
-9
-9
-9
-8
-7
-8
-8
-7
-7
-8
-7
-8
-6
-7
-6
-5
-6
-4
-3
-2
-4
-1
-1
-1
2
2
2
1
3
0
2
0
0
1
0
4
3
4
6
7
7
6
8
8
8
8
8
6
8
7
6
7
7
6
6
4
4
5
5
4
2
3
2
1
1
-1
-3
-2
-2
0
-2
0
0
0
0
-1
0
0
2
2
4
2
5
6
6
7
8
8
6
7
5
6
5
6
6
6
7
6
8
7
8
7
6
7
6
4
4
5
3
3
4
5
5
5
5
2
3
2
0
1
1
0
-1
-2
-3
-4
-3
-2
-2
-2
-3
-4
-4
-5
-6
-7
-6
-7
-8
-8
-10
-10
-9
-11
-10
-12
-11
-12
-8
-9
-11
-11
-12
-10
-12
-12
-10
-9
-10
-9
-8
-10
-9
-8
-7
-8
-6
-6
-7
-7
-8
-5
-7
-6
-5
-5
-5
-4
-4
-3
0
0
3
4
3
2
1
5
4
6
9
8
8
8
10
10
8
9
10
11
8
10
9
8
7
5
4
3
5
5
8
7
8
6
5
6
5
5
3
6
5
4
5
5
3
3
4
3
2
2
2
3
2
4
3
3
3
4
4
5
5
7
7
5
8
7
5
8
6
4
5
5
3
3
2
1
0
-1
-2
-2
-2
-3
-3
-2
-2
-1
-4
-2
-3
-5
-3
-4
-3
-4
-4
-4
-2
-3
-4
-4
-4
-3
-5
-2
-1
-4
-2
-1
-2
-2
-2
-3
-1
-4
-5
-5
-6
-8
-9
-8
-9
-8
-9
-8
-6
-9
-8
-8
-9
-7
-7
-6
-7
-6
-5
-6
-6
-6
-4
-5
-6
-6
-4
-5
-3
-1
0
0
1
2
1
4
5
4
6
5
6
5
5
3
4
3
3
4
4
5
5
6
4
3
2
3
5
3
3
3
3
2
1
2
1
0
2
1
0
0
-1
-2
-1
-2
-3
0
-2
1
1
0
2
2
2
2
0
2
2
1
2
0
1
1
4
5
5
5
7
7
7
9
7
6
8
8
7
7
6
5
6
5
4
4
4
4
3
5
4
6
3
4
3
2
1
1
0
-1
1
1
1
1
1
-1
0
-2
-1
-2
-3
-1
-1
-2
-2
-3
-4
-3
-5
-3
-6
-6
-6
-7
-5
-6
-5
-6
-7
-7
-6
-8
-7
-9
-8
-7
-7
-8
-8
-9
-6
-10
-9
-8
-7
-7
-8
-7
-6
-7
-4
-4
-4
-3
-3
-1
-2
-3
-1
-1
-1
-1
-1
0
-1
-1
-1
-2
-2
-2
-2
-1
-1
1
0
0
0
2
1
-1
0
0
1
-1
2
3
3
4
4
6
5
5
7
7
9
6
6
9
7
6
8
7
6
8
5
4
8
7
8
6
9
8
10
10
9
10
8
5
7
6
4
5
4
3
5
4
1
1
1
-1
-3
-1
-3
-3
-2
-4
-3
-5
-5
-4
-4
-4
-4
-3
-5
-3
-2
-2
-2
0
0
-1
-2
-2
-2
-1
-1
-2
0
1
0
1
1
-1
-2
-4
-2
-4
-1
-1
-2
0
1
-1
0
1
1
1
0
2
1
0
-1
-2
-1
-1
-2
-3
0
-1
-2
-2
-1
-3
-1
-1
-1
-3
-2
-3
-3
-1
-3
-3
-5
-5
-5
-6
-3
-5
-4
-4
-4
-5
-4
-5
-7
-6
-5
-7
-8
-4
-5
-6
-6
-7
-7
-9
-8
-9
-7
-6
-4
-3
-3
-2
-2
-2
-3
-2
-3
0
0
0
3
4
6
7
8
8
7
9
10
8
9
9
11
9
10
10
11
13
13
13
11
10
10
9
8
8
8
7
8
8
7
6
4
5
5
5
3
1
2
0
-1
-2
-3
-2
0
-1
-3
-1
-2
0
-2
0
-1
0
-1
0
1
-1
-1
-1
0
0
0
1
0
1
0
1
-1
0
0
-3
-2
-5
-3
-5
-4
-4
-3
-4
-5
-3
-3
-4
-6
-4
-4
-4
-4
-3
-2
-3
-4
-4
-3
-3
-3
-3
-2
-4
-2
-4
-4
-3
-3
-4
-1
-3
-1
1
1
2
3
2
1
1
-2
0
1
-1
-2
1
-2
-2
-2
-3
-5
-3
-3
-4
-3
-5
-5
-5
-5
-7
-4
-3
-3
-3
-2
-3
-3
-5
-3
-3
-3
-2
-2
-1
1
0
-1
2
3
1
0
1
2
1
0
0
0
0
-1
0
1
-1
-1
-2
-3
-3
-2
-3
-1
0
0
2
4
6
6
5
5
5
5
5
6
4
3
5
7
6
5
5
7
9
8
7
8
9
10
11
10
9
11
11
14
12
10
11
12
12
9
10
9
7
9
9
6
8
6
5
6
4
4
4
3
3
3
1
-2
-3
-3
-5
-8
-9
-10
-9
-9
-11
-9
-11
-13
-12
-11
-13
-13
-9
-12
-10
-9
-10
-10
-10
-9
-7
-9
-10
-8
-10
-7
-6
-7
-6
-6
-5
-5
-5
-7
-6
-4
-5
-5
-7
-6
-6
-7
-5
-7
-5
-4
-6
-4
-3
-2
0
2
1
1
1
1
3
4
2
3
5
6
6
6
5
4
6
3
4
4
4
6
5
4
4
4
3
3
2
2
3
3
2
1
2
1
2
1
3
4
1
1
1
-1
-2
-1
-2
-4
-3
-1
-2
-1
1
1
0
0
1
0
-1
1
1
2
1
2
3
2
2
2
4
2
2
2
3
6
3
6
6
6
4
5
6
4
8
7
8
7
8
8
6
8
10
10
10
12
11
9
9
9
8
8
9
7
8
7
7
7
4
4
3
4
1
2
0
1
-2
-2
-1
-2
-5
-6
-4
-7
-7
-7
-7
-9
-9
-10
-10
-10
-10
-10
-10
-10
-11
-13
-13
-13
-12
-14
-12
-14
-15
-14
-14
-13
-14
-14
-15
-14
-14
-14
-12
-13
-13
-13
-12
-12
-12
-10
-7
-6
-4
-5
-3
-3
-5
-4
-4
-2
0
0
1
3
0
2
2
2
4
5
8
9
7
9
9
10
10
11
13
12
13
14
14
14
14
14
15
14
12
10
11
11
9
10
7
7
7
6
6
6
6
5
5
5
4
3
3
3
3
3
2
1
-1
1
0
-1
1
1
0
0
-3
-4
-3
-5
-3
-5
-5
-5
-5
-4
-5
-5
-3
-4
-1
0
-2
2
-1
-1
3
2
2
3
3
4
5
6
6
9
9
8
9
8
8
8
8
7
7
7
7
7
6
6
7
5
5
5
1
1
-1
-2
-3
-3
-3
-4
-5
-3
-4
-6
-5
-8
-9
-12
-12
-11
-12
-10
-11
-11
-9
-10
-10
-11
-10
-11
-12
-12
-13
-14
-14
-15
-14
-13
-12
-13
-13
-12
-10
-12
-11
-9
-11
-9
-8
-9
-8
-8
-8
-7
-6
-4
-3
-2
0
0
1
-1
1
2
2
3
6
5
4
6
7
6
7
9
9
9
10
10
10
10
11
11
12
10
10
10
10
10
11
11
10
12
10
11
10
9
9
9
7
6
6
3
4
4
7
4
4
3
5
5
2
4
4
3
3
1
1
1
-1
0
0
-1
0
1
0
1
-1
-2
-3
-3
-3
-4
-3
-1
2
3
3
3
2
3
3
2
4
5
6
6
7
7
6
5
6
5
6
4
4
2
2
2
2
1
1
2
0
0
0
-3
-3
-3
-4
-5
-6
-5
-7
-6
-6
-8
-8
-9
-11
-10
-11
-10
-10
-9
-9
-11
-10
-11
-12
-11
-11
-12
-13
-12
-12
-12
-13
-11
-11
-12
-10
-8
-9
-8
-7
-7
-6
-8
-8
-8
-9
-8
-9
-8
-7
-7
-6
-4
-3
-6
-5
-3
-2
-1
1
-1
-1
-2
0
3
1
3
5
6
5
6
6
6
6
4
6
9
10
9
12
12
11
12
13
12
13
15
13
14
13
14
15
13
14
15
14
11
13
11
10
10
9
9
10
11
10
10
12
10
8
6
6
5
4
4
2
2
1
0
1
-1
-2
-3
-3
-4
-4
-4
-3
-2
-3
-2
-3
-4
-5
-3
-3
-4
-3
-3
-1
-2
-3
-4
-4
-3
-3
-3
-3
-3
-3
-1
-3
-2
-1
-2
-2
-3
-3
-3
-5
-4
-4
-2
-2
-1
-2
-2
1
0
-1
-1
-2
-4
-5
-6
-6
-4
-4
-3
-2
-2
-2
-4
-6
-8
-10
-10
-9
-11
-10
-9
-10
-10
-9
-10
-9
-10
-11
-11
-10
-11
-10
-8
-9
-9
-10
-9
-8
-8
-8
-6
-4
-4
-2
-4
-2
-5
-3
-2
0
0
0
0
-1
1
1
1
3
3
3
5
7
6
6
8
10
9
8
10
10
12
12
12
14
13
12
14
14
14
15
14
14
14
15
11
11
12
10
10
11
8
7
10
10
9
9
7
6
6
5
4
3
1
0
0
1
1
1
2
0
0
1
-1
-4
-4
-3
-3
-3
-2
-1
-2
-2
-4
-4
-1
-3
-3
-2
-1
-3
-1
-1
-1
-2
-2
-3
-5
-5
-4
-4
-3
-3
-2
-3
-5
-4
-4
-4
-6
-6
-5
-7
-7
-6
-5
-5
-4
-3
-1
-1
-4
-3
-3
-5
-3
-3
-4
-1
-2
-2
-2
-3
-2
-3
-3
-1
-1
-1
0
2
1
0
1
0
0
-1
0
0
-3
-3
-4
-4
-3
-2
-4
-5
-4
-5
-6
-7
-6
-5
-5
-5
-4
-5
-6
-5
-8
-7
-7
-7
-7
-6
-8
-7
-6
-5
-7
-7
-7
-7
-7
-6
-4
-6
-3
-2
-3
-1
2
1
3
3
3
4
3
3
4
4
5
6
7
7
7
7
7
9
9
12
15
14
14
15
16
12
12
14
13
12
13
10
11
10
11
10
10
9
10
11
10
8
10
10
9
7
7
9
8
8
6
5
2
2
2
0
2
-1
1
3
1
3
3
2
2
1
-2
-2
-2
-6
-4
-2
-4
-5
-4
-7
-6
-6
-6
-6
-8
-6
-7
-8
-7
-7
-6
-7
-3
-2
-4
-3
-5
-4
-5
-6
-6
-7
-4
-4
-6
-6
-5
-6
-4
-7
-5
-5
-7
-6
-7
-6
-7
-6
-7
-7
-8
-8
-8
-9
-9
-9
-7
-8
-10
-10
-11
-11
-13
-13
-14
-13
-12
-10
-10
-9
-11
-10
-10
-8
-6
-6
-5
-4
-3
-4
-1
-1
1
2
2
3
0
0
3
5
5
6
7
8
9
7
10
9
9
8
8
8
9
10
9
11
12
12
12
11
12
10
10
10
10
11
12
13
11
12
11
11
11
9
10
9
9
8
7
8
8
8
7
9
10
9
8
8
7
3
5
2
3
2
2
4
2
3
2
5
4
6
5
5
4
4
4
3
4
3
4
4
2
4
3
3
4
2
1
-1
-2
-4
-5
-5
-6
-8
-5
-5
-6
-5
-6
-7
-8
-9
-10
-11
-10
-11
-12
-11
-11
-13
-13
-13
-13
-14
-13
-14
-14
-15
-15
-15
-15
-14
-15
-15
-16
-15
-16
-15
-15
-13
-14
-14
-12
-12
-10
-8
-8
-8
-8
-7
-8
-5
-7
-6
-4
-3
-2
-3
-2
-1
-1
-1
1
0
0
1
1
3
2
5
7
8
9
10
11
10
11
10
10
11
11
12
12
13
12
12
12
14
11
10
14
13
13
11
11
10
10
8
8
9
7
6
6
6
6
6
8
9
10
10
9
8
6
6
6
5
6
6
5
8
8
7
8
7
6
6
5
4
3
3
2
2
4
3
2
2
1
2
2
0
0
1
1
0
0
-1
0
-1
-4
-2
-4
-4
-3
-4
-4
-5
-6
-6
-7
-8
-7
-8
-10
-9
-9
-8
-5
-5
-6
-5
-4
-6
-7
-7
-7
-9
-7
-7
-7
-5
-7
-2
-3
-2
-2
-3
-5
-4
-5
-6
-5
-5
-4
-5
-6
-8
-7
-9
-8
-7
-6
-5
-4
-6
-6
-6
-7
-7
-5
-5
-6
-7
-6
-4
-6
-5
-7
-6
-7
-7
-6
-8
-8
-8
-8
-8
-7
-6
-5
-3
-3
-2
-1
-1
-2
0
-1
-2
0
2
3
2
3
6
5
6
6
8
6
8
10
12
13
13
12
14
14
15
14
15
16
17
17
17
17
17
16
14
15
13
12
13
10
8
7
7
8
7
5
5
7
7
8
7
6
7
7
8
7
5
6
5
5
6
3
2
3
1
2
2
1
1
-1
-2
-1
-3
-4
-5
-5
-4
-4
-5
-6
-6
-8
-7
-8
-7
-8
-7
-7
-10
-7
-7
-7
-8
-9
-9
-10
-10
-9
-8
-9
-8
-8
-8
-9
-10
-8
-8
-8
-6
-6
-6
-6
-5
-6
-5
-5
-4
-2
-4
-1
1
-4
-5
-3
-4
-5
-4
-3
-2
-3
-2
-3
-4
-5
-4
-5
-5
-4
-3
-3
-2
-2
-2
0
0
0
-1
0
-4
-3
-3
-2
-2
-2
0
0
1
-1
-1
0
-1
-2
-3
-2
-2
-3
-3
-1
-2
1
0
-1
-2
-3
-2
-4
-2
0
-2
0
1
2
3
4
5
5
4
6
7
7
5
6
7
7
9
10
9
10
9
11
11
11
12
12
13
12
15
15
14
15
14
15
13
15
14
15
13
13
12
10
12
11
12
12
11
12
11
9
10
9
11
8
6
5
