13
14
8
12
7
12
10
8
8
1
6
4
2
6
2
-1
2
1
0
0
2
-10
-7
0
-5
-4
-5
-5
-3
-2
-5
-6
-7
-6
-7
-4
-6
-10
-8
-9
-10
-5
-8
-7
-9
-10
-8
-8
-4
-10
-8
-7
-6
-5
-7
-10
-12
-9
-6
-10
-9
-9
-10
-7
-5
-8
-5
-7
-8
-6
-5
-1
-2
-1
-3
0
2
1
4
5
6
5
7
7
9
9
9
6
10
10
14
9
6
9
11
15
8
14
10
12
10
7
9
9
10
8
11
8
6
6
4
1
3
-2
-4
-1
-7
-7
-6
-8
-9
-11
-8
-8
-10
-8
-9
-11
-17
-16
-14
-13
-14
-14
-13
-12
-11
-11
-8
-11
-9
-9
-7
-1
-3
-5
-6
1
5
6
6
4
3
7
10
8
7
6
10
11
12
10
7
13
11
16
17
16
15
14
14
14
15
13
13
13
11
11
6
6
7
2
4
3
4
2
-4
1
-1
0
3
2
-2
-4
-2
-6
-4
-6
-2
-6
-6
-6
-3
-2
-7
-6
-6
-2
-4
-7
-7
-8
-3
-5
-6
-7
-8
-6
-7
-4
-7
-8
-10
-9
-6
-7
-8
-8
-8
-6
-6
-8
-4
-8
-5
-7
-6
-3
-6
-6
-6
-6
-4
-5
-5
-1
-3
-2
0
0
1
0
4
5
3
6
6
9
8
6
8
6
5
6
6
7
7
5
8
7
5
5
4
7
4
4
2
3
3
1
4
-1
2
1
-1
2
-2
3
1
0
-3
-2
0
-1
-3
-5
-5
-6
-2
-1
-1
-2
-6
-2
0
0
-2
-4
-2
0
1
1
-2
2
-1
2
3
2
6
1
5
4
5
8
7
8
6
7
8
8
8
3
5
3
6
3
3
3
-3
0
-1
2
-1
1
-1
-5
-1
-4
-6
-6
-8
-8
-7
-6
-9
-8
-7
-7
-4
-7
-5
-7
-6
-8
-7
-6
-6
-4
-6
-6
-4
-1
-2
-4
1
1
-2
2
0
3
1
2
2
1
5
1
6
4
5
7
1
9
4
4
4
3
8
2
5
4
5
7
5
4
3
4
2
3
2
3
3
-2
-1
2
2
0
1
4
0
0
0
-2
-4
-5
-6
-7
-7
-5
-6
-4
-6
-6
-3
-5
-6
-4
-5
-6
-8
-6
-5
-4
-1
-6
-2
0
-1
-2
0
2
-1
-1
4
2
4
1
2
6
7
5
4
7
6
3
2
2
3
4
-1
5
4
7
1
0
4
4
3
4
1
4
3
-2
1
2
4
0
1
1
2
-1
1
0
-5
-1
-1
-2
0
0
-4
0
-2
-3
1
2
-2
-3
3
0
-1
-2
0
-1
-1
0
-1
1
1
0
0
1
3
1
0
1
1
0
-2
0
-2
-1
-4
-2
-3
-3
-1
-2
-2
1
3
2
0
-1
0
0
-2
-3
-2
-1
-3
0
-1
-2
0
2
2
0
1
0
-1
-2
-1
1
0
1
-1
-3
-1
0
-1
-3
-3
0
0
-1
-1
-1
-2
0
2
0
0
1
0
0
2
1
1
1
2
1
1
0
2
1
0
2
3
2
0
4
5
2
2
4
2
2
2
0
0
-1
0
-1
0
0
1
-2
-3
-1
-3
-4
-2
-2
-7
-1
-5
-4
-4
-5
-4
-6
-5
-5
-6
-4
-3
-2
-2
-3
0
-1
0
0
-1
3
0
0
0
1
4
3
2
1
2
4
2
2
3
1
0
2
5
1
3
3
2
3
2
3
4
3
3
4
4
5
3
5
3
6
7
3
3
2
3
2
1
1
2
2
0
-2
-1
-3
-1
-2
-2
-4
-3
-1
-4
-2
-2
-3
-3
-2
-1
-2
-2
-1
0
2
-1
0
1
1
0
2
2
0
0
2
1
1
3
-1
-2
0
-1
-2
-1
-4
-4
-2
-3
-2
-2
0
0
-1
0
-1
0
-2
-3
-3
-1
-2
-4
-5
-3
-3
-2
-1
-2
-2
-3
-2
-1
-1
-1
-1
-3
0
-1
-1
-2
0
0
-1
1
-1
0
1
0
0
1
1
3
2
2
2
3
0
1
1
3
3
4
4
3
3
4
4
4
5
3
2
2
3
1
1
1
-1
1
1
1
0
4
2
1
0
1
0
-2
-3
-2
-1
-2
-2
-1
-1
-2
0
0
-1
0
-1
-2
-2
-1
-3
-2
-2
-3
-3
-4
-1
-2
-3
-2
0
-1
-2
-5
-3
-1
1
-2
1
1
-2
1
2
2
-1
-1
-1
0
0
1
0
-1
1
4
2
4
3
5
3
5
7
5
6
6
4
4
8
5
6
5
4
3
5
4
2
3
0
0
0
-1
-2
0
-4
-3
-3
-3
-3
-2
-2
-1
0
-2
-4
-4
-4
-2
-1
-4
-3
-3
-2
-4
-3
-2
-3
-4
-3
-4
-4
-5
-6
-8
-6
-4
-4
-3
-3
-1
-5
-3
-4
-3
-4
-3
-5
-3
-2
-3
-1
0
0
0
2
0
1
1
1
1
0
-1
-1
-2
0
1
3
3
3
4
3
4
4
6
6
7
5
6
5
6
4
5
7
5
6
6
4
4
4
3
4
2
0
0
2
2
1
1
2
0
1
0
1
3
0
-1
1
1
0
2
2
2
2
1
1
-2
-1
0
0
1
0
0
1
0
0
0
-1
-2
-3
-3
-2
-4
-3
-5
-4
-6
-4
-5
-4
-4
-5
-3
-3
-3
-3
-5
-5
-3
-4
-3
-2
-3
-3
-1
-1
-3
-3
-3
-3
-4
-4
-3
-1
-1
-2
-2
-1
0
-1
0
2
0
2
2
2
2
3
2
1
4
5
1
0
2
3
3
1
3
4
4
3
4
3
5
5
4
3
1
1
1
4
3
3
1
0
2
2
0
0
2
-1
0
1
-1
-1
0
-2
-4
0
-1
-4
-4
-3
-4
-3
-2
-3
-4
1
0
-1
-1
-2
0
-1
-3
0
-1
2
2
1
1
0
4
4
2
2
3
1
1
2
2
1
1
4
4
4
2
4
2
3
3
1
2
4
3
3
2
1
2
2
1
0
1
-2
-2
-1
-3
-4
-3
-4
-5
-5
-4
-3
-6
-4
-3
-5
-5
-5
-4
-5
-4
-4
-4
-4
-4
-4
-3
-4
-3
-3
-3
-3
-1
-1
-2
0
-2
0
1
0
-2
0
2
0
-1
1
2
1
2
1
3
1
-1
-1
0
1
-2
1
1
2
1
1
0
0
-1
-1
2
1
0
-1
1
3
2
2
2
2
2
3
2
4
3
3
3
4
7
5
6
9
7
7
7
5
5
5
5
6
4
6
6
3
5
5
4
3
0
2
-1
-2
-2
-2
-3
-3
-4
-3
0
-2
-3
-3
-2
-3
-3
-5
-4
-4
-4
-4
-5
-5
-5
-6
-4
-6
-6
-3
-7
-4
-3
-6
-4
-4
-3
-4
-5
-4
-4
-3
0
-1
-1
-2
-2
-1
0
-1
1
3
2
2
3
4
3
2
0
0
0
-1
0
0
-1
0
1
2
4
3
3
3
3
3
2
2
2
1
1
1
3
1
3
4
3
1
2
2
-1
-1
-2
0
-3
-3
-1
-4
-3
-2
-3
-3
-2
-2
-3
-3
-1
-2
-3
-1
-2
-4
-3
-3
-2
-3
-2
-3
-1
-1
-2
1
-1
0
2
0
0
1
3
3
3
3
3
5
4
3
5
4
6
8
8
9
8
7
6
5
7
7
7
4
6
5
6
5
4
2
2
3
1
1
1
0
-1
-1
-3
-3
-2
0
-2
-3
-3
-2
-2
-5
-6
-6
-3
-4
-7
-5
-5
-5
-3
-5
-5
-4
-5
-5
-4
-5
-6
-3
-5
-8
-7
-3
-4
-3
-3
-3
-5
-4
-2
-4
-1
-1
-3
-1
2
1
0
0
0
2
1
3
4
2
1
1
1
3
4
2
0
2
3
5
4
1
-1
0
2
5
4
0
1
3
4
4
3
0
-1
1
2
3
1
1
2
4
3
2
2
-1
0
2
1
1
0
2
4
2
2
0
2
0
0
1
-1
-2
-1
-1
-1
-1
-2
-3
-3
-3
-1
-3
-3
-1
-3
-2
-2
-3
-4
-3
-3
-4
-3
-1
-5
-1
1
-1
-2
-3
-2
-1
0
2
-4
-2
2
2
4
4
0
1
3
4
4
1
1
1
2
5
3
3
1
4
6
6
6
4
3
1
4
5
3
5
2
3
4
2
4
2
2
2
1
2
1
0
0
-2
3
2
1
0
-2
-2
-2
0
-2
-4
-3
-6
-6
-5
-6
-2
-3
-4
-6
-5
-3
-6
-7
-4
-7
-7
-5
-5
-4
-6
-4
-4
-4
0
0
-3
-3
-1
-2
-2
0
-2
-1
-4
0
4
1
-1
-2
-2
-1
-1
0
4
2
1
1
2
4
4
6
3
2
3
6
6
4
1
1
2
5
8
2
2
0
2
4
6
4
0
2
-1
3
4
0
-1
1
1
4
2
-2
3
-1
1
1
-4
-3
-4
2
1
-4
-7
-6
-1
0
0
-1
-5
0
3
3
0
-1
1
3
4
1
-4
0
2
-1
-2
-1
2
0
-3
-4
-4
1
3
1
-3
-3
-5
1
1
-2
0
1
0
-2
-2
3
8
5
5
3
2
-2
4
7
5
-1
-4
3
2
9
-3
-7
-1
4
7
-3
-1
-6
-5
-6
-4
2
4
-9
-10
-6
-8
-1
-2
2
-5
-18
-14
1
7
0
-10
-14
-4
6
9
-1
-10
-13
-2
12
2
-6
-9
-5
9
15
-1
-11
-5
2
12
14
-7
-19
-7
7
16
8
0
-8
2
20
7
6
6
-4
0
3
1
3
4
2
7
6
9
5
16
14
-1
8
-6
-10
9
20
11
2
-7
-5
12
21
12
-8
-14
-5
7
11
0
-8
-5
-13
3
12
-2
-13
-6
-4
-17
-11
-2
-4
-14
-13
-20
-21
-11
-5
3
-10
-30
-19
-1
-4
-6
2
-17
-12
0
7
5
1
-10
-1
8
-9
8
5
-9
-15
2
22
3
0
2
-1
-1
8
11
-10
-18
-2
22
9
-4
-7
-1
-1
22
30
6
-3
0
14
8
9
18
20
1
5
23
29
26
22
27
5
-7
12
30
12
-11
-18
3
13
5
6
6
-21
-10
21
27
2
-29
-11
3
18
11
-3
-29
-38
-3
17
0
-26
-21
-20
-34
-11
13
-30
-59
-46
-7
-5
2
-11
-50
-54
-30
17
2
-25
-21
-29
-26
0
32
13
0
-11
-10
11
24
13
-2
-5
-14
0
41
45
0
1
28
47
44
37
25
8
11
59
87
28
-39
10
57
44
50
51
-12
-32
13
30
47
4
-40
-48
-46
2
35
11
-24
-79
-29
20
1
-10
-59
-66
-50
-40
-17
-48
-124
-80
-19
-13
-35
-45
-58
-59
-47
12
-2
-39
4
-15
-28
-30
0
23
30
-21
-40
-21
8
47
46
-15
-41
0
31
83
56
-28
-30
17
80
97
29
-51
-59
29
59
62
-40
-80
2
36
15
34
25
-14
13
84
95
2
15
57
45
53
97
94
26
5
33
66
85
75
51
-9
-8
59
106
79
-4
-13
14
9
17
29
-22
-38
-32
10
0
-33
1
16
10
19
20
5
49
17
22
48
12
-39
-43
-6
-37
-41
-18
-59
-65
-51
-46
-38
-102
-74
-54
-71
-86
-66
-71
-46
-14
-31
-47
-54
-43
2
-5
-38
-24
-12
-21
-27
-10
-24
-21
-12
-57
-12
19
-17
7
27
18
-43
-11
2
-31
-25
-9
8
-15
-26
-3
-44
-19
36
15
-55
-64
26
52
38
47
54
11
113
1201
1770
33
-1354
-954
-415
422
888
-65
-1051
-1626
-1147
281
375
-210
-477
-1282
-999
183
239
246
164
-532
-304
463
667
873
581
-3
279
598
589
786
261
-298
115
196
59
139
191
914
1476
644
-165
-153
294
1201
1618
1031
193
-475
-279
776
1100
451
-307
-894
-1052
-636
-189
-233
-803
-1308
-1298
-1076
-712
-309
-423
-845
-1010
-801
-330
-92
-181
-387
-666
-664
-385
-328
-499
-617
-925
-1188
-1230
-1077
-1042
-1531
-2387
-2858
532
8064
8773
-1172
-6490
-483
6002
7491
7673
5303
-3152
-7884
1592
11125
5473
-2914
-3481
-3823
-4488
138
4140
-268
-6989
-6004
-1478
-1602
-1408
2056
853
-3861
-2773
1819
2842
2014
2430
1964
-476
-586
2706
3715
1359
31
-1010
-3119
-2630
-91
92
-1570
-3026
-4237
-3820
-1410
617
106
-2084
-2739
-1281
284
1462
1594
103
-952
-216
939
1290
497
-1160
-950
3954
8543
4476
-3325
-3571
2277
5621
5440
4582
870
-4886
-3124
5501
6989
433
-2842
-1939
-1986
-1385
1469
1756
-2496
-4627
-1947
-824
-2109
-501
1216
-1212
-3211
-1302
1005
1351
1261
960
-466
-1291
388
1936
969
-198
-654
-1877
-2343
-976
-153
-573
-1492
-2703
-3212
-2216
-360
411
-924
-2213
-1847
-933
64
762
427
-453
-1182
-1042
-695
405
6121
10966
4763
-4559
-3864
3195
7690
8793
7212
141
-8247
-4831
7603
9963
1411
-4374
-5608
-5092
-964
3806
2472
-4076
-7392
-4160
-701
86
1069
570
-2393
-2997
-496
1536
2559
2551
1028
-572
-752
253
1411
1726
856
-991
-2876
-2916
-1293
-490
-1241
-2414
-3825
-4262
-2135
93
-157
-1531
-2427
-2014
-215
1101
1010
69
-1313
-1586
1411
6931
9739
5083
-1171
-118
3646
4002
4745
5645
1884
-3004
-1956
2572
2654
-275
-590
-1293
-3896
-2972
197
340
-1212
-1978
-2771
-3197
-1323
1665
2034
-283
-1470
-640
682
2185
2786
1218
-657
-836
-4
730
611
-466
-1694
-2779
-3050
-2045
-1538
-2110
-2540
-3113
-3602
-2741
-1341
-746
-1086
-1508
-1035
-351
-125
336
523
-507
-506
2922
7439
7668
2715
-1105
398
4299
6987
7110
3702
-1627
-3628
85
4651
4348
185
-3555
-4804
-3140
-133
1002
-794
-3420
-4459
-3006
-405
982
191
-1482
-1948
-854
935
2354
2223
690
-386
64
1139
1461
955
145
-967
-1610
-1525
-1365
-1280
-1639
-2471
-3091
-3204
-2777
-1949
-1464
-1606
-2109
-2376
-1579
-221
454
329
-239
-1002
-1259
905
6318
9859
6276
287
-628
2778
6484
8812
7798
2155
-3592
-2475
3436
5658
2841
-1088
-4510
-5333
-2231
977
667
-2305
-4908
-5008
-3001
-365
953
-375
-2282
-2204
-649
1300
2679
2233
507
-414
289
1477
1986
1564
193
-1760
-2777
-2207
-1009
-800
-2118
-3699
-4400
-3996
-2451
-1364
-2047
-2953
-3019
-2247
-770
226
96
-689
-1489
-1104
1402
5787
9093
7081
1522
-706
2255
6738
9260
7567
2046
-2817
-2146
2946
5744
3117
-1598
-4856
-5035
-2058
757
140
-2840
-5105
-4913
-2980
-878
269
-500
-2327
-2478
-552
1579
2722
2085
466
-198
502
1931
2887
1823
-357
-1858
-2304
-1585
-630
-1031
-2486
-3790
-4278
-3472
-2363
-2045
-2304
-2854
-2799
-1705
-757
-297
-144
-813
-1442
-681
2274
7271
9905
6405
772
-601
3208
8255
10154
7393
1301
-3479
-1687
4404
6689
2821
-2545
-5436
-4450
-867
1466
93
-3574
-5874
-4823
-2175
-263
281
-1234
-3451
-3063
-247
2448
3271
1574
-500
-696
771
3336
4227
1564
-1382
-2380
-1799
-30
595
-898
-3011
-4802
-4537
-2528
-1547
-1933
-2985
-4057
-3614
-2071
-796
-219
-891
-2142
-2449
-1015
2714
7464
8886
5017
111
-104
4356
8827
9599
6121
572
-2667
-355
4610
5849
1734
-3308
-5565
-4143
-669
879
-1274
-4657
-6192
-4732
-2055
-785
-1030
-2193
-3083
-1813
476
1636
1789
1227
750
1478
2640
3005
2228
812
-109
-257
-272
-447
-1010
-1933
-2685
-3112
-3260
-3042
-2676
-2798
-3175
-2933
-2275
-1565
-961
-744
-1050
-1503
-1217
658
4255
8196
8740
4078
-552
716
6149
9848
9213
4715
-1400
-3696
790
5920
4968
-469
-4957
-5755
-3159
372
996
-2176
-5552
-5755
-3482
-1327
-461
-1051
-2646
-2856
-1081
506
1541
1871
719
150
1190
2304
2759
1896
331
-364
-508
-435
-98
-821
-2053
-2463
-2785
-2862
-2388
-2469
-2757
-2740
-2814
-2364
-1554
-1184
-1258
-1837
-2315
-783
3443
8098
8846
4102
-715
335
6140
11068
10882
5193
-1762
-3321
1854
6941
5828
-64
-5454
-6280
-2712
780
595
-2888
-6396
-6568
-3871
-1256
-545
-1893
-3569
-3565
-1950
385
2318
1886
87
-85
1312
2657
3261
2538
869
-381
-561
277
539
-800
-2221
-2740
-2907
-2826
-2612
-2602
-2851
-3298
-3281
-2586
-1900
-1577
-1624
-2114
-2450
-930
3453
8298
8741
3719
-866
557
6215
10819
11009
5782
-1353
-3248
1851
7048
6109
288
-4957
-5901
-2724
954
897
-2899
-6467
-6683
-3943
-1145
-509
-2098
-3975
-3669
-1635
380
1787
1516
-117
-188
1420
2714
3262
2424
805
-89
-346
243
749
-315
-1565
-2337
-3053
-2625
-1885
-2163
-2497
-2885
-3315
-2761
-2048
-1658
-1560
-2291
-2412
230
5296
8769
6626
1328
-524
2916
8377
11524
9079
2059
-3012
-717
5354
7233
3248
-2695
-6278
-4754
-363
1465
-1094
-5530
-7761
-5713
-2176
-437
-1258
-3640
-4639
-3016
-452
1787
2188
464
-594
249
1793
3307
3355
1512
-269
-680
4
702
364
-782
-2078
-2991
-2693
-1920
-1787
-2073
-2464
-2978
-2922
-2114
-1320
-1336
-2154
-2584
-736
4026
8247
7291
2170
-760
1679
7295
11363
9915
3406
-2108
-1011
4699
7672
4397
-1609
-5489
-4639
-669
1249
-1112
-5003
-7015
-5901
-2998
-1327
-1966
-3754
-4682
-3434
-1195
610
1500
563
-827
-137
1635
3052
3298
1729
-16
-407
248
1381
1223
-760
-2240
-2437
-1905
-1214
-1406
-2194
-2748
-3073
-2525
-1590
-1607
-2127
-2685
-2782
-556
4001
7230
5850
1339
-696
2237
7296
10608
9012
2912
-1538
418
5789
7944
4413
-1406
-4714
-3327
316
1302
-1849
-5638
-6812
-5203
-2651
-1807
-3448
-5287
-5251
-3389
-1110
-47
-75
-508
-785
238
1831
2685
2926
2152
926
600
918
1616
1811
394
-1372
-2211
-1966
-1035
-677
-1473
-2768
-3704
-3286
-1856
-1441
-2281
-3224
-2994
242
5272
6805
3421
-57
268
4207
9073
10767
6837
845
-618
3654
7736
6890
2295
-2577
-4174
-1214
1780
277
-3861
-6887
-7123
-4678
-2212
-2417
-4614
-6182
-5450
-3047
-1031
-126
-365
-1370
-1142
809
2600
3219
2611
1299
760
1047
1550
1984
1344
-178
-1104
-1462
-1615
-1305
-1118
-1417
-2097
-2873
-2828
-2267
-1836
-1745
-1854
-123
3691
5041
2561
759
1420
3529
7002
9554
7114
1594
53
4042
7349
6356
2998
-1134
-3284
-922
1961
647
-3250
-6228
-6533
-4611
-2839
-3089
-5057
-6402
-5419
-3491
-2263
-1610
-1714
-2106
-1390
156
1505
2180
1880
1323
1242
1300
1471
1638
1119
280
-292
-611
-750
-775
-1034
-1585
-1996
-1954
-1668
-1701
-2000
-2291
-1492
1591
4277
3194
638
307
1804
4123
6984
7775
4468
950
2148
5861
7056
5384
2347
-674
-890
1410
2213
28
-3159
-5197
-5019
-3534
-2852
-4012
-5951
-6454
-5198
-3647
-2618
-2549
-3275
-3129
-1515
282
1292
1193
630
912
1808
2476
2698
1988
765
180
317
628
442
-355
-1217
-1913
-2050
-1628
-1642
-2030
-2384
-2502
-715
2373
2818
774
0
1093
2789
4944
6503
5391
2476
1845
4650
6837
6137
4060
1590
245
1473
2732
1596
-898
-3305
-4295
-3443
-2567
-3103
-4758
-6203
-5992
-4562
-3411
-3071
-3631
-4188
-3231
-1249
273
826
304
-302
393
1734
2744
2997
2092
829
504
889
1234
1040
30
-1058
-1526
-1448
-1178
-1197
-1690
-2287
-2558
-1275
1435
2310
721
-291
197
1524
3937
5881
5060
2612
1758
3585
5711
5831
4336
2210
775
1464
2729
2055
-44
-2173
-3379
-3010
-2441
-3027
-4231
-5345
-5715
-5004
-4117
-3691
-3863
-4368
-3999
-2677
-1396
-360
59
-380
-372
532
1668
2602
2549
1682
1158
1229
1608
1920
1402
364
-270
-469
-486
-555
-831
-1273
-1726
-1422
209
1501
980
192
252
640
1847
3770
4372
3268
2476
3060
4208
4673
4122
2949
1771
1719
2560
2381
863
-697
-1763
-2016
-1707
-2096
-3167
-4072
-4601
-4471
-3958
-3771
-3850
-3964
-3805
-3197
-2499
-1920
-1325
-925
-581
-184
186
847
1491
1619
1530
1494
1368
1389
1513
1436
1017
446
117
-192
-542
-604
-505
-797
-1251
-773
576
1161
499
-48
170
900
2160
3447
3514
2442
1931
2826
3874
4011
3421
2281
1369
1614
2175
1694
423
-729
-1386
-1568
-1614
-1996
-2778
-3569
-3923
-3821
-3601
-3319
-3145
-3212
-3210
-2882
-2369
-1725
-1047
-663
-576
-455
-62
578
1184
1415
1301
1039
852
1010
1367
1430
1094
534
36
-94
124
213
-206
-903
-1262
-828
240
980
547
-421
-623
263
1551
2565
2736
1970
1290
1699
2748
3421
3342
2610
1646
1199
1504
1698
1223
311
-604
-1187
-1326
-1348
-1655
-2284
-2901
-3137
-3023
-2665
-2392
-2532
-2719
-2466
-1945
-1428
-973
-796
-776
-511
38
518
661
623
655
769
866
971
871
576
471
547
538
410
218
-69
-249
-314
-298
-275
-501
-803
-581
275
907
714
260
247
568
1144
1838
1979
1488
1118
1374
1853
1958
1710
1267
886
882
1087
941
528
127
-228
-452
-661
-1014
-1209
-1217
-1385
-1601
-1698
-1694
-1556
-1302
-1151
-1184
-1335
-1215
-758
-391
-121
-24
-253
-357
-60
248
385
339
69
-95
23
152
89
-137
-327
-278
-157
-178
-396
-664
-749
-577
-327
-234
-287
-233
260
816
759
370
270
453
910
1435
1454
900
348
399
1035
1591
1632
1243
697
437
747
1130
1110
728
225
-28
77
245
249
138
-74
-173
-213
-348
-539
-614
-514
-385
-356
-536
-683
-628
-511
-450
-478
-653
-883
-945
-881
-867
-975
-1135
-1213
-1182
-1138
-1095
-1091
-1196
-1172
-934
-729
-632
-616
-620
-474
-181
51
69
-17
112
546
788
614
313
129
243
744
1212
1162
776
503
657
1223
1627
1591
1326
1134
1266
1697
1911
1761
1615
1626
1792
1862
1571
1124
779
629
676
605
228
-217
-514
-621
-537
-505
-747
-1080
-1339
-1533
-1601
-1578
-1547
-1709
-1977
-2049
-1930
-1778
-1733
-1779
-1821
-1678
-1384
-1157
-1109
-1099
-1011
-783
-473
-343
-416
-481
-360
-120
67
27
-55
30
363
634
581
373
279
477
882
1278
1370
1254
1271
1551
1971
2299
2416
2482
2548
2607
2638
2528
2342
2179
2150
2078
1763
1248
800
568
397
179
-150
-593
-948
-1163
-1276
-1409
-1624
-1894
-2078
-2040
-2071
-2201
-2343
-2395
-2322
-2190
-2062
-2120
-2214
-2186
-1950
-1701
-1568
-1459
-1451
-1455
-1308
-974
-716
-652
-633
-526
-265
33
149
145
237
518
861
1044
1069
1206
1479
1759
1998
2033
1953
2100
2485
2758
2696
2431
2252
2293
2547
2757
2557
2134
1707
1495
1500
1519
1268
749
246
-56
-186
-328
-510
-744
-1043
-1288
-1461
-1628
-1712
-1760
-1875
-2084
-2229
-2227
-2167
-2160
-2150
-2107
-2138
-2185
-2131
-2091
-2032
-1989
-1942
-1881
-1757
-1452
-1225
-1134
-1090
-871
-551
-159
214
399
550
788
1226
1634
1819
1879
1956
2166
2456
2714
2737
2503
2344
2396
2437
2313
2037
1727
1516
1459
1430
1296
1009
683
563
548
581
537
315
56
-104
-126
-69
-170
-419
-679
-839
-873
-907
-1093
-1368
-1536
-1610
-1632
-1735
-1910
-2101
-2240
-2249
-2313
-2308
-2239
-2181
-2257
-2326
-2226
-1938
-1581
-1309
-1107
-996
-752
-298
226
623
857
1040
1260
1585
1962
2343
2491
2446
2342
2307
2344
2418
2350
2016
1718
1526
1493
1455
1216
823
469
340
442
497
383
206
72
30
149
212
102
46
33
96
116
-45
-182
-222
-260
-292
-375
-617
-895
-1077
-1179
-1304
-1465
-1609
-1769
-1916
-2056
-2059
-1983
-1970
-1963
-1934
-1814
-1628
-1474
-1355
-1202
-985
-702
-368
-34
223
444
667
884
1087
1258
1423
1599
1655
1574
1477
1482
1526
1534
1408
1144
950
870
923
897
747
573
447
435
473
395
240
134
130
177
214
264
267
277
268
281
378
431
401
377
265
156
78
-14
-150
-337
-488
-622
-713
-811
-962
-1020
-1038
-1120
-1201
-1324
-1377
-1298
-1109
-884
-733
-720
-709
-580
-423
-236
-49
84
199
219
150
208
317
409
393
237
94
80
167
292
321
191
91
91
217
311
297
215
91
71
251
404
410
370
345
352
446
595
594
530
511
417
365
409
373
330
265
167
181
189
122
46
31
19
-7
-44
-152
-275
-241
-127
-105
-156
-173
-136
-154
-138
-81
-100
-93
-34
-47
-126
-258
-363
-410
-459
-478
-529
-722
-866
-843
-821
-786
-757
-808
-848
-793
-670
-562
-496
-388
-211
-45
91
209
303
410
637
816
862
879
910
941
939
870
746
665
631
635
561
373
169
91
73
40
-16
-94
-142
-76
58
101
100
173
279
395
491
545
518
507
594
701
644
478
375
266
214
118
-129
-379
-584
-682
-765
-914
-1064
-1173
-1261
-1290
-1321
-1373
-1347
-1273
-1134
-977
-849
-757
-652
-480
-225
66
220
338
481
626
766
865
852
776
774
822
845
770
610
494
427
362
263
162
12
-136
-83
-49
-59
-88
-103
-72
-39
50
176
294
395
502
533
559
644
732
753
703
586
420
308
281
204
35
-153
-371
-508
-603
-679
-768
-933
-1044
-1016
-925
-849
-795
-801
-789
-701
-591
-381
-208
-137
-48
24
83
184
277
282
268
260
239
203
179
186
161
136
88
10
25
78
55
16
16
47
79
142
152
157
212
302
393
397
444
460
490
542
511
470
428
356
314
219
98
47
-16
24
88
23
-165
-315
-327
-216
-149
-216
-271
-315
-228
-118
-94
-140
-243
-141
275
502
318
31
-322
-582
-565
-371
-120
55
189
178
26
128
-61
-537
-747
-1137
-1400
-1152
-857
-404
26
138
151
-2
-124
-150
-208
-87
280
533
845
951
647
519
462
345
396
368
214
201
204
202
121
-26
-215
-406
-356
-236
-217
-146
-99
-155
-103
51
103
139
221
308
451
638
737
702
566
561
598
572
536
402
329
277
163
17
-175
-367
-404
-456
-491
-477
-561
-552
-573
-606
-627
-628
-579
-531
-439
-361
-353
-288
-89
-4
23
58
-53
-95
46
138
116
59
8
-37
16
13
-45
-174
-216
-116
-128
-144
-188
-291
-189
-59
-77
12
-51
-22
198
315
397
326
283
317
421
618
736
747
747
840
894
883
786
619
518
495
472
454
430
279
77
-43
-138
-252
-338
-432
-556
-628
-651
-592
-524
-597
-632
-643
-656
-643
-657
-612
-584
-606
-600
-510
-511
-469
-450
-454
-350
-298
-262
-204
-114
-128
-130
-132
-96
47
36
60
140
73
135
248
220
159
140
144
199
280
264
325
407
469
589
637
583
549
501
580
629
617
655
741
768
845
860
736
680
591
580
508
460
340
176
105
86
-9
-169
-336
-521
-580
-630
-695
-750
-885
-943
-867
-867
-867
-950
-1002
-894
-790
-767
-587
-577
-606
-379
-278
-210
-196
-193
-240
-121
-20
145
83
-18
59
-45
5
-18
3
17
7
193
100
8
101
-3
94
239
280
396
491
605
662
617
629
659
686
821
923
914
941
1096
1165
1145
1080
883
797
703
589
466
326
114
-129
-170
-372
-621
-767
-968
-1056
-1115
-1158
-1203
-1337
-1337
-1232
-1247
-1126
-1050
-1070
-899
-772
-668
-514
-457
-405
-322
-191
-58
-72
63
66
88
281
349
313
300
261
213
372
235
140
139
-118
58
258
169
459
515
559
768
698
739
832
686
896
1083
1106
1297
1304
1269
1281
1301
1228
1189
1086
913
826
629
573
451
160
-104
-406
-652
-863
-989
-1111
-1313
-1499
-1668
-1737
-1754
-1745
-1840
-1866
-1789
-1584
-1395
-1316
-1186
-1201
-1099
-907
-722
-602
-365
-349
-288
28
67
152
176
148
281
269
317
506
524
448
440
526
449
395
478
542
429
611
835
969
1181
1200
1340
1328
1321
1345
1351
1326
1362
1446
1568
1645
1570
1538
1405
1177
1114
914
644
490
244
-90
-295
-499
-770
-1025
-1342
-1603
-1826
-1976
-2048
-2106
-2190
-2135
-2170
-2120
-1943
-1828
-1653
-1663
-1566
-1411
-1269
-1033
-796
-583
-473
-195
-80
124
186
255
460
496
617
671
656
891
761
910
1038
661
827
607
885
1001
817
1230
1272
1225
1480
1452
1389
1367
1276
1243
1470
1405
1419
1560
1297
1388
1308
1058
983
739
573
444
221
-22
-285
-531
-867
-1155
-1513
-1773
-1988
-2167
-2210
-2346
-2455
-2510
-2495
-2356
-2391
-2307
-2181
-1971
-1720
-1512
-1309
-1128
-889
-786
-422
-266
-258
169
299
511
628
863
956
836
1230
1216
1245
1264
1213
1404
1063
1287
1198
1067
1331
1095
1291
1248
1342
1448
1255
1407
1258
1254
1275
1238
1489
1297
1313
1358
1245
1364
1123
999
732
485
264
118
-81
-518
-709
-1079
-1354
-1549
-1907
-2185
-2504
-2571
-2621
-2747
-2721
-2774
-2697
-2587
-2393
-2271
-2209
-1938
-1788
-1474
-1290
-1041
-693
-658
-38
57
223
585
675
800
738
1113
1168
1144
1221
1509
1590
1214
1438
1511
1079
1304
1058
1195
1247
1029
1757
1797
1503
1874
1613
1429
1434
1352
1419
1495
1452
1580
1625
1407
1458
1236
839
695
447
194
215
-87
-340
-603
-1034
-1359
-1675
-2125
-2423
-2646
-2876
-2813
-2900
-2857
-2808
-2789
-2611
-2516
-2486
-2332
-2148
-1884
-1657
-1258
-1105
-752
-296
-297
216
111
532
712
375
952
1244
850
1186
1476
1386
1419
1181
1500
990
950
1268
1142
1214
1115
1758
1618
1541
1797
1477
1430
1418
1362
1554
1481
1516
1643
1639
1611
1482
1393
1082
954
787
549
367
89
-172
-511
-831
-1102
-1523
-1968
-2186
-2423
-2599
-2721
-2801
-2894
-2962
-2892
-2783
-2706
-2629
-2330
-2266
-1901
-1782
-1694
-1350
-1199
-743
-423
-462
-7
308
385
613
697
1038
936
1295
1253
1498
1457
1369
1745
1433
1369
1699
1275
1295
1541
1409
1403
1611
1763
1749
1763
1572
1679
1581
1376
1652
1587
1470
1683
1457
1407
1425
1123
917
699
415
219
89
-234
-498
-685
-1147
-1404
-1693
-2101
-2315
-2568
-2790
-2849
-2947
-3011
-2920
-2915
-2847
-2686
-2586
-2391
-2177
-2010
-1886
-1582
-1341
-1063
-552
-547
27
68
130
485
608
735
824
1133
1237
1382
1197
1735
1835
1270
1766
1613
1310
1666
1458
1700
1594
1496
1828
1820
1779
1762
1728
1408
1539
1518
1250
1465
1336
1375
1518
1195
1220
1001
787
712
454
262
48
-140
-474
-768
-1029
-1468
-1799
-2103
-2301
-2571
-2821
-2876
-2948
-3024
-3026
-2950
-2879
-2763
-2571
-2468
-2145
-2059
-1840
-1735
-1422
-619
-816
-324
54
-161
214
557
716
839
996
1241
1525
1511
1711
2030
1364
1914
1808
1428
1988
1545
1544
1633
1378
1541
1380
1359
1662
1422
1298
1442
1419
1181
1243
1112
1077
1177
1116
1191
1154
978
934
675
578
359
193
-103
-367
-569
-916
-1119
-1482
-1724
-2132
-2357
-2529
-2792
-2788
-2931
-2943
-2839
-2746
-2573
-2502
-2449
-2166
-2026
-1850
-1526
-1410
-897
-633
-321
24
325
444
502
1033
884
987
1468
1403
1448
1714
1513
1837
1325
1502
1604
1103
1549
1290
1256
1243
1144
1126
1043
907
1097
1077
1128
1092
1252
1014
976
989
825
958
851
992
979
837
903
821
589
376
237
-137
-360
-552
-906
-1022
-1351
-1640
-1823
-2176
-2391
-2532
-2704
-2734
-2739
-2657
-2569
-2286
-2195
-1972
-1822
-1772
-1619
-1182
-945
-742
-275
-120
495
526
558
783
1108
913
1369
1330
1555
1625
1255
1654
1304
1366
814
1761
825
820
1678
418
1265
850
416
941
496
387
800
681
944
917
817
1006
921
528
653
831
496
807
884
728
878
644
474
257
23
-273
-409
-554
-871
-893
-1202
-1333
-1642
-2004
-2081
-2455
-2309
-2429
-2323
-2157
-2235
-1946
-1788
-1573
-1486
-1240
-1304
-1049
-475
-514
-215
476
167
481
649
736
892
709
1291
1032
1073
1146
1599
1228
744
1168
950
942
619
979
745
1128
463
497
1059
143
395
424
385
718
512
705
1006
696
850
792
587
671
667
526
735
758
612
771
602
390
339
-23
-44
-334
-415
-500
-739
-820
-1193
-1322
-1511
-1699
-1833
-1935
-1881
-1979
-1754
-1771
-1684
-1559
-1337
-1400
-1364
-866
-1005
-552
-438
-189
248
-38
303
560
366
840
531
1144
945
720
1322
946
746
612
1388
414
481
1074
514
973
126
715
1016
-479
545
457
-63
336
292
563
211
393
625
590
433
565
816
472
581
875
672
890
748
830
717
610
694
320
289
48
-97
-303
-521
-604
-950
-1106
-1371
-1500
-1640
-1830
-1771
-1927
-1803
-1730
-1735
-1349
-1354
-1373
-1073
-1051
-784
-508
-366
-253
1
0
232
454
152
877
389
448
883
686
264
795
705
102
718
57
664
285
-191
871
137
-153
714
42
275
738
-153
788
638
253
927
551
789
1185
590
1176
1199
654
1050
1025
743
933
922
846
890
666
642
620
247
92
95
-333
-265
-446
-692
-624
-947
-1090
-1185
-1231
-1339
-1390
-1444
-1311
-1308
-1037
-1027
-1139
-1058
-967
-801
-758
-422
-467
-383
-390
-401
-205
-151
-69
19
-36
48
-17
63
67
-20
227
30
179
92
100
493
-150
299
269
-23
480
44
382
648
16
690
268
448
585
483
636
609
691
587
1016
792
766
877
604
905
737
711
964
707
806
732
784
642
406
404
161
125
-22
-130
-263
-493
-548
-752
-847
-984
-1156
-1051
-1160
-1007
-1064
-1016
-918
-1178
-729
-856
-762
-632
-439
-353
-634
1
-371
-346
43
-396
39
-81
-260
-133
129
-294
-105
73
-709
627
-712
-207
932
-1038
299
466
-731
713
156
-66
593
57
344
763
211
160
1196
133
561
1168
454
1074
890
661
1306
747
677
1017
757
720
1052
811
609
897
455
555
439
152
233
-63
-18
-265
-355
-445
-637
-591
-827
-719
-872
-903
-901
-1052
-788
-1077
-968
-672
-1030
-589
-696
-633
-564
-588
-447
-528
-561
-514
-527
-369
-317
-398
-164
-367
-109
-490
-26
53
-107
-399
614
-143
-186
659
141
222
112
604
313
141
310
777
273
272
544
540
396
618
474
600
681
588
899
719
877
934
697
854
936
882
893
934
996
892
795
705
601
253
217
189
-184
-120
-216
-498
-616
-754
-900
-1020
-1015
-1206
-1112
-1331
-1073
-1066
-1375
-945
-1048
-1093
-783
-995
-798
-554
-814
-399
-504
-438
-329
-406
111
-467
-122
227
-107
15
5
173
148
-201
-26
731
-506
127
623
-535
294
612
-417
665
363
-156
899
99
422
895
195
878
962
506
1066
1094
731
1233
1278
801
1336
1069
831
1264
803
937
1039
654
787
695
453
301
183
-1
-140
-344
-485
-592
-748
-874
-933
-1110
-1165
-1241
-1315
-1193
-1267
-1147
-1050
-1090
-964
-811
-757
-786
-529
-495
-499
-492
-317
-144
-464
-391
-12
-381
-258
9
-567
48
-84
-725
296
-244
-550
312
-500
-204
449
-640
381
299
-348
903
84
149
992
121
570
1024
514
892
1163
652
1096
1311
1040
1355
1249
1059
1393
943
973
1304
801
894
950
777
630
550
292
224
33
-116
-171
-387
-665
-602
-828
-1020
-1027
-1111
-1167
-1241
-1118
-1135
-1202
-1249
-1082
-1200
-1003
-696
-894
-705
-536
-462
-541
-443
-189
-457
-445
-336
-286
-195
-485
-232
-228
-485
-175
-327
-373
141
-367
-65
215
-238
274
96
127
608
401
562
922
563
921
746
705
1013
1121
753
1355
1243
893
1379
1138
1161
1345
868
1232
1077
761
1125
787
635
715
558
437
429
235
142
32
-294
-263
-448
-762
-687
-873
-987
-1025
-1196
-1168
-1234
-1305
-1255
-1288
-1198
-1227
-1219
-1125
-1014
-992
-1011
-753
-732
-764
-580
-768
-577
-679
-649
-559
-534
-534
-465
-230
-331
-348
-47
-70
-110
-83
527
171
361
734
458
592
754
597
899
1079
622
1549
930
953
1383
609
1089
1279
649
1310
1314
968
1248
1254
977
1163
825
864
1003
722
944
1039
651
740
653
270
258
-10
4
-184
-338
-404
-693
-931
-1127
-1287
-1514
-1488
-1506
-1620
-1612
-1744
-1571
-1677
-1740
-1525
-1492
-1583
-1407
-958
-1082
-867
-629
-880
-624
-679
-626
-231
-449
-73
-102
65
-18
-158
238
-59
290
567
325
803
328
649
785
270
1159
898
757
1203
1129
1015
1041
1148
1385
967
1504
1204
1090
1282
1247
1325
1582
1480
1364
1304
995
1041
937
903
944
896
632
648
289
18
-40
-311
-582
-525
-844
-1020
-1075
-1427
-1542
-1702
-1953
-1894
-1943
-2000
-1846
-1815
-1850
-1803
-1693
-1632
-1583
-1364
-1219
-1138
-856
-729
-538
-543
-391
-501
-570
-168
-386
-71
119
2
259
210
254
139
219
502
393
453
953
922
766
1187
771
866
914
1175
1540
1341
1532
1819
1019
1135
1464
1366
1279
1668
1784
1526
1639
1390
1273
1168
902
1226
1062
783
1150
687
463
294
119
-256
-399
-496
-665
-829
-1117
-1279
-1523
-1974
-1925
-1990
-2246
-2088
-2072
-2107
-2159
-2109
-2050
-1953
-1760
-1497
-1311
-1209
-1068
-1000
-904
-642
-518
-487
-151
-158
-100
-47
7
-47
-3
307
271
540
385
323
567
236
658
946
747
946
962
826
1063
1042
1365
1402
1168
1492
1390
1169
1574
1415
1419
1764
1641
1869
1769
1571
1496
1246
1254
1304
1246
1273
1152
825
457
328
35
-171
-199
-367
-657
-930
-1299
-1647
-1949
-2124
-2082
-2088
-2243
-2247
-2342
-2541
-2491
-2333
-2285
-2086
-1771
-1569
-1438
-1292
-1102
-1026
-852
-541
-364
-224
-97
-40
88
4
103
156
91
312
465
496
525
498
495
466
561
755
902
1056
1011
991
957
885
1093
1342
1475
1495
1429
1307
1101
1183
1507
1861
2130
2105
2071
1640
1273
1332
1316
1512
1660
1515
1325
881
421
145
-1
-105
-214
-311
-650
-1156
-1572
-1884
-2193
-2345
-2316
-2368
-2485
-2580
-2722
-2892
-2837
-2650
-2369
-1984
-1739
-1555
-1475
-1359
-1104
-870
-487
-84
165
169
183
227
41
96
350
431
632
713
692
490
247
310
405
539
705
790
747
594
564
653
767
925
1079
1216
1207
1199
1147
1132
1354
1542
2069
2395
2222
2111
1833
1636
1723
1878
1990
2030
1679
1298
1062
547
251
129
-107
-221
-571
-1057
-1530
-2078
-2359
-2511
-2567
-2641
-2767
-2946
-3155
-3203
-3158
-2897
-2593
-2235
-1899
-1677
-1458
-1283
-1032
-654
-286
148
409
477
474
398
436
551
698
799
767
628
482
348
229
309
375
462
510
389
282
100
97
256
455
709
858
966
901
798
777
834
1198
1710
2310
2643
2492
2170
1848
1737
2015
2469
2655
2436
2108
1504
926
681
625
536
353
35
-592
-1336
-1917
-2186
-2382
-2476
-2424
-2696
-3167
-3408
-3630
-3586
-3244
-2789
-2387
-2228
-2071
-1828
-1517
-1168
-601
-117
148
474
718
807
818
864
978
992
999
988
816
605
443
334
187
177
164
96
-13
-135
-166
-194
-127
9
38
68
242
369
395
503
673
777
1052
1711
2315
2377
2355
2307
2087
2105
2532
2912
2690
2384
2142
1557
1091
1044
949
546
137
-238
-1021
-1759
-2030
-2228
-2593
-2733
-2828
-3296
-3636
-3648
-3546
-3399
-3026
-2561
-2469
-2323
-1869
-1418
-974
-405
124
326
519
893
1073
1149
1307
1429
1351
1147
1136
957
715
648
546
303
55
-102
-192
-346
-372
-279
-356
-451
-384
-304
-299
-97
131
221
304
442
597
796
1293
2080
2477
2451
2452
2346
2198
2402
2912
3055
2701
2290
1897
1338
1070
1132
1009
491
-29
-618
-1422
-1926
-2062
-2231
-2509
-2764
-3138
-3573
-3771
-3619
-3359
-3083
-2744
-2507
-2435
-2163
-1650
-1091
-513
21
362
496
688
1000
1294
1445
1546
1509
1242
971
871
738
577
529
385
60
-218
-410
-543
-571
-581
-563
-650
-748
-709
-628
-459
-259
-34
96
126
292
513
847
1514
2233
2571
2492
2352
2232
2280
2676
3061
3081
2629
2089
1664
1272
1111
1185
978
419
-235
-946
-1547
-1898
-1988
-2057
-2358
-2779
-3185
-3493
-3582
-3323
-2911
-2668
-2449
-2307
-2198
-1841
-1200
-521
0
366
583
674
837
1204
1544
1655
1602
1402
1089
818
719
725
621
386
125
-229
-569
-706
-683
-634
-638
-652
-799
-887
-815
-615
-351
-173
59
100
41
160
465
798
1237
1964
2394
2263
2142
2110
2082
2373
2852
2980
2509
1982
1635
1276
1122
1216
1054
440
-98
-718
-1400
-1604
-1550
-1730
-1987
-2250
-2728
-3114
-3135
-2951
-2849
-2767
-2593
-2443
-2294
-1685
-936
-290
275
524
589
572
742
1054
1427
1733
1563
1170
689
211
-20
-192
-237
-371
-686
-907
-1032
-1043
-1058
-927
-845
-813
-772
-693
-455
-72
328
579
762
798
753
769
954
1208
1326
1548
1961
2185
2090
1979
2129
2073
1968
2306
2489
2189
1806
1668
1398
842
570
336
-370
-1071
-1415
-1853
-2262
-2269
-2275
-2564
-2765
-2675
-2433
-2058
-1420
-879
-736
-675
-475
-481
-429
100
567
600
547
578
370
-64
-318
-212
-172
-217
6
17
-43
-133
-290
-515
-914
-1217
-1520
-1801
-1928
-2029
-1888
-1371
-718
-194
237
843
1296
1300
1265
1482
1551
1531
1772
2119
2124
2046
1997
1840
1868
1872
1601
1336
1204
969
778
812
615
102
-382
-640
-719
-787
-464
-16
-245
-496
-641
-618
-226
168
419
179
-45
-171
-685
-848
-753
-705
-582
-417
66
77
-101
166
415
748
584
-3
-417
-1015
-1217
-1402
-1693
-1909
-2401
-2601
-2936
-3296
-3326
-3302
-2828
-2460
-2130
-1621
-1225
-546
195
1013
1900
2985
4152
4442
4294
3707
2864
2368
1814
1448
1245
850
356
104
-234
-589
-107
405
360
181
308
370
322
793
1289
1148
204
-690
-1510
-2236
-2230
-1736
-1587
-1636
-1015
-432
6
1215
2595
3458
3643
3903
4227
3660
3185
2771
2126
1579
561
-290
-1393
-2264
-2349
-2858
-3531
-4134
-4576
-4422
-4344
-3712
-3398
-3453
-3436
-3723
-3884
-4037
-3431
-2637
-1908
-1166
-394
145
103
1108
2833
4099
5081
5809
6378
6116
5323
4712
3792
3149
2391
1400
896
-355
-1441
-1586
-1959
-1836
-1561
-1092
-345
-519
-965
-1867
-2127
-1524
-1521
-1039
-938
-1156
-1427
-1873
-1082
-649
-578
96
945
2090
3349
4816
6048
5965
5836
5532
4861
3768
2523
1907
822
-781
-2523
-3899
-4664
-5642
-5254
-3999
-3024
-2140
-2648
-3147
-3445
-3862
-3592
-3936
-3719
-3176
-3200
-2848
-3134
-3323
-3192
-2598
-1076
-496
-700
510
1781
2809
3420
3976
4812
5696
6801
7589
8028
7575
6333
4883
2251
-624
-2078
-2051
-1384
-1262
-581
-889
-2234
-2891
-3491
-3236
-2620
-1534
342
1293
1786
1550
801
363
227
208
-283
-203
-610
-1643
-2111
-1852
-697
253
1180
2390
3073
4109
5289
5047
4272
3404
2320
1044
-290
-1050
-1551
-2013
-3436
-5250
-6829
-8021
-7847
-7060
-5042
-2577
-325
1156
569
194
345
270
284
-322
-490
-775
-2636
-4952
-6498
-5637
-3446
-1291
500
1857
2973
3911
4764
5534
5830
6825
7463
7669
7194
5001
4015
2652
864
-751
-2867
-2505
-2677
-2699
-2020
-2347
-1020
-1243
-1836
-1096
657
3305
3541
2738
2783
1594
39
-1448
-1219
-637
-1040
-354
101
-350
-768
-677
186
1135
1433
2379
2511
2149
1157
-977
-1669
-2566
-2745
-2617
-3845
-3928
-3386
-3058
-3617
-3720
-3215
-3571
-2708
-1549
-1233
-2130
-2054
-1313
-2035
-1256
476
1214
759
-187
768
1769
1108
1162
1954
2568
3051
3395
5340
6251
5763
4812
2889
1025
-71
797
1097
292
66
-936
-1649
-2450
-2782
-2284
-2452
-1378
-482
-1604
-2947
-2577
-1185
-118
301
890
1655
1100
752
1111
953
2128
3302
4946
6346
6109
6918
7286
5600
4136
2071
1142
73
-2381
-4025
-5428
-5583
-6813
-8390
-8313
-7548
-6589
-5757
-4997
-4296
-3811
-3659
-3541
-3260
-1328
627
926
730
-179
-623
-778
-420
408
295
604
1869
3197
4363
4690
5434
6289
5741
5488
6023
5189
4481
3146
1236
-485
-2949
-3511
-3865
-4726
-3762
-3169
-2529
-1332
-1377
-998
-795
-1072
176
1021
2790
4418
4219
3912
2958
2010
2045
2264
3149
3409
3130
1727
362
-84
-1051
-956
-627
-40
-115
-497
-159
-1359
-3214
-3029
-3019
-4092
-4796
-5920
-6492
-7286
-8009
-7507
-6153
-4476
-3333
-1815
-206
1594
2588
4052
5365
4796
4776
4345
4139
4895
4921
4227
4038
3430
2270
962
682
1185
1071
1566
862
-538
-1158
-1452
-1159
-1639
-2196
-2306
-3229
-3927
-4877
-5496
-5599
-5128
-3628
-2276
-435
1047
2328
3026
3509
5012
6276
7132
7981
7920
7113
5524
3795
2982
1985
1063
407
-238
-882
-681
-324
-1389
-3126
-4676
-4765
-4755
-5733
-5073
-4466
-4549
-4549
-4827
-4419
-4725
-4753
-3228
-2043
-2110
-2130
-2041
-2103
-964
393
1661
3053
4616
5686
5311
5246
5389
5318
5245
5330
5502
4786
3609
2373
1137
463
-707
-2071
-3132
-4349
-5732
-6395
-6517
-6591
-5994
-5352
-4037
-2598
-965
843
1788
3086
3370
3198
3406
3202
3032
2519
2927
3490
3317
3947
4243
4330
4572
3708
3559
3934
2839
2139
1845
1412
1231
89
-745
-1526
-2839
-3743
-5361
-6918
-7976
-8594
-8901
-8694
-7836
-6657
-5026
-3164
-1339
73
1079
2383
2880
2853
2987
3190
3155
2609
2044
1614
1992
2701
3220
3288
3164
3172
2244
1354
974
631
737
717
-332
-691
-965
-1523
-1167
-1954
-2368
-2598
-3636
-4018
-4293
-4206
-3736
-3454
-2296
-1283
-545
611
1348
2142
2580
2922
3019
2537
2482
2551
2705
2993
3006
2766
3079
3555
3323
2886
1596
1052
1316
948
1259
1531
1618
1353
750
518
124
-382
-283
-117
-1303
-2136
-2474
-3451
-4429
-4771
-4397
-4552
-4685
-4115
-3356
-3149
-3198
-2544
-2085
-2089
-1606
-1173
-440
-151
-508
514
893
867
971
544
1195
1010
182
179
125
1109
1640
1504
2748
3776
4185
4090
4175
4571
4490
4133
3639
2405
683
-92
-590
-1456
-2487
-3375
-3483
-3326
-3234
-3135
-3379
-2991
-2269
-1400
-550
-180
288
405
577
1467
1362
1328
1245
1652
2334
2116
2555
2261
2342
3040
3096
3853
3616
3749
3745
3011
3006
1684
727
-374
-2087
-3260
-4739
-5389
-6090
-6471
-6902
-7740
-7497
-7430
-6616
-5764
-5147
-3739
-3084
-1690
-829
-763
302
637
1333
2210
2865
3902
3612
3850
4579
4550
5049
5066
5039
4928
4087
3781
3379
2544
2355
2251
1610
1208
1148
743
-370
-1675
-2134
-2302
-2994
-3016
-2645
-2631
-2651
-2179
-1517
-1445
-1341
-1424
-1298
-1170
-922
-184
95
577
1140
1300
1928
2498
2839
3303
3691
3620
3344
2582
1817
1221
-140
-1276
-2040
-2401
-2967
-3754
-3695
-3374
-3490
-3523
-3553
-3253
-2628
-1917
-1225
-1436
-1967
-2005
-2231
-1702
-1539
-1642
-942
-542
-288
-612
-153
1030
1911
2773
3205
4257
4895
4920
5527
4869
4805
4506
3783
3782
2223
1720
1044
-417
-977
-1530
-1377
-1350
-1290
-855
-713
-118
125
317
-24
-761
-671
-1159
-1279
-1722
-2106
-1958
-2601
-2598
-2822
-2394
-1653
-1676
-1033
-1021
-372
394
57
276
411
965
1820
2312
2764
2375
1525
987
976
576
349
241
-267
-28
-699
-1554
-1985
-2317
-1545
-1648
-1775
-1464
-1698
-1393
-1351
-1495
-1567
-1437
-832
-348
-22
63
196
241
435
861
486
548
877
1183
1611
1587
1729
2271
2506
2767
3129
3427
3531
3261
2984
2454
1482
352
-129
-364
-825
-533
-295
-590
-1142
-1607
-1416
-1313
-1396
-1431
-1313
-1399
-1409
-1484
-1487
-1481
-1440
-1381
-1397
-1271
-873
-684
-489
-274
-696
-891
-298
444
603
519
830
1875
1951
1373
984
708
810
421
120
-261
-586
-783
-953
-1207
-1760
-1699
-1269
-1137
-988
-1253
-1016
-644
-909
-1116
-929
-348
436
1037
1727
1919
1451
1045
1127
1331
1579
1755
1913
1738
1230
1119
1074
1072
782
750
787
468
361
233
-81
11
-88
-205
-451
-1061
-1444
-1819
-1963
-1430
-1144
-1036
-793
-659
-650
-400
309
992
1029
1250
1803
1547
1048
724
557
420
367
468
101
-233
-512
-765
-671
-722
-575
-667
-830
-720
-713
-252
-305
-615
-675
-1242
-1201
-991
-992
-1362
-1550
-1244
-1536
-1841
-1648
-753
-408
-221
567
1220
1532
1218
1262
1411
961
774
1034
1513
1729
1503
1326
782
306
454
775
1036
1162
753
417
199
118
-14
5
173
351
663
307
-48
-448
-606
-586
-761
-478
-226
-213
-29
-31
-170
-593
-712
-499
-293
-111
74
523
526
87
-173
-349
-375
-679
-664
-163
-367
-1221
-1671
-1546
-1354
-1138
-1033
-839
-506
84
523
592
673
683
383
219
333
432
541
935
1159
898
313
-95
102
487
756
732
809
619
-21
-405
-832
-857
-444
-197
95
-112
-224
-219
-500
-967
-1124
-886
-373
370
614
331
-104
-156
202
394
798
1369
1341
1126
975
773
658
471
219
-309
-485
-37
584
1014
830
346
-249
-664
-886
-1087
-916
-510
-626
-799
-1330
-1583
-1422
-965
25
678
749
456
437
473
360
-21
112
555
668
651
635
909
1048
842
493
245
33
228
453
429
483
121
-416
-1018
-1318
-1290
-1450
-935
-444
-636
-998
-1524
-1538
-1369
-1423
-1431
-1143
-336
189
327
479
372
271
209
274
615
1059
1868
2200
1659
908
395
731
1232
1356
1464
1542
1136
352
-120
-173
-160
-456
-1007
-1439
-1387
-884
-317
-219
-369
-755
-860
-782
-534
-38
11
-174
-335
-720
-1052
-1213
-718
6
286
595
614
583
798
518
321
293
314
803
1156
1259
1027
800
800
471
311
102
66
-144
-505
-497
-1056
-1471
-1435
-1281
-728
-535
-173
230
45
-40
-133
-465
-837
-1004
-944
-614
-152
185
187
49
199
710
1171
1385
1583
1513
1278
876
495
539
639
592
686
644
351
112
-236
-366
-526
-762
-888
-1192
-1287
-1367
-1125
-445
-36
67
-179
-488
-683
-726
-275
23
-35
-271
-666
-969
-902
-485
-116
182
491
922
1184
1153
1082
851
694
654
740
1131
1386
1336
884
154
-275
-355
-60
276
274
139
-294
-668
-905
-963
-779
-725
-470
-292
-200
111
205
182
90
-269
-577
-796
-680
-318
67
193
95
-93
-174
-59
38
178
702
934
928
641
177
41
-161
-331
-535
-676
-646
-515
-341
-321
-647
-1002
-1114
-862
-518
-43
443
512
269
-42
-212
-200
-114
1
90
364
614
620
487
222
-5
69
453
826
941
1038
1010
805
664
516
433
322
603
639
261
50
-357
-672
-853
-1045
-954
-754
-354
-155
-365
-384
-306
-165
-324
-623
-741
-695
-462
-445
-170
-64
-144
-168
-81
264
557
728
828
743
533
549
474
494
434
315
396
366
249
103
36
-12
-183
-463
-799
-791
-495
-284
-261
-406
-444
-618
-905
-883
-515
-225
48
246
351
373
263
440
506
699
992
1057
1105
1181
1093
951
629
606
606
523
511
272
6
-358
-727
-892
-837
-851
-893
-943
-915
-1001
-1060
-1274
-1299
-1208
-1124
-856
-681
-393
-168
-120
-34
-109
-188
17
476
883
957
926
866
894
853
967
1179
1280
1470
1535
1222
767
275
55
-50
-292
-393
-578
-734
-904
-1160
-1307
-1265
-1097
-954
-836
-941
-919
-1077
-1209
-1132
-877
-322
135
522
742
776
751
793
849
1047
1376
1611
1812
1740
1432
1288
1109
1000
847
663
597
342
75
-54
-229
-490
-817
-1038
-1062
-1069
-1071
-1096
-1215
-1225
-1393
-1457
-1492
-1291
-1022
-1203
-1126
-1074
-913
-557
-257
133
237
367
708
812
926
1117
1321
1407
1191
1047
961
946
980
930
875
720
638
660
520
297
223
247
245
5
-300
-591
-798
-969
-1223
-1396
-1365
-1285
-1036
-788
-565
-247
-128
-36
-67
9
359
649
782
762
636
710
637
717
903
872
796
492
428
338
233
158
25
-81
-390
-303
-136
-156
-351
-647
-826
-1119
-1353
-1281
-1184
-995
-819
-662
-652
-601
-215
201
454
677
894
879
702
527
331
28
-47
31
257
394
561
716
582
439
277
131
145
242
330
282
173
16
-187
-481
-533
-333
-298
-283
-324
-446
-588
-784
-731
-487
-243
93
467
657
670
677
754
749
544
409
198
20
-16
0
-150
-434
-384
-366
-400
-406
-296
-223
-323
-201
-86
-153
-296
-373
-398
-564
-610
-511
-361
-16
-17
90
127
178
288
347
603
700
815
863
875
861
803
601
337
-14
-146
-182
-82
-109
-344
-367
-359
-423
-535
-462
-367
-416
-148
86
29
-198
-270
-237
-432
-307
-87
31
174
301
410
392
354
475
551
541
573
609
677
612
552
352
-68
-357
-538
-474
-586
-547
-504
-545
-493
-456
-574
-627
-543
-452
-189
-128
7
-25
-160
-126
-67
81
284
511
604
497
425
409
310
237
226
324
314
187
313
345
280
202
111
108
31
-175
-256
-357
-504
-677
-821
-729
-702
-687
-556
-420
-348
-313
-373
-343
-249
-126
184
503
651
744
679
698
653
528
500
551
743
784
551
314
-51
-251
-447
-453
-180
39
365
380
170
-21
-259
-376
-413
-322
-121
-70
-209
-409
-633
-833
-817
-551
-262
2
182
269
169
63
-13
-73
60
278
521
564
519
371
41
-224
-261
-132
-14
24
-33
-204
-389
-483
-494
-275
-12
163
200
251
302
106
38
15
-35
-119
-162
-94
13
105
155
121
62
74
154
367
466
431
358
287
218
88
-35
40
115
172
89
-81
-199
-302
-293
-282
-183
-64
56
78
21
-35
-134
-144
40
198
190
244
231
49
-177
-382
-264
-125
-8
194
304
247
-5
-250
-293
-254
-206
-61
129
110
-142
-358
-454
-515
-470
-358
-247
-64
95
83
113
121
57
10
-26
113
170
217
325
347
262
152
-23
-35
31
132
237
215
283
258
97
-29
-25
8
53
87
77
-105
-295
-341
-390
-325
-225
-114
-18
-25
-28
-104
-194
-127
-149
-100
-56
53
152
56
-60
23
184
344
330
291
262
141
275
232
285
283
361
363
133
-32
-88
-43
-100
-56
-101
-146
-264
-387
-503
-525
-457
-266
-152
-228
-256
-337
-216
-171
-155
-186
-187
-89
-128
-127
-93
29
101
150
157
191
228
358
533
664
770
752
691
614
468
348
176
200
199
195
58
-138
-129
-275
-340
-377
-339
-320
-375
-369
-428
-423
-511
-616
-604
-629
-398
-208
-151
-114
-134
-98
-47
6
155
192
153
349
430
610
728
726
685
485
309
251
292
323
386
288
169
12
-224
-322
-475
-471
-488
-592
-657
-614
-510
-471
-401
-342
-295
-193
-71
-55
22
93
269
298
244
221
110
96
65
92
185
190
220
258
266
282
168
182
291
351
303
199
53
-43
-51
-88
-57
-86
-96
-284
-491
-553
-545
-500
-186
50
162
176
219
401
241
199
231
338
278
108
-21
-101
-89
-239
-223
-167
-21
12
-19
114
237
107
-59
-147
-221
-120
-48
171
264
207
94
-84
-174
-275
-320
-313
-193
-70
-67
-43
11
7
-11
-19
43
100
170
203
173
12
-90
-30
-72
-60
-161
-214
-149
-225
-225
-189
-61
117
87
-22
-198
-282
-175
-31
186
311
422
412
313
270
146
109
114
141
171
104
146
173
204
143
43
-56
-80
-122
-128
-63
7
-34
-84
72
75
-63
-223
-226
-200
-297
-234
-55
20
35
10
-36
-71
-66
55
130
150
110
3
57
114
158
198
317
383
256
164
45
51
-29
106
148
24
25
-176
-199
-291
-388
-355
-390
-371
-358
-411
-384
-295
-314
-252
-284
-220
-160
-105
60
84
181
253
238
185
174
232
249
227
233
252
222
250
138
-1
-43
-71
-55
33
147
209
216
198
156
20
-128
-201
-284
-288
-301
-267
-177
-144
-162
-243
-241
-162
-88
-4
177
335
437
439
412
379
350
377
397
424
427
316
210
102
-47
-161
-245
-197
-149
-133
-78
-63
-227
-296
-363
-322
-266
-240
-69
-28
0
-81
-166
-167
-168
-129
-44
69
167
164
96
8
-31
-30
-20
30
41
38
-18
-52
-58
-74
-61
-12
79
57
13
-23
-83
-187
-303
-274
-225
-152
-121
-142
-124
-97
-21
-83
-87
-16
66
128
154
275
301
341
313
215
123
51
56
44
32
35
18
-79
-86
-100
-91
-74
-59
-5
38
77
95
123
150
227
239
325
368
371
377
274
164
40
2
78
84
109
190
221
160
47
-30
-90
-187
-165
-148
-191
-251
-320
-390
-514
-533
-519
-406
-276
-219
-133
-203
-249
-243
-225
-103
48
167
348
382
292
227
97
26
-68
-60
3
28
7
34
-5
-134
-172
-150
-110
-102
-59
-13
-8
-13
-44
-99
-127
-168
-230
-247
-249
-207
-130
-50
58
106
215
294
279
289
394
408
365
401
405
434
418
389
407
346
331
244
86
-19
-138
-148
-146
-85
-47
-98
-171
-291
-312
-280
-235
-136
-97
-111
-168
-189
-166
-219
-213
-96
5
44
67
81
29
-47
-36
-16
16
119
201
182
131
102
53
-23
-35
36
63
115
118
94
75
16
-91
-191
-203
-199
-212
-198
-114
-83
-136
-118
-79
-60
45
96
129
131
102
63
8
36
40
44
53
81
29
-65
-86
-125
-134
-127
-120
-98
-43
-22
8
40
52
-8
-55
-45
-60
-105
-48
22
21
7
19
38
-9
17
85
164
282
355
340
264
155
59
-44
-64
-109
-142
-167
-229
-300
-402
-401
-374
-321
-237
-128
-51
-9
-10
-26
14
66
120
172
207
264
270
214
203
152
157
156
182
255
337
408
413
415
371
319
287
267
199
86
-5
-73
-122
-176
-261
-312
-359
-453
-519
-526
-466
-395
-324
-265
-199
-82
-5
13
-6
-15
0
-6
1
13
22
90
119
74
59
84
155
225
234
247
282
297
247
147
110
108
87
33
-73
-163
-249
-300
-331
-360
-340
-324
-294
-279
-315
-291
-203
-130
-56
12
125
215
240
225
212
247
249
240
211
202
196
193
193
174
145
102
18
-55
-99
-88
-30
22
70
47
5
-35
-46
-19
20
52
25
-56
-67
-87
-132
-139
-167
-162
-175
-176
-145
-146
-104
-46
-45
-13
-36
-28
2
20
15
-24
44
79
62
-10
-72
-99
-169
-186
-164
-112
-62
20
64
45
37
58
114
149
187
233
260
266
227
155
134
190
219
222
253
239
179
96
57
26
-20
-20
7
10
-2
-78
-135
-219
-279
-306
-308
-217
-189
-151
-124
-109
-127
-175
-159
-107
-95
-75
-52
-33
-8
-16
-50
-46
5
47
56
64
119
128
155
208
238
282
296
250
180
119
88
84
43
15
-5
-51
-100
-146
-162
-124
-86
-70
-62
-83
-77
-61
-42
-38
-27
-27
-55
-75
-97
-118
-136
-139
-97
-30
-38
-8
-1
1
22
40
77
55
81
117
101
74
47
57
78
60
66
53
61
89
81
67
64
88
86
91
76
31
-2
-4
-56
-125
-164
-176
-182
-182
-120
-126
-132
-87
-91
-143
-144
-67
-29
-5
2
12
-4
-28
-57
-125
-156
-132
-147
-161
-132
-66
-27
-10
39
38
41
68
122
174
168
165
173
185
163
112
92
102
160
181
155
166
222
321
337
314
322
328
363
358
303
275
236
219
185
144
118
93
56
-54
-202
-311
-339
-328
-336
-352
-358
-359
-420
-495
-532
-558
-573
-537
-515
-520
-515
-481
-451
-441
-378
-281
-167
-83
-35
21
65
97
121
133
142
166
193
214
229
262
288
299
332
367
359
343
370
374
389
399
393
414
425
455
472
462
440
383
329
259
187
206
247
287
312
271
205
98
11
-83
-199
-252
-285
-339
-402
-493
-536
-538
-534
-550
-605
-641
-658
-673
-628
-601
-572
-521
-538
-573
-599
-560
-453
-350
-282
-220
-171
-117
-99
-41
56
178
334
435
528
622
685
700
700
696
678
672
693
711
656
620
659
630
571
536
523
484
401
377
352
255
162
72
-43
-167
-231
-254
-296
-347
-369
-444
-520
-570
-595
-570
-557
-512
-509
-509
-515
-570
-620
-635
-613
-544
-462
-368
-291
-261
-271
-315
-328
-280
-179
-73
-19
46
126
195
254
302
351
396
448
503
495
513
568
589
567
546
544
534
578
629
618
527
449
425
352
222
162
176
148
77
-35
-136
-181
-203
-208
-222
-275
-340
-414
-450
-461
-455
-404
-375
-399
-427
-471
-468
-430
-384
-320
-328
-280
-296
-366
-429
-441
-356
-291
-221
-158
-95
-20
32
48
70
121
204
303
387
453
482
458
425
388
406
414
443
545
614
641
597
533
489
418
324
267
260
285
307
295
250
123
-7
-105
-179
-250
-263
-206
-150
-187
-265
-325
-364
-371
-381
-416
-428
-388
-411
-491
-586
-582
-526
-516
-526
-501
-458
-445
-418
-410
-418
-431
-379
-277
-184
-71
39
94
89
74
87
164
278
357
383
425
442
437
436
443
472
531
614
630
611
527
418
348
317
294
297
355
410
407
385
344
281
232
203
157
120
151
138
104
89
65
2
-68
-123
-178
-283
-386
-434
-443
-461
-495
-508
-555
-600
-628
-622
-670
-722
-681
-622
-582
-537
-460
-401
-393
-364
-299
-251
-158
-62
16
69
119
196
234
265
318
343
385
431
446
436
394
402
400
385
409
449
486
503
498
498
479
439
435
414
413
416
386
329
262
190
126
52
0
-62
-112
-153
-215
-271
-350
-391
-430
-455
-459
-477
-498
-500
-538
-630
-682
-724
-720
-703
-630
-514
-415
-349
-326
-301
-271
-210
-125
-7
119
231
296
302
272
270
296
344
413
480
534
568
589
574
539
530
554
556
559
544
527
511
481
447
404
382
335
278
197
102
-6
-109
-167
-207
-245
-253
-282
-352
-429
-517
-604
-685
-695
-698
-706
-715
-751
-808
-848
-816
-742
-698
-642
-535
-435
-370
-329
-259
-179
-93
0
109
205
298
409
469
482
495
547
599
631
663
686
712
737
769
804
835
870
887
841
780
717
671
613
546
491
441
390
291
180
77
-25
-128
-243
-346
-435
-532
-612
-683
-748
-812
-872
-885
-904
-934
-951
-966
-956
-942
-903
-860
-809
-727
-642
-589
-545
-487
-409
-318
-212
-129
-62
3
80
136
178
246
328
405
487
551
604
654
712
772
788
817
866
914
939
961
975
970
979
984
964
899
852
825
749
652
528
415
295
182
65
-92
-236
-366
-494
-639
-750
-834
-910
-993
-1064
-1120
-1183
-1218
-1236
-1248
-1240
-1200
-1119
-1040
-951
-846
-762
-686
-614
-530
-421
-306
-178
-50
72
184
278
350
393
440
491
563
632
698
718
743
791
814
828
829
847
854
868
873
865
857
859
867
845
820
805
776
730
653
554
452
358
296
225
136
35
-75
-183
-317
-452
-597
-718
-815
-889
-966
-1030
-1076
-1127
-1170
-1210
-1236
-1263
-1261
-1248
-1209
-1164
-1105
-1022
-939
-860
-757
-655
-534
-404
-270
-134
-3
141
274
418
538
651
752
855
952
1035
1128
1215
1281
1292
1282
1261
1233
1198
1154
1113
1057
998
913
811
702
586
463
367
285
206
139
64
-9
-116
-226
-329
-420
-494
-543
-563
-586
-612
-671
-727
-782
-845
-886
-909
-909
-914
-918
-927
-943
-946
-941
-917
-898
-857
-805
-752
-699
-663
-621
-567
-482
-383
-264
-140
-22
86
186
293
400
522
640
761
870
971
1075
1148
1205
1234
1277
1315
1328
1313
1274
1228
1169
1071
962
862
763
663
528
401
280
168
57
-73
-197
-302
-393
-493
-610
-710
-776
-831
-874
-907
-933
-967
-999
-1027
-1058
-1065
-1027
-981
-955
-921
-876
-822
-780
-724
-679
-613
-527
-431
-338
-255
-163
-76
6
80
168
262
361
470
565
631
700
757
807
833
866
898
920
926
925
925
911
899
884
858
824
808
772
725
666
596
522
453
387
323
251
167
72
-36
-151
-274
-403
-526
-631
-722
-819
-902
-975
-1047
-1119
-1185
-1240
-1273
-1277
-1252
-1207
-1152
-1075
-993
-919
-854
-758
-629
-485
-321
-162
-28
93
201
304
402
502
612
726
812
878
928
940
948
943
932
918
914
909
892
853
805
743
677
609
545
494
447
403
351
307
254
212
156
96
34
-21
-69
-116
-164
-217
-266
-329
-403
-487
-561
-629
-686
-725
-765
-797
-839
-870
-900
-925
-933
-914
-879
-840
-786
-727
-672
-610
-527
-436
-333
-215
-94
18
125
227
325
418
514
609
686
760
820
868
898
903
894
886
871
850
821
784
726
660
593
530
456
387
324
264
207
137
76
4
-57
-119
-173
-224
-264
-298
-330
-365
-404
-447
-471
-488
-507
-521
-530
-543
-546
-542
-542
-538
-533
-528
-527
-519
-516
-508
-488
-461
-431
-398
-355
-309
-276
-221
-163
-98
-32
33
106
170
235
293
354
416
479
531
575
619
658
675
689
687
675
655
643
627
602
576
540
494
429
363
303
244
178
118
59
1
-62
-122
-178
-222
-252
-274
-288
-302
-312
-317
-317
-321
-315
-316
-305
-294
-284
-275
-260
-250
-250
-255
-253
-242
-238
-233
-231
-237
-246
-251
-261
-270
-276
-271
-262
-253
-244
-227
-205
-184
-163
-140
-111
-84
-48
-3
46
88
124
166
207
244
285
321
353
386
402
410
414
416
411
408
403
392
376
353
327
292
258
225
185
152
120
100
88
68
46
29
17
6
4
12
21
20
31
36
35
25
20
17
5
-3
-24
-37
-55
-84
-112
-150
-193
-236
-278
-322
-363
-402
-439
-469
-497
-526
-546
-567
-586
-597
-582
-552
-529
-499
-457
-418
-374
-330
-284
-228
-159
-81
-10
63
128
191
255
316
377
434
491
543
584
606
627
650
666
672
678
685
685
675
656
627
591
557
533
501
465
429
388
346
296
239
181
139
94
43
-5
-58
-109
-165
-225
-281
-326
-373
-413
-447
-482
-523
-561
-596
-630
-659
-680
-692
-701
-711
-709
-708
-702
-681
-658
-632
-601
-551
-493
-440
-394
-336
-279
-220
-151
-89
-23
44
108
169
232
304
368
422
473
512
549
578
606
624
640
651
657
655
637
620
595
557
516
476
440
397
347
297
247
193
146
99
56
19
-26
-67
-111
-150
-181
-217
-250
-272
-297
-326
-342
-352
-356
-362
-363
-354
-343
-334
-315
-284
-252
-217
-183
-154
-124
-89
-60
-28
3
37
70
103
139
170
189
200
215
222
225
225
220
213
203
186
161
129
95
61
33
1
-28
-49
-77
-104
-134
-170
-200
-223
-236
-252
-262
-266
-273
-278
-283
-280
-270
-264
-255
-246
-238
-224
-211
-199
-185
-161
-134
-113
-97
-77
-50
-16
14
36
59
87
113
140
170
202
237
259
289
315
336
361
383
403
424
442
455
452
445
443
434
429
424
416
397
375
348
314
278
246
211
174
135
89
39
-17
-61
-107
-160
-201
-233
-270
-313
-349
-383
-408
-437
-460
-481
-497
-508
-518
-521
-523
-523
-514
-506
-495
-478
-458
-433
-401
-366
-329
-291
-253
-202
-152
-111
-67
-21
22
64
106
135
167
208
235
255
272
293
311
320
333
347
355
361
360
349
335
325
317
297
275
260
248
235
220
204
186
176
164
143
123
108
104
98
92
91
91
91
81
70
60
50
43
34
29
24
26
21
6
-7
-30
-52
-71
-94
-118
-143
-160
-177
-197
-218
-234
-249
-266
-289
-302
-311
-319
-317
-314
-306
-302
-292
-277
-259
-240
-220
-199
-171
-140
-112
-89
-60
-23
7
32
61
85
106
123
139
155
166
170
177
181
182
184
180
173
167
166
162
161
159
151
148
142
132
125
117
110
109
105
97
102
111
116
113
106
100
91
90
88
79
67
53
40
20
-1
-23
-42
-58
-71
-84
-102
-124
-142
-161
-186
-200
-204
-202
-205
-209
-205
-198
-195
-185
-168
-148
-132
-111
-78
-51
-24
2
27
44
64
90
114
135
154
170
187
197
198
196
196
196
188
177
166
141
119
95
68
41
10
-16
-33
-57
-88
-117
-138
-159
-181
-197
-211
-218
-223
-227
-234
-234
-231
-227
-209
-193
-176
-158
-139
-121
-108
-96
-80
-64
-46
-23
-2
18
36
53
66
78
89
101
117
134
145
164
179
190
201
213
226
240
255
265
273
277
279
284
290
291
291
284
274
260
247
234
217
191
168
144
114
79
46
14
-20
-53
-94
-128
-159
-188
-215
-239
-263
-287
-308
-323
-338
-350
-356
-363
-357
-352
-346
-333
-318
-302
-291
-275
-255
-239
-230
-217
-196
-174
-147
-125
-107
-83
-64
-48
-31
-12
10
29
47
66
81
100
123
143
161
175
187
198
212
225
235
246
256
264
273
279
280
280
274
267
256
244
233
219
208
199
185
170
148
129
102
77
57
41
26
11
-1
-17
-36
-49
-61
-74
-78
-85
-90
-95
-100
-105
-111
-116
-121
-125
-126
-124
-126
-131
-137
-140
-142
-145
-145
-145
-143
-141
-142
-146
-150
-155
-158
-160
-163
-162
-157
-150
-145
-136
-128
-121
-114
-108
-93
-77
-62
-43
-25
-9
15
30
38
52
69
80
91
108
125
133
146
157
164
164
168
177
183
186
191
197
195
192
186
183
179
173
169
165
159
146
134
118
110
99
88
79
70
56
44
28
13
-5
-24
-34
-45
-55
-68
-79
-96
-113
-132
-143
-149
-156
-166
-171
-178
-188
-194
-202
-207
-209
-202
-196
-191
-176
-170
-165
-159
-156
-141
-123
-103
-81
-60
-40
-22
-7
12
32
48
67
85
101
114
127
143
157
164
170
178
182
178
176
176
172
168
165
159
156
148
136
126
114
99
84
71
58
48
38
24
12
-5
-22
-32
-42
-55
-69
-82
-92
-107
-116
-124
-132
-135
-137
-141
-146
-146
-145
-145
-150
-149
-148
-146
-146
-143
-135
-125
-112
-101
-90
-80
-66
-56
-42
-27
-11
6
25
39
50
63
72
83
89
99
111
122
134
141
150
150
146
149
150
151
153
156
153
151
146
141
137
129
123
119
109
96
87
74
61
53
41
29
18
7
-5
-16
-30
-41
-51
-62
-71
-77
-86
-92
-102
-106
-112
-118
-122
-124
-127
-133
-139
-146
-150
-152
-151
-147
-143
-136
-134
-132
-128
-129
-128
-122
-114
-106
-99
-90
-81
-71
-65
-60
-53
-43
-28
-14
2
18
32
43
53
62
71
87
100
111
121
133
143
148
154
159
164
168
170
172
175
176
172
169
168
164
161
158
156
146
140
129
119
109
97
85
72
64
52
37
23
11
-2
-20
-35
-44
-53
-62
-73
-81
-92
-107
-118
-131
-142
-151
-158
-166
-174
-183
-191
-193
-196
-202
-203
-202
-200
-196
-192
-188
-182
-174
-166
-160
-146
-133
-119
-101
-87
-69
-49
-29
-14
1
17
34
51
66
81
97
111
123
133
146
162
169
174
182
186
187
189
191
193
190
187
183
178
170
166
158
147
139
131
119
107
100
94
81
70
56
40
26
16
9
-5
-15
-27
-43
-54
-68
-82
-95
-101
-107
-119
-129
-132
-139
-142
-143
-144
-146
-144
-142
-141
-139
-136
-130
-125
-119
-111
-101
-90
-84
-77
-67
-57
-49
-39
-27
-14
-1
7
15
21
26
36
44
52
57
66
72
74
79
83
84
88
91
88
85
87
84
83
77
71
67
62
55
47
44
37
27
23
17
12
6
1
-1
-9
-14
-18
-24
-28
-30
-35
-42
-44
-47
-51
-52
-53
-54
-54
-52
-51
-50
-46
-43
-45
-42
-40
-35
-32
-26
-19
-16
-13
-8
-4
3
10
19
30
35
44
49
53
59
61
63
68
73
77
84
85
82
80
76
74
68
62
59
57
48
36
28
20
13
0
-9
-13
-21
-28
-37
-50
-57
-61
-65
-75
-80
-84
-88
-92
-93
-94
-95
-92
-92
-87
-84
-80
-78
-74
-71
-65
-57
-48
-44
-36
-31
-29
-23
-15
-6
-3
6
13
18
23
31
34
40
46
51
61
69
76
81
89
92
97
100
104
107
107
106
106
108
107
104
103
101
97
91
82
76
69
62
54
45
35
22
7
-2
-12
-27
-43
-51
-56
-67
-78
-89
-97
-102
-108
-114
-117
-116
-115
-117
-120
-125
-124
-121
-119
-118
-117
-112
-110
-103
-100
-93
-86
-79
-72
-60
-47
-40
-33
-24
-17
-14
-2
8
17
25
38
45
50
59
68
78
88
96
106
114
120
126
131
138
140
142
141
141
141
138
131
127
124
118
111
103
97
91
83
74
67
60
50
40
34
22
12
3
-6
-17
-26
-36
-47
-56
-65
-75
-85
-91
-97
-109
-117
-125
-132
-137
-139
-142
-146
-151
-148
-149
-148
-145
-142
-139
-136
-131
-126
-119
-111
-106
-98
-93
-83
-71
-61
-47
-32
-18
-8
6
20
29
40
53
64
76
91
102
109
115
125
132
139
146
151
154
159
158
158
159
158
156
153
148
138
133
124
115
106
98
85
74
64
52
42
30
16
4
-8
-18
-31
-40
-51
-64
-73
-83
-93
-105
-112
-118
-126
-133
-134
-136
-137
-141
-141
-141
-141
-140
-138
-134
-131
-124
-116
-110
-101
-91
-81
-74
-61
-49
-38
-25
-14
-1
14
28
38
49
58
68
77
84
91
99
107
110
114
116
120
128
131
131
128
126
126
121
117
114
108
102
97
91
82
74
64
52
38
26
17
4
-5
-14
-23
-32
-42
-54
-64
-72
-80
-86
-93
-95
-98
-105
-107
-107
-108
-107
-107
-107
-107
-105
-102
-97
-93
-90
-83
-75
-69
-64
-54
-44
-35
-29
-25
-18
-8
-5
0
7
15
22
25
32
35
42
46
51
60
64
68
72
76
79
80
83
84
84
85
82
80
78
76
75
68
62
59
53
45
41
35
30
28
21
17
11
7
2
0
-3
-7
-14
-18
-21
-26
-29
-33
-35
-38
-39
-44
-44
-44
-50
-50
-51
-52
-52
-52
-52
-52
-51
-52
-48
-49
-47
-42
-38
-34
-33
-29
-25
-23
-18
-11
-5
0
6
8
10
14
17
19
23
25
26
26
29
30
31
31
30
33
32
32
29
31
27
26
28
25
22
22
18
15
11
10
8
1
3
2
-1
-2
-3
-5
-8
-11
-13
-15
-19
-22
-24
-26
-27
-28
-30
-32
-28
-30
-32
-31
-26
-27
-31
-25
-22
-19
-17
-17
-13
-9
-5
-2
4
10
17
21
24
31
36
38
45
48
50
54
56
56
55
59
59
59
60
58
55
53
49
44
41
36
29
22
17
12
8
1
-6
-14
-22
-27
-35
-40
-45
-48
-56
-64
-63
-65
-68
-70
-74
-77
-82
-84
-80
-78
-77
-74
-71
-67
-67
-67
-66
-60
-56
-52
-40
-35
-34
-27
-21
-17
-9
3
12
18
25
35
40
45
54
63
71
78
85
89
93
95
94
94
97
98
96
97
96
93
88
81
80
74
66
60
56
48
40
33
23
14
7
1
-6
-15
-21
-30
-37
-45
-53
-60
-67
-75
-79
-83
-89
-92
-97
-98
-98
-101
-98
-94
-91
-88
-85
-79
-74
-70
-63
-53
-48
-39
-33
-26
-18
-11
-1
6
14
23
31
36
45
52
56
63
68
69
72
79
78
78
78
78
78
80
79
76
76
73
67
62
56
50
45
39
34
24
14
7
2
-5
-14
-21
-27
-32
-37
-40
-47
-52
-52
-55
-58
-58
-56
-58
-58
-54
-54
-52
-52
-51
-49
-46
-44
-38
-33
-30
-28
-26
-22
-18
-15
-13
-8
-5
-1
3
7
10
16
19
23
24
28
31
32
36
35
38
40
40
41
43
43
39
38
36
32
29
28
23
18
16
10
8
4
-1
-4
-7
-12
-16
-19
-23
-27
-26
-27
-28
-27
-31
-32
-32
-30
-30
-31
-30
-31
-29
-25
-25
-22
-18
-16
-17
-11
-7
-7
-4
0
1
2
7
11
12
18
22
22
26
29
30
32
35
36
40
39
40
43
42
42
43
44
42
41
40
40
38
33
30
28
24
22
17
13
11
7
3
-1
-4
-4
-11
-15
-17
-20
-28
-32
-32
-37
-39
-39
-41
-44
-48
-47
-50
-54
-53
-53
-53
-51
-49
-51
-48
-46
-42
-41
-39
-36
-32
-29
-25
-21
-18
-14
-12
-7
-3
1
3
5
12
15
14
16
23
24
28
31
34
38
37
40
44
45
43
43
43
43
40
40
39
37
36
34
34
31
26
24
21
17
15
12
9
3
-1
-6
-8
-10
-10
-14
-19
-18
-20
-24
-22
-20
-20
-21
-20
-19
-19
-17
-16
-16
-14
-12
-13
-12
-11
-9
-7
-6
-4
-1
1
2
0
3
4
7
6
7
9
7
10
10
11
11
10
10
11
15
10
11
13
14
11
9
8
5
4
2
-1
-3
-6
-8
-9
-9
-9
-11
-11
-13
-16
-17
-18
-17
-19
-18
-18
-19
-17
-17
-16
-15
-14
-10
-7
-8
-5
-3
-3
-2
-1
0
1
5
6
7
11
11
12
13
11
11
13
14
14
13
13
13
14
11
11
10
8
10
9
8
6
5
2
1
1
1
-1
1
-2
-1
-2
-3
-4
-6
-5
-6
-8
-8
-8
-9
-8
-9
-11
-12
-10
-11
-12
-12
-12
-12
-10
-10
-10
-9
-11
-10
-11
-10
-9
-7
-4
-4
0
4
2
5
3
6
7
9
12
12
12
12
13
12
14
13
14
13
14
12
12
10
7
7
4
5
5
4
5
2
1
0
-1
0
-1
0
2
2
2
1
-1
-3
1
0
0
0
-2
-2
1
-1
0
0
0
1
-1
-1
0
1
-1
-3
-4
-5
-5
-7
-8
-6
-7
-6
-7
-7
-4
-4
-1
-2
-2
0
2
1
-1
-1
0
1
1
0
2
0
-3
-3
-1
-1
-5
-5
-8
-7
-8
-8
-8
-10
-10
-10
-9
-8
-9
-7
-4
-6
-4
-5
-4
-2
0
4
4
8
9
9
9
11
10
12
14
13
13
14
14
13
12
13
15
13
11
11
9
7
6
6
6
4
2
2
1
-2
-4
-4
-5
-7
-7
-6
-6
-7
-6
-9
-7
-9
-10
-11
-10
-10
-12
-11
-13
-12
-12
-11
-10
-11
-10
-8
-6
-7
-6
-6
-7
-4
-2
-2
0
3
3
2
4
5
5
5
7
7
6
9
7
12
14
13
11
10
13
10
8
9
8
8
7
6
7
7
5
2
1
-1
-2
0
0
-2
-2
-2
-1
-5
-7
-7
-8
-8
-7
-7
-7
-8
-7
-8
-9
-8
-7
-7
-8
-7
-6
-4
-5
-6
-4
-3
-3
1
1
3
4
7
8
8
9
12
12
12
13
13
13
13
15
14
14
15
13
13
11
8
9
7
7
6
4
2
0
1
2
-1
-1
-3
-5
-5
-8
-10
-11
-10
-13
-14
-14
-15
-15
-15
-18
-16
-18
-19
-17
-17
-19
-19
-18
-18
-19
-15
-15
-14
-12
-11
-11
-9
-6
-5
-2
0
1
5
9
8
9
13
13
13
13
16
15
18
18
16
16
16
17
17
17
15
13
13
13
9
10
8
6
7
5
3
3
4
3
1
2
0
-2
-2
-3
-3
-4
-5
-6
-7
-6
-8
-7
-9
-10
-8
-8
-10
-11
-9
-7
-6
-7
-6
-3
-4
-3
-3
-2
-2
-3
-2
-2
-4
-3
0
-2
1
0
1
6
5
4
6
8
6
7
8
8
7
7
5
5
7
8
5
6
6
4
4
5
1
0
3
0
1
1
2
4
4
4
4
0
-1
-2
-2
-1
-1
0
-1
1
0
2
-1
-3
-3
-4
-5
-5
-6
-4
-4
-6
-4
-6
-4
-3
-3
-5
-6
-8
-7
-7
-9
-8
-9
-6
-4
-4
-4
-4
-5
-4
-4
-4
-4
-3
-2
-3
-2
-3
-5
-6
-8
-7
-7
-6
-4
0
-1
1
2
0
-1
-2
-1
-2
-2
-2
0
1
1
0
3
4
2
4
3
4
5
6
9
9
9
11
11
14
12
11
8
9
10
10
8
10
13
11
11
12
9
9
9
8
7
6
8
6
6
6
6
2
0
-1
-3
-6
-7
-7
-7
-7
-8
-7
-6
-9
-13
-13
-12
-14
-11
-11
-9
-8
-9
-9
-10
-8
-9
-10
-9
-9
-9
-5
-6
-4
-2
-2
0
2
0
-3
-3
3
4
5
8
7
9
7
7
5
4
5
5
6
7
6
8
9
5
6
6
3
4
4
4
1
1
0
2
3
-1
-3
-1
-2
-3
-3
-4
-4
-5
-4
-5
-5
-6
-5
-6
-6
-9
-10
-5
-4
-2
1
0
-1
-1
-1
0
-2
0
2
1
2
3
3
0
-1
2
4
6
6
4
2
2
3
4
3
3
2
2
1
-1
0
-1
0
2
1
1
2
0
0
2
3
2
2
2
3
3
0
-1
-4
-5
-9
-7
-6
-4
-6
-7
-7
-8
-5
-3
-3
-5
-5
-2
-2
-2
-1
-1
1
4
3
1
2
3
3
3
3
6
5
6
10
7
8
7
6
8
7
7
8
8
6
6
6
5
2
1
0
1
1
-1
0
0
-1
-1
-5
-6
-5
-6
-4
-3
-5
-4
-3
-6
-4
-7
-6
-7
-8
-5
-5
-5
-5
-4
-3
-5
-6
-5
-4
-3
-1
0
0
-2
0
2
1
0
-3
-3
2
4
5
3
4
6
5
6
2
2
4
5
7
4
3
3
5
4
1
2
2
3
4
3
4
2
5
5
5
5
4
4
5
3
1
-1
1
1
-1
-2
-4
-3
-1
-2
-3
-5
-6
-5
-7
-5
-6
-6
-5
-4
-4
-3
-3
-6
-7
-6
-1
-4
-3
-3
-3
-1
-2
-5
-2
-4
-5
-2
-2
0
-1
-2
0
2
-2
-2
-2
-4
-3
-6
-7
-3
-3
-4
-3
-4
-6
-6
-6
-7
-5
-3
-2
-1
5
8
8
9
7
7
8
9
9
10
10
10
12
9
10
14
12
11
10
7
10
9
11
10
10
10
8
7
7
6
3
3
5
4
2
-1
-2
-1
-1
-2
-7
-9
-7
-6
-4
-6
-7
-7
-7
-6
-8
-9
-13
-12
-10
-10
-9
-12
-12
-9
-6
-8
-10
-9
-7
-5
-6
-7
-7
-4
-1
-1
-2
-3
-1
1
4
5
2
2
5
7
7
7
2
4
6
8
9
6
6
7
9
10
7
5
6
6
7
8
5
6
4
5
3
1
-1
-2
-2
-2
-4
-5
-4
-4
-2
-4
-5
-3
-3
-7
-5
-5
-6
-7
-9
-8
-9
-8
-8
-6
-5
-5
-7
-7
-3
-3
-3
-2
-1
-2
-2
-2
-4
0
2
3
0
0
2
1
1
-1
1
6
5
8
7
4
5
3
4
5
3
2
2
5
7
7
5
2
4
3
2
3
1
1
3
3
3
3
1
0
2
1
0
0
-2
0
3
0
-1
0
-1
1
1
-1
-1
1
0
1
3
1
0
2
3
2
0
-3
-3
-4
0
-1
-3
-3
-2
-1
-2
-1
-2
-1
0
0
-2
-1
-1
-1
-1
-1
-1
-2
-2
0
2
0
-1
1
1
1
1
3
3
2
5
8
8
6
7
5
5
6
3
1
2
3
2
1
1
1
2
1
0
0
-2
-2
-2
-1
-2
-3
-3
-3
-3
-4
-6
-7
-11
-14
-11
-12
-11
-11
-11
-13
-12
-12
-14
-13
-11
-10
-9
-9
-7
-6
-3
-2
-2
-1
0
0
1
1
1
0
0
3
5
7
9
8
9
9
9
10
10
12
11
12
11
11
11
8
7
6
4
5
4
3
6
5
2
2
3
2
1
2
-1
0
0
-1
0
0
0
0
2
1
-2
-1
-2
-2
0
-1
-1
-1
-1
-1
-1
0
-2
-2
-4
-1
-1
-1
0
2
2
2
4
4
2
3
5
4
5
6
6
7
8
7
6
7
7
7
3
1
0
2
0
-2
-3
-5
-4
-4
-6
-9
-9
-10
-12
-12
-14
-11
-13
-13
-12
-13
-14
-14
-10
-10
-11
-10
-11
-5
-4
-3
-1
-2
1
1
1
0
1
1
1
4
5
7
7
10
11
8
9
9
9
8
11
12
11
11
11
11
11
8
5
7
7
4
4
5
4
3
3
1
0
-1
-2
-3
-3
-6
-6
-8
-10
-12
-12
-13
-13
-14
-14
-17
-17
-15
-14
-13
-13
-11
-12
-11
-8
-10
-8
-5
-4
-1
2
1
1
3
4
4
6
7
6
8
10
11
11
12
13
13
11
14
10
12
14
13
12
11
10
10
12
13
10
8
10
10
10
8
5
5
5
4
3
2
2
0
2
2
0
-3
-3
-3
-3
-3
-4
-4
-4
-5
-6
-9
-10
-11
-9
-10
-8
-8
-8
-6
-6
-6
-7
-7
-8
-8
-6
-6
-6
-6
-5
-6
-5
-4
-5
-3
-1
-1
-3
-1
-2
-1
1
-3
-2
-1
1
1
3
1
-2
0
-1
1
0
-1
0
1
3
3
1
3
2
2
4
3
2
3
3
4
4
4
3
5
5
7
5
2
4
5
5
7
6
5
5
5
3
2
1
2
1
-1
0
-2
-3
-3
-2
-2
-3
-3
-4
-4
-4
-4
-4
-4
-3
-3
-2
-3
-3
-6
-5
-3
-6
-5
-3
-4
-8
-3
-2
-4
-1
-1
-2
-2
0
1
0
0
-1
-2
-1
2
-1
0
1
2
3
2
4
4
4
6
7
7
6
8
7
4
6
5
5
7
8
8
6
5
6
5
4
6
3
5
6
4
2
2
0
-2
-2
-1
0
0
-1
-3
-2
-3
-2
-3
-4
-5
-6
-5
-2
-4
-5
-5
-5
-5
-5
-5
-3
-5
-5
-4
-2
-3
-4
-1
-1
-3
-4
-1
-2
-2
0
1
1
1
1
3
1
2
1
1
0
-1
1
-1
-1
0
-1
-1
-1
0
0
-1
0
-1
-3
-2
-3
-3
-1
-1
-2
-2
0
-2
0
0
1
1
0
1
1
1
1
1
2
3
4
2
5
3
2
3
3
2
-1
0
0
1
4
5
2
2
2
2
2
3
0
-1
1
0
0
-2
-1
0
-3
-2
-3
-4
-3
-3
-5
-5
-2
-2
-2
-2
-2
-3
-2
-2
-3
-1
-2
-1
-1
-3
-4
-2
-2
-2
1
1
-1
2
1
1
3
4
2
3
3
3
3
4
4
1
4
4
3
3
2
2
4
3
1
2
3
4
3
4
5
4
5
6
3
2
3
4
3
3
2
2
3
2
3
1
0
0
1
-1
0
0
-3
-3
-5
-4
-4
-5
-5
-6
-6
-8
-8
-8
-7
-8
-6
-5
-2
-2
-2
-1
0
-1
-1
0
1
2
0
1
-1
0
3
2
2
2
3
3
4
2
0
1
1
2
3
1
-1
-1
-1
-2
-3
-4
-3
-4
-4
-4
-6
-5
-2
-2
-1
-3
-2
-2
-4
-1
1
0
-1
0
-1
-1
0
1
0
-2
-2
-2
-2
-2
-2
-3
-1
-2
0
0
-2
-1
2
1
3
3
4
3
3
4
3
3
3
4
5
4
2
5
6
4
4
3
3
4
4
1
1
3
2
1
1
0
-1
0
-1
-2
-1
-2
-1
1
0
-2
0
-1
-1
-1
-1
-1
2
1
1
1
2
2
5
5
5
4
4
4
4
5
3
5
7
6
8
7
6
3
3
5
3
1
4
2
1
-1
-1
-2
-3
-3
-4
-6
-7
-6
-7
-9
-9
-9
-8
-11
-7
-10
-10
-10
-11
-11
-10
-9
-11
-7
-9
-9
-9
-8
-6
-7
-4
-4
-2
-3
-1
-2
-1
-1
1
0
2
2
2
5
5
7
7
7
9
10
10
10
11
12
12
11
10
9
11
10
9
5
5
5
5
2
-1
-1
0
-1
-1
0
0
0
0
0
-2
-6
-6
-3
-3
-4
-7
-8
-6
-6
-8
-8
-7
-6
-3
-1
-4
-4
-2
0
1
2
1
3
4
5
4
3
4
4
2
3
2
2
4
5
6
3
4
4
5
3
-2
-1
3
1
2
1
1
1
-1
1
-1
1
-2
-1
-1
-1
-1
-3
-1
-2
-1
1
-1
-3
-1
-3
-1
0
-2
-4
-2
-2
-3
-4
-5
-5
-4
-1
0
-1
0
2
2
2
1
0
1
-1
-1
1
0
-1
0
1
0
0
-1
-2
0
-2
0
-1
0
2
1
2
1
-1
-2
1
1
-3
-3
-4
-5
-2
-3
-7
-6
-4
-3
-3
-3
-4
-3
1
1
2
1
-1
1
3
3
2
2
3
3
5
5
3
3
3
5
4
4
4
4
5
4
3
1
-1
2
5
2
-2
-4
1
3
2
-1
-2
1
4
4
0
1
1
3
5
4
1
-1
3
4
4
0
1
0
1
1
-1
-2
-5
-4
-2
-1
-3
-7
-5
-3
-3
-3
-3
-4
-3
-4
-3
-2
-4
-4
-5
-4
-4
-9
