-6
-21
-21
-11
1
2
-6
-18
-30
-33
-35
-34
-31
-18
-12
-4
-1
-2
1
6
6
-6
5
12
4
-10
-8
-2
-10
-17
-19
-9
-2
-7
-3
2
5
3
-1
-1
-4
-4
-10
-12
-3
5
4
-12
-20
-16
-13
-14
-17
-7
3
-3
-9
-2
-1
-3
-12
-5
15
5
-4
8
35
27
6
20
42
41
31
36
46
35
15
24
35
30
12
-1
0
-6
-10
-11
-10
-15
-27
-30
-32
-37
-46
-54
-51
-45
-34
-14
8
20
22
21
26
25
18
21
15
14
21
35
40
35
39
35
24
21
24
6
-6
-9
-14
-28
-42
-32
-28
-35
-33
-16
-2
-11
-24
-13
0
-7
-13
-5
7
6
-11
-13
-15
-16
-19
-11
-2
-1
9
13
18
16
25
38
39
28
12
11
-2
-23
-31
-34
-44
-51
-45
-24
-23
-28
-9
12
0
-18
-7
12
-4
-25
-15
4
12
16
38
53
46
31
30
39
41
43
38
36
28
22
19
16
26
32
27
29
32
28
17
23
30
17
-8
-24
-12
-12
-22
-31
-34
-27
-38
-51
-46
-41
-47
-49
-45
-32
-33
-44
-40
-46
-63
-76
-67
-41
-23
-13
0
4
11
20
14
12
20
22
14
6
3
13
13
1
9
28
27
13
12
22
29
32
38
38
45
43
46
45
32
21
12
12
1
-2
6
10
8
12
11
2
-3
-7
-13
-27
-36
-24
-15
-10
-5
-2
4
4
14
6
10
15
14
10
-4
0
-13
-20
-10
-6
-8
-20
-14
-15
-15
-14
-24
-26
-30
-33
-38
-36
-32
-17
-15
-19
-9
-1
3
12
31
30
17
14
17
15
14
26
33
29
28
28
23
11
12
11
-5
-5
10
19
14
14
26
28
19
5
-8
-15
-19
-20
-26
-21
-15
-18
-18
-4
7
2
-1
8
15
-4
-18
-15
-8
-13
-22
-23
-20
-21
-23
-29
-29
-20
-24
-23
-22
-6
0
2
17
28
21
-2
-15
-9
-3
-9
-3
12
17
16
22
42
47
31
25
24
26
29
35
43
41
31
17
9
-1
-4
-5
1
12
6
3
-5
-7
-4
-16
-24
-19
-13
-26
-34
-11
-3
-9
8
30
22
-2
-14
-18
-22
-43
-44
-34
-41
-44
-41
-40
-44
-37
-31
-38
-40
-33
-33
-34
-12
12
3
-5
-2
-18
-21
-5
11
18
21
43
57
53
54
69
64
40
37
44
26
-7
5
23
8
4
16
30
14
9
29
39
17
7
27
21
3
-1
5
2
1
8
1
-8
-1
10
5
5
20
16
-5
-3
7
-9
-33
-26
-10
-19
-48
-44
-29
-43
-47
-37
-23
-21
-5
17
15
-1
2
-11
-32
-26
-5
-14
-40
-29
3
-2
-22
8
34
6
-4
27
47
25
22
40
38
10
3
22
9
10
36
38
13
9
27
24
7
10
11
-1
-2
23
16
-25
-26
-1
-7
-18
1
18
-13
-40
-30
-43
-74
-74
-45
-41
-55
-50
-35
-50
-64
-62
-54
-41
-18
12
12
12
12
10
10
13
30
25
14
12
18
10
21
51
46
27
29
25
11
0
17
36
27
19
23
17
0
13
37
23
-4
2
6
-17
-18
18
32
-1
-1
19
7
-18
-6
15
6
7
27
40
13
8
33
31
19
43
53
13
-19
-8
-18
-59
-52
-10
-6
-34
-24
-5
-32
-53
-24
-3
-26
-40
-17
-27
-43
-10
21
18
24
52
39
8
8
21
5
-17
7
26
16
20
52
46
12
10
39
28
0
9
6
-26
-36
-9
-4
-18
-6
12
-18
-52
-30
-23
-60
-66
-25
-33
-64
-36
-14
-38
-41
-4
-6
-62
-74
-32
-29
-56
-22
33
20
-12
21
47
7
-8
35
39
8
33
76
66
33
49
74
45
17
35
33
-7
-11
25
36
2
-1
7
-14
-15
5
5
-7
11
26
2
-14
-3
9
-12
-14
25
30
-7
-17
15
6
-28
-17
1
-9
-19
9
23
-4
-18
-19
-36
-59
-54
-53
-56
-33
-7
-24
-48
-44
-45
-61
-66
-31
-11
-22
-8
31
39
6
20
53
39
26
58
81
46
29
44
38
30
58
76
43
29
61
71
31
12
46
49
9
-3
8
-6
-22
-13
-3
-14
-13
18
25
3
4
19
11
-9
-15
-15
-35
-47
-27
-45
-72
-62
-44
-42
-56
-48
-36
-37
-44
-39
-44
-56
-43
-19
-18
-17
6
13
4
15
31
31
30
46
50
39
41
51
47
45
58
59
30
9
26
28
0
-3
25
14
-21
-16
-6
-35
-57
-36
-23
-58
-66
-31
-18
-38
-36
-24
-30
-38
-30
-32
-42
-19
12
6
-6
11
16
-9
-24
-12
-10
-31
-22
2
-3
-27
-19
5
-3
2
27
33
27
25
27
12
-1
17
27
14
30
68
53
18
29
55
44
24
41
44
17
10
30
26
0
10
25
10
4
27
22
-7
6
45
43
22
39
56
20
-12
2
7
-36
-45
-10
1
-31
-41
-20
-31
-55
-43
-22
-44
-72
-69
-74
-84
-54
-12
4
2
16
26
3
-1
22
21
-1
5
17
-5
-11
19
27
0
-3
14
6
-10
0
8
-15
-23
8
22
-5
-16
12
23
5
13
35
10
-25
-15
-1
-14
-27
-21
-16
-35
-49
-44
-39
-31
-26
-32
-26
-8
2
-13
-20
18
37
17
18
50
50
26
33
71
86
63
57
70
63
43
30
24
6
-27
-41
-31
-24
-28
-25
-24
-22
-19
-27
-39
-40
-37
-31
-30
-25
-14
-8
-15
-23
-10
-10
-17
-6
10
24
22
29
43
46
44
32
20
25
29
10
1
26
43
20
-5
8
9
-14
-27
-16
-22
-43
-52
-42
-34
-40
-35
-33
-34
-19
-15
-17
-9
14
13
-17
-13
5
-3
-29
-23
-4
-2
2
22
34
26
32
44
38
19
34
45
12
-5
17
16
-9
3
33
32
13
27
41
18
2
16
15
-12
-4
25
5
-9
15
19
-25
-28
18
17
-25
-12
33
9
-26
-5
19
-2
-11
14
11
-30
-32
-4
-25
-54
-37
-27
-57
-44
4
-6
-41
-18
17
-12
-36
10
31
-22
-35
14
14
-26
-21
8
-6
-33
-21
-6
-24
-26
0
-7
-16
11
34
4
-10
31
47
10
5
42
37
5
28
61
32
-5
11
43
14
-9
13
12
-11
-2
10
-14
-27
-11
-3
-24
-22
13
8
-16
-11
4
-14
-30
-7
21
8
-17
-1
-3
-48
-66
-40
-24
-44
-50
-26
-16
-28
-18
-3
3
-1
2
4
1
19
34
28
12
28
46
40
35
49
60
43
40
58
40
0
1
27
12
-7
11
19
-1
-6
21
25
15
38
55
34
20
42
45
19
16
43
29
-11
-2
24
10
-18
0
12
-14
-29
-28
-22
-19
-7
-19
-53
-51
-40
-71
-100
-59
-28
-66
-80
-29
-9
-66
-71
-23
-29
-63
-44
-6
-26
-43
-11
3
-13
2
18
-6
-27
7
17
-21
-18
23
10
-25
14
63
37
14
63
87
35
10
58
62
22
27
60
44
28
69
76
22
13
50
26
-18
5
34
-13
-52
-7
24
-21
-39
1
-1
-43
-51
-43
-59
-70
-51
-54
-76
-57
-38
-53
-47
-14
-12
-47
-37
11
5
-32
-19
1
-6
1
20
36
38
42
53
50
32
35
41
35
35
30
23
29
38
43
55
59
37
19
26
34
25
22
49
54
30
28
52
36
-10
-2
21
16
9
20
15
-7
6
17
-8
-30
-20
-44
-97
-92
-51
-57
-91
-44
8
-44
-80
-35
-23
-64
-59
-24
-37
-66
-37
-14
-46
-39
13
21
-3
40
77
23
-13
40
50
-19
-21
41
30
-21
13
76
41
8
45
56
6
-1
31
-2
-36
2
21
-28
-31
28
21
-31
-14
22
-22
-57
-2
22
-26
-25
27
13
-44
-30
6
-20
-35
1
-5
-34
-30
-17
-31
-41
-5
-1
-27
-21
1
-16
-38
-9
18
1
-3
30
31
2
17
33
7
4
35
29
-3
16
43
32
36
67
69
38
50
84
66
37
53
54
18
9
21
12
-18
-19
-10
-44
-67
-40
-18
-32
-24
-15
-42
-54
-40
-29
-31
-17
15
23
13
11
6
-11
-15
-14
-29
-24
2
-4
-24
-17
9
1
-9
22
26
-8
-1
30
14
-13
14
24
-26
-35
-1
-11
-42
-9
33
5
-8
49
54
-9
2
59
33
-22
6
43
4
-13
32
39
-6
-4
36
1
-44
-15
-4
-42
-50
-3
-20
-69
-37
8
-31
-54
2
24
-30
-45
-11
-33
-57
-24
0
-29
-18
37
32
1
29
52
-3
-24
20
29
-16
-17
38
21
-29
7
46
17
3
27
22
-17
-12
16
-8
-21
20
26
-6
0
47
37
-5
18
59
34
-3
12
14
-19
-30
-22
-21
-27
-9
1
-14
-8
2
-15
-30
-9
1
-30
-36
-10
-9
-18
-3
9
-11
-15
0
7
8
16
26
15
3
26
34
2
-12
7
22
6
-1
26
27
5
9
18
11
14
27
26
12
8
6
-17
-35
-25
-7
-6
-15
-6
-1
-15
-22
-12
-8
-27
-40
-24
-22
-48
-52
-16
0
-10
-7
5
12
14
25
33
24
25
43
51
40
46
49
36
30
35
24
3
6
25
13
-8
-1
15
-6
-27
2
12
-14
-25
-9
2
-15
-31
-24
-24
-31
-15
-1
-3
6
16
3
-10
-18
-19
-24
-21
-3
-8
-30
-31
-11
-21
-48
-47
-25
-16
-24
-23
-29
-41
-37
-15
-9
-15
-24
-20
-8
-3
12
18
21
21
22
27
25
13
11
22
15
-1
0
3
-10
-7
18
28
20
17
32
29
21
33
34
12
-4
-3
-12
-24
-4
19
8
-3
25
47
22
10
44
42
-7
-4
41
32
-6
16
46
16
-17
4
14
-15
-33
-21
-31
-62
-54
-34
-38
-37
-25
-26
-46
-32
-6
-21
-31
-4
8
-18
-18
19
30
21
38
63
47
32
49
52
44
51
54
29
13
49
56
23
29
56
31
-7
11
33
-10
-38
-6
10
-20
-20
3
-32
-63
-30
-23
-60
-58
-20
-33
-75
-55
-23
-59
-87
-51
-35
-73
-79
-43
-45
-60
-34
-3
-14
-14
21
11
-23
-4
21
-10
-16
39
58
10
13
77
68
22
38
69
47
29
57
52
16
24
50
30
15
37
31
-13
-15
20
3
-37
-13
14
-21
-36
-8
-7
-41
-45
-20
-25
-31
7
23
-3
-10
3
-9
-28
-8
7
-13
-17
11
17
-7
3
21
18
11
16
3
-26
-8
16
7
7
30
29
-6
-11
1
-20
-43
-38
-17
-19
-8
17
32
40
58
59
38
40
40
9
-17
1
11
-14
-9
30
30
-3
16
54
36
18
32
28
-14
-28
-14
-24
-27
-18
-27
-52
-47
-24
-46
-65
-30
-12
-64
-76
-18
-12
-45
-21
17
-6
-42
-23
-8
-31
-24
6
2
1
40
48
5
6
37
13
-12
22
54
21
-5
31
40
-8
-11
18
0
-34
-11
21
-5
-14
22
21
-12
0
24
-11
-29
10
18
-19
-5
50
49
14
45
72
44
31
55
52
24
33
48
21
-4
18
7
-34
-30
-9
-31
-58
-38
-25
-58
-69
-39
-42
-63
-43
-19
-35
-41
-23
-27
-21
3
15
-13
-22
-3
-8
-19
-2
26
5
-7
20
19
-1
-7
5
7
9
32
36
3
-4
9
-9
-15
14
23
-4
-2
28
23
-2
12
33
14
5
43
47
12
2
10
-7
-20
8
12
-22
-22
-4
-36
-64
-26
4
-12
3
47
33
-21
-31
-27
-65
-81
-40
-29
-50
-16
35
26
8
50
71
29
14
47
33
-10
9
39
15
-6
34
55
33
49
79
52
7
22
15
-44
-39
16
10
-40
-22
17
-9
-19
29
47
3
-1
39
19
-21
-3
16
-22
-31
2
-10
-46
-37
6
-24
-63
-27
-6
-41
-50
-18
-19
-48
-36
-12
-21
-24
-2
-2
-25
-5
20
-4
-18
21
33
-8
-24
7
4
-22
-16
2
7
-2
3
16
-3
-13
-7
-8
4
20
34
41
45
50
43
32
45
56
39
21
16
6
-6
-20
-24
-15
-23
-37
-32
-24
-30
-52
-60
-41
-38
-53
-35
-2
-17
-47
-44
-28
-33
-22
13
32
44
57
58
36
38
52
15
-19
7
28
-13
-24
34
60
22
16
70
66
6
8
40
12
-29
-5
10
-19
-26
-1
-4
-24
10
34
-1
-11
22
17
-38
-24
35
16
-27
6
34
-6
-24
12
16
-33
-17
21
-1
-20
22
35
-13
-26
0
-13
-62
-54
-23
-56
-82
-36
-8
-38
-25
16
15
6
42
70
32
18
44
30
-5
5
25
-3
-7
44
63
26
16
39
26
-6
2
16
-5
-11
11
3
-18
-7
3
-19
-30
-12
-7
-28
-16
4
-24
-42
-18
0
-30
-52
-36
-40
-65
-56
-23
-25
-33
-22
-17
-18
-4
11
-1
3
23
16
-1
11
38
24
11
34
41
23
3
18
26
9
1
22
33
25
19
7
1
6
3
-10
-10
-3
-16
-38
-40
-31
-35
-31
-12
-4
-8
-6
0
-1
2
16
30
17
15
37
50
40
46
70
66
58
63
63
62
48
21
-4
-7
-6
-29
-44
-25
-25
-57
-66
-26
-18
-53
-43
-18
-30
-57
-46
-25
-45
-44
-19
-14
-21
2
35
17
13
43
48
22
13
33
16
-11
5
37
11
-9
11
7
-17
-21
-13
-17
-15
7
10
-33
-43
-11
-8
-27
-8
17
-1
-17
-2
15
4
1
7
15
23
35
35
27
38
33
7
-2
16
22
-2
13
39
20
-4
12
27
-16
-38
-8
-8
-39
-43
-23
-29
-39
-26
-5
-13
-15
4
-14
-31
-8
11
-13
-20
19
17
-14
-10
9
1
-18
7
33
11
-6
1
0
-6
11
8
-12
-4
12
3
-6
44
73
14
-16
15
21
-19
-15
39
23
-21
1
39
9
-17
16
28
-16
-20
8
-9
-49
-39
-16
-39
-39
4
7
-32
-30
-3
-22
-50
-28
-8
-27
-37
-8
-1
-24
-8
16
9
-1
31
49
14
4
20
9
-24
-14
13
17
12
20
27
26
23
26
16
7
15
8
-5
10
22
14
17
30
24
6
9
20
23
18
25
25
19
22
17
9
2
2
-6
-23
-14
-14
-19
-22
-5
7
-14
-19
-6
-7
-21
-17
-3
-4
-8
2
-1
-9
-19
-16
-18
-15
0
6
-7
-12
-6
-25
-52
-52
-46
-62
-67
-39
-31
-44
-26
-1
0
-10
6
17
4
12
40
40
23
38
50
33
26
58
78
60
59
85
78
43
34
29
1
-25
-25
-28
-35
-14
11
1
-10
-1
-5
-21
-23
-7
-4
-21
-14
5
-20
-40
-30
-29
-33
-20
-8
-26
-28
-10
-15
-33
-23
11
-15
-49
-27
1
-16
-25
5
4
-23
-17
6
-1
-6
20
29
-1
4
36
28
10
31
52
21
-11
19
35
0
-5
33
35
5
7
27
10
-19
-9
5
-12
-12
9
-3
-14
-3
2
-12
-26
-10
-14
-30
-13
5
8
3
17
23
3
-11
-4
-6
-14
-4
-6
-16
-17
-2
7
3
15
23
0
-14
-2
-4
-24
-22
9
15
-1
-4
27
41
20
32
46
35
18
29
44
41
31
38
48
35
28
22
20
28
29
17
4
6
2
-16
-34
-30
-21
-44
-63
-62
-58
-62
-60
-43
-26
-30
-47
-33
-16
-24
-37
-34
-22
-26
-20
0
8
-2
-4
-1
-10
-29
-28
-18
-20
-9
13
19
11
14
26
16
9
29
31
18
28
44
29
14
39
42
21
28
59
44
-1
8
25
0
-22
17
49
15
-9
25
23
-18
-13
8
-9
-40
-26
8
-12
-26
-2
-1
-35
-37
-13
-45
-75
-57
-46
-68
-65
-15
-4
-37
-37
-10
-32
-54
-24
-5
-30
-30
-8
-9
-12
15
41
20
9
35
47
31
37
61
42
15
37
57
34
24
57
64
39
52
76
55
30
42
49
30
32
48
20
-3
9
14
2
7
27
18
-17
-17
-3
-23
-43
-36
-17
-21
-25
-16
-28
-40
-38
-33
-45
-41
-22
-26
-35
-18
3
-16
-25
-14
-8
-27
-37
-17
-12
-18
-7
7
4
10
19
11
3
15
32
15
6
30
28
10
10
17
9
3
16
24
11
7
21
19
5
7
2
-11
-12
-6
-15
-27
-23
-18
-24
-36
-21
-18
-33
-36
-30
-37
-51
-34
-21
-27
-32
-28
-33
-45
-30
-21
-30
-30
-19
-13
-21
-1
20
22
13
15
19
0
-6
14
27
27
39
44
23
22
53
58
50
60
69
57
37
47
49
18
7
32
38
8
0
10
-1
-21
-19
-9
-21
-21
-9
1
8
13
-3
-24
-16
2
-9
-20
5
21
-3
-23
0
21
-17
-42
-21
-13
-27
-21
4
20
3
-5
6
-9
-20
-24
-25
-17
-10
-8
8
33
48
40
23
27
26
19
17
20
23
11
5
12
1
-7
7
28
33
18
17
17
5
6
7
1
-9
-15
-26
-35
-41
-48
-47
-42
-28
-20
-19
-17
-15
-25
-30
-24
-5
-3
-11
-12
-16
-20
-20
-11
-1
-5
-28
-24
-12
-29
-39
-41
-26
-14
-18
-14
11
25
10
19
19
-9
-24
-13
8
-4
-9
9
18
18
29
35
24
16
18
23
15
16
29
10
-14
-5
3
-8
-3
21
26
4
8
26
17
6
8
14
-6
-25
-13
-1
-1
3
22
25
20
28
20
-2
-6
19
21
3
15
29
23
5
9
18
-2
-5
9
13
6
21
37
19
-8
0
6
-5
13
34
29
12
3
-11
-28
-41
-29
-23
-37
-28
-18
-22
-34
-27
-8
-5
-11
-14
-19
-40
-39
-27
-27
-23
-5
17
15
19
37
41
42
45
28
3
-14
-8
5
-4
-1
2
-1
-15
-22
-12
-5
-13
-20
-14
-29
-41
-27
-14
-26
-33
-15
-5
-8
-12
-5
-5
-17
-23
-27
-22
-4
13
14
9
21
29
30
26
12
17
9
1
3
2
1
-1
10
11
14
20
19
31
29
19
12
9
11
6
10
27
38
23
22
34
39
26
-2
-6
-8
-22
-30
-20
-5
1
-4
-3
7
-6
-23
-20
-16
-16
-23
-23
-6
-2
-22
-27
-16
-8
-6
-24
-33
-22
-9
-6
-7
6
1
-22
-22
-2
3
-5
-3
6
-2
-23
-33
-19
-9
-9
-8
-2
0
-3
-5
-7
-2
4
21
43
65
72
66
49
40
38
31
36
39
20
0
-10
-5
-6
-12
-5
13
9
-16
-22
-23
-32
-37
-34
-33
-28
-26
-9
3
1
3
6
10
5
4
4
3
9
18
26
32
32
41
43
40
39
33
22
19
18
5
-3
-12
-5
-16
-33
-32
-19
-19
-30
-41
-43
-40
-34
-23
-9
-4
-10
-3
-6
-18
-15
-10
-4
3
2
-7
-14
-22
-19
-23
-22
-14
-17
-28
-40
-41
-42
-46
-37
-27
-26
-25
-7
11
15
21
30
37
38
45
54
55
49
44
38
36
27
14
21
21
13
6
7
13
11
5
-5
4
11
6
4
12
22
18
19
26
33
30
26
15
-4
-11
-20
-23
-22
-19
-10
-6
0
-2
-7
-19
-21
-17
-29
-41
-42
-41
-33
-30
-28
-21
-8
4
-12
-26
-26
-26
-36
-37
-15
-2
-2
5
25
37
17
5
7
-1
-12
-4
14
29
37
41
33
22
19
16
10
9
2
-4
-3
0
11
23
30
35
39
38
31
18
8
0
-9
-3
27
48
49
42
30
15
0
5
12
4
-10
-10
-2
-23
-46
-52
-43
-47
-57
-47
-29
-25
-32
-33
-32
-36
-46
-40
-22
-9
-7
-14
-14
-3
-3
-4
6
13
0
-14
-12
1
7
10
15
17
10
9
22
24
33
38
31
17
16
9
-11
-27
-20
-12
-22
-20
-6
5
8
14
20
20
12
0
-16
-30
-35
-26
-13
-10
-9
-11
-12
-7
-7
-6
2
7
11
17
15
11
11
12
18
21
24
19
18
25
22
23
25
33
30
27
34
27
23
29
38
29
15
10
9
1
-6
1
5
-3
-12
-10
-16
-29
-39
-43
-33
-29
-32
-23
-19
-16
-19
-37
-42
-42
-37
-34
-26
-20
-19
-33
-36
-25
-20
-17
-10
5
5
0
4
14
12
18
19
15
14
15
16
11
10
16
25
35
43
32
23
35
42
22
7
14
29
13
-12
-11
-4
-11
-16
1
8
-3
-21
-21
-1
-1
2
9
6
2
-3
-10
-13
-5
-4
-7
1
16
32
28
18
20
16
-11
-33
-29
-28
-26
-15
-9
-9
-3
5
-1
3
7
3
-17
-20
-7
-17
-22
-24
-3
10
1
9
32
33
18
19
24
23
15
10
9
6
13
23
25
19
11
1
-5
-9
-21
-38
-68
-74
-63
-64
-60
-41
-18
-14
-10
-5
-6
-20
-23
-24
-28
-29
-28
-15
-6
2
16
33
35
46
43
27
21
18
20
17
19
27
16
15
19
22
23
17
29
28
23
20
24
21
9
12
4
3
11
4
0
13
27
28
19
15
11
-3
-20
-11
6
9
6
8
15
11
4
-3
-14
-30
-35
-29
-26
-10
-9
-15
-15
-5
4
-2
-9
-14
-15
-30
-35
-23
-18
-30
-25
-4
8
8
-1
-2
2
-11
-29
-28
-25
-21
-20
-19
-11
-1
-4
-16
-8
1
-4
-6
4
11
3
16
34
34
25
20
32
34
39
42
35
32
23
21
28
29
36
36
22
15
13
-6
-27
-35
-34
-29
-30
-37
-28
-14
-17
-19
-6
7
-3
-19
-14
-17
-27
-28
-29
-27
-32
-32
-30
-29
-20
-15
-25
-26
-15
-2
-6
-5
14
29
12
2
20
29
23
30
50
53
47
46
48
45
39
34
27
19
11
-10
-24
-20
-11
-9
1
16
15
-6
-24
-14
-18
-29
-23
-7
-10
-18
-8
1
-5
-8
0
0
0
-4
-11
-11
-12
-10
-8
-11
-10
-13
-9
-5
4
8
-6
-4
14
20
16
12
21
32
33
36
40
39
26
22
19
20
16
3
-15
-18
-13
-17
-17
-6
4
-7
-11
0
2
-12
-20
-20
-19
-30
-46
-45
-24
-13
-11
5
19
16
-1
-14
-8
-2
-9
-28
-24
-17
-24
-27
-23
-1
6
10
24
19
-2
-10
-5
-6
-15
-24
-12
2
6
11
26
32
28
24
20
23
18
24
24
10
5
13
16
11
12
5
6
4
3
2
-13
-9
8
14
16
7
-4
-7
-10
-14
-18
-14
-9
-3
-5
-3
7
1
-6
-9
-3
-11
-23
-16
-6
0
-6
-11
-10
-25
-35
-25
-17
-17
-21
-16
-5
4
-3
-6
-1
3
9
-1
-8
5
9
-3
6
26
36
29
28
26
10
-11
-24
-17
-14
-14
-5
9
30
44
46
50
47
41
28
7
5
15
19
14
23
36
41
37
32
22
9
-6
-22
-22
-15
-20
-13
7
20
30
16
0
-16
-35
-49
-53
-48
-44
-48
-42
-33
-26
-26
-25
-11
-5
-5
-14
-11
-9
-11
-16
-16
-8
-10
-8
-1
8
13
11
3
-1
9
16
-1
-5
1
3
7
5
9
10
1
-11
-4
3
-8
-10
-5
5
1
-8
-2
-1
-6
-5
-8
-7
-10
-13
-7
13
27
23
20
23
25
16
15
24
21
10
-2
3
3
3
10
17
22
11
17
29
16
2
-8
-9
-6
-4
-7
-3
3
-1
-4
2
6
-9
-21
-29
-26
-15
-16
-19
-4
1
-10
-11
3
7
-10
-21
-12
-12
-18
-23
-17
-14
-11
-7
2
4
2
4
6
17
25
23
10
16
19
8
-7
-12
-2
-7
0
26
33
24
11
-1
2
-4
-14
-20
-23
-24
-24
-12
7
26
22
17
19
11
10
10
14
23
30
27
23
26
26
24
26
30
25
15
18
14
-3
-3
-3
-13
-14
-14
-8
-6
3
9
0
-10
-13
-7
-9
-21
-32
-28
-28
-35
-20
-4
0
2
5
13
9
-6
-30
-38
-42
-43
-41
-31
-15
-2
4
4
7
-9
-25
-39
-49
-49
-55
-53
-32
-18
-15
-17
-18
-15
-23
-23
-16
-11
-5
-5
1
17
24
24
20
27
43
41
35
37
41
34
33
38
44
39
17
4
-7
-13
-13
0
11
6
6
4
11
14
11
2
1
27
32
28
32
49
53
33
33
48
43
22
18
23
21
18
21
18
12
3
-6
-16
-23
-21
-17
-18
-16
-13
-21
-39
-43
-42
-55
-62
-42
-30
-31
-32
-24
-19
-17
-6
-2
-12
-15
-1
1
-9
3
17
21
23
25
28
21
32
40
28
11
3
6
11
9
3
7
12
10
15
17
20
23
14
5
5
5
-5
-9
2
17
6
-8
-2
2
-10
-22
-21
-24
-30
-37
-39
-34
-38
-61
-67
-60
-51
-49
-50
-48
-76
-89
-83
-62
-51
-44
-23
-11
-14
-13
-4
8
12
9
8
20
28
34
35
34
40
38
36
46
62
63
61
67
70
57
36
36
48
46
38
42
50
37
18
25
23
5
0
-2
-1
-5
-8
-3
8
14
23
23
8
8
17
7
-4
-1
-3
-11
-12
3
4
-6
-7
-2
-3
-10
-11
-16
-20
-20
-17
-13
-15
-9
-10
-13
-8
-7
-12
-14
-8
5
8
4
7
7
4
-6
-15
-10
-5
-10
-8
-7
-5
-8
-19
-19
-13
-22
-32
-24
-18
-22
-34
-27
-15
-16
-26
-15
-1
-13
-19
-21
-23
-23
-21
-16
-19
-16
-5
14
30
40
29
7
5
4
1
2
4
9
-3
-7
7
9
2
9
21
20
12
7
3
-11
-21
-17
-8
-3
4
17
17
13
23
22
0
-12
-6
9
22
27
34
45
47
42
40
45
48
40
21
23
29
11
-7
-6
-1
1
1
-2
-3
-23
-32
-25
-19
-18
-25
-27
-18
-10
-8
-3
1
3
-3
-25
-35
-24
-12
-12
-10
-4
-6
-12
-13
-11
-17
-32
-40
-24
-15
-8
-1
2
11
22
26
20
18
20
5
-21
-25
-8
-4
-10
1
20
15
-8
-12
1
-2
-26
-40
-45
-41
-42
-34
-12
-3
0
5
18
43
60
58
57
62
55
52
53
52
43
26
21
27
22
18
19
10
-13
-19
-13
-18
-27
-32
-33
-37
-35
-26
-10
-6
-15
-20
-7
12
13
-2
3
14
5
-18
-18
-6
-6
-16
-14
-5
-1
-3
-6
-9
-20
-25
-20
-24
-26
-17
-6
1
0
8
12
5
-1
-3
-4
-15
-10
-4
-9
-21
-24
-12
-3
-1
12
33
37
26
17
15
20
32
36
42
49
46
42
34
37
35
21
9
-5
-7
-12
-11
7
11
5
-2
-2
6
-6
-27
-31
-35
-42
-42
-37
-45
-57
-58
-64
-56
-44
-39
-28
-25
-28
-29
-41
-44
-40
-36
-30
-19
9
33
36
36
49
51
34
25
29
26
16
11
16
23
24
31
52
71
64
52
46
43
16
-11
-11
4
13
12
12
21
39
44
40
35
23
-4
-22
-10
-6
-16
-17
-11
-17
-29
-27
-13
-1
1
1
8
8
4
-7
-18
-28
-24
-16
-17
-20
-21
-17
-19
-16
-12
-16
-15
-26
-23
-14
-11
-13
-24
-22
-11
-16
-26
-12
1
2
-2
9
25
10
-3
9
24
12
-4
4
13
-2
-18
-14
-10
-19
-13
13
30
36
34
24
13
19
15
1
5
15
1
-25
-24
-9
-9
-12
-11
-7
-12
-17
-17
-14
-11
-4
-16
-30
-19
-4
-9
-11
14
34
20
2
11
10
2
-8
8
28
22
10
1
3
4
5
21
38
33
15
-2
5
25
24
22
20
11
-8
-16
-2
9
10
0
4
10
1
-9
-8
-3
8
15
17
17
13
1
-14
-24
-32
-40
-37
-22
-23
-27
-28
-25
-34
-45
-46
-43
-37
-39
-38
-23
-9
-5
0
2
7
12
15
28
33
33
33
27
26
23
23
24
29
37
31
18
17
30
28
11
6
22
19
10
22
30
30
0
-12
-2
5
5
-2
6
16
9
15
21
21
12
-2
-7
-7
-12
-27
-20
-8
-10
-24
-33
-24
-11
-17
-26
-22
-17
-19
-26
-28
-24
-21
-15
-10
-10
-9
-13
-18
-21
-33
-48
-46
-29
-12
-15
-22
-19
-16
-20
-21
-15
-8
-1
-6
-11
-5
-10
1
9
14
27
26
37
50
50
41
34
41
34
28
27
17
19
21
33
43
44
45
44
49
45
25
3
-4
-17
-24
-17
-8
5
0
-3
-4
-7
-4
1
13
4
-14
-21
-23
-35
-46
-46
-40
-31
-20
-4
2
0
-3
5
1
-6
-5
-1
5
-1
-8
4
16
15
2
-3
3
4
4
3
12
6
-2
-6
3
1
-18
-18
-6
0
-13
-24
-20
-19
-29
-29
-22
-14
-5
-12
-18
-6
-4
-6
-3
9
14
16
20
19
28
19
11
13
13
12
-1
-5
-4
-5
-17
-34
-31
-12
-2
-6
-12
-3
6
7
10
33
52
62
70
70
62
55
47
47
41
26
0
-13
-3
3
1
2
16
15
-3
-8
-4
-14
-29
-40
-46
-48
-48
-42
-29
-26
-27
-16
-19
-39
-48
-34
-18
-20
-14
12
23
27
36
39
28
22
13
3
-3
-3
-13
-20
-3
-5
-11
-13
-18
-27
-41
-42
-31
-26
-34
-32
-18
-21
-17
-12
-8
-4
-6
-1
5
4
7
27
24
10
12
19
18
7
18
36
41
31
33
47
56
56
50
46
23
-14
-36
-37
-43
-58
-51
-26
-9
-13
-17
-4
16
13
-3
-9
-2
-10
-21
-15
-13
-12
-6
2
13
28
32
38
53
56
40
24
17
17
9
0
4
6
0
-4
-3
1
0
-10
-11
-9
-14
-18
-18
-6
3
2
-3
5
12
20
29
29
28
26
24
27
30
28
35
34
30
23
11
-4
-2
10
-2
-16
-23
-29
-38
-43
-39
-48
-45
-44
-50
-57
-77
-91
-101
-93
-83
-72
-62
-47
-35
-20
-4
5
16
21
35
38
38
32
24
23
18
25
28
31
20
26
33
23
16
19
40
35
24
28
42
47
35
18
8
6
-11
-9
4
-8
-22
-24
-9
3
0
4
17
16
-12
-32
-39
-37
-43
-42
-25
-4
0
-10
-5
0
8
9
7
11
9
-9
-15
2
15
16
22
33
46
40
25
8
6
17
-1
-14
-9
0
1
-5
15
39
34
13
6
11
2
-15
-14
-7
4
-5
-17
-8
-1
2
-3
-10
-12
-13
-26
-18
1
7
-4
9
31
42
36
32
34
29
25
10
12
10
6
6
8
9
-1
-19
-25
-27
-35
-47
-50
-48
-49
-52
-52
-47
-41
-33
-34
-41
-46
-42
-33
-25
-19
-17
-5
13
21
29
44
46
37
29
26
21
9
2
19
30
24
22
25
19
-1
-13
-26
-25
-23
-18
-1
20
28
26
23
24
28
20
23
25
53
61
59
45
47
52
35
25
19
-1
-25
-23
-37
-31
-41
-42
-36
-18
-11
-32
-49
-47
-36
-57
-62
-53
-49
-58
-67
-62
-42
-40
-44
-20
5
0
1
21
31
33
18
19
34
42
42
40
34
27
23
19
14
28
39
32
20
16
20
5
-1
-3
10
8
5
8
30
34
21
20
17
15
-6
-4
-4
6
-3
-16
-12
-19
-17
-31
-5
-17
-1
-29
-7
-11
-14
-25
-41
-21
-48
-28
-43
-14
-22
-3
-3
7
1
0
6
16
24
10
11
12
23
32
45
59
64
68
51
42
21
29
19
34
24
44
31
43
32
29
9
-2
-9
-14
-23
-32
-49
-48
-27
-28
-21
-32
-11
-19
-39
-55
-63
-57
-60
-50
-45
-42
-45
-46
-55
-38
-39
-35
-19
-12
-10
-19
-16
-2
9
-15
-30
-15
2
-14
-36
-16
3
14
10
21
16
14
-5
11
23
47
19
26
20
26
13
7
21
42
48
51
55
74
76
52
51
25
63
28
59
51
51
39
-16
-5
6
53
44
55
47
28
-9
-42
-35
-56
-40
-82
-35
-51
-8
-65
-54
-53
-43
-47
-32
1
-2
-18
-43
-37
-39
-26
-27
4
-32
27
4
21
-43
-8
-38
13
-5
33
26
51
55
29
36
2
31
5
34
16
62
7
84
48
94
58
46
57
37
64
9
49
11
-3
-47
3
6
9
-2
-30
-1
-58
-24
-65
-12
-11
-18
-1
-38
-25
-84
-46
-57
-36
-56
-60
-47
-35
-16
-32
-19
-22
-23
-65
-95
-95
-96
-144
-128
-88
-75
-19
-84
-11
-35
-2
3
-10
10
3
-8
-3
-20
30
-2
-4
39
49
85
65
86
70
61
37
93
94
154
81
122
70
113
48
81
43
70
46
50
39
36
69
23
65
31
80
-5
44
-24
28
-77
-5
-69
-78
-42
-111
-35
-94
-63
-71
-49
13
-30
-61
-43
-74
-41
-101
-72
-54
-72
0
-20
13
7
-30
24
-41
46
-18
26
14
39
40
46
27
64
69
71
66
63
71
36
18
47
24
39
-2
58
61
86
57
50
-26
-5
-27
-80
-21
-77
-11
-36
27
89
42
43
11
2
45
32
17
12
-62
-63
-142
-46
-29
-1
73
4
100
3
-48
-53
-57
-42
-118
-169
-116
-169
-110
-63
-104
-37
-71
-54
-93
-27
-53
-121
-105
-138
-67
-143
-68
-48
-69
100
-1
57
35
51
-16
4
40
60
26
42
108
84
189
119
142
176
194
145
134
235
69
139
11
145
45
-2
139
54
120
67
41
82
-42
38
7
-79
-63
-77
-49
-80
-44
-5
-152
-51
-40
-64
-99
-32
-21
-150
-82
-100
-118
-90
-12
-41
-62
-56
2
-94
-66
-48
-49
-33
21
-18
31
26
-24
175
-66
63
56
0
112
18
138
99
24
236
17
96
53
-20
58
-79
87
9
31
79
-10
65
-9
0
62
-46
25
-32
-15
14
9
13
55
-27
86
-157
-90
-30
-140
-62
-46
-59
-44
-113
-136
4
-212
-98
-69
-260
25
-148
-117
97
-240
255
-239
133
89
-163
352
-219
423
-84
60
171
-182
298
-78
40
133
-235
148
-118
-34
48
-82
-10
-72
20
42
33
42
151
3
-41
134
29
-33
147
-95
175
-123
179
-22
80
54
138
41
-17
100
-205
-43
-143
8
-34
-173
-40
-64
6
-83
162
-138
29
-121
54
-7
-46
0
136
-32
136
47
44
83
-40
122
-189
126
-131
187
-110
268
102
160
101
142
36
-65
82
-94
-88
-64
-78
66
-201
82
-198
14
-4
-47
-46
-206
48
-227
55
-167
67
-203
15
111
-71
66
-176
202
-252
132
-143
166
-101
105
23
143
49
118
96
69
179
-184
92
-222
-8
-197
-88
-127
-88
-170
-67
-16
39
128
-92
111
-7
156
-131
223
-89
204
-99
264
-40
113
-36
-75
34
-109
150
-142
54
2
103
5
128
-78
99
5
-216
137
-291
142
-233
-73
199
-204
234
-137
91
162
-47
177
-86
140
47
-163
149
-175
109
-142
-29
101
-84
190
36
22
124
-111
-57
63
-263
77
-153
58
-4
-76
157
-109
50
42
71
100
-37
50
-61
-51
65
-241
135
50
97
88
79
25
32
-156
181
-170
-35
-226
-82
-141
-44
49
-106
41
-113
-27
-22
45
50
-21
72
-93
-71
-113
68
-219
92
79
-41
121
17
129
-20
117
29
-90
-91
98
-159
79
37
84
-76
214
56
87
-12
5
59
-103
134
-113
143
-164
132
-146
138
20
27
-2
36
125
64
121
23
227
-128
163
1
-12
74
-69
21
-139
57
-138
-133
-35
-117
-78
-71
-77
-27
-334
-34
-212
-68
86
-236
76
-60
147
-112
108
47
-133
28
-26
-4
-124
22
-21
10
-41
129
-40
24
196
-128
211
14
23
-77
-142
146
-47
239
30
123
-54
21
20
2
35
13
-1
100
56
18
9
60
31
10
29
-33
-137
-29
19
188
62
-3
85
-15
44
-102
-72
-13
-136
9
80
-51
20
-97
25
93
-6
134
-160
171
-122
-66
-35
-72
259
-150
225
49
78
165
-66
196
84
212
161
83
288
-136
44
-15
63
-48
2
15
-199
-2
-197
-81
-166
-120
-131
-172
-113
53
-246
-249
-141
-277
-151
-287
-199
-206
-161
-196
-158
-201
-125
-173
-98
-173
-93
-52
-45
-56
9
52
-199
-182
14
50
-41
114
190
94
185
239
277
387
408
456
297
526
281
202
353
219
415
201
325
67
180
156
-157
33
-51
11
-48
-26
119
-177
-8
-39
-85
75
-96
-16
-23
-108
-69
-230
-53
-124
-70
40
-123
-87
55
6
-174
-49
-24
34
-95
-81
35
-184
-92
-238
-130
-202
-242
29
-164
59
-159
-71
-60
-245
-8
-176
-61
65
-62
-101
-65
-22
-45
-64
-10
18
29
-106
139
92
24
27
-4
241
20
71
224
139
-23
-26
165
62
30
79
111
125
129
89
185
109
57
115
90
32
-40
-28
-17
-92
-34
-79
-123
-35
-14
-158
-156
-98
-115
-97
-125
76
-6
-15
92
52
86
32
10
80
-34
-126
-99
-92
-62
-122
-141
-110
-86
-39
-130
-98
-27
87
141
217
210
157
64
109
65
87
79
-4
68
194
162
82
175
175
180
97
155
103
12
29
-31
-96
-14
84
47
152
217
156
122
97
84
0
-170
-278
-371
-407
-532
-622
-580
-586
-607
-509
-420
-303
-223
-100
-12
-83
7
5
-81
49
119
87
77
202
380
372
319
404
449
453
288
160
127
38
48
-56
-30
-48
-19
103
95
303
402
360
374
510
542
314
164
381
325
70
3
163
365
332
358
335
384
299
212
146
-87
-202
-431
-593
-534
-636
-753
-885
-774
-622
-708
-812
-878
-857
-928
-1108
-1133
-997
-916
-985
-959
-791
-717
-641
-516
-273
-39
41
25
177
362
496
476
523
850
1090
1322
1758
2304
2596
2756
3134
3426
3476
3242
2754
2320
1739
1186
525
-315
-892
-1230
-1443
-1682
-1852
-1733
-1679
-1761
-1827
-1799
-2098
-2677
-2918
-2929
-3115
-3253
-3012
-2348
-1763
-1302
-873
-365
-69
-137
-36
126
-75
-418
-409
-264
-409
-602
-651
-494
294
1218
1917
2672
3755
4468
4712
5126
5227
4395
3482
3327
2937
1606
439
143
-74
-512
-651
-486
-599
-816
-892
-936
-1284
-2176
-2888
-3012
-3119
-3438
-3492
-3007
-2285
-1589
-1110
-677
-147
251
380
257
171
-184
-586
-790
-881
-943
-987
-867
-514
-106
-29
-151
-149
258
803
1091
1318
2194
3242
3750
4312
4831
4727
4112
3665
3268
2389
1273
397
-173
-648
-1013
-1411
-1770
-1737
-1615
-1650
-1818
-2028
-2322
-2601
-2752
-2806
-2964
-3034
-2839
-2413
-2011
-1715
-1393
-974
-497
-222
-97
31
13
-110
-221
-470
-646
-667
-740
-892
-810
-840
-691
225
1220
1861
2614
3676
4405
4849
5285
5335
4623
4010
3864
3083
1768
832
432
11
-483
-710
-926
-1372
-1889
-2032
-2244
-2837
-3394
-3717
-3563
-3338
-3483
-3200
-2591
-2031
-1446
-769
-70
260
449
651
684
228
-452
-723
-927
-1288
-1561
-1606
-1473
-1556
-1433
-1093
-897
-966
-519
652
1538
1878
2608
3988
4744
5211
5826
5974
5333
4783
4747
4070
2854
1836
1235
874
480
51
-494
-733
-757
-1234
-1794
-2236
-2838
-3305
-3095
-2813
-3179
-3282
-2703
-1987
-1704
-1448
-1178
-1113
-1039
-921
-1055
-1350
-1781
-1992
-1839
-2035
-2462
-2551
-2157
-1852
-1782
-1609
-1130
-1094
-608
941
2140
2501
3218
4745
5506
5887
6464
6405
5593
5008
4829
3883
2451
1486
725
59
-472
-930
-1518
-1856
-1883
-2064
-2367
-2776
-3123
-3389
-3384
-3272
-3163
-2710
-2192
-1692
-1057
-573
-349
-188
-46
-280
-738
-995
-1485
-2019
-2441
-2547
-2496
-2430
-2245
-2160
-1947
-1749
-1587
-1419
-1205
-986
-194
1122
2000
2756
4235
5671
6526
7425
7737
7253
6423
6172
5534
3685
2178
1334
669
-192
-521
-629
-1236
-1563
-1352
-1356
-2008
-2597
-2825
-3114
-3300
-3483
-3258
-2547
-1859
-1228
-484
114
389
579
419
-15
-714
-1567
-2301
-2877
-3329
-3278
-3058
-2757
-2442
-2185
-1865
-1621
-1434
-1516
-1719
-1923
-1276
85
1248
2164
3681
5765
7216
8240
8940
8719
7586
6764
6104
4173
1843
267
-776
-1761
-2328
-2404
-2718
-2867
-2469
-2158
-2426
-2904
-3485
-3921
-3735
-3888
-4344
-3863
-2546
-1303
-419
570
1575
1898
1746
1563
1031
-133
-1280
-1861
-2366
-3019
-3550
-3394
-2705
-2031
-1754
-1711
-1376
-1061
-1070
-1303
-1671
-1294
163
1669
2751
4347
6567
7998
9229
10332
10035
8226
6640
5851
3944
1153
-1148
-2430
-3048
-3379
-3205
-3094
-2960
-2529
-2144
-2253
-3065
-4042
-4822
-4847
-4587
-4865
-4129
-1942
92
1451
2949
4414
4664
4261
3600
1997
-358
-2591
-3751
-4344
-5107
-5520
-4654
-2881
-1758
-1340
-900
-440
-640
-1324
-2004
-2787
-3600
-3812
-2141
583
2562
4389
7442
10355
11737
12117
11718
10184
7713
5258
2718
-334
-3125
-4435
-4457
-4088
-3476
-2833
-2330
-1894
-1540
-1788
-2753
-4187
-5610
-5945
-5635
-5634
-4991
-2661
44
2348
4410
6032
6862
6608
5302
3447
1163
-1994
-4714
-5961
-6341
-6556
-6037
-4375
-2277
-473
711
1234
1282
847
-208
-1728
-2992
-3679
-3895
-2596
151
3054
5450
8234
11303
12933
13254
12632
10329
6622
3334
568
-2970
-6165
-7346
-6912
-6018
-4760
-2964
-1502
-551
-23
-321
-1532
-3407
-5140
-5977
-5987
-5849
-5323
-3140
216
3545
6406
8108
8567
8197
7042
4445
619
-3222
-6498
-8441
-9057
-8911
-7930
-5848
-2909
-39
1814
2438
2171
1479
181
-1654
-3542
-4823
-5167
-4650
-2351
1434
4812
7460
10904
14034
14162
13201
12228
9159
4241
359
-1949
-4856
-7292
-7505
-6112
-4480
-2727
-554
744
1078
1166
508
-1190
-3176
-5132
-6630
-6603
-5499
-4304
-2349
589
3769
6598
8466
8858
7662
5719
2948
-697
-4417
-7746
-9939
-10730
-10025
-8304
-5869
-2829
91
2515
4019
4267
3182
1337
-827
-2976
-4920
-6171
-6127
-5159
-2680
1850
6213
8720
11164
13689
13859
12205
10179
6734
1848
-2131
-4068
-5556
-7016
-6911
-4813
-1973
471
2454
3381
3572
3291
1912
-444
-3168
-5468
-6728
-6470
-5135
-3745
-1539
1627
4699
7359
8877
8760
7199
4912
2060
-1583
-5299
-8318
-9838
-10054
-9312
-7415
-4705
-1695
692
2242
3236
3415
2292
106
-2182
-4151
-5662
-6431
-5942
-4612
-2976
579
5282
8411
9910
11512
12392
11307
9512
6842
2743
-1236
-3142
-4000
-5227
-5764
-4666
-2362
71
1980
2706
2338
2057
1190
-807
-3036
-5174
-6756
-6669
-4987
-3562
-2259
496
3554
5711
6960
6955
5783
4162
2231
-689
-3947
-6280
-7441
-7718
-7211
-5876
-3937
-1703
548
2353
3155
2925
2209
1221
-644
-3141
-4839
-5335
-5135
-4322
-3125
-1124
2665
6806
9083
9933
10942
11089
9731
7861
5172
1316
-2196
-3349
-3759
-5099
-5620
-4218
-1859
446
2080
2260
1593
1385
872
-845
-3282
-5429
-6438
-5750
-4251
-3286
-1964
605
3243
4819
5438
5198
4045
2448
516
-1949
-4830
-7193
-7997
-7509
-6842
-6029
-3948
-961
1298
2414
3046
3270
2889
1869
266
-1432
-2476
-2766
-2318
-1418
-518
1260
4730
7999
9318
9919
10712
10258
8545
6731
3727
-592
-3305
-3556
-4248
-5701
-5469
-3469
-1209
800
1995
1858
1527
1648
851
-1110
-3282
-5322
-6370
-5588
-4274
-3703
-2608
-128
2181
3319
3754
3317
2027
767
-505
-2868
-5491
-6775
-6912
-6622
-5902
-4432
-2183
268
2205
3279
3694
3549
3016
2046
456
-1278
-2397
-2689
-2445
-1936
-1536
255
3894
6701
7543
8064
8885
8597
7355
5774
2809
-687
-2353
-2206
-2849
-4159
-3625
-1544
574
2307
2982
2284
1673
1523
373
-1919
-4338
-6169
-6490
-5584
-4868
-4474
-2801
0
2063
2969
3095
2630
1714
733
-604
-2724
-4582
-5085
-4631
-4040
-3332
-1859
317
2513
3836
4034
3628
3001
2099
360
-1923
-3699
-4415
-4404
-4019
-3359
-2547
-333
3342
5853
6296
6819
7703
7339
6206
4724
1916
-1077
-1893
-1462
-2347
-3606
-2969
-1041
620
1485
1455
977
908
664
-666
-2416
-4163
-5357
-4946
-3656
-3156
-2804
-874
1703
3244
3703
3753
3598
3155
2375
808
-1313
-2812
-3291
-3148
-2925
-2705
-1889
-261
1341
1917
1753
1409
1103
452
-987
-2698
-3697
-3728
-3442
-3071
-2499
-1252
1662
4891
6447
6966
7888
8646
8262
7203
4986
1750
-531
-1112
-1964
-3859
-4619
-3586
-1968
-413
446
88
-103
583
315
-1373
-3236
-4577
-5069
-4340
-3304
-2954
-1953
499
2768
3883
4269
4170
3644
2757
1263
-860
-2972
-4348
-4805
-4946
-5266
-5199
-3815
-1831
-638
-299
-7
211
-88
-994
-2303
-3335
-3779
-3660
-3129
-2607
-1966
77
3555
6239
6962
7591
8851
9175
8217
6702
4075
826
-606
-630
-1920
-3606
-3285
-1419
282
1451
1912
1645
1668
1988
1073
-1246
-3238
-3896
-3686
-2948
-2346
-1768
-58
2395
4227
4857
4650
4089
3457
2294
-90
-2954
-5064
-5943
-6132
-6273
-6254
-5320
-3247
-1058
213
500
624
597
21
-1258
-2826
-3807
-3984
-3634
-3167
-2710
-1531
1494
4917
6528
7147
8330
9143
8481
7116
4906
1583
-719
-1039
-1644
-3313
-3770
-2303
-305
1194
1645
1411
1395
1723
1162
-543
-2502
-3949
-4150
-3146
-2127
-1768
-532
2066
4302
5225
5062
4382
3475
2250
165
-2624
-4957
-6066
-6163
-5949
-5555
-4489
-2523
-427
991
1510
1398
853
60
-945
-2610
-4301
-4846
-4389
-3772
-3215
-1955
1059
4666
6751
7537
8402
8938
8448
7120
4800
1622
-591
-1140
-1646
-2801
-3322
-2474
-1025
295
641
190
-399
-522
-636
-1635
-3137
-4520
-4810
-3652
-2358
-1750
-646
1846
4290
5087
4622
4043
3379
1944
-175
-2259
-4184
-5623
-5934
-5311
-4377
-3531
-1942
86
1527
1915
1455
906
90
-1104
-2675
-4170
-4752
-4301
-3586
-3026
-1628
1336
4764
6783
7480
8381
8927
8167
6594
4330
1000
-1622
-2066
-2002
-2944
-3466
-2294
-433
1012
1633
1487
889
547
360
-387
-1899
-3206
-3016
-1467
129
823
1914
4089
5958
6446
5753
4561
3105
1372
-805
-3183
-5210
-6405
-6317
-5435
-4521
-3641
-2200
-303
991
997
190
-487
-1088
-2075
-3356
-4365
-4684
-4224
-3368
-2670
-1648
994
4279
5790
6112
6859
7364
6472
4909
2890
-299
-2888
-3373
-3027
-3331
-3525
-2403
-374
1418
2064
1423
700
471
116
-967
-2450
-3420
-3237
-1908
-556
448
1742
3532
5142
5996
5648
4262
2660
1105
-688
-2798
-4761
-5843
-5653
-4554
-3464
-2528
-993
884
1910
1641
1004
298
-917
-2270
-3427
-4566
-5289
-4989
-3940
-2893
-1495
1302
4252
5590
6088
6858
6919
6008
4980
3170
397
-1611
-1958
-2022
-2369
-2112
-936
868
2492
3103
2624
1907
1505
511
-1219
-2783
-3886
-4277
-3453
-1885
-503
882
2906
4998
5971
5606
4484
3040
894
-1672
-3805
-5543
-6665
-6449
-5238
-3993
-2537
-498
1408
2460
2647
2258
1352
-208
-1832
-3124
-4278
-5060
-4904
-3883
-2715
-770
2510
5436
6822
7641
8293
7713
6207
4540
1939
-1103
-2781
-3115
-3446
-3626
-2757
-1095
816
2425
2874
2242
1420
569
-773
-2477
-4122
-5171
-4916
-3567
-2083
-460
1790
4181
5953
6952
6790
5285
3227
835
-1941
-4679
-6629
-7490
-7445
-6490
-4957
-3095
-1112
711
1912
2085
1429
314
-1034
-2562
-4154
-5320
-5677
-5171
-4058
-2453
380
4157
6832
7759
8510
9147
8477
6757
4526
1672
-926
-2212
-2703
-3082
-2632
-1313
253
2090
3633
3723
2596
1791
1098
-770
-3187
-4770
-5140
-4728
-3522
-1669
544
2990
5070
6587
7212
6449
4531
2385
-163
-3297
-5820
-7134
-7459
-6994
-5807
-4108
-2118
-270
987
1697
1652
680
-793
-2157
-3399
-4868
-5679
-5323
-4510
-3572
-2061
917
4376
6399
7301
8278
8837
7976
6164
4010
1095
-1364
-2308
-2830
-3164
-2569
-1164
574
2638
3925
3762
3129
2512
1288
-542
-2445
-3943
-4253
-3530
-2214
-673
1071
3200
4981
5877
5640
4407
2717
480
-2158
-4613
-6497
-7405
-7534
-6684
-5321
-4004
-2368
-711
493
846
457
-217
-1172
-2370
-3424
-4155
-4221
-3801
-3133
-2090
-189
2868
5421
6398
7078
7765
7303
6067
4607
2261
-380
-1777
-1948
-2209
-2406
-1747
-398
1331
2778
3031
2456
2161
1961
909
-677
-2018
-2637
-2389
-1704
-704
686
2373
3926
5091
5618
4726
2911
1245
-887
-3285
-5167
-6493
-7063
-6650
-5376
-4115
-2768
-1050
299
708
211
-387
-1026
-2013
-2877
-3435
-3880
-3845
-3141
-2147
-997
1065
3861
5564
5881
6273
6662
6128
5025
3599
1409
-677
-1468
-1588
-1745
-1583
-931
185
1719
2891
2830
2150
1868
1456
319
-1087
-2187
-2302
-1470
-589
165
1301
2806
3955
4541
4507
3254
1312
-386
-2205
-4233
-5721
-6359
-6196
-5503
-4606
-3521
-2104
-744
-21
151
-207
-1046
-1945
-2721
-3444
-3810
-3623
-2919
-2012
-1144
317
2715
4978
5861
5878
5949
5671
4891
3747
1972
-252
-1557
-1624
-1579
-1735
-1483
-709
412
1545
1723
1125
706
528
-148
-1314
-2226
-2595
-2248
-1350
-175
1121
2356
3668
4821
5188
4421
2932
1379
-94
-1870
-3645
-4567
-4574
-4177
-3483
-2554
-1597
-731
-26
294
-35
-771
-1588
-2437
-3105
-3344
-3102
-2517
-1683
-731
99
1507
3635
5093
5211
5092
5270
5117
4595
3749
2320
893
205
-58
-605
-1176
-1389
-1114
-228
465
143
-516
-567
-348
-606
-1360
-2027
-2051
-1390
-535
191
1006
1967
2740
3112
2937
2016
617
-669
-1745
-2785
-3682
-4142
-4061
-3588
-3085
-2569
-1940
-1454
-1224
-1224
-1466
-1821
-2311
-2708
-2838
-2648
-2140
-1479
-762
-189
744
2559
4247
4835
4794
4881
4720
4380
4120
3043
1207
255
145
-381
-1006
-1113
-976
-696
18
298
-191
-323
-48
-92
-412
-730
-925
-504
644
1533
1768
2321
3287
3920
3873
3156
2133
1073
-90
-1272
-2262
-3128
-3845
-4050
-3606
-3113
-2692
-2110
-1507
-1327
-1591
-1932
-2277
-2791
-3142
-3088
-2831
-2321
-1381
-375
263
1452
3382
4552
4331
3921
4116
4208
3801
2949
1663
486
-127
-318
-754
-1289
-1465
-1128
-305
292
39
-299
-106
119
137
-192
-775
-832
32
895
1204
1708
2597
3022
2868
2490
1643
406
-797
-1834
-2879
-3873
-4364
-4255
-3762
-3062
-2378
-1741
-1210
-864
-967
-1399
-1819
-2172
-2485
-2656
-2487
-1908
-1157
-450
199
1165
3000
4564
4931
4818
4977
5063
4787
4180
2895
1352
412
-58
-465
-819
-1082
-1090
-510
428
549
4
42
595
666
208
-210
-375
8
808
1462
1709
1918
2254
2471
2187
1212
169
-870
-2049
-2989
-3770
-4601
-4950
-4418
-3616
-3175
-2885
-2232
-1552
-1464
-1663
-1880
-2081
-2452
-2835
-2873
-2604
-1989
-1148
-462
216
1575
3315
4436
4728
5154
5580
5312
4776
3958
2478
1073
416
69
-363
-834
-1144
-671
238
634
370
163
256
354
343
81
-143
-33
558
1260
1510
1678
2164
2509
2388
1899
939
-117
-868
-1565
-2416
-3302
-3777
-3704
-3320
-2850
-2443
-2208
-2335
-2290
-2046
-2348
-2923
-3165
-2952
-2778
-2692
-2240
-1431
-700
-320
538
2419
3881
4067
4127
4773
5147
4853
4153
2937
1533
561
56
-394
-910
-1438
-1636
-1063
-124
81
-480
-460
210
572
295
-222
-341
78
631
1004
1216
1497
1987
2383
2258
1522
666
57
-567
-1407
-2062
-2460
-2716
-2504
-1902
-1511
-1604
-1728
-1327
-913
-1198
-1805
-1907
-1895
-2186
-2206
-1727
-1128
-879
-460
469
1878
3362
4137
4336
4581
4837
4821
4429
3343
1649
294
-562
-1267
-1754
-2006
-2072
-1621
-558
90
-173
-392
-84
166
-57
-454
-843
-895
-230
528
914
1180
1534
1850
1882
1468
786
-70
-930
-1408
-1777
-2402
-2833
-2686
-2192
-2019
-2039
-1848
-1713
-1704
-1786
-1893
-2100
-2324
-2406
-2292
-1987
-1518
-1063
-613
-118
613
2046
3434
3885
3970
4416
4765
4637
4181
2987
1319
342
-165
-871
-1498
-1990
-1980
-1255
-485
-208
-278
-164
115
190
64
-286
-647
-389
437
1085
1322
1521
1711
1836
1641
1015
372
-133
-690
-1241
-1645
-1957
-2039
-1792
-1134
-606
-594
-776
-891
-877
-970
-1208
-1599
-2091
-2246
-2047
-1733
-1269
-836
-450
-44
824
2227
3303
3551
3633
4039
4387
4433
3771
2334
1009
328
-288
-1124
-1709
-1987
-1743
-804
54
73
-153
-84
49
183
-32
-622
-1079
-906
-254
153
204
398
788
914
624
95
-342
-779
-1249
-1539
-1749
-1955
-1886
-1331
-783
-567
-570
-660
-686
-740
-1087
-1674
-2031
-2039
-1910
-1772
-1416
-914
-598
-438
-48
1051
2401
3029
3096
3416
3806
3983
3925
3262
1800
570
143
-105
-619
-1259
-1564
-1230
-331
440
496
251
130
93
180
-252
-1131
-1401
-836
-66
406
731
905
1243
1661
1423
712
15
-556
-1085
-1471
-1629
-1689
-1502
-962
-471
-393
-546
-650
-845
-1215
-1654
-2167
-2755
-3142
-2885
-2369
-1926
-1467
-754
55
694
1664
2929
3690
3617
3543
3842
4039
3545
2383
1156
404
-97
-608
-904
-1090
-1221
-929
-201
229
40
-247
-409
-584
-791
-1328
-1999
-2063
-1405
-525
187
794
1489
2125
2258
1912
1361
749
-20
-796
-1178
-1336
-1504
-1304
-729
-183
155
234
83
-58
-387
-984
-1574
-2182
-2556
-2654
-2389
-1804
-1178
-539
-86
628
1860
3118
3791
3758
3742
3853
3922
3574
2573
1202
87
-275
-441
-807
-1190
-1310
-841
-150
231
109
-387
-835
-958
-998
-1398
-1939
-2032
-1533
-575
339
847
1061
1331
1634
1478
961
248
-579
-1138
-1402
-1549
-1581
-1429
-1129
-806
-500
-489
-838
-1213
-1267
-1390
-1898
-2342
-2449
-2086
-1469
-906
-474
-133
226
800
1803
2741
3152
3104
3110
3395
3588
3169
2059
963
357
-43
-444
-765
-1051
-1185
-878
-175
110
-272
-696
-909
-970
-883
-928
-1203
-1175
-564
348
1150
1564
1603
1695
1802
1529
963
327
-356
-954
-1216
-1321
-1366
-1423
-1325
-863
-558
-715
-1151
-1391
-1423
-1691
-2054
-2276
-2362
-2219
-1649
-854
-197
250
594
1219
2257
3163
3449
3262
3106
3189
3247
2835
1773
570
-102
-296
-398
-584
-894
-1113
-866
-140
253
-139
-765
-1039
-1010
-873
-879
-991
-812
-179
792
1541
1763
1774
1860
1943
1753
1161
249
-536
-857
-981
-1189
-1416
-1459
-1255
-873
-588
-601
-979
-1502
-1595
-1376
-1538
-2039
-2171
-1793
-1302
-885
-452
-167
6
548
1495
2323
2544
2294
2217
2474
2630
2225
1202
148
-344
-431
-543
-705
-894
-898
-529
88
488
207
-435
-784
-671
-524
-708
-930
-621
184
1026
1524
1685
1635
1576
1597
1409
838
17
-591
-790
-745
-709
-843
-928
-698
-322
-294
-736
-1222
-1523
-1665
-1707
-1882
-2213
-2402
-2050
-1297
-662
-310
-113
173
770
1598
2255
2419
2260
2262
2406
2328
1737
736
-145
-555
-713
-822
-936
-1162
-1204
-694
-76
-30
-508
-1058
-1349
-1293
-1121
-1127
-1120
-806
-128
767
1496
1771
1743
1705
1703
1612
1261
685
87
-149
-6
81
2
-24
50
121
38
-265
-592
-805
-892
-915
-1064
-1296
-1242
-885
-356
27
0
-45
201
876
1734
2325
2498
2440
2475
2650
2642
1958
764
-221
-739
-1027
-1293
-1541
-1777
-1659
-1047
-472
-464
-931
-1386
-1528
-1272
-1026
-1017
-909
-470
208
989
1459
1386
1155
926
631
297
-134
-693
-1067
-953
-585
-353
-248
-217
-241
-327
-553
-870
-1210
-1457
-1524
-1474
-1419
-1342
-988
-436
57
429
510
535
945
1724
2443
2749
2678
2611
2738
2805
2533
1674
575
-215
-573
-635
-715
-954
-1186
-1047
-628
-424
-765
-1460
-2075
-2340
-2200
-1890
-1528
-1033
-384
431
1281
1778
1775
1420
918
473
154
-200
-626
-866
-746
-404
-63
87
-35
-214
-360
-602
-988
-1350
-1536
-1646
-1606
-1399
-1106
-810
-527
-125
227
431
684
1296
2252
2986
3273
3419
3548
3562
3358
2751
1636
384
-488
-821
-851
-953
-1171
-1240
-973
-568
-461
-728
-1206
-1731
-1942
-1724
-1341
-1090
-912
-448
322
1079
1436
1420
1138
725
418
328
235
-40
-287
-325
-63
161
66
-295
-647
-853
-1045
-1159
-1203
-1298
-1350
-1219
-956
-671
-452
-344
-339
-382
-379
-87
623
1402
1929
2277
2434
2481
2557
2500
1925
908
-69
-669
-799
-781
-762
-702
-591
-410
-196
-194
-603
-1180
-1506
-1365
-997
-661
-327
103
688
1323
1707
1739
1403
699
-5
-399
-563
-814
-1066
-1076
-904
-583
-300
-242
-464
-883
-1270
-1469
-1539
-1607
-1739
-1796
-1603
-1157
-638
-265
-102
-89
-150
-118
291
1082
1926
2527
2833
2984
3095
3020
2721
2170
1418
561
-57
-224
-27
265
424
520
549
496
313
-93
-717
-1270
-1536
-1475
-1120
-671
-231
206
687
1082
1104
718
63
-599
-951
-1080
-1186
-1216
-1233
-1228
-1111
-886
-765
-982
-1395
-1872
-2213
-2258
-2076
-1772
-1535
-1307
-1055
-687
-214
81
90
2
62
446
1220
2075
2822
3294
3389
3360
3327
3109
2529
1719
959
466
338
539
736
687
506
295
187
104
-222
-751
-1247
-1435
-1145
-524
139
632
1041
1349
1458
1325
823
49
-757
-1250
-1379
-1295
-1126
-979
-838
-729
-757
-929
-1325
-1899
-2492
-2879
-2925
-2697
-2405
-2171
-1942
-1685
-1356
-945
-588
-376
-303
-298
-64
526
1401
2330
2964
3188
3113
2983
2831
2556
2075
1483
1001
794
984
1320
1554
1464
1013
568
295
-42
-612
-1128
-1417
-1456
-1118
-525
96
531
755
895
948
822
541
184
-187
-508
-673
-568
-404
-399
-592
-917
-1325
-1722
-2036
-2285
-2432
-2498
-2436
-2168
-1771
-1430
-1303
-1348
-1337
-1254
-1141
-924
-634
-357
-7
661
1689
2682
3177
3229
3012
2698
2389
2196
1953
1444
937
653
759
1104
1348
1221
739
227
-211
-505
-641
-664
-626
-562
-409
-107
363
742
782
556
246
-111
-354
-365
-284
-236
-199
-166
-131
-169
-402
-843
-1413
-1860
-2082
-2210
-2213
-2052
-1783
-1482
-1222
-1001
-929
-1071
-1220
-1145
-847
-590
-397
-128
253
822
1537
2211
2637
2674
2436
2187
2054
1931
1770
1590
1368
1112
949
939
962
916
676
296
-145
-516
-729
-742
-614
-504
-459
-356
-113
74
198
202
53
-131
-273
-327
-300
-195
-86
-64
-168
-372
-677
-992
-1243
-1417
-1563
-1617
-1577
-1483
-1264
-1017
-879
-928
-1089
-1237
-1325
-1269
-1036
-728
-448
-204
110
510
948
1387
1764
1989
2029
1931
1783
1750
1763
1694
1570
1385
1115
818
689
656
569
357
-10
-369
-602
-710
-728
-678
-577
-553
-596
-606
-508
-364
-287
-232
-291
-437
-515
-419
-158
101
186
85
-91
-299
-506
-639
-687
-709
-697
-685
-693
-727
-804
-901
-997
-1047
-1068
-1052
-965
-798
-567
-327
-125
27
184
474
889
1336
1714
1935
2044
2069
2005
1957
1944
1894
1805
1717
1618
1505
1413
1309
1135
847
441
42
-293
-514
-622
-674
-668
-590
-508
-474
-489
-603
-804
-1032
-1207
-1304
-1313
-1332
-1331
-1188
-935
-729
-653
-628
-697
-901
-1005
-897
-781
-775
-844
-927
-980
-1004
-985
-919
-833
-828
-874
-841
-713
-503
-291
-37
286
632
1004
1406
1761
1949
1971
1938
1892
1843
1806
1813
1879
1944
1997
2034
2043
1902
1562
1188
811
407
6
-273
-401
-449
-458
-559
-673
-889
-1226
-1499
-1648
-1653
-1620
-1538
-1411
-1267
-1099
-920
-716
-543
-475
-510
-567
-598
-606
-603
-596
-595
-668
-785
-951
-1160
-1340
-1464
-1503
-1431
-1264
-1093
-918
-758
-565
-218
258
773
1217
1567
1789
1843
1835
1877
1978
2092
2296
2512
2653
2695
2623
2550
2432
2195
1854
1505
1148
812
541
269
59
-164
-467
-799
-1145
-1519
-1893
-2175
-2271
-2197
-2057
-1834
-1523
-1260
-1076
-922
-830
-772
-757
-723
-632
-562
-493
-398
-342
-343
-386
-491
-607
-718
-791
-768
-668
-495
-302
-169
-94
1
101
195
356
600
845
1038
1208
1399
1572
1663
1708
1790
1902
1976
2024
2087
2119
2049
1836
1518
1131
781
463
80
-268
-586
-914
-1264
-1530
-1670
-1837
-2047
-2208
-2304
-2366
-2358
-2266
-2142
-1983
-1768
-1466
-1111
-816
-602
-400
-160
88
298
415
487
551
550
513
464
414
396
365
302
279
280
233
187
203
185
149
222
405
615
806
935
997
970
920
909
963
1138
1386
1664
1856
1965
2024
1981
1819
1546
1259
924
534
199
-60
-285
-519
-804
-1131
-1489
-1828
-2105
-2285
-2383
-2410
-2392
-2328
-2161
-1913
-1653
-1473
-1292
-1070
-861
-696
-494
-230
-24
127
275
376
432
481
549
621
641
594
526
505
564
615
607
560
540
551
588
655
715
759
739
675
622
609
630
705
868
1075
1262
1383
1438
1422
1285
1073
865
684
530
403
307
206
15
-299
-657
-1064
-1480
-1845
-2110
-2253
-2328
-2330
-2263
-2131
-1929
-1711
-1494
-1288
-1140
-1016
-851
-625
-357
-57
234
518
731
878
991
1014
1007
960
922
918
919
981
1015
985
947
908
828
696
575
488
396
334
294
264
241
190
125
78
82
150
262
405
529
644
725
688
573
400
191
-9
-135
-205
-289
-350
-379
-402
-480
-599
-676
-746
-829
-912
-951
-981
-1044
-1103
-1140
-1163
-1134
-1047
-947
-835
-751
-670
-542
-395
-283
-188
-112
-59
52
184
292
423
574
717
862
974
1042
1046
1000
932
808
677
559
497
514
554
590
599
558
427
291
178
95
96
166
284
400
462
454
418
345
227
85
0
-43
-39
-10
24
74
74
34
-101
-283
-486
-689
-831
-894
-911
-978
-1035
-1100
-1191
-1274
-1370
-1453
-1465
-1383
-1256
-1121
-939
-702
-468
-271
-57
193
436
671
914
1148
1345
1469
1553
1620
1582
1438
1243
1087
922
768
585
429
361
295
263
205
123
-7
-164
-315
-406
-419
-422
-353
-234
-105
31
171
339
439
437
406
401
422
433
432
441
423
380
297
148
-43
-265
-487
-709
-847
-936
-991
-1011
-1036
-1047
-1054
-1064
-1081
-1036
-947
-842
-668
-449
-189
37
203
324
404
440
468
498
497
489
473
465
448
408
324
227
135
48
-71
-215
-325
-423
-508
-611
-711
-778
-795
-737
-661
-548
-394
-221
-60
124
332
537
731
891
1014
1081
1085
1033
995
949
869
783
743
715
616
480
363
288
193
69
-48
-109
-153
-234
-244
-210
-215
-289
-320
-294
-306
-327
-334
-325
-352
-407
-480
-534
-560
-633
-715
-744
-715
-703
-672
-575
-438
-330
-287
-236
-165
-132
-109
-71
-65
-45
-31
-5
37
101
216
310
416
544
640
669
653
653
650
598
528
493
502
514
504
472
466
456
408
375
409
430
406
416
488
496
417
371
335
308
301
288
228
136
68
-3
-97
-162
-237
-374
-530
-614
-689
-791
-859
-909
-976
-1052
-1135
-1163
-1124
-1055
-955
-855
-767
-728
-668
-600
-576
-507
-354
-182
-52
34
94
140
173
198
223
247
278
298
294
326
410
490
568
606
590
553
479
423
449
517
550
597
686
707
646
612
632
652
649
661
647
547
430
339
238
174
106
-10
-100
-185
-272
-382
-532
-631
-666
-722
-788
-778
-755
-816
-855
-832
-827
-810
-749
-657
-529
-388
-293
-195
-76
19
91
102
81
65
41
24
-1
-31
-29
-70
-106
-62
11
13
8
109
237
288
355
431
383
529
702
606
539
664
773
871
917
803
690
771
934
937
812
685
570
398
227
79
13
46
47
-46
-213
-317
-403
-511
-610
-667
-702
-728
-699
-690
-729
-755
-726
-725
-788
-802
-728
-612
-480
-359
-273
-230
-202
-230
-283
-353
-350
-287
-249
-197
-113
-11
29
63
81
71
121
222
352
445
510
555
579
561
549
547
529
520
536
557
513
510
549
566
526
471
430
335
217
122
75
37
-6
-19
11
26
20
-12
-71
-86
-94
-171
-227
-279
-358
-424
-471
-507
-523
-535
-551
-505
-461
-477
-530
-578
-599
-654
-707
-668
-578
-522
-430
-331
-242
-127
-89
-71
-44
-13
15
70
162
288
396
465
523
532
490
422
364
379
459
493
500
524
530
474
411
353
302
259
210
201
213
228
204
214
234
204
153
96
60
16
-17
-74
-102
-107
-133
-160
-168
-200
-282
-313
-353
-388
-422
-449
-446
-435
-425
-440
-473
-494
-507
-520
-492
-430
-354
-259
-136
-18
73
128
193
261
297
312
349
418
466
542
600
625
646
655
664
673
691
675
619
517
421
327
252
191
127
103
85
82
67
15
-63
-121
-175
-251
-324
-389
-422
-413
-417
-427
-437
-421
-383
-360
-381
-420
-449
-480
-491
-468
-397
-319
-262
-211
-202
-220
-270
-299
-309
-318
-297
-269
-215
-142
-78
-47
-41
-15
-2
-5
1
27
78
122
151
168
204
227
253
289
313
310
300
340
370
403
416
443
465
427
395
395
418
406
376
365
347
318
286
233
151
65
-41
-146
-252
-387
-510
-592
-615
-653
-674
-638
-590
-538
-521
-522
-526
-500
-467
-438
-374
-296
-208
-107
3
75
117
146
178
212
215
204
197
208
236
269
312
349
350
355
363
344
357
378
398
470
563
608
636
699
750
797
859
884
890
880
833
752
672
603
541
496
433
323
193
48
-124
-257
-358
-484
-615
-723
-818
-908
-1004
-1105
-1176
-1238
-1298
-1339
-1340
-1314
-1265
-1198
-1126
-1023
-944
-878
-812
-736
-647
-590
-543
-459
-361
-306
-208
-71
26
115
208
313
410
479
545
621
695
752
796
854
938
1008
1054
1082
1091
1108
1121
1087
1042
1006
946
868
780
687
580
447
307
190
78
-65
-196
-305
-399
-486
-581
-645
-661
-664
-691
-702
-686
-680
-688
-699
-678
-637
-586
-524
-452
-369
-303
-279
-238
-190
-184
-180
-175
-162
-133
-101
-42
33
78
112
145
169
194
242
280
339
435
501
534
559
587
595
582
573
558
542
518
493
482
433
359
289
241
178
89
9
-54
-126
-217
-263
-282
-321
-349
-340
-336
-349
-345
-333
-319
-287
-254
-235
-237
-228
-193
-178
-201
-230
-239
-250
-279
-314
-339
-359
-381
-375
-343
-317
-299
-266
-243
-214
-202
-178
-130
-82
-10
75
161
232
290
341
394
450
489
510
531
545
541
527
505
474
437
395
341
293
236
159
105
80
45
-1
-39
-71
-87
-98
-108
-105
-116
-116
-117
-143
-174
-204
-224
-237
-238
-240
-270
-294
-317
-334
-351
-363
-369
-355
-325
-292
-236
-189
-147
-98
-39
14
63
114
164
232
288
349
406
441
457
480
506
509
504
461
409
364
318
246
155
76
2
-67
-132
-190
-254
-311
-324
-322
-328
-348
-349
-325
-292
-264
-239
-184
-115
-54
-9
21
44
49
46
39
26
6
-23
-36
-69
-109
-142
-187
-215
-217
-234
-276
-321
-351
-358
-336
-303
-274
-246
-192
-144
-102
-18
77
154
236
342
442
535
584
622
675
693
677
665
677
681
652
617
570
502
416
338
275
217
140
54
4
-50
-126
-193
-231
-264
-309
-371
-427
-456
-485
-509
-518
-513
-507
-510
-518
-526
-533
-538
-545
-541
-508
-471
-446
-405
-358
-311
-269
-237
-179
-98
-32
10
69
163
233
286
331
380
432
479
528
578
604
600
601
613
606
565
501
438
388
347
323
293
243
199
171
143
90
33
-36
-89
-99
-113
-174
-237
-278
-306
-314
-324
-332
-338
-358
-371
-376
-398
-441
-454
-451
-450
-437
-428
-411
-379
-340
-302
-265
-245
-234
-177
-115
-55
9
61
126
193
251
295
336
383
452
514
548
559
547
530
518
480
425
382
346
315
279
227
169
108
49
13
-10
-38
-75
-106
-125
-153
-185
-196
-169
-132
-106
-94
-89
-90
-81
-87
-115
-133
-158
-182
-200
-234
-276
-295
-310
-322
-329
-347
-366
-366
-363
-368
-359
-340
-315
-267
-202
-134
-50
23
75
135
195
243
311
384
435
462
475
477
477
479
453
421
397
368
321
262
204
153
118
93
56
11
-21
-41
-55
-73
-88
-86
-76
-91
-116
-113
-98
-81
-51
-19
-21
-37
-51
-58
-63
-96
-118
-119
-131
-164
-196
-208
-198
-178
-174
-178
-179
-196
-219
-220
-194
-167
-140
-88
-50
-48
-38
2
51
90
107
131
156
162
169
175
174
174
159
141
150
126
84
61
29
-24
-66
-75
-59
-43
-61
-76
-58
-46
-56
-50
-19
2
-8
-5
9
20
33
41
72
109
111
96
103
97
65
37
16
8
-16
-41
-55
-56
-60
-79
-85
-86
-96
-103
-98
-65
-32
-26
-27
-22
0
24
42
74
109
129
132
134
140
141
132
112
90
82
72
51
31
27
18
-10
-36
-39
-50
-74
-86
-82
-66
-73
-86
-83
-65
-62
-61
-36
-31
-29
-32
-43
-45
-42
-49
-50
-30
-28
-35
-45
-53
-57
-55
-48
-47
-47
-39
-27
-7
13
16
26
42
55
65
76
70
79
82
75
81
87
78
72
63
42
38
29
25
25
6
-14
-20
-18
-3
10
-2
-10
-9
-26
-37
-24
-1
12
8
-1
0
5
-3
-8
5
6
7
15
16
-7
-48
-69
-69
-77
-81
-81
-91
-106
-123
-137
-124
-110
-116
-111
-98
-77
-40
-12
2
31
55
59
76
97
122
141
153
168
173
169
158
165
167
159
139
105
82
57
21
-7
-11
-12
-30
-47
-48
-45
-31
-38
-43
-42
-68
-95
-99
-82
-88
-92
-87
-81
-67
-72
-61
-33
-37
-47
-39
-45
-47
-39
-59
-54
-18
5
25
46
56
50
46
43
63
87
83
80
79
70
58
56
48
23
1
0
2
-12
-19
-17
-15
-28
-27
-13
-7
-11
-19
-18
-14
-16
0
26
21
-4
-8
14
29
26
11
4
-8
-22
-34
-37
-27
-32
-40
-44
-46
-59
-83
-80
-54
-52
-68
-61
-26
-1
-7
-7
29
49
40
48
69
86
69
49
61
72
63
64
88
90
73
46
23
26
21
-5
-21
-2
1
-18
-14
10
16
-4
-21
-16
-2
-15
-25
-5
4
-7
-23
-32
-21
-13
-22
-23
-9
-8
-39
-72
-88
-78
-60
-63
-63
-37
-29
-41
-47
-34
-22
-17
-16
-10
5
-6
-18
5
29
33
24
35
47
53
43
34
48
52
48
50
55
52
49
45
57
63
36
16
19
16
2
-10
-12
-7
-9
-16
-19
-22
-22
-19
-16
-19
-41
-48
-57
-62
-62
-62
-44
-21
-24
-30
-9
5
6
-5
-9
-5
-3
-16
-13
7
20
22
15
22
28
28
38
57
64
43
23
16
18
23
22
22
15
10
-4
-25
-31
-28
-21
-21
-10
10
17
13
19
24
10
-12
-21
-1
24
34
51
80
80
52
25
10
6
-8
-12
-2
7
-2
-20
-16
-10
-18
-18
3
19
10
-18
-42
-56
-66
-83
-99
-89
-73
-61
-54
-44
-37
-39
-44
-39
-47
-45
-31
-20
-1
7
0
-5
11
31
43
41
41
48
51
46
46
54
60
56
60
74
64
43
31
25
12
-5
-19
-13
-6
-15
-17
-19
-36
-48
-39
-27
-19
-21
-35
-43
-50
-65
-64
-49
-37
-21
3
18
41
50
38
30
23
10
2
5
8
1
-10
-8
0
-3
3
20
22
22
21
21
9
-6
-20
-17
-13
-8
11
19
23
20
35
62
68
62
66
82
80
66
70
82
88
62
32
29
49
40
13
24
31
5
-38
-43
-40
-55
-61
-57
-42
-49
-80
-79
-60
-65
-87
-87
-56
-33
-53
-83
-92
-81
-84
-85
-59
-31
-19
-31
-31
-16
-15
-26
-30
-17
3
5
-8
-1
19
25
21
32
50
57
55
51
60
57
33
21
29
40
28
9
20
33
6
-4
14
34
42
32
28
33
25
5
-13
-10
-3
-9
-9
-3
-6
-14
-17
-11
-9
-1
5
9
9
2
-21
-26
-20
-14
-13
-21
-15
-3
8
16
18
13
10
13
20
12
5
4
12
13
14
24
31
35
29
18
18
27
24
21
20
21
24
15
5
0
-15
-43
-57
-49
-50
-56
-47
-34
-32
-50
-57
-35
-24
-37
-37
-28
-21
-18
-27
-31
-27
-11
1
8
25
40
44
47
45
33
29
19
5
13
15
14
26
34
13
4
9
12
14
20
28
28
19
7
8
10
9
6
12
19
22
27
19
15
25
21
18
19
14
4
-13
-28
-44
-61
-66
-51
-50
-64
-79
-90
-91
-77
-56
-44
-40
-15
-1
-3
11
16
14
11
26
29
22
22
38
58
50
37
40
44
36
22
18
19
8
10
8
7
15
20
25
26
16
3
0
4
-4
-24
-32
-33
-33
-32
-31
-23
-20
-21
-21
-18
-16
-18
-22
-22
-23
-33
-23
6
11
7
7
14
24
20
23
29
6
-13
-2
11
15
8
13
23
20
9
17
27
20
11
4
5
0
-11
-12
7
19
28
23
18
22
17
10
11
12
9
1
2
12
10
4
-2
-16
-7
12
17
26
40
40
24
15
17
26
11
-16
-18
-16
-29
-50
-46
-37
-51
-75
-82
-74
-61
-57
-45
-22
-20
-30
-30
-30
-39
-49
-53
-38
-25
-18
-18
2
23
29
21
22
34
24
8
-8
-5
5
15
33
53
68
72
67
73
74
82
86
80
70
52
33
22
9
0
-4
-13
-10
2
3
-10
-11
-16
-28
-30
-25
-20
-19
-22
-28
-27
-37
-48
-52
-57
-70
-76
-69
-53
-40
-27
-26
-20
-12
-15
-15
-9
1
1
0
5
7
7
10
23
49
62
54
46
55
56
43
38
42
35
13
2
12
24
18
10
23
36
32
21
10
5
5
2
-2
1
-1
2
10
17
11
2
-1
-10
-21
-32
-36
-31
-22
-20
-27
-40
-42
-48
-55
-55
-54
-56
-59
-63
-59
-52
-46
-31
-11
-9
-13
-15
-20
-21
-27
-16
7
17
23
43
69
79
77
76
91
95
85
80
68
46
20
20
27
25
19
12
20
24
15
9
8
-5
-23
-26
-26
-23
-19
-13
5
5
-17
-32
-39
-46
-49
-49
-32
-23
-29
-28
-22
-10
-11
-15
-23
-27
-27
-25
-13
-5
1
4
10
14
7
1
2
9
9
8
14
13
6
2
5
15
21
32
47
61
54
36
27
20
11
8
21
33
43
29
5
1
-4
-15
-21
-9
7
-6
-28
-27
-19
-28
-40
-31
-10
-7
-25
-36
-23
-19
-28
-22
-15
-16
-42
-65
-64
-53
-50
-48
-25
-2
0
-16
-26
-23
-25
-40
-45
-25
-6
2
6
26
42
39
26
29
41
38
34
32
51
62
63
60
64
74
68
63
68
65
43
20
21
30
29
21
11
5
-8
-15
-15
-3
5
-6
-7
-5
-8
-22
-31
-15
-11
-27
-36
-38
-34
-43
-57
-66
-68
-72
-71
-50
-30
-24
-20
-17
-12
-18
-17
-10
-5
4
7
11
18
23
41
46
36
28
23
22
17
20
23
26
22
19
26
32
36
34
31
23
18
22
20
20
19
20
29
26
21
5
-3
-14
-34
-38
-25
-7
7
4
-3
-4
-20
-37
-38
-25
-25
-34
-40
-44
-45
-52
-49
-42
-43
-45
-39
-32
-34
-35
-27
-11
-14
-23
-21
-14
-3
-7
-19
-21
-33
-26
7
22
25
25
31
36
34
26
23
22
15
15
16
10
18
26
37
51
57
52
40
41
36
31
30
23
18
32
44
40
39
38
24
12
5
14
16
13
13
20
21
-5
-13
-22
-36
-55
-56
-26
-30
-41
-33
-14
-15
-25
-13
-5
-13
-35
-40
-29
-28
-24
-6
16
21
13
13
19
3
-14
-15
-17
-31
-47
-38
-20
-18
-21
-11
-10
-21
-24
-5
20
19
2
2
20
21
3
8
35
49
39
39
44
40
40
44
69
59
33
22
20
19
2
-1
18
23
5
-5
-8
-8
-16
-35
-27
-14
-18
-25
-27
-18
-15
-29
-46
-41
-29
-22
-33
-28
-8
-11
-20
-24
-4
1
-25
-43
-54
-46
-49
-40
-9
4
2
2
6
18
25
9
2
10
-3
-21
-18
16
39
27
19
23
19
-6
-24
-20
-15
-13
-16
-13
3
8
4
13
28
30
33
34
28
19
6
5
17
6
-6
-6
-2
1
0
1
-3
-10
-10
2
18
37
38
38
38
17
0
0
-1
8
11
10
6
8
10
6
1
14
29
15
2
-14
-15
0
6
9
13
21
15
1
0
1
3
2
17
24
21
13
0
2
0
-10
-12
-16
-31
-40
-25
-9
10
16
25
40
36
30
33
29
9
-8
-18
-21
-28
-30
-21
-21
-25
-27
-26
-33
-26
-15
-25
-35
-40
-51
-65
-69
-60
-45
-42
-39
-20
-6
0
-12
-11
-1
-14
-21
-18
-18
-30
-39
-31
-10
2
-8
0
18
29
31
24
34
38
41
37
38
34
14
19
35
39
39
35
35
34
30
20
17
23
10
-7
0
5
-9
-21
-15
-15
-16
-14
-9
5
9
13
10
17
14
7
2
1
10
5
-2
7
17
12
10
12
10
6
-1
-3
7
-5
-20
-13
-8
-18
-21
-23
-41
-48
-40
-23
-15
-9
14
33
25
5
3
11
12
5
14
32
28
9
16
27
21
8
6
20
21
14
10
16
27
24
16
24
35
27
26
36
36
6
-21
-33
-32
-31
-49
-43
-25
-17
-22
-39
-48
-44
-44
-51
-47
-32
-28
-33
-23
1
23
33
24
19
23
4
-23
-32
-21
-25
-40
-33
-1
14
4
0
7
1
-12
-18
-2
10
-8
-13
14
20
10
15
34
43
24
6
3
8
5
18
27
22
14
9
11
32
34
16
15
18
8
-5
-12
-12
-14
-25
-26
-25
-20
-20
-25
-26
-19
-25
-31
-29
-23
-24
-35
-27
-6
11
18
24
18
8
-5
0
16
14
17
26
30
14
-11
-20
-21
-23
-22
-23
-25
-13
0
3
-3
5
17
13
3
18
38
45
47
54
52
37
28
23
19
16
23
30
35
35
25
20
7
-4
-7
-2
11
30
32
11
4
9
-8
-18
-19
-19
-20
-29
-24
-24
-39
-54
-50
-41
-50
-59
-48
-26
-7
1
9
9
-2
7
13
6
0
3
6
5
2
10
9
1
7
8
0
-4
0
-2
-3
-3
10
23
17
11
19
29
26
12
14
21
7
-6
-4
-10
-22
-30
-26
-21
-15
-18
-9
-6
-18
-18
-11
3
2
-9
-6
-2
-12
-32
-25
-5
-2
-10
-3
7
5
-9
-6
13
16
-1
-7
6
-4
-28
-30
-11
-12
-27
-26
-9
-11
-29
-21
-8
-7
-10
-4
10
-7
-30
-37
-28
-18
-18
-1
11
11
12
25
44
47
47
45
53
58
53
47
46
49
38
21
20
38
36
24
25
42
49
38
39
40
35
19
5
-11
-15
-25
-37
-26
-14
-23
-41
-37
-22
-22
-41
-47
-20
-1
-17
-27
-24
-16
-17
-19
-10
3
13
19
31
34
29
17
8
-4
-19
-28
-37
-33
-37
-36
-30
-28
-19
-26
-34
-32
-25
-7
-4
-5
5
8
9
12
24
6
-13
-7
6
18
12
14
27
37
37
46
59
50
30
33
50
48
32
36
44
40
20
8
10
7
-16
-30
-24
-30
-45
-57
-50
-37
-28
-20
-12
-19
-26
-29
-41
-38
-35
-26
-22
-30
-36
-31
-27
-38
-34
-30
-37
-62
-63
-37
-31
-35
-29
-19
-28
-34
-13
9
14
-1
3
17
15
3
8
30
39
42
43
53
54
53
60
63
61
51
58
74
73
63
54
60
63
56
51
50
37
22
3
-14
-14
-14
-22
-25
-23
-26
-31
-22
-11
-12
-13
-22
-29
-29
-29
-31
-27
-22
-15
-3
-5
4
17
18
5
-9
-9
-22
-44
-52
-48
-45
-42
-27
-15
-15
-10
-5
2
-6
-4
8
15
3
2
20
16
4
-10
-14
2
12
19
47
58
39
30
40
42
20
15
32
35
12
-2
1
14
13
8
26
26
0
-27
-35
-30
-22
-23
-10
4
2
-6
-10
-13
-33
-48
-50
-42
-46
-54
-50
-37
-24
-30
-25
0
0
-25
-37
-21
-11
-13
-3
12
18
6
0
7
16
11
2
21
41
33
20
26
37
19
7
10
15
18
4
-1
13
18
2
-7
5
13
4
-9
-6
11
9
-3
-9
3
6
-1
0
0
-3
-10
-14
-12
-2
-7
-16
-20
-14
-4
-15
-18
-6
2
-13
-21
-2
15
15
5
6
14
3
-16
-16
-18
-19
-8
9
14
8
7
14
22
16
4
-3
5
17
33
52
66
67
57
46
34
25
7
1
10
13
16
18
29
37
38
40
28
15
-6
-26
-29
-30
-26
-18
-16
-4
-3
-13
-18
-11
-13
-29
-34
-30
-26
-39
-54
-59
-43
-34
-46
-34
-16
-12
-15
-20
-20
-30
-45
-34
-10
-2
-8
-4
11
16
9
14
26
39
38
14
4
6
-3
-15
-2
25
28
18
14
15
12
-13
-33
-35
-36
-35
-37
-26
-12
-4
-7
-4
1
-3
-20
-44
-35
-7
6
7
13
11
2
8
30
44
35
28
36
43
33
17
19
27
29
29
29
25
18
15
8
11
13
21
29
38
39
36
28
15
15
17
15
8
9
9
5
2
4
7
0
-7
-10
-18
-27
-32
-32
-39
-39
-32
-36
-38
-37
-31
-24
-34
-37
-29
-26
-31
-26
-16
-20
-39
-56
-44
-34
-36
-27
-15
-11
-6
-1
-9
-13
-10
-11
-17
-5
7
0
-6
-8
-3
-4
4
35
50
48
44
53
52
28
17
36
45
27
16
21
33
30
40
73
90
69
64
81
75
54
40
43
35
4
-10
3
14
4
-12
-26
-28
-33
-42
-46
-35
-30
-45
-57
-53
-38
-39
-42
-22
-3
-6
-22
-18
-1
-13
-24
-16
-4
2
-11
-21
-23
-17
-15
-22
-25
-19
-10
-16
-24
-14
-1
-10
-25
-14
-6
-27
-40
-19
-6
-15
-7
6
3
-9
-11
3
6
3
16
23
16
14
20
15
19
24
18
7
5
18
31
37
37
34
25
21
23
21
8
3
12
7
-8
-18
-7
6
2
-1
2
-13
-37
-47
-47
-70
-74
-51
-35
-30
-31
-30
-25
-13
-5
-4
0
6
11
2
-5
9
22
24
17
27
39
24
19
34
59
63
57
53
48
45
42
45
52
67
65
48
36
34
27
4
-7
5
6
-19
-34
-21
-16
-32
-28
-5
2
-8
-9
11
25
2
-10
2
-1
-6
-9
-6
-3
-19
-32
-31
-37
-37
-40
-47
-36
-27
-28
-27
-8
3
-1
-2
5
21
12
-10
-13
-14
-16
-18
-26
-37
-24
-16
-20
-16
-13
-16
-24
-22
-28
-35
-45
-43
-35
-31
-19
-7
5
12
0
-8
-2
5
6
8
14
18
22
18
17
20
30
34
39
41
36
42
44
32
22
15
11
10
13
10
8
9
7
5
-5
-20
-21
-11
2
-1
-4
-4
-11
-17
-23
-25
-19
-29
-36
-19
-4
5
21
26
50
65
45
40
46
34
13
-2
-8
-10
-30
-28
14
31
15
12
27
21
-12
-41
-34
-35
-57
-55
-43
-37
-20
-2
17
25
14
5
2
2
13
2
-10
13
28
17
8
26
47
38
20
23
25
13
6
14
11
-1
-14
-11
-4
2
3
-2
1
-3
-7
-23
-28
-13
-6
-11
-14
-10
-8
-19
-21
-7
-3
-4
7
14
3
-3
-2
-8
-5
15
37
40
27
42
44
11
-5
-8
-12
-25
-36
-33
-24
-35
-35
-25
-30
-29
-20
-17
-16
5
2
-20
-31
-30
-19
-28
-35
-17
-5
-11
-3
13
2
-8
-14
-12
-3
-7
4
14
8
0
-1
-7
-15
-5
1
0
0
13
29
24
15
18
11
-7
-4
7
12
14
13
28
29
28
34
28
22
17
16
1
-18
-16
-20
-26
-9
11
15
8
19
37
30
12
16
33
16
-11
4
28
30
30
38
37
29
19
6
5
-6
-18
-20
-28
-29
-24
-38
-46
-34
-30
-42
-32
-15
-6
-7
-13
-3
0
-19
-20
-12
-5
-9
-21
-11
12
27
27
40
48
52
50
35
39
35
20
-4
-4
20
14
3
18
37
22
12
-2
-10
-19
-45
-45
-34
-34
-41
-35
-20
-13
-7
-16
-11
13
19
5
-14
-23
-33
-47
-34
-17
-21
-36
-34
-18
-19
-35
-30
-21
-32
-30
-12
-8
-17
-7
17
5
-6
7
17
22
22
27
29
21
16
24
25
4
-4
5
13
8
7
18
23
26
32
26
24
29
26
11
6
22
15
-6
-18
-11
-16
-20
-1
32
34
5
6
29
21
-2
3
13
-3
-18
-13
-4
-6
-10
-10
-5
8
17
16
8
19
18
-15
-33
-20
0
-19
-30
-16
-13
-36
-37
-8
5
4
9
22
1
-24
-24
-10
-7
-16
-17
-15
-14
-14
-8
10
18
26
43
45
25
1
-10
-13
-4
4
1
4
1
6
13
4
-2
-4
-1
4
13
12
7
12
3
-10
-7
14
37
40
28
33
46
38
19
4
-6
-8
-22
-38
-36
-21
-25
-29
-25
-27
-25
-26
-20
-13
-27
-28
-19
-32
-60
-73
-60
-52
-45
-29
-12
-9
-5
13
13
2
12
27
21
6
16
38
36
27
40
49
38
45
60
48
32
31
38
26
16
18
10
2
9
20
16
3
7
8
-7
-12
9
22
-1
-11
7
12
5
0
7
5
-8
-23
-24
-23
-21
-8
-8
-9
-5
-11
-17
-21
-34
-47
-48
-37
-32
-41
-48
-26
2
-9
-22
-17
-28
-40
-54
-61
-46
-34
-11
8
9
12
13
-6
-14
-3
6
12
19
40
45
31
32
51
56
33
46
69
47
28
33
38
33
21
28
40
31
27
39
39
21
15
5
-14
-22
-23
-23
-34
-28
-16
-20
-24
-2
10
-19
-24
12
25
13
5
17
7
-29
-30
-26
-43
-52
-25
-7
-31
-45
-10
6
-7
4
26
20
3
11
20
-7
-30
-19
1
2
-4
13
20
3
1
8
2
3
5
-4
-17
-27
-27
-38
-47
-20
0
-10
-22
-14
-7
-9
-4
13
23
12
3
19
40
11
-4
9
-1
-17
-29
-24
-16
-10
-10
-2
4
12
19
9
12
28
33
35
43
49
36
16
19
36
21
5
22
36
19
4
9
9
5
0
-10
-11
-9
-11
-8
-10
-12
-7
-12
-12
-11
-14
-24
-26
-19
-34
-56
-51
-44
-54
-43
-17
-2
-10
-17
-13
-10
-22
-25
-9
-7
-19
-9
-2
-13
-12
-12
-24
-22
-12
-7
9
12
6
16
27
38
55
64
58
56
64
62
56
51
42
34
22
18
29
36
30
32
40
31
9
-7
-6
-2
3
9
3
1
5
2
-18
-29
-17
-12
-23
-17
-3
-10
-28
-28
-16
-19
-33
-31
-26
-44
-54
-49
-35
-24
-27
-19
-12
-24
-26
-28
-36
-45
-46
-42
-42
-38
-14
8
15
29
34
40
36
35
39
33
28
31
37
29
20
24
34
21
4
6
6
2
1
6
14
-1
-17
-15
-4
1
9
13
14
22
4
-14
-7
-6
-12
-6
2
7
-2
-12
-2
3
-12
-21
-12
-5
4
-4
-12
-12
-24
-27
-16
-9
-13
-25
-33
-30
-30
-43
-39
-22
-11
0
11
22
31
29
29
42
45
33
31
38
31
27
30
42
52
40
29
25
15
8
17
23
9
5
9
-3
-13
-13
-17
-22
-25
-27
-18
-19
-17
6
12
-8
-18
-17
-32
-35
-23
-28
-32
-32
-17
-18
-24
-9
6
6
9
12
17
11
-5
-3
9
5
-3
15
29
16
6
-8
-7
3
-1
-4
-5
-2
7
13
4
9
21
9
-6
-3
-5
-24
-30
-16
-18
-33
-36
-27
-21
-31
-26
-13
-10
-17
-2
25
24
16
23
38
37
41
36
32
34
34
25
18
19
26
31
24
20
7
-14
-21
-10
-8
-15
-24
-23
-18
-25
-21
-5
-1
-8
-2
7
11
6
5
9
19
22
15
6
-1
1
-7
-11
-8
-4
-5
-11
-20
-22
-21
-28
-25
-18
-14
-8
-3
-3
4
15
27
26
20
12
2
-10
-10
0
-8
-14
-16
-15
-14
-23
-23
-4
10
-10
-33
-41
-51
-56
-51
-33
-15
-23
-15
9
20
17
7
13
22
16
22
36
29
24
23
11
7
12
15
25
29
23
20
4
9
34
33
16
17
31
28
12
16
28
1
-30
-25
-16
-23
-26
-8
6
-9
-13
3
21
23
24
31
21
21
26
34
40
40
39
37
30
27
27
24
18
20
18
9
0
-2
-8
-18
-18
-17
-42
-60
-55
-50
-52
-54
-54
-56
-68
-76
-71
-58
-51
-50
-39
-28
-27
-15
7
12
-2
-6
-9
-13
-4
4
16
25
15
12
28
32
18
13
27
36
25
15
18
12
-3
-3
24
38
28
28
42
25
-16
-26
-15
-20
-24
-7
5
-9
-22
-26
-37
-51
-52
-33
-31
-40
-31
-25
-34
-34
-20
-16
-20
-11
5
5
-2
20
52
42
24
48
72
53
42
43
45
36
22
21
33
29
27
40
48
58
61
47
44
53
40
21
3
-1
3
-7
-14
2
12
-4
-9
0
1
-8
-1
10
1
-15
-14
-6
-14
-23
-27
-36
-34
-22
-6
0
3
14
19
2
-14
-21
-46
-69
-60
-53
-79
-84
-56
-46
-51
-43
-21
-33
-66
-62
-37
-30
-41
-20
1
-8
4
42
52
28
35
61
63
42
55
84
65
53
78
74
26
17
43
32
-5
-3
25
9
-27
-4
13
-22
-27
4
-2
-37
-44
-29
-39
-44
-18
-8
-27
-40
-28
-20
-44
-35
-6
-17
-40
-19
11
-20
-33
-3
5
-19
-24
4
11
-4
-10
-3
-16
-31
-9
-9
-20
-4
18
11
-1
22
43
40
40
59
63
40
32
50
41
24
43
68
59
37
42
42
21
30
47
37
15
13
9
-16
-29
-4
3
-23
-18
19
14
-18
1
6
-33
-58
-36
-19
-53
-64
-28
-26
-53
-44
-5
4
-18
-2
26
19
-8
-8
-6
-7
5
25
26
12
20
17
3
-1
5
-6
-15
-11
-8
-21
-33
-28
-32
-45
-37
-9
-8
-14
9
26
7
4
27
24
3
6
23
20
10
21
31
16
2
14
18
-4
-7
12
5
-12
-22
-17
-26
-28
-10
-7
-26
-28
-17
-44
-54
-38
-24
-29
-27
9
22
2
6
29
16
-7
12
32
20
2
13
24
8
-1
14
7
-10
-13
-13
-13
-18
-9
-11
-27
-19
-4
-12
-25
-17
-9
-11
-11
2
22
19
13
8
20
34
37
46
56
59
47
24
18
31
29
19
25
43
31
9
16
28
20
-2
-5
2
-10
-20
-9
4
-10
-14
-7
-7
-13
-8
2
-11
-17
-7
-7
-19
-16
-3
-8
-2
15
22
0
-18
-18
-32
-50
-53
-56
-70
-63
-30
3
2
-8
13
30
3
-13
10
19
-7
-22
-13
-2
-1
13
29
30
37
45
45
37
35
31
15
1
9
20
-1
-13
4
16
6
-9
-5
9
-2
-17
-16
-18
-31
-40
-28
-14
-4
2
13
20
21
11
-3
7
25
17
8
15
15
0
-19
-24
-29
-46
-56
-43
-27
-30
-20
-12
-13
-10
-6
-5
-14
-25
-28
-28
-31
-20
11
26
24
26
30
18
9
13
12
6
-3
-18
-28
-35
-34
-22
-14
-9
-14
-16
-3
7
6
8
8
14
7
4
21
32
28
26
46
55
47
50
43
41
31
32
48
51
46
34
33
28
20
13
-2
-12
-11
-1
-1
-1
-1
-9
-18
-21
-25
-32
-33
-37
-35
-36
-40
-33
-25
-19
-25
-11
1
-1
3
14
20
17
23
21
17
13
3
5
6
3
8
1
-10
-16
-11
-11
-15
-10
-3
-3
-8
-15
-16
-16
-28
-28
-10
3
3
4
8
9
12
4
5
14
10
5
19
35
31
14
3
1
7
2
-13
-14
-7
-19
-32
-19
-12
-17
-26
-15
-1
-11
-14
-1
9
1
-10
-13
-19
-13
0
-9
-16
-19
-19
-23
-18
2
12
-1
-14
-12
-19
-40
-41
-26
-21
-18
-10
3
10
17
28
36
38
36
32
16
1
5
17
23
28
37
34
29
36
47
39
16
-2
-8
-10
-8
0
7
8
11
18
8
-7
-11
-13
-11
-11
-10
-15
-14
-8
1
11
22
28
17
7
7
5
-11
-17
-12
9
15
6
21
24
18
14
21
22
13
6
-11
-18
-18
-12
-7
4
20
17
-5
-12
5
-7
-34
-25
6
-1
-27
-27
-11
-6
-10
-17
-16
-24
-39
-49
-41
-27
-15
4
19
31
24
13
12
6
16
11
0
6
10
12
4
-7
-5
-2
-4
-6
-1
-1
-7
-1
-13
-20
-9
3
8
11
18
19
15
16
8
-3
-19
-32
-32
-37
-39
-42
-36
-35
-25
-14
-15
-19
-23
-18
-18
-18
-24
-21
-28
-21
0
7
14
21
30
48
50
42
40
46
39
25
18
13
14
8
11
15
16
23
43
53
46
37
28
27
26
37
41
53
48
35
27
9
2
-15
-36
-43
-47
-45
-34
-32
-30
-32
-23
-13
-23
-34
-36
-32
-27
-21
-20
-26
-37
-32
-30
-25
-19
-23
-10
7
18
18
19
18
12
10
16
19
15
21
21
13
17
7
0
-2
5
7
-3
-7
2
18
13
13
23
27
17
16
28
32
13
-10
-8
-3
-3
-15
-29
-31
-25
-32
-42
-31
-32
-35
-31
-22
-1
-1
-12
2
17
12
0
4
2
-14
-25
-14
1
4
-2
-8
-11
-4
0
-7
-2
12
28
35
41
42
28
12
7
9
28
35
42
57
54
38
34
35
24
8
-11
-21
-11
1
-9
-25
-27
-31
-47
-53
-60
-53
-48
-56
-49
-41
-39
-32
-19
3
9
9
17
10
-17
-37
-33
-33
-28
-11
6
31
31
19
33
47
49
45
30
20
28
11
4
12
9
-4
-11
2
18
14
1
4
19
16
6
3
-5
-6
-7
-9
-4
-1
1
3
15
23
26
19
21
33
36
37
37
34
42
32
9
6
9
-6
-25
-26
-22
-28
-30
-24
-17
-17
-25
-41
-56
-55
-56
-61
-64
-62
-59
-51
-44
-30
-16
-15
2
7
9
-4
-7
-10
-14
-8
-12
-2
15
38
50
47
32
17
10
4
9
18
14
17
9
-5
-7
-15
-7
13
35
50
67
76
78
79
68
52
45
38
34
22
14
8
7
15
19
20
12
1
0
12
22
14
3
1
-5
-17
-26
-38
-58
-67
-65
-57
-48
-55
-65
-60
-49
-35
-27
-30
-36
-26
-23
-35
-51
-52
-43
-35
-22
-12
-13
-12
1
3
4
29
42
35
27
28
35
29
33
35
33
20
1
-9
-12
-23
-22
-5
4
3
0
7
16
9
9
24
37
37
18
-5
-12
-12
-15
-9
-3
4
6
3
9
20
23
11
4
11
10
-15
-20
-12
-21
-26
-32
-23
-5
1
-1
6
16
18
6
1
4
12
14
19
42
47
33
16
16
8
-14
-21
-7
6
9
3
4
1
-10
-16
-17
-17
1
17
20
30
36
35
32
27
25
23
6
0
10
12
10
14
18
18
14
2
0
-5
-14
-9
-8
-26
-39
-37
-38
-46
-61
-67
-62
-51
-37
-24
-24
-26
-18
-9
-2
-1
3
2
-1
-6
-5
1
8
28
47
50
44
39
35
35
26
23
16
4
-11
-15
-14
-25
-39
-54
-59
-57
-47
-40
-33
-26
-19
-26
-39
-49
-59
-59
-60
-37
-24
-22
-8
10
33
39
33
43
49
43
44
54
47
40
50
59
68
73
73
57
41
24
12
15
17
21
21
12
-6
-18
-23
-31
-28
-30
-39
-52
-60
-59
-49
-31
-10
10
20
19
19
25
28
26
23
32
33
29
34
40
31
19
22
32
31
25
10
4
5
-3
-11
-9
-8
-16
-14
-11
-10
-27
-33
-11
-1
-14
-22
-19
-23
-34
-45
-45
-39
-51
-54
-32
-11
9
16
16
24
31
26
23
21
9
2
-2
2
8
4
11
21
15
14
16
9
-3
2
5
-2
-24
-32
-22
-18
-27
-31
-5
0
-14
-25
-17
-21
-34
-35
-25
-15
-21
-21
-5
5
-6
-4
-4
-7
-24
-37
-35
-24
-17
-23
-20
-1
15
8
-4
9
26
14
5
11
28
32
24
29
41
32
28
45
49
45
47
52
56
59
44
19
6
13
19
-5
-13
7
16
2
-9
11
27
24
25
49
61
40
30
38
37
9
-10
-13
-22
-26
-24
-15
-15
-13
-16
-24
-30
-33
-38
-51
-59
-70
-84
-93
-78
-63
-60
-54
-44
-26
-20
-19
-17
-13
-13
-12
3
-6
-14
-13
-20
-25
-32
-25
-13
-10
1
17
17
16
32
37
34
38
49
71
71
55
49
46
37
37
50
55
56
43
28
18
4
-8
-5
1
-9
-20
-29
-33
-35
-38
-36
-29
-15
-8
-1
6
14
3
3
17
17
12
3
6
5
-11
-5
12
9
2
4
5
-1
1
3
10
19
27
29
23
33
42
36
29
32
30
10
-3
6
7
-12
-26
-32
-56
-72
-66
-54
-58
-66
-50
-43
-54
-50
-30
-29
-23
-18
-28
-36
-34
-22
-17
-27
-9
22
25
12
21
38
15
11
32
40
29
15
18
18
16
1
2
10
12
11
10
28
43
26
5
-2
11
17
1
2
8
-10
-26
-15
-4
-16
-39
-28
-12
-18
-19
1
14
22
42
61
56
35
32
41
18
-8
2
2
-8
-12
-6
-2
-15
-22
-18
-15
-13
-7
-4
1
-1
-17
-18
0
19
15
-4
2
11
2
-5
23
43
29
38
55
40
5
-6
3
9
11
9
13
9
-13
-27
-27
-29
-29
-35
-44
-39
-16
-16
-38
-43
-27
-31
-37
-29
-11
0
-11
-15
-1
8
-2
-8
3
9
-2
-23
-23
-8
0
4
9
24
23
-9
-21
2
9
-1
-1
27
48
31
16
23
35
25
15
18
26
20
11
22
22
9
10
15
16
4
-7
-14
-21
-26
-29
-28
-27
-21
-13
-8
-6
-4
9
17
14
13
6
11
12
3
-12
-15
-15
-12
0
1
8
8
7
7
6
3
4
11
7
1
1
-7
-23
-32
-25
-16
-11
-13
-22
-16
-10
3
5
-12
-29
-36
-30
-20
-17
-9
10
22
25
20
31
38
28
10
8
4
-11
-33
-40
-29
-21
-10
-2
6
7
5
8
23
23
11
17
27
13
-2
4
29
29
19
19
21
21
11
7
0
2
3
6
7
3
1
0
0
2
-1
-11
-10
9
12
-1
-9
-15
-16
-17
-23
-25
-22
-20
-29
-31
-10
9
16
15
10
18
15
5
5
13
4
-11
-5
4
13
13
23
36
25
-6
-15
4
17
11
7
12
8
9
19
30
26
11
1
-5
-15
-32
-34
-21
-23
-39
-48
-38
-25
-21
-21
-13
-6
-15
-18
-5
1
2
14
26
37
43
46
47
23
-8
-14
1
0
-9
-3
-3
-15
-30
-28
-11
-13
-27
-24
-1
-2
-29
-35
-28
-26
-37
-40
-21
-9
-15
-15
-3
7
-12
-37
-23
-6
-13
-29
-26
3
10
2
1
18
25
4
5
16
30
32
19
17
38
50
40
47
59
65
55
30
30
35
19
-8
-11
8
2
-26
-23
11
34
16
0
12
12
-19
-32
-20
-16
-31
-39
-12
16
22
9
7
26
30
13
19
37
41
48
54
58
55
38
21
20
18
-3
-18
-12
-5
-13
-11
-14
-27
-40
-44
-43
-50
-61
-70
-64
-54
-56
-53
-55
-53
-40
-36
-26
-20
-15
-4
-8
-12
0
11
7
5
16
17
10
13
14
2
3
12
18
36
35
35
37
25
16
12
7
2
9
10
9
6
4
10
9
1
-10
-23
-30
-23
-14
-9
-3
-12
-28
-46
-46
-34
-23
-19
-15
-4
2
-3
-3
9
17
23
21
23
23
24
19
23
43
44
41
41
37
24
7
9
6
-12
-20
-25
-17
-17
-33
-39
-32
-34
-39
-30
-17
-16
-21
-12
-4
-7
-15
-24
-17
-10
-8
-9
-10
0
8
21
31
40
54
51
51
50
46
31
16
12
13
6
1
14
25
30
31
28
25
13
6
6
13
13
9
17
14
13
10
12
21
15
3
4
4
0
-4
-10
-2
8
3
-9
-3
10
0
-10
-13
-19
-31
-35
-46
-59
-61
-62
-57
-64
-70
-57
-55
-61
-64
-47
-22
-19
-21
-9
4
3
-4
-1
11
14
-2
-2
22
36
24
8
18
27
14
10
27
37
22
-6
-11
8
11
8
26
44
40
23
18
29
39
38
34
32
38
34
3
-4
11
16
0
-10
10
6
-26
-35
-16
-7
-24
-31
-30
-29
-35
-54
-56
-40
-35
-42
-54
-44
-26
-27
-38
-24
2
-1
-10
3
21
18
1
9
27
22
0
4
25
32
35
31
40
32
11
9
20
35
32
28
45
64
64
46
48
64
69
49
25
18
11
0
9
37
41
20
13
18
7
-14
-33
-31
-41
-58
-55
-48
-37
-41
-52
-50
-41
-37
-37
-24
-23
-29
-42
-51
-48
-50
-52
-35
-16
-18
-36
-46
-31
-20
-20
-11
1
-4
-15
-22
-18
-7
-10
-4
5
18
31
40
55
59
65
55
40
35
31
29
38
49
53
47
30
34
41
42
44
44
52
47
31
14
16
15
5
5
0
-5
-27
-33
-22
-20
-25
-34
-38
-37
-45
-47
-41
-49
-48
-47
-38
-29
-35
-26
-13
-7
-2
-7
-10
-18
-15
13
21
15
3
0
0
-7
-3
9
18
15
10
6
1
-5
-6
0
-1
0
-3
-8
-11
-10
-10
-11
-13
-12
-4
-6
-3
1
-2
0
2
7
5
2
1
-1
0
-5
-18
-21
-3
7
7
-1
-3
4
-10
-7
8
9
-2
1
20
11
4
10
12
3
-3
1
2
-14
-33
-20
