28
25
37
35
9
-2
7
-10
-44
-25
1
-16
-36
-32
-18
-25
-40
-41
-33
-32
-35
-25
-22
-16
-11
-4
6
7
7
9
23
36
23
17
25
20
-4
-3
24
16
5
13
22
4
-18
-9
6
-12
-30
-17
-8
-7
-10
-5
-2
5
13
2
-2
2
-5
-14
-9
2
6
-4
-3
2
-5
-7
-2
-7
-19
-16
-3
-8
-14
-6
-2
-2
2
13
12
2
0
-5
-19
-25
-13
-3
5
20
33
23
14
11
15
21
31
25
9
4
2
-12
-20
-9
4
2
4
8
8
15
14
13
10
10
3
-8
-18
-20
-12
-15
-16
-11
2
8
12
15
22
18
16
22
22
24
15
0
-6
-8
-21
-35
-27
-4
3
-4
5
16
8
-8
-25
-38
-44
-51
-59
-61
-51
-31
-3
17
14
7
7
4
-9
-19
-18
-25
-30
-21
-3
3
3
23
42
37
23
17
18
11
-13
-23
-5
18
20
-2
-1
19
11
-8
-8
15
8
-17
-4
29
29
3
0
17
22
-4
-10
1
3
-3
-6
4
19
23
19
38
59
53
33
26
38
21
-3
9
31
22
6
3
-11
-14
-9
2
-5
-15
-19
-30
-39
-24
-6
-16
-20
2
10
-12
-10
13
6
-21
-13
4
-15
-25
-7
-14
-24
-8
4
5
6
16
7
-10
-6
-3
-17
-27
-6
0
-15
-14
-7
-24
-33
-8
11
-7
-19
-8
-24
-55
-49
-26
-28
-35
-12
7
1
-8
3
5
-10
-11
9
13
1
8
18
24
33
27
25
28
25
18
18
31
36
18
21
41
33
11
15
42
44
17
8
17
8
-12
-4
16
11
-12
-15
-4
-3
-25
-42
-29
-20
-17
-17
-3
7
-8
-28
-23
-3
-1
-12
-5
13
18
9
7
16
17
8
0
-3
-13
-27
-33
-29
-17
-9
-15
-17
-1
2
-17
-25
-7
-1
-23
-21
3
5
-11
-4
29
40
22
13
21
20
12
2
-1
12
24
17
10
18
24
8
-1
18
13
-12
-21
-6
7
13
7
2
2
0
9
18
17
15
17
2
-6
6
9
8
0
-2
2
-5
-9
-4
3
1
-6
-7
-2
0
-4
-10
-17
-20
-28
-33
-29
-23
-16
-13
-13
-17
-28
-41
-49
-59
-58
-43
-35
-35
-29
-3
18
25
17
11
18
18
15
27
44
46
39
48
76
70
42
31
51
59
45
39
27
5
-13
-32
-38
-35
-34
-35
-33
-23
-10
-15
-29
-31
-17
-26
-34
-29
-26
-23
-27
-12
10
18
6
-4
19
32
24
16
21
23
14
2
6
8
-8
-22
-13
-4
-14
-19
-17
0
15
10
7
12
10
-10
-28
-14
-1
-12
-13
7
20
9
-5
-7
-14
-11
15
31
12
-1
-2
-2
-2
1
18
10
1
3
4
9
6
8
11
21
35
29
21
33
36
14
-3
13
16
-14
-30
-4
6
-6
-4
19
32
23
5
-5
-10
-23
-30
-26
-10
-11
-27
-15
14
20
2
0
6
-10
-31
-20
-5
-27
-38
-18
3
-8
-2
24
25
15
9
13
7
-22
-37
-23
-8
-10
-15
-6
14
7
-16
-14
7
1
-27
-26
-6
-8
-38
-30
-4
-19
-41
-31
-4
-9
-18
-13
-10
-17
-26
-21
1
13
6
10
26
37
21
14
36
54
45
29
44
61
49
23
25
31
19
22
31
35
32
25
15
5
9
0
-14
-13
2
-5
-29
-36
-36
-43
-65
-65
-55
-55
-54
-51
-46
-40
-13
-2
-13
-11
-3
0
-1
8
22
28
32
37
46
48
47
46
47
52
44
30
29
25
21
7
-14
-5
-3
-10
-4
7
5
-6
-18
-15
-2
0
5
12
13
15
13
14
8
-4
-11
-6
-2
-20
-44
-37
-24
-31
-40
-35
-20
-14
-31
-36
-16
-1
-8
-20
2
10
-3
-4
20
31
7
-6
11
25
16
2
3
8
15
14
8
19
32
28
13
17
28
3
-20
-5
6
-10
-29
-23
-14
-22
-34
-31
-38
-47
-48
-37
-25
-17
-6
1
4
13
12
0
3
14
4
-5
10
20
5
-16
-11
5
8
13
12
0
-10
-13
-8
-5
-8
-1
11
14
13
19
20
6
7
19
25
20
12
6
10
12
-8
-13
2
1
-6
-2
18
18
-4
-3
16
9
-6
-4
10
24
23
25
29
31
36
20
13
27
30
4
-7
12
21
0
-16
-1
4
-22
-22
-10
-21
-38
-33
-12
-5
-1
-4
-10
-7
-3
-1
2
-2
-13
-33
-32
-26
-34
-35
-28
-21
-42
-59
-36
-17
-22
-21
-3
-2
-19
-28
-12
1
-7
-14
10
32
27
15
13
36
43
20
18
39
38
25
32
47
53
55
61
63
41
29
33
36
29
26
15
4
8
5
-1
5
16
-5
-25
-30
-28
-37
-51
-33
-25
-48
-59
-53
-50
-58
-56
-50
-46
-47
-49
-43
-38
-36
-34
-21
-1
1
-5
3
17
10
3
21
30
16
15
34
33
17
14
34
34
17
13
19
15
2
9
8
13
30
21
12
28
32
9
-2
13
11
-11
-12
18
28
13
15
20
1
-29
-34
-22
-24
-30
-25
-18
-13
-4
1
-5
-4
-4
-15
-15
10
12
2
23
46
44
33
57
65
27
-6
-11
-16
-25
-9
14
20
14
11
10
9
9
3
-12
-18
-15
-36
-55
-48
-37
-48
-49
-23
-16
-28
-17
7
11
8
7
9
7
-8
-7
4
13
23
30
34
47
52
42
34
39
21
-6
-10
-2
-18
-26
-10
-9
-13
-16
-5
-2
-16
-15
-14
-25
-26
-18
-17
-23
-28
-29
-32
-28
-23
-27
-25
-19
-20
-25
-26
-13
-8
-3
16
29
27
20
29
35
22
19
28
11
-9
-7
9
27
31
29
35
33
19
8
1
10
11
4
17
34
35
19
18
25
8
-9
-2
1
-17
-36
-44
-40
-37
-38
-34
-25
-20
-23
-27
-21
-13
-4
5
16
27
17
18
23
13
4
-2
-2
-11
-11
-4
1
-2
-1
5
-2
-19
-22
-7
-5
-9
-6
2
11
9
3
0
5
13
5
7
28
30
32
45
50
31
7
7
10
2
-4
-2
5
-7
-19
-17
-6
5
12
26
36
31
22
18
16
16
15
3
-10
-8
-2
-11
-16
-20
-18
-18
-26
-28
-26
-28
-35
-37
-20
-9
-18
-41
-46
-32
-41
-37
-13
5
-11
-34
-26
-19
-29
-41
-24
-9
-30
-49
-42
-17
-3
-5
6
32
40
31
28
43
53
35
30
47
57
35
15
28
37
22
18
40
52
39
34
48
51
31
6
10
25
26
11
6
19
17
-1
-7
5
5
-11
-15
-14
-30
-49
-47
-34
-29
-33
-34
-31
-41
-48
-43
-39
-33
-32
-39
-37
-23
-15
4
22
27
20
21
36
32
15
10
23
24
-2
-11
2
11
6
0
4
1
-9
-27
-32
-19
-26
-36
-28
-3
9
1
3
15
17
0
-7
4
4
-5
-6
6
20
25
26
31
25
12
13
21
18
15
13
12
18
11
0
-5
0
-8
-24
-22
-16
-28
-44
-39
-21
-15
-17
3
16
6
7
24
35
24
14
16
15
15
17
30
36
19
3
-2
6
10
0
-3
6
8
-4
-9
3
0
-21
-20
-1
-6
-24
-16
0
-12
-26
-18
0
10
-4
-22
-23
-23
-24
-11
3
6
-4
-13
-8
2
5
7
9
2
-2
5
7
2
-4
4
11
7
-1
-2
4
-10
-22
-20
-14
-12
-7
5
6
3
3
4
8
6
-5
-4
6
5
-2
1
16
11
-11
-1
22
23
19
28
28
12
-8
-7
5
6
0
-8
0
6
-4
-4
-3
3
3
-12
-13
1
2
-8
-13
5
32
32
17
20
31
13
-17
-29
-9
-6
-31
-42
-32
-27
-45
-53
-28
-2
3
0
4
5
-19
-39
-29
-6
8
2
5
30
23
8
18
30
20
-7
-3
21
23
9
15
24
19
3
0
11
9
-4
0
9
7
3
-2
13
24
20
22
26
28
4
-23
-25
-20
-20
-30
-16
11
10
11
24
25
22
14
9
8
-6
-13
-13
-15
-7
-9
-11
-10
-5
-3
1
16
25
26
22
15
-12
-27
-27
-22
-22
-20
-10
-3
-7
-8
-2
-7
-16
-12
-10
-8
-2
-2
-7
-16
-18
-15
-16
-8
-8
-18
-14
-3
7
2
6
8
-9
-22
-19
-22
-30
-28
-14
5
1
3
7
8
20
23
21
26
34
20
4
17
30
28
13
18
25
12
4
24
32
17
14
13
13
14
7
13
27
29
13
-14
-25
-23
-30
-46
-34
-15
-24
-37
-27
-16
-20
-19
5
8
-6
-2
-2
-12
-23
-30
-33
-35
-25
-17
-11
-8
-2
3
11
24
21
10
13
19
17
15
25
29
23
28
46
48
32
19
19
19
1
-11
1
13
12
7
6
-2
-14
-22
-13
1
-11
-18
-4
4
-8
-21
-7
13
13
15
31
45
34
7
1
4
-14
-25
-19
-2
-7
-21
-19
-7
-6
-14
-19
-11
-3
-18
-27
2
18
-3
-9
8
14
2
-13
5
30
17
1
-2
-14
-31
-50
-47
-32
-37
-45
-43
-31
-24
-34
-33
-18
-13
-11
-18
-14
5
12
6
11
22
35
29
23
45
72
68
44
42
50
32
-1
-15
-15
-26
-33
-30
-15
-14
-23
-11
-1
13
16
13
15
14
12
2
-10
-11
-4
-7
9
36
35
31
36
29
25
24
18
8
-1
1
6
-1
-23
-20
-20
-37
-35
-32
-40
-47
-48
-46
-37
-25
-9
0
20
31
22
19
16
10
-3
-1
7
3
-5
2
9
5
14
27
38
44
38
30
21
11
-6
-12
-8
-6
-7
-9
-1
13
17
12
21
20
8
1
9
10
-4
-5
-2
-5
-22
-33
-34
-32
-34
-37
-35
-29
-18
-12
-8
5
-5
-20
-19
-21
-26
-28
-9
12
22
26
28
31
24
25
27
22
16
12
3
0
5
4
-4
-8
2
13
13
20
34
26
-3
-19
-20
-28
-43
-40
-22
-12
-14
-25
-12
15
21
10
-7
-7
-16
-34
-32
-14
-7
-9
-4
12
6
-12
-6
2
2
5
7
3
-16
-11
7
9
7
18
22
-2
-31
-25
3
15
3
7
37
44
28
21
31
33
7
-11
4
9
-7
-21
-15
-3
-11
-20
9
28
9
-3
23
35
11
-4
6
16
1
-14
0
17
13
-8
-4
19
4
-23
-22
4
8
-4
4
26
41
28
25
28
8
-9
-19
-13
-17
-31
-29
-20
-8
-17
-18
1
10
15
-2
-7
-10
-23
-26
-22
-10
-16
-21
-18
-19
-23
-24
-33
-47
-52
-51
-38
-26
-11
14
31
28
23
24
17
-1
-4
5
12
17
20
38
48
38
26
30
32
16
-3
0
9
-1
-12
-5
13
22
14
13
25
21
15
9
9
11
-7
-25
-26
-11
2
-7
-9
4
7
-5
-10
-1
1
-9
-13
-4
1
-4
-11
-18
-19
-18
-22
-19
-7
-3
-7
-14
-16
-13
-6
-3
-3
-4
-15
-15
-3
1
-5
1
10
8
-1
-6
3
17
10
-6
-2
1
-3
-10
-1
9
-4
-12
0
4
-9
-10
9
18
13
12
20
27
34
35
32
35
30
19
21
36
40
10
-15
-9
-3
-20
-26
-7
5
-13
-28
-22
-29
-32
-25
-20
-26
-34
-29
-19
-11
-6
-6
-3
-1
-6
-23
-35
-27
-17
-25
-16
9
18
6
4
17
30
48
65
68
55
41
37
32
29
32
26
16
1
-3
-2
-2
1
8
8
1
-14
-27
-23
-25
-30
-26
-7
2
-8
-8
-5
0
-3
-5
12
17
22
15
8
26
32
27
14
11
13
-4
-30
-41
-36
-39
-40
-32
-20
-26
-49
-44
-31
-29
-44
-53
-41
-35
-31
-28
-4
22
10
-3
7
20
7
-1
27
44
26
16
44
66
43
20
27
34
18
-12
-15
4
10
-4
-13
-6
-14
-29
-32
-6
2
-28
-49
-38
-26
-25
-25
-8
1
-2
-2
-3
6
14
19
22
20
17
6
3
18
31
37
45
50
45
28
25
23
10
-4
-8
-10
-17
-19
-17
-10
-10
1
17
19
15
3
-2
-1
0
1
7
17
8
5
16
27
31
25
24
33
35
30
22
14
-4
-30
-44
-44
-39
-29
-6
9
6
-6
-27
-29
-13
-16
-25
-24
-13
-17
-27
-21
-8
-7
-8
4
20
16
8
10
7
-3
-9
-8
-13
-10
-9
-5
-4
-8
-13
-18
-18
-24
-32
-38
-27
-20
-15
-2
14
15
-4
-1
0
-29
-53
-48
-26
-19
-22
-4
20
33
21
17
30
32
10
-1
21
37
18
-4
11
27
9
-3
21
52
47
29
34
32
11
-9
-4
19
18
0
1
21
17
-5
-20
-10
0
1
6
12
8
-14
-16
-2
-1
-15
-15
0
-3
-22
-24
-11
6
3
1
15
13
7
5
6
11
13
12
13
10
-4
-13
1
6
-9
-15
-21
-23
-23
-31
-26
-18
-17
-10
2
13
16
10
6
-1
-13
-22
-22
-20
-9
-6
3
9
3
-5
-2
-6
-13
-20
-16
-8
-11
-18
-11
4
4
10
20
32
39
32
21
15
7
-2
3
17
25
19
4
9
16
9
-9
-2
14
3
-12
-10
9
11
2
6
28
27
10
13
34
36
6
-15
-9
-4
-22
-30
-12
5
-15
-43
-35
-6
0
-10
2
17
5
-16
-19
-1
9
0
-2
5
16
10
6
10
11
-2
-22
-15
-10
-28
-40
-29
-19
-35
-57
-57
-61
-59
-38
-25
-22
-16
-6
2
9
5
7
6
-10
-8
-5
-1
5
12
22
31
32
35
49
63
58
36
26
33
12
-17
-29
-15
1
2
9
24
35
29
19
15
16
0
-25
-26
-9
5
-2
1
20
39
45
48
57
59
46
36
31
20
4
-19
-30
-28
-26
-27
-27
-20
-6
-14
-30
-26
-14
-21
-25
-28
-33
-34
-33
-32
-28
-17
-10
-13
-13
-5
-1
-3
-3
9
18
7
-12
-15
-9
-10
-13
-10
3
13
19
16
29
42
24
7
10
22
23
5
1
25
35
37
34
39
30
7
-3
16
33
9
-6
-2
-1
-22
-39
-27
-18
-34
-52
-44
-22
-11
-24
-15
6
-6
-20
-23
-11
-9
-28
-41
-40
-34
-37
-27
0
11
-3
-3
19
28
10
-10
-7
-5
-10
-15
-9
-2
1
15
21
15
4
-11
-17
-8
3
2
-3
6
22
22
13
12
10
-6
-10
3
15
29
43
44
49
61
63
48
28
9
-9
-18
-21
-5
10
12
28
33
34
25
5
-3
-4
-6
-12
-23
-24
-24
-28
-31
-18
-3
1
-5
-12
-16
-38
-56
-61
-50
-45
-48
-41
-33
-13
0
8
26
39
37
33
31
29
23
3
-3
11
25
23
15
29
46
32
25
37
46
22
-5
-6
0
1
-9
-8
4
-1
-7
-4
2
-12
-24
-28
-24
-14
-17
-27
-37
-35
-44
-40
-19
-3
1
0
3
6
4
1
9
19
13
14
17
9
11
13
22
23
21
14
5
-7
-6
10
4
-9
-11
-5
-9
-18
-21
-22
-26
-34
-28
-10
1
-3
-8
-4
-4
-9
-10
3
14
8
-6
-14
-12
-13
-6
8
17
13
7
4
1
-2
-15
-19
-17
-22
-24
-26
-24
-5
5
5
1
4
12
15
11
8
9
18
24
28
28
23
13
-3
-8
-1
9
6
4
7
12
11
6
11
19
25
17
8
14
20
12
7
12
19
25
23
20
28
28
17
5
0
5
-5
-21
-40
-34
-18
-16
-17
-3
14
-2
-17
-15
-13
-25
-26
-14
-1
4
2
7
15
18
14
17
24
21
5
-6
-7
-15
-19
-9
12
20
13
9
6
-5
-12
-11
-1
1
-11
-16
-11
-10
-10
-7
-3
-7
-16
-32
-31
-34
-39
-31
-21
-10
-15
-9
-2
-4
-10
-4
1
-6
-1
-2
-1
-8
-20
-12
-15
-30
-27
-5
5
-10
-16
-8
-8
-3
4
9
5
-4
-2
4
15
20
20
26
35
46
49
44
49
39
17
5
11
11
11
18
28
28
20
23
22
17
3
-3
-1
5
15
4
-4
-6
-15
-17
-14
-12
-22
-14
-3
-3
-8
-18
-20
-19
-20
-12
-11
-13
-8
7
8
10
33
44
40
33
24
12
-9
-23
-18
-13
-8
-13
-17
-8
-5
-9
-24
-32
-28
-19
-15
-15
-15
-22
-27
-13
2
14
21
21
15
13
12
9
2
9
16
14
16
20
20
2
-13
-11
-1
2
-9
-5
0
-7
-6
-6
-6
-14
-20
-13
5
12
-3
-5
14
27
10
0
1
-4
-21
-16
-4
-4
-12
-21
-11
-14
-18
-17
-19
-30
-38
-42
-25
-12
-6
0
9
15
12
18
31
41
34
35
46
42
29
13
13
23
22
16
17
9
-3
-4
3
23
23
15
15
13
-1
-21
-30
-36
-38
-40
-21
-11
-18
-31
-41
-20
-7
-2
5
17
19
4
-15
-19
-1
10
7
3
15
22
6
-9
-10
-4
-6
-11
10
20
6
-3
-3
7
10
-2
-8
1
11
8
12
25
29
10
-19
-13
-2
-1
0
9
20
1
-9
6
24
36
32
29
32
28
-1
-14
-9
-12
-24
-27
-11
-3
-15
-28
-22
-6
-9
-31
-37
-35
-41
-49
-52
-39
-29
-22
-19
-14
-9
-5
-12
-4
12
4
-10
-18
-5
7
5
10
19
40
58
63
63
69
51
26
14
2
-11
-13
0
15
40
46
41
41
34
24
15
9
2
-10
-16
-21
-35
-43
-38
-23
-7
-2
1
0
5
1
-21
-37
-33
-26
-31
-28
-18
-5
-2
-6
3
15
16
-5
-11
-13
-12
-9
-14
-11
-4
-4
-8
-3
3
3
-2
-5
8
14
12
9
10
19
21
24
26
32
27
14
3
-12
-16
-13
0
9
9
4
-8
-6
12
31
21
10
19
21
20
17
18
20
13
1
-8
-14
-11
-18
-15
-2
-4
-19
-38
-38
-32
-38
-35
-15
-11
-27
-43
-50
-42
-39
-45
-48
-48
-46
-39
-23
-3
3
-1
0
5
8
9
13
24
20
1
-4
25
45
50
47
48
50
45
47
48
39
26
24
17
10
10
10
17
25
25
12
14
21
13
14
23
28
29
34
43
42
25
14
18
12
9
4
-2
-2
-11
-29
-36
-19
-11
-30
-47
-49
-48
-57
-57
-33
-22
-45
-51
-38
-31
-34
-41
-33
-26
-41
-55
-59
-45
-21
-10
-8
-2
8
4
-4
6
18
17
18
30
43
46
46
44
37
35
22
25
39
38
27
20
23
29
25
18
14
16
3
-15
-7
1
-10
-21
-8
14
15
9
6
2
-9
-6
-17
-22
-21
-25
-25
-27
-13
-7
0
16
25
12
-10
-11
-5
-6
-11
-20
-21
-19
-20
-25
-28
-16
-11
-17
-19
-5
0
-9
-14
-9
-6
-21
-25
-5
3
-4
-10
2
14
3
-12
-10
4
2
6
19
33
33
21
26
36
27
30
39
51
54
43
31
23
17
16
17
22
30
29
27
29
31
20
3
-17
-20
-21
-36
-52
-50
-40
-39
-40
-36
-20
3
1
-5
2
19
9
-3
4
7
0
-13
-13
-2
0
-3
2
5
-13
-18
-8
-3
-5
-20
-25
-12
-15
-27
-23
-3
6
-4
-6
-6
-2
-7
-12
-2
7
3
-8
-22
-30
-31
-41
-37
-25
-21
-15
-10
-1
6
14
15
15
18
29
35
29
36
45
50
38
38
48
43
33
34
46
43
23
17
13
5
-3
-12
-13
-21
-23
-15
-6
3
-8
-28
-40
-36
-25
-24
-30
-26
-18
-9
-2
-2
1
-3
-5
4
12
19
11
3
-4
-10
-20
-26
-23
-20
-7
3
5
-2
-11
-6
-11
-19
-8
1
6
0
-8
-8
-8
-6
-13
-12
-3
-2
-14
-9
11
12
3
0
20
26
12
9
18
21
3
-6
0
13
2
-10
15
42
42
21
18
19
2
-20
-22
-11
-10
-20
-20
8
25
26
28
31
31
18
13
15
12
5
6
17
19
23
18
13
18
10
-3
-9
-1
7
6
-2
-3
5
4
2
-1
-3
-6
-7
-8
-9
-9
-19
-32
-39
-42
-42
-48
-54
-47
-49
-59
-64
-56
-39
-35
-26
-8
10
0
-16
-6
15
26
21
28
31
24
13
12
18
14
7
1
4
9
0
-10
11
30
26
22
23
23
9
0
5
-1
-8
-9
-1
-4
-15
-15
-12
-6
-4
0
4
4
3
1
7
9
9
9
11
9
13
15
6
-2
4
4
1
-1
5
11
16
10
10
15
10
-5
-16
-9
0
7
17
30
35
28
29
35
38
33
22
9
2
-8
-18
-11
-3
0
-6
-11
-4
-8
-14
-17
-20
-25
-31
-23
-24
-36
-38
-25
-15
-4
5
9
11
9
12
12
-2
-7
-5
0
-7
-20
-7
-2
-10
-24
-21
-12
-11
-22
-24
1
11
-1
-12
-5
-1
-14
-10
11
15
1
-7
1
6
2
13
30
25
6
-11
-14
-15
-7
-9
-14
-9
-12
-15
-12
-5
-7
-7
3
10
8
2
9
3
-11
-3
13
17
9
13
33
35
24
12
17
25
18
13
11
13
1
-5
12
30
31
24
22
33
25
9
3
7
7
-10
-24
-17
-3
-15
-20
-11
3
-2
-23
-33
-23
-19
-29
-21
-3
10
0
-9
-4
3
-12
-27
-16
-8
-7
-16
-15
3
-5
-15
-7
2
0
-9
-5
6
14
3
-4
-1
4
7
-2
-3
7
6
-1
-4
1
15
24
28
18
12
12
2
-4
8
28
29
18
7
-2
-17
-29
-18
-14
-23
-35
-28
0
6
-3
0
13
25
22
16
16
7
-14
-20
-12
-8
-14
-18
2
22
25
21
16
8
-15
-32
-35
-22
-24
-24
2
25
26
9
6
11
12
16
4
6
18
11
8
5
-2
-25
-42
-33
-24
-19
0
7
7
17
23
29
23
8
19
19
8
5
8
7
-1
-1
9
14
13
13
15
11
-18
-32
-20
-19
-32
-38
-25
-11
-7
-15
-6
10
2
-19
-13
4
-11
-19
1
15
8
-4
-3
-6
-11
-13
4
16
9
-2
-3
6
-1
-11
-22
-23
-17
-16
-12
-13
-5
-4
-1
10
21
25
33
36
22
11
7
3
11
19
28
39
42
44
41
33
29
34
21
1
-13
-21
-19
-17
-35
-37
-12
-11
-20
-21
-17
-7
-8
-16
-21
-23
-22
-23
-10
4
4
2
1
1
4
8
11
16
10
-3
-16
-29
-25
-21
-19
-23
-29
-24
-15
-9
-10
-5
-3
-9
-21
-18
6
24
25
33
45
45
27
19
34
36
26
16
19
37
39
36
53
56
36
20
0
-8
-5
-14
-23
-15
-7
-19
-30
-23
-13
-21
-32
-24
-8
-15
-33
-39
-35
-32
-24
-22
-21
-14
-16
-12
-15
-11
-4
-7
-4
-3
-12
-11
-11
-1
6
7
8
5
6
4
6
12
19
20
12
16
25
12
-9
-21
-23
-17
-15
-4
8
11
13
10
10
32
37
27
13
2
0
1
4
13
29
25
14
13
15
7
-4
-17
-13
-21
-39
-50
-53
-42
-25
-16
-3
19
28
31
41
40
15
-10
-14
-4
-8
-24
-25
-5
5
1
2
11
8
-6
-10
-1
0
-21
-18
-1
5
-1
0
19
34
25
27
29
29
34
35
36
31
29
25
14
11
6
2
1
-5
-3
-2
7
6
-3
1
2
-8
-12
-16
-8
-12
-19
-7
1
-4
-28
-33
-38
-55
-51
-30
-17
-18
-18
-10
-11
-32
-44
-45
-42
-41
-34
-26
-23
-19
-6
4
11
21
21
16
14
17
31
43
42
35
31
32
29
15
7
7
-8
-18
-19
-16
-14
-18
-8
-1
-12
-15
-5
-1
-10
-5
16
24
19
17
22
25
13
7
22
38
24
5
12
26
23
8
16
24
10
-15
-19
-11
-16
-33
-30
-5
1
-14
-29
-29
-18
-16
-6
-2
-3
-3
5
18
18
15
-1
-4
-9
-3
5
-5
-14
-21
-3
12
19
19
17
20
10
2
0
7
-9
-24
-10
15
25
6
11
31
32
9
-4
18
31
18
8
21
37
40
41
40
32
9
-20
-34
-22
-19
-18
-12
-10
1
2
-1
9
15
8
-7
-13
-21
-28
-40
-51
-43
-27
-23
-17
-14
-18
-29
-47
-59
-64
-71
-81
-76
-48
-25
-34
-45
-25
-10
-20
-21
-9
9
0
-5
0
2
-7
-7
24
42
50
54
62
79
76
68
67
61
54
48
43
34
27
27
20
10
9
23
44
34
24
18
7
-3
-12
-7
-7
-24
-37
-20
-7
-4
-5
12
33
21
-6
-22
-23
-30
-36
-16
12
14
-5
-12
-12
-31
-44
-28
-2
3
-10
-14
-9
-14
-22
-25
-14
-14
-16
-15
-9
6
7
1
3
15
13
2
9
10
7
-2
2
15
13
5
-10
-19
-24
-21
-12
-5
7
16
12
8
14
27
25
6
4
12
7
-9
-5
16
21
19
24
33
26
7
-13
-19
-13
-23
-24
-18
-22
-20
-12
-8
1
-8
-24
-38
-40
-30
-28
-15
-9
-14
-24
-33
-22
-11
-6
6
19
32
34
35
38
40
36
23
19
18
19
21
15
14
18
14
7
3
0
-1
-10
-8
4
7
-11
-10
10
22
28
30
36
30
15
-1
3
6
-4
-6
-3
-7
-15
-14
-12
-17
-34
-47
-48
-44
-32
-20
-15
-6
-1
-3
-2
-2
-2
1
19
28
17
2
-12
-15
-15
-20
-14
-3
-8
-19
-8
11
8
2
10
17
1
-26
-26
-14
-19
-25
-8
13
15
4
-1
10
19
7
-9
-13
-7
-15
-27
-12
2
-2
-1
18
35
24
15
22
26
17
0
3
13
20
14
-1
-1
0
-2
-11
-7
8
6
6
18
26
26
19
19
30
31
21
18
21
18
7
11
17
18
9
-6
-8
-7
4
-5
-16
-20
-29
-25
-15
-2
0
-6
-13
-29
-41
-49
-43
-30
-25
-17
-16
-26
-40
-30
-16
-16
-8
16
29
28
20
29
43
48
43
41
48
37
18
21
38
34
25
30
36
29
-7
-24
-24
-23
-29
-45
-34
-17
-24
-34
-35
-25
-34
-51
-48
-30
-33
-44
-44
-39
-37
-48
-48
-34
-23
-30
-26
-7
2
-3
-6
8
21
21
19
28
40
38
31
28
34
27
23
25
29
32
15
4
12
22
32
32
31
24
30
27
19
19
24
20
4
5
19
20
6
2
-2
-10
-20
-16
-9
-18
-23
-12
3
7
-11
-16
-7
-12
-21
-24
-10
-7
3
11
12
15
5
-5
-2
-4
-16
-18
-17
-13
-16
-14
-8
-9
-12
-16
-17
-22
-38
-43
-30
-11
10
22
24
20
25
35
35
20
17
21
22
18
12
18
23
24
28
35
49
49
42
37
38
38
19
-6
-18
-18
-20
-21
-12
0
-2
-7
-10
-11
-13
-22
-25
-33
-39
-46
-46
-38
-28
-19
-11
-3
-9
-18
-27
-40
-52
-56
-39
-31
-25
-12
7
2
-11
-5
-5
-19
-35
-25
-9
-11
-19
-24
-14
3
11
12
13
25
31
25
21
22
23
17
20
31
22
8
14
28
30
21
12
12
12
-4
-10
8
16
19
24
11
13
20
20
10
2
13
16
11
17
28
21
9
10
12
4
-8
-7
-4
-22
-33
-21
-20
-32
-32
-18
-17
-20
-8
13
16
4
5
6
2
8
24
33
27
31
34
33
25
28
43
49
39
20
15
8
5
1
-9
-24
-34
-35
-23
-10
-12
-18
-23
-17
-21
-42
-53
-41
-38
-58
-74
-59
-48
-61
-58
-45
-39
-44
-38
-19
-2
3
15
23
25
28
19
16
22
33
37
36
39
43
40
34
48
59
51
34
32
21
-4
-18
-12
9
4
0
20
32
28
22
29
31
16
4
-10
-25
-42
-38
-34
-41
-40
-29
-14
-2
12
11
5
3
-7
-19
-31
-32
-32
-38
-49
-53
-51
-31
-8
8
16
24
32
33
27
11
0
-12
-6
-4
-8
-7
-6
0
1
3
14
15
-4
-15
-9
-3
-4
3
26
27
12
7
6
0
-1
6
14
8
-6
8
27
28
21
17
26
23
11
4
5
2
-10
-6
10
16
8
-7
-2
2
-14
-18
-4
-2
-9
-26
-18
8
10
9
15
21
22
16
15
11
8
11
16
22
31
42
50
35
22
19
5
-12
-29
-39
-42
-55
-61
-49
-41
-38
-34
-28
-12
-7
-15
-24
-18
-10
-21
-29
-35
-32
-32
-34
-15
14
15
-5
1
18
26
14
7
5
7
-2
0
12
12
10
13
31
47
54
44
34
37
23
4
-2
-1
7
-10
-20
-3
7
8
-7
-12
-16
-19
-9
8
15
16
14
-1
-5
-6
-13
-22
-33
-40
-42
-42
-35
-20
-9
6
8
-3
-6
-4
-8
-11
2
11
8
4
-1
-7
-3
12
34
46
39
40
49
47
31
12
-2
-6
-10
-14
-10
-7
-4
-15
-27
-16
-2
-5
-1
13
12
-5
-19
-13
3
2
-5
-1
8
-4
-22
-20
6
20
17
26
41
41
15
-5
-20
-29
-47
-52
-38
-34
-40
-36
-16
6
7
1
0
4
0
-15
-25
-13
-9
-6
4
20
31
23
35
53
49
26
16
20
19
23
32
40
50
56
51
32
11
-2
-1
-2
1
10
3
-19
-28
-8
2
-11
-7
4
0
-14
-15
-19
-34
-41
-45
-34
-38
-50
-51
-48
-37
-24
-14
-15
-28
-35
-30
-25
-17
-19
-16
-10
-8
0
12
13
20
31
27
12
0
4
20
33
26
23
27
23
19
13
11
8
0
-8
-2
15
15
1
10
37
43
31
25
16
4
-7
12
30
28
27
23
34
43
42
32
5
-1
1
-15
-27
-25
-19
-33
-47
-37
-27
-43
-54
-51
-46
-46
-37
-22
-25
-25
-30
-33
-34
-24
-9
-18
-24
-6
8
6
3
6
11
-4
-18
-10
-3
-4
3
19
29
39
34
16
12
13
14
23
30
37
26
1
-10
0
9
-4
-1
17
32
22
5
5
14
14
8
10
13
12
8
4
9
11
10
1
-5
2
-1
-5
-14
2
11
-1
5
17
18
7
4
16
9
7
14
16
9
-7
-15
-17
-11
-4
14
21
16
19
17
3
2
6
-8
-19
-16
-6
-13
-20
-21
-24
-28
-35
-28
-12
-9
-10
-13
-10
-6
-8
0
10
20
18
15
16
6
-5
-13
-12
-5
-2
-1
6
9
1
-22
-45
-58
-60
-59
-63
-54
-33
-33
-35
-22
-4
-1
-6
-10
-8
-7
-18
-27
-18
3
10
22
40
63
62
47
50
60
55
39
39
38
30
28
26
23
22
16
15
15
14
17
12
0
0
2
-17
-36
-28
-34
-57
-62
-44
-30
-35
-32
-18
-10
-15
-18
-2
1
7
4
4
22
23
18
12
17
26
32
31
16
14
9
0
0
0
0
0
4
3
-8
-1
11
5
-2
8
32
39
43
56
57
37
15
10
3
-13
-13
3
16
9
10
18
18
2
-9
2
-1
-6
-9
-9
-8
-9
1
4
-2
-18
-26
-31
-38
-38
-40
-36
-32
-32
-27
-27
-15
-9
-23
-24
-17
-6
-7
-10
-10
-9
-5
-20
-29
-22
-15
-19
-18
-14
-11
-4
4
6
0
-3
-19
-18
-10
-1
-2
-10
-8
10
14
1
-11
-12
-6
-13
-12
13
45
47
29
15
20
42
32
13
12
17
9
1
11
24
15
10
24
31
14
-3
1
11
11
7
7
9
23
20
13
13
22
18
23
28
19
12
-3
-9
-3
12
12
6
10
10
-8
-25
-35
-33
-43
-52
-55
-53
-46
-39
-15
11
11
-4
-12
-9
-9
-14
-22
-14
-5
-13
-2
13
6
-3
8
22
23
32
30
20
11
-3
2
7
12
15
2
-5
-18
-21
-17
-13
-15
-6
17
19
12
21
37
32
12
12
23
19
2
1
9
9
-3
0
26
40
25
15
23
21
-16
-43
-47
-48
-57
-74
-63
-46
-49
-48
-34
-13
-5
1
16
31
26
13
10
8
15
18
29
38
36
23
19
17
15
15
20
24
20
12
8
8
9
3
-22
-48
-60
-59
-47
-30
-8
10
11
14
24
18
6
-17
-26
-30
-41
-36
-30
-13
3
13
28
37
28
18
16
12
3
-7
-12
-31
-29
-11
3
9
1
8
8
11
3
-10
-14
-2
3
-6
-7
-3
8
1
-8
-11
0
7
28
27
8
4
-1
-1
-21
-25
-21
-12
0
-1
9
22
28
22
12
12
12
8
-13
-10
9
0
-6
-8
4
2
-14
-6
-2
-4
-8
-13
0
4
6
14
22
32
30
36
30
17
18
16
4
-2
9
3
2
7
10
15
18
24
20
23
11
11
8
16
24
23
19
11
22
13
7
11
15
7
-16
-25
-37
-56
-68
-83
-66
-45
-50
-35
-17
-11
-14
-37
-23
-15
-30
-31
-29
-9
-16
-18
-8
4
12
9
6
10
10
10
4
-10
8
5
0
-9
-6
5
-6
-15
-9
-6
-1
11
9
11
-4
2
-4
6
7
-12
1
-5
3
5
8
15
13
11
11
-7
-10
-1
0
2
-2
2
14
16
20
20
-4
-8
-13
-6
6
6
16
3
9
19
18
25
18
28
15
20
22
11
-4
-8
-1
-17
-27
-20
10
0
4
11
25
9
-6
-1
21
36
29
31
31
40
10
4
10
12
-1
-20
-4
-1
-3
-25
-18
4
-17
-26
-42
-23
-32
-41
-51
-32
-19
-10
7
7
32
7
19
15
25
19
26
27
14
13
-8
5
0
24
14
30
9
11
7
-11
12
6
15
-7
5
13
-7
-19
-26
-14
-39
-33
-34
-14
-12
-16
-16
-34
-27
-24
-12
-17
-12
-29
-17
-24
-23
-32
-21
-18
-22
-33
-30
-16
-16
-17
-36
-3
-5
8
18
1
18
-29
-3
-1
-11
9
8
63
35
40
28
36
18
17
16
17
15
6
35
22
43
18
30
32
33
42
14
23
24
8
9
-2
11
13
-9
-1
12
13
-12
-20
-15
-35
-42
-40
-22
-2
-4
-8
-7
-17
-12
-44
-26
-21
1
8
-15
9
26
26
13
14
33
21
-12
-13
-22
-18
-14
-15
0
0
38
38
32
35
17
31
21
25
28
7
16
10
14
16
-2
15
29
21
8
-23
-13
-16
-24
-4
-23
9
0
-32
-21
-24
-4
-28
-36
-33
-46
-48
-49
-42
-15
-50
-42
-59
-27
-17
-25
-9
-22
4
-19
-24
17
-7
16
7
47
36
23
29
16
23
33
35
28
38
25
30
-9
6
2
-37
-10
-29
-19
-14
-22
15
-27
-34
-18
-4
-4
44
41
70
75
30
25
-31
8
-11
3
20
-19
-4
-1
26
22
38
24
45
-13
20
-7
32
-10
38
11
34
39
41
62
-36
47
-59
-7
-81
-66
-89
-116
-50
-121
-52
-80
-1
-45
-53
-58
-61
-25
-51
7
22
51
45
44
47
20
21
29
-24
14
-4
33
67
2
96
-35
49
16
-36
-2
-105
8
-48
-30
-22
11
73
24
106
64
97
49
46
26
-26
-5
-10
55
2
22
14
77
54
65
57
42
22
3
-1
-3
31
51
63
34
57
40
35
-18
0
-3
-33
-52
-52
-69
-115
-45
-70
6
5
12
14
-27
-52
-137
-131
-130
-134
-133
-94
-47
-42
13
-37
17
-70
-48
-62
-94
-16
-42
-36
-53
-28
-15
6
36
69
45
104
75
71
71
36
71
1
20
55
72
43
72
33
34
20
-35
47
6
94
69
85
64
-15
44
-100
26
-58
-18
43
-62
25
-118
21
-19
-37
33
-17
-9
-81
-72
-40
-134
-114
-80
-67
38
-31
72
109
-12
97
-130
115
-64
32
-5
-21
36
-73
67
-18
89
36
49
47
-38
30
-44
33
45
63
86
76
135
117
85
55
28
26
-13
37
51
36
13
-1
-27
-8
-31
26
-60
12
-54
51
-111
11
27
-94
-9
-67
6
-105
-31
-22
-86
-66
-15
0
-46
-17
45
52
-37
50
-29
35
-18
79
-94
-7
-84
36
-58
-4
26
-137
89
-143
91
-179
40
-72
-46
35
-34
-6
-52
-95
-72
-121
11
17
-13
171
13
146
-15
29
119
-118
108
-9
57
66
-123
77
-61
-96
-89
-156
-23
-178
-5
17
11
18
-6
40
-62
42
51
-24
87
195
102
-39
123
87
-14
109
102
161
-114
178
89
-151
32
-124
67
-145
82
110
-82
137
21
145
33
120
85
-117
157
-8
43
120
23
59
-42
5
37
-187
59
-139
-17
-35
-121
-138
-235
-105
-91
-70
-97
16
-131
91
-60
-125
-65
-160
-32
-23
95
91
15
107
25
67
76
66
-58
-26
41
8
39
183
-5
-65
-2
78
137
-54
241
-99
-23
-111
11
-4
-205
61
-69
42
-112
48
-54
-158
-7
-95
177
-9
46
-29
-76
-77
-55
118
12
8
22
135
191
156
196
15
-58
-93
-102
-106
-67
0
-30
72
30
94
2
-127
-37
-135
13
99
57
92
-132
24
-10
6
-53
-42
17
-37
60
176
196
-86
13
-25
-100
93
-77
153
-92
23
195
-208
107
-121
62
51
86
45
-10
-164
-100
-365
-125
5
-125
-22
19
-20
-144
-32
188
-5
4
23
-19
-49
40
94
-103
-34
-42
-83
-107
147
147
6
209
136
151
34
82
62
-135
2
74
67
8
365
-222
95
183
22
178
-117
47
-225
-85
86
96
-53
-28
-70
-228
28
42
-139
-115
-245
-48
-205
8
83
-95
-204
-45
-90
-136
-23
-95
-108
-192
-73
122
-25
26
-63
-44
-59
-23
272
31
257
-37
-114
129
-246
241
-62
177
63
117
268
134
230
119
148
71
252
-63
210
-99
287
28
143
295
-11
243
-134
206
13
21
-66
25
85
-231
143
-105
120
-245
-41
-31
-343
107
-82
-9
-108
-61
-192
-48
-336
147
-83
-202
-164
-167
-104
-235
116
-122
-62
-24
-16
18
118
43
4
-72
183
-117
4
-10
-89
87
-89
161
-75
-18
-53
17
82
19
-49
41
-86
-120
77
-35
-40
-76
-71
93
12
229
42
117
123
-2
258
95
68
-135
-126
52
-134
8
-99
-62
-154
-35
35
-116
-36
-393
-174
-314
-249
-101
-327
-35
-273
-114
105
4
250
42
37
-98
-69
118
-67
171
83
-56
240
125
282
300
216
314
153
322
327
210
235
213
13
104
218
136
218
130
134
253
-7
192
114
103
294
82
33
-26
-21
-199
-142
-139
-22
-8
-52
98
-213
-45
-272
-16
-173
-206
67
-392
-57
-265
-11
-1
-78
92
-201
-223
-68
-147
-108
2
-298
-213
-166
-21
-45
-142
1
-274
-447
-90
-82
-157
-82
-272
40
-25
2
163
-163
-74
-134
36
135
51
281
140
205
301
316
315
301
105
114
195
135
39
-31
29
132
-123
89
9
-193
-63
-295
83
-281
-317
-166
-157
-35
-70
217
-45
151
117
1
100
110
86
45
42
128
-74
97
121
-71
24
-111
36
-81
-41
-66
-124
-90
-169
-209
-55
35
-213
210
172
-8
292
100
151
11
111
218
-73
141
8
69
67
-87
66
-83
-69
81
48
167
87
78
276
-73
239
1
27
157
1
145
-74
139
-143
-102
-123
-152
-7
-126
26
-27
-148
46
-83
-73
-65
-78
36
-65
24
0
-77
-27
40
-8
-95
-3
-70
66
77
137
24
-93
61
-97
-51
-169
-15
-88
-156
20
-136
-25
-116
-73
-120
-35
-176
-91
-116
-281
-227
-407
-75
-192
-100
109
33
279
127
126
58
113
49
81
180
34
144
155
266
256
162
74
104
-31
-6
-109
-95
-23
-102
47
79
92
17
-68
-23
-89
-29
79
-63
132
-51
12
58
-113
51
-114
-4
39
10
99
38
55
98
112
122
161
136
132
51
73
38
-58
-11
31
-59
-110
41
-46
73
50
108
167
16
97
-6
75
95
80
32
-40
15
-48
-145
-141
-16
69
67
34
106
-69
-7
-12
31
-2
-106
-114
-198
-98
-259
-328
-449
-470
-414
-421
-433
-498
-449
-407
-338
-210
-83
-176
-103
26
-16
34
-21
36
137
204
398
300
324
288
227
253
146
13
-83
-72
-174
-120
-17
74
77
43
209
232
258
290
357
357
289
395
338
365
279
200
229
218
336
203
41
46
54
-64
-131
102
144
173
206
313
403
172
153
128
157
218
177
139
87
17
29
67
0
-179
-373
-493
-454
-481
-564
-495
-453
-401
-301
-221
-133
-160
-225
-156
-123
-249
-288
-160
-149
-88
61
156
248
236
293
202
18
-133
-395
-501
-535
-597
-588
-497
-357
-324
-342
-350
-364
-460
-555
-536
-675
-743
-598
-327
-212
-173
-66
-33
-176
-269
-308
-281
-118
184
726
1348
1870
2357
2954
3227
3307
3293
3074
2619
2022
1559
1051
585
219
-17
-191
-450
-550
-678
-1010
-1488
-2026
-2536
-3050
-3493
-3660
-3523
-3312
-3127
-2783
-2282
-1887
-1574
-1277
-1035
-753
-566
-693
-655
-465
-388
-251
-169
-50
148
583
1536
2401
2826
3173
3803
4424
4707
4755
4493
4143
3600
3187
2763
2059
1429
962
791
717
396
-82
-506
-801
-1262
-1865
-2484
-3295
-3927
-4238
-4180
-3919
-3560
-2921
-2214
-1343
-636
-270
-79
-109
-255
-552
-853
-1107
-1267
-1328
-1281
-1050
-754
-425
-54
202
203
50
266
858
1118
1206
1738
2514
3175
3798
4313
4412
4188
3881
3605
2911
1952
1106
522
342
76
-282
-682
-950
-900
-1123
-1612
-2157
-2654
-3081
-3305
-3274
-3248
-3169
-2906
-2317
-1717
-1304
-771
-450
-415
-384
-385
-623
-839
-940
-1201
-1388
-1579
-1659
-1537
-1409
-1288
-1265
-1062
-296
716
1422
1985
2946
3851
4478
5029
5150
4739
4218
3973
3660
2981
2224
1611
1251
1220
1100
675
72
-367
-483
-961
-1885
-2777
-3274
-3455
-3495
-3475
-3355
-2964
-2391
-1627
-908
-492
-366
-345
-54
47
-490
-1158
-1419
-1390
-1452
-1754
-2025
-1916
-1629
-1514
-1394
-1140
-1068
-579
712
1893
2297
2699
3647
4609
5303
5602
5296
4714
4370
4128
3415
2376
1635
1057
680
605
236
-546
-1050
-1049
-1060
-1547
-2337
-3002
-3450
-3489
-3290
-3314
-3289
-2896
-2324
-1715
-1234
-901
-642
-421
-152
-95
-446
-818
-921
-924
-1116
-1651
-2141
-2185
-1853
-1601
-1414
-1278
-1134
-301
875
1665
2001
2722
3898
4801
5324
5400
4815
4086
3860
3741
3051
2119
1427
1109
1142
1033
305
-518
-740
-740
-1049
-1684
-2386
-3078
-3506
-3521
-3408
-3352
-3207
-2701
-1918
-1096
-678
-541
-394
-221
-179
-619
-1245
-1618
-1828
-2034
-2235
-2363
-2393
-2237
-1891
-1570
-1396
-1421
-1182
-103
1278
1946
2212
3281
4835
5763
6131
6217
5810
5049
4729
4392
3358
2023
1153
938
926
669
-144
-862
-1011
-1138
-1643
-2257
-2858
-3389
-3618
-3647
-3676
-3579
-3137
-2386
-1607
-957
-633
-498
-148
68
-99
-361
-629
-849
-1056
-1321
-1571
-1863
-1989
-1886
-1733
-1833
-2011
-2001
-1764
-836
611
1689
2233
3235
4758
5934
6515
6753
6552
5915
5484
4991
3954
2645
1603
1162
965
527
-125
-562
-720
-913
-1501
-2278
-2876
-3355
-3842
-4138
-4228
-4163
-3871
-3218
-2323
-1685
-1133
-599
-239
8
-14
-247
-597
-997
-1519
-2029
-2337
-2642
-2808
-2793
-2683
-2436
-2153
-2077
-2050
-1418
-83
1242
1969
2833
4244
5487
6318
6806
6768
6152
5605
5433
4836
3620
2451
1650
1190
884
217
-747
-1276
-1252
-1581
-2482
-3272
-3660
-3694
-3743
-3904
-3831
-3265
-2487
-1945
-1540
-1067
-578
-213
-5
49
-163
-671
-1082
-1099
-1187
-1801
-2471
-2695
-2629
-2746
-3024
-2941
-2493
-2144
-1957
-1022
704
1961
2717
4046
5871
7128
7713
7928
7583
6848
6138
5414
4251
2762
1341
343
-9
-357
-1160
-1988
-2202
-1990
-2142
-2678
-3288
-3659
-3747
-3744
-3738
-3481
-2778
-1908
-1117
-425
267
918
1364
1500
1239
651
-99
-744
-1259
-1779
-2392
-2908
-3052
-3042
-3138
-3336
-3232
-2872
-2780
-2575
-1442
317
1604
2447
3906
5737
7015
7811
8224
7922
7231
6667
5729
4114
2305
885
-16
-495
-1010
-1843
-2557
-2740
-2649
-2705
-2965
-3439
-3779
-3785
-3764
-3989
-3874
-3173
-2353
-1693
-1058
-223
665
1170
1183
1044
683
-65
-911
-1601
-2383
-3267
-3782
-3805
-3566
-3410
-3303
-2892
-2170
-1760
-1667
-690
1154
2688
3450
4546
6441
8142
9110
9287
8836
8203
7724
6918
5267
3193
1349
39
-901
-1708
-2553
-3309
-3508
-3272
-3266
-3705
-4320
-4594
-4252
-3795
-3858
-3975
-3193
-1932
-1069
-533
110
822
1398
1647
1443
834
3
-779
-1464
-2274
-3185
-3727
-3863
-3771
-3587
-3408
-3253
-2963
-2559
-2499
-2038
-458
1471
2691
3743
5589
7587
8982
9703
9650
8912
8117
7242
5605
3327
1245
-333
-1409
-2170
-2930
-3717
-4065
-3649
-3152
-3152
-3482
-3579
-3311
-3098
-3158
-3359
-3038
-2018
-914
-108
529
1319
2052
2446
2269
1596
620
-509
-1563
-2630
-3616
-4235
-4303
-4037
-3675
-3344
-3026
-2608
-2113
-1947
-1992
-1224
535
2323
3186
4220
6361
8602
10169
10868
10630
9754
8878
7709
5521
2741
209
-1643
-2939
-3863
-4702
-5483
-5509
-4764
-4109
-4115
-4290
-3997
-3409
-3117
-3231
-3359
-3064
-2288
-1393
-653
67
1013
1890
2253
2080
1654
969
-89
-1313
-2493
-3620
-4440
-4806
-4758
-4362
-3879
-3319
-2609
-1787
-1304
-1108
93
2307
3975
4603
5637
7814
9865
10872
10897
10361
9608
8579
6886
4481
1878
-631
-2633
-3801
-4555
-5543
-6378
-6113
-4969
-4159
-4172
-4293
-3835
-3185
-2967
-3137
-3104
-2253
-1118
-377
131
1026
2085
2553
2426
2046
1433
483
-679
-1822
-2969
-4131
-4852
-4835
-4401
-4096
-3900
-3340
-2387
-1559
-1532
-1662
-485
1876
3700
4438
5815
8297
10558
11745
11862
11126
9868
8448
6416
3551
522
-2200
-4144
-5089
-5527
-6049
-6476
-5936
-4654
-3857
-3853
-3952
-3494
-2732
-2590
-3054
-2962
-1702
-268
482
945
1960
3281
3844
3473
2644
1651
264
-1449
-2809
-3923
-5097
-5741
-5316
-4432
-3993
-3839
-3181
-2083
-1465
-1631
-1898
-1038
951
2696
3723
5017
7449
10213
12182
12949
12488
11215
9647
7730
4900
1324
-2012
-4368
-5756
-6432
-6851
-7268
-6926
-5495
-4130
-3591
-3475
-3073
-2453
-2101
-2058
-2215
-1870
-736
440
1207
1789
2688
3324
3210
2601
1639
439
-1023
-2490
-3828
-4942
-5565
-5604
-5152
-4684
-4192
-3376
-2414
-1418
-759
-732
-724
388
2490
4184
5166
6560
8850
11022
12115
11898
10630
9035
7308
4893
1647
-1705
-4546
-6580
-7709
-8143
-8224
-7805
-6499
-4683
-3287
-2608
-2170
-1534
-680
-384
-919
-1187
-353
903
1573
1882
2631
3767
4468
4193
3142
1807
376
-1184
-2767
-4196
-5286
-5801
-5696
-5176
-4591
-3990
-3086
-1867
-807
-460
-745
-629
811
2896
4248
4964
6431
8838
10782
11392
10887
9788
8396
6483
3616
34
-3275
-5813
-7569
-8428
-8714
-8806
-8135
-6319
-4259
-2875
-2066
-1283
-298
568
657
14
-221
622
1853
2495
2519
2878
3805
4364
3835
2531
1080
-450
-2136
-3897
-5397
-6305
-6576
-6166
-5278
-4407
-3687
-2860
-1596
-374
-111
-550
-376
1241
3173
4110
4606
6220
8789
10629
11062
10465
9465
8072
5905
2864
-501
-3454
-5792
-7366
-7999
-8054
-7813
-6859
-4995
-2899
-1551
-963
-293
756
1424
1008
243
359
1260
1773
1684
1786
2496
3192
3063
2214
1158
157
-1112
-2768
-4340
-5451
-6149
-6304
-5716
-4719
-3887
-3257
-2236
-834
103
247
123
470
1570
2786
3560
4351
5917
7916
9269
9810
9849
9213
7652
5405
2770
-194
-3161
-5660
-7245
-7877
-7996
-7791
-6776
-4767
-2655
-1205
-290
618
1422
1603
1165
558
202
102
78
223
606
1005
1338
1555
1471
936
-63
-1233
-2398
-3578
-4680
-5538
-5968
-5856
-5256
-4417
-3486
-2422
-1176
76
926
1321
1617
2183
3188
4144
4799
5617
6931
8275
9043
9243
8788
7691
6085
4112
1824
-776
-3377
-5348
-6207
-6322
-6295
-5954
-4694
-2748
-958
153
738
1202
1617
1594
907
51
-497
-697
-805
-881
-748
-326
157
295
51
-390
-1013
-1843
-2783
-3726
-4658
-5416
-5690
-5291
-4433
-3648
-2986
-2027
-763
151
500
704
1175
2001
2873
3603
4332
5346
6730
8010
8711
8721
8088
7037
5721
4055
2016
-326
-2541
-3863
-4276
-4357
-4383
-3952
-2811
-1417
-352
124
368
605
676
269
-536
-1164
-1342
-1349
-1404
-1304
-1031
-681
-403
-282
-491
-1028
-1685
-2399
-3178
-4017
-4759
-5194
-5080
-4486
-3873
-3459
-2903
-1901
-844
-357
-193
52
532
1471
2622
3621
4543
5707
7261
8583
9138
8895
8078
6997
5728
3947
1629
-628
-2181
-3042
-3645
-3983
-3872
-3218
-2309
-1383
-676
-437
-445
-424
-430
-683
-1291
-1854
-1890
-1542
-1145
-885
-465
305
900
967
676
284
-294
-1265
-2406
-3307
-3995
-4576
-4793
-4531
-3984
-3449
-2938
-2272
-1503
-932
-689
-631
-412
312
1352
2405
3376
4509
5949
7346
8235
8442
8090
7358
6361
4921
2970
909
-835
-2000
-2634
-3170
-3647
-3596
-2900
-2019
-1499
-1475
-1504
-1307
-1137
-1234
-1528
-1659
-1413
-929
-401
55
519
1211
1888
2079
1676
1076
534
-175
-1307
-2588
-3500
-3909
-4148
-4436
-4456
-4113
-3598
-3073
-2603
-2195
-1789
-1408
-938
-79
1159
2447
3685
5101
6684
8085
8899
9036
8681
7904
6626
4909
3060
1153
-776
-2381
-3392
-3952
-4471
-4856
-4740
-4135
-3622
-3575
-3578
-3193
-2604
-2309
-2337
-2123
-1455
-603
195
815
1394
1999
2460
2657
2425
1718
789
-180
-1168
-2271
-3384
-4202
-4583
-4614
-4506
-4290
-3882
-3191
-2374
-1723
-1265
-809
-141
883
2137
3313
4435
5674
7110
8495
9418
9665
9269
8503
7471
5969
3995
1802
-265
-1927
-3243
-4325
-5079
-5416
-5212
-4584
-4041
-3684
-3281
-2822
-2294
-1818
-1607
-1469
-1018
-369
281
815
1283
1840
2178
2113
1721
1049
227
-834
-2161
-3471
-4512
-5184
-5675
-5892
-5603
-4997
-4198
-3246
-2326
-1432
-572
156
763
1221
1853
2808
3971
5133
6203
7422
8701
9689
9943
9400
8531
7436
5840
3623
910
-1642
-3481
-4784
-5825
-6611
-6844
-6230
-5058
-4009
-3378
-2753
-1972
-1241
-788
-776
-743
-359
223
860
1275
1619
2114
2559
2670
2231
1310
194
-988
-2378
-3942
-5269
-5959
-6210
-6092
-5645
-4809
-3409
-1969
-791
171
971
1603
1891
1985
2275
2940
3694
4336
5275
6580
7904
8793
8947
8648
7934
6634
4779
2466
-93
-2488
-4325
-5540
-6288
-6706
-6598
-5631
-4214
-3114
-2334
-1501
-583
99
191
-18
0
264
457
549
786
1117
1367
1369
1046
516
-272
-1346
-2595
-3925
-5186
-6145
-6637
-6639
-6168
-5429
-4408
-3103
-1714
-475
490
1186
1676
1996
2063
2315
3039
3909
4682
5510
6634
7939
8939
9077
8583
7780
6571
4831
2539
97
-2130
-3886
-5058
-5713
-5987
-5830
-4953
-3567
-2257
-1391
-668
133
744
845
454
180
267
376
274
192
353
633
656
250
-283
-847
-1635
-2687
-3779
-4692
-5342
-5609
-5459
-4881
-4060
-3204
-2168
-966
63
735
1176
1579
1988
2131
2193
2730
3709
4724
5536
6548
7850
8930
9196
8544
7561
6362
4645
2402
-136
-2435
-4095
-5288
-6073
-6330
-6028
-5182
-3998
-2827
-1878
-1117
-419
123
353
199
-119
-175
36
228
203
289
628
927
852
260
-510
-1314
-2259
-3411
-4549
-5320
-5626
-5635
-5342
-4757
-3821
-2677
-1636
-755
-235
151
460
609
647
584
910
1810
3032
4316
5462
6715
8055
8921
8884
8050
6894
5472
3429
965
-1442
-3368
-4595
-5419
-5790
-5634
-4919
-3667
-2298
-1147
-392
125
612
961
987
638
332
402
658
915
1078
1382
1759
1800
1459
789
0
-929
-2123
-3397
-4442
-5002
-5143
-5105
-4723
-4036
-3124
-2007
-1048
-249
366
764
1018
1073
1133
1266
1751
2698
3714
4682
5691
6840
7920
8385
7966
6866
5471
3902
1857
-635
-2971
-4690
-5708
-6253
-6403
-5999
-5023
-3732
-2430
-1257
-314
400
971
1314
1338
1161
987
1014
1104
1035
906
950
1066
871
160
-705
-1461
-2310
-3360
-4530
-5304
-5556
-5498
-5227
-4709
-3775
-2639
-1536
-604
147
782
1292
1631
1770
1753
1788
2277
3214
4247
5060
5746
6619
7455
7704
7083
5992
4747
3285
1393
-815
-2798
-4145
-4985
-5627
-5826
-5451
-4460
-3116
-1883
-837
12
804
1414
1667
1479
940
504
264
88
-130
-460
-565
-400
-435
-873
-1480
-1962
-2473
-3250
-4078
-4625
-4685
-4502
-4234
-3639
-2679
-1455
-254
752
1655
2384
2878
3206
3301
3160
2884
2940
3478
4040
4334
4615
5295
6163
6435
5947
5166
4367
3440
1925
-2
-1880
-3302
-4205
-4844
-5112
-4959
-4369
-3423
-2327
-1314
-562
2
483
731
608
138
-272
-378
-526
-952
-1417
-1521
-1278
-1204
-1630
-2193
-2494
-2667
-3110
-3749
-4184
-4210
-3920
-3579
-3124
-2311
-1218
17
1117
1872
2397
2694
2926
2983
2687
2190
1938
2279
2804
3161
3447
4045
5115
6024
6201
5717
5115
4584
3676
2134
265
-1352
-2399
-3070
-3597
-3819
-3611
-2904
-1856
-934
-351
-41
219
441
358
-190
-916
-1362
-1552
-1784
-2118
-2289
-2054
-1735
-1640
-1777
-1942
-1989
-2163
-2476
-2816
-2928
-2729
-2385
-1886
-1266
-551
317
1166
1707
1883
1772
1613
1428
1001
372
-125
-101
405
1068
1751
2557
3660
4886
5783
6054
5736
5084
4239
3109
1564
-190
-1768
-2870
-3498
-3799
-3776
-3444
-2738
-1812
-983
-386
-12
260
383
233
-261
-744
-949
-1084
-1254
-1422
-1381
-1040
-647
-487
-582
-692
-804
-996
-1279
-1632
-1921
-1973
-1790
-1497
-1103
-688
-170
425
753
660
360
129
-43
-304
-754
-1149
-974
-167
917
1982
2935
4058
5401
6495
6908
6520
5635
4603
3365
1689
-242
-1999
-3185
-3756
-3991
-3986
-3648
-2827
-1774
-873
-266
69
202
115
-172
-617
-1196
-1639
-1737
-1636
-1477
-1256
-843
-205
375
605
554
484
423
140
-396
-929
-1246
-1214
-1054
-893
-613
-227
175
379
321
16
-457
-857
-1111
-1334
-1533
-1581
-1067
165
1575
2830
3893
4955
6092
6741
6472
5413
4054
2673
1078
-669
-2288
-3538
-4130
-4125
-3655
-2917
-2138
-1150
-24
813
1067
765
367
37
-428
-1206
-2003
-2218
-1924
-1497
-1103
-685
-17
699
1073
1081
734
163
-457
-1058
-1664
-2317
-2715
-2713
-2382
-1852
-1447
-990
-336
250
487
268
-70
-194
-244
-432
-730
-800
-167
1074
2362
3231
3855
4565
5279
5663
5116
3765
2357
1070
-74
-1199
-2440
-3243
-3096
-2327
-1468
-739
-100
734
1637
1967
1493
706
-81
-771
-1354
-2045
-2590
-2508
-1974
-1210
-478
10
569
1143
1398
1108
412
-348
-926
-1390
-2007
-2583
-2721
-2390
-1703
-941
-327
352
1049
1505
1654
1373
797
383
125
-249
-766
-1221
-1177
-344
797
1623
2269
2922
3733
4438
4366
3509
2394
1370
404
-502
-1436
-2305
-2515
-2093
-1422
-715
-330
-23
452
706
362
-487
-1470
-2218
-2571
-2806
-3006
-2804
-2056
-956
206
1016
1467
1980
2329
2154
1468
414
-552
-1182
-1696
-2158
-2388
-2240
-1660
-780
-13
476
853
1213
1470
1302
715
-64
-660
-998
-1397
-1747
-1884
-1579
-576
670
1770
2651
3399
4266
5018
5146
4323
3014
2001
1255
443
-649
-1740
-2053
-1628
-1037
-572
-465
-421
-100
200
8
-747
-1664
-2248
-2181
-1940
-2032
-1954
-1320
-235
800
1138
1010
983
1062
763
-54
-1136
-2045
-2311
-2176
-2073
-1921
-1597
-890
137
883
1096
932
692
528
123
-745
-1760
-2261
-2153
-1906
-1749
-1642
-1057
380
1957
2983
3445
3680
4195
4715
4531
3464
1985
865
247
-185
-873
-1697
-1882
-1314
-449
78
36
-14
284
587
361
-390
-1157
-1463
-1226
-912
-813
-628
-157
619
1407
1613
1327
976
693
400
-254
-1133
-1756
-1834
-1589
-1415
-1207
-835
-291
276
504
315
-157
-571
-702
-900
-1378
-1898
-2048
-1641
-1080
-775
-686
-472
278
1272
1967
2212
2236
2484
2961
3263
2973
2084
1256
960
896
614
24
-379
-169
452
1013
1020
653
442
478
447
-120
-1121
-1977
-2269
-2077
-1874
-1795
-1544
-921
-55
591
679
379
103
18
-122
-623
-1361
-1933
-2007
-1670
-1387
-1341
-1356
-1133
-701
-435
-531
-925
-1252
-1308
-1286
-1383
-1647
-1754
-1399
-881
-579
-607
-640
-65
1016
1984
2439
2566
2977
3837
4581
4594
3847
2992
2549
2444
2194
1378
524
239
596
1213
1388
1027
612
535
594
291
-489
-1409
-1884
-1753
-1495
-1419
-1340
-1001
-273
420
595
281
-167
-450
-688
-1013
-1561
-2196
-2510
-2420
-2101
-1859
-1871
-1892
-1659
-1369
-1298
-1517
-1858
-2001
-1856
-1596
-1440
-1397
-1315
-1072
-624
-311
-249
-81
493
1474
2468
3064
3435
3871
4303
4538
4160
3230
2177
1455
1207
1035
694
440
804
1731
2578
2857
2565
2126
1772
1263
391
-831
-2054
-2719
-2697
-2261
-1802
-1486
-1100
-435
330
697
402
-313
-1052
-1588
-2018
-2482
-2934
-3271
-3282
-2883
-2320
-1941
-1866
-1876
-1754
-1544
-1474
-1689
-1929
-1871
-1518
-1123
-878
-719
-381
57
428
670
907
1374
2035
2720
3167
3395
3643
4006
4330
4330
3957
3502
3270
3271
3231
2989
2760
2720
2769
2583
1932
910
-227
-1273
-2266
-3150
-3918
-4481
-4557
-4097
-3245
-2303
-1539
-971
-493
-185
-74
-234
-696
-1294
-1795
-1998
-1944
-1766
-1697
-1607
-1272
-789
-400
-361
-596
-809
-913
-998
-1058
-1080
-1053
-880
-570
-348
-328
-506
-721
-731
-621
-439
63
876
1817
2712
3519
4300
5025
5485
5401
4901
4264
3659
3239
2936
2528
2067
1717
1614
1636
1343
492
-767
-2006
-2978
-3647
-4097
-4407
-4438
-4067
-3212
-2045
-900
-134
167
138
-127
-597
-1319
-2150
-2818
-3116
-3005
-2565
-2056
-1533
-965
-386
62
168
-84
-550
-919
-1112
-1107
-840
-480
-36
530
1124
1632
1868
1777
1422
892
391
234
548
1168
1933
2726
3557
4434
5205
5579
5357
4581
3488
2491
1844
1357
876
407
-13
-161
-134
-286
-839
-1815
-2976
-3930
-4413
-4574
-4564
-4390
-3954
-3143
-2023
-945
-203
88
-52
-371
-695
-1002
-1311
-1550
-1605
-1374
-866
-295
202
458
446
332
206
76
-174
-471
-634
-473
68
732
1243
1435
1285
946
564
85
-581
-1362
-1972
-2038
-1333
16
1644
3248
4587
5550
6106
6350
6104
5167
3638
1895
572
-63
-139
-9
16
-112
-308
-424
-663
-1340
-2541
-4038
-5245
-5730
-5548
-4972
-4195
-3329
-2371
-1365
-471
102
172
-247
-884
-1395
-1573
-1426
-923
-229
450
1091
1667
2138
2276
1936
1192
326
-273
-555
-597
-457
-219
185
652
1063
1327
1249
750
48
-586
-972
-1119
-1060
-642
193
1462
2983
4347
5289
5622
5334
4642
3710
2668
1567
443
-438
-812
-636
-147
300
417
67
-666
-1651
-2745
-3790
-4699
-5414
-5680
-5334
-4417
-3111
-1761
-574
335
833
929
752
425
13
-307
-362
-107
460
1072
1651
2159
2390
2235
1730
1022
198
-592
-1175
-1447
-1426
-1105
-552
96
683
986
981
690
180
-468
-1182
-1796
-2192
-2370
-2298
-1887
-1059
31
1173
2152
2715
2858
2658
2390
2172
1896
1636
1421
1339
1444
1623
1776
1751
1384
631
-390
-1501
-2519
-3289
-3714
-3805
-3569
-3066
-2384
-1521
-649
41
416
430
222
-16
-78
80
436
899
1384
1908
2387
2715
2931
2829
2262
1449
537
-338
-1076
-1574
-1727
-1675
-1562
-1456
-1330
-1171
-1102
-1153
-1455
-2007
-2662
-3267
-3619
-3623
-3322
-2835
-2215
-1356
-160
1277
2790
4083
4908
5238
5135
4847
4457
3971
3405
2721
2100
1642
1359
1277
1218
983
446
-401
-1390
-2327
-3053
-3496
-3687
-3658
-3467
-3060
-2341
-1460
-554
206
799
1188
1349
1424
1550
1763
1955
2009
1960
1833
1600
1337
1034
627
112
-546
-1256
-1869
-2310
-2600
-2798
-2924
-3081
-3228
-3337
-3351
-3291
-3223
-3114
-3025
-2863
-2520
-1950
-1121
-217
620
1414
2236
3096
3921
4618
5058
5169
4950
4519
4075
3686
3389
3208
3058
2907
2542
2103
1702
1244
710
-111
-1108
-2095
-2896
-3299
-3308
-3000
-2534
-2042
-1530
-998
-516
-217
-183
-376
-715
-1055
-1321
-1422
-1339
-1153
-864
-566
-272
-87
-122
-286
-557
-877
-1237
-1594
-1891
-2063
-2037
-1847
-1565
-1238
-915
-624
-481
-534
-652
-761
-887
-1046
-1174
-1204
-1122
-925
-579
13
873
1911
3008
4057
4881
5309
5391
5332
5213
4946
4430
3895
3437
3029
2684
2383
2124
1782
1247
558
-232
-1168
-2154
-2984
-3540
-3867
-4053
-4112
-3964
-3663
-3371
-3119
-2828
-2432
-2044
-1747
-1418
-991
-514
33
654
1173
1412
1453
1342
1135
775
288
-173
-603
-968
-1292
-1529
-1660
-1697
-1673
-1628
-1505
-1399
-1417
-1466
-1426
-1309
-1217
-1009
-670
-255
137
606
1281
2028
2826
3710
4629
5349
5722
5833
5669
5241
4630
4028
3542
3058
2596
2125
1665
1185
534
-235
-1030
-1851
-2784
-3721
-4446
-4946
-5209
-5162
-4771
-4204
-3664
-3176
-2691
-2316
-2092
-1893
-1647
-1481
-1380
-1154
-809
-398
59
505
932
1251
1348
1275
1160
993
730
467
254
79
-86
-299
-422
-462
-580
-698
-772
-801
-784
-709
-571
-401
-161
172
499
756
1000
1281
1611
2038
2579
3190
3827
4359
4673
4637
4306
3811
3245
2647
2143
1772
1498
1252
980
656
236
-301
-866
-1471
-2121
-2780
-3467
-4092
-4449
-4582
-4545
-4316
-3941
-3586
-3407
-3303
-3103
-2758
-2359
-1862
-1197
-471
217
882
1506
1966
2249
2364
2285
2071
1677
1162
616
104
-302
-559
-688
-719
-737
-823
-894
-898
-885
-817
-636
-367
-106
138
331
527
681
737
854
1051
1345
1777
2280
2778
3215
3521
3620
3478
3161
2772
2363
2033
1884
1855
1801
1734
1611
1333
844
226
-465
-1248
-2109
-2874
-3492
-3925
-4098
-4096
-3922
-3652
-3359
-3090
-2955
-2979
-3079
-3078
-2857
-2392
-1717
-916
-109
572
1095
1500
1733
1770
1667
1532
1378
1157
967
952
1101
1223
1270
1278
1166
831
347
-46
-307
-511
-623
-619
-521
-448
-409
-341
-264
-244
-333
-377
-266
-41
316
917
1690
2458
3058
3462
3602
3470
3072
2620
2219
1801
1414
1166
1032
888
676
314
-213
-802
-1380
-1989
-2647
-3303
-3806
-4146
-4285
-4247
-4080
-3880
-3709
-3475
-3253
-3058
-2769
-2304
-1752
-1170
-571
26
625
1149
1554
1853
2169
2455
2623
2742
2841
2850
2703
2571
2522
2341
1904
1384
926
433
-99
-476
-700
-925
-1102
-1167
-1107
-1087
-1105
-1093
-1065
-1014
-845
-489
-63
472
1127
1826
2483
2994
3264
3215
2944
2510
2073
1758
1562
1428
1326
1301
1280
1031
626
253
-239
-988
-1790
-2433
-2909
-3272
-3508
-3553
-3483
-3479
-3497
-3466
-3440
-3445
-3374
-3135
-2672
-2052
-1457
-862
-157
513
951
1194
1377
1484
1480
1514
1711
1943
2137
2375
2633
2778
2728
2505
2152
1686
1194
742
375
168
137
150
55
-106
-287
-546
-821
-967
-1086
-1239
-1330
-1246
-933
-495
-56
395
763
962
1000
937
830
743
708
750
933
1193
1378
1483
1516
1402
1084
592
-14
-594
-1088
-1515
-1836
-2008
-2080
-2123
-2201
-2290
-2391
-2534
-2653
-2681
-2631
-2527
-2267
-1874
-1381
-877
-431
-43
292
582
805
963
1052
1166
1380
1678
2022
2309
2488
2535
2467
2273
1973
1662
1330
988
607
270
-8
-261
-432
-513
-521
-509
-515
-502
-461
-414
-301
-130
36
205
405
541
569
579
619
692
697
762
874
899
838
733
648
502
336
147
-43
-186
-345
-488
-571
-566
-583
-648
-687
-706
-820
-1029
-1150
-1178
-1211
-1285
-1244
-1089
-1011
-1009
-959
-847
-817
-876
-881
-817
-733
-683
-577
-343
-127
-14
53
194
328
349
369
409
470
547
640
769
917
1065
1179
1243
1259
1237
1154
996
872
779
630
433
337
380
438
422
371
302
184
61
-48
-124
-193
-234
-221
-192
-144
-110
-92
-64
17
81
20
-96
-171
-241
-389
-531
-635
-734
-838
-905
-906
-881
-893
-909
-884
-826
-738
-666
-571
-447
-386
-355
-290
-193
-102
-29
49
120
168
220
268
293
338
430
499
518
589
751
858
860
891
1018
1074
988
918
887
769
558
384
291
221
94
-2
-6
-12
-63
-153
-199
-187
-223
-319
-368
-354
-388
-519
-570
-537
-547
-626
-641
-582
-596
-641
-613
-473
-322
-264
-205
-55
100
183
247
327
336
267
200
209
219
163
126
141
130
18
-62
-80
-106
-158
-199
-218
-263
-281
-208
-123
-60
31
111
171
206
206
185
172
204
281
363
453
528
571
612
630
580
463
351
270
218
159
125
145
92
6
-31
-24
-56
-107
-114
-126
-145
-144
-152
-137
-142
-172
-219
-244
-243
-294
-332
-290
-219
-173
-122
-29
68
135
157
135
53
-73
-160
-268
-436
-521
-487
-413
-370
-288
-147
-73
-48
-24
-20
-74
-122
-154
-175
-179
-184
-195
-205
-206
-220
-241
-260
-258
-229
-198
-155
-138
-134
-150
-174
-159
-120
-77
-51
-44
11
87
133
182
240
299
321
359
410
430
425
403
414
466
532
509
442
441
462
435
357
328
366
337
264
267
315
267
157
163
245
284
268
284
340
352
265
165
176
221
205
160
152
190
185
149
153
149
56
-125
-276
-406
-528
-640
-731
-773
-792
-809
-846
-843
-802
-795
-856
-900
-877
-874
-925
-920
-836
-772
-726
-639
-529
-435
-313
-194
-88
39
161
219
261
360
440
442
438
552
691
732
737
802
868
801
714
701
713
726
788
870
879
831
793
767
793
831
798
722
655
614
526
371
244
205
159
84
26
-7
-93
-242
-377
-485
-567
-655
-731
-784
-816
-875
-959
-1020
-995
-948
-973
-995
-969
-924
-944
-949
-860
-755
-738
-748
-659
-567
-546
-599
-584
-449
-313
-264
-207
-45
112
139
177
328
471
520
535
615
706
692
641
676
733
756
771
810
877
939
1000
1038
1069
1134
1119
1021
916
852
741
569
470
438
369
263
220
181
108
42
-25
-158
-334
-495
-666
-839
-914
-926
-962
-1010
-1001
-978
-1024
-1049
-964
-858
-839
-853
-809
-745
-707
-649
-520
-370
-254
-192
-112
-39
-5
-19
-52
-4
95
120
73
98
195
232
235
309
425
497
535
603
695
791
845
863
897
946
936
901
937
999
1027
982
908
867
799
669
547
484
449
373
247
105
-36
-179
-337
-466
-550
-600
-630
-715
-796
-815
-880
-965
-989
-942
-910
-899
-836
-761
-701
-691
-695
-663
-606
-528
-473
-390
-285
-192
-123
-95
-35
43
64
27
38
51
-17
-62
-24
22
29
35
56
107
147
138
139
196
284
313
282
287
333
343
331
396
499
556
572
596
581
510
464
461
464
452
412
318
224
203
131
-7
-83
-79
-116
-219
-237
-210
-235
-276
-247
-212
-280
-325
-307
-310
-334
-319
-296
-290
-213
-116
-125
-172
-100
-22
-45
-25
71
129
102
78
73
3
-97
-151
-177
-248
-282
-254
-301
-309
-188
-109
-146
-101
18
-12
-79
5
149
222
302
440
563
617
679
757
790
791
810
770
657
607
545
393
285
326
324
203
145
170
117
-36
-134
-162
-231
-313
-348
-381
-426
-487
-537
-586
-597
-612
-669
-678
-575
-501
-558
-562
-461
-384
-416
-457
-413
-359
-398
-435
-356
-263
-227
-242
-249
-186
-157
-211
-219
-131
-33
-13
-4
71
171
199
199
248
346
465
543
593
711
834
816
756
761
760
675
604
618
640
609
526
473
413
330
274
194
72
-30
-127
-283
-400
-396
-426
-513
-525
-487
-489
-584
-610
-546
-560
-666
-725
-708
-711
-682
-581
-477
-353
-215
-131
-89
-7
54
10
-46
16
89
25
7
117
220
246
285
402
521
543
535
553
535
468
387
316
292
330
349
332
386
447
452
411
372
385
360
268
196
169
136
75
26
21
36
21
-41
-91
-121
-196
-290
-360
-386
-417
-490
-529
-509
-513
-552
-570
-566
-563
-553
-533
-516
-483
-421
-348
-294
-250
-193
-161
-157
-154
-106
-39
2
42
93
164
211
219
252
325
366
341
357
436
474
455
435
455
460
397
336
355
384
358
328
343
375
358
314
270
253
197
109
58
17
-24
-100
-105
-69
-85
-119
-165
-183
-236
-284
-299
-334
-368
-410
-430
-423
-408
-412
-421
-426
-436
-442
-469
-453
-383
-357
-355
-315
-246
-232
-263
-235
-187
-155
-122
-40
50
114
180
237
309
342
359
383
400
423
473
550
580
599
650
657
642
644
656
646
597
537
499
499
454
375
307
279
250
133
34
0
-48
-147
-233
-268
-315
-402
-494
-532
-548
-601
-631
-635
-632
-656
-710
-720
-687
-669
-682
-674
-632
-605
-607
-596
-531
-460
-437
-383
-285
-188
-137
-129
-86
-5
68
104
138
204
275
286
270
331
444
501
510
546
631
663
627
633
704
731
691
656
655
661
629
584
586
626
622
603
587
555
482
394
324
269
201
85
2
-60
-122
-188
-271
-329
-360
-379
-419
-483
-526
-557
-607
-667
-700
-722
-769
-823
-824
-743
-722
-754
-729
-675
-641
-655
-648
-546
-434
-395
-367
-275
-168
-151
-131
-29
98
138
119
179
293
365
376
428
523
584
592
595
644
661
609
555
556
572
569
559
581
633
635
607
592
574
518
435
356
292
237
193
144
95
34
-14
-78
-162
-212
-246
-302
-384
-435
-464
-506
-556
-592
-601
-610
-647
-695
-711
-699
-681
-692
-671
-609
-554
-542
-540
-449
-342
-306
-273
-175
-68
-25
-15
57
181
254
271
315
385
431
435
439
498
549
535
507
524
556
546
517
533
588
579
522
489
495
486
439
404
383
346
279
212
165
113
56
-1
-34
-67
-131
-186
-202
-209
-248
-300
-323
-341
-375
-407
-408
-418
-448
-466
-467
-476
-500
-516
-517
-512
-503
-492
-484
-463
-424
-384
-356
-309
-266
-240
-183
-121
-90
-74
-17
41
57
90
168
246
260
293
381
412
384
395
465
473
417
394
417
429
374
348
368
395
376
331
339
372
337
246
230
273
233
132
112
153
107
11
-9
10
-14
-64
-89
-87
-124
-182
-227
-260
-291
-341
-364
-353
-332
-345
-373
-339
-294
-309
-328
-305
-289
-307
-302
-262
-232
-210
-151
-82
-54
-13
26
24
18
40
62
45
49
108
143
133
155
200
194
170
186
195
176
179
215
209
166
175
189
163
150
169
168
140
128
103
70
56
45
16
-20
-17
-9
-53
-76
-51
-59
-103
-102
-61
-70
-102
-89
-54
-61
-109
-111
-90
-115
-159
-163
-141
-148
-173
-159
-104
-86
-111
-92
-42
-27
-61
-58
-7
11
-12
-14
36
62
53
50
88
125
114
94
102
112
97
58
59
86
84
45
39
79
70
45
59
93
93
58
46
49
38
20
19
12
7
18
19
9
-5
-23
-22
-7
12
26
47
69
69
52
52
57
37
0
-14
-3
-16
-38
-33
-6
-11
-43
-63
-73
-75
-83
-94
-82
-51
-58
-96
-94
-61
-80
-139
-132
-82
-94
-146
-140
-92
-88
-118
-100
-72
-73
-91
-90
-73
-42
-27
-41
-38
1
19
3
27
90
109
93
111
135
119
91
106
124
119
124
139
137
136
154
150
132
130
138
117
110
128
124
99
84
81
50
29
30
3
-47
-60
-44
-60
-93
-88
-70
-101
-144
-128
-109
-139
-164
-150
-153
-179
-189
-178
-152
-130
-114
-101
-69
-36
-44
-46
-5
10
-26
-33
16
38
0
11
70
100
89
104
145
149
140
143
147
126
96
85
82
66
54
58
62
64
51
32
34
41
27
14
21
35
3
-26
-16
-1
-25
-45
-18
-26
-70
-83
-51
-45
-69
-66
-37
-32
-59
-56
-15
3
-9
-16
-19
-14
-33
-61
-55
-22
-15
-51
-58
-26
-18
-55
-73
-45
-42
-69
-69
-36
-22
-44
-48
-16
7
-16
-44
-27
-2
-2
-31
-18
31
55
34
20
43
59
35
28
57
83
73
43
63
95
98
85
85
104
104
78
61
69
70
41
25
44
53
48
50
61
53
34
18
1
-7
-24
-30
-40
-54
-53
-38
-30
-30
-22
-25
-27
-31
-39
-51
-60
-53
-58
-62
-48
-49
-71
-78
-57
-52
-72
-80
-60
-58
-75
-77
-50
-44
-57
-47
-24
-15
-20
-15
-2
4
8
16
26
25
27
35
47
52
43
43
60
70
55
39
47
52
35
20
40
62
52
36
52
73
52
28
31
37
16
-19
-32
-20
-14
-40
-45
-15
5
-14
-16
12
14
-14
-37
-10
2
-19
-12
19
28
14
11
25
31
16
-1
-5
-2
7
2
-3
10
25
19
6
13
5
-21
-35
-38
-48
-66
-61
-25
-11
-15
-9
5
10
9
10
2
-6
-15
-26
-36
-46
-61
-64
-56
-53
-59
-60
-42
-31
-35
-36
-13
4
0
7
34
45
33
21
30
31
15
32
62
72
54
49
69
76
60
38
46
56
27
7
24
26
-7
-16
24
46
22
8
20
11
-18
-32
-23
-27
-47
-35
-10
-18
-41
-45
-33
-24
-26
-40
-28
8
21
-2
-2
23
13
-14
-3
22
-2
-35
-16
3
-25
-39
1
29
16
1
12
15
-13
-18
0
12
9
-10
-22
-12
2
-11
-11
18
34
19
9
33
42
29
23
25
22
10
-14
-16
5
28
36
22
31
43
7
-26
-18
-9
-29
-49
-30
-14
-26
-38
-29
-23
-25
-12
-18
-24
-15
-17
-28
-21
-16
-34
-49
-29
-2
1
-14
-21
-9
-13
-9
17
24
26
39
32
10
13
35
36
20
15
20
10
-6
-7
-7
2
18
25
16
18
29
4
-19
-6
-6
-23
-31
-11
-10
-39
-39
-2
23
23
29
26
7
16
41
29
19
27
35
14
-8
-7
-9
-19
-16
3
-3
4
22
12
-4
0
5
-9
-14
-5
3
-1
-4
7
2
-3
4
-2
-7
7
6
-24
-32
-7
-10
-22
-13
6
10
-2
0
8
-8
-36
-23
-7
9
27
24
28
18
11
4
-2
-3
-23
-43
-50
-28
-19
-31
-21
0
1
-21
-12
-3
-13
-25
-25
-3
-2
-2
4
-4
-19
-6
12
36
53
57
50
40
34
34
32
20
9
2
19
27
20
15
7
-2
-7
4
15
-9
-24
-26
-24
-26
-32
-35
-28
-23
-34
-26
-10
4
0
-16
4
29
21
7
17
22
3
-9
9
32
23
-1
-2
3
-9
-14
2
15
9
7
8
-1
-4
-2
-8
-7
5
6
0
-14
-18
-21
-27
-11
13
9
-10
-8
-16
-33
-38
-10
11
0
7
14
14
3
8
28
30
9
-6
5
8
-2
-2
13
23
7
-4
4
14
-14
-22
-4
-2
-18
-43
-38
-26
-38
-50
-33
-9
-7
-34
-45
-18
-10
-17
-11
1
0
-25
-35
-8
23
23
20
36
49
42
36
48
50
46
41
43
48
28
12
10
22
36
47
51
48
43
34
33
31
26
27
14
5
-1
2
5
1
1
9
12
-4
-17
-21
-14
-10
-22
-32
-40
-39
-41
-44
-36
-28
-24
-19
-31
-44
-47
-54
-55
-52
-42
-29
-32
-34
-32
-35
-44
-27
-6
1
4
-2
-6
-15
-27
-27
-14
1
11
24
29
27
23
18
21
28
34
32
30
19
11
4
-8
-4
6
11
13
18
15
13
20
25
19
18
24
26
26
25
20
14
10
12
6
-2
4
15
12
-6
-13
-2
5
9
12
4
-14
-20
-27
-31
-32
-29
-29
-30
-27
-35
-42
-42
-13
6
5
10
25
40
20
5
12
10
2
7
16
28
32
26
17
9
9
1
-4
13
19
6
4
0
-1
-9
-20
-15
-4
-5
-13
-2
-2
-17
-18
-17
-8
-5
3
10
5
-4
-19
-22
-10
5
2
11
23
19
12
13
15
4
0
7
10
2
11
27
33
29
32
35
27
14
9
6
-1
-3
-4
-4
-9
-20
-31
-35
-38
-47
-40
-29
-39
-48
-44
-29
-22
-13
-8
-6
2
0
-3
-8
-8
-1
-10
-24
-21
-6
-1
-7
-8
7
32
30
23
29
27
10
-15
-17
-13
-9
-7
-10
2
-6
-23
-22
-12
-7
-11
-13
9
29
7
-6
14
37
32
24
34
41
25
2
3
19
25
14
15
25
31
20
17
18
17
4
-11
-6
-5
-2
-6
-5
5
12
21
21
17
15
7
-8
-20
-32
-44
-55
-57
-52
-47
-39
-46
-35
-18
-22
-30
-17
6
10
5
10
21
4
-13
0
19
19
16
29
43
45
43
40
44
41
30
23
15
-2
-15
-16
-15
-1
19
31
30
39
52
50
34
22
19
4
-8
-23
-33
-31
-34
-37
-37
-30
-25
-24
-20
-11
-13
-32
-39
-24
-10
-11
-18
-7
9
-3
-21
-12
17
11
-17
-17
-12
-19
-26
-3
12
8
6
0
8
6
0
-7
-9
-2
-15
-49
-64
-42
-31
-32
-18
-1
9
4
4
19
22
10
-1
10
16
7
5
20
39
46
55
70
73
67
58
43
41
40
14
-13
-16
-8
-15
-30
-46
-45
-37
-40
-41
-35
-28
-31
-35
-30
-18
1
11
12
12
16
10
-8
-3
15
22
14
12
23
27
14
7
20
24
9
-7
-1
7
-5
-26
-29
-17
-10
-19
-17
8
25
5
-11
3
16
11
2
19
28
14
-3
0
0
-11
-18
-4
18
16
3
14
19
3
-9
3
17
9
-8
-19
-15
-12
-8
-4
1
5
1
10
15
9
4
10
16
3
-26
-28
-24
-34
-34
-6
20
9
8
27
26
1
-11
-5
-13
-34
-48
-37
-27
-34
-40
-15
19
11
-12
0
23
22
6
9
26
5
-17
-7
21
21
5
4
26
41
24
14
22
35
15
-11
-10
0
0
-16
-7
16
17
4
-12
-2
11
7
8
-1
1
-2
-30
-43
-29
-25
-37
-47
-34
-14
-27
-32
-13
-1
-15
-16
6
24
12
-6
4
6
-9
-27
-22
4
3
-3
3
15
22
8
10
29
33
25
15
18
18
-3
-3
9
17
3
-7
13
18
19
11
8
10
6
-6
-12
-14
-16
-12
-7
-9
2
17
3
-13
-17
-14
-14
-31
-41
-20
-3
-5
5
30
50
44
15
21
42
27
-11
-22
-2
-2
-13
-8
21
43
37
33
43
38
11
3
24
33
9
-12
-3
8
0
-17
-8
13
14
0
-8
-6
-16
-38
-41
-29
-24
-28
-16
10
13
-3
-7
2
2
-18
-20
-5
-9
-14
-9
4
3
-4
-11
-17
-25
-28
-22
-29
-32
-31
-29
-13
2
8
6
1
-5
-12
-16
-8
4
-1
1
17
17
-1
-9
8
21
0
-13
-10
-9
-15
-19
-9
-3
-5
-17
-11
0
5
0
-5
9
9
-6
-9
8
23
8
1
19
29
-3
-22
10
28
9
-3
7
16
14
24
44
47
20
2
21
27
10
-2
-5
-5
-10
-15
3
20
18
15
25
24
1
-15
3
20
7
8
24
30
5
-17
-5
2
-14
-30
-19
-7
-23
-45
-45
-34
-42
-54
-33
-2
-3
-10
4
27
13
-16
2
27
31
24
36
56
54
38
23
29
26
4
-8
-2
7
8
-6
-5
12
-3
-14
-13
2
17
-1
-12
-10
-5
-18
-25
-24
-19
-24
-39
-33
-16
-2
-14
-19
3
9
-8
-20
-11
-12
-26
-30
-17
-5
-6
-16
-14
-4
-8
-9
2
15
13
-6
-19
-15
-1
7
13
36
48
41
36
22
12
1
6
17
20
31
20
2
-7
-17
-24
-36
-44
-33
-23
-23
-14
-7
-13
-24
-30
-24
-15
-17
-20
-10
-1
-7
-11
0
12
14
1
11
27
25
11
3
8
7
-1
1
11
17
7
-9
-7
3
4
1
11
23
22
-1
-12
1
7
7
12
30
35
27
34
45
41
23
23
28
22
20
27
35
24
4
-10
-14
-12
-15
-4
9
8
2
0
7
4
-2
-12
-9
-2
-10
-12
-1
-4
-12
-14
-8
-11
-16
-9
4
14
11
5
8
10
-6
-26
-29
-26
-37
-49
-57
-60
-63
-58
-42
-32
-36
-36
-21
-17
-24
-17
-8
-2
-11
-14
-4
-4
-7
-1
12
27
45
51
60
74
72
58
40
38
36
23
18
22
25
18
9
13
20
20
10
1
-7
-20
-39
-43
-31
-26
-33
-35
-29
-23
-29
-19
4
1
-5
-8
-8
-18
-38
-39
-12
2
2
4
21
27
-3
-26
-12
-6
-24
-26
-6
19
21
3
22
32
23
22
20
21
-1
-14
-3
21
28
27
49
54
35
15
17
28
21
3
0
21
14
-20
-25
-5
1
-11
-5
-1
-14
-37
-31
-15
-18
-30
-43
-39
-43
-47
-40
-28
-4
15
28
33
31
31
21
17
9
5
6
2
-5
-10
6
11
-1
3
26
24
-1
-3
20
37
31
26
23
17
0
-18
-15
-1
3
-10
-6
6
0
-21
-23
-11
-4
-10
-11
6
9
-6
-18
-4
20
16
7
10
7
-9
-33
-38
-41
-37
-44
-42
-19
-14
-23
-24
-17
-23
-30
-22
0
14
5
-8
-5
17
26
24
14
10
5
-14
-21
-1
17
11
3
24
49
46
42
57
53
43
43
47
49
33
6
-5
1
0
-8
-13
-10
-13
-26
-34
-29
-30
-39
-22
-7
-13
-22
-26
-29
-34
-36
-18
-10
-4
-2
-7
-3
10
22
15
11
0
-5
-4
-15
-23
-21
-17
-6
-1
-4
5
16
17
12
19
20
8
-4
6
24
26
21
32
34
22
14
10
9
-3
-13
-14
4
2
-11
-16
-14
-7
-3
0
2
1
-16
-26
-23
-13
-22
-19
6
25
22
12
14
14
5
-15
-20
-16
-14
-12
-7
-2
2
-2
-5
0
8
1
-16
-14
7
11
-5
8
28
40
31
22
30
21
-3
-7
23
27
9
4
17
22
7
8
24
20
-12
-36
-25
-26
-35
-28
4
30
15
-1
0
12
1
-19
-14
9
13
-3
5
16
6
-24
-30
-6
-1
-14
-17
-6
0
-10
-22
-11
-4
-20
-33
-30
-25
-35
-46
-38
-16
-13
-15
-6
1
8
-3
-5
-2
-20
-37
-35
-19
-13
-12
-6
20
32
32
26
13
15
25
32
37
36
38
46
29
14
16
16
17
12
16
24
23
6
0
-3
-10
-20
-12
7
3
-12
-9
0
-14
-28
-24
-6
-1
-16
-26
-24
-17
-21
-23
-12
0
-2
-11
9
27
21
6
3
8
-6
-18
-4
19
17
13
21
37
27
-2
2
13
18
17
18
33
33
24
18
26
36
34
24
18
24
13
4
9
18
4
-26
-39
-41
-27
-25
-26
-13
-17
-21
-14
-18
-17
-13
-10
-10
-21
-22
-15
-11
-6
10
4
3
8
-1
-14
-32
-39
-40
-42
-44
-32
-19
-19
-20
-15
-12
-8
0
10
19
12
17
28
16
15
15
17
19
14
16
14
11
4
4
10
8
-11
-13
-3
-1
-2
-10
-9
-18
-26
-18
-3
6
10
23
28
18
1
-7
-6
-9
-12
-8
17
29
11
-1
5
15
20
16
17
19
23
28
33
48
48
37
28
14
2
-15
-26
-26
-12
-8
-19
-19
-16
-14
-29
-47
-43
-45
-55
-64
-44
-25
-26
-26
-21
-13
-9
8
16
21
25
17
33
39
38
34
33
25
6
-1
9
23
18
20
32
30
16
3
12
16
2
-11
-9
7
2
-12
-7
14
10
-7
1
33
36
8
3
14
2
-30
-37
-10
4
-10
-12
2
-7
-44
-54
-32
-4
-5
-36
-42
-33
-30
-35
-28
-10
-18
-35
-35
-15
-5
-1
18
38
40
22
23
40
43
36
23
20
33
43
40
24
8
2
4
-2
-4
11
11
-5
-22
-21
-5
-10
-21
-22
-13
-9
-18
-9
6
-4
-22
-11
-3
-19
-18
-7
11
17
12
7
10
9
-1
-12
-16
-14
-18
-26
-20
-11
-11
-10
8
19
10
3
18
34
23
11
4
0
-12
-8
4
8
15
17
16
11
2
-10
-19
-8
0
-11
-23
-19
-8
-2
3
9
9
5
-1
-2
8
-1
-8
-13
-26
-34
-28
-9
15
30
29
16
9
7
-6
-8
4
26
33
20
29
32
18
0
-2
2
-7
-13
-11
-8
-19
-25
-17
-12
-6
-9
-4
-2
-5
-4
-11
-16
-21
-17
-12
-1
9
14
14
16
20
12
8
9
16
18
21
22
26
23
19
30
23
8
7
26
41
30
22
25
26
12
-1
0
3
-8
-12
-1
7
3
-3
-3
0
-17
-44
-46
-40
-51
-70
-73
-56
-38
-32
-21
-15
-21
-33
-38
-32
-19
-18
-18
-4
7
11
-2
-19
-20
-7
-8
-17
-11
-5
3
25
48
60
54
49
47
41
35
20
12
-1
-6
-7
-3
6
13
17
28
49
28
-5
-9
-2
-6
-20
-4
19
11
-4
9
20
-3
-26
-25
-6
-3
-24
-22
-2
3
-14
-14
-3
-4
-35
-48
-19
-17
-51
-63
-25
7
2
10
35
39
7
-12
3
9
-15
-35
-19
-1
0
-12
-10
11
24
33
29
23
17
14
24
28
30
24
23
32
39
45
51
48
53
64
58
37
23
22
16
-5
-18
-7
5
4
-4
0
9
13
9
14
22
7
-1
3
8
-8
-29
-32
-25
-30
-43
-41
-37
-34
-35
-37
-42
-55
-67
-69
-68
-71
-65
-56
-50
-36
-25
-20
-16
-13
-11
-8
-8
-4
-1
-6
-6
-3
-3
2
11
21
27
25
24
22
20
31
41
38
42
37
18
5
-1
10
19
18
25
35
34
21
29
23
9
9
8
21
22
13
-1
-2
-1
-11
-15
-28
-27
-25
-21
-11
-8
-18
-23
-16
-15
-19
-21
-4
5
-2
-5
9
18
4
-1
1
14
13
7
16
16
-1
-20
-22
-19
-19
-22
-3
30
31
23
27
21
0
-19
-13
-4
-2
-1
16
24
12
6
16
30
23
17
28
23
3
5
20
19
5
2
16
20
18
34
55
46
14
-1
0
-5
-21
-33
-20
-11
-17
-30
-35
-39
-38
-31
-30
-35
-34
-28
-37
-44
-28
-8
-8
-16
-8
10
0
-16
-13
1
-13
-25
-5
10
18
14
5
4
-5
-12
-12
-6
-9
-12
0
16
27
31
33
38
40
20
21
35
14
-20
-32
-14
-14
-25
-5
26
30
9
5
15
-4
-32
-34
-7
-10
-39
-39
-24
-7
-14
-21
1
13
0
-19
-11
-3
-12
-17
-14
-7
-19
-32
-29
-10
4
-1
8
21
29
29
27
34
32
32
33
34
48
39
17
13
27
17
11
6
-2
7
13
22
34
37
29
27
30
34
26
6
-3
-5
-16
-33
-33
-23
-28
-39
-47
-38
-30
-29
-21
-24
-24
-21
-16
-5
1
1
4
12
9
-6
-21
-29
-30
-12
9
15
15
4
-2
-10
-14
-11
-16
-6
15
18
7
7
23
35
29
29
37
32
16
-6
-5
0
-2
-4
-1
18
27
30
27
19
15
-3
-24
-33
-34
-40
-46
-47
-34
-33
-33
-19
-13
2
5
-9
-14
-8
-1
-10
-10
8
19
20
33
51
47
24
21
23
13
-20
-27
-4
1
1
13
29
37
21
4
11
15
-2
-13
-4
-1
-10
-14
-6
-3
-4
-11
-12
-16
-25
-27
-15
-6
-17
-20
-24
-21
-23
-29
-34
-39
-27
-31
-44
-33
-25
-19
-11
-9
-20
-33
-33
-31
-20
-8
6
18
22
35
45
37
18
17
29
24
17
31
60
69
63
59
58
69
67
51
42
32
17
-6
-7
8
15
9
-3
-4
1
-4
-23
-30
-16
-2
-5
-21
-18
-2
-2
-9
3
4
-30
-47
-38
-9
12
14
16
22
3
-31
-29
-16
-9
-21
-26
0
8
10
25
46
48
33
29
35
25
1
0
13
-1
-19
-22
-15
-15
-39
-36
-12
-5
-24
-37
-25
-30
-45
-44
-27
1
4
-7
-5
7
2
-15
-13
8
9
0
10
19
8
-14
-4
13
28
18
-2
-9
-17
-27
-38
-34
-32
-29
-30
-29
-18
-21
-30
-34
-33
-41
-47
-29
-2
26
38
39
27
23
17
-9
-8
6
23
22
7
4
2
4
13
28
49
42
18
5
-1
-4
-3
2
3
2
8
19
33
36
46
64
66
49
29
16
10
2
-5
13
32
36
35
47
46
29
4
-7
3
-14
-42
-36
-15
-17
-24
-31
-26
-17
-14
0
6
-3
-10
-6
-6
-9
-2
-3
-17
-21
-24
-23
-21
-28
-22
-11
-9
-6
3
12
14
7
1
2
3
6
10
21
14
9
18
21
21
13
5
5
6
0
5
15
22
21
11
-1
-5
-22
-35
-34
-35
-48
-63
-53
-40
-49
-62
-61
-47
-55
-75
-65
-53
-57
-51
-31
-12
2
-11
-10
-3
0
2
4
23
36
40
48
47
39
36
38
48
41
32
24
24
33
40
50
51
48
59
60
40
25
26
35
29
5
-7
-2
-8
-25
-22
-6
10
3
-3
-4
-11
-25
-20
-3
-8
-5
6
16
13
-5
-4
10
8
6
5
-9
-16
-2
9
5
-12
-16
-20
-40
-45
-21
8
22
32
35
21
-9
-27
-16
-1
-14
-22
-10
8
15
13
29
41
19
-13
-10
-7
-34
-56
-35
-4
-7
-25
-20
0
-8
-20
-11
1
-3
-26
-27
-9
3
0
-3
3
8
1
-14
-6
17
28
10
-7
-6
2
-3
-5
11
24
1
-27
-11
7
-16
-42
-15
22
14
-12
2
39
32
15
24
33
2
-24
-11
-8
-24
-33
-14
5
9
19
31
27
11
-2
-9
-19
-27
-18
-6
-19
-21
0
18
20
32
61
71
48
28
31
36
22
11
26
23
7
8
24
18
-9
-7
3
-15
-27
-12
-2
-17
-29
-10
5
-22
-49
-36
-28
-48
-53
-25
-4
-22
-35
-22
-14
-41
-63
-43
-24
-29
-36
-9
13
14
7
8
11
7
4
1
9
13
15
12
4
10
26
16
3
16
25
10
-18
-6
24
14
-3
15
38
29
16
26
49
40
18
30
50
44
19
5
7
9
3
-2
13
22
25
20
8
-2
-2
-2
-16
-31
-31
-42
-65
-56
-23
-5
-20
-4
38
37
5
-1
17
13
-7
-8
10
-3
-36
-22
14
16
0
-6
1
-6
-25
-21
1
-2
-20
-20
-19
-32
-37
-18
3
5
11
28
29
8
6
11
2
-12
-12
-4
-5
-13
-1
14
-3
-16
-2
22
24
17
17
13
-8
-24
-26
-19
-11
-11
-9
-5
11
12
5
8
6
-6
-32
-49
-42
-36
-42
-36
-13
5
-9
-26
-12
5
-9
-31
-20
2
-1
-7
11
25
19
4
10
34
42
32
34
33
16
-3
-19
-11
16
31
31
48
72
78
51
34
42
55
34
8
11
17
8
-7
6
29
23
-5
-7
17
11
-13
-18
0
-5
-30
-18
4
-4
-33
-22
2
-4
-15
-16
0
-8
-21
-18
-23
-31
-25
-15
-15
-33
-39
-35
-41
-40
-27
-14
-38
-57
-39
-22
-30
-37
-13
-4
-16
-16
8
17
4
-1
9
22
34
37
49
67
75
71
64
56
52
38
12
6
3
-18
-34
-21
-26
-40
-42
-36
-33
-29
-16
0
-14
-30
-15
-10
-22
-27
-4
2
-11
-8
10
16
5
-5
9
15
16
22
19
14
10
9
8
9
4
0
-2
19
31
21
11
18
18
-11
-40
-38
-24
-35
-38
-19
-6
-5
-7
3
1
3
21
31
17
19
48
46
26
31
43
23
-8
10
31
0
-23
7
40
15
-4
11
29
0
-27
-9
0
-15
-26
-8
-1
-4
-9
-18
-19
-19
-19
-21
-4
4
-10
-28
-21
6
4
-8
4
14
7
-15
-32
-45
-46
-29
-17
-20
-10
5
-6
-22
-12
6
-7
-23
-4
19
8
4
35
55
32
19
32
28
10
10
15
15
10
10
0
-17
-23
-30
-46
-62
-49
-34
-44
-50
-28
-7
-11
6
34
40
23
26
41
31
15
13
16
14
28
38
27
24
31
34
20
14
16
-4
-20
-5
10
-10
-25
-7
0
-9
-3
23
25
13
22
36
21
8
15
7
-16
-18
-15
-27
-25
7
21
-5
-10
23
24
-23
-21
19
10
-41
-43
-14
-27
-54
-47
-23
-37
-55
-35
-18
-11
-4
-2
-8
-11
4
4
-20
-20
-7
-13
-24
-2
19
3
-5
22
44
24
23
40
29
9
16
21
-7
-28
-21
-25
-41
-17
16
19
7
34
59
31
5
28
39
-5
-10
32
35
3
3
30
28
12
27
36
24
24
25
6
-8
-5
-1
-24
-34
-8
-3
-18
-16
-3
-11
-23
-15
-7
-19
-24
-3
-2
-26
-35
-29
-38
-41
-19
-11
-24
-21
2
0
-26
-26
6
1
-22
-10
8
-4
-21
-9
9
7
1
12
5
1
7
12
10
16
33
38
45
50
48
33
8
19
29
7
5
23
28
13
9
18
14
11
15
14
8
7
5
-15
-33
-40
-34
-34
-22
-2
1
-2
-4
-1
-7
-19
-18
-23
-36
-50
-51
-50
-46
-32
-16
-4
-3
12
20
10
5
8
3
-17
-11
7
12
-12
-23
-6
-9
-33
-27
7
25
19
16
34
42
34
33
45
56
52
43
41
39
27
16
22
28
16
3
9
13
3
-8
3
10
-2
-17
-35
-59
-76
-62
-50
-59
-53
-22
-14
-38
-28
8
11
-16
-17
8
-7
-42
-34
-15
-26
-33
2
33
31
27
41
42
19
6
24
24
10
13
13
20
29
32
27
25
33
20
2
12
28
5
-13
0
13
10
14
29
19
-9
-17
-12
-35
-48
-7
15
-13
-25
6
12
-24
-18
27
13
-37
-32
8
-2
-33
-9
21
8
-2
19
24
-11
-29
-26
-36
-37
-24
-14
-16
-2
18
-1
-18
-4
15
-4
-21
6
16
-5
-4
4
-7
-13
-2
11
7
9
13
-11
-21
6
21
14
28
64
59
24
31
53
20
-22
-9
10
-14
-38
-18
-4
-9
-9
3
6
4
4
-15
-29
-21
-11
-12
-15
-1
-6
-31
-29
-22
-32
-52
-48
-17
-2
9
28
47
47
41
42
33
19
19
20
4
2
14
11
15
23
20
13
11
2
-29
-45
-40
-40
-51
-48
-23
-20
-28
-23
-10
-8
-13
10
23
15
18
31
37
39
45
31
13
16
11
-13
-16
12
21
4
3
22
16
10
31
29
0
-15
-19
-35
-46
-17
-1
-20
-29
-3
5
-34
-38
-19
-33
-55
-42
-21
-49
-55
-18
-5
-18
-11
6
-3
0
24
28
22
44
69
57
49
78
76
34
30
60
45
10
18
42
19
-2
35
44
-5
-11
13
-23
-64
-32
-2
-32
-55
-16
-4
-46
-39
18
4
-52
-19
26
-12
-30
18
23
-28
-22
17
3
-34
-16
10
-21
-29
7
7
-19
-6
10
-12
-28
13
5
-54
-34
15
-14
-49
-1
30
-25
-42
12
23
-28
-14
32
16
-19
1
24
-16
-20
23
37
10
33
67
36
13
45
55
11
-9
12
7
-40
-56
-38
-48
-51
-19
-5
-1
19
17
-2
1
15
-10
-37
-4
34
39
38
54
62
32
17
29
24
0
-2
-1
-17
-21
-24
-25
-7
23
13
-19
-15
-1
-7
-24
-7
7
-21
-32
-11
-13
-23
8
18
-12
-19
-6
-30
-50
-5
35
9
1
58
65
14
15
49
28
-17
2
26
-7
-25
-1
-5
-27
-15
2
-15
-10
27
15
-9
22
46
4
-18
29
33
-18
-4
47
25
-10
24
52
8
-8
30
19
-24
-9
26
-15
-43
-2
-6
-65
-58
-4
-31
-81
-33
0
-60
-77
-10
-8
-65
-32
27
-19
-70
-23
8
-50
-73
-17
-14
-39
-3
26
9
15
62
61
30
55
68
8
-22
27
23
-36
-2
58
5
-58
4
66
5
-27
24
11
-61
-43
17
-6
-36
16
47
-7
-7
56
55
17
60
107
60
39
79
74
16
11
48
36
13
42
52
8
-15
-5
-18
-43
-21
-16
-61
-66
-35
-43
-73
-50
-19
-49
-66
-46
-58
-90
-64
-24
-35
-36
-2
12
-13
-2
36
12
-21
6
32
-4
-13
32
42
10
22
57
32
4
22
19
-6
-1
14
-6
-18
8
-2
-21
12
47
12
-16
36
49
-7
13
93
72
15
65
115
37
-14
66
93
19
5
60
27
-47
-16
22
-42
-76
-20
-5
-74
-79
-33
-68
-123
-85
-61
-112
-121
-65
-44
-58
-18
31
12
-14
9
-1
-40
-14
18
-16
-37
6
24
-23
-8
60
49
3
18
47
15
-5
37
39
0
5
37
25
6
36
52
27
31
45
21
0
25
36
0
-9
26
26
-7
3
32
18
7
34
47
16
1
5
-17
-35
-20
-16
-44
-42
-17
-34
-68
-63
-49
-68
-82
-65
-54
-64
-58
-44
-29
-11
3
-4
5
41
34
3
13
55
43
2
29
70
53
38
82
101
53
28
49
36
2
10
26
5
-9
34
51
23
36
59
28
-2
30
35
-1
0
14
-5
-30
-4
17
-24
-34
0
-12
-55
-24
25
-16
-50
-5
3
-53
-64
-21
-37
-75
-49
-32
-67
-74
-20
-9
-44
-14
24
-14
-44
8
27
-30
-40
14
14
-35
-17
39
18
-15
21
36
2
14
63
49
6
23
39
-2
-20
22
23
-11
10
40
8
-19
3
14
-11
-21
3
0
-11
12
21
-12
-16
3
-20
-34
4
11
-32
-34
16
4
-43
-22
5
-34
-54
9
39
-14
-17
47
38
-21
-3
38
4
-35
9
34
-17
-27
34
33
-17
6
49
26
-9
10
19
-15
-22
7
12
-1
6
12
9
29
39
21
6
20
3
-38
-17
34
22
-23
0
36
9
-22
11
39
4
-18
13
24
-11
-22
-5
-20
-36
-22
-6
-5
5
27
24
17
26
36
19
5
16
15
-8
-23
-16
-12
-20
-15
3
10
12
8
-5
-15
-29
-47
-61
-53
-38
-46
-57
-34
-10
-10
-4
6
7
3
-4
-5
-4
1
-10
-29
-8
20
29
7
17
44
28
-1
13
40
23
-4
-1
11
-13
-31
-5
13
12
18
31
27
22
38
35
23
26
31
10
-12
8
16
-17
-36
-15
-16
-50
-53
-23
-13
-20
-13
-6
-22
-28
-12
-22
-34
-15
-10
-28
-29
13
25
-19
-25
13
5
-35
-15
35
29
-10
4
36
6
-15
14
33
19
11
27
29
19
26
24
20
28
41
37
32
41
41
20
19
20
5
-9
1
-1
-24
-22
-10
-19
-39
-26
-6
-16
-34
-26
-20
-34
-38
-41
-40
-41
-29
-18
-19
1
8
4
10
20
13
-6
3
18
5
-8
21
36
8
0
18
17
-8
-14
-9
-19
-14
5
11
-6
7
40
28
10
32
55
30
23
50
37
-14
-13
40
33
-4
4
24
6
-17
-1
12
2
0
7
-7
-27
-19
-17
-39
-53
-48
-40
-50
-52
-43
-36
-30
-10
1
-5
-4
0
-1
3
3
-2
0
17
35
36
32
34
35
28
19
-1
-23
-45
-57
-70
-71
-43
-24
-22
-9
10
-2
-12
11
28
7
-8
22
35
16
23
56
59
21
33
70
42
20
39
43
9
-3
7
-6
-9
13
10
-15
-2
19
-11
-38
-6
2
-51
-61
-23
-26
-70
-52
1
-23
-62
-28
-4
-25
-22
24
30
-3
23
51
22
7
31
31
-14
-11
25
5
-32
-13
12
-8
-9
25
22
-1
11
10
-16
-10
12
-6
-39
1
46
13
-10
30
48
-4
-16
33
37
-2
12
50
26
-5
23
38
7
-3
10
-2
-14
4
-2
-34
-30
-14
-19
-25
4
13
-22
-26
-11
-29
-56
-29
1
-26
-27
7
4
-24
4
40
-1
-13
38
48
-16
-29
29
30
-18
-3
37
15
-21
-10
2
-15
-15
5
6
-4
1
0
-12
3
17
-12
-13
28
28
-11
-7
26
5
-28
-8
10
-23
-18
31
24
-24
-9
21
-22
-51
-8
17
-20
-25
21
18
-21
-11
15
-10
-27
3
16
9
18
25
2
-3
19
12
-14
1
14
-16
-19
12
11
-34
-34
6
-14
-41
-2
26
-20
-42
15
23
-21
1
55
19
-35
9
41
-18
-43
17
21
-42
-40
7
-4
-27
20
51
11
4
35
12
-23
1
32
6
6
50
36
-23
-5
36
-2
-28
14
19
-28
-16
35
14
-26
3
35
-9
-34
19
35
-7
-8
26
12
-11
17
34
0
-20
-1
-5
-24
-9
11
0
17
49
35
3
7
16
-10
-10
28
36
12
24
52
28
-6
5
13
-26
-65
-55
-39
-52
-60
-52
-44
-30
-21
-21
-24
-13
-18
-43
-36
-11
-28
-48
-15
3
-35
-54
-5
6
-35
-23
35
28
-8
11
33
11
-12
22
31
-2
4
32
38
21
31
34
9
4
15
11
4
12
-3
-30
-11
4
-24
-24
24
37
1
21
86
65
0
29
79
23
-33
17
62
1
-28
24
21
-35
-21
36
21
-10
13
20
-25
-26
16
13
-17
1
27
-14
-28
15
9
-27
-23
-1
-36
-61
-25
-21
-59
-41
2
-23
-47
-9
5
-58
-68
-4
-5
-56
-33
26
-5
-45
-11
30
2
-17
18
20
-19
-26
-6
-15
-37
-22
-1
-1
25
50
48
65
90
81
38
37
56
33
0
10
30
8
-2
33
45
37
52
62
16
-22
-6
-12
-32
-21
-2
-25
-54
-33
-23
-33
-16
19
8
-24
-4
6
-7
-14
18
27
-22
-42
-18
-18
-37
-8
31
22
1
4
12
-14
-29
-11
1
-13
-35
-26
-31
-37
-33
-25
-11
-7
-5
0
21
36
33
33
39
32
8
1
7
5
4
1
-3
-4
2
8
6
10
26
25
8
12
17
-3
-24
-29
-29
-33
-20
-13
-18
-14
4
10
-16
-17
15
8
-16
0
27
11
8
44
53
21
10
32
5
-31
-14
-2
-46
-49
11
18
-22
-10
44
14
-42
-12
22
-18
-55
-20
2
-41
-40
9
1
-29
-18
4
-10
-18
7
3
-12
1
19
-2
-13
3
-19
-34
2
49
25
-3
36
41
-7
-7
47
33
-12
18
45
10
-5
42
59
28
35
64
46
3
14
22
-13
-13
21
4
-36
-19
4
-17
-25
15
25
-9
-13
3
-23
-47
-30
-19
-38
-28
-3
-22
-37
-5
24
-7
-21
13
9
-22
-17
10
4
-6
22
30
3
-4
6
-17
-19
10
9
-23
-13
29
8
-32
12
57
5
-30
15
30
-23
-23
40
34
-24
-12
23
-8
-34
3
8
-33
-29
-1
-18
-44
-21
-1
-30
-36
-5
-6
-32
-27
-2
-3
0
33
45
28
14
14
3
1
23
-2
-34
-7
30
4
-35
-2
31
-4
-30
4
13
-25
-26
19
13
-28
-16
18
10
-2
13
29
17
13
20
8
0
14
21
17
21
21
19
31
46
25
1
11
20
7
-7
15
8
-35
-29
7
-1
-31
-18
-4
-22
-42
-17
-11
-40
-44
-39
-51
-52
-30
-21
-16
0
9
-16
-29
7
18
7
37
71
50
20
50
71
14
-18
20
14
-42
-26
32
19
-14
32
66
5
-21
30
40
-3
14
67
45
-1
18
35
10
11
35
28
12
25
30
1
-8
4
-15
-49
-34
-24
-71
-93
-50
-46
-83
-68
-25
-45
-78
-39
-9
-47
-55
-8
-8
-49
-26
17
-5
-27
24
38
-21
-24
37
36
-16
13
64
32
-10
23
42
-1
-5
36
27
6
13
19
0
-1
23
9
-6
27
49
20
13
49
44
1
-3
21
12
-17
-7
7
-2
-6
17
23
14
28
17
-9
-7
-2
-30
-50
-14
3
-48
-64
-20
-26
-66
-44
0
-21
-51
-17
1
-27
-20
19
6
-21
13
28
-20
-25
23
22
-24
-9
24
0
-14
26
58
40
37
56
38
19
32
22
-16
3
39
15
-6
41
67
17
2
48
43
-23
-13
46
6
-41
-2
25
-11
-14
31
29
-4
14
40
0
-27
5
-9
-65
-58
-19
-45
-67
-28
-10
-47
-40
7
3
-22
-9
-1
-38
-51
-35
-56
-75
-25
-2
-55
-64
-11
-3
-54
-24
52
23
-21
29
60
5
-4
58
63
25
46
78
40
26
93
90
12
17
79
30
-44
22
72
-19
-49
33
23
-51
-27
18
-40
-83
-15
6
-72
-59
28
12
-57
-15
37
-34
-63
11
26
-42
-42
12
-13
-50
-11
5
-51
-45
8
-10
-49
5
53
-13
-43
16
13
-53
-30
35
12
-34
17
67
18
1
70
86
42
49
82
44
4
47
66
22
21
63
40
0
25
64
32
10
36
28
-13
-21
-9
-25
-31
-8
-19
-50
-22
2
-30
-45
1
11
-33
-44
-17
-39
-82
-61
-27
-60
-80
-42
-28
-47
-40
-14
-20
-32
-10
-10
-43
-28
4
-6
-19
9
19
-24
-23
19
10
-14
17
47
26
16
41
39
19
46
72
35
26
74
86
33
25
77
62
14
42
81
44
4
41
54
-9
-33
0
3
-23
-20
-11
-25
-19
3
-10
-31
-10
12
-21
-40
-4
-4
-46
-40
-3
-19
-53
-26
-1
-36
-56
-26
-20
-40
-43
-24
-27
-38
-16
-16
-48
-50
-22
-29
-46
-24
19
14
-3
18
19
-7
-16
-2
-5
-15
-1
15
13
9
19
19
21
38
37
27
32
41
22
3
7
16
13
0
-9
-9
-6
-1
6
6
17
36
36
35
54
52
33
32
47
40
15
13
26
25
6
14
24
8
-4
4
8
3
2
-9
-31
-40
-32
-32
-43
-36
-16
-23
-30
-16
4
8
8
11
3
-15
-28
-27
-25
-21
-10
-2
6
19
17
3
-2
4
3
0
12
9
-2
-6
-6
-16
-31
-26
-12
-25
-27
-5
-4
-22
-14
19
16
-12
1
23
0
-26
-12
6
-3
5
19
15
6
8
12
5
11
25
7
-16
-2
16
-16
-45
-25
-30
-57
-56
-29
-27
-49
-37
-22
-33
-34
-10
3
-13
-11
10
5
-4
26
41
27
21
47
55
30
23
44
49
39
38
30
17
13
18
27
30
32
40
35
39
49
33
10
10
17
5
5
13
18
9
2
7
5
3
13
13
2
3
-1
-17
-21
-14
-25
-57
-60
-43
-46
-55
-45
-30
-40
-55
-40
-16
-14
-20
-17
-10
-2
-1
-5
-7
6
14
9
11
24
20
-8
-6
9
7
-11
-3
22
4
-15
-7
0
1
-1
2
-7
-9
6
8
0
13
33
13
0
23
25
3
14
45
39
11
14
41
28
2
-1
1
-19
-25
-16
-21
-25
-10
-6
-30
-34
-11
-26
-62
-44
-14
-22
-36
-29
-20
-29
-16
8
10
12
29
29
24
34
29
3
-14
0
5
-25
-32
2
12
-12
-3
22
11
-14
-4
11
1
1
11
10
13
31
31
9
11
33
31
16
40
66
45
27
45
43
27
20
35
43
38
36
27
21
12
7
-8
-12
-7
-14
-33
-32
-12
-26
-59
-44
-18
-27
-48
-42
-32
-55
-75
-69
-65
-65
-47
-33
-26
-18
-9
-19
-32
-9
-3
-27
-28
11
17
1
17
36
39
25
36
49
25
12
18
5
-22
-16
6
10
9
28
39
24
16
29
11
-17
-15
-10
-14
-19
-3
-2
-11
-4
2
-1
-4
10
12
1
2
16
19
5
8
24
18
8
17
23
10
15
35
47
37
42
47
28
32
26
1
-17
-25
-31
-52
-54
-38
-28
-36
-27
-8
-8
-10
-9
-14
-22
-18
-11
-19
-14
17
21
10
23
41
32
7
8
16
10
0
8
11
-5
0
5
-13
-33
-25
-20
-40
-36
-15
-25
-43
-29
-7
-17
-30
-3
7
-18
-15
10
3
-11
11
35
32
15
14
17
9
11
13
-5
-10
17
22
-3
-2
18
1
-32
-11
14
3
-10
1
9
-13
-25
-17
-8
-4
-5
-5
0
0
2
-18
-14
16
26
23
32
57
38
-2
2
14
-3
-13
8
23
13
-4
3
9
-9
-9
10
11
12
4
-4
-7
-12
-13
-12
-7
2
-5
-18
-11
0
6
-3
-12
-4
4
10
-7
-18
-5
-3
-4
-2
10
21
13
5
8
13
1
-12
-11
-4
-11
-17
-11
4
10
12
14
21
19
11
6
2
0
-3
3
7
17
27
26
22
27
29
19
11
5
-3
-17
-29
-28
-17
-18
-16
-6
6
3
-16
-25
-16
-19
-39
-41
-24
-14
-30
-42
-33
-18
-26
-38
-29
-15
-15
-26
-12
8
3
-12
-13
-2
-7
-19
-20
-8
-12
-20
-11
2
21
15
5
6
7
17
17
7
14
24
20
22
37
41
31
32
34
29
22
33
60
54
46
47
49
42
35
37
21
8
11
22
21
23
34
27
8
-11
-10
-24
-41
-35
-30
-34
-40
-42
-55
-55
-32
-24
-29
-27
-17
-24
-34
-27
-20
-25
-36
-23
-9
-11
-21
-18
-14
-15
1
17
16
5
14
18
13
10
23
28
16
2
-10
-13
-20
-16
4
15
19
21
12
6
15
22
17
7
10
21
13
8
27
47
47
40
56
62
43
25
33
26
-8
-23
-9
-10
-37
-38
-15
-14
-27
-29
-31
-60
-82
-70
-61
-74
-66
-46
-42
-42
-32
-26
-38
-48
-28
-14
-30
-26
-9
7
16
30
49
53
43
53
58
37
25
32
37
32
39
46
52
55
41
22
17
24
25
16
8
0
-20
-45
-49
-52
-53
-36
-11
7
8
2
-2
-2
-5
-14
-13
0
20
30
24
28
46
45
36
31
31
19
5
2
2
-2
-11
-17
-7
0
-7
-16
-19
-20
-29
-34
-39
-34
-21
-29
-42
-36
-31
-35
-36
-30
-22
-10
-6
-17
-17
-2
-6
-3
20
45
46
36
48
59
49
36
47
45
27
20
22
11
-4
-8
-2
-1
-6
-8
-11
-18
-15
-12
-19
-22
-11
-8
-15
-12
13
27
7
-4
9
17
3
-8
9
24
18
4
1
-2
-10
-29
-33
-26
-34
-49
-58
-42
-36
-54
-55
-29
-12
-30
-30
-5
9
1
-1
20
16
-3
4
28
32
25
29
39
45
47
52
61
68
63
55
39
16
-4
-10
-9
-7
3
4
-3
-6
-3
-6
-6
-11
-21
-27
-24
-15
-17
-19
1
21
18
12
8
-6
-17
-17
-11
-25
-40
-39
-27
-25
-34
-38
-37
-39
-45
-39
-33
-30
-23
-24
-27
-25
-18
1
28
46
42
43
48
45
39
38
41
34
20
21
30
29
29
47
70
65
55
48
38
31
10
-8
-12
-7
-3
-8
-11
-6
2
-4
-9
-19
-33
-51
-60
-47
-44
-50
-49
-33
-19
-16
-13
-14
-23
-25
-19
-22
-35
-19
1
0
-1
12
21
14
24
40
48
32
20
28
12
-7
4
19
3
-26
-26
-11
-15
-17
-2
9
3
-1
9
12
1
-5
-5
-14
-19
-17
-15
-3
8
13
10
9
23
20
-3
-1
21
29
20
24
36
30
22
23
23
10
5
9
11
2
15
28
10
6
16
7
-26
-40
-35
-45
-59
-52
-29
-34
-56
-57
-39
-32
-40
-36
-23
-8
-5
-11
-1
24
24
10
20
35
30
14
17
38
33
10
9
22
4
-17
-8
6
-1
-4
16
25
20
8
12
5
-4
3
1
-4
-2
8
7
-1
1
3
-9
-28
-22
-8
-17
-33
-36
-21
-8
-9
-15
-3
17
9
-4
-2
18
11
-10
1
8
-3
-19
-10
5
4
6
17
22
28
33
35
19
8
8
-6
-13
0
4
-8
-2
16
24
16
17
24
22
18
17
16
1
-5
7
15
7
5
12
10
14
22
17
11
1
-4
-7
-6
1
-2
-5
2
11
-7
-27
-30
-18
-18
-26
-23
-17
-19
-19
-14
-20
-32
-41
-49
-57
-60
-58
-54
-47
-30
-23
-25
-12
-6
-8
-8
4
23
29
19
23
45
46
33
33
45
49
46
35
26
17
4
9
24
19
1
-14
-20
-11
-21
-34
-24
-14
-10
-12
1
17
20
5
0
-1
-12
-27
-36
-19
8
27
28
24
21
14
11
5
9
23
31
36
25
12
6
6
-4
-10
-10
-22
-33
-33
-22
-22
-28
-21
7
10
1
15
25
19
0
-7
-2
-3
-13
-5
15
17
9
22
31
24
8
-1
2
-11
-26
-21
-10
-16
-26
-24
-17
-16
-17
-5
7
10
13
11
6
6
15
20
12
3
-2
-9
-13
-12
-10
-3
8
15
15
16
16
18
17
29
33
12
3
13
5
-24
-31
-5
6
-11
-16
-7
-12
-23
-13
7
16
11
4
-1
-13
-15
-16
-12
8
17
2
-9
9
13
-13
-27
-9
-1
-25
-45
-29
-10
-3
10
19
13
-11
-30
-43
-40
-24
-17
-20
-17
0
5
0
8
24
23
9
12
28
28
5
4
19
6
-22
-33
-12
5
2
12
28
30
22
3
-12
-13
-3
6
12
19
26
24
13
19
33
15
-11
-12
-3
-26
-28
6
4
-26
-30
-1
10
9
21
40
41
28
35
33
9
1
12
6
-2
-3
-5
-15
-18
-9
-12
-14
-5
-5
-29
-46
-41
-50
-60
-41
-19
-24
-32
-10
8
-1
2
23
20
12
24
31
12
1
9
2
0
16
26
31
40
51
51
42
43
50
38
10
-10
-9
-12
-12
-3
3
5
8
-5
-27
-32
-27
-34
-27
-7
2
-6
-18
-9
-6
-13
-2
11
3
-15
-20
-5
-8
-24
-13
-15
-14
-1
-10
-33
-41
-37
-46
-61
-47
-26
-27
-33
-15
5
4
9
23
21
-1
-5
-2
-5
-2
7
10
-4
6
27
16
7
21
39
32
26
50
52
25
20
46
50
22
17
26
27
19
27
36
15
10
13
3
1
7
4
-17
-24
-17
-29
-32
-9
1
-18
-22
11
25
6
-9
-5
-6
-21
-20
-10
-9
-6
7
5
-8
-6
-4
-1
-1
13
16
5
1
5
9
-10
-24
-24
-23
-25
-24
-7
2
-1
-5
0
2
-7
-20
-35
-32
-14
-17
-32
-17
5
-6
-36
-20
7
-9
-33
-18
8
0
-15
5
36
31
21
27
39
29
-1
-16
-12
-10
-9
5
13
19
20
12
16
34
39
19
21
39
29
-1
-14
-3
-9
-37
-48
-26
-14
-14
-12
8
25
8
-4
-11
-18
-12
1
2
-6
6
18
13
9
33
49
25
19
47
61
32
15
37
33
-7
-16
13
9
-15
-15
-2
-14
-30
-23
-14
-17
-7
10
-6
-10
12
11
-11
-8
7
-4
-24
-17
-4
-12
-25
3
16
1
-5
8
4
-14
-21
-31
-47
-50
-32
-26
-33
-34
-33
-34
-33
-29
-29
-33
-27
-23
-29
-29
-29
-26
-20
-8
7
18
18
23
37
40
46
50
59
66
57
40
34
34
25
5
-4
4
3
-2
5
12
4
-6
7
25
13
-5
0
12
7
-6
-9
-4
4
5
-5
-9
1
9
-3
-12
-7
-1
-11
-16
-6
-9
-24
-26
-19
-25
-29
-13
5
1
5
10
5
4
7
0
-14
-17
3
12
13
26
43
42
29
42
57
59
55
53
45
34
15
0
6
-2
-17
-21
-26
-23
-31
-38
-19
-9
-17
-19
-6
4
1
-1
-12
-9
-7
-16
-20
-16
-3
-14
-18
-2
8
5
4
12
-1
-27
-30
-7
-1
-4
0
9
4
-7
-5
-9
-22
-22
-22
-34
-45
-41
-37
-51
-62
-43
-30
-37
-50
-48
-38
-43
-44
-38
-24
-21
-18
-7
9
19
17
33
57
55
37
36
54
67
60
47
52
75
70
51
51
73
54
10
11
38
23
-9
3
29
19
-2
9
27
6
-18
-12
-22
-27
-22
-28
-33
-29
-13
-21
-16
15
39
19
-1
28
33
-2
-8
14
2
-17
-18
-2
3
8
16
9
13
38
35
-12
-32
-15
-21
-51
-45
-4
6
-13
7
31
15
-17
-20
-17
-29
-41
-40
-36
-32
-25
-30
-19
10
6
-23
-23
5
4
-22
-23
-12
-15
-24
-16
2
9
15
18
14
11
13
9
-7
-25
-31
-33
-22
0
-2
-12
6
19
13
2
5
12
11
18
19
11
6
9
12
19
32
36
32
45
49
28
14
24
22
7
-5
0
8
-1
7
25
24
21
25
37
33
13
0
-5
-8
-14
-19
-19
-8
-15
-34
-21
-5
-8
-18
-20
-16
-29
-32
-24
-17
-27
-33
-22
-19
-24
-16
-14
-23
-16
6
6
12
24
17
-6
-11
-1
-17
-19
-3
3
-18
-30
-19
-26
-41
-33
-12
-19
-18
4
7
-13
-15
9
10
-1
11
18
11
21
26
12
11
24
28
27
38
56
46
40
58
53
24
22
34
17
-3
14
28
9
-6
2
9
-3
-5
2
-11
-12
-11
-22
-18
-9
-13
-18
-20
-9
-13
-17
12
25
21
18
23
17
13
23
33
28
19
14
-6
-30
-27
-12
-26
-39
-38
-26
-17
-28
-41
-37
-24
-14
-10
4
14
-4
-15
1
18
11
2
31
48
19
6
30
35
16
0
11
21
-2
-33
-49
-51
-45
-46
-58
-48
-42
-55
-55
-28
-7
-20
-17
1
2
-13
-15
3
16
15
8
7
16
22
11
7
35
59
54
44
46
51
28
13
20
15
0
-13
-12
-9
-11
-15
-13
-10
-12
-21
-38
-43
-31
-34
-50
-38
-7
-1
-24
-16
6
-4
-14
-1
11
10
5
16
30
41
45
35
36
43
35
27
25
23
16
13
21
27
28
28
34
44
32
17
10
4
8
0
-9
-7
0
5
-3
-10
-13
-22
-24
-10
3
-2
3
16
15
-1
0
5
-1
3
5
4
2
6
0
-7
-1
14
24
2
-1
1
-22
-45
-48
-44
-52
-66
-59
-40
-42
-46
-38
-30
-31
-37
-35
-17
1
-6
-14
-7
6
6
-2
12
15
4
4
22
31
19
16
32
27
8
2
9
10
9
10
1
-16
-30
-34
-28
-19
-6
10
19
21
17
8
3
2
3
10
11
18
21
27
24
16
15
11
14
19
21
25
26
19
1
-20
-30
-27
-17
-10
-2
-11
-26
-25
-15
-12
-11
-4
2
-5
-15
-3
15
17
16
27
24
7
-5
-5
3
6
-3
2
9
14
21
19
19
13
-1
-8
-10
-9
-19
-22
-13
-17
-11
-2
2
2
9
18
17
12
11
25
32
19
15
15
1
-14
-8
21
36
24
15
20
19
-8
-28
-21
-17
-29
-44
-27
-7
-31
-46
-31
-10
-14
-31
-17
10
11
2
20
43
34
7
-1
4
-9
-14
-6
-3
-1
-13
-24
-15
-1
5
1
4
6
-1
-14
-14
3
1
-8
7
18
10
3
2
4
0
-2
1
-6
-5
7
4
-15
-15
-5
-12
-25
-16
10
3
-5
8
14
8
-6
3
7
-1
-15
-30
-33
-27
-17
-10
2
14
12
9
18
31
40
28
27
33
16
-4
-2
1
-16
-24
-18
-13
-16
-5
7
6
-4
-1
11
18
20
22
17
11
13
16
20
16
-1
-7
-11
-3
-9
-21
-17
-7
-1
-8
3
17
16
22
30
27
16
-1
-13
-31
-39
-32
-34
-39
-37
-28
-26
-25
-21
-21
-24
-29
-20
-8
-15
-19
-4
1
-3
1
9
21
23
19
14
7
9
11
14
20
31
26
19
29
45
43
34
46
44
30
22
32
41
33
25
18
14
8
4
7
-1
-6
-4
3
5
2
2
-12
-26
-31
-26
-16
-22
-27
-23
-16
-5
3
9
12
-1
-8
-2
-11
-16
-16
-26
-37
-40
-38
-35
-29
-18
-16
-12
-1
-3
-9
-3
6
-9
-29
-32
-24
-28
-25
4
18
11
5
7
4
-14
-27
-16
3
3
0
13
21
15
8
6
13
3
-6
-5
-5
-7
-10
-11
-14
-12
-2
1
-6
-4
2
-3
-16
-20
-13
-10
-17
-3
17
25
23
17
24
33
29
13
7
16
22
10
-2
13
19
0
-16
7
34
24
19
46
57
34
7
6
18
9
9
15
16
17
17
17
21
22
0
-17
-5
15
-2
-14
6
9
-8
-18
-1
11
-3
-16
-10
-4
-10
-19
-24
-24
-12
-10
-15
-6
7
0
-32
-39
-24
-22
-33
-32
-16
-3
-7
-12
1
14
17
14
13
21
8
-10
0
26
37
13
11
28
30
19
13
22
12
3
1
0
0
-8
-24
-32
-45
-47
-49
-51
-28
-23
-24
