-40
-39
-43
-50
-58
-57
-58
-58
-39
-22
-10
-13
-19
-15
-17
-21
-24
-28
-20
-14
-13
-10
-2
-2
-3
-4
2
4
8
15
21
25
25
32
38
41
49
61
67
65
54
40
24
18
17
13
13
15
9
-6
-2
1
-7
-14
-20
-18
-21
-36
-45
-31
-15
-15
-10
-14
-24
-29
-24
-7
2
4
-4
-12
-20
-17
-2
1
-6
-16
-15
-12
-12
-14
-7
-8
-13
-15
-11
2
18
20
23
31
28
23
11
6
6
15
20
24
30
39
42
34
20
11
10
3
-4
-6
7
5
-1
4
12
12
5
4
11
9
2
-7
-3
1
-2
-1
4
2
-5
-12
-17
-5
2
-15
-24
-17
-17
-36
-46
-37
-30
-28
-27
-19
-13
-16
-19
-8
3
7
9
11
6
5
6
14
21
24
18
7
1
-2
-2
0
2
3
-10
-23
-19
-19
-20
-23
-20
-14
-6
-9
-10
-3
2
9
12
17
18
23
39
41
39
39
30
25
24
19
12
10
7
5
1
0
-6
-16
-7
-3
-7
-12
-15
-9
-13
-19
-24
-20
-13
-15
-14
-16
-22
-20
-8
0
3
5
11
12
5
0
-6
-6
-7
-6
-10
-11
-12
-9
-7
-1
13
12
4
-3
-1
-5
-21
-25
-9
1
-7
3
22
35
27
15
20
19
13
6
6
18
22
16
21
32
27
23
23
19
15
8
6
13
5
-10
-17
-10
-9
-9
-3
-12
-26
-41
-38
-28
-32
-36
-28
-21
-17
-11
-7
-8
-20
-32
-32
-20
-6
2
10
20
19
10
8
14
27
29
21
23
22
18
13
7
14
16
7
9
15
17
23
34
31
25
23
21
27
26
17
3
-17
-23
-25
-27
-27
-20
-8
-11
-24
-33
-34
-25
-12
-11
-14
-24
-31
-33
-34
-36
-40
-38
-28
-16
-1
6
1
3
10
13
15
24
30
24
17
18
21
22
17
11
15
14
7
-7
-3
3
0
-3
-8
-10
-21
-27
-30
-37
-33
-21
-12
-12
-10
2
4
3
13
24
35
30
24
29
38
35
22
14
20
27
23
18
19
23
22
25
41
53
50
38
17
1
-13
-33
-39
-31
-31
-49
-51
-46
-54
-65
-64
-53
-46
-39
-33
-28
-20
-24
-28
-19
-11
-4
0
8
22
27
17
17
22
25
25
34
42
35
20
13
2
-12
-15
-6
0
0
7
19
30
27
24
30
32
36
31
31
31
30
24
15
21
19
9
9
25
27
21
19
11
-7
-26
-31
-29
-29
-28
-26
-17
-17
-24
-28
-23
-19
-29
-33
-32
-40
-55
-50
-34
-26
-20
-20
-11
-3
4
3
0
8
11
10
1
1
9
1
-3
-1
0
4
6
4
-5
-1
4
16
28
30
26
18
21
16
13
4
-8
-7
0
-15
-20
-19
-28
-37
-39
-27
-17
-20
-22
-12
-14
-15
-11
1
11
1
-4
-3
3
6
6
19
35
34
41
45
45
46
36
21
15
11
3
-3
-6
4
8
19
41
45
30
15
12
9
6
7
10
8
-9
-17
-7
-4
-5
4
22
25
11
-1
-6
-8
-15
-16
-16
-19
-35
-48
-52
-53
-56
-62
-53
-37
-20
-16
-16
-3
6
2
-4
-3
-2
0
11
15
20
21
19
21
32
37
37
32
24
24
16
4
2
7
5
0
0
-4
-16
-24
-20
-13
0
13
26
33
29
19
19
14
-2
-3
2
-1
-8
-15
-11
-11
-16
-20
-20
-15
-12
-11
-2
7
2
-9
-15
-17
-21
-27
-22
-14
-10
-15
-10
12
33
39
31
28
18
-1
-15
-14
4
6
-10
-19
-18
-12
-2
2
-6
-5
-14
-32
-24
-12
-20
-35
-31
-23
-20
-20
-14
4
17
24
35
43
51
50
36
29
30
24
15
9
15
10
-4
-11
-19
-22
-34
-25
-19
-23
-24
-19
-17
-27
-36
-40
-42
-53
-50
-37
-26
-18
-8
18
40
44
46
55
62
65
64
70
68
52
35
35
41
36
33
44
47
33
23
25
27
34
33
33
32
20
-4
-24
-23
-23
-24
-15
-14
-23
-28
-29
-26
-26
-30
-24
-22
-31
-41
-49
-44
-38
-45
-52
-58
-52
-52
-51
-41
-28
-17
-10
-5
11
21
21
12
4
-3
-16
-22
-15
2
7
13
12
11
9
13
21
23
26
21
10
8
17
21
14
-1
-1
9
14
17
24
24
21
19
17
17
9
-3
-11
-14
-18
-23
-26
-22
-17
-13
-14
0
21
27
29
24
17
6
-5
-14
-19
-25
-25
-11
-2
-1
-6
-3
-4
-13
-8
8
9
5
-6
-16
-24
-34
-44
-38
-25
-20
-15
-11
-7
-5
1
13
14
11
4
-4
-11
-11
-9
-9
-4
6
15
15
14
20
35
49
47
45
49
45
21
14
24
23
17
9
12
15
13
9
11
17
17
15
19
16
15
10
5
-1
1
4
-4
-2
-1
0
-5
-6
-1
3
10
10
11
5
2
0
-1
4
8
3
-11
-11
-4
-8
-21
-27
-26
-19
-15
-23
-18
-11
-21
-30
-21
-8
-11
-21
-17
-11
-8
-14
-16
-3
2
-4
-3
8
8
-8
-22
-18
-20
-31
-38
-48
-47
-41
-41
-28
-18
-14
-13
-8
-4
-7
-19
-20
-22
-21
-9
2
5
7
12
11
10
13
19
20
17
12
10
21
29
30
32
34
38
30
17
20
20
14
14
22
23
21
18
11
14
10
2
5
5
3
8
16
22
13
10
13
8
-3
-12
-17
-15
-13
-20
-19
-14
-13
-16
-26
-23
-26
-42
-41
-27
-10
-4
7
16
25
31
32
32
33
33
30
25
25
27
34
37
39
40
47
42
21
22
30
32
23
21
15
11
-2
-13
-1
9
6
-2
4
6
-11
-29
-44
-37
-46
-58
-55
-61
-63
-70
-64
-53
-43
-43
-47
-40
-31
-30
-37
-38
-28
-20
-13
8
34
37
20
19
31
28
17
13
22
27
21
14
11
6
9
14
19
21
17
7
4
11
13
11
15
7
8
12
-1
-15
-19
-14
-21
-30
-35
-32
-26
-28
-34
-41
-36
-34
-38
-34
-24
-21
-13
-11
-16
-15
-5
2
3
12
22
31
40
33
32
26
19
19
26
35
32
31
39
35
23
21
18
19
13
3
4
6
0
-7
0
13
13
15
32
36
31
39
39
22
15
11
15
16
8
2
7
10
0
-3
6
14
3
-9
-11
-14
-18
-23
-13
-2
-16
-38
-46
-35
-36
-34
-25
-11
-10
-25
-31
-34
-31
-33
-32
-22
-13
-13
-11
2
15
17
10
10
11
11
3
-4
-3
-6
-9
8
21
23
25
28
31
30
22
15
17
10
13
15
9
-11
-19
-9
-9
-18
-26
-26
-22
-15
-11
2
12
-5
-17
-16
-9
-16
-22
-10
6
3
-13
-8
6
0
-11
-16
2
8
-10
-13
2
10
0
8
29
32
21
16
18
12
1
0
1
7
5
4
4
7
4
4
18
28
24
3
-7
-8
-17
-31
-32
-23
-19
-13
-16
-33
-40
-38
-27
-23
-11
5
8
0
-1
3
-1
-10
-11
-2
-1
-18
-25
-15
-1
7
8
17
9
3
0
5
21
26
26
21
23
31
29
20
28
49
51
45
43
48
44
28
23
27
21
7
1
-3
-8
-10
-13
-13
-3
-5
-11
-15
-14
-12
-16
-16
-12
-7
-6
-5
1
3
-3
-8
-7
-4
-4
0
4
4
2
-2
-10
-17
-18
-23
-31
-27
-23
-30
-34
-24
-14
-2
1
-4
5
22
28
24
25
34
37
27
20
16
5
0
9
11
9
10
2
-15
-27
-25
-23
-27
-34
-37
-42
-50
-45
-34
-29
-35
-45
-47
-40
-44
-54
-41
-20
-10
5
12
6
-1
-5
-1
6
8
7
10
9
10
2
1
12
20
20
21
31
33
29
38
50
46
32
28
38
41
30
25
34
31
19
13
24
36
27
13
20
29
26
16
19
28
18
3
4
8
-3
-18
-21
-7
-5
-20
-21
-14
-12
-22
-31
-28
-21
-25
-27
-14
-10
-15
-23
-31
-20
-17
-13
1
13
14
9
7
-3
-11
-8
-2
4
-8
-17
-12
-3
6
10
17
16
1
-13
-21
-31
-45
-48
-35
-23
-12
-2
7
13
12
12
21
28
22
19
27
32
28
26
20
11
-1
-9
-5
0
4
3
-1
-6
-11
-12
-7
5
2
-9
-9
-2
3
0
-5
1
5
4
2
4
9
11
8
-7
-17
-14
-19
-29
-29
-23
-15
-26
-37
-34
-32
-34
-26
-17
-9
-8
-4
13
23
23
21
29
39
33
18
14
20
13
7
29
38
32
26
22
23
12
5
1
11
14
3
-1
0
0
0
-3
-8
-5
-3
-2
-11
-13
-13
-16
-15
-14
-20
-21
-19
-18
-9
-6
2
5
9
12
12
9
5
6
4
-2
-10
-10
0
7
4
-2
0
9
7
-2
-5
-1
1
0
-1
-6
-5
6
10
11
12
16
19
23
18
4
-1
-1
1
-4
-5
-4
-5
-10
-15
-19
-23
-13
-2
-1
2
-1
-6
-9
-5
-4
-8
-10
-17
-16
-12
-15
-21
-21
-12
-3
0
4
-4
-2
-1
-14
-26
-25
-25
-28
-16
-2
8
10
15
22
18
14
20
22
13
17
27
38
37
32
41
42
33
21
14
14
13
18
23
36
29
10
12
21
17
2
-4
0
9
7
3
7
12
10
1
2
6
-7
-22
-21
-19
-40
-58
-51
-32
-30
-31
-26
-26
-23
-29
-30
-28
-31
-35
-43
-35
-21
-18
-23
-16
-12
-22
-30
-30
-24
-24
-19
-18
-22
-18
-14
-6
-5
-2
14
23
27
41
53
48
38
33
36
36
30
30
29
27
18
20
23
22
27
36
43
47
36
24
19
9
2
4
6
18
21
17
11
7
8
0
-7
-10
-22
-39
-43
-42
-41
-45
-43
-27
-7
9
9
4
4
3
-6
-8
-5
-6
-9
-14
-15
-11
-6
-11
-16
-13
-3
7
3
7
16
19
10
-1
4
2
-6
5
17
23
15
2
2
14
22
22
26
19
1
-16
-24
-27
-25
-27
-31
-20
-11
-10
-2
8
16
7
2
4
5
4
-4
-8
0
4
-1
9
17
25
27
22
26
20
1
-12
-8
-9
-19
-21
-13
1
1
-5
-11
-10
-8
-21
-24
-21
-25
-29
-31
-33
-29
-32
-31
-30
-33
-24
-10
-7
-12
-14
-9
-3
-7
-1
13
22
30
31
33
37
37
38
36
30
31
29
30
39
34
24
17
15
17
9
5
17
29
35
27
16
11
6
-4
-15
-23
-33
-30
-17
-11
-9
-16
-20
-21
-24
-32
-28
-19
-16
-13
-10
-10
-10
-8
-1
5
6
2
1
9
14
8
4
11
18
14
11
14
10
0
-2
0
3
4
-9
-22
-20
-7
-7
-5
4
6
-3
-13
-11
0
8
2
5
5
-2
-8
-3
8
11
8
15
21
14
6
0
-1
-4
-6
-16
-18
-16
-22
-29
-31
-32
-32
-31
-28
-23
-24
-22
-8
3
3
6
15
21
22
21
27
39
39
29
32
35
27
22
19
21
28
25
27
34
26
14
-5
-21
-25
-29
-28
-24
-16
-8
3
8
5
0
4
0
-12
-20
-19
-9
-12
-6
-1
-4
-12
-21
-22
-22
-26
-20
-9
-4
-9
-6
-7
-2
6
5
10
22
23
2
-11
-5
1
-3
-4
5
21
28
35
34
24
20
14
10
7
6
10
7
6
12
5
-8
-20
-17
-17
-25
-35
-44
-48
-59
-67
-53
-34
-22
-13
-6
3
8
8
-3
-5
-3
-4
0
10
18
31
43
43
37
30
16
10
14
9
1
-1
-5
-3
0
-5
-1
0
2
8
10
13
10
5
4
4
0
-3
-1
2
9
15
16
27
23
14
12
14
11
-2
-6
-2
5
6
3
19
32
31
33
33
26
14
4
-5
-1
-10
-26
-15
-13
-18
-21
-22
-5
2
-5
-17
-21
-23
-30
-33
-30
-23
-23
-28
-28
-12
-8
-11
-1
10
4
-7
-10
-6
1
-2
-9
-6
-6
-12
-14
-19
-23
-21
-15
-11
-7
-6
-1
1
7
13
14
12
11
3
-3
0
-3
4
15
25
26
20
20
23
35
32
26
25
23
8
-9
-8
-14
-23
-30
-33
-18
1
-4
-4
12
21
15
14
15
7
-12
-28
-34
-32
-28
-31
-18
3
12
10
5
8
3
-16
-20
-11
-8
1
8
14
16
5
0
6
5
5
11
17
19
24
26
33
36
28
16
4
-4
-17
-19
-16
-13
0
19
34
36
26
17
7
-1
-12
-16
-10
-4
-3
-4
2
0
0
-7
-11
-12
-14
-11
3
12
7
7
6
0
-6
-14
-13
-7
-12
-8
-4
6
10
7
6
12
13
11
14
12
4
0
-5
-10
-4
-9
-11
-6
2
7
-4
-10
-3
5
-2
-6
-8
-6
-17
-34
-27
-18
-19
-17
-4
16
14
11
27
29
13
2
-2
-3
-17
-34
-36
-39
-44
-40
-39
-26
-17
-14
-13
-16
-16
-21
-21
-25
-27
-15
-4
-3
-3
-2
-1
5
10
0
0
8
18
21
21
28
26
14
11
17
22
27
23
14
15
12
18
37
47
56
59
58
54
50
47
52
53
41
24
3
0
1
-2
-3
-5
-16
-41
-54
-47
-36
-33
-41
-40
-36
-49
-49
-36
-20
-13
-7
7
4
1
2
9
7
9
18
19
22
18
22
25
17
15
10
4
1
-4
-13
-5
15
13
9
12
12
4
-2
-11
-19
-20
-33
-33
-21
-9
8
19
22
20
17
13
3
-21
-38
-27
-26
-33
-31
-33
-39
-31
-31
-26
-15
-15
-18
-7
2
-11
-20
-26
-21
-22
-23
-12
-9
-7
-8
-3
7
17
8
8
31
28
12
13
22
21
13
15
23
39
29
14
18
7
-9
-9
9
29
35
30
38
41
30
12
8
7
7
7
-4
4
17
18
25
37
31
25
17
10
0
-18
-14
-2
-3
0
3
-3
-15
-9
3
5
0
1
4
1
-8
-15
-8
-14
-17
-14
-16
-23
-28
-34
-30
-22
-25
-21
-21
-23
-29
-44
-57
-61
-55
-56
-50
-36
-27
-25
-27
-22
-12
-16
-25
-22
-7
-6
-3
9
16
17
9
9
20
32
30
36
53
71
79
78
80
75
64
55
55
59
56
41
31
34
33
18
9
13
8
2
-8
-10
-12
-21
-31
-30
-32
-33
-24
-31
-48
-53
-42
-34
-23
-7
3
1
-3
-7
4
-3
-18
-17
-3
-1
0
1
2
2
3
22
33
32
16
-1
-4
0
-7
-9
14
18
5
4
0
6
16
9
4
4
-8
-24
-34
-46
-47
-42
-41
-33
-23
-15
-16
-7
0
-3
-4
-3
-2
3
9
6
10
13
14
16
15
18
7
-8
-7
-22
-38
-42
-37
-32
-40
-51
-49
-36
-29
-16
3
12
12
0
-8
-1
-1
-2
13
37
57
60
56
55
55
54
58
61
60
52
43
42
38
39
40
31
19
9
3
-1
-12
-21
-29
-33
-39
-36
-27
-21
-29
-32
-23
-23
-29
-38
-42
-31
-17
-10
-3
7
6
3
3
10
-1
-15
-15
-12
-7
-17
-8
16
28
29
16
12
24
29
21
23
25
10
-1
5
19
19
1
-4
-2
-10
-21
-7
14
20
23
22
18
14
7
-2
-3
-3
-2
-10
-17
-11
-6
-6
-1
-2
-13
-23
-17
-17
-24
-32
-28
-19
-23
-19
1
11
4
-4
-14
-20
-21
-19
-12
0
-3
-18
-7
0
-11
-12
-4
-1
-18
-32
-26
-16
-22
-24
-13
-7
-15
-24
-25
-26
-28
-26
-9
14
25
30
34
42
44
41
36
41
55
48
39
40
42
37
30
39
36
22
11
8
7
8
11
8
6
9
11
8
2
1
-5
-20
-28
-36
-50
-52
-49
-51
-42
-39
-44
-42
-42
-33
-33
-30
-18
-2
3
11
28
37
29
10
13
34
40
29
41
55
45
38
34
41
51
38
40
53
52
42
23
10
18
15
-5
-7
3
3
-11
-11
-5
-11
-26
-40
-48
-61
-73
-79
-78
-75
-77
-79
-72
-71
-68
-56
-46
-34
-28
-20
-9
5
17
29
34
29
23
37
46
45
38
38
33
27
35
43
52
50
47
42
29
16
17
19
-2
-8
-5
-5
6
17
22
34
35
17
12
3
-7
-5
1
9
16
14
13
20
25
15
11
9
-1
-15
-30
-37
-31
-31
-37
-40
-56
-70
-68
-75
-83
-82
-70
-61
-64
-67
-54
-54
-63
-51
-45
-52
-63
-56
-25
-4
11
27
46
59
58
54
53
62
68
60
60
79
84
70
61
67
63
46
42
52
58
46
39
53
63
60
61
67
58
44
36
26
12
-1
-24
-40
-36
-42
-47
-41
-47
-59
-73
-74
-68
-67
-64
-55
-48
-47
-40
-30
-20
-18
-7
6
12
8
3
7
2
-6
-8
-5
1
6
5
6
-1
-8
-8
8
24
33
38
44
46
31
22
31
29
12
12
22
25
24
18
13
6
-8
-28
-35
-22
-19
-35
-44
-35
-18
-15
-28
-18
2
-13
-29
-20
-10
-10
-9
-4
-2
-11
-33
-37
-37
-35
-27
-24
-25
-29
-30
-32
-25
-13
-18
-16
1
23
42
45
46
61
66
60
58
59
62
61
50
38
29
14
9
11
15
22
22
14
10
6
-11
-26
-34
-35
-33
-39
-34
-12
2
-9
-18
-20
-22
-38
-51
-39
-20
-21
-39
-33
-24
-29
-33
-30
-25
-13
-9
-22
-20
-8
-9
-7
5
15
8
-16
-9
23
44
44
43
48
47
45
44
63
68
53
42
35
34
21
16
14
16
19
11
9
18
22
25
27
26
22
10
-1
6
6
-9
-6
-1
-5
-6
0
-2
-5
-15
-26
-26
-14
-12
-10
-15
-18
-12
-25
-35
-21
0
-5
-9
0
4
-2
-18
-25
-21
-12
-9
-17
-20
-23
-38
-58
-61
-52
-43
-41
-35
-27
-22
-28
-31
-24
-19
-16
-9
0
4
10
7
0
10
17
16
8
1
6
12
8
11
29
40
37
27
18
13
4
-1
10
34
36
17
14
31
32
7
-1
18
23
2
-5
-3
-5
-18
-32
-26
-7
-8
-15
-4
-1
-10
-22
-26
-21
-20
-28
-22
4
12
2
3
16
22
11
5
20
31
32
34
36
30
27
16
7
-5
-7
-1
0
-1
1
11
14
23
35
38
39
39
32
25
14
3
12
15
12
15
18
18
11
2
-3
0
-4
-19
-33
-40
-41
-42
-40
-32
-28
-23
-31
-35
-23
-15
-27
-34
-28
-17
-14
-11
11
30
38
43
42
32
20
17
13
2
-6
1
0
-2
14
15
3
3
4
-2
-9
-22
-25
-27
-39
-41
-32
-19
-24
-24
-15
-13
3
0
-16
-17
-23
-37
-40
-30
-14
-11
-19
-11
-9
-25
-37
-37
-25
-15
-14
-10
-5
-12
-27
-27
-8
7
6
9
23
30
25
13
11
17
15
14
27
34
32
37
40
44
49
34
21
20
30
23
16
19
25
29
23
19
26
24
15
23
24
19
16
8
-1
1
14
17
20
27
24
14
7
11
12
6
0
5
6
3
1
1
-3
-7
-10
-14
-18
-29
-35
-37
-29
-22
-31
-36
-19
-6
-25
-38
-34
-31
-43
-57
-49
-40
-37
-32
-15
-2
7
6
4
6
0
-5
-7
-6
0
6
10
18
27
33
27
16
13
19
27
23
22
32
37
30
12
14
27
19
16
16
13
-3
-17
-14
-7
-19
-41
-46
-33
-22
-29
-30
-10
10
7
-4
7
13
3
-5
-1
15
10
2
9
9
-1
-5
-3
-2
2
1
-7
4
17
13
-2
-3
-2
-14
-20
-21
-15
-6
4
3
-7
-10
-14
-14
-16
-19
-12
-17
-27
-34
-36
-30
-34
-31
-19
-13
-19
-20
-14
-7
-2
-2
-1
3
11
10
15
41
52
44
52
66
51
27
23
28
17
15
31
34
24
20
16
11
13
3
-2
-7
-12
-9
-10
-9
-1
8
-2
1
14
9
2
3
7
3
5
17
18
13
13
16
16
20
23
21
10
1
1
-11
-12
5
14
6
-3
-19
-24
-19
-17
-24
-31
-20
-8
-19
-28
-12
-15
-34
-36
-23
-25
-31
-30
-18
-6
-2
9
19
21
6
-6
-12
1
9
-7
7
30
28
-3
-17
-13
-18
-30
-25
-5
1
-14
-23
-27
-26
-23
-21
-12
13
19
6
7
14
22
23
18
26
29
15
12
12
13
15
22
27
34
51
52
33
12
2
-3
-16
-19
-25
-23
-25
-21
-12
-15
-18
-25
-29
-39
-48
-52
-39
-22
-24
-29
-29
-26
-34
-43
-34
-30
-37
-40
-28
-14
-4
12
25
29
24
20
25
26
35
47
47
45
52
51
41
34
37
39
25
14
18
16
13
22
23
27
19
11
-8
-19
-14
-22
-22
-6
15
15
3
15
38
35
14
22
39
34
23
17
20
19
12
16
28
40
37
26
21
27
17
-8
-17
-8
-8
-32
-44
-28
-21
-25
-19
-5
-9
-38
-61
-62
-58
-59
-54
-42
-35
-35
-46
-54
-46
-37
-33
-28
-18
-21
-37
-39
-28
-29
-31
-20
-5
1
11
22
24
19
22
28
14
-1
-2
-1
-9
-4
4
6
11
20
20
27
35
35
30
25
17
0
-10
-16
-13
-17
-11
17
25
22
28
40
33
17
15
15
16
6
-3
-5
-11
3
26
28
34
46
35
19
10
5
-4
-8
-3
4
3
-5
-1
3
-1
2
-1
-12
-13
-11
-10
-11
-12
-9
0
2
10
12
0
-16
-30
-37
-46
-54
-51
-42
-34
-25
-6
16
23
11
15
19
4
-14
-16
5
19
19
13
14
14
7
2
15
21
20
20
15
17
16
4
-11
-8
3
-5
-12
3
12
6
-1
13
31
24
17
27
29
20
9
-2
-8
-11
-17
-23
-25
-15
-16
-12
1
9
11
6
14
8
-15
-24
-30
-40
-42
-43
-50
-48
-36
-27
-20
-24
-27
-24
-10
2
3
2
-3
-7
-10
-17
-20
-8
0
7
19
30
41
41
33
25
15
15
15
7
8
21
25
22
27
41
45
38
26
21
23
17
14
30
42
37
26
22
18
7
-10
-14
-20
-32
-44
-51
-51
-42
-35
-34
-22
-20
-18
-15
-23
-20
-10
-7
-6
-1
-3
-3
3
9
17
25
15
7
2
6
11
8
-2
-2
0
-17
-27
-11
-6
-30
-34
-19
-4
6
11
15
9
10
-2
-16
-16
-14
-15
-10
5
15
11
5
19
19
1
-19
-19
-14
-20
-21
-15
-20
-24
-22
-12
-3
-4
5
18
22
18
10
-2
-9
-2
8
10
13
7
0
1
17
25
18
24
31
31
21
28
35
25
27
32
24
10
13
22
14
11
15
23
17
15
21
15
9
15
12
8
11
11
4
-5
5
10
6
5
5
-6
-24
-19
-9
-15
-27
-23
-26
-38
-47
-53
-47
-46
-55
-63
-59
-43
-26
-13
-6
6
11
4
-2
0
2
2
3
4
4
5
1
-4
0
11
14
-2
-11
-13
-19
-31
-22
-3
-1
-9
-4
3
-11
-18
-15
-14
-17
-20
-21
-13
3
15
16
23
34
24
-1
-7
11
29
19
4
13
21
12
16
30
30
30
39
43
44
43
28
15
18
14
0
-4
4
15
1
-12
-7
-3
-11
-9
5
-2
-18
-27
-23
-16
-9
1
-1
3
16
16
10
1
-4
-7
-6
-2
-2
-9
-9
-9
-16
-13
-9
-3
5
11
19
20
12
12
5
-12
-15
-24
-31
-35
-31
-19
-20
-29
-20
-12
-11
-5
-4
-7
-8
-2
-9
-17
-9
11
13
8
27
44
43
45
52
44
24
20
22
24
20
27
36
39
36
27
15
-2
-2
-3
-14
-6
11
4
-23
-29
-21
-36
-53
-49
-42
-50
-48
-48
-54
-39
-26
-26
-23
-6
3
-13
-29
-11
-3
-27
-34
-10
3
-2
8
26
23
6
5
7
8
20
11
-4
-1
21
25
20
22
27
10
-10
-6
-4
-4
3
18
18
14
20
19
8
7
15
13
4
10
13
16
11
9
18
19
23
13
10
16
21
18
17
24
29
28
22
32
23
4
-4
-8
-15
-30
-30
-16
-8
-20
-30
-30
-45
-60
-60
-56
-48
-57
-55
-46
-51
-57
-50
-35
-29
-29
-31
-24
-21
-18
-15
-11
5
15
15
26
46
55
43
35
30
27
24
20
31
28
21
36
38
30
36
34
20
19
27
25
13
9
16
17
12
26
41
31
29
36
31
24
23
22
22
29
41
33
20
33
42
24
-2
3
7
-22
-30
-23
-20
-34
-40
-39
-44
-49
-55
-49
-47
-34
-26
-32
-19
-6
-16
-33
-30
-23
-31
-43
-33
-20
-34
-51
-53
-42
-39
-37
-34
-25
-15
-18
-21
-18
-14
-7
-6
-6
4
10
4
3
7
15
24
35
39
36
36
32
34
40
39
41
39
33
34
33
32
32
34
24
16
13
9
7
1
-4
-1
7
11
8
0
-6
-7
-9
-8
-2
-1
-1
2
1
-11
-27
-28
-26
-25
-31
-28
-16
-16
-20
-20
-19
-16
-21
-18
-7
-6
-14
-19
-13
-7
-17
-24
-19
-7
8
13
18
26
28
20
13
28
42
41
28
26
40
38
22
9
2
8
8
19
39
57
64
48
37
40
34
17
1
-2
-5
-14
-23
-19
-11
-10
-5
3
7
1
-2
-4
-8
-20
-34
-31
-20
-22
-25
-18
-14
-15
-13
-11
-15
-13
-13
-5
-5
-5
0
-4
-4
-18
-22
-26
-30
-21
-20
-18
-12
-12
-16
-6
2
-15
-28
-25
-22
-26
-29
-20
-8
-7
-2
14
14
-4
-5
2
-2
-8
-6
0
1
-1
2
2
10
5
-4
5
19
23
8
8
21
11
-5
3
28
31
18
25
29
20
7
8
22
20
8
-2
-4
0
-2
-9
-9
-5
-1
-2
-2
5
6
-2
-4
-5
-4
3
11
10
6
15
19
17
17
17
5
-8
-9
-5
-3
-7
-11
-4
6
7
0
1
10
11
5
9
19
17
-2
-12
-5
2
-4
-8
5
14
14
3
10
18
1
-13
-14
-10
-8
-15
-18
-10
0
-5
-12
-4
5
-4
-13
-8
1
5
1
14
31
30
24
22
17
12
-4
-12
-11
-4
1
2
4
1
0
-7
-9
-17
-25
-14
-15
-28
-28
-21
-27
-26
-22
-21
-27
-26
-12
-9
-18
-19
-15
-14
-5
5
12
15
10
2
-4
-5
-1
-9
-13
-8
-5
-8
-7
8
11
13
27
35
33
22
19
24
24
17
21
24
23
27
25
11
-4
-3
-6
-14
-2
13
10
0
1
12
6
-11
-19
-21
-27
-33
-35
-36
-36
-42
-58
-62
-40
-21
-23
-27
-10
-3
-23
-34
-10
8
10
19
27
37
32
22
23
32
45
46
50
51
47
32
19
26
37
29
19
28
21
1
0
9
7
-4
-6
-5
-15
-23
-4
7
-2
0
14
14
3
13
18
12
10
15
12
10
8
-9
-14
-9
-19
-41
-46
-26
-18
-36
-41
-18
-14
-29
-17
4
5
-4
-7
-2
5
4
10
12
2
-1
-10
-12
-7
-5
-15
-11
15
15
8
19
33
17
0
19
29
11
-4
-6
-16
-29
-25
-6
-3
-7
-9
-11
-3
2
0
-7
-5
10
14
4
10
24
17
12
12
3
-17
-18
-3
-20
-44
-34
-29
-46
-47
-34
-45
-60
-35
-11
-14
-16
0
0
-30
-31
-13
-16
-18
-8
1
1
12
24
14
7
33
55
32
28
63
63
39
39
43
12
-15
2
15
5
5
25
21
12
30
28
6
20
39
19
-6
3
14
-8
-7
18
9
-17
-12
4
-19
-37
-17
-12
-32
-27
-8
-5
-8
16
34
16
9
23
8
-22
-18
-13
-30
-28
-3
6
-11
3
23
17
6
28
44
31
27
40
37
19
29
37
23
22
42
40
25
41
48
32
14
15
11
-10
-17
-5
-2
-14
-10
-7
-24
-32
-23
-31
-61
-72
-70
-91
-109
-97
-89
-106
-101
-72
-65
-76
-81
-77
-87
-85
-63
-46
-37
-9
28
23
6
26
38
21
19
51
58
30
32
63
71
57
71
87
83
73
66
55
37
49
56
39
49
78
60
14
26
40
6
-18
12
31
0
-7
20
15
-17
-19
-10
-41
-61
-40
-38
-51
-26
-5
-29
-44
-26
-27
-54
-33
-5
-19
-44
-26
-13
-37
-31
13
18
-11
0
15
-20
-37
8
20
-8
-2
29
13
-15
9
20
2
6
34
35
19
37
46
20
24
44
27
2
32
49
10
0
35
33
-10
1
38
21
-5
22
31
1
-5
28
26
3
15
26
13
8
24
20
0
16
25
-14
-21
9
4
-18
0
6
-28
-39
-17
-26
-70
-67
-38
-38
-45
-20
-12
-49
-43
-25
-54
-88
-79
-59
-77
-77
-50
-39
-59
-59
-50
-62
-60
-41
-46
-66
-52
-36
-64
-58
-4
16
-8
1
39
38
19
25
48
50
50
62
71
63
68
67
60
68
92
88
62
74
89
77
68
93
103
84
82
104
97
76
85
82
62
52
56
37
8
-1
-3
-29
-41
-14
-8
-33
-27
-12
-34
-55
-37
-26
-53
-61
-28
-54
-97
-118
-91
-103
-116
-73
-42
-57
-60
-42
-50
-68
-44
-15
-30
-24
-12
-29
-47
-25
2
-9
-26
-6
-24
-66
-59
-58
-87
-83
-20
-7
-55
-48
3
-1
-8
47
83
64
67
136
150
120
130
158
129
123
121
94
62
86
110
73
27
56
68
21
37
81
67
23
32
31
-31
-85
-76
-69
-79
-59
-26
-47
-54
-15
-19
-80
-73
-45
-87
-117
-56
-17
-49
-57
-19
-14
-62
-55
-9
-14
-22
13
8
-23
12
36
25
-4
18
3
-42
-35
-22
-32
-72
-49
-24
-71
-71
-41
-26
-31
6
38
8
-10
13
34
27
47
89
76
10
-4
12
-17
-21
15
18
2
0
26
25
41
76
48
18
29
54
40
22
61
58
-11
-44
-4
-9
-51
-26
24
7
-30
-3
-2
-27
-19
-8
-12
-21
-8
-23
-46
-33
-11
-12
1
54
74
48
59
72
39
-42
-29
3
-22
-29
-8
6
-2
21
35
45
23
38
66
39
28
50
26
-2
26
34
10
12
3
-5
-42
-38
-18
-41
-52
-15
-27
-52
-38
-22
-78
-135
-82
-44
-63
-67
-10
-8
-34
-20
8
12
8
37
43
45
23
15
-22
-23
22
-17
-37
-2
64
44
6
42
76
40
30
88
96
56
30
47
53
17
-17
-10
-2
-6
-23
-58
-55
-41
-38
-66
-43
-50
-83
-119
-83
-69
-61
-71
-13
13
-6
18
54
72
66
68
76
54
31
25
28
21
28
29
34
12
18
-23
-1
34
32
16
0
-2
-34
-68
-81
-67
-86
-76
-15
26
-17
4
44
61
31
14
-4
-32
-14
0
14
17
3
-2
-4
8
22
-35
-66
-23
-27
-69
-75
-48
-44
-59
-31
8
8
-44
-44
-20
-33
-39
-38
-18
13
32
15
33
48
69
97
113
139
134
136
121
158
164
96
58
47
46
23
31
5
22
-2
13
7
1
33
22
0
-29
-18
-49
-87
-85
-44
-69
-72
-46
-16
6
-21
11
11
-16
-29
-54
-52
-46
-76
-72
-96
-111
-94
-106
-72
-63
-41
-82
-66
-55
-50
-40
-20
-8
10
5
68
83
47
37
58
57
31
85
123
127
138
114
148
79
24
37
11
2
-5
14
-30
-35
-32
-17
-6
42
28
59
33
19
-21
-59
-22
-36
-54
-71
-21
-28
-22
6
25
8
-7
14
-9
-13
-49
-31
-13
-2
-39
-47
-81
-74
-76
-80
-85
-66
-40
-35
-22
-19
-32
-51
-7
-83
-95
-106
-82
-83
-110
-21
-43
9
2
72
127
77
60
59
39
7
-7
19
-11
-34
-18
-23
14
61
59
14
66
101
55
50
108
143
157
112
134
118
85
32
39
60
19
36
27
92
110
134
152
166
179
125
99
42
30
-98
-99
-88
-8
7
-7
-3
-23
-5
-54
-16
-82
-104
-130
-79
-3
-2
-21
-8
65
37
-30
-10
20
-25
-92
-82
-34
-66
-92
-43
2
-32
-95
-110
-122
-158
-155
-187
-201
-138
-142
-153
-85
-53
-97
-76
-55
-21
-68
-50
-52
-37
-20
-6
-7
-22
19
87
38
46
24
12
105
28
75
74
102
42
60
73
10
-5
-11
-51
-5
10
65
94
91
94
132
113
154
96
95
81
34
74
18
29
5
-31
59
37
4
60
71
74
-58
70
37
49
-1
-35
-11
-76
9
-55
-37
-65
-13
-73
-49
12
64
-68
-39
84
-14
-43
-32
-1
-117
-165
-102
-65
-131
-77
-76
-105
-98
79
38
-2
28
47
-18
21
94
101
14
-2
148
79
108
111
136
68
8
198
55
67
42
76
89
23
127
19
41
-90
55
-25
-95
63
-82
-2
-80
50
-89
-88
33
-56
-97
-78
-38
-78
-129
-5
7
-88
-54
-82
-75
-223
-77
-41
-110
-67
-86
-45
-124
-169
-77
-83
-31
-16
66
-108
-44
120
63
66
-10
36
-55
-4
9
57
-9
-10
143
45
192
246
161
133
88
189
31
119
69
52
73
15
122
31
70
-24
7
-64
-107
-117
-157
-111
-121
-107
-117
-26
-29
7
-80
-105
-78
-46
-188
-115
-5
17
51
75
143
15
-4
-26
56
70
24
-113
38
-3
127
104
182
154
63
23
62
52
-29
-78
-147
-78
-36
114
-36
169
68
71
64
18
83
6
45
11
-2
-34
-83
-40
-19
-7
24
-38
21
76
-123
-39
-19
-88
41
-72
111
-79
-48
75
-38
80
-131
-44
-114
-95
-181
66
-4
6
-40
-45
-9
-166
16
-7
-27
46
45
33
-60
33
1
-125
-9
-103
-44
-42
81
55
-23
118
44
36
40
45
50
109
102
119
107
51
114
64
272
136
164
110
33
62
4
117
12
125
61
26
-28
102
-2
-53
56
-16
-15
-154
-158
-252
-168
-79
-79
-185
-142
-144
-277
-296
-170
-107
-268
-99
-55
-24
-92
-180
-34
-111
47
-1
73
56
4
-32
-46
-9
-13
5
62
63
60
92
13
27
139
28
-10
75
116
8
3
101
-82
-98
7
74
58
93
139
-24
7
43
-52
-8
-8
128
40
-12
141
-9
153
197
131
147
-25
92
159
111
145
131
174
80
105
182
139
21
92
-54
2
-15
-24
-5
-164
68
-235
-60
-32
-118
-208
-342
-14
-332
-226
-179
-20
-68
-235
-40
-91
-138
-217
-176
-161
-44
-198
159
49
52
76
126
171
191
164
136
98
161
198
145
198
165
204
243
263
252
197
41
-34
-9
5
-115
57
-89
-16
-20
-69
-20
-98
-119
-194
-261
-170
-216
-106
-122
-259
-136
-282
-37
-260
-36
-198
-206
-51
-223
29
-33
-51
-168
-197
-31
-1
-105
33
38
82
-24
24
161
119
40
71
194
335
23
151
175
87
145
93
353
172
-25
107
101
66
-28
-108
236
132
254
157
31
64
-288
-218
-130
-99
-126
-193
32
66
-134
110
72
126
-177
-125
34
-212
-153
-187
-31
-288
-36
20
23
18
5
-88
-116
79
55
-82
86
146
-123
53
189
128
87
26
288
59
-68
107
122
132
-63
187
336
130
40
271
255
189
94
213
118
-54
-13
-225
131
-212
-78
18
10
29
-103
165
-76
-150
-160
-99
-265
-300
-259
-228
-368
-225
-162
-13
-27
-187
21
-133
-3
-225
-259
-110
-266
-270
-94
256
18
13
208
147
67
-109
-3
-56
40
-112
-97
31
220
97
54
294
41
-4
-56
105
-45
-19
212
0
135
167
236
136
245
270
22
222
123
121
111
100
185
65
190
62
-27
101
-17
17
121
132
-17
60
-9
-125
-129
-231
-17
-333
-164
-190
-226
-47
-210
-149
-189
-143
-171
-284
-198
-226
-208
-323
-105
-101
-284
-84
-162
-8
-126
-100
85
65
-39
4
101
239
103
48
331
43
22
184
143
267
42
273
147
300
245
169
350
184
250
81
165
46
36
4
155
176
49
241
102
78
-48
34
48
-59
-81
-65
-40
-177
-108
-118
-36
-216
-276
-131
-130
-258
-333
-76
-195
-2
-333
-102
-152
-295
-150
-254
87
-203
-50
-56
106
124
10
1
74
136
2
130
162
213
-44
43
88
124
200
28
255
86
203
82
125
158
36
1
-115
213
32
13
69
75
40
102
44
-34
-33
-149
-237
-157
-45
-303
-211
-159
-114
-91
-13
-9
4
-19
-122
-74
-39
5
-154
-82
40
-121
102
74
128
85
11
74
25
163
-130
23
-12
-103
-21
-22
157
-6
-8
-56
-62
42
-6
73
25
-14
-46
-16
18
-21
-33
-138
11
38
-90
117
105
151
12
85
176
108
148
63
81
77
73
8
-2
63
103
-52
63
64
-131
-72
-145
-27
-106
-183
-93
3
172
73
78
135
117
26
-57
84
48
11
-44
-135
75
52
-37
-5
-1
-62
-224
-74
-129
-192
-151
-122
-172
-127
-39
-64
82
65
263
26
90
221
52
178
105
227
268
211
208
299
339
264
231
133
94
-104
-200
-240
-205
-222
-242
-128
-205
-283
-428
-273
-200
-361
-360
-272
-270
-408
-350
-199
-204
-294
-257
-277
-316
-390
-312
-98
-116
-171
-343
-179
-129
-293
-103
-93
-26
-82
-11
312
376
339
532
716
643
649
691
665
752
656
697
778
767
683
632
756
700
614
607
533
380
221
85
16
56
-50
-165
-192
-279
-290
-291
-277
-342
-197
-299
-414
-447
-575
-536
-553
-373
-513
-548
-517
-518
-337
-268
-180
-214
-132
-220
-253
-105
-222
-183
-94
-83
-253
-310
-299
-459
-539
-587
-441
-423
-379
-349
-190
113
81
37
181
306
281
199
356
461
461
429
528
662
573
551
577
605
543
468
423
442
332
211
139
56
-61
-158
-226
-282
-358
-502
-644
-781
-888
-889
-897
-811
-794
-875
-730
-609
-672
-673
-463
-430
-426
-386
-276
-108
103
366
710
1105
1402
1699
1961
2218
2416
2416
2237
2109
1861
1546
1368
1307
1127
786
604
370
134
-191
-471
-643
-818
-1014
-1338
-1450
-1679
-1766
-1801
-1861
-1832
-1927
-1862
-1816
-1597
-1391
-1316
-1260
-1233
-1168
-1134
-1145
-991
-826
-737
-606
-318
134
420
887
1437
2013
2489
2732
2982
3137
3183
3045
2731
2389
1930
1438
1040
662
171
-296
-674
-963
-1180
-1457
-1763
-2007
-1980
-2074
-2198
-2224
-2211
-2034
-1910
-1748
-1529
-1254
-1016
-688
-326
-86
-30
49
201
275
137
-91
-125
-144
-139
-75
9
-16
221
719
1234
1453
1765
2392
2949
3401
3582
3580
3396
3175
2891
2449
1918
1179
628
331
41
-426
-1054
-1224
-1289
-1455
-1775
-2089
-2183
-2240
-2266
-2435
-2605
-2808
-2785
-2574
-2370
-2157
-1838
-1370
-905
-433
-117
103
166
164
76
-146
-439
-772
-926
-1000
-1044
-1041
-970
-631
-72
460
941
1492
2180
2795
3304
3695
3793
3742
3715
3571
3024
2417
1833
1270
854
583
209
-295
-555
-443
-471
-722
-963
-1056
-1073
-1152
-1243
-1466
-1576
-1651
-1570
-1343
-1170
-963
-643
-271
130
342
329
325
298
147
-345
-836
-1369
-1934
-2277
-2465
-2693
-2836
-2677
-2374
-1854
-1049
-156
536
1220
2133
2985
3595
3847
3698
3629
3666
3586
3028
2296
1777
1450
1145
696
307
-128
-495
-689
-775
-1076
-1650
-1947
-2054
-2204
-2504
-2714
-2701
-2529
-2302
-2055
-1702
-1253
-774
-271
265
679
882
972
1005
874
543
138
-232
-850
-1557
-2135
-2349
-2416
-2430
-2257
-1956
-1257
-329
624
1329
1921
2767
3610
4167
4258
4023
3996
4040
3868
3329
2699
2149
1715
1577
1357
726
-8
-215
-224
-534
-1172
-1689
-1999
-2220
-2399
-2746
-3021
-3126
-2917
-2609
-2414
-2140
-1671
-973
-459
-178
-11
272
549
497
157
-348
-808
-1231
-1542
-1996
-2500
-2774
-2656
-2306
-2044
-1856
-1287
-75
1110
1754
2351
3246
4164
4900
5199
4955
4494
4418
4315
3738
2984
2285
1784
1595
1499
984
191
-334
-471
-709
-1236
-1937
-2460
-2629
-2765
-3007
-3242
-3293
-3112
-2694
-2198
-1711
-1125
-408
406
1114
1438
1585
1741
1682
1156
441
-255
-1019
-1750
-2388
-2930
-3503
-3775
-3623
-3394
-3272
-3108
-2325
-953
98
669
1454
2644
3746
4376
4691
4732
4594
4486
4346
3915
3209
2353
1822
1740
1351
439
-449
-686
-844
-1422
-2026
-2575
-3002
-3169
-3142
-3285
-3581
-3323
-2568
-1823
-1251
-600
298
1140
1815
2193
2264
2040
1786
1521
941
93
-767
-1422
-1864
-2280
-2883
-3487
-3640
-3405
-3241
-3184
-2875
-2087
-900
247
1117
1815
2843
4108
5033
5584
5640
5486
5558
5647
5210
4173
3242
2563
1958
1289
184
-1006
-1706
-1908
-2251
-3011
-3885
-4201
-4028
-3890
-3976
-3995
-3589
-2896
-2033
-1140
-436
194
1170
2100
2437
2288
2169
2115
1828
1242
324
-665
-1421
-1973
-2468
-3190
-3761
-3769
-3459
-3130
-3014
-2839
-2473
-1608
-257
821
1369
2125
3517
4808
5571
6003
6014
5861
5892
5783
5002
3751
2750
2054
1296
209
-937
-1789
-2401
-2830
-3243
-3808
-4439
-4544
-4065
-3721
-3785
-3553
-2605
-1618
-865
-198
504
1423
2366
2893
2952
2923
2886
2458
1651
672
-425
-1418
-2246
-2819
-3294
-3874
-4241
-4017
-3524
-3388
-3291
-2757
-2100
-1452
-470
636
1482
2343
3596
4908
5887
6638
6865
6517
6137
5778
5004
3612
2176
1022
101
-830
-1978
-2933
-3523
-3805
-4040
-4332
-4634
-4779
-4444
-3973
-3606
-3247
-2647
-1789
-828
61
663
1448
2500
3316
3427
3073
2883
2578
1723
572
-440
-1280
-2095
-2721
-3061
-3316
-3540
-3369
-2827
-2416
-2231
-1888
-1329
-880
-200
896
2056
2861
3776
5053
6109
6831
7356
7392
6927
6381
5642
4374
2616
944
-420
-1580
-2593
-3722
-4815
-5296
-5222
-5119
-5250
-5205
-4629
-3937
-3340
-2770
-2156
-1482
-768
238
1185
1728
2361
3022
3241
2943
2654
2486
1796
636
-471
-1437
-2282
-2900
-3286
-3646
-4030
-3970
-3345
-2755
-2361
-1922
-1260
-476
71
756
1768
2922
3794
4512
5587
6776
7786
8230
7975
7504
6850
5770
4184
2333
450
-1341
-2730
-3752
-4820
-5741
-5915
-5653
-5369
-5149
-4919
-4393
-3570
-2760
-2269
-1895
-1186
-324
432
1064
1615
2425
3029
3077
2846
2402
1759
828
-122
-1121
-2388
-3346
-3770
-4104
-4514
-4637
-4180
-3551
-3055
-2597
-2021
-1331
-608
-253
-57
698
1985
3261
3937
4642
5810
7034
7841
7928
7612
7062
6226
4975
3340
1379
-551
-1936
-2887
-4013
-5135
-5433
-5057
-4604
-4244
-3910
-3493
-2769
-1892
-1284
-1075
-708
86
866
1477
2026
2603
3087
3339
3217
2628
1655
725
-105
-1206
-2484
-3437
-3946
-4404
-4661
-4547
-4268
-3870
-3249
-2465
-1981
-1630
-949
-216
-36
150
1185
2669
3638
4245
5406
6976
8214
8763
8576
7906
7150
6270
4767
2647
502
-1218
-2605
-3879
-4942
-5649
-5866
-5583
-4929
-4366
-3989
-3309
-2273
-1462
-1126
-807
-142
625
1200
1599
1868
2174
2685
2940
2527
1745
1116
553
-535
-1909
-3059
-3964
-4598
-4981
-5114
-5344
-5381
-4665
-3801
-3367
-3032
-2244
-1299
-749
-530
-19
1113
2447
3730
4754
5830
7164
8419
9170
8882
7998
7204
6347
4853
2669
464
-1248
-2464
-3356
-4313
-5247
-5390
-4702
-3948
-3548
-3177
-2450
-1541
-716
-122
172
497
1111
1847
2207
2223
2348
2598
2674
2323
1582
702
-42
-827
-1949
-3337
-4460
-5032
-5320
-5608
-5873
-5700
-5063
-4342
-3789
-3399
-2722
-1694
-758
-178
137
865
2333
3715
4310
4870
5976
7248
7983
7846
7198
6478
5821
4796
3158
1110
-649
-1803
-2700
-3602
-4565
-5226
-4873
-3799
-3118
-2806
-2202
-1162
-34
660
997
1400
1950
2509
2709
2389
2017
2057
2077
1628
886
209
-269
-886
-1878
-2961
-3779
-4206
-4337
-4458
-4690
-4629
-3922
-2956
-2298
-1870
-1203
-216
717
1201
1321
1477
2187
3263
3919
4101
4420
5265
6091
6317
5948
5299
4724
4175
3090
1321
-648
-2176
-3122
-4064
-5083
-5737
-5744
-5100
-4390
-3841
-3163
-2259
-1079
38
630
896
1240
1743
2069
1883
1456
1384
1570
1426
849
258
-90
-325
-945
-1928
-2688
-3104
-3225
-3314
-3518
-3509
-3031
-2293
-1700
-1365
-948
-269
492
898
893
798
786
1384
2317
2726
2877
3489
4557
5540
5928
5701
5171
4691
4175
3031
1232
-599
-1751
-2558
-3509
-4406
-4704
-4266
-3501
-2797
-2126
-1341
-542
326
1002
1164
1034
932
892
779
419
-20
-139
129
215
-232
-696
-644
-420
-792
-1598
-2073
-2104
-2185
-2561
-2958
-2940
-2465
-1875
-1469
-1254
-907
-472
-178
-53
-18
-37
20
539
1379
1958
2243
2822
3957
5050
5430
5211
4931
4683
4240
3155
1664
379
-515
-1227
-2034
-2732
-3067
-2894
-2309
-1789
-1523
-1220
-696
-53
151
-55
-83
-6
-67
-168
-327
-421
-390
-188
-62
-280
-456
-225
-142
-695
-1371
-1598
-1549
-1657
-1916
-2054
-1913
-1542
-1009
-621
-508
-356
34
319
338
296
287
282
627
1359
1870
2111
2694
3811
4638
4658
4521
4491
4075
3266
2294
1104
-365
-1618
-2459
-3150
-3719
-3944
-3898
-3648
-3134
-2563
-2094
-1587
-891
-466
-565
-656
-362
-162
-378
-567
-404
-146
-87
-83
25
66
163
167
-121
-493
-597
-575
-775
-1091
-1224
-1123
-1038
-879
-752
-674
-395
-14
244
354
597
915
1057
1395
2116
2764
3065
3457
4151
4679
4820
4778
4528
3938
3325
2667
1601
341
-702
-1467
-2271
-2943
-3312
-3588
-3654
-3420
-3048
-2918
-2807
-2323
-1841
-1688
-1537
-1199
-1013
-888
-563
-317
-349
-208
275
414
100
77
361
238
-325
-535
-541
-784
-1027
-1124
-1121
-1080
-873
-635
-580
-437
-53
159
231
557
990
949
1028
1817
2578
2741
2851
3530
4281
4562
4497
4269
3825
3412
3027
2110
793
-305
-1024
-1790
-2654
-3204
-3550
-3699
-3635
-3423
-3279
-3164
-2653
-2056
-1813
-1593
-1071
-666
-426
-102
164
325
550
959
1115
876
877
1058
810
185
-114
-126
-440
-939
-1219
-1217
-1264
-1422
-1444
-1316
-1147
-962
-824
-733
-447
-128
-95
179
997
1705
1960
2346
3165
3847
4089
4206
4297
4008
3474
3015
2286
1103
-89
-949
-1680
-2430
-3114
-3567
-3747
-3655
-3373
-3142
-2938
-2400
-1729
-1415
-1170
-726
-223
109
383
654
836
1036
1216
1262
1144
1030
971
686
262
-61
-348
-805
-1270
-1527
-1681
-1789
-1698
-1436
-1276
-1066
-677
-340
-137
66
408
629
787
1352
2014
2459
2799
3359
4116
4582
4758
4621
4256
3967
3583
2754
1461
230
-668
-1505
-2393
-3086
-3589
-3841
-3660
-3313
-3083
-2857
-2326
-1733
-1451
-1142
-745
-570
-494
-281
16
37
11
324
569
464
342
330
154
-323
-755
-1120
-1569
-1906
-2093
-2255
-2292
-2077
-1714
-1544
-1352
-836
-493
-384
-70
454
693
663
1141
2019
2621
2923
3377
4110
4792
5208
5240
4968
4610
4295
3534
2277
1058
105
-939
-2013
-2692
-3158
-3506
-3543
-3341
-3035
-2784
-2388
-1753
-1400
-1195
-827
-540
-461
-324
-152
-53
37
192
288
186
89
96
-87
-555
-903
-1031
-1316
-1643
-1771
-1775
-1658
-1544
-1417
-1345
-1147
-763
-514
-540
-426
39
244
287
733
1490
2099
2534
3131
3831
4396
4656
4581
4245
3796
3380
2695
1666
596
-275
-1042
-1765
-2264
-2666
-2956
-2848
-2509
-2242
-2023
-1663
-1170
-922
-816
-529
-261
-201
-71
137
249
334
490
592
514
492
476
233
-188
-427
-485
-868
-1265
-1307
-1270
-1319
-1313
-1185
-1152
-1081
-847
-693
-765
-615
-191
-2
93
567
1295
1731
2053
2677
3360
3801
4071
4198
3873
3282
2875
2393
1404
254
-484
-996
-1602
-2218
-2638
-2879
-2863
-2685
-2532
-2373
-2052
-1647
-1419
-1271
-908
-508
-417
-241
94
327
414
551
647
452
219
106
-150
-609
-925
-1081
-1323
-1622
-1657
-1627
-1692
-1643
-1463
-1457
-1533
-1352
-982
-766
-607
-205
168
463
1025
1821
2481
2928
3496
4242
4853
5259
5299
4993
4535
4106
3475
2401
1199
216
-624
-1459
-2152
-2630
-2943
-3083
-2969
-2743
-2522
-2174
-1763
-1444
-1188
-835
-427
-192
-58
149
353
554
713
637
387
191
90
-192
-679
-1111
-1299
-1482
-1885
-2213
-2326
-2318
-2248
-2209
-2196
-2106
-1787
-1416
-1196
-1017
-635
-191
155
717
1487
2176
2647
3173
3913
4550
4801
4819
4730
4445
3994
3283
2326
1322
429
-405
-1232
-1881
-2227
-2405
-2594
-2572
-2209
-1793
-1522
-1278
-906
-541
-273
-36
219
351
356
493
707
761
643
542
566
499
95
-455
-935
-1345
-1789
-2284
-2629
-2734
-2770
-2840
-2865
-2721
-2484
-2206
-1863
-1493
-1119
-771
-418
-31
474
1167
1874
2436
2998
3751
4489
4907
4954
4864
4770
4483
3788
2720
1619
712
-116
-946
-1720
-2314
-2605
-2610
-2499
-2352
-2087
-1632
-1096
-706
-436
-159
163
369
421
473
517
553
561
478
275
75
-69
-316
-718
-1112
-1371
-1617
-1886
-2101
-2252
-2391
-2413
-2263
-2118
-2010
-1807
-1407
-965
-629
-294
75
433
891
1514
2158
2597
2951
3492
4131
4509
4501
4348
4151
3823
3277
2410
1299
263
-549
-1305
-2088
-2734
-3002
-2924
-2852
-2764
-2519
-2116
-1641
-1278
-1096
-894
-576
-280
-91
1
98
265
429
488
446
344
204
78
-79
-340
-666
-1073
-1428
-1667
-1911
-2188
-2277
-2171
-2023
-1839
-1554
-1169
-845
-602
-185
341
701
983
1454
2109
2627
2895
3197
3745
4252
4377
4162
3889
3665
3298
2539
1599
850
141
-635
-1241
-1644
-1977
-2159
-2059
-1780
-1593
-1509
-1209
-693
-391
-292
-91
133
198
239
323
427
576
666
638
496
324
207
-49
-572
-1074
-1474
-2027
-2590
-2964
-3272
-3497
-3521
-3392
-3209
-2956
-2553
-2090
-1710
-1292
-742
-316
-27
467
1074
1556
1921
2364
2936
3505
3937
4149
4107
3957
3846
3580
2920
2084
1335
728
186
-422
-1038
-1412
-1392
-1207
-1149
-1090
-822
-464
-201
15
276
468
570
706
867
857
834
944
944
789
630
453
130
-319
-811
-1405
-2099
-2600
-2801
-3118
-3609
-3740
-3483
-3265
-3086
-2668
-2205
-1833
-1417
-967
-627
-468
-159
357
785
1244
1822
2261
2718
3350
3847
3963
3932
3982
3803
3176
2403
1774
1060
236
-375
-882
-1423
-1678
-1615
-1526
-1404
-1134
-770
-467
-240
23
157
108
234
383
293
197
359
486
372
244
176
-10
-268
-432
-728
-1316
-1822
-1936
-2139
-2590
-2794
-2679
-2579
-2435
-2090
-1744
-1577
-1255
-688
-279
-69
228
550
753
1105
1678
2051
2263
2807
3448
3656
3649
3749
3669
3205
2799
2458
1701
785
285
-23
-562
-962
-920
-808
-848
-652
-288
-210
-128
278
451
101
-98
108
110
-252
-381
-315
-506
-719
-644
-699
-1125
-1343
-1295
-1566
-2058
-2313
-2388
-2638
-2908
-2903
-2831
-2757
-2440
-2044
-1842
-1520
-860
-302
-106
219
762
1048
1284
1825
2344
2537
2769
3297
3724
3826
3909
3934
3647
3248
2918
2334
1394
580
36
-518
-1100
-1463
-1639
-1810
-1798
-1577
-1448
-1353
-1002
-607
-517
-539
-446
-355
-384
-403
-436
-566
-612
-520
-644
-971
-1052
-1006
-1255
-1622
-1741
-1832
-2034
-2078
-1962
-1965
-1996
-1744
-1347
-1181
-979
-507
-124
101
458
880
1080
1218
1565
1956
2217
2552
2941
3185
3418
3813
4008
3764
3416
3152
2724
2030
1328
638
-121
-695
-985
-1389
-1809
-1758
-1364
-1195
-1054
-681
-327
-236
-141
38
-46
-282
-342
-409
-830
-1146
-1130
-1131
-1354
-1410
-1371
-1464
-1548
-1451
-1483
-1794
-1849
-1656
-1678
-1856
-1693
-1440
-1325
-1078
-590
-249
-43
310
683
817
985
1363
1500
1501
1863
2388
2553
2612
3022
3455
3566
3682
3822
3570
3069
2789
2429
1605
752
300
-191
-840
-1171
-1313
-1531
-1527
-1180
-999
-1166
-1100
-776
-857
-1244
-1388
-1515
-1936
-2214
-2310
-2613
-2971
-2917
-2651
-2673
-2676
-2284
-2002
-1988
-1751
-1409
-1462
-1531
-1202
-890
-937
-862
-485
-309
-235
175
628
632
744
1286
1529
1348
1496
1895
2011
2049
2512
2941
2957
3199
3800
4004
3703
3589
3645
3342
2839
2393
1693
971
626
419
-131
-642
-604
-476
-667
-736
-679
-946
-1284
-1330
-1553
-2310
-2821
-2825
-3049
-3549
-3605
-3278
-3113
-2966
-2460
-1982
-1756
-1404
-947
-770
-724
-407
-157
-291
-265
46
105
12
183
488
533
595
935
1024
821
927
1198
1087
833
1021
1360
1498
1757
2222
2521
2785
3321
3678
3448
3215
3344
3200
2529
1863
1382
831
324
32
-366
-949
-1117
-878
-1006
-1435
-1574
-1588
-1887
-2211
-2371
-2739
-3212
-3212
-2915
-2970
-3036
-2543
-1840
-1414
-1082
-659
-331
-104
63
41
-269
-466
-500
-768
-1081
-1112
-1027
-1014
-844
-461
-259
-177
175
620
690
632
881
1070
1041
1210
1619
1923
2190
2629
3085
3399
3799
4150
4055
3760
3668
3465
2713
1847
1326
773
63
-420
-778
-1299
-1616
-1519
-1604
-2140
-2497
-2433
-2587
-3046
-3337
-3527
-3808
-3835
-3495
-3279
-3147
-2571
-1735
-1217
-869
-298
177
319
446
550
283
-100
-176
-250
-628
-741
-407
-247
-290
8
467
608
689
1028
1257
1121
1143
1405
1394
1276
1584
2078
2255
2394
2857
3303
3556
3785
3815
3531
3322
3304
2908
2058
1431
1181
785
249
-66
-332
-729
-962
-1071
-1537
-2209
-2551
-2743
-3213
-3737
-3974
-4162
-4279
-3946
-3443
-3196
-2862
-2035
-1257
-921
-580
-23
235
121
83
36
-293
-633
-637
-549
-539
-315
47
240
422
736
987
957
901
900
732
604
670
599
354
537
1232
1769
2023
2480
3120
3594
3955
4217
4029
3488
3241
3164
2565
1632
1090
915
638
269
-19
-386
-794
-1024
-1327
-2048
-2834
-3325
-3751
-4250
-4562
-4667
-4708
-4449
-3765
-3064
-2554
-1880
-987
-380
-98
272
502
324
47
-69
-249
-616
-766
-614
-524
-411
-24
390
597
788
1002
953
719
545
267
-161
-374
-306
-268
-234
245
1057
1721
2303
2976
3610
4043
4400
4563
4266
3762
3426
2997
2266
1560
1081
623
179
-69
-363
-923
-1385
-1569
-1898
-2565
-3105
-3417
-3806
-4093
-4069
-3924
-3739
-3228
-2418
-1742
-1116
-276
463
781
920
1077
905
485
262
145
-258
-631
-541
-340
-323
-167
175
313
319
487
583
358
178
219
50
-279
-224
34
27
32
545
1311
1870
2406
3024
3397
3574
3865
3965
3503
2861
2491
2120
1516
957
500
21
-322
-415
-665
-1252
-1691
-1880
-2184
-2618
-2927
-3171
-3438
-3381
-3010
-2843
-2818
-2396
-1656
-1137
-814
-305
106
66
36
99
-119
-612
-927
-961
-1021
-969
-698
-433
-241
127
598
811
791
844
901
838
790
759
581
403
528
733
699
584
697
982
1356
1840
2180
2151
2147
2468
2723
2490
1994
1635
1338
1020
766
456
-24
-372
-487
-650
-1012
-1390
-1749
-2090
-2276
-2242
-2295
-2532
-2557
-2255
-1952
-1794
-1586
-1367
-1191
-926
-503
-222
-227
-250
-165
-109
-97
-142
-283
-340
-75
341
553
646
896
1182
1348
1396
1350
1103
772
663
599
365
124
24
-53
-112
-52
-51
-267
-355
-49
376
656
931
1257
1541
1898
2361
2484
2150
1775
1703
1650
1384
1071
699
341
219
255
-34
-747
-1352
-1589
-1793
-2081
-2359
-2647
-2896
-2775
-2382
-2204
-2196
-1966
-1606
-1339
-999
-558
-350
-317
-57
314
395
348
501
619
537
656
1032
1093
864
881
1039
876
521
275
-64
-572
-780
-705
-817
-1075
-972
-654
-504
-359
-132
-59
75
679
1362
1592
1725
2173
2687
3000
3220
3238
2802
2259
2119
2028
1481
829
410
60
-279
-415
-676
-1423
-2103
-2207
-2287
-2679
-2916
-2872
-2891
-2781
-2255
-1763
-1708
-1611
-1121
-752
-629
-310
50
95
143
481
730
628
601
757
682
444
471
499
177
-139
-138
-221
-563
-761
-802
-960
-998
-695
-552
-768
-866
-660
-532
-506
-260
21
209
770
1763
2446
2649
3049
3695
3992
3905
3732
3362
2687
2212
2055
1618
847
322
31
-394
-853
-1153
-1559
-2211
-2669
-2779
-2951
-3246
-3312
-3185
-3035
-2611
-1939
-1442
-1091
-583
22
467
812
1131
1213
1028
987
1065
883
531
366
273
59
-41
-6
-183
-579
-769
-816
-1036
-1288
-1318
-1318
-1363
-1178
-888
-848
-897
-674
-387
-301
-228
56
517
1104
1926
2756
3220
3560
4045
4395
4213
3703
3133
2381
1597
1061
647
82
-424
-645
-707
-849
-1042
-1329
-1793
-2248
-2527
-2728
-2926
-2890
-2641
-2375
-1896
-1098
-360
16
279
638
864
859
833
779
533
248
136
59
-106
-235
-255
-362
-534
-541
-504
-624
-768
-812
-886
-1076
-1168
-1167
-1259
-1390
-1355
-1205
-1107
-1027
-852
-561
-206
172
564
1010
1673
2467
3036
3308
3494
3650
3617
3407
3078
2528
1872
1454
1270
1020
714
578
468
233
-93
-406
-808
-1370
-1888
-2191
-2387
-2519
-2466
-2174
-1843
-1546
-1161
-712
-389
-316
-426
-546
-606
-641
-655
-598
-447
-323
-223
-7
257
320
176
18
-165
-418
-685
-910
-1111
-1315
-1410
-1313
-1120
-899
-727
-615
-570
-532
-523
-539
-478
-337
-160
55
491
1217
1977
2597
3086
3421
3568
3633
3625
3421
2968
2543
2294
2109
1930
1753
1538
1272
979
592
33
-566
-1088
-1621
-2173
-2561
-2712
-2686
-2490
-2150
-1863
-1725
-1591
-1406
-1285
-1322
-1309
-1200
-1150
-1074
-818
-512
-339
-110
156
185
49
-9
-13
-222
-532
-721
-792
-822
-677
-459
-368
-312
-211
-173
-248
-282
-299
-498
-661
-572
-410
-321
-67
489
1035
1556
2238
2942
3278
3398
3554
3582
3253
2857
2651
2313
1793
1473
1296
1051
820
699
436
-109
-661
-1125
-1693
-2312
-2688
-2894
-3070
-2989
-2576
-2171
-1876
-1488
-1139
-1042
-1038
-844
-676
-709
-629
-370
-204
-101
205
483
482
380
305
93
-295
-578
-707
-850
-884
-714
-565
-506
-376
-233
-279
-430
-495
-598
-824
-981
-948
-857
-666
-193
421
847
1181
1657
2201
2596
2949
3264
3295
3135
2973
2812
2601
2405
2170
1770
1382
1126
910
574
273
13
-488
-1147
-1641
-1940
-2307
-2662
-2727
-2612
-2531
-2376
-2056
-1759
-1566
-1412
-1313
-1325
-1376
-1371
-1348
-1182
-808
-355
0
337
690
891
874
826
794
586
252
-40
-223
-431
-552
-503
-417
-299
-154
-18
32
47
78
65
84
204
403
619
851
1140
1399
1621
1925
2291
2578
2782
2966
3074
3002
2809
2593
2287
1903
1526
1207
921
667
388
67
-185
-421
-761
-1251
-1725
-2201
-2762
-3258
-3549
-3696
-3821
-3773
-3473
-3161
-2899
-2558
-2134
-1818
-1645
-1439
-1189
-939
-665
-282
117
462
825
1115
1240
1231
1203
1073
828
590
406
244
114
91
124
157
295
512
628
595
531
458
369
310
295
295
354
522
751
954
1092
1274
1428
1571
1830
2067
2150
2082
2005
1859
1644
1425
1306
1144
893
673
470
208
-106
-440
-759
-1111
-1467
-1791
-2158
-2496
-2725
-2816
-2850
-2716
-2441
-2204
-1982
-1749
-1544
-1443
-1366
-1213
-1041
-863
-641
-355
-101
139
407
629
783
899
929
858
796
789
798
768
820
968
1039
1023
1029
1025
901
726
587
467
311
195
199
223
241
281
355
453
528
605
640
708
875
1081
1223
1360
1507
1489
1343
1203
1038
795
567
421
290
154
57
16
-87
-291
-489
-724
-1020
-1298
-1535
-1772
-1977
-2098
-2153
-2211
-2210
-2118
-2068
-2056
-1965
-1831
-1737
-1613
-1355
-1082
-874
-583
-170
204
451
717
990
1148
1210
1298
1392
1403
1408
1446
1449
1400
1314
1180
1011
832
624
408
184
19
-113
-275
-366
-343
-313
-345
-305
-191
-117
-111
-47
123
291
413
519
621
672
671
656
665
699
721
699
719
751
669
474
286
105
-134
-423
-643
-833
-1080
-1263
-1309
-1277
-1265
-1232
-1201
-1184
-1170
-1142
-1172
-1234
-1193
-1042
-885
-709
-449
-185
12
185
371
464
449
470
499
472
463
513
566
552
595
722
807
831
856
816
660
558
572
568
509
495
514
449
403
436
407
321
349
442
420
358
410
478
450
416
465
459
368
354
428
396
300
324
353
299
237
172
12
-181
-258
-316
-471
-589
-611
-695
-843
-894
-913
-1029
-1171
-1219
-1268
-1444
-1557
-1543
-1544
-1591
-1498
-1292
-1162
-1064
-886
-724
-671
-583
-429
-320
-227
-28
194
340
459
617
703
715
786
884
862
783
813
860
831
866
1019
1093
1080
1161
1277
1265
1222
1244
1173
981
861
830
712
555
538
574
491
386
399
387
258
162
131
45
-69
-125
-172
-281
-375
-406
-477
-585
-628
-655
-731
-772
-741
-742
-841
-887
-825
-844
-950
-975
-934
-970
-1005
-946
-869
-849
-777
-618
-566
-609
-587
-557
-596
-625
-574
-526
-503
-416
-274
-175
-95
59
215
277
352
482
558
592
698
875
955
978
1077
1169
1124
1046
1069
1058
965
923
944
924
874
886
886
793
669
584
509
392
334
275
161
90
89
46
-82
-169
-198
-316
-490
-566
-568
-624
-687
-609
-523
-528
-490
-369
-324
-392
-436
-422
-462
-539
-566
-560
-596
-601
-534
-495
-491
-458
-408
-392
-381
-347
-332
-319
-256
-187
-173
-145
-24
108
169
241
387
489
493
539
605
591
539
551
590
555
493
479
479
448
412
397
353
303
277
218
110
16
-36
-137
-240
-257
-225
-238
-238
-160
-100
-103
-96
-53
-44
-56
-24
15
33
39
60
92
82
55
38
3
-52
-83
-110
-171
-223
-240
-226
-194
-184
-186
-201
-197
-196
-262
-354
-425
-467
-523
-550
-518
-476
-417
-333
-232
-151
-88
-38
-13
3
2
-23
-90
-153
-173
-184
-213
-185
-108
-42
17
80
152
210
240
281
303
277
253
225
208
226
301
415
530
642
725
789
853
868
843
787
730
681
614
574
571
577
543
524
521
476
411
343
268
172
82
16
-70
-145
-186
-227
-274
-315
-346
-391
-462
-525
-545
-583
-649
-695
-724
-756
-773
-752
-701
-666
-638
-644
-671
-689
-692
-708
-734
-704
-670
-655
-650
-606
-529
-496
-448
-356
-266
-225
-158
-31
42
90
169
259
313
354
420
439
449
504
569
603
619
642
663
664
700
755
756
723
732
755
732
721
761
755
702
702
721
691
611
561
524
418
303
229
166
65
-18
-78
-148
-190
-218
-276
-382
-455
-492
-572
-650
-679
-723
-822
-858
-828
-824
-869
-873
-817
-814
-864
-892
-875
-869
-838
-775
-727
-671
-578
-441
-343
-254
-123
-43
3
82
170
214
252
341
435
477
536
645
720
751
792
854
858
854
907
921
867
831
841
813
752
735
741
720
683
649
604
532
484
424
333
230
149
51
-95
-161
-216
-316
-387
-392
-387
-475
-524
-556
-606
-733
-840
-875
-946
-1003
-1049
-1040
-1055
-999
-928
-871
-826
-757
-670
-652
-570
-473
-378
-321
-203
-63
24
123
216
291
316
397
488
527
525
568
607
552
538
577
593
532
536
583
593
553
522
551
520
475
455
457
415
396
411
372
322
294
266
201
177
182
174
130
98
100
52
23
24
49
-11
-60
-107
-191
-281
-365
-406
-501
-568
-618
-636
-669
-658
-604
-595
-562
-536
-501
-516
-524
-506
-482
-446
-394
-331
-312
-285
-238
-196
-179
-133
-78
-64
-54
-23
9
29
59
95
119
106
103
142
166
203
245
274
311
340
366
379
405
428
452
485
538
588
594
595
612
627
599
581
573
543
509
490
456
404
342
267
177
105
48
-27
-103
-164
-198
-263
-355
-397
-445
-544
-637
-652
-645
-652
-637
-580
-580
-583
-560
-542
-538
-539
-512
-515
-492
-425
-343
-318
-293
-212
-144
-135
-125
-92
-96
-107
-64
-24
-40
-46
-22
-29
-35
19
86
110
145
259
366
411
467
562
630
666
737
827
878
917
962
959
953
961
956
913
880
876
801
685
587
510
381
216
128
57
-58
-189
-265
-331
-456
-523
-552
-605
-681
-728
-748
-775
-796
-800
-799
-823
-850
-861
-869
-878
-846
-811
-799
-785
-763
-757
-730
-653
-597
-590
-583
-519
-466
-451
-409
-334
-266
-225
-157
-52
24
65
158
299
433
539
637
738
822
890
962
1045
1116
1164
1189
1201
1207
1214
1206
1173
1143
1105
1028
923
833
753
643
504
403
324
214
117
48
-16
-106
-173
-220
-288
-351
-417
-489
-564
-644
-718
-784
-856
-915
-966
-1023
-1053
-1055
-1062
-1071
-1080
-1088
-1093
-1091
-1066
-1025
-1007
-973
-907
-835
-756
-649
-514
-407
-295
-185
-81
-6
61
160
269
386
506
636
740
846
983
1092
1177
1266
1352
1383
1380
1398
1405
1364
1321
1300
1258
1180
1092
1030
949
830
728
619
486
354
244
143
25
-95
-200
-296
-383
-454
-528
-608
-698
-753
-806
-890
-932
-948
-975
-1007
-1021
-1013
-1027
-1030
-1018
-1008
-1006
-1007
-982
-968
-979
-961
-910
-865
-812
-741
-667
-593
-498
-400
-317
-228
-133
-16
81
192
324
453
582
694
827
926
992
1061
1142
1214
1254
1266
1264
1262
1244
1194
1138
1114
1079
1013
924
836
732
599
457
321
191
51
-92
-234
-355
-444
-513
-575
-619
-627
-627
-678
-727
-751
-762
-801
-830
-807
-778
-744
-705
-651
-597
-542
-475
-398
-334
-292
-259
-245
-233
-211
-190
-159
-119
-83
-42
0
65
141
221
289
334
369
376
389
409
420
428
458
511
532
535
559
602
629
630
644
639
594
534
485
446
370
290
246
206
132
38
-52
-137
-220
-304
-381
-432
-498
-568
-617
-679
-736
-774
-778
-789
-805
-787
-754
-717
-683
-629
-572
-526
-466
-399
-325
-257
-215
-152
-61
30
94
136
181
234
293
343
404
476
522
562
606
652
678
689
691
700
702
673
632
604
591
583
540
473
426
393
353
302
254
194
122
59
2
-43
-80
-120
-144
-166
-201
-266
-334
-371
-400
-446
-511
-539
-537
-555
-584
-614
-630
-627
-628
-627
-608
-589
-582
-565
-523
-471
-427
-376
-315
-255
-195
-141
-70
-20
43
103
134
177
221
271
316
372
446
494
520
544
584
596
595
631
648
658
653
650
637
588
553
515
458
396
353
303
255
201
137
70
4
-40
-99
-164
-195
-220
-269
-326
-374
-406
-450
-481
-477
-477
-505
-512
-491
-499
-519
-516
-496
-487
-486
-469
-446
-433
-390
-327
-290
-280
-237
-185
-157
-118
-84
-47
-18
35
79
94
129
168
194
194
210
228
261
310
357
384
381
407
449
466
468
487
491
476
488
492
470
456
466
463
402
353
342
313
259
224
204
156
96
47
20
-30
-78
-104
-140
-179
-205
-229
-264
-300
-311
-339
-387
-402
-391
-389
-405
-382
-367
-386
-404
-406
-412
-434
-425
-399
-384
-361
-320
-286
-282
-266
-230
-219
-221
-194
-150
-130
-115
-71
-28
-15
20
86
112
143
211
273
299
324
364
373
356
356
369
363
347
354
375
367
364
380
387
375
357
335
307
275
235
179
129
106
103
66
35
26
5
-15
-35
-61
-117
-173
-202
-219
-255
-290
-308
-337
-343
-325
-298
-301
-314
-274
-248
-237
-243
-226
-197
-178
-169
-175
-176
-170
-164
-160
-117
-77
-63
-47
-9
39
51
65
107
144
143
140
176
207
226
237
245
254
255
261
251
257
280
297
307
303
304
284
233
199
173
136
104
92
73
42
38
38
35
4
-33
-69
-133
-171
-178
-193
-216
-218
-205
-195
-204
-219
-213
-209
-201
-200
-214
-213
-202
-203
-227
-216
-195
-203
-205
-184
-152
-157
-163
-138
-121
-111
-98
-62
-40
-27
-15
2
34
67
105
130
147
179
193
185
190
210
215
201
210
233
223
208
216
219
199
188
177
150
127
127
120
86
70
88
79
48
45
51
27
-9
-14
-4
-30
-69
-79
-92
-133
-148
-137
-136
-137
-110
-79
-66
-58
-53
-78
-125
-146
-146
-151
-143
-116
-103
-112
-114
-98
-100
-84
-48
-41
-51
-29
-6
-8
-17
-3
23
13
6
32
61
76
109
139
138
124
125
124
99
84
88
94
97
101
121
125
110
105
99
94
93
99
77
58
61
56
35
8
-2
7
6
2
5
-3
-28
-48
-71
-94
-104
-109
-115
-109
-93
-78
-89
-106
-95
-98
-120
-124
-108
-101
-96
-78
-61
-58
-64
-76
-85
-86
-69
-47
-37
-23
-6
-2
-1
4
17
31
53
79
91
80
60
50
34
20
14
17
27
39
49
56
54
46
31
12
11
31
45
46
36
35
36
32
35
58
70
65
64
68
64
40
31
28
23
2
-6
9
4
-3
-5
-2
-11
-21
-18
-36
-54
-74
-69
-42
-42
-51
-51
-45
-47
-56
-56
-40
-24
-25
-30
-44
-60
-76
-85
-69
-52
-16
23
45
49
37
9
-16
-14
8
22
19
22
28
26
15
25
41
39
23
25
38
39
38
36
37
47
54
61
63
53
44
38
26
11
12
18
19
24
32
35
20
7
2
-2
-7
-8
-15
-28
-32
-35
-42
-49
-37
-27
-32
-30
-25
-30
-35
-29
-32
-39
-40
-33
-28
-20
-20
-31
-46
-46
-33
-22
-19
-15
1
11
-4
-19
-12
-11
-25
-41
-40
-37
-37
-34
-4
24
26
26
20
20
3
-22
-22
-2
-1
-9
6
24
33
29
43
60
58
60
69
68
55
58
58
48
31
28
40
51
54
58
63
61
59
42
15
-13
-21
-17
-29
-40
-46
-46
-53
-55
-49
-41
-48
-72
-64
-45
-34
-29
-20
-2
6
7
-7
-7
0
-12
-28
-24
-10
0
1
-1
4
-1
-8
-13
-5
-11
-31
-33
-13
-12
-30
-20
-14
-18
-11
14
41
52
55
57
42
0
-15
1
5
-7
0
29
40
19
9
21
21
19
31
49
52
47
46
34
7
-10
-26
-22
-1
8
7
8
23
27
17
3
-2
-16
-47
-72
-74
-55
-49
-47
-29
-14
-2
5
14
28
27
10
-11
-9
-9
-21
-11
3
12
-3
-22
1
20
15
12
11
-9
-41
-50
-28
-15
-17
-14
-15
-29
-36
-44
-49
-29
-18
-13
-12
-7
-6
-5
13
42
59
63
61
56
54
52
54
51
41
26
23
22
6
4
0
-10
-21
-26
-13
-18
-17
-21
-43
-52
-58
-53
-48
-32
-10
-1
0
-2
6
21
31
38
40
32
19
15
22
30
32
28
29
24
10
8
0
-8
-2
-11
-22
-14
-7
-16
-21
-20
-35
-36
-42
-50
-48
-45
-26
-14
13
30
45
44
39
41
20
16
15
30
23
0
19
29
29
36
43
42
12
-22
-38
-50
-73
-103
-87
-62
-66
-69
-58
-28
-24
-25
-1
30
36
6
10
47
52
46
72
108
106
64
60
74
59
42
68
99
66
41
33
25
-1
-14
21
38
30
22
27
11
-21
-28
-35
-48
-62
-76
-86
-86
-76
-75
-64
-51
-55
-52
-51
-72
-96
-114
-123
-129
-118
-82
-41
-33
-53
-52
-55
-95
-136
-123
-85
-58
-40
-7
37
40
43
80
109
120
131
140
143
133
137
155
159
153
146
132
111
87
57
53
41
26
28
35
33
3
-11
-2
-11
-47
-71
-59
-50
-81
-106
-86
-48
-44
-37
9
37
31
12
21
25
1
-12
-9
1
-4
-22
-16
0
16
9
5
12
-2
-30
-58
-62
-56
-54
-68
-81
-88
-106
-123
-97
-31
13
30
35
43
36
15
22
37
36
24
27
42
52
53
62
90
113
109
76
61
52
35
9
20
41
26
-2
-1
5
-31
-46
-28
-20
-52
-72
-58
-65
-81
-78
-41
-36
-55
-49
-37
-45
-52
-30
-21
-27
-33
-30
-10
-1
15
17
16
25
29
26
14
14
-2
-17
-29
-27
-26
-20
-7
-7
-6
-5
9
20
35
52
72
75
66
63
59
54
31
24
38
51
55
70
80
71
52
32
16
-1
3
2
-5
-9
-8
-15
-27
-36
-43
-53
-80
-77
-65
-69
-70
-69
-57
-60
-61
-62
-73
-75
-71
-61
-57
-41
-14
8
32
33
29
47
72
67
58
74
75
63
55
66
67
37
31
45
34
7
-2
13
21
6
-12
-5
-7
-17
-16
-2
1
-14
-25
-22
-28
-54
-56
-31
-24
-24
-16
-3
8
0
-16
-12
-3
-12
-14
-4
-7
-27
-45
-37
-27
-31
-13
21
39
42
53
69
62
39
36
39
13
0
9
3
1
4
36
48
32
28
37
37
25
23
36
25
-13
-23
-23
-23
-25
-19
4
18
21
11
3
-2
-3
-9
-19
-12
-14
-47
-73
-76
-67
-59
-46
-29
-36
-39
-34
-36
-48
-40
-23
-32
-36
-18
-2
-2
-3
8
9
-3
7
31
53
54
54
37
12
0
-3
-2
0
32
62
64
41
19
4
-18
-18
-24
-19
-11
-23
-29
-28
-8
-16
-33
-34
-23
-27
-41
-22
14
21
17
34
47
31
17
10
11
7
-1
13
11
9
18
29
24
14
14
20
20
14
23
30
31
32
37
39
25
22
15
10
5
9
34
51
60
42
24
10
-17
-37
-45
-48
-65
-86
-85
-72
-65
-65
-47
-15
-6
1
18
36
31
16
9
6
12
21
34
39
41
41
38
26
4
8
17
-6
-21
-26
-38
-60
-56
-31
-27
-30
-46
-60
-59
-48
-35
-27
-38
-51
-54
-65
-69
-54
-22
0
-5
-5
18
44
42
41
56
56
35
40
61
73
53
35
38
29
15
12
24
41
36
14
16
27
17
8
10
-1
-25
-43
-32
-18
-12
-3
20
26
8
8
31
37
6
-12
-20
-41
-58
-44
-14
-7
-12
-9
5
19
16
19
29
6
-25
-22
-8
-10
-31
-29
-22
-32
-27
-23
-8
1
3
16
9
10
22
48
50
39
27
14
19
19
26
33
30
4
-18
-6
6
-16
-27
-12
-22
-50
-50
-30
-38
-45
-26
-10
-41
-60
-18
-4
-16
-18
1
12
-3
-13
16
41
28
23
26
26
4
-18
-13
-6
-9
-7
-9
-12
-6
-8
-16
-12
-24
-44
-40
-36
-40
-32
0
29
28
29
45
55
46
58
81
86
70
65
77
77
60
60
75
72
57
63
70
73
74
57
40
20
-3
-16
-15
-20
-37
-54
-53
-64
-81
-73
-84
-111
-123
-114
-104
-110
-91
-54
-54
-77
-79
-65
-54
-51
-42
-31
-45
-52
-34
-9
9
28
35
36
36
19
16
27
24
16
2
7
15
21
37
54
60
49
42
48
41
35
35
42
41
52
87
98
88
81
84
69
35
28
38
45
31
10
-3
-22
-31
-37
-43
-49
-62
-77
-89
-76
-74
-85
-76
-66
-69
-80
-81
-74
-63
-64
-68
-73
-70
-44
-25
-17
3
27
32
24
31
28
19
10
12
25
36
43
31
31
33
35
44
46
66
73
62
51
32
19
16
26
21
28
39
38
38
36
36
31
24
19
24
23
16
33
53
52
61
62
49
36
28
25
-5
-25
-26
-32
-39
-43
-25
-2
10
16
4
-9
-22
-52
-62
-64
-62
-67
-67
-55
-63
-66
-62
-51
-41
-57
-65
-62
-68
-71
-75
-81
-87
-83
-70
-57
-46
-31
-15
4
8
16
24
41
54
44
38
39
39
25
22
35
31
22
32
52
41
34
62
93
94
75
86
93
80
77
80
67
41
40
38
9
-8
-4
-17
-41
-40
-28
-35
-39
-38
-42
-40
-39
-45
-67
-82
-83
-84
-90
-75
-41
-26
-22
-10
-3
2
9
21
8
-10
2
6
0
15
49
71
51
44
50
34
18
12
22
18
2
-4
-10
-6
12
25
32
32
39
24
4
21
36
29
10
3
0
-6
-13
-20
-19
-17
-23
-21
-20
-21
-12
-10
-8
11
18
5
7
22
21
5
-6
-9
-17
-29
-31
-27
-22
-18
-12
-4
-6
-16
-21
-29
-24
-19
-19
-15
-20
-20
-26
-36
-34
-29
-21
-7
3
22
35
50
58
60
59
47
35
16
6
5
4
-8
1
26
32
27
20
19
9
-13
-26
-20
-17
-33
-27
6
21
8
4
5
8
13
20
36
39
28
11
0
3
-9
-21
-16
-11
-17
-26
-23
-24
-28
-26
-26
-33
-38
-23
-5
-6
-17
-16
-15
-25
-36
-32
-28
-37
-36
-23
-23
-23
-17
-16
-20
-15
-8
-12
1
26
24
3
-23
-25
-16
-12
-12
1
-7
-2
25
25
20
37
59
61
60
53
57
68
72
86
78
53
54
66
58
47
46
43
30
20
19
0
-25
-24
-22
-41
-56
-37
-32
-43
-39
-17
2
0
20
47
47
20
2
6
-11
-33
-31
-18
-14
-21
-24
-24
-40
-54
-51
-30
-35
-48
-45
-46
-54
-62
-39
-39
-59
-59
-32
-18
-38
-32
5
24
25
49
87
73
52
60
73
61
35
48
68
54
25
28
34
18
-5
3
27
6
-43
-44
-32
-74
-116
-86
-30
-43
-87
-60
-16
-41
-73
-25
21
-24
-55
-3
27
-13
-11
38
50
10
15
65
65
17
11
52
58
35
52
97
103
42
21
60
57
-11
-42
4
26
-33
-40
20
15
-37
-9
61
32
-33
-8
59
15
-44
-5
24
-39
-59
23
44
-35
-73
-10
-2
-82
-93
-41
-35
-82
-81
-27
-30
-87
-86
-15
-11
-61
-53
11
18
-36
-28
57
68
-4
11
91
94
17
32
127
88
-9
35
120
88
27
56
93
22
-30
33
74
20
-6
35
45
-6
-26
26
30
-23
-27
15
4
-40
-48
-1
34
-4
-30
-5
1
-66
-116
-74
-38
-80
-98
-22
0
-70
-62
14
12
-65
-54
8
-16
-75
-45
6
-38
-72
-19
13
-25
-39
43
79
38
22
43
38
1
-10
6
9
-18
-12
12
19
18
26
37
31
23
32
51
59
54
60
76
63
30
22
24
-5
-27
13
57
35
8
32
50
9
-8
21
5
-51
-63
-19
-14
-74
-73
-10
-5
-34
0
43
-13
-75
-27
30
-11
-45
15
50
-9
-33
37
55
-12
-25
35
12
-79
-81
-21
-40
-95
-71
-8
-30
-103
-102
-53
-62
-99
-68
-5
-12
-64
-34
56
58
18
57
131
101
26
68
129
66
2
86
151
67
13
108
152
51
31
130
120
-3
-17
75
48
-64
-56
25
-7
-85
-57
-3
-61
-157
-136
-57
-83
-162
-147
-87
-116
-191
-147
-6
2
-93
-51
67
30
-54
22
128
40
-45
67
152
49
-20
89
126
11
-5
104
114
2
-1
99
88
-3
8
87
79
12
-3
34
44
9
13
72
95
49
31
57
41
-8
-1
37
-10
-81
-44
6
-45
-84
-3
33
-63
-98
-17
-18
-131
-135
-54
-83
-154
-103
-31
-66
-111
-67
-15
-31
-53
-45
-39
-51
-71
-56
22
67
30
8
63
86
24
15
83
54
-60
-61
30
9
-43
46
116
36
5
117
145
56
55
142
121
44
85
160
97
32
68
77
29
25
64
33
-29
-50
-73
-128
-128
-105
-137
-165
-119
-94
-120
-103
-57
-55
-59
-24
-17
-34
-4
17
-16
-14
53
68
-14
-12
66
35
-29
26
78
6
-63
1
35
-62
-88
4
-2
-91
-69
12
-16
-89
-35
66
53
14
60
115
82
25
44
116
127
76
62
95
103
24
-10
59
70
-19
-43
37
48
-21
-5
72
60
-14
7
79
36
-45
-24
28
-28
-86
-38
18
-17
-57
12
67
4
-41
8
38
-28
-70
0
38
-21
-52
-2
18
-23
-35
-11
-22
-79
-103
-86
-83
-94
-91
-55
-35
-60
-79
-69
-60
-74
-65
-26
-7
-26
-15
42
47
8
27
88
57
-7
32
83
9
-55
11
54
-28
-61
36
43
-53
-53
40
26
-45
-4
73
55
28
82
99
59
36
45
51
35
14
-16
-11
26
9
-37
-7
24
-42
-81
5
38
-54
-72
23
36
-57
-37
60
21
-60
12
88
5
-44
34
48
-33
-30
66
52
-4
37
83
32
8
49
30
-24
-15
20
-14
-21
42
41
-7
2
47
13
-23
19
31
-15
-23
-6
-29
-48
-7
12
-43
-34
32
-5
-73
-30
30
-29
-84
-13
16
-49
-43
41
45
-2
22
60
23
-25
-23
-15
-28
-36
-41
-70
-85
-61
-67
-83
-44
4
-22
-60
-21
2
-35
-32
21
25
-13
-18
28
40
21
25
19
-3
-2
1
-3
9
46
54
13
26
72
57
42
73
87
63
32
56
56
13
32
55
16
-21
3
41
11
-25
32
66
24
-5
25
34
-13
-34
3
3
-41
-48
-12
-10
-42
-33
-3
-9
-27
-27
-32
-58
-83
-86
-83
-86
-100
-121
-108
-90
-105
-111
-77
-34
-65
-78
19
71
18
12
92
119
53
56
158
144
31
23
94
87
34
75
138
86
26
64
98
67
35
54
49
-5
-8
-1
-23
-22
-3
-8
-27
-17
-22
-30
-6
14
-17
-49
-49
-53
-95
-109
-63
-77
-115
-64
13
-7
-36
10
21
-49
-63
1
-24
-90
-57
4
-16
-47
17
53
7
2
46
27
-10
25
65
46
1
21
49
27
22
28
22
17
26
21
9
23
31
3
6
48
31
-15
8
65
41
11
42
47
-9
-16
44
43
-3
3
34
19
-19
-14
-2
-26
-40
-32
-36
-37
-29
-33
-16
13
6
-46
-68
-40
-36
-45
-2
51
25
-14
5
32
10
-2
54
65
8
-21
10
21
-19
-33
1
14
-35
-56
-12
14
-14
-55
-42
-24
-50
-71
-49
-18
-42
-74
-62
-41
-38
-28
-10
0
7
5
18
15
23
31
10
9
28
54
77
70
49
40
56
68
41
31
56
30
-31
-17
25
-14
-76
-25
48
-16
-84
-21
39
-2
-24
37
46
-31
-41
30
42
-10
-14
16
5
-30
-31
-17
-18
-14
-11
-10
2
-8
-41
-49
-21
-26
-43
-16
41
37
8
33
33
-16
-6
61
49
-24
4
113
122
53
56
88
54
6
45
103
51
2
14
15
-19
-35
-2
29
22
-7
-22
-42
-56
-50
-33
-18
-17
-40
-57
-40
-35
-46
-39
-41
-60
-50
-24
-22
-39
-31
-8
4
8
11
17
11
22
43
45
27
-1
-9
-20
-44
-60
-66
-59
-29
1
2
-22
-45
-45
-28
-34
-22
2
11
5
-9
2
10
-13
-9
45
59
26
31
79
66
-3
13
63
2
-62
-15
35
-25
-86
-34
10
-39
-57
11
38
-7
-22
18
10
-23
-20
11
25
26
19
-6
-12
6
31
34
36
32
13
20
33
17
-1
17
5
-39
-25
25
5
-44
14
74
21
-33
17
48
-4
9
103
89
-16
16
136
102
-11
11
82
34
-35
22
70
-23
-84
-13
45
2
-34
1
18
-22
-53
-28
-17
-47
-76
-56
-5
-3
-41
-36
21
13
-53
-30
51
35
-17
19
67
12
-43
1
40
-20
-79
-28
29
15
-27
-18
0
-24
-50
-43
-1
-1
-67
-123
-92
-47
-95
-151
-96
-17
-56
-102
-41
10
-52
-99
-48
-8
-31
-42
2
27
25
42
73
76
83
98
84
50
70
123
99
45
51
89
82
70
96
133
101
43
39
78
70
5
-11
36
43
-10
-10
45
31
-57
-66
12
13
-71
-87
-14
-32
-119
-74
18
-6
-70
-20
39
-3
-48
-12
22
-22
-43
-1
-3
-58
-61
-23
-59
-114
-85
-16
-23
-64
-65
-32
-22
-51
-51
4
35
-31
-83
-1
82
27
-6
90
147
52
-7
51
52
-42
-24
76
68
35
77
99
27
-2
69
81
20
47
95
25
-49
2
31
-24
-25
38
33
-19
6
18
-47
-47
31
-8
-87
-20
49
-29
-77
11
46
-55
-67
41
22
-90
-58
24
-33
-92
-17
10
-60
-55
10
-21
-54
-2
-4
-63
-38
36
1
-48
37
106
17
-18
105
111
-39
-54
48
19
-88
-26
98
51
-30
30
93
49
11
29
46
18
-4
-22
-34
-15
-9
-38
-53
3
12
-67
-83
-25
-22
-91
-101
-46
-48
-77
-43
39
54
15
-2
21
30
2
-1
17
35
1
-21
22
43
22
27
79
91
30
-9
-12
-22
-39
-31
-14
-8
-10
-45
-49
-1
46
24
15
71
71
-25
-71
30
69
-22
-27
97
104
-28
-34
67
49
-45
-4
103
89
-2
-22
18
10
-59
-70
-19
10
-66
-148
-89
11
-28
-152
-60
114
53
-109
-23
150
13
-178
-51
113
-1
-110
47
175
43
-67
21
81
-2
-19
46
56
23
34
38
14
62
108
39
1
81
92
3
-1
83
65
-20
13
86
34
-51
-39
-13
-50
-53
-15
-8
-35
-48
-99
-117
-29
29
-49
-94
5
-7
-155
-126
21
-33
-170
-67
79
-33
-136
-9
65
-94
-123
67
64
-147
-145
8
-62
-195
-70
105
22
-84
32
133
54
-32
4
36
3
-1
-3
39
118
111
27
55
217
219
32
37
219
181
-7
44
240
186
-10
47
199
136
17
63
115
11
-70
-63
-88
-104
-48
-51
-114
-96
-11
-72
-164
-86
-13
-132
-230
-110
-46
-174
-180
-3
1
-136
-69
88
0
-141
-9
128
-3
-97
45
87
-94
-138
37
98
-19
-12
91
62
-8
10
46
18
-12
-43
-69
-22
55
13
-59
17
126
41
-44
95
182
-7
-94
133
207
15
-7
210
213
15
34
204
130
-38
38
166
63
-48
66
117
17
-14
27
-15
-78
-29
-35
-95
-30
45
-43
-133
-32
6
-162
-207
-59
-83
-295
-267
-72
-126
-294
-191
11
-96
-235
-99
32
-83
-155
-10
57
-18
-17
66
68
58
119
106
68
154
186
60
24
173
175
-9
23
228
190
-3
123
342
163
-41
136
285
52
-105
106
178
-64
-126
76
106
-88
-99
55
24
-117
-106
-22
-73
-145
-127
-100
-73
-66
-130
-168
-51
-10
-164
-222
-38
8
-221
-288
-62
-16
-279
-301
-3
16
-232
-204
52
64
-116
-83
59
43
-28
24
110
129
142
143
113
169
274
222
90
182
352
249
66
178
354
194
19
161
289
104
-50
94
173
-8
-110
25
68
-93
-143
-34
-38
-141
-145
-89
-117
-177
-147
-116
-152
-169
-119
-90
-136
-159
-136
-114
-111
-141
-141
-95
-58
-106
-144
-46
13
-79
-134
-17
68
-27
-91
50
165
79
5
140
253
148
50
159
279
228
139
178
295
295
187
132
216
270
163
43
82
166
73
-84
-50
56
-12
-151
-119
-3
-64
-197
-179
-101
-152
-231
-205
-160
-176
-206
-200
-171
-150
-158
-171
-142
-119
-119
-115
-86
-68
-102
-93
-25
-28
-100
-38
95
68
-51
4
150
54
-87
48
207
93
-65
70
205
55
-71
66
185
52
-28
107
193
95
40
116
144
87
48
64
92
90
61
30
50
84
33
-8
72
132
45
-25
42
66
-55
-108
0
37
-68
-90
8
9
-96
-109
-44
-58
-118
-98
-21
-3
-47
-68
-78
-78
-72
-91
-86
-42
-29
-115
-132
-20
38
-22
-40
71
90
-13
-45
52
89
1
-3
87
97
23
18
112
164
94
47
120
172
84
-23
28
103
12
-94
-27
62
-6
-84
7
91
-33
-137
-33
66
-40
-131
-22
66
-18
-86
11
97
22
-74
-24
64
25
-85
-62
56
48
-114
-132
42
47
-140
-131
85
72
-156
-150
89
102
-127
-131
64
41
-144
-122
42
27
-86
-65
21
21
2
18
21
42
44
-24
-75
2
63
-25
-60
19
36
-60
-77
32
64
-38
-86
-29
-10
-18
4
32
24
36
75
67
97
162
116
43
81
128
47
7
112
132
-18
-40
85
53
-84
-36
88
-7
-148
-71
-1
-136
-176
-19
10
-155
-181
-39
-31
-133
-108
-6
-22
-77
-49
5
23
42
35
15
84
131
24
-24
130
202
29
-23
158
175
-39
-66
144
153
-40
-45
139
137
-17
2
126
107
52
81
65
23
37
35
-30
-3
98
42
-68
13
133
24
-120
-34
34
-118
-197
-58
-29
-184
-169
-5
-46
-167
-74
-3
-120
-177
-44
-4
-128
-118
-18
-47
-122
-75
4
-16
-20
32
6
-35
28
31
-69
-64
44
-18
-176
-80
56
-51
-136
38
123
-93
-141
86
125
-52
-18
164
97
-23
51
142
75
39
123
144
124
147
141
76
97
129
33
1
103
113
-16
-22
108
68
-42
5
97
37
-56
-22
-27
-84
-70
-67
-103
-101
-67
-109
-147
-52
-29
-122
-124
16
41
-68
-38
50
7
-55
41
116
43
-4
23
26
-15
-20
-30
-46
-23
-31
-72
-33
40
-22
-90
17
103
-9
-76
84
122
-65
-56
137
113
-51
39
225
118
-13
83
156
72
37
108
63
-17
4
-25
-84
-35
2
-104
-128
12
-18
-160
-69
118
-32
-252
-87
71
-133
-260
-14
94
-135
-176
66
113
-61
-6
119
38
-5
81
66
-16
87
124
-53
-83
105
111
-98
-23
200
73
-143
-15
156
-21
-155
48
139
-38
-84
52
28
-75
6
75
-20
-35
50
-8
-77
22
61
-101
-119
73
64
-128
-62
130
8
-158
-10
122
-48
-146
35
90
-60
-50
87
41
-59
33
102
0
-41
48
38
-52
16
103
4
-79
10
10
-95
-27
73
-25
-87
66
90
-86
-63
118
25
-182
-54
147
3
-163
-5
92
-111
-188
-8
23
-116
-97
-24
-89
-98
16
3
-74
16
88
-49
-108
89
147
-40
-3
236
176
-68
18
200
68
-75
81
180
40
10
123
107
3
43
95
12
-21
41
22
-42
4
50
-43
-56
61
35
-56
7
76
-13
-66
30
22
-86
-39
62
-8
-52
64
72
-63
-74
26
-24
-119
-34
34
-81
-109
22
25
-55
-24
16
-73
-103
-9
-14
-89
-16
62
-27
-55
98
119
-34
6
153
58
-97
-6
92
-43
-115
11
32
-84
-60
39
-21
-65
8
16
-63
-48
25
-49
-106
-14
-5
-118
-98
33
-14
-98
15
107
18
-9
107
83
-62
-58
7
-48
-85
16
62
-8
16
86
39
4
90
94
-17
-4
89
17
-80
21
97
-12
-38
91
96
-48
-56
76
51
-58
-44
17
-10
-79
-67
-8
28
19
-24
-15
42
11
-84
-43
58
-11
-110
-10
122
38
-56
60
139
31
-54
29
85
18
-27
25
91
91
46
14
75
119
24
-72
4
101
7
-92
-8
63
-43
-125
-33
27
-46
-60
-1
-7
-35
-22
-44
-65
-26
-8
-78
-91
15
28
-74
-30
102
48
-76
-15
96
28
-54
22
55
-56
-96
-4
-14
-97
-59
10
-10
-34
12
19
-35
-27
21
-14
-49
11
53
2
-8
42
27
-4
14
22
10
25
64
32
-25
23
57
-13
-50
21
53
1
-20
37
74
43
3
20
46
53
42
-4
5
57
13
-72
-31
65
15
-89
-45
39
-18
-106
-52
23
-35
-92
-61
-28
-44
-55
-45
-46
-40
-33
-64
-82
-26
-5
-49
-34
32
20
-63
-63
15
11
-41
9
65
18
2
62
70
20
47
101
60
18
49
43
-10
-1
38
31
27
75
94
39
16
35
25
21
40
23
-27
-5
37
-5
-31
33
44
-30
-12
84
60
-34
11
79
-20
-100
-11
31
-61
-73
31
24
-79
-77
-15
-45
-80
-31
-24
-64
-28
18
-23
-38
32
32
-25
20
92
35
-18
65
75
-39
-31
77
37
-46
38
93
-8
-39
68
43
-90
-33
70
-46
-131
-2
51
-92
-90
57
20
-100
-14
88
-43
-103
54
80
-78
-41
109
28
-96
13
96
-40
-87
46
26
-120
-60
33
-45
-70
48
39
-104
-60
56
-48
-138
23
74
-112
-116
76
22
-152
-49
130
22
-92
58
137
6
-20
88
51
-21
46
58
-24
34
113
7
-39
137
150
-75
-57
165
74
-156
-15
186
1
-160
50
134
-81
-88
112
71
-80
27
121
-23
-73
66
33
-136
-48
116
-11
-135
28
85
-91
-86
89
31
-120
-44
24
-79
-97
11
-29
-111
4
71
-70
-76
95
37
-147
-33
116
-67
-192
19
101
-103
-67
180
123
-80
47
199
14
-88
121
140
-101
-60
161
45
-137
60
222
23
-73
125
141
-58
-42
73
-13
-89
17
27
-82
-12
92
-42
-109
77
94
-145
-122
91
5
-187
-59
107
-50
-154
16
66
-81
-42
92
-6
-93
35
48
-101
-55
92
-18
-147
11
111
-61
-91
106
96
-60
5
132
2
-98
55
83
-74
-37
114
7
-126
25
98
-79
-98
88
61
-113
-23
121
-21
-149
-13
30
-123
-85
77
22
-81
13
56
-79
-61
72
3
-85
54
130
-41
-44
147
97
-94
3
169
12
-121
57
124
-91
-124
76
44
-113
-7
117
-9
-77
65
44
-123
-47
112
11
-88
85
143
-54
-67
100
28
-133
-23
104
-25
-98
46
32
-122
-59
71
-26
-84
84
98
-66
-11
145
37
-98
67
141
-52
-65
145
99
-104
10
171
-7
-134
80
143
-98
-95
123
37
-175
-43
126
-34
-132
42
72
-106
-66
90
-9
-114
46
111
-55
-38
132
28
-159
-38
87
-98
-158
65
74
-138
-71
125
7
-153
3
99
-72
-99
71
46
-89
-4
83
-35
-73
71
56
-93
-3
142
-5
-115
65
127
-74
-82
129
91
-107
-38
125
19
-82
46
80
-39
-11
105
24
-62
51
59
-95
-94
48
-17
-147
-12
89
-70
-146
21
43
-134
-123
17
-28
-132
-29
51
-59
-80
26
21
-47
20
83
-14
-56
50
50
-54
8
120
56
-15
71
111
9
-3
87
52
-40
7
63
-10
-26
70
88
26
54
107
39
-23
22
39
-7
-8
39
27
16
59
40
-20
-3
39
-27
-76
0
41
-36
-75
-7
4
-65
-60
17
16
-37
-36
-36
-64
-68
-52
-51
-42
-1
4
-13
25
53
11
-28
-6
6
-16
-12
27
27
13
32
30
2
-1
15
-5
-20
6
7
-25
-29
-5
-15
-21
17
34
11
13
45
23
-16
8
17
-13
6
50
49
6
3
15
-32
-59
-20
-7
-44
-35
-6
-39
-80
-54
-24
-49
-48
3
9
-12
0
17
-3
-8
15
13
-2
30
58
31
25
57
42
-23
-33
15
17
-20
-15
20
3
-35
-39
-26
-29
-39
-11
14
4
-15
-15
1
3
-15
2
37
23
1
27
63
41
12
46
66
17
-11
45
66
15
1
20
-2
-42
-22
15
17
8
21
11
-21
-13
14
0
-23
13
32
-5
-8
22
21
0
14
47
32
4
-3
-5
-17
-35
-44
-46
-21
-13
-44
-59
-28
-16
-63
-78
-50
-41
-73
-64
-5
-2
-38
-31
30
31
-20
-4
48
48
-6
-11
42
54
9
7
52
53
5
-5
42
49
0
-10
12
-8
-48
-54
-34
-22
-16
12
22
5
10
26
18
16
52
75
57
50
82
89
45
25
45
27
-16
-36
-25
-16
-30
-48
-26
6
-17
-50
-51
-38
-60
-87
-45
5
-15
-36
11
55
26
10
46
54
12
-4
28
12
-24
-16
4
-25
-56
-14
29
7
-23
6
32
-13
-50
-36
-14
-42
-72
-21
32
14
-14
23
54
35
9
19
28
3
-7
5
11
3
-5
-29
-57
-42
-35
-50
-60
-42
-26
-46
-46
-17
-11
-24
-16
-1
-6
10
26
7
-14
-9
-8
-29
-14
40
62
32
31
72
58
36
54
73
42
27
48
30
-4
3
19
4
11
58
58
18
30
38
14
5
44
45
-14
-23
1
0
-26
11
44
2
-8
41
61
20
6
20
-10
-36
-31
-36
-67
-38
21
-1
-33
0
9
-58
-86
-28
-8
-60
-44
10
-22
-88
-68
-38
-72
-85
-57
-53
-68
-32
5
-13
-13
26
31
-15
-16
12
-10
-20
30
49
17
41
87
69
40
73
84
26
7
51
41
-4
14
67
36
-6
31
57
23
8
33
1
-64
-37
5
-23
-42
0
22
-23
-15
8
-31
-82
-60
-15
-31
-29
4
1
-42
-47
-43
-75
-64
-7
7
-3
24
36
-15
-25
26
7
-54
-31
32
-2
-51
14
71
2
-31
62
89
-10
-20
73
59
-23
10
85
49
-2
39
78
41
33
66
44
15
37
33
-20
-24
20
-20
-91
-38
38
-12
-64
-5
22
-47
-65
-18
-25
-64
-45
-29
-59
-62
-28
-35
-52
-14
15
-37
-46
39
56
-7
11
85
64
4
43
85
33
-9
37
69
28
17
42
21
-12
2
18
2
11
47
42
10
20
22
-10
-17
0
-9
-39
-43
-35
-57
-51
-12
-7
-36
-11
31
-8
-48
-17
3
-47
-72
-22
-2
-39
-47
-12
-19
-52
-41
-22
-22
-15
3
-2
9
45
31
-28
-26
36
39
0
28
70
47
4
20
38
1
-15
7
17
9
20
24
-2
-5
9
1
-17
0
16
1
3
19
24
0
-5
7
-12
-28
-14
-5
-6
-5
4
0
-1
6
-6
-8
19
22
-22
-28
4
-2
-36
-18
26
11
-23
15
60
20
0
42
51
23
40
65
32
8
37
29
-14
6
46
11
-33
10
45
-10
-47
3
15
-47
-51
-12
-40
-93
-75
-53
-92
-102
-66
-64
-74
-39
-5
-21
-22
7
-5
-41
-15
19
-14
-26
29
51
-1
-3
62
57
21
62
103
52
25
80
77
9
8
53
30
-1
41
57
-10
-32
30
29
-17
14
41
-21
-60
0
22
-53
-64
-4
-13
-53
-16
32
-3
-44
-17
5
-18
-12
13
1
3
45
42
-3
15
48
7
-22
36
42
-29
-40
11
-11
-84
-51
13
-42
-96
-17
43
-21
-48
26
42
-23
-29
14
-2
-28
-22
-13
-16
0
16
-20
-29
20
25
-27
-8
42
13
-35
-5
53
38
23
62
76
34
17
19
-15
-22
14
8
-18
23
52
2
-19
30
39
-27
-31
38
29
-28
-6
48
7
-37
-18
-17
-44
-37
8
-7
-44
-31
-31
-51
-30
25
22
-6
15
21
-22
-33
-3
-25
-68
-34
-2
-36
-40
5
0
-66
-42
31
-2
-58
-15
32
-15
-41
18
45
9
21
64
53
27
42
20
-15
28
69
11
-31
25
58
14
19
86
46
-36
-5
61
38
13
50
48
-13
-7
37
13
-1
44
54
-29
-37
12
-14
-56
-12
45
-10
-33
30
29
-30
-22
24
-16
-70
-30
-7
-44
-27
36
17
-29
21
45
-15
-28
28
8
-75
-65
-12
-59
-107
-39
11
-34
-27
35
10
-40
-6
20
-32
-43
2
-5
-36
-6
20
-34
-49
10
-8
-67
-20
63
20
-37
20
55
-4
-24
49
50
6
28
52
11
-27
2
9
-21
17
58
34
17
62
64
-4
8
52
6
-53
-11
23
-32
-39
27
25
-30
1
50
5
-29
22
22
-37
-10
29
-22
-70
-20
4
-39
-15
63
24
-52
-2
46
-35
-78
6
25
-45
-40
12
-19
-72
-4
46
-4
5
66
38
-19
17
42
-11
0
57
18
-49
9
79
3
-23
89
89
-28
-7
116
69
-49
19
81
-28
-97
12
59
-41
-29
40
10
-39
-6
11
-57
-38
30
-27
-91
-10
23
-82
-89
27
3
-121
-70
54
2
-70
12
62
-27
-51
34
25
-37
26
71
-15
-37
42
14
-73
-11
86
17
-60
33
77
-41
-58
58
51
-55
-22
54
-19
-83
6
42
-28
0
78
50
3
78
112
26
23
106
68
-45
-12
53
-29
-77
7
5
-107
-98
-2
-49
-118
-28
31
-71
-112
7
10
-125
-86
43
-18
-123
-51
38
-28
-58
38
55
-11
24
90
29
-6
70
66
-21
2
94
62
-16
50
115
28
-22
56
65
-29
-19
61
41
-13
29
60
4
-3
67
48
-39
-13
58
11
-60
3
46
-18
-35
26
30
-45
-52
-10
-40
-91
-60
-26
-40
-47
-7
-3
-36
-32
-12
-25
-45
-13
-7
-46
-48
-19
-17
-38
-12
18
-3
-21
0
23
-2
-13
17
36
32
17
27
40
22
2
27
55
48
34
46
50
36
22
24
39
34
25
29
35
22
-1
-5
9
24
14
-16
-29
-21
-19
-36
-23
10
12
-13
-8
12
-7
-41
-27
-4
-34
-50
-25
-13
-27
-30
-1
13
3
10
22
18
12
-4
-13
4
3
-11
-15
-8
2
-8
-14
9
9
-36
-56
-34
-27
-46
-49
-26
-4
-6
-15
-22
-22
-17
-12
-17
-2
26
22
8
24
41
15
-8
16
42
10
-21
-9
-5
-32
-40
-18
-8
-18
-14
16
19
-5
-18
-25
-18
-14
-15
-10
15
28
10
10
39
44
-5
-27
7
9
-25
-2
53
53
14
20
51
42
21
43
54
25
17
44
43
39
63
72
36
15
41
40
2
6
53
36
-14
-6
27
7
-27
5
44
28
4
8
19
17
15
10
-2
-20
-36
-38
-42
-40
-42
-62
-60
-44
-63
-107
-118
-96
-90
-100
-66
-22
-27
-43
-10
16
-4
-12
22
24
-6
6
37
20
-16
-1
22
-5
-27
5
30
10
14
39
33
12
5
6
-7
-14
5
10
1
18
39
14
-13
-2
0
-42
-80
-54
-31
-46
-50
-19
-2
-7
1
11
19
28
36
18
-9
3
21
2
-12
26
62
49
39
67
88
69
45
39
31
5
-12
-15
-21
-24
-21
-27
-35
-28
-19
-12
0
27
34
14
18
46
39
5
23
58
43
18
33
57
36
20
47
42
-16
-30
-19
-50
-82
-66
-53
-84
-85
-46
-37
-50
-29
-2
-19
-38
-11
3
-21
-9
37
34
15
40
55
22
13
47
41
-4
4
44
24
-11
14
51
13
-24
-3
2
-33
-30
7
1
-22
-9
8
-23
-37
-2
1
-25
-6
13
-24
-51
-14
5
-29
-23
26
9
-43
-17
20
-22
-69
-49
-18
-38
-50
-17
-9
-28
-5
9
-16
-16
6
12
-11
12
57
39
12
55
79
36
26
77
76
24
30
64
27
-11
36
62
-3
-39
4
15
-37
-37
6
-8
-47
-28
4
-15
-22
5
5
-17
-5
23
5
-19
-1
-7
-45
-31
25
20
-18
-1
30
-13
-60
-31
-7
-35
-51
-25
-17
-33
-15
9
-11
-22
9
16
-22
-16
31
17
-22
12
59
27
-6
37
53
-3
-21
29
43
0
6
48
31
-12
6
30
1
-13
2
-14
-51
-35
-3
-27
-41
8
25
-25
-31
9
-3
-42
-10
29
1
-21
20
32
-4
9
58
40
9
47
69
17
-20
14
16
-26
-10
46
43
14
47
71
20
-5
27
19
-38
-34
2
-26
-60
-37
-20
-59
-68
-19
-18
-53
-24
36
17
-19
12
31
-5
-8
30
25
-11
6
46
12
-29
4
24
-18
-28
14
3
-51
-58
-32
-69
-105
-61
-21
-30
-33
10
26
-8
-4
21
12
-2
30
46
16
8
34
40
24
37
49
18
-9
8
2
-22
-12
7
-4
-23
10
37
8
-14
-3
-8
-50
-67
-36
-29
-42
-26
10
16
11
28
39
23
9
6
1
-5
4
9
2
11
17
11
5
19
29
25
23
26
22
-4
-15
0
13
-10
-15
2
4
-9
-23
-18
-9
-11
-8
-1
5
14
19
16
11
8
4
-6
0
9
-5
-13
-2
15
24
27
34
43
40
24
21
18
11
11
22
36
30
17
7
-8
-12
-16
-29
-45
-47
-39
-30
-17
0
-4
-8
-13
-10
-6
-1
2
-5
-11
-26
-23
-33
-55
-56
-40
-18
-21
-20
-12
-15
-27
-27
-10
1
-6
-6
12
9
5
8
10
-1
0
18
13
8
8
21
12
-4
11
13
1
-12
3
17
10
12
34
47
40
36
39
34
30
28
19
4
-9
-12
-10
-8
1
-8
-31
-34
-25
-35
-56
-44
-24
-17
-19
-12
-9
-21
-10
-2
-14
-20
-14
0
-9
-6
24
31
7
5
21
8
-8
9
42
44
37
48
53
35
15
12
2
-13
-4
2
-9
-11
2
-4
-15
-3
-1
-20
-38
-25
-15
-24
-29
-20
-23
-37
-17
6
-3
0
23
31
-1
-8
12
5
-8
0
28
24
13
15
19
25
19
10
5
20
31
22
23
40
43
15
1
13
19
-3
-9
1
-3
-9
5
23
17
4
1
-2
-13
-15
-10
-18
-24
-3
-1
-19
-17
-16
-31
-44
-36
-32
-31
-21
-18
-18
-17
-11
-3
-2
-3
3
2
-8
-1
21
30
14
20
38
28
11
11
13
1
-1
-1
-15
-33
-36
-29
-20
9
29
22
11
15
-2
-33
-41
-30
-32
-48
-39
-23
-22
-30
-27
-11
-3
-5
-15
-19
-21
-29
-29
-11
3
6
12
26
35
27
28
43
40
40
39
36
25
0
-6
8
35
45
42
29
9
5
-2
4
4
7
6
-1
5
2
-5
-8
2
10
16
25
8
-11
-26
-26
-19
-29
-22
-4
1
-8
-14
-10
-6
-9
-2
12
19
16
7
-3
-5
-2
4
11
25
40
34
14
-2
-4
-1
14
43
49
33
17
15
17
-4
-23
-20
-11
-14
-22
-30
-40
-32
-8
13
16
15
3
-19
-24
-16
-14
-14
-12
-5
6
11
8
3
3
-2
0
6
4
-5
-14
-16
-8
-4
-11
-15
-4
0
-10
-10
-8
-18
-23
-18
-13
-16
-21
-5
9
10
5
5
2
-22
-45
-27
5
9
5
-1
-10
-17
-23
-14
-10
-13
-22
-24
-20
-41
-63
-56
-33
-11
9
25
32
23
8
-2
5
12
21
37
52
44
38
55
52
43
41
56
67
50
42
44
42
24
-1
-4
-1
-5
-13
-18
-9
-14
-18
-11
11
17
7
-5
-12
-13
-28
-32
-25
-24
-29
-35
-26
-17
-10
0
13
16
11
-2
-8
-13
-21
-9
13
15
4
-10
-20
-20
-29
-19
-12
-17
-12
-8
9
26
30
37
53
60
33
21
31
31
18
16
26
22
0
-11
5
17
5
-4
10
15
-15
-47
-49
-35
-40
-54
-44
-28
-29
-35
-31
-10
-8
-19
-15
-4
8
2
-4
11
19
22
30
40
40
20
8
4
0
-2
-2
2
7
12
9
7
13
7
3
10
28
38
28
10
-4
-6
-8
-9
-12
-13
-23
-42
-45
-52
-66
-60
-40
-8
5
1
-6
-17
-14
-11
-5
0
1
-2
-13
-14
-21
-25
-17
-21
-26
-28
-13
1
-4
5
21
24
0
-17
-5
11
9
15
37
60
62
55
63
64
41
30
24
19
10
-18
-27
-23
-26
-26
-13
1
8
8
12
10
4
1
-1
-3
-12
-17
-15
-6
1
-1
2
6
2
7
16
20
7
8
26
32
26
33
55
50
38
33
20
-7
-25
-28
-26
-33
-38
-30
-19
-11
-13
-9
4
12
9
7
7
0
-4
0
11
4
-9
2
17
13
8
10
6
-3
-19
-25
-27
-35
-44
-39
-27
-15
-5
7
25
26
27
19
6
10
18
22
21
23
31
37
27
10
-1
-8
-16
-26
-32
-31
-52
-70
-61
-39
-36
-56
-57
-38
-46
-69
-66
-47
-35
-41
-45
-34
-31
-45
-40
-19
-3
7
14
27
37
28
20
34
56
62
50
49
59
72
73
81
92
79
50
37
29
19
6
-13
-16
-22
-24
-9
10
25
43
46
25
8
-6
-12
-16
-19
-25
-26
-17
-9
-10
-11
3
10
0
-11
-15
-17
-30
-30
-19
-27
-43
-37
-17
-19
-33
-31
-7
12
15
14
6
-1
-11
-11
-3
1
2
-1
0
-1
-5
-12
-7
7
13
13
19
29
26
14
13
29
33
37
60
69
56
42
43
41
36
49
53
41
27
24
17
-6
-16
-17
-28
-46
-38
-30
-42
-59
-57
-52
-62
-61
-49
-40
-32
-21
-19
-13
-5
-5
-16
-23
-13
-6
-20
-29
-23
-25
-25
-11
5
5
12
20
20
5
2
3
-8
-9
-1
-5
-21
-18
4
16
9
8
16
10
9
21
28
19
11
26
30
24
23
22
21
31
36
22
18
26
28
14
16
18
8
-8
-9
-1
-18
-27
-20
-22
-37
-35
-27
-35
-42
-26
-11
-22
-20
-1
-3
-18
-26
-19
-15
-24
-23
-14
-15
-13
-13
-15
-11
-2
-3
-9
-15
-7
-1
-4
2
1
-3
-1
12
21
24
31
32
24
17
23
33
32
24
26
23
17
21
25
25
18
22
29
25
24
29
31
24
25
24
4
-14
-17
-18
-15
-9
4
11
16
22
27
29
20
20
16
11
10
0
-8
1
2
-14
-22
-17
-9
-16
-20
-16
-16
-28
-39
-32
-31
-28
-19
-13
-9
-7
-3
-3
6
21
26
21
17
33
25
4
5
8
-2
-8
-15
-24
-23
-24
-11
2
3
9
7
2
-3
-21
-34
-43
-47
-49
-60
-67
-58
-37
-21
-2
-3
-9
-10
-13
-6
-12
-8
-9
-28
-36
-25
-21
-30
-24
-7
4
3
2
9
6
-4
-18
-18
-13
-3
9
11
20
14
8
11
31
42
33
33
50
66
54
50
58
54
35
40
48
38
30
38
52
44
26
10
7
6
5
6
-3
-12
-15
-20
-20
-14
-11
-15
-37
-51
-49
-45
-32
-23
-13
-5
-14
-19
-6
8
12
-2
-3
-8
-10
-14
-11
5
0
-9
-5
11
14
12
24
39
29
23
37
33
19
19
29
25
13
17
26
16
2
12
28
18
12
14
26
31
20
3
-12
-22
-34
-29
-14
-2
-1
4
22
42
36
19
23
18
0
-11
-16
-19
-38
-53
-48
-47
-46
-38
-29
-35
-44
-42
-58
-71
-62
-54
-48
-48
-43
-42
-47
-50
-42
-24
-20
-17
-9
-1
4
-10
-20
-20
-23
-39
-49
-35
-21
-14
-5
4
-4
-11
-6
4
14
16
20
32
37
39
42
34
37
38
41
36
45
58
57
58
53
53
60
60
55
56
52
46
47
42
39
36
28
35
50
52
43
32
19
5
-10
3
9
-12
-28
-26
-12
-25
-47
-49
-43
-48
-56
-48
-37
-50
-71
-67
-46
-29
-27
-25
-16
-4
-22
-31
-8
13
18
17
20
30
25
2
17
46
43
25
20
30
33
30
25
