-42
-40
-27
-22
-23
-9
-13
-35
-12
20
19
17
31
23
2
1
19
15
1
7
6
0
4
20
15
11
34
37
2
-20
-5
-24
-63
-44
-7
-26
-52
-16
11
-22
-29
8
11
-1
24
35
-2
-13
28
26
-13
17
69
28
-13
41
70
9
-25
22
28
-28
-40
-14
-26
-54
-34
-30
-59
-52
-16
-26
-51
-10
22
-16
-33
21
27
-35
-18
44
31
-4
34
55
8
1
49
41
-1
22
61
35
-4
20
29
-25
-37
1
-9
-40
-2
33
3
-15
18
17
-13
4
35
18
-3
20
23
1
16
49
44
14
28
38
8
7
31
13
-12
8
22
-11
-26
1
-1
-38
-37
-4
-25
-56
-26
0
-35
-54
-26
-21
-42
-28
5
-5
-22
1
9
-20
-11
15
8
-9
4
12
-12
-6
17
5
-18
5
29
-5
-20
13
5
-37
-36
-6
-13
-29
-7
6
-25
-35
-3
-16
-39
-20
5
-7
-14
21
23
-11
-3
29
12
-15
12
40
8
-1
29
29
5
16
26
-4
-14
2
0
-15
-11
4
-9
-21
17
30
-3
3
32
30
12
17
30
23
16
15
-2
-17
6
23
5
13
47
51
34
42
58
32
12
25
21
-11
-8
18
-1
-29
-10
-2
-35
-34
-14
-34
-66
-40
-6
-26
-47
-17
-9
-32
-17
7
-12
-28
2
20
-21
-37
-3
-11
-32
-9
19
-1
-20
8
18
-26
-42
-18
-28
-48
-22
11
6
19
51
46
15
22
42
11
-10
22
28
-9
-4
35
32
12
27
51
35
20
35
14
-32
-22
-1
-27
-34
-2
8
-21
-22
14
8
-21
-4
7
-27
-42
-21
-25
-35
-12
7
-22
-29
18
38
12
25
66
37
-8
3
26
-3
-23
6
15
2
10
34
24
-5
3
9
-5
-4
-1
-22
-42
-27
-17
-42
-42
-20
-26
-32
-18
-6
-23
-32
-15
-2
-9
3
27
11
-14
-5
9
-5
-9
18
29
14
16
34
33
31
27
19
17
26
27
6
10
30
32
11
9
27
0
-28
-3
16
-1
-11
2
8
-5
-9
-5
-18
-12
13
12
-7
9
16
-22
-54
-39
-23
-51
-56
-18
-5
-26
-10
17
16
9
13
11
-16
-29
-18
-28
-33
-16
-9
-11
-3
13
9
-10
-2
13
-12
-18
9
19
4
3
26
26
12
26
39
26
16
14
2
2
23
27
11
10
26
19
-18
-12
12
-5
-32
-26
-2
-5
-9
6
24
32
35
30
29
40
43
17
4
23
23
-7
-13
16
21
-6
-11
13
19
-1
-24
-24
-10
-12
-28
-51
-42
-20
-24
-42
-12
23
-3
-18
1
14
-13
-39
-34
-31
-44
-46
-26
-18
-22
-14
-4
6
22
23
3
-2
7
-1
-20
-19
7
4
-16
-8
2
-15
-35
-18
-4
-17
-14
7
13
-5
0
24
25
22
32
47
43
27
19
20
20
17
12
2
8
5
-14
-21
-10
-12
-21
-4
21
11
-8
-15
-3
-9
-13
6
11
5
8
18
12
5
0
-2
-19
-19
-2
-3
-25
-25
-9
-7
10
27
19
20
29
20
3
7
23
17
5
20
39
12
-6
32
48
22
19
41
39
12
18
40
38
17
14
3
-19
-23
-15
-24
-28
-13
-24
-58
-56
-15
-8
-33
-29
-14
-40
-63
-53
-41
-50
-44
-8
7
4
14
27
14
7
5
-6
-16
-15
2
1
0
15
16
0
5
32
30
21
30
29
12
2
-4
-24
-34
-13
2
-12
-18
-3
1
-24
-22
-6
-30
-39
-13
10
-9
-13
5
5
-14
-6
13
0
-7
14
37
23
31
55
43
18
13
16
-4
2
20
15
5
7
13
-14
-31
-14
-6
-16
-12
20
10
-14
-7
3
-11
-15
-2
-12
-45
-46
-30
-33
-25
-1
13
8
17
19
4
-10
6
20
7
5
13
13
-4
4
37
40
29
32
24
-2
-6
11
17
10
20
20
-1
-5
10
17
3
13
42
36
12
8
15
-2
-23
-20
-12
-12
-18
-15
-11
-11
-12
-17
-23
-20
-19
-19
-5
-1
-15
-28
-19
-19
-25
-10
5
5
-1
15
28
14
0
14
9
-18
-27
-23
-32
-43
-34
-24
-19
-9
8
2
-9
8
22
5
6
23
23
-9
-14
16
18
8
25
46
36
25
35
37
16
2
1
3
11
26
28
8
-7
1
-18
-33
-18
-8
-21
-21
-4
6
-8
-20
-12
-12
-15
-1
13
2
2
19
19
-7
-7
9
-6
-17
-4
0
-17
-28
-22
-22
-26
-25
-19
-15
-14
-14
-25
-33
-24
-23
-40
-28
-5
0
-1
2
17
1
-17
-10
10
22
21
30
24
19
23
23
18
21
15
3
11
32
30
6
16
36
22
-10
-2
24
2
-21
1
19
-3
-21
-5
4
6
15
21
1
-2
5
-2
-14
1
32
16
4
30
47
27
15
26
16
3
24
39
27
15
31
27
0
1
-2
-27
-36
-22
-18
-28
-37
-31
-34
-44
-29
-14
-22
-20
-11
-21
-32
-17
1
-15
-38
-24
-5
-16
-19
5
2
-17
-1
18
12
10
22
25
16
20
39
38
23
18
15
5
0
-2
-11
-8
-2
-2
-13
-9
-6
-32
-41
-34
-25
-24
-20
0
-3
-16
-11
-2
-18
-27
-11
-7
-18
-23
-15
-23
-31
-17
-5
-8
-6
8
9
-10
-2
4
-19
-24
0
12
1
9
30
31
21
20
21
12
4
8
20
20
24
36
36
50
63
56
45
40
38
21
11
22
32
23
38
44
28
8
0
-2
-14
-13
3
4
-20
-29
-26
-38
-44
-45
-36
-34
-43
-43
-50
-52
-44
-48
-52
-31
-18
-38
-46
-23
-9
-16
-17
19
37
11
9
31
39
26
27
47
59
51
47
55
58
47
18
-7
4
29
24
17
30
39
18
-4
13
26
6
-16
1
18
14
18
24
25
13
8
-3
-22
-23
-21
-13
-7
-8
-13
-15
-6
-13
-33
-50
-53
-70
-101
-103
-92
-90
-91
-70
-50
-66
-74
-51
-34
-44
-39
-26
-27
-28
-15
7
20
37
61
79
79
75
62
58
58
55
46
43
60
56
32
24
38
32
6
0
12
1
-26
-30
-18
-20
-35
-37
-24
-7
-4
-10
2
16
27
16
9
32
55
54
41
58
59
30
12
8
1
-11
-9
-8
0
12
10
-2
8
21
8
-12
-9
4
-18
-44
-42
-29
-22
-12
5
11
7
5
4
-9
-15
-18
-30
-31
-22
-18
-26
-24
-17
-11
-4
3
5
-6
-5
8
16
11
19
33
22
8
9
15
-4
-11
3
-3
-16
-8
-1
-26
-52
-42
-25
-38
-56
-42
-20
-26
-37
-31
-16
-9
-23
-31
-14
11
17
23
51
69
57
37
41
51
49
45
46
45
31
18
26
30
5
-3
14
19
15
7
14
27
27
33
35
19
1
-3
-9
-15
-20
-28
-28
-18
-14
-13
-18
-24
-13
-11
-22
-30
-28
-18
-16
-18
-24
-21
-21
-34
-42
-44
-25
-25
-34
-26
-24
-30
-46
-40
-23
-31
-36
-38
-28
-14
-9
-14
-18
2
21
15
0
7
18
7
10
27
44
39
34
54
58
42
34
41
54
57
49
45
51
49
30
21
41
64
57
36
34
46
34
5
-3
-4
-18
-31
-30
-22
-20
-19
-16
-16
-20
-25
-25
-22
-28
-27
-35
-42
-37
-36
-38
-36
-31
-34
-32
-12
-6
-13
-12
-10
-20
-33
-24
-8
-7
-12
10
35
35
31
38
46
23
5
-2
-4
8
17
22
17
27
21
-5
-10
0
12
-3
-5
7
-3
-9
8
20
10
2
14
17
-5
-14
5
8
-18
-31
-29
-20
-13
-9
6
13
21
7
-14
-4
7
-1
-19
-4
14
-20
-46
-22
8
-8
-28
-18
-16
-36
-48
-36
-10
-3
-8
-12
-13
6
14
3
-9
2
9
-18
-34
-3
17
8
10
33
51
36
29
30
24
19
15
8
3
19
24
4
-2
18
25
18
24
40
39
28
17
7
-12
-14
-1
6
8
15
14
-4
2
20
18
3
3
4
-28
-45
-27
-13
-30
-44
-32
-22
-24
-30
-11
7
2
-3
-8
-7
-10
-20
-32
-29
-16
-24
-37
-26
-11
-18
-16
19
35
23
12
20
26
18
18
23
15
2
9
7
-10
-12
-4
-4
-7
-8
0
2
1
17
20
12
12
13
9
7
13
24
22
16
26
41
48
45
32
16
9
-4
-25
-30
-20
-18
-19
-14
4
13
-1
-12
-11
-15
-34
-56
-55
-46
-38
-34
-30
-10
5
-9
-25
-10
7
1
-10
0
16
15
3
10
11
1
-11
-17
-12
-5
-3
-3
11
25
17
-1
1
16
11
-11
-11
0
2
0
12
26
23
20
21
15
11
7
0
-5
3
26
34
16
11
23
16
2
2
14
13
-3
-6
-16
-19
-19
-13
-8
-16
-7
-8
-16
-18
-8
-4
-18
-13
-6
-8
-22
-20
-11
-8
-5
-4
-2
9
17
-13
-38
-25
0
6
2
27
46
24
12
22
25
0
-15
7
19
7
10
25
25
11
13
18
19
20
18
14
8
8
8
11
1
-19
-30
-25
-10
-27
-44
-34
-21
-27
-37
-21
-10
-21
-16
6
12
9
11
18
2
-15
-7
-12
-23
-3
28
32
16
13
21
14
-9
-11
-5
-8
-23
-25
-9
-3
5
4
-1
-11
-26
-40
-33
-11
0
0
5
21
21
10
10
10
-3
-12
2
1
-8
9
31
35
19
24
48
46
29
31
41
36
26
26
30
16
1
4
8
-6
-17
-24
-18
-21
-32
-19
-10
-10
-23
-31
-27
-16
-13
-31
-35
-24
-24
-32
-32
-15
-12
-16
-17
-8
0
-14
-1
24
30
20
10
10
5
1
5
10
8
9
4
4
21
28
19
4
0
2
-5
-13
-10
-6
-7
-9
-19
-27
-25
-5
12
13
7
11
6
-15
-17
-13
-27
-41
-31
-20
-15
-12
6
26
18
16
21
19
10
12
28
41
35
22
20
17
16
19
20
25
20
13
14
25
20
5
4
13
7
-13
-13
-3
-5
-21
-4
11
3
3
15
23
17
16
12
1
-16
-17
-19
-25
-23
-24
-23
-21
-27
-26
-13
-3
-11
-28
-29
-23
-33
-37
-31
-21
-24
-28
-6
11
5
-1
15
25
6
-16
-15
-8
-8
-14
-8
10
21
30
32
36
39
23
3
-6
-1
5
1
10
35
49
42
24
34
47
28
11
0
-7
-27
-43
-37
-32
-33
-25
-11
0
-2
-13
-10
-6
-10
-18
-23
-13
-21
-25
-12
6
6
3
14
20
10
0
11
20
10
-1
21
39
29
14
10
11
-6
-25
-5
-2
-16
-24
-18
-11
-28
-33
-20
-13
-25
-29
-17
-15
-26
-16
5
3
-10
-10
-17
-34
-45
-37
-13
-1
21
48
64
60
46
41
45
44
25
20
28
44
50
45
43
49
52
56
57
45
24
5
-1
-7
-28
-37
-33
-31
-38
-40
-26
-29
-48
-57
-51
-45
-51
-44
-31
-18
-10
5
22
20
13
14
13
6
6
-3
-3
15
30
25
18
22
19
0
-14
-8
-11
-20
-23
-20
-16
-15
-12
-10
-7
-3
4
-7
-18
-11
-26
-36
-20
-4
-9
-17
-6
-4
-5
-8
1
20
18
6
-5
2
11
9
8
7
28
39
30
18
15
13
-3
4
32
36
13
2
7
5
-8
-17
-19
-14
-17
-26
-16
3
-2
-9
-1
1
-9
-18
-8
12
15
-6
-19
-12
-16
-31
-21
-10
-12
-11
12
29
14
0
-3
3
-6
-22
-11
-5
-13
-10
5
28
31
20
18
16
10
6
-8
-6
11
22
25
34
44
40
32
40
45
31
1
-19
-22
-24
-27
-29
-17
1
22
35
29
31
26
17
9
-1
-1
-4
-3
-6
-10
-21
-15
-1
-2
-13
-17
-16
-26
-37
-38
-25
-21
-18
4
16
5
-7
-1
-1
-18
-16
-1
6
9
11
18
25
12
-1
3
-2
-20
-28
-29
-33
-52
-70
-62
-56
-59
-55
-40
-22
-20
-10
8
2
-14
1
28
23
11
34
56
51
47
56
68
57
39
34
32
23
12
9
9
3
1
-1
-3
-6
-9
-3
-4
-5
9
18
9
-4
-18
-25
-20
-29
-34
-24
-4
3
-13
-6
13
8
-12
-10
0
-12
-7
18
29
26
23
20
13
7
2
5
0
-12
-13
1
6
-12
-26
-7
14
11
-4
-3
0
-24
-38
-22
7
5
1
11
16
16
-2
-1
16
23
20
17
33
27
3
-5
4
16
11
-7
8
26
10
-16
-19
-7
-18
-33
-32
-31
-47
-64
-56
-42
-25
-11
5
25
19
-1
-15
-11
4
17
19
24
41
31
10
17
28
23
24
32
44
39
35
28
11
-2
-6
-12
-27
-29
-25
-30
-41
-43
-22
-20
-31
-32
-16
3
1
-11
-21
-16
-12
-10
-12
-12
-3
-6
-3
13
25
12
7
25
19
5
-8
-11
3
11
11
17
30
31
23
6
1
11
17
19
9
-1
-9
-19
-27
-24
-25
-16
0
4
0
13
17
-3
-9
13
34
22
7
18
31
22
3
2
8
-1
-23
-25
-11
-10
-17
-18
-5
-7
-32
-34
-20
-9
-21
-39
-22
-3
-6
-10
7
25
4
-19
-14
-5
-14
-22
-6
3
0
0
11
19
18
21
21
29
21
-5
-12
-13
-20
-23
-22
-9
3
2
1
10
13
12
16
21
16
11
14
13
13
18
24
28
37
52
56
42
41
56
55
46
34
23
13
8
16
20
3
-17
-26
-28
-28
-19
-14
-23
-32
-25
-25
-40
-56
-53
-28
-20
-33
-51
-56
-58
-71
-76
-57
-28
-26
-27
-15
-5
-12
-27
-12
8
10
-1
5
32
40
32
25
33
38
31
24
27
36
42
45
43
36
29
19
16
10
1
5
10
6
8
14
5
-17
-44
-46
-25
-19
-15
-12
0
6
-10
-25
-23
-4
-9
-18
-17
-16
-17
-38
-41
-29
-26
-28
-28
-16
-11
-17
-19
-7
5
10
16
18
31
29
32
36
46
49
38
44
47
28
13
18
32
21
1
6
10
1
-14
-14
-10
-14
-10
0
-1
-10
-14
-20
-19
-12
-1
3
3
12
12
7
3
13
25
16
6
2
0
-5
-4
-3
-11
0
8
3
9
22
30
14
0
-6
-3
-13
-27
-19
-6
0
-1
10
19
30
33
21
10
0
-3
-14
-12
10
22
12
-3
-1
4
3
-2
-15
-28
-40
-42
-33
-26
-21
-15
-15
-28
-23
-19
-33
-43
-37
-25
-28
-32
-20
-2
14
10
4
17
17
-7
-23
-5
11
-3
-16
7
34
22
-2
4
27
23
10
9
18
7
-16
-16
-3
-6
-26
-36
-22
-21
-28
-13
0
-2
-11
-7
13
23
17
17
27
27
20
11
28
45
39
27
30
34
21
11
15
17
13
8
-4
-14
-27
-25
-15
-9
6
27
24
24
31
23
6
-7
9
12
-7
-12
1
11
18
23
29
34
15
7
3
-12
-22
-15
-7
-11
-6
8
18
2
-20
-24
-24
-45
-63
-51
-30
-34
-45
-27
-1
-3
-30
-31
-9
-13
-37
-34
-8
-11
-28
-13
30
51
48
58
77
73
49
41
55
60
51
37
27
7
-15
-27
-35
-39
-48
-36
-22
-23
-31
-30
-27
-35
-37
-40
-35
-30
-33
-23
-21
-16
-15
-14
-1
8
20
32
33
37
34
14
-1
-3
-5
-11
-4
6
21
34
45
57
49
45
29
15
3
-16
-12
-5
-13
-33
-48
-42
-23
-16
-15
0
11
1
-11
-3
12
10
-7
-9
-4
-7
-16
-14
-1
-1
-8
-14
-2
-2
-6
0
7
14
16
19
18
13
4
-3
-3
-14
-26
-20
-15
-20
-22
-3
8
-4
-16
-17
-12
-17
-20
-16
-3
5
14
27
30
25
13
10
14
14
11
16
23
26
32
32
30
36
30
25
16
10
13
20
20
13
8
14
22
18
15
22
11
-13
-25
-20
-6
-14
-29
-29
-20
-13
-16
-13
1
7
-2
-8
7
14
-14
-36
-18
-5
-22
-39
-27
2
1
-8
10
18
4
-23
-32
-20
-23
-32
-46
-37
-28
-31
-28
-16
-2
-12
-9
9
17
5
-6
10
32
31
32
45
36
21
21
22
18
1
3
16
15
16
20
17
9
17
22
10
5
-2
-5
-22
-30
-32
-39
-43
-43
-25
-13
-10
-12
3
20
5
-20
-28
-17
-22
-27
-18
1
8
-5
2
17
24
24
27
26
2
-21
-25
-31
-43
-43
-29
-19
-9
6
15
16
-4
-6
12
6
-6
-7
12
18
0
-11
-5
8
-5
-14
12
47
53
39
49
67
54
29
35
47
33
25
36
37
9
-3
12
19
11
-1
11
21
22
24
21
12
-11
-28
-29
-13
-1
-5
-1
10
1
-18
-24
-3
11
6
5
8
-5
-24
-24
-25
-32
-35
-39
-39
-29
-21
-13
-9
-15
-17
-21
-33
-37
-28
-14
-9
-6
-12
-33
-34
-15
-15
-21
-3
3
-4
-5
1
17
12
2
3
14
12
8
5
9
9
-7
-8
13
32
29
9
-1
-6
-18
-27
-9
4
-5
-8
5
-8
-27
-15
4
12
-5
-5
-2
-12
-23
-14
10
14
12
16
21
19
5
-10
-6
-5
-18
-15
0
17
19
8
22
43
44
34
35
38
29
8
-1
4
10
25
41
45
33
20
15
16
13
9
2
-11
-16
-12
-2
9
11
3
0
-7
-27
-48
-41
-17
-13
-22
-15
4
-4
-24
-37
-27
-27
-37
-29
-19
-10
-20
-23
-3
24
22
8
17
20
1
-21
-13
5
-5
-19
0
16
10
-3
-1
11
6
2
11
16
-10
-12
11
11
7
5
10
21
8
-5
-3
4
1
-3
6
23
26
6
-15
-16
-25
-31
-23
-15
-14
-2
13
22
39
44
41
22
1
-9
-13
-31
-34
-20
-19
-19
-20
-4
14
20
28
27
22
7
3
2
-3
-2
4
13
2
2
13
9
-2
-10
-1
4
-15
-33
-22
-4
-6
4
17
28
16
-10
-22
-26
-34
-36
-23
-13
-22
-41
-32
-19
-27
-29
-13
-10
-17
-17
-5
7
-2
3
35
48
27
11
5
-12
-30
-22
16
44
34
21
34
41
23
5
11
29
17
0
13
29
17
-1
7
22
19
-4
-13
-17
-25
-21
-21
-8
4
0
6
15
18
16
10
10
6
-7
-12
-13
-7
6
7
13
33
34
8
-12
-22
-29
-29
-23
-7
-4
-9
-17
-20
-25
-41
-53
-50
-40
-49
-49
-21
12
13
4
13
19
17
26
39
41
38
29
20
11
8
10
19
25
24
19
17
20
15
9
17
33
27
23
37
36
24
15
25
36
27
9
5
17
1
-16
-13
4
4
-18
-14
-7
-6
-14
-24
-25
-21
-21
-47
-56
-44
-43
-47
-53
-47
-40
-40
-36
-23
-24
-37
-37
-35
-35
-31
-22
-5
-3
2
17
26
26
28
37
39
23
-3
-12
-7
-15
-12
16
35
26
-9
-21
-7
-5
-21
-33
-22
-17
-27
-23
5
16
13
19
30
28
17
11
17
13
3
6
17
27
24
36
53
50
24
13
20
12
-10
-23
-12
-2
-5
-5
12
24
10
3
6
6
10
5
-1
2
1
2
-1
1
18
38
41
50
55
50
32
23
26
15
5
0
-8
-13
-20
-19
-1
9
9
5
-1
-14
-28
-33
-33
-34
-33
-21
-16
-23
-24
-12
5
12
-9
-21
-13
-27
-41
-26
-11
-19
-32
-22
-8
-21
-36
-24
11
17
1
4
20
6
-18
-15
4
2
-16
-17
-15
-30
-36
-12
7
-10
-17
6
18
20
14
8
19
21
13
15
24
35
21
12
22
19
-10
-24
-12
-9
-23
-34
-21
-3
-5
-14
-21
-19
-25
-24
-30
-29
-20
-14
-5
5
31
35
22
18
15
3
-15
-21
-16
-13
-16
-1
33
40
46
40
32
28
16
16
14
17
14
13
26
32
27
24
47
51
35
23
17
16
13
30
42
39
32
29
29
14
4
-2
-3
-7
-16
-9
-10
-29
-44
-52
-59
-64
-54
-43
-44
-55
-66
-62
-51
-53
-63
-52
-33
-27
-20
-6
3
-4
-24
-28
-14
-4
-3
1
6
15
35
41
53
62
61
50
32
38
52
58
58
50
44
33
20
14
9
1
3
10
6
-4
0
6
5
5
10
7
-6
-20
-21
-17
-26
-40
-35
-15
-8
-12
-9
11
20
-6
-22
-21
-19
-35
-58
-48
-34
-49
-62
-50
-38
-39
-20
9
24
16
8
13
6
-19
-40
-38
-35
-30
-23
-10
8
0
-3
13
28
26
21
22
19
18
10
18
29
30
31
43
60
64
65
60
56
53
40
23
11
6
1
-5
-2
3
5
-11
-23
-15
-12
-21
-34
-34
-24
-12
9
21
14
9
7
2
-5
-9
-6
0
-3
-6
0
15
29
18
9
14
12
-10
-29
-23
-22
-48
-55
-22
4
-9
-18
4
8
-19
-31
-15
-3
-5
-8
-1
4
-2
-8
-4
-3
-6
3
16
20
0
-23
-16
-5
-7
-8
-1
8
10
11
19
21
6
-12
-12
2
4
7
18
31
27
24
32
32
23
0
-13
-12
-13
-12
-13
-8
-10
-16
-26
-23
-3
-2
-19
-41
-43
-44
-53
-51
-41
-26
-17
1
18
24
22
11
12
14
19
23
28
41
36
28
30
35
36
32
43
50
38
16
16
20
10
10
19
25
15
8
9
15
1
-5
4
-1
-16
-20
-14
-20
-30
-24
-17
-12
-27
-33
-17
-11
-9
-17
-28
-36
-45
-54
-43
-37
-36
-26
-13
-3
-11
-11
9
21
5
-15
-21
-16
-19
-28
-19
-8
-5
1
12
21
25
18
20
21
8
6
13
26
37
27
22
23
20
17
24
33
26
27
35
51
49
35
33
27
13
-6
-16
-17
-21
-33
-38
-31
-19
-9
-1
11
18
13
-4
-21
-24
-34
-49
-38
-20
-26
-38
-44
-37
-26
-12
-2
11
16
11
6
-4
-1
9
8
5
2
-5
-1
11
23
42
47
47
40
32
22
17
18
11
10
-1
-6
4
-4
-6
0
3
8
3
6
11
9
-7
-8
2
-2
-10
-11
-8
-4
-13
-16
-9
-6
-10
-10
-5
-7
-8
-12
-10
-12
-17
-15
-20
-29
-32
-28
-15
-7
1
10
13
2
-4
2
12
5
-1
7
9
-8
-25
-5
13
-7
-35
-37
-15
-9
-8
3
22
22
-2
-11
7
11
2
1
2
5
12
26
37
26
4
6
36
49
33
16
22
12
-20
-34
-23
-20
-34
-28
-9
-1
-7
-15
-5
-12
-30
-33
-25
-3
1
-1
-2
7
11
1
0
18
25
9
-1
11
19
23
29
29
26
15
15
26
28
13
8
18
21
15
15
21
23
14
8
22
34
22
8
2
4
-2
-12
-3
2
-1
-2
3
11
19
25
25
16
-7
-32
-36
-42
-52
-54
-38
-28
-33
-34
-34
-34
-36
-40
-39
-27
-31
-40
-38
-32
-26
-28
-21
-15
-21
-25
-8
2
-8
-10
-3
5
-1
-9
-5
4
10
1
2
14
19
24
27
39
55
50
44
40
30
18
17
20
22
24
19
18
18
6
-9
-6
-7
-5
7
16
24
26
35
39
36
35
35
39
28
13
10
3
1
-11
-24
-27
-24
-26
-31
-36
-32
-28
-31
-31
-28
-15
-14
-23
-26
-9
-7
-18
-11
0
-1
-13
-6
-5
-6
-3
-11
-7
-19
-26
-21
-26
-18
-10
5
13
21
23
22
16
6
6
-2
-6
-2
7
2
3
12
10
6
7
10
19
23
29
36
36
29
27
37
35
5
-19
-16
-9
-11
-25
-23
-10
-10
-18
-12
4
6
3
-2
-2
-14
-27
-29
-32
-30
-32
-20
-7
0
4
11
18
22
28
29
23
10
-1
1
1
-15
-18
0
14
13
14
29
31
8
-8
12
18
-6
-10
3
-4
-23
-22
-5
6
-1
2
16
13
-7
-14
-2
-6
-20
-35
-27
-25
-39
-39
-19
9
8
-8
-4
13
7
-4
8
27
23
9
13
16
11
2
-1
2
-3
-17
-22
-11
6
9
4
6
11
12
-1
-7
9
12
-7
-27
-27
-3
10
12
25
34
21
13
17
19
11
0
4
4
13
9
11
5
-9
-5
-2
10
-2
-24
-31
-22
-15
-6
4
5
3
-3
-10
-20
-35
-32
-26
-34
-45
-33
-33
-35
-27
-19
-12
-15
-18
-10
19
26
16
19
32
27
4
5
16
13
7
15
38
55
51
52
61
56
37
21
20
24
13
-1
-3
-6
-12
-9
-2
10
14
14
19
8
8
18
14
7
-4
-10
-21
-35
-36
-27
-22
-33
-40
-22
-12
-11
-25
-30
-23
-25
-32
-38
-28
-10
-13
-22
-23
-11
-6
-3
13
35
38
34
36
41
51
38
31
31
30
16
0
-10
-10
-6
-16
-24
-19
-16
-26
-30
-21
-27
-33
-23
-16
-24
-29
-25
-28
-31
-35
-26
-15
-11
-5
7
5
5
20
35
32
20
25
27
18
15
25
32
20
11
23
22
8
4
7
1
-17
-22
-15
-10
-15
-7
0
-3
-9
-9
4
4
5
3
-3
0
-8
-1
6
4
2
-1
-1
-3
-12
-11
-2
3
3
10
16
14
17
34
42
26
10
15
17
8
6
32
46
38
32
43
37
6
-6
-4
2
-14
-15
-1
-4
-21
-24
-9
-11
-33
-46
-38
-29
-33
-37
-23
-8
-17
-22
-8
2
-2
-13
-8
-2
-14
-21
-7
10
4
-7
7
18
12
4
8
18
6
8
24
31
26
34
41
31
14
5
9
7
7
13
12
-1
-8
-8
-17
-33
-41
-43
-47
-47
-37
-19
-21
-39
-39
-30
-36
-33
-16
-8
-12
-16
3
13
-6
-23
-16
-13
-22
-22
-10
-5
-19
-19
-2
-1
-6
1
7
2
-3
2
9
14
12
6
14
24
29
34
42
55
55
60
78
76
54
35
35
35
29
26
33
39
37
27
18
20
4
-7
-7
-6
-7
-11
-13
-22
-31
-32
-28
-24
-16
-5
-1
-13
-31
-25
-13
-23
-34
-37
-39
-48
-46
-22
3
3
-4
-1
17
25
30
29
28
41
36
10
-4
5
20
11
5
29
36
21
13
22
16
-5
-12
-10
-16
-25
-32
-26
-16
-15
-25
-49
-62
-67
-65
-57
-43
-27
-14
-11
-8
2
5
23
43
33
32
22
3
-10
-20
-1
12
4
-2
2
-10
-19
-17
-19
-21
-27
-24
-16
-18
-17
4
25
32
33
37
46
49
43
42
33
13
6
13
23
4
-5
0
7
3
-9
-6
-7
-14
-24
-20
-26
-31
-21
-17
-16
-25
-18
-6
-18
-32
-27
-20
-16
-9
7
36
50
45
49
61
44
26
31
38
31
17
20
29
21
4
4
9
-5
-9
-5
-1
-14
-39
-33
-17
-19
-24
-5
14
7
-10
-8
5
0
-8
2
7
-5
-19
-6
22
14
-2
-1
9
1
-17
-15
5
12
-1
2
-2
-15
-17
-15
-2
12
11
5
4
0
-8
-8
-13
-19
-20
-20
-16
-9
-4
9
24
20
14
13
17
15
3
-7
-9
0
2
-12
-10
-4
7
13
5
9
12
7
0
-11
-12
-16
-31
-35
-24
-27
-27
-10
1
7
-1
-13
-14
-17
-20
-20
-2
13
20
18
13
16
11
5
-3
1
5
1
-3
-4
4
15
21
23
19
12
6
2
-1
-6
-5
1
1
-2
2
8
10
15
17
12
18
25
19
8
1
-9
-20
-32
-34
-23
-20
-25
-34
-36
-34
-33
-28
-11
-3
-6
-3
4
11
9
-2
2
12
8
0
2
12
26
21
0
2
25
15
-10
-3
15
22
17
26
47
44
34
35
30
15
4
1
-1
-4
-8
-5
-3
-1
12
12
2
-13
-15
-5
-10
-15
-9
10
16
11
13
25
38
45
43
36
27
2
-11
-9
-9
-17
-25
-21
-12
-5
-9
-16
-25
-38
-59
-62
-50
-42
-30
-14
-7
-13
-10
-1
-1
-4
2
11
7
-6
-3
5
7
7
12
7
1
4
11
15
5
-8
-19
-30
-37
-24
-8
-10
-7
-4
-7
-12
-17
-15
0
7
-8
-16
-18
-24
-27
-37
-32
-33
-36
-27
-9
7
-8
-18
-9
13
11
0
10
21
18
7
26
37
26
23
35
58
47
47
57
49
24
14
38
49
38
32
45
39
14
12
29
36
30
12
6
9
7
10
16
31
43
46
31
18
10
-10
-20
-13
-8
-13
-16
-10
0
-2
-20
-28
-34
-43
-49
-46
-43
-61
-61
-50
-52
-60
-64
-48
-37
-32
-48
-57
-52
-53
-36
-32
-11
12
7
17
28
30
14
2
14
20
32
38
35
24
10
16
15
9
4
12
20
5
23
22
19
8
22
34
22
19
21
31
17
33
31
33
16
13
12
1
11
23
19
-5
0
0
-16
-19
-14
-17
-22
-37
-32
-21
-23
-28
-37
-47
-53
-48
-30
-35
-14
11
24
23
-2
15
18
0
-35
-18
-27
-45
-49
-31
-24
-31
-22
-1
11
4
8
13
39
30
37
17
18
38
51
45
21
40
44
43
29
53
74
66
50
51
49
35
28
27
27
7
-1
2
-10
-17
-42
-44
-55
-51
-60
-48
-46
-58
-19
-31
-18
-21
-14
-4
-26
-36
-39
-20
-24
-38
-28
-13
6
4
27
8
-2
-28
-31
-32
-47
-35
-48
-17
-28
4
8
36
31
26
35
18
24
13
22
25
8
0
35
30
28
7
34
52
46
22
5
-27
-21
-18
-17
-5
-9
12
17
30
19
16
10
3
-1
-14
-5
18
-7
-1
-7
16
-4
0
20
-1
-11
-40
45
26
33
6
30
50
-12
34
24
54
-33
-3
9
10
-13
-44
8
-37
-45
-23
4
-3
-42
-21
1
-7
-32
24
8
5
-37
-14
15
-30
14
-21
-25
-48
-28
-27
-60
-26
-23
1
-35
37
24
9
-16
-13
25
-24
41
26
74
28
34
61
27
13
-3
-1
-5
-22
-18
-60
-78
-64
-49
-17
-18
-13
-12
-43
-19
-51
-34
-46
-24
12
-30
-9
-42
-6
-21
-12
28
33
72
68
69
91
83
89
63
39
31
1
29
-27
13
16
28
-11
-16
0
-51
-32
-64
-22
-22
-37
-11
-7
43
30
-22
40
-4
43
-27
-21
12
6
27
28
51
29
51
-4
62
18
41
45
26
28
32
15
66
47
54
30
-13
-5
-9
9
-41
-4
-25
30
-4
-24
7
-38
-22
-58
-91
-10
-84
4
-26
-74
20
-83
-12
-86
-10
13
-17
18
21
-20
-43
-33
-5
-12
-29
-53
-44
-43
-37
-22
-38
11
-30
-15
1
-36
11
-21
31
-24
-24
-19
-31
-15
-7
54
-18
-1
7
-36
23
0
62
36
41
56
47
59
65
28
73
27
30
4
-23
-5
-58
65
-41
55
-77
-21
-62
-116
15
-117
-51
-54
9
48
-50
16
-4
37
31
30
71
108
7
27
67
94
35
86
133
55
90
51
95
31
76
40
25
-47
-24
-2
-28
48
-75
18
-69
-87
-53
-79
28
-103
-118
-84
-118
-125
-100
-51
20
-58
-63
2
11
48
-5
58
131
82
50
97
62
61
-19
54
12
56
26
85
51
-9
12
-31
137
2
38
46
-67
-40
-155
-30
-88
-122
-66
-98
-87
-108
-44
-73
-69
-25
-69
-6
-71
4
-17
-65
15
-75
64
-60
9
10
62
74
60
59
73
36
55
44
83
44
95
58
58
73
21
49
9
111
18
95
12
71
-9
-61
7
-20
22
-34
21
-21
1
-78
39
-81
-15
-81
-98
-16
-94
45
-11
-7
-7
-72
-8
-83
-49
-13
-67
-10
-32
39
-12
-29
20
8
-30
-41
-84
64
-111
33
3
-20
88
-11
145
28
73
100
-57
53
32
-20
35
-47
28
-21
3
-2
30
30
43
-11
-13
4
-80
36
-58
35
52
76
114
12
95
21
15
-104
-27
55
-31
26
-102
35
-91
-59
-60
-40
-41
-91
-109
-60
-113
-133
-65
-147
-1
-95
-46
-62
-7
111
-76
93
24
64
56
-51
143
-44
76
82
-15
137
-3
216
58
92
183
113
232
50
144
139
63
94
42
87
24
0
-17
-11
-20
-102
-59
-81
20
-11
-32
3
-77
41
-106
-43
5
-102
12
-184
33
-142
-168
-3
-184
68
-196
74
27
-102
26
-172
75
-91
-88
42
-34
69
-17
10
-12
-91
-33
-26
34
48
-5
34
11
53
67
25
87
-22
121
-26
72
15
21
73
48
15
81
-16
57
-27
-35
163
-105
54
-66
78
-11
-70
-39
-99
-80
-163
-45
-64
-85
-122
-117
-1
-131
-42
-52
-25
-15
-50
101
-5
28
31
57
141
62
56
10
-13
-33
-137
-17
-19
-114
60
-130
108
-11
76
147
137
281
-22
153
-75
26
-12
13
24
-108
112
-61
119
118
63
225
15
182
69
17
117
17
138
47
-15
87
-94
15
-14
-87
50
-144
-63
-140
-49
-18
-153
87
-128
-23
-159
-48
-96
-220
16
-99
-28
-5
7
90
32
151
78
-112
137
-40
39
-43
-1
51
-105
55
-88
10
-165
-11
-57
-35
-73
-60
32
-94
99
-35
149
46
-44
140
-147
223
-156
94
34
-21
155
-23
166
-57
154
-18
95
78
112
37
-56
-15
37
66
-37
26
-81
-33
-219
-21
-153
-115
-80
-110
-61
-59
-35
-206
-144
-180
100
-200
-122
-79
-122
-56
-161
42
-18
107
-58
27
5
-64
-11
-86
-7
17
17
55
89
168
187
143
147
327
26
305
99
258
26
73
151
15
110
153
135
-58
298
22
211
-91
49
-52
-223
-2
-205
-84
43
3
-66
-111
-28
-180
-124
-119
50
-165
-89
-38
-136
-22
-148
174
-105
196
-136
9
-221
-64
-32
-188
268
-71
297
-66
308
100
121
96
87
23
-51
79
36
1
-130
27
-34
90
96
53
77
39
-13
-72
6
-2
-39
12
-14
-9
-37
121
-34
-99
-86
-115
-110
-153
-94
-140
-15
-73
-26
7
-39
-138
-70
-84
7
-96
-135
5
-97
-27
-57
49
-10
-75
-23
47
50
-1
43
81
34
-9
216
-30
77
39
-12
51
6
28
-76
174
108
56
100
23
77
-89
4
21
-87
98
-141
84
3
-2
-14
-37
137
-211
246
-112
126
-41
11
51
-246
217
-120
89
36
86
-9
-113
98
-42
74
96
87
117
-76
222
63
54
162
-18
-61
-67
-30
26
-5
-82
214
-216
11
-76
-54
25
-153
-20
-143
-224
-207
-123
-219
-20
-253
-60
-122
-72
-70
-82
136
-146
68
-132
56
-149
-8
221
-57
139
105
150
96
59
226
-13
185
64
-70
-41
-79
-128
-16
77
28
30
-10
128
-84
205
102
126
54
282
124
232
202
218
107
80
268
-61
287
-4
195
19
161
47
-95
-62
-172
13
-150
-73
-321
-139
-279
-256
-224
-230
-228
-285
-76
-106
-99
-153
-81
-191
-86
-104
39
-228
138
62
119
-137
34
135
-177
194
-95
239
-130
118
170
74
96
93
-100
86
-55
108
-34
-92
40
-134
13
57
125
47
228
-34
183
-48
175
-85
-26
74
-116
110
-167
220
60
122
15
-11
-46
-112
-119
-141
-80
-268
-197
-202
-139
-179
-83
-98
82
-193
153
-81
150
-120
-2
-4
-151
78
-116
315
68
487
155
281
270
71
224
96
275
60
155
110
68
79
64
179
-162
147
-31
21
28
-170
144
-289
92
-166
-69
34
-130
-14
-136
20
-100
-135
-185
-17
-38
-113
31
124
64
-100
70
-48
-23
-127
125
-191
-54
47
-197
113
-151
64
-270
50
-10
-172
-43
-56
-145
-276
225
-53
-7
20
-101
41
-242
115
-183
-17
116
-57
180
59
241
128
173
216
46
53
3
-13
93
40
89
37
143
52
-2
236
-92
48
-47
-2
4
-160
-8
-72
-5
-91
-3
-179
23
-140
-2
114
-243
177
-126
25
30
-179
195
-188
6
218
-80
157
-222
162
-144
-125
-34
-229
173
-117
64
73
-104
113
-135
41
25
-268
144
-197
8
-76
76
40
-117
163
-67
247
-54
257
-17
144
219
-90
114
-29
58
-26
36
86
0
148
82
66
227
22
214
37
114
-44
-128
-61
-91
35
-169
-57
-65
-254
-77
-82
-129
-7
-154
145
-184
-99
62
-223
-89
-170
123
-173
241
-8
108
169
121
186
-120
350
-114
-27
-54
26
-122
-132
34
-38
-128
12
-164
-65
-16
-15
136
-76
263
-89
195
-114
95
124
-117
56
-79
-32
65
-50
139
189
-58
193
-210
87
22
-106
227
-77
-35
-105
-127
-41
-130
40
54
-126
91
49
-100
158
-127
112
-50
2
-9
-268
180
-157
79
103
-14
47
-76
241
89
44
123
148
94
-16
113
117
-75
-9
61
65
-41
-25
-77
-86
27
23
-8
-241
113
-206
-17
-1
-183
0
-384
53
-302
-249
25
-120
-4
-45
54
-145
-75
-37
99
67
100
-115
-27
-22
93
-63
168
194
-95
50
134
219
-75
284
19
47
97
-138
91
-102
117
-92
31
111
-167
83
-108
184
-217
182
-10
-37
-2
-104
179
-245
51
-296
155
-151
68
63
-17
205
-64
120
-28
183
117
6
88
31
143
-72
131
131
-83
273
22
63
34
-20
152
-208
67
-32
-160
-35
-130
31
-159
-27
-12
-2
-132
-226
-135
-289
-129
-260
51
-64
-9
137
-154
168
-22
70
133
24
188
-143
108
-3
-104
122
-91
168
47
47
45
64
168
-35
167
122
-165
257
-46
126
-60
-73
80
-188
69
-69
-110
-29
-48
25
87
21
-85
-11
15
-17
-97
-63
-210
96
-1
70
112
-102
108
-166
87
-125
-2
-59
-200
30
-79
-79
-134
-17
-70
-151
-5
-223
-111
-35
15
52
-119
229
-200
-80
76
-38
159
22
147
123
41
347
22
207
218
104
249
53
172
15
114
-91
-86
131
-124
44
15
-85
163
-76
-21
5
-69
-102
-86
-50
30
-121
-143
-48
-293
-78
-239
-114
-54
-62
173
-28
155
-47
44
83
5
-80
1
-78
-145
90
-53
135
-52
172
159
157
284
78
142
12
51
11
29
-129
-87
-131
29
-34
83
66
-14
207
-24
142
9
48
-40
26
196
53
12
-87
-16
-212
-24
56
-91
82
-66
121
30
6
148
-47
45
-152
-83
-144
-186
-227
-141
-113
-61
-36
-171
-6
-131
-57
-76
-52
-35
-116
-47
-48
39
76
-56
60
93
134
5
35
155
64
52
114
-50
-69
-94
-76
-94
-77
-139
-216
-41
-140
5
-31
-66
44
-126
142
58
-47
29
118
172
96
38
64
101
-55
41
105
18
61
33
7
129
6
64
-57
-21
-20
25
44
49
58
85
106
94
176
7
-3
-95
39
-28
-6
-28
-126
-109
-168
-49
-123
-56
-21
37
59
99
119
7
109
219
190
211
205
238
267
217
303
292
288
228
138
195
84
-2
-30
-59
-99
-174
-187
-177
-236
-218
-191
-198
-186
-144
-172
-269
-273
-295
-239
-311
-201
-128
-148
-117
-104
-7
-58
57
98
88
152
17
-62
-126
-192
-163
-215
-151
-134
-231
-119
-51
-29
119
164
109
46
54
63
26
73
31
47
80
46
-12
-43
108
179
137
151
279
363
407
328
347
260
185
197
250
191
99
99
44
170
239
279
310
337
344
223
18
-72
-140
-257
-398
-509
-570
-650
-627
-690
-736
-770
-789
-853
-792
-721
-764
-762
-674
-518
-462
-414
-272
-55
48
278
469
579
657
771
871
1005
1174
1271
1392
1528
1766
1813
1803
1722
1489
1347
1165
921
561
256
-34
-319
-466
-600
-792
-1058
-1167
-1373
-1481
-1596
-1829
-1900
-2100
-2187
-2178
-2058
-1962
-1913
-1793
-1614
-1465
-1421
-1315
-1142
-918
-700
-588
-458
-190
116
667
1362
1850
2177
2616
3150
3487
3721
3914
3754
3437
3256
3021
2476
1776
1272
941
574
298
-74
-455
-624
-811
-1082
-1372
-1632
-2130
-2446
-2404
-2341
-2352
-2345
-1941
-1485
-1200
-856
-507
-203
-72
141
278
278
184
-33
-189
-418
-690
-879
-938
-1171
-1422
-1489
-1265
-1173
-1222
-1188
-1161
-722
-142
328
625
1247
2054
2639
3336
3850
3805
3462
3360
3314
2717
1912
1313
958
748
585
378
92
76
197
33
-365
-785
-1200
-1556
-1890
-2161
-2366
-2468
-2368
-2045
-1675
-1432
-1096
-735
-376
-289
-380
-514
-633
-871
-1282
-1495
-1696
-1851
-1935
-1877
-1710
-1668
-1568
-1272
-1000
-687
-7
853
1316
1791
2667
3463
4106
4536
4617
4224
3804
3703
3387
2682
1936
1334
906
709
475
9
-492
-674
-745
-1140
-1615
-2070
-2529
-2903
-3105
-3103
-3137
-3037
-2684
-2075
-1509
-1089
-673
-246
57
47
-120
-408
-674
-903
-1204
-1551
-1559
-1290
-1192
-1155
-985
-755
-584
-453
-450
-412
98
991
1648
2058
2934
4087
4967
5591
5969
5792
5342
5240
5127
4212
2840
1768
1098
676
278
-445
-1344
-1665
-1382
-1523
-2269
-2874
-3219
-3318
-3423
-3466
-3562
-3530
-3019
-2337
-1690
-1269
-786
-248
352
658
346
-48
-333
-618
-1144
-1743
-2141
-2290
-2316
-2412
-2542
-2711
-2773
-2513
-2300
-2350
-1966
-923
147
933
1915
3200
4261
5130
5940
6057
5660
5545
5573
5086
4137
3181
2358
1761
1432
944
-22
-701
-765
-1033
-1689
-2376
-2888
-3382
-3744
-3798
-3935
-3964
-3358
-2426
-1648
-1165
-631
12
589
934
834
529
162
-174
-633
-1124
-1434
-1679
-1957
-2262
-2378
-2352
-2343
-2200
-2088
-2109
-1599
-331
893
1700
2666
4002
5144
6147
6883
6810
6072
5650
5669
4928
3629
2405
1507
920
541
-53
-1105
-1802
-1903
-2032
-2473
-3009
-3586
-3882
-3891
-3892
-4113
-4258
-3591
-2429
-1454
-717
132
962
1580
2005
2017
1381
526
-49
-627
-1623
-2566
-2980
-3094
-3152
-3209
-3228
-3103
-2716
-2259
-2147
-1982
-959
382
1208
1822
3147
4593
5695
6731
7200
6928
6540
6566
6041
4657
3235
2040
1081
398
-353
-1357
-2332
-2576
-2542
-2880
-3406
-3868
-3896
-3686
-3524
-3653
-3729
-3147
-2145
-1105
-316
280
1009
1796
2488
2514
1907
1204
692
192
-836
-1805
-2389
-2733
-3046
-3294
-3367
-3296
-3058
-2749
-2716
-2655
-1718
-261
889
1694
2993
4546
5988
7229
7814
7563
7022
6884
6433
5111
3460
1912
754
20
-671
-1904
-3262
-3484
-3200
-3415
-4107
-4699
-4858
-4636
-4212
-4144
-4140
-3634
-2410
-1082
-240
470
1371
2326
2997
3058
2536
1643
872
290
-551
-1615
-2597
-2860
-2770
-2770
-2890
-2891
-2575
-2208
-2017
-2290
-2099
-862
681
1595
2289
3818
5558
7120
8117
8189
7694
7198
6938
5969
4202
2218
506
-490
-1110
-2082
-3480
-4209
-3944
-3740
-4126
-4730
-5035
-4823
-4278
-4034
-4169
-3867
-2652
-1256
-213
531
1408
2450
3166
3388
2885
1978
1252
611
-287
-1650
-2695
-3145
-3228
-3270
-3535
-3579
-3162
-2483
-1934
-1956
-1967
-862
990
2375
2912
3917
5594
7294
8586
8892
8283
7603
7436
6767
4948
2761
889
-474
-1297
-2164
-3463
-4578
-4546
-3884
-3901
-4404
-4749
-4556
-4028
-3641
-3623
-3674
-3000
-1604
-325
395
947
1854
2728
3083
2724
1797
939
158
-753
-2005
-3374
-4213
-4248
-3980
-4102
-4314
-3965
-3115
-2426
-2242
-2356
-1747
-126
1624
2652
3498
5275
7444
9242
10061
9734
8858
8203
7727
6006
3366
926
-731
-1620
-2517
-3734
-4952
-5182
-4407
-3770
-3838
-4218
-4141
-3369
-2486
-2345
-2717
-2292
-843
550
1229
1639
2340
3200
3730
3518
2435
1067
-53
-1000
-2219
-3720
-4982
-5399
-5182
-5050
-5100
-4886
-4076
-3094
-2377
-2283
-2216
-986
986
2419
2984
4144
6237
8275
9767
10183
9633
8797
8257
7179
4556
1616
-614
-2211
-3396
-4491
-5620
-6334
-5618
-4119
-3343
-3416
-3401
-2682
-1777
-1422
-1561
-1737
-1182
132
1280
1971
2445
3305
4174
4395
3592
2199
1056
-88
-1554
-3301
-4840
-5727
-5725
-5253
-5184
-5223
-4532
-3225
-2180
-1922
-2036
-1660
-24
1907
2909
3371
4908
7350
9252
10127
9918
9133
8422
7843
6072
2964
-82
-2343
-3674
-4474
-5360
-6327
-6390
-5040
-3598
-3100
-3105
-2805
-2031
-1352
-1296
-1752
-1749
-641
810
1704
2108
2769
3752
4295
3947
2947
1546
-3
-1426
-2914
-4548
-5990
-6473
-6059
-5495
-5212
-4811
-3711
-2369
-1494
-1375
-1723
-1589
-267
1496
2432
3002
4691
7256
9276
10440
10746
10154
9075
7913
5925
2669
-568
-2956
-4516
-5548
-6296
-6906
-6805
-5410
-3503
-2423
-2080
-1633
-812
-69
-100
-620
-666
112
1097
1738
2079
2651
3532
4073
3701
2732
1612
284
-1227
-2834
-4243
-5547
-6402
-6268
-5637
-5202
-5012
-4246
-2787
-1605
-1322
-1462
-1208
-142
1459
2730
3486
4668
6894
9126
10300
10409
9797
8809
7457
5355
2342
-741
-3247
-5103
-6149
-6499
-6731
-6684
-5625
-3849
-2602
-2110
-1593
-813
-69
44
-320
-436
82
1047
1673
1977
2499
3167
3600
3363
2648
1522
79
-1399
-2847
-4160
-5407
-6168
-6119
-5595
-4872
-4209
-3453
-2444
-1461
-843
-660
-529
110
1521
2958
3783
4790
6748
8886
10213
10619
10220
9094
7623
5976
3471
187
-2714
-4805
-5981
-6470
-6694
-6618
-5892
-4233
-2582
-1655
-1241
-917
-352
-3
-209
-781
-852
-121
700
1293
1755
2367
2908
3016
2519
1455
-52
-1799
-3382
-4735
-5901
-6766
-6999
-6443
-5459
-4568
-3804
-2739
-1440
-611
-430
-403
-190
732
2221
3543
4316
5586
7857
9719
10553
10519
9774
8432
6677
4521
1508
-1793
-4347
-5846
-6363
-6654
-6933
-6446
-4755
-2665
-1410
-822
-396
120
538
394
-223
-571
-75
702
1321
1839
2462
3176
3717
3706
2775
1198
-422
-1924
-3358
-4790
-5949
-6519
-6231
-5248
-4364
-3808
-3136
-1961
-851
-572
-799
-824
-313
789
2041
3152
4132
5829
7988
9526
10094
9742
8831
7461
5696
3196
154
-2715
-4671
-5530
-5851
-6050
-5915
-4785
-2810
-1167
-459
-168
65
260
231
-357
-1100
-1209
-701
-179
263
840
1674
2305
2418
2119
1230
-76
-1534
-3035
-4471
-5774
-6617
-6649
-5992
-5177
-4480
-3686
-2476
-1154
-353
-283
-335
-240
270
1351
2460
3649
4998
6828
8655
9859
10446
10106
9015
7565
5699
3010
97
-2336
-4139
-5063
-5379
-5592
-5354
-4287
-2645
-1403
-816
-493
-303
-225
-396
-779
-1225
-1230
-787
-59
678
1369
2154
2817
3065
2660
1773
549
-901
-2405
-3858
-5192
-6061
-6159
-5835
-5411
-4749
-4049
-3184
-2299
-1655
-1329
-1336
-1269
-733
557
1853
2880
4092
5867
7778
9081
9737
9540
8591
7324
5612
3266
559
-1985
-3812
-4755
-5182
-5559
-5629
-4798
-3235
-1890
-1277
-938
-530
-96
-8
-437
-717
-521
-32
532
1085
1700
2576
3348
3504
3254
2518
1366
-34
-1532
-2969
-4341
-5369
-5823
-5699
-5249
-4610
-3937
-3137
-2126
-1334
-841
-471
-291
21
1102
2420
3593
4788
6246
7867
9081
9808
9636
8570
7172
5706
3746
976
-1848
-3975
-4969
-5408
-5952
-6162
-5597
-4282
-3013
-2274
-1963
-1769
-1433
-1163
-1211
-1410
-1222
-592
201
1000
1742
2551
3355
3688
3360
2533
1427
88
-1602
-3318
-4680
-5689
-6242
-6273
-6003
-5465
-4630
-3495
-2444
-1772
-1295
-836
-343
-62
647
1913
3248
4437
5730
7492
9108
10141
10335
9630
8388
6896
4963
2331
-603
-3083
-4636
-5454
-5972
-6386
-6341
-5466
-4113
-3087
-2565
-2197
-1803
-1281
-1043
-1227
-1107
-322
652
1442
2074
2854
3798
4433
4320
3586
2532
1263
-341
-2319
-3993
-5327
-6392
-6757
-6400
-5768
-4986
-3842
-2515
-1441
-799
-316
129
277
659
1724
3023
4184
5293
6946
8887
10249
10770
10309
9191
7726
5879
3463
519
-2457
-4673
-5744
-6341
-7100
-7557
-6996
-5470
-4154
-3606
-3071
-2210
-1285
-767
-739
-736
-176
701
1541
2324
2856
3541
4277
4520
4053
2861
1323
-280
-2057
-4060
-5817
-7029
-7486
-7207
-6617
-5746
-4636
-3257
-1836
-866
-404
47
427
566
1166
2343
3664
4676
5913
7738
9469
10511
10601
9749
8418
6974
4916
2010
-1144
-3705
-5252
-6176
-6929
-7333
-6957
-5731
-4181
-3066
-2335
-1701
-1076
-384
-35
-228
-313
318
1309
2172
2578
2921
3586
4019
3785
2668
1058
-586
-2448
-4428
-6085
-7297
-8066
-8063
-7343
-6287
-5007
-3573
-2075
-812
5
518
859
937
1062
1863
3081
4205
5358
6955
8792
10267
10924
10615
9627
8102
6248
3908
875
-2270
-4603
-5941
-6711
-7160
-7241
-6412
-4830
-3309
-2208
-1388
-617
180
769
708
575
896
1430
1950
2239
2722
3360
3726
3414
2673
1748
401
-1344
-3339
-5070
-6484
-7654
-8146
-7785
-7101
-6382
-5292
-3783
-2417
-1545
-893
-185
408
528
770
1778
3192
4377
5405
6939
8787
10142
10515
9971
8900
7373
5385
2795
-395
-3227
-5171
-6394
-7239
-7669
-7353
-6196
-4577
-3264
-2205
-1126
-62
884
1404
1471
1661
2353
3150
3621
3657
3817
4424
4649
3856
2536
1259
-112
-1797
-3835
-5664
-6858
-7523
-7612
-7264
-6625
-5627
-4247
-2860
-1778
-1025
-475
-10
212
261
785
2126
3665
4869
6100
7728
9452
10623
10692
9611
7942
6099
3950
1119
-2267
-5102
-6637
-7406
-7966
-8351
-7990
-6552
-4704
-3274
-2189
-1188
-295
571
998
1094
1248
1670
2314
2796
3037
3308
3694
3731
3059
1862
471
-1056
-2781
-4528
-6067
-7179
-7562
-7222
-6498
-5631
-4471
-2983
-1506
-514
62
630
1215
1444
1374
1980
3411
4881
5921
7039
8639
10238
10884
10346
9181
7748
5990
3590
688
-2212
-4517
-6023
-6813
-7276
-7566
-7133
-5735
-3952
-2677
-1968
-1273
-102
959
1191
865
821
1520
2290
2617
2551
2622
2930
2957
2187
722
-746
-2053
-3530
-5248
-6728
-7538
-7602
-7178
-6466
-5491
-4272
-2896
-1646
-593
149
614
917
1168
1364
1953
3168
4541
5786
6860
8131
9464
10280
10017
8704
6929
5194
3258
481
-2648
-5048
-6284
-6839
-7197
-7288
-6561
-4981
-3141
-1591
-666
7
848
1730
2185
2019
1749
1871
2349
2613
2496
2306
2218
2081
1390
83
-1405
-2740
-4051
-5514
-6807
-7436
-7382
-6910
-6211
-5409
-4257
-2793
-1453
-537
56
662
1263
1623
1767
2294
3444
4804
5987
6862
7851
9014
9738
9486
8252
6484
4733
2847
353
-2392
-4671
-5947
-6381
-6471
-6428
-5961
-4711
-2817
-1180
-428
-23
688
1499
1785
1428
968
1033
1451
1671
1573
1386
1501
1561
1011
-107
-1465
-2766
-3943
-5268
-6618
-7513
-7655
-7052
-6161
-5178
-3913
-2258
-585
543
1247
1897
2451
2757
2594
2321
2723
3772
4902
5719
6418
7422
8572
9071
8438
7073
5462
3727
1630
-921
-3459
-5339
-6217
-6356
-6257
-6001
-4997
-3151
-1213
37
621
1140
1827
2292
2121
1524
1163
1340
1522
1361
1062
1141
1383
1096
219
-938
-2067
-3173
-4383
-5685
-6782
-7275
-7075
-6520
-5741
-4576
-3153
-1645
-379
618
1376
1913
2310
2494
2262
2057
2661
3779
4625
4898
5366
6536
7672
7762
6779
5442
4194
2921
1015
-1476
-3677
-4810
-5073
-5264
-5533
-5295
-4212
-2636
-1126
-18
689
1256
1803
2084
1839
1311
985
953
941
752
503
463
577
368
-383
-1437
-2251
-2841
-3736
-4928
-5670
-5591
-5051
-4457
-3767
-2631
-1185
145
1130
1830
2235
2456
2526
2197
1549
1242
1654
2375
2848
3099
3780
4938
5841
5903
5202
4178
3183
2046
322
-1772
-3606
-4691
-5105
-5287
-5325
-4951
-3884
-2414
-1123
-227
420
1105
1690
1850
1590
1276
1268
1451
1435
1225
1128
1173
1141
748
-17
-899
-1718
-2512
-3373
-4174
-4652
-4530
-3934
-3220
-2401
-1276
-27
1022
1782
2193
2386
2471
2371
2019
1537
1390
1936
2754
3282
3655
4505
5778
6596
6402
5455
4481
3553
2190
136
-2212
-4099
-5094
-5595
-6081
-6446
-6311
-5367
-3906
-2642
-1794
-1080
-228
658
1083
895
550
526
656
557
170
-189
-283
-287
-608
-1238
-1860
-2396
-2844
-3335
-3831
-4053
-3893
-3358
-2490
-1555
-680
268
1336
2258
2646
2537
2468
2620
2440
1781
1433
2081
3155
3772
4061
4932
6471
7586
7609
6855
6006
5107
3658
1596
-717
-2771
-4228
-5182
-5840
-6171
-6054
-5339
-4047
-2638
-1624
-1100
-599
214
834
600
-100
-319
6
150
-209
-639
-571
-296
-477
-1121
-1793
-2336
-2908
-3609
-4155
-4369
-4316
-3946
-3174
-2064
-856
320
1384
2240
2659
2564
2303
2073
1604
777
75
383
1603
2739
3451
4445
6336
8319
9188
8802
7864
6849
5340
2953
48
-2668
-4706
-6133
-7075
-7338
-6891
-5889
-4401
-2583
-942
147
830
1339
1584
1220
293
-525
-893
-1228
-1761
-2119
-1927
-1388
-1075
-1211
-1410
-1514
-1755
-2367
-3085
-3433
-3421
-3295
-3003
-2288
-1168
25
991
1738
2196
2224
1852
1327
836
190
-676
-1102
-357
1150
2469
3548
5108
7279
9029
9462
8841
7815
6416
4401
1889
-761
-3194
-5012
-5996
-6139
-5664
-4859
-3654
-1919
10
1282
1617
1648
1813
1673
612
-989
-2013
-2138
-2106
-2393
-2614
-2183
-1211
-541
-553
-943
-1261
-1590
-2202
-2995
-3642
-3939
-3752
-3109
-2230
-1297
-510
328
1315
1855
1517
739
269
174
-209
-1082
-1421
-250
1794
3452
4460
5665
7547
9165
9292
8045
6387
4733
2792
312
-2345
-4466
-5599
-5803
-5323
-4454
-3395
-1951
-84
1570
2338
2208
1759
1461
921
-342
-1914
-2873
-2926
-2633
-2534
-2430
-1787
-670
213
407
131
-205
-539
-1135
-1942
-2606
-2887
-2789
-2369
-1722
-1065
-433
241
938
1338
1062
383
-147
-463
-872
-1452
-1717
-997
534
2023
3123
4194
5633
7024
7436
6602
5155
3681
2085
177
-1912
-3796
-4933
-5080
-4475
-3460
-2404
-1341
-54
1447
2416
2345
1534
779
298
-447
-1682
-2739
-2861
-2376
-1783
-1225
-486
508
1351
1715
1613
1133
277
-752
-1669
-2430
-3070
-3450
-3243
-2404
-1368
-575
159
1097
1990
2266
1748
1003
725
692
120
-776
-972
66
1629
2801
3532
4454
5739
6667
6546
5384
3708
1990
402
-1198
-2989
-4669
-5454
-5064
-4080
-3079
-2238
-1246
129
1387
1682
1036
113
-590
-1055
-1731
-2698
-3272
-2876
-1930
-963
-104
757
1694
2396
2519
2033
1081
-77
-1138
-2106
-3083
-3817
-3860
-3239
-2233
-1150
-133
951
1956
2488
2363
1714
846
151
-446
-1215
-1993
-2276
-1503
210
1924
3011
3956
5266
6560
6959
6005
4263
2551
1024
-570
-2347
-4007
-4932
-4657
-3629
-2497
-1514
-608
434
1443
1853
1320
170
-976
-1604
-2025
-2796
-3511
-3212
-1849
-310
636
1150
1916
2854
3091
2301
1079
-55
-1036
-2054
-3021
-3557
-3454
-2793
-1742
-478
539
1253
1889
2365
2338
1343
-105
-1171
-1677
-2237
-3185
-3807
-3166
-1189
945
2452
3617
5078
6638
7391
6826
5263
3443
1649
-79
-1730
-3193
-4163
-4153
-3118
-1746
-619
183
950
1805
2171
1472
21
-1289
-2076
-2578
-3178
-3614
-3157
-1731
28
1436
2455
3308
3913
4017
3377
1998
341
-1127
-2191
-2887
-3323
-3439
-2929
-1681
-249
801
1405
1738
1891
1618
619
-786
-2038
-2844
-3165
-3345
-3536
-3292
-1976
226
2342
3545
4037
4662
5574
5898
4813
2670
587
-772
-1617
-2510
-3427
-3844
-3233
-1768
-275
647
1003
1239
1515
1407
373
-1279
-2620
-3055
-2869
-2703
-2462
-1511
244
2123
3381
3928
4037
3834
3154
1902
247
-1397
-2611
-3260
-3450
-3316
-2752
-1767
-532
613
1281
1434
1209
732
11
-974
-2128
-3048
-3328
-3070
-2689
-2328
-1757
-639
1049
2630
3507
3795
3940
4217
4372
3889
2664
1213
209
-173
-392
-928
-1543
-1425
-522
407
747
531
320
404
472
-10
-929
-1666
-1765
-1270
-678
-335
115
985
2002
2698
2716
2120
1353
737
12
-1078
-2266
-3028
-3132
-2836
-2474
-2166
-1643
-865
-264
-102
-271
-518
-736
-1000
-1431
-1856
-2087
-2135
-1863
-1351
-908
-680
-509
-18
1046
2171
2648
2648
2930
3754
4510
4428
3547
2632
2115
1780
1308
537
-253
-444
74
835
1231
1029
746
972
1376
1130
113
-964
-1298
-994
-880
-1280
-1485
-932
-82
379
238
-93
-290
-499
-901
-1532
-2189
-2657
-2710
-2406
-2118
-2084
-2100
-1797
-1296
-1145
-1610
-2226
-2306
-1996
-1998
-2447
-2676
-2252
-1518
-1023
-842
-631
-299
217
1174
2328
3061
3264
3497
4278
5191
5245
4257
3167
2689
2493
1937
1002
364
594
1342
1966
2225
2129
1879
1683
1375
594
-749
-2196
-3032
-3026
-2851
-3018
-3006
-2196
-753
417
791
628
534
621
383
-349
-1269
-2014
-2412
-2505
-2529
-2618
-2616
-2372
-1948
-1591
-1576
-1778
-1783
-1527
-1351
-1491
-1774
-1826
-1470
-998
-733
-561
-327
2
767
1998
3113
3644
3851
4436
5437
6016
5518
4434
3645
3376
3197
2688
2016
1670
1842
2228
2440
2202
1423
525
-106
-732
-1847
-3428
-4646
-4726
-3966
-3361
-3120
-2594
-1390
109
1007
987
509
28
-387
-918
-1665
-2575
-3353
-3627
-3337
-2850
-2698
-2806
-2637
-1930
-1205
-1059
-1286
-1310
-889
-442
-262
-261
-245
-40
343
715
917
887
926
1552
2714
3706
4017
3917
4144
4858
5296
4782
3606
2641
2310
2320
2088
1502
1118
1376
2004
2368
2026
1011
-186
-1087
-1790
-2810
-4268
-5494
-5581
-4600
-3470
-2657
-1854
-730
454
1138
945
90
-945
-1889
-2697
-3508
-4334
-4787
-4515
-3553
-2392
-1593
-1105
-568
83
487
364
-94
-425
-362
-75
238
552
923
1367
1778
2048
2030
1621
965
499
655
1202
1590
1740
2210
3381
4784
5666
5712
5247
4829
4682
4481
3831
2725
1700
1280
1347
1186
340
-973
-2170
-2920
-3460
-4230
-5282
-6006
-5809
-4787
-3687
-2944
-2337
-1509
-591
-18
-172
-972
-1901
-2509
-2680
-2611
-2499
-2251
-1650
-659
439
1129
1142
703
318
110
-209
-840
-1460
-1419
-571
513
1255
1623
1889
2174
2251
1858
913
-294
-1204
-1150
-13
1408
2451
3461
5122
7148
8472
8331
6983
5343
3968
2782
1435
-86
-1443
-2172
-2080
-1629
-1619
-2415
-3564
-4382
-4668
-4989
-5778
-6599
-6600
-5453
-3754
-2267
-1228
-242
919
1835
2016
1384
300
-625
-1076
-1138
-1138
-1182
-996
-362
557
1211
1133
486
-201
-525
-576
-694
-877
-824
-308
527
1411
1985
2101
1840
1435
1075
566
-189
-920
-919
257
2144
3775
4726
5483
6398
7172
7021
5435
2899
537
-896
-1567
-2091
-2776
-3165
-2699
-1631
-728
-711
-1780
-3196
-4117
-4455
-4788
-5383
-5748
-5111
-3327
-1282
265
1100
1425
1627
1662
1196
90
-1362
-2506
-2733
-2010
-918
29
623
1092
1707
2214
2085
1225
136
-613
-737
-471
-146
256
838
1618
2433
2904
2671
1795
732
7
-397
-918
-1569
-1786
-869
970
2806
3874
4135
4103
4123
4093
3419
1878
70
-946
-773
50
742
937
907
1100
1409
1121
-264
-2481
-4513
-5602
-5871
-5808
-5658
-5164
-3926
-2013
-73
1200
1538
1071
401
-36
-318
-602
-947
-971
-295
1045
2506
3435
3583
3143
2515
1801
866
-386
-1666
-2467
-2409
-1597
-606
85
436
673
823
616
-207
-1574
-2960
-3833
-4174
-4254
-4188
-3749
-2448
-185
2268
3918
4555
4754
5095
5556
5491
4479
3016
1931
1644
1875
1960
1587
924
298
-281
-939
-1883
-3131
-4326
-5080
-5077
-4459
-3656
-2968
-2273
-1310
-191
751
1177
1087
751
553
730
1205
1731
2022
2129
2287
2485
2482
2008
1030
-123
-1098
-1691
-1985
-2098
-2039
-1801
-1362
-832
-304
-62
-291
-892
-1563
-2052
-2407
-2691
-2923
-2884
-2460
-1776
-929
111
1518
3120
4519
5424
5709
5525
5068
4593
4081
3214
1984
924
533
820
1246
1331
1085
694
245
-356
-1171
-2179
-3286
-4348
-4940
-4713
-3874
-2848
-1882
-944
104
1129
1822
2043
1705
976
176
-291
-367
-313
-396
-549
-478
-151
137
54
-431
-1090
-1616
-1876
-1960
-2030
-2069
-2083
-2027
-1839
-1540
-1276
-1206
-1283
-1327
-1136
-660
-42
420
581
527
479
558
905
1588
2385
3117
3667
4099
4457
4814
5160
5199
4727
3865
2976
2337
1937
1549
962
125
-790
-1556
-2068
-2433
-2841
-3247
-3388
-3164
-2733
-2258
-1866
-1614
-1460
-1416
-1403
-1354
-1394
-1565
-1747
-1657
-1201
-508
70
314
319
123
-149
-407
-647
-1016
-1506
-1880
-1968
-1767
-1425
-1022
-585
-215
-61
27
229
494
577
450
244
145
214
370
599
824
940
1008
1353
2211
3477
4718
5551
5841
5688
5271
4797
4244
3384
2224
1124
431
251
511
932
1105
749
-86
-1156
-2275
-3415
-4555
-5500
-6120
-6285
-5887
-4884
-3563
-2417
-1618
-1126
-784
-542
-456
-456
-459
-462
-418
-208
136
483
702
679
484
227
-33
-272
-506
-698
-853
-953
-925
-748
-510
-420
-497
-642
-698
-628
-521
-403
-256
-59
120
300
572
902
1145
1319
1542
2068
3022
4137
5111
5688
5764
5383
4771
4198
3644
2937
2052
1197
589
310
219
98
-143
-629
-1446
-2517
-3507
-4099
-4292
-4283
-4138
-3843
-3360
-2727
-2057
-1492
-1184
-1318
-1734
-2136
-2285
-2121
-1768
-1215
-553
62
592
998
1176
1112
811
348
-136
-557
-861
-934
-797
-585
-440
-494
-684
-964
-1174
-1198
-1065
-793
-391
179
851
1447
1816
2051
2168
2071
1823
1628
1729
2223
3035
4023
4930
5413
5297
4752
4111
3419
2560
1607
821
288
-14
-30
170
382
222
-483
-1514
-2632
-3717
-4607
-5103
-5182
-5013
-4753
-4397
-3898
-3345
-2885
-2597
-2387
-2195
-1996
-1678
-1130
-342
523
1298
1808
2008
1914
1613
1214
774
303
-248
-736
-1003
-1069
-938
-687
-455
-354
-347
-392
-405
-235
113
553
971
1300
1537
1694
1749
1781
1767
1667
1507
1351
1334
1534
1987
2614
3298
3816
3912
3588
2973
2313
1801
1448
1238
1184
1188
1121
922
682
370
-291
-1370
-2651
-3808
-4557
-4847
-4659
-4038
-3302
-2788
-2584
-2477
-2378
-2403
-2525
-2635
-2568
-2334
-1965
-1321
-384
580
1218
1485
1447
1189
761
350
207
421
791
1109
1324
1352
1274
1113
845
487
70
-290
-549
-660
-596
-305
123
466
572
422
135
-172
-417
-446
-319
-81
205
554
1093
1768
2462
3065
3487
3574
3277
2707
2070
1546
1209
1053
989
895
694
364
-14
-394
-781
-1240
-1800
-2431
-3049
-3417
-3515
-3362
-3036
-2711
-2511
-2448
-2480
-2530
-2522
-2358
-1997
-1482
-888
-316
288
904
1441
1874
2098
2080
1914
1754
1711
1741
1797
1783
1683
1411
1019
596
282
124
34
-61
-145
-218
-331
-446
-475
-419
-394
-452
-604
-783
-913
-954
-878
-689
-474
-254
-4
286
686
1128
1543
1861
1984
1905
1713
1503
1399
1525
1816
2096
2253
2235
1988
1503
888
225
-452
-1188
-1947
-2576
-3048
-3297
-3311
-3135
-2895
-2790
-2788
-2784
-2735
-2688
-2582
-2326
-1918
-1367
-759
-108
511
994
1344
1625
1839
1949
1962
2003
2085
2171
2218
2184
2089
1887
1548
1105
721
408
98
-155
-313
-427
-589
-777
-959
-1117
-1285
-1458
-1580
-1611
-1525
-1396
-1177
-853
-521
-221
62
424
895
1409
1883
2269
2544
2630
2526
2267
1929
1648
1511
1400
1246
1050
824
546
170
-261
-686
-1116
-1543
-1964
-2309
-2527
-2691
-2829
-2855
-2728
-2547
-2432
-2359
-2198
-1986
-1731
-1369
-955
-527
-160
249
724
1143
1447
1635
1799
1940
2059
2117
2179
2204
2083
1821
1541
1275
916
514
215
51
-28
-23
83
236
271
122
-184
-524
-865
-1219
-1509
-1657
-1593
-1470
-1330
-1146
-879
-591
-373
-96
271
599
735
779
869
947
911
834
874
1048
1297
1614
1934
2202
2269
2088
1692
1126
520
-115
-688
-1093
-1355
-1547
-1691
-1794
-1878
-1941
-1970
-1996
-2039
-2084
-2073
-1996
-1878
-1590
-1132
-682
-333
-113
36
92
87
165
347
629
944
1344
1757
2031
2118
2056
1993
1832
1539
1198
891
615
360
254
263
275
140
-91
-340
-631
-991
-1390
-1648
-1751
-1777
-1750
-1657
-1500
-1256
-866
-361
162
533
766
951
1030
1003
848
654
565
672
961
1287
1621
1910
2080
2080
1862
1473
1028
630
321
134
-44
-281
-487
-649
-883
-1201
-1503
-1740
-1955
-2189
-2331
-2352
-2276
-2118
-1823
-1446
-1142
-946
-838
-621
-324
-45
256
588
969
1246
1416
1518
1526
1475
1377
1278
1202
1109
1031
1008
988
894
752
578
280
-180
-595
-903
-1215
-1548
-1840
-1950
-1947
-1872
-1718
-1458
-1162
-993
-773
-402
4
278
433
621
814
957
1065
1327
1738
2151
2507
2788
2958
2920
2624
2180
1786
1400
959
542
259
54
-186
-383
-448
-408
-425
-516
-608
-737
-923
-1147
-1345
-1493
-1611
-1702
-1704
-1663
-1610
-1529
-1397
-1170
-919
-725
-606
-476
-399
-424
-476
-495
-527
-560
-541
-435
-272
-145
28
181
233
185
93
0
-147
-312
-449
-496
-538
-588
-519
-345
-160
19
243
471
609
643
686
756
767
749
805
948
1105
1272
1520
1875
2206
2391
2445
2442
2302
1935
1510
1218
1041
898
826
828
799
641
372
101
-179
-560
-1004
-1386
-1668
-1826
-1888
-1860
-1756
-1694
-1725
-1836
-1940
-2015
-2082
-2145
-2145
-2067
-1974
-1860
-1676
-1359
-989
-662
-338
-31
192
356
529
714
849
897
865
807
741
637
539
467
387
288
226
183
114
51
35
91
180
303
528
839
1092
1291
1508
1672
1688
1594
1541
1542
1540
1528
1611
1778
1843
1816
1782
1705
1448
1040
716
478
191
-110
-272
-400
-649
-968
-1227
-1463
-1761
-2037
-2175
-2216
-2296
-2382
-2380
-2344
-2385
-2473
-2496
-2440
-2360
-2208
-1946
-1615
-1275
-980
-672
-356
-70
187
414
607
752
874
936
935
934
964
1014
1048
1059
1052
991
933
941
971
923
786
733
760
732
682
713
793
804
754
776
854
908
942
1063
1265
1347
1316
1269
1245
1173
1024
905
788
618
437
301
152
-90
-310
-435
-545
-685
-814
-921
-1048
-1230
-1459
-1641
-1757
-1909
-2024
-2001
-1928
-1894
-1855
-1699
-1526
-1446
-1400
-1295
-1103
-943
-808
-625
-404
-177
-10
142
354
574
701
770
842
932
967
943
1004
1083
1071
937
786
723
675
579
519
561
602
512
383
357
371
325
325
457
616
714
799
961
1102
1089
970
866
796
732
705
745
824
840
778
669
493
237
-57
-359
-661
-920
-1107
-1240
-1323
-1368
-1355
-1341
-1386
-1441
-1457
-1443
-1466
-1508
-1493
-1408
-1348
-1330
-1226
-1026
-863
-747
-594
-407
-286
-237
-113
65
199
267
346
485
601
672
723
729
678
586
469
400
388
408
435
527
665
759
794
829
929
1034
1085
1091
1113
1210
1294
1323
1411
1515
1527
1423
1299
1241
1134
895
666
542
416
205
-29
-190
-323
-553
-823
-1035
-1160
-1295
-1407
-1385
-1301
-1226
-1241
-1226
-1171
-1165
-1186
-1222
-1237
-1230
-1165
-1071
-953
-828
-707
-611
-568
-529
-450
-386
-383
-397
-346
-271
-292
-350
-337
-274
-303
-350
-303
-254
-232
-216
-86
76
152
174
208
243
238
270
444
730
994
1226
1477
1688
1846
1952
2032
2089
2058
1925
1758
1640
1546
1432
1279
1127
954
742
462
167
-81
-308
-548
-787
-934
-1022
-1094
-1145
-1146
-1118
-1136
-1211
-1262
-1277
-1335
-1381
-1291
-1098
-911
-742
-545
-332
-182
-120
-49
63
138
165
145
84
11
-92
-209
-322
-428
-534
-604
-617
-574
-503
-443
-337
-204
-85
-46
-26
56
157
263
363
492
625
746
872
1017
1203
1363
1454
1480
1484
1479
1397
1220
970
722
469
198
-44
-220
-315
-396
-452
-453
-397
-343
-374
-421
-452
-501
-610
-725
-792
-812
-825
-812
-692
-496
-270
-100
48
210
307
269
153
36
-110
-300
-498
-591
-580
-593
-630
-612
-479
-387
-409
-444
-410
-376
-416
-397
-299
-195
-133
-77
-25
36
108
212
413
620
802
939
1039
1143
1242
1344
1391
1416
1474
1472
1373
1214
1029
803
513
171
-158
-408
-618
-785
-868
-896
-955
-1056
-1158
-1248
-1312
-1343
-1315
-1217
-1045
-838
-645
-437
-195
39
192
310
402
397
309
220
215
215
160
114
124
124
26
-91
-136
-149
-201
-257
-258
-220
-194
-205
-145
-12
111
175
231
333
423
455
441
446
445
423
390
428
529
588
640
705
788
821
762
651
551
458
348
246
166
110
51
4
-36
-69
-77
-130
-214
-297
-337
-406
-540
-605
-609
-629
-670
-674
-611
-551
-519
-446
-306
-196
-158
-122
-54
-6
-10
-16
-18
-16
-26
-41
-63
-108
-106
-54
-21
2
41
61
32
-18
-30
-18
-14
22
105
171
124
53
41
73
73
62
135
181
135
74
111
185
166
121
122
99
2
-98
-129
-199
-328
-384
-373
-364
-365
-340
-304
-291
-334
-371
-423
-480
-490
-452
-376
-326
-242
-145
-81
-33
48
158
233
286
386
460
449
447
493
533
518
497
530
575
587
560
554
550
507
459
416
387
364
356
345
325
306
272
243
207
183
184
180
165
158
181
181
160
165
177
121
-10
-134
-216
-265
-323
-371
-370
-345
-385
-497
-570
-546
-549
-624
-654
-620
-627
-718
-749
-694
-683
-723
-709
-593
-507
-483
-430
-341
-293
-292
-259
-206
-178
-157
-105
-34
19
89
167
217
212
253
360
392
402
475
589
619
587
632
698
661
606
640
714
689
623
635
642
564
446
413
414
385
371
357
310
250
212
197
128
30
-21
-58
-128
-190
-192
-210
-278
-358
-408
-537
-715
-819
-833
-802
-814
-808
-747
-711
-756
-768
-706
-659
-639
-595
-517
-438
-358
-249
-119
-29
5
37
111
184
232
275
348
439
499
504
519
553
590
589
591
631
636
614
604
613
611
584
557
530
486
427
383
331
237
204
217
174
101
81
110
68
-44
-96
-125
-267
-415
-437
-411
-514
-636
-619
-561
-603
-687
-692
-703
-756
-774
-746
-718
-718
-716
-692
-675
-624
-525
-417
-342
-262
-152
-69
-47
1
98
172
220
289
413
505
525
548
621
629
570
570
605
591
555
563
614
621
565
532
523
503
484
523
580
573
558
564
558
505
451
394
348
299
276
279
237
187
166
120
21
-76
-149
-218
-321
-379
-374
-405
-451
-484
-515
-556
-620
-677
-754
-803
-803
-781
-770
-756
-711
-693
-695
-627
-533
-522
-546
-517
-477
-474
-469
-410
-333
-312
-293
-251
-228
-220
-201
-159
-118
-72
-13
53
113
190
265
311
343
386
416
471
565
661
731
789
863
901
916
921
919
928
961
1004
980
910
878
862
769
644
580
517
410
332
316
286
156
21
-60
-148
-306
-467
-560
-639
-693
-748
-792
-821
-828
-840
-918
-967
-952
-959
-1018
-1022
-958
-923
-943
-919
-835
-769
-744
-666
-546
-459
-404
-329
-210
-132
-52
33
111
200
282
348
408
479
565
684
795
892
987
1045
1084
1106
1120
1137
1128
1077
1034
1036
1016
926
817
742
657
557
468
410
330
202
89
-11
-103
-213
-302
-365
-444
-505
-566
-652
-719
-756
-785
-817
-800
-766
-780
-774
-723
-701
-743
-749
-685
-649
-646
-604
-498
-443
-411
-341
-287
-280
-257
-200
-152
-104
-22
58
97
160
246
262
248
317
403
383
337
391
451
443
467
558
597
562
554
540
439
347
354
314
197
182
224
165
52
44
54
-86
-207
-178
-172
-282
-319
-273
-284
-331
-316
-272
-260
-227
-183
-201
-234
-190
-164
-195
-167
-45
8
-16
36
118
89
73
147
202
142
139
229
205
128
176
259
230
225
314
331
243
242
322
277
185
233
281
194
128
175
193
127
120
172
140
81
84
84
35
11
15
-41
-103
-99
-119
-216
-254
-216
-266
-357
-359
-334
-404
-482
-463
-463
-524
-504
-421
-425
-444
-378
-347
-400
-391
-292
-279
-328
-289
-225
-262
-278
-166
-88
-112
-67
53
83
8
17
111
133
114
165
233
206
202
260
313
364
433
504
536
543
554
535
506
517
529
516
527
556
542
507
481
452
405
381
349
269
202
183
148
72
29
25
-29
-107
-140
-144
-196
-258
-264
-314
-385
-408
-431
-486
-507
-476
-494
-548
-504
-411
-435
-465
-384
-317
-364
-416
-367
-327
-353
-310
-189
-140
-149
-104
-65
-82
-70
6
41
30
84
151
147
160
245
315
340
369
400
368
319
307
299
272
277
285
258
216
215
209
184
202
218
152
69
60
24
-73
-121
-104
-136
-186
-156
-113
-158
-175
-112
-120
-234
-266
-215
-255
-340
-315
-261
-313
-326
-211
-152
-214
-198
-97
-102
-171
-121
-39
-55
-64
7
50
35
71
131
124
117
195
246
240
269
309
260
221
287
318
276
287
368
378
330
338
356
305
276
297
279
227
237
260
195
154
197
183
80
62
99
32
-80
-70
-31
-74
-128
-118
-133
-214
-245
-255
-318
-344
-301
-325
-397
-376
-334
-384
-402
-316
-289
-372
-389
-309
-307
-376
-340
-250
-263
-286
-222
-174
-178
-135
-50
-48
-77
-30
5
-25
-4
90
123
98
128
199
182
154
208
272
290
296
320
311
291
304
313
291
305
310
255
213
211
198
144
138
160
117
50
43
37
-27
-54
-60
-90
-133
-130
-129
-183
-180
-140
-166
-200
-164
-139
-188
-212
-134
-111
-162
-134
-47
-59
-114
-65
-5
-17
-5
59
66
21
45
101
69
65
133
128
47
56
135
115
59
107
157
82
40
95
99
29
50
121
99
75
126
131
64
78
147
113
41
68
93
11
-32
33
42
-25
-23
10
-61
-109
-73
-96
-170
-144
-82
-126
-168
-99
-71
-161
-166
-68
-72
-175
-147
-67
-125
-184
-121
-83
-143
-130
-56
-86
-143
-103
-63
-135
-149
-32
-19
-119
-103
7
-4
-71
-18
49
0
-18
67
109
98
121
169
173
184
215
206
183
210
216
167
159
215
217
169
199
249
209
161
210
209
107
66
85
30
-53
-32
4
-63
-83
17
35
-58
-83
-37
-75
-158
-145
-112
-159
-177
-110
-100
-145
-131
-95
-104
-118
-94
-97
-127
-95
-84
-143
-151
-95
-115
-194
-168
-82
-101
-161
-104
-51
-112
-129
-37
-4
-60
-28
49
43
16
61
94
46
44
114
129
104
138
190
163
123
168
206
167
140
152
151
128
114
116
106
97
73
47
63
76
31
-21
3
19
-50
-92
-35
-11
-64
-61
-4
-10
-57
-41
-5
-38
-70
-42
-45
-85
-61
-22
-62
-93
-35
-7
-69
-76
-22
-44
-99
-61
-19
-52
-65
0
22
-17
0
46
17
-14
32
41
1
28
99
80
31
84
125
56
31
88
59
-30
-25
18
-43
-95
-31
-5
-60
-58
4
-4
-64
-22
28
-39
-75
-4
3
-72
-63
15
4
-48
5
72
18
-31
7
2
-73
-92
-57
-69
-86
-62
-42
-42
-6
34
-6
-29
-3
-22
-77
-70
-24
-23
-42
12
60
42
55
101
78
54
121
149
76
54
124
105
20
45
125
83
19
76
113
26
-19
49
51
-29
-28
25
-15
-57
-20
-14
-96
-103
-42
-65
-121
-80
-14
-57
-86
-23
3
-46
-40
11
-8
-54
-45
-39
-77
-72
-28
-23
-29
23
60
29
12
50
32
-42
-50
-14
-21
-43
-8
37
37
40
64
66
60
60
53
46
66
78
54
45
62
39
9
44
75
49
45
84
51
-9
3
35
-8
-54
-4
17
-42
-44
19
5
-64
-44
5
-32
-53
17
33
-39
-46
-3
-41
-89
-39
-3
-48
-36
27
3
-62
-36
3
-56
-97
-35
-26
-98
-71
0
-32
-84
-32
2
-64
-74
-6
2
-25
29
59
1
-6
50
23
-37
15
69
-8
-51
25
23
-77
-53
58
27
-36
49
118
39
11
82
46
-58
-14
59
-19
-49
81
118
6
16
148
103
-6
72
144
38
-17
75
55
-56
-30
52
-14
-62
34
50
-54
-32
53
-29
-130
-63
-10
-119
-138
-12
-22
-114
-33
64
-27
-78
43
64
-63
-32
96
30
-75
31
102
-17
-36
114
101
-44
8
113
19
-72
27
47
-86
-82
22
-14
-95
-14
38
-76
-88
30
1
-92
7
101
-15
-62
92
94
-61
-15
128
42
-82
45
120
-28
-49
119
106
-60
-19
104
-6
-100
35
76
-63
-52
104
61
-78
-1
92
-47
-112
17
9
-139
-104
32
-24
-107
-14
37
-57
-43
66
25
-58
25
74
-63
-96
27
11
-124
-75
30
-48
-105
12
41
-74
-55
57
-4
-91
13
73
-44
-48
94
61
-58
28
147
49
-42
78
123
-15
-22
89
33
-65
15
82
-21
-40
73
40
-73
-11
71
-40
-99
38
75
-57
-40
87
37
-60
27
104
13
-22
82
70
-33
19
124
39
-37
65
80
-43
-49
52
1
-103
-45
26
-60
-101
0
4
-81
-48
31
-34
-105
-37
-1
-76
-76
9
-1
-68
-25
24
-30
-52
7
23
-22
-10
24
-8
-10
40
25
-38
2
68
20
-20
38
59
-14
-1
79
47
-29
28
107
49
8
79
100
34
33
97
75
20
39
48
-9
-26
11
-3
-34
-8
0
-45
-48
-8
-54
-114
-68
-36
-90
-111
-56
-54
-104
-76
-18
-45
-64
3
13
-63
-55
22
-7
-72
-13
52
0
-20
55
78
5
3
58
40
12
42
60
30
38
66
19
-23
20
25
-35
-17
69
47
-29
11
67
3
-51
4
18
-53
-53
7
-19
-63
-9
40
3
-5
49
39
1
42
80
25
5
69
67
-3
14
78
53
0
32
60
6
-11
26
7
-49
-40
-16
-61
-86
-49
-51
-99
-92
-46
-62
-85
-47
-22
-43
-43
-4
-7
-37
-29
-29
-52
-37
9
11
-5
36
60
27
12
50
48
1
28
65
29
-6
31
52
8
-2
36
34
-6
12
35
-8
-18
26
28
-4
19
66
34
-8
17
27
-19
-25
26
23
-21
-13
7
-5
-11
-5
-1
0
32
33
-11
-11
30
24
-12
6
57
37
-10
20
36
-22
-60
-26
3
-17
-18
-4
-13
-23
-17
-26
-61
-58
-42
-63
-86
-71
-37
-46
-47
-9
1
-21
-25
2
6
-6
4
22
26
23
21
7
1
16
25
21
28
40
40
44
43
27
17
24
32
27
24
29
18
1
13
30
8
-15
-5
11
-11
-46
-34
-15
-16
-26
-26
-16
-16
-7
-14
-22
-7
-7
-23
-9
18
-5
-27
2
22
-5
-34
-18
-15
-52
-64
-26
-3
-26
-26
-1
-8
-23
-25
-8
8
12
14
15
10
-3
-13
-13
-1
0
-10
13
47
58
56
73
78
54
64
72
49
29
52
73
61
61
77
57
26
37
52
21
-8
15
14
-28
-30
-11
-52
-81
-18
22
-32
-54
16
8
-85
-83
-3
-28
-120
-78
8
-45
-114
-43
30
-37
-80
-15
4
-51
-43
16
2
-31
-3
14
-10
-3
20
-7
-21
12
7
-45
-32
17
-19
-61
-7
33
-21
-39
41
64
0
6
58
31
-36
-6
68
64
37
66
76
46
34
40
17
2
10
5
-1
22
26
-9
-10
25
9
-33
-12
18
-22
-43
2
8
-45
-32
37
13
-38
-2
27
-22
-39
22
12
-42
-11
39
-4
-49
6
36
-18
-27
27
20
-37
-16
17
-30
-59
-16
-7
-45
-26
17
1
-19
12
5
-33
-9
19
-23
-41
19
18
-48
-15
74
44
-22
39
95
5
-44
40
68
-9
-10
66
49
0
47
79
19
-16
27
27
-23
-9
30
-6
-39
-8
-9
-58
-62
-31
-28
-33
-12
4
-5
12
32
5
1
34
10
-33
0
45
8
-15
56
74
-9
-14
64
33
-45
5
52
-28
-64
32
52
-57
-49
60
15
-101
-57
12
-73
-149
-43
31
-53
-83
-6
9
-47
-41
10
-2
-21
-11
-28
-45
-21
-10
-29
-18
25
2
-35
12
43
-5
-22
32
36
-27
-26
31
31
6
36
65
33
15
49
56
27
32
62
52
34
39
38
24
29
45
42
44
53
50
47
46
24
-5
-2
7
-20
-32
-12
-19
-67
-60
-24
-56
-91
-32
-3
-78
-84
1
10
-67
-45
39
-18
-95
-7
73
-27
-76
48
95
-17
-36
88
91
-23
-6
93
40
-73
-39
33
-10
-68
-26
7
-18
-31
-20
-9
4
1
-21
-14
22
-1
-50
-11
45
0
-53
18
70
4
-25
56
80
-14
-18
63
30
-56
-40
28
3
-44
0
38
4
-30
-10
3
-5
-3
8
21
25
23
9
2
15
8
-16
-19
-2
-7
-17
6
24
21
20
33
20
-7
-6
-6
-36
-35
-4
-14
-37
-18
9
-23
-47
-11
27
-5
-32
12
23
-26
-39
4
14
-15
-5
37
28
-2
19
51
31
-3
11
30
7
-7
18
23
-7
-15
11
11
-7
-13
5
16
7
-8
6
26
7
-13
-9
15
7
-18
-17
1
0
-25
-16
3
-7
-26
-18
17
16
-19
-16
-1
-17
-32
-8
13
-3
-4
16
12
-7
7
34
12
-15
-9
-3
-31
-42
-13
-20
-61
-44
8
-16
-46
-4
19
-22
-41
14
25
-33
-13
65
52
-7
30
93
47
-13
28
62
-1
-38
4
12
-38
-30
16
4
-14
7
14
-4
6
30
-8
-28
37
52
-13
-27
44
34
-33
2
72
38
-26
10
49
-1
-29
22
32
-26
-26
5
-23
-53
-25
-16
-64
-59
-12
-21
-55
-20
14
-23
-39
8
29
2
14
49
33
17
51
65
47
60
99
106
83
82
66
18
1
9
-12
-34
-17
-11
-47
-49
-18
-52
-94
-53
-12
-66
-94
-32
-34
-111
-101
-11
-12
-76
-48
11
-20
-61
-14
17
-16
-13
18
-5
-34
-7
4
-33
-34
1
-15
-41
13
55
3
-13
55
47
-29
-12
56
22
-34
32
105
50
8
84
115
47
32
88
69
1
22
64
27
-18
13
29
-15
-24
0
-9
-28
-17
-14
-57
-55
-17
-38
-64
-22
24
-10
-24
28
51
-6
-34
14
33
-6
-20
26
56
46
34
45
45
24
6
-3
-2
-8
-19
-22
-15
-9
-19
-25
-6
10
-3
-25
-14
0
-12
-33
-21
0
-5
-28
-11
26
6
-34
-25
10
-2
-35
-17
8
-10
-33
-16
-2
-22
-26
-9
-7
-16
-1
12
-1
-2
22
9
-21
-9
13
8
-10
-3
5
-3
5
12
-1
-8
5
-3
-23
-8
23
15
-2
19
28
-1
-4
24
18
-25
-30
-3
-12
-27
0
12
-28
-28
25
31
5
24
35
-14
-57
-24
8
-13
-15
27
31
3
13
30
13
-3
24
26
-3
0
17
-5
-27
3
33
22
17
44
48
19
15
23
1
-7
4
2
-1
22
28
13
12
24
9
-34
-23
14
-13
-61
-41
-7
-33
-45
-14
-3
-20
-28
-18
-24
-30
-9
-2
-24
-22
3
-6
-16
21
54
28
17
69
81
41
24
44
28
-19
-18
6
-11
-26
-7
-2
-22
-36
-38
-40
-39
-35
-35
-47
-46
-38
-37
-23
-1
-4
-13
18
47
30
14
34
40
-2
-25
7
16
-16
-20
16
24
-17
-24
1
2
-7
-3
1
3
8
-2
-1
19
25
21
18
28
34
7
-6
6
0
3
32
43
23
29
35
11
-18
-8
13
-16
-35
1
12
-21
-30
11
33
13
6
15
-9
-23
-4
-8
-14
-6
4
-16
-23
-2
-7
-39
-22
22
8
-21
7
35
2
-28
-1
23
-4
-30
-19
-17
-27
-7
4
-3
-1
19
10
-10
9
20
4
-4
29
30
-12
-19
-5
-14
-32
-15
14
6
-13
-6
8
3
-2
-4
-18
-22
-18
-28
-33
-13
-19
-42
-18
26
26
-15
0
28
-5
-38
-14
16
6
-8
8
11
-6
1
13
5
-4
19
29
6
14
36
32
29
50
59
35
8
21
20
-8
-6
13
9
-1
20
40
40
35
47
35
8
0
-8
-17
-13
0
1
6
1
-16
-23
-21
-15
-11
-26
-37
-30
-33
-44
-38
-33
-32
-21
-21
-30
-19
-11
-31
-50
-44
-29
-34
-38
-19
15
22
5
20
45
43
26
26
38
42
33
18
28
31
13
1
20
51
40
12
8
27
25
-13
-16
14
10
-21
-14
11
18
-4
-17
2
9
-10
-34
-36
-29
-44
-60
-53
-38
-42
-62
-62
-32
-21
-37
-20
9
4
-13
-3
16
6
-7
6
32
32
14
18
23
17
5
-5
-3
-4
-9
-17
-24
-14
0
-2
7
22
22
7
16
32
24
19
41
58
43
33
54
51
16
33
66
51
10
2
13
2
-8
0
4
-9
-15
-13
-15
-11
-5
-10
-25
-17
-11
-32
-39
-16
8
-8
-11
23
21
-4
-2
24
6
-27
-10
13
-16
-33
2
14
-15
-30
3
9
-20
-20
-3
4
-2
-3
-3
-5
8
-1
-21
-5
14
0
-30
-7
26
-3
-49
-32
-11
-54
-63
-26
-3
-14
-4
30
17
-1
11
22
16
12
15
-8
-24
6
18
-8
-1
34
16
-24
-6
28
12
-15
6
18
-16
-31
3
21
17
38
56
38
18
25
15
2
30
38
12
13
33
18
-30
-25
6
-14
-36
0
31
-14
-41
-8
-7
-46
-46
-13
-21
-43
-18
2
-26
-25
14
20
1
-3
4
0
-8
11
17
12
22
28
13
5
13
-4
-31
-16
13
-24
-59
-35
-13
-43
-52
-16
-15
-36
-28
-13
-20
-19
14
24
4
11
20
-1
-19
16
37
19
22
52
44
17
22
14
-17
-15
25
28
8
24
39
8
-13
19
33
6
16
48
30
3
29
58
43
23
26
10
-7
15
23
-5
3
45
38
-11
-1
37
2
-41
-5
27
-15
-32
25
29
-24
-26
4
-11
-42
-36
-24
-50
-58
-31
-40
-50
-30
-36
-69
-63
-21
-26
-57
-24
11
-20
-49
-19
-1
-38
-33
8
8
-13
10
36
14
-3
28
41
15
21
41
10
-19
4
23
1
-2
29
27
-3
-13
-8
-18
-19
1
6
-1
13
37
19
-1
22
44
29
13
14
4
-11
-4
6
-2
-5
-4
-7
-3
0
-9
-12
2
7
-9
-24
-12
-9
-28
-27
3
-8
-34
-14
27
10
-18
-2
4
-24
-33
-1
-1
-22
-10
5
0
-1
2
-13
-18
18
17
-21
-11
21
11
-25
-7
33
9
-25
2
32
-9
-25
18
29
-1
12
56
49
41
65
82
69
74
92
73
52
65
74
36
16
38
35
-12
-14
27
28
8
24
47
11
-23
-17
-12
-33
-54
-50
-53
-50
-27
-18
-30
-38
-27
-36
-51
-33
-21
-45
-59
-35
-34
-64
-70
-62
-67
-70
-52
-34
-27
-20
-12
-5
-2
4
2
-14
-25
-19
-22
-45
-46
-26
-16
-7
7
20
15
12
9
2
0
3
4
-2
13
34
40
33
34
26
3
1
16
25
13
3
10
8
-5
-2
2
-12
-15
-7
-8
-16
-7
12
14
20
27
21
12
9
10
7
5
14
19
8
2
28
47
31
29
50
54
40
35
40
31
9
17
38
48
43
29
32
27
11
2
7
5
-12
-32
-28
-12
-15
-32
-23
-3
-8
-31
-29
-5
-6
-26
-25
-5
-3
-24
-24
-4
0
-8
-14
-5
7
-2
-13
10
23
-1
-17
-5
3
-21
-34
-22
-4
-12
-23
-1
6
-6
-15
-5
0
-8
2
7
-9
-14
13
27
4
-9
4
16
13
17
30
27
9
3
1
-12
-21
-28
-17
-7
-7
-12
-29
-22
-13
-24
-37
-14
8
-8
-38
-31
-14
-35
-53
-37
-9
-15
-15
5
6
4
12
13
1
-4
0
-16
-30
-20
-12
-16
-5
14
13
-7
-7
21
14
-17
-18
-1
-14
-40
-27
-4
4
-5
18
45
51
58
52
41
42
38
26
29
57
72
50
35
52
56
24
20
46
38
-10
-18
12
21
13
19
36
32
18
17
18
17
11
10
1
-18
-23
-36
-47
-27
-6
-19
-38
-30
-20
-27
-44
-36
-35
-58
-61
-36
-32
-33
-11
6
-9
-15
4
11
-3
-11
10
3
-17
2
21
16
1
10
22
1
-14
-10
-11
-10
13
31
28
21
22
12
-9
-3
7
-13
-25
-7
-2
-18
-12
22
26
-8
-11
13
6
-22
-8
14
-3
-23
-20
-7
-16
-31
-17
-3
-14
-16
0
-4
-19
-18
-9
1
1
8
25
26
26
27
22
7
2
1
4
14
17
6
-3
-5
-3
-4
-8
4
13
8
4
16
33
32
24
9
-2
-5
-8
-13
-11
0
4
4
11
14
13
-12
-21
-4
1
-14
-20
-10
-20
-30
-21
-8
-24
-41
-21
-8
-17
-36
-22
-9
-14
-4
11
12
-6
-9
3
-6
-28
-28
-22
-25
-25
-12
-7
-7
3
11
8
2
9
12
2
6
28
36
22
17
17
9
9
13
23
28
48
68
54
42
48
52
23
17
53
61
38
34
76
73
27
24
51
50
27
34
41
15
-28
-47
-53
-59
-46
-31
-26
-18
-14
-32
-61
-51
-40
-59
-69
-52
-35
-51
-47
-20
-12
-21
-18
-22
-43
-58
-46
-32
-30
-12
7
-8
-25
-11
6
1
-13
-2
6
-9
-8
15
27
16
15
41
53
39
45
57
54
48
35
21
12
1
-21
-42
-29
-20
-29
-31
-22
-15
-37
-50
-21
2
-22
-28
-6
2
-18
-26
-11
-11
-13
6
31
43
54
58
47
25
25
28
3
-9
8
16
-2
-13
0
2
-17
-9
8
9
-17
-26
-11
-9
-10
-10
-6
2
6
-4
-24
-22
-8
-15
-26
-15
0
-10
-20
0
18
6
-14
-3
10
11
10
31
42
38
31
30
33
34
33
31
31
30
37
37
33
36
39
32
25
29
28
16
8
-2
-14
-29
-30
-12
-9
-16
-3
10
-4
-12
2
4
-22
-31
-19
-18
-30
-31
-6
5
-8
-19
-16
-5
-6
-11
-16
-25
-29
-29
-29
-19
-20
-39
-47
-38
-34
-41
-50
-41
-23
-17
-14
-9
0
3
-1
-1
9
9
8
13
24
35
35
27
23
29
30
20
20
26
28
15
10
17
14
5
-14
-22
-10
-1
-5
-7
8
14
0
-2
2
-9
-29
-35
-35
-40
-45
-39
-28
-19
-17
-7
4
14
25
17
9
9
20
8
-14
-10
3
2
-3
11
34
37
35
40
38
24
10
4
0
-7
-15
-19
-7
15
28
29
32
34
24
13
21
35
30
21
25
26
4
-16
-11
0
-1
-2
12
9
-11
-20
-18
-22
-24
-19
-11
-9
-17
-22
-18
-21
-23
-15
-16
-29
-18
-6
-10
-17
-32
-33
-43
-44
-20
-3
-1
-2
17
32
21
17
20
20
24
23
22
25
26
15
-3
0
18
19
13
26
46
42
19
19
32
21
5
0
2
-11
-20
-21
-19
-16
-17
-19
-26
-24
-33
-32
-35
-21
2
-14
-33
-25
-4
-5
-12
-2
4
-4
-16
-12
-4
-2
-2
7
16
17
17
12
4
7
5
-5
-12
-8
-10
-19
-18
-4
8
-4
-18
-11
-1
-14
-22
-6
6
-5
-5
6
7
2
-4
-9
-13
5
18
7
2
18
22
1
0
13
17
3
-11
-3
0
2
9
15
19
18
17
16
7
7
6
-9
-13
-5
-4
-8
-8
13
26
13
14
19
11
4
0
-1
-3
0
10
11
13
27
28
14
14
19
5
-14
-10
10
17
8
2
8
1
-14
-12
-3
11
-8
-21
-18
4
4
-15
-12
-1
2
-18
-26
-14
-10
-22
-29
-23
-8
-1
-5
1
15
9
-11
-12
-11
-16
-28
-20
18
35
21
17
25
26
8
-11
-7
4
5
-12
-9
2
3
-7
-5
9
7
-1
-10
-13
-28
-47
-42
-31
-29
-26
-21
-10
0
14
23
33
36
41
49
36
19
13
15
3
-6
-1
-5
-14
-16
-3
11
10
-7
-23
-21
-27
-49
-48
-26
0
1
-3
16
29
25
11
3
1
-1
-9
-17
-8
2
9
14
12
5
-4
-10
9
22
27
26
13
5
10
23
18
1
-9
-11
-11
-10
8
26
26
14
-1
-17
-28
-18
-8
0
9
13
6
1
-1
7
20
12
9
11
-2
-21
-31
-23
-20
-19
-13
-10
-3
5
4
-1
6
12
3
-7
-8
-13
-22
-11
3
20
24
27
39
39
25
16
25
21
9
-6
-12
-10
-14
-14
-5
2
6
15
27
31
30
24
14
10
-3
-23
-38
-28
-17
-13
-9
-17
-27
-28
-30
-52
-68
-70
-53
-44
-53
-38
-7
2
-13
-4
15
12
8
10
13
18
9
15
29
36
32
22
15
16
21
13
2
-2
8
7
-6
2
15
14
8
11
29
33
27
33
36
29
12
1
0
8
3
3
7
15
28
11
-6
1
4
-13
-26
-20
-5
-13
-35
-30
-19
-29
-43
-45
-42
-35
-21
-14
-14
-5
5
5
13
25
35
21
1
4
11
4
-4
2
7
-11
-23
-15
1
19
25
33
34
26
9
-5
2
10
10
-15
-20
-3
-8
-16
-14
5
5
-13
-8
-5
-15
-28
-19
-9
-8
-6
-3
8
16
21
26
24
22
17
-3
-11
12
20
4
-10
-7
-15
-28
-27
-20
-20
-30
-39
-43
-38
-28
-16
-13
-5
4
5
-6
-1
24
25
6
5
10
5
-19
-10
21
18
2
11
37
33
13
2
17
29
22
28
40
48
40
29
24
40
45
24
20
32
30
9
0
10
20
27
36
41
26
12
15
12
-1
-7
5
9
1
-12
-24
-34
-44
-49
-55
-69
-74
-77
-80
-72
-66
-58
-53
-44
-36
-31
-20
-13
-28
-35
-25
-24
-38
-48
-40
-36
-35
-25
3
17
8
10
28
40
40
49
53
53
44
27
26
25
32
37
39
46
48
34
20
25
25
12
13
23
17
-1
-9
-13
-15
-13
-7
-6
-10
-5
4
11
16
19
19
15
23
27
13
0
6
13
0
-16
-16
-9
-9
-29
-47
-54
-41
-30
-23
1
13
12
-3
-1
6
-6
-23
-18
-3
-11
-21
-12
7
15
25
32
32
23
14
13
6
0
-1
-6
-14
-14
-2
11
11
13
25
25
20
21
31
40
29
8
-4
3
5
-3
-5
1
12
8
0
4
4
-17
-38
-28
-18
-27
-47
-54
-42
-38
-49
-48
-28
-21
-32
-37
-19
-6
-11
-22
-24
-8
-6
-17
-20
-9
2
-6
-8
2
16
17
13
18
28
35
15
3
22
27
26
19
33
52
37
25
39
55
39
21
33
51
65
57
44
40
31
9
3
15
18
7
-3
-5
-4
-6
-16
-19
-12
-16
-32
-32
-19
-23
-38
-56
-53
-46
-55
-55
-56
-52
-53
-57
-53
-29
-16
-27
-30
-20
-9
-23
-32
-22
-6
-15
-15
3
15
13
4
6
21
26
13
12
25
38
30
20
38
50
30
15
34
54
30
17
30
38
28
19
36
42
27
14
13
11
0
-1
7
15
11
1
8
6
-3
-16
-24
-22
-26
-42
-44
-21
-17
-28
-24
4
9
-1
6
19
22
14
19
19
-1
-10
-5
9
8
-2
-2
0
-7
-14
-10
-12
-15
-19
-29
-26
-26
-23
-20
-20
-17
-24
-18
-1
13
13
13
16
17
8
-2
7
16
13
8
1
-1
2
-2
-2
-3
-9
-17
-25
-19
-9
-2
0
-3
-8
-10
-3
6
10
16
19
21
20
15
16
27
33
30
34
38
39
30
17
-1
-6
-10
-16
-19
-18
-17
-32
-42
-29
-26
-36
-37
-27
-32
-39
-30
-19
-19
-26
-16
-9
-9
-9
-1
4
13
31
42
40
39
42
32
12
3
8
7
8
15
9
0
6
17
9
-5
-1
-4
-24
-33
-16
-10
-23
-27
-20
-13
-16
-8
7
17
27
29
22
23
18
6
-5
-8
-3
-9
-18
1
21
22
10
12
26
21
13
33
46
25
16
15
9
-3
-5
7
-1
-4
3
-18
-40
-25
-9
-20
-21
-11
-14
-35
-42
-26
-20
-11
7
26
31
24
28
28
15
20
28
20
15
18
14
-1
-4
-5
-9
-6
7
23
8
-11
-12
-22
-33
-37
-27
-20
-15
-6
-15
-17
-11
-11
-22
-33
-32
-40
-56
-56
-36
-32
-39
-40
-22
-1
-3
-5
1
21
18
11
8
3
2
-11
-5
15
20
12
21
38
48
45
42
41
40
30
22
18
9
-4
-7
8
27
30
27
25
25
20
18
31
31
18
5
4
-5
-12
-9
6
25
21
16
23
24
1
-14
-4
1
-7
-10
-15
-32
-42
-55
-52
-43
-37
-23
-12
-6
-11
-15
-19
-25
-25
-38
-46
-44
-35
-36
-33
-16
-8
-6
1
10
10
-6
-14
-9
-7
4
15
26
35
40
44
38
46
53
42
32
47
60
48
37
34
33
18
16
21
18
9
-7
-19
-27
-38
-38
-27
-14
-1
2
-2
-13
-19
-19
-22
-11
5
1
-5
-5
1
-7
-11
-9
-8
-5
-12
-18
-26
-35
-26
-20
-15
-11
-7
-7
-12
-3
-5
-11
-11
0
11
-1
-4
8
17
17
9
13
15
4
-3
-10
-8
-4
-1
0
16
38
42
29
20
20
7
-10
-20
-12
-12
-21
-23
-11
-5
-11
-8
3
9
6
2
5
15
14
-6
-2
7
-6
-25
-28
-7
1
-17
-18
-3
-1
-4
-3
11
10
12
20
17
12
17
23
20
12
3
-4
-17
-27
-20
-22
-18
-10
-1
14
25
27
16
12
10
14
10
19
28
14
5
7
9
-5
-3
22
33
27
33
35
11
-23
-38
-30
-27
-38
-32
-22
-21
-16
-9
-3
4
7
-8
-18
-22
-32
-44
-41
-21
-9
-12
-21
-13
-5
-5
5
21
30
32
30
32
30
24
8
-4
2
9
4
-9
3
23
24
13
17
38
29
21
28
32
14
-6
-14
-11
-13
-18
-12
-9
-11
-16
-13
-4
-3
3
14
23
26
22
27
24
1
-29
-48
-42
-39
-51
-58
-36
-13
-17
-16
-13
-20
-32
-25
-17
-19
-28
-29
-18
-7
-2
1
9
23
28
29
27
19
-2
-11
-7
-2
3
7
27
32
24
12
12
30
33
31
32
24
7
-4
-10
-14
-13
-17
-19
-23
-35
-38
-43
-39
-32
-25
-15
-1
13
9
10
18
23
23
21
27
22
8
2
6
8
6
14
29
31
25
31
41
36
35
34
34
31
19
4
0
2
-2
-1
-2
0
5
5
-1
4
9
5
0
-13
-23
-22
-12
-3
2
6
6
3
-2
-3
0
-5
-12
-18
-20
-10
-15
-33
-28
-17
-23
-37
-39
-25
-20
-35
-45
-38
-22
-31
-32
-2
15
11
4
10
16
0
-21
-30
-20
-19
-29
-19
7
24
16
15
39
48
27
17
16
1
-19
-20
-13
-6
-8
-1
24
32
13
8
23
24
19
5
-8
-16
-12
-6
-1
3
11
18
15
20
18
-4
-12
-12
-25
-35
-24
-6
-5
-13
-16
-18
-25
-23
-11
-6
-7
7
15
17
25
33
50
63
71
71
57
37
11
0
4
14
17
16
16
26
15
-13
-20
-8
-13
-43
-53
-43
-39
-46
-37
-12
-2
-7
-14
-7
7
-6
-13
1
21
17
-4
-4
14
13
3
10
34
38
7
-10
-8
-7
-18
-22
-4
6
3
-13
-11
1
-14
-29
-30
-16
-15
-16
-1
10
6
4
13
14
9
15
28
15
2
-6
-12
-3
11
22
23
24
21
10
2
4
1
-9
-20
-29
-26
-37
-39
-24
-15
-14
-12
2
-5
-15
-11
-5
2
4
10
5
1
3
0
-7
-13
-7
-7
-11
-16
-9
-2
1
18
30
19
2
8
10
-8
-13
-2
8
15
10
10
10
13
25
32
34
25
16
11
12
8
0
-5
5
12
6
7
8
3
-8
-10
-3
-8
-26
-36
-21
-8
-18
-34
-26
-13
-23
-23
-15
-4
-6
-10
-6
5
14
10
4
-8
-11
-14
-17
-13
-3
13
21
23
28
33
32
13
4
5
-8
-29
-30
-5
9
6
9
15
22
13
3
5
11
12
-1
-8
-3
-9
-21
-11
8
12
-1
-8
2
9
6
4
18
28
17
13
22
33
28
13
10
4
4
7
11
22
30
31
18
10
17
25
30
19
2
-21
-43
-59
-62
-48
-32
-27
-20
-9
-2
-6
-14
-22
-28
-37
-45
-39
-23
-15
-18
-16
-14
-19
-18
-16
-5
7
10
4
4
8
2
-1
5
6
0
-3
-7
-4
9
22
34
38
29
14
2
-7
-18
-18
-19
-9
5
3
-9
-12
-16
-25
-23
-17
-2
-3
1
11
22
26
6
-4
-2
7
6
1
2
11
13
-1
10
28
23
13
11
30
31
0
-24
-18
-10
0
9
27
42
30
6
-3
-2
-6
-7
-9
-11
-14
-30
-24
-7
-6
-9
-12
-10
-9
-8
-7
-1
5
9
19
29
28
35
45
44
39
34
26
20
26
38
34
19
5
-1
-10
-16
-14
-8
-5
-4
8
22
23
11
2
0
-1
-12
-25
-34
-30
-27
-36
-41
-35
-21
-16
-13
-16
-12
-16
-19
-26
-35
-31
-26
-27
-23
-8
1
-1
-2
-1
-7
-10
-9
-9
-7
-13
-21
-21
-30
-27
-11
5
7
-4
-4
1
1
3
22
30
29
21
16
18
16
4
-7
6
27
26
21
22
21
21
6
-7
-7
-9
-22
-19
-14
-15
-19
-28
-20
-7
7
15
22
26
32
29
21
23
29
27
14
-1
-1
19
24
14
4
-1
-8
-14
-13
6
19
10
3
10
17
6
-6
-8
-1
-18
-44
-43
-23
-15
-20
-10
9
14
2
-3
15
17
-7
-20
-11
-9
-22
-18
1
26
31
20
30
30
18
4
-1
0
-3
-10
-14
-8
-8
-12
-14
-23
-28
-25
-19
-10
4
20
28
24
16
20
16
3
-1
-2
-1
-7
-3
5
14
15
3
2
-3
1
0
7
-1
-12
-13
-2
18
5
-8
7
19
13
7
15
16
2
-12
-16
-19
-23
-16
-16
-21
-15
-17
-26
-29
-28
-29
-25
-17
0
6
-2
-7
-9
-5
-6
-5
3
13
23
17
3
20
33
24
9
5
21
18
4
14
31
28
16
8
13
15
4
3
13
-12
-44
-48
-45
-45
-46
-39
-35
-19
-10
0
9
7
4
-5
-6
-16
-18
-16
-9
6
11
26
36
27
13
1
-2
3
8
2
1
10
14
15
12
-4
-5
1
-3
-5
-7
-17
-25
-21
-17
-13
-10
4
20
39
48
39
31
18
6
2
3
6
4
-5
6
17
19
30
46
49
34
30
34
33
10
1
16
9
-10
-22
-25
-23
-18
-19
-27
-38
-45
-37
-27
-16
-3
-2
-15
-18
-6
0
4
9
10
9
5
3
9
17
10
2
1
-2
-5
-5
-3
1
2
2
12
15
6
3
13
14
9
3
2
9
-4
-21
-14
-9
-25
-37
-37
-31
-36
-46
-37
-21
-26
-36
-15
2
3
-11
-19
-9
-5
-8
-4
4
14
12
4
4
6
1
-9
-7
8
15
8
8
8
19
24
19
26
25
19
1
-7
1
5
6
6
13
27
38
28
22
26
28
22
2
0
3
-14
-20
-7
7
7
1
-1
8
3
-16
-13
-2
-19
-27
-33
-43
-35
-36
-38
-41
-33
-25
-22
-9
17
25
20
32
34
21
11
3
3
0
-18
-22
-9
1
-6
-10
7
13
0
-9
-8
4
6
-5
2
15
14
14
28
45
49
37
41
46
49
57
55
45
45
41
22
17
25
40
30
-2
-8
0
0
-17
-26
-18
-18
-32
-32
-21
-19
-30
-38
-23
-9
-24
-42
-33
-31
-34
-30
-25
-20
-24
-27
-29
-21
-26
-37
-33
-25
-24
-25
-18
-9
-11
-10
-10
-15
-13
-9
-5
-12
-5
8
16
13
8
10
5
1
3
13
15
7
8
21
29
25
19
15
10
5
4
12
20
6
-4
-5
-9
-2
5
6
5
6
6
15
22
20
29
36
30
22
15
5
-4
-9
-7
2
-4
-6
-14
-20
-18
-16
-10
-8
-2
-16
-21
-15
-12
-12
-11
-8
-12
-7
-12
-13
-10
-12
0
5
4
14
26
15
7
12
24
27
20
11
4
-7
-9
10
14
10
21
27
25
13
13
22
22
18
22
38
30
20
16
18
17
18
22
20
18
-4
-26
-23
-21
-35
-43
-41
-30
-41
-56
-44
-24
-28
-33
-21
-5
-2
-12
-9
13
19
5
2
8
5
-9
-29
-23
6
16
10
19
32
24
-5
-9
12
5
-21
-28
-12
-8
-15
-11
1
-3
-16
-13
-7
1
-1
-7
-7
2
-3
-2
16
25
32
26
18
10
-3
-3
5
8
9
11
9
0
-5
6
-1
-7
-17
-23
-23
-35
-44
-35
-28
-38
-38
-24
-18
-17
-12
8
21
17
12
15
25
26
12
19
41
41
21
14
13
21
21
14
20
27
28
18
8
5
-2
-9
0
12
10
8
0
7
15
6
-10
-19
-13
-12
-28
-24
4
12
-9
-22
-4
-1
-20
-33
-15
6
4
-6
-8
8
-2
-16
-6
3
8
5
3
8
5
-20
-27
-12
3
11
6
6
6
-12
-9
8
12
6
3
6
0
-5
-7
12
16
14
12
7
4
8
13
10
6
0
-1
5
2
0
4
9
-1
-6
9
14
6
-6
0
-3
-13
-27
-29
-2
10
20
24
22
23
22
21
19
18
19
23
16
1
-8
-18
-25
-22
-17
-25
-31
-21
-17
-24
-24
-23
-26
-28
-29
-24
-22
-15
8
19
18
10
2
13
25
18
12
10
2
-18
-36
-32
-34
-45
-51
-38
-33
-40
-34
-16
-5
-4
4
16
17
10
12
16
30
37
28
30
24
2
4
26
32
30
34
38
33
14
5
14
15
12
9
8
10
-4
-11
2
10
-17
-32
-24
-25
-36
-54
-51
-35
-41
-54
-38
-12
-2
-5
2
18
28
12
6
15
16
-4
5
33
41
39
28
25
31
17
0
11
27
32
25
20
23
27
28
27
36
38
24
7
0
7
12
7
11
9
4
2
9
4
-1
14
17
4
-8
-16
-22
-14
-8
5
25
7
-12
-2
-3
-10
-6
-5
-1
-14
-37
-31
-31
-40
-44
-45
-38
-45
-59
-61
-50
-52
-59
-42
-23
-22
-25
-21
-5
-3
-19
-35
-35
-25
-27
-26
-13
3
20
39
48
52
52
38
28
29
35
27
14
7
15
21
5
12
37
44
18
5
14
17
-7
-30
-23
-9
-15
-21
-10
3
-4
-26
-37
-23
-23
-21
-1
25
33
25
9
4
2
-11
-2
6
-2
-5
3
-5
-7
8
25
18
10
11
6
3
0
3
21
25
18
20
17
7
10
31
51
43
31
30
35
45
46
42
34
18
-5
-12
-6
-7
1
9
3
-10
-13
-18
-18
-2
2
-12
-24
-22
-18
-20
-28
-29
-21
-19
-27
-36
-23
-20
-20
-15
-8
-4
-12
-10
-11
-21
-31
-31
-19
-9
-12
-18
-4
0
-8
-1
17
23
11
5
10
4
-5
-14
-17
-16
-20
-24
-26
-22
-15
-2
2
7
19
25
21
17
23
35
37
29
27
39
32
12
4
8
9
5
7
32
42
12
-7
5
3
-22
-32
-17
-16
-44
-52
-38
-35
-56
-63
-50
-37
-40
-36
-21
-18
-9
1
-1
-8
-2
4
11
22
33
45
31
20
31
44
42
31
44
55
31
4
-1
2
-16
-28
-23
-13
-12
-16
5
28
27
16
23
35
23
-1
-3
6
17
30
43
50
32
15
1
-11
-21
-22
-15
-9
-22
-17
3
-3
-18
-8
10
-3
-15
-2
4
-6
-19
-1
20
-3
-24
-11
8
2
-16
-11
4
-11
-41
-35
-24
-36
-42
-16
11
22
24
17
21
13
-5
-9
-9
-3
9
9
7
20
24
14
7
22
40
28
1
4
17
12
-11
-12
5
-3
-27
-35
-14
3
-5
-8
8
17
-6
-24
-19
-2
-11
-28
-22
-18
-24
-30
-27
-21
-20
-16
-9
0
0
3
-3
-27
-32
-18
-25
-44
-31
-9
12
13
19
32
13
-8
-9
1
13
18
23
36
39
27
21
26
32
29
33
38
37
24
6
5
7
1
-14
-11
9
17
18
11
0
-11
-12
-15
-20
-17
-12
-11
-7
5
19
15
-11
-20
-22
-34
-40
-22
-7
-10
-6
6
27
27
14
10
7
4
11
8
7
8
0
3
8
6
-4
-11
-8
-4
-9
-11
6
10
-2
-11
-19
-33
-45
-38
-22
-7
12
21
24
28
45
65
61
45
45
45
32
20
22
21
14
3
-7
-4
-3
0
-7
-4
-1
-3
0
1
4
-2
-9
-19
-18
-15
-28
-42
-37
-27
-39
-52
-45
-25
-31
-45
-46
-40
-41
-62
-62
-38
-15
-19
-16
8
21
17
8
14
19
9
3
13
16
16
10
6
13
10
4
3
9
7
0
-13
-14
-11
-14
2
11
15
19
17
25
25
29
31
26
18
26
39
38
29
26
31
34
21
11
14
13
10
10
4
-8
-19
-21
-8
-4
-15
-35
-36
-33
-29
-19
-5
14
24
20
23
31
25
5
3
11
5
-10
-11
4
0
-3
3
7
9
3
-9
-7
5
0
-19
-25
-9
4
-9
-11
20
20
-10
-12
17
29
9
-2
6
2
-29
-31
-7
3
-12
-39
-38
-23
-23
-24
-18
-15
-22
-35
-34
-33
-39
-55
-50
-32
-25
-16
-4
10
25
33
35
27
27
34
35
19
1
8
5
3
16
33
39
36
38
40
40
28
17
17
12
5
3
-5
-15
-15
-10
-6
-4
12
23
27
33
33
34
15
0
6
7
-11
-16
2
4
-8
-10
4
9
-14
-39
-54
-57
-75
-88
-75
-58
-56
-54
-34
-13
-16
-18
-15
-13
-8
-4
-3
7
12
28
51
59
53
42
28
27
32
35
36
39
39
31
24
21
27
25
9
-7
-9
-2
1
-1
1
7
9
3
10
25
18
-3
-4
7
6
-3
-7
-8
-19
-23
-21
-15
-7
-15
-27
-25
-28
-23
-21
-29
-29
-9
3
-6
-2
13
18
10
-7
-1
14
2
-18
-22
-9
-10
-19
-19
-19
-19
-22
-17
2
13
-1
-11
5
20
15
2
4
17
12
0
13
29
23
11
11
11
8
-8
-21
-22
-25
-17
-6
11
33
38
30
25
24
20
9
-16
-22
-19
-29
-33
-28
-8
5
-2
1
12
9
-1
8
19
10
-2
3
13
16
14
26
46
41
32
30
15
0
1
18
21
7
1
5
-4
-18
-19
-24
-46
-75
-74
-51
-49
-52
-27
4
-2
-16
-12
-5
-15
-34
-26
-5
9
7
16
32
31
24
30
40
32
10
-2
-6
-14
-12
-11
-6
-2
4
8
4
6
8
12
13
16
31
35
23
6
5
4
-14
-17
10
21
5
12
47
55
31
22
33
27
1
-16
-10
-14
-30
-28
-21
-27
-26
-25
-26
-39
-37
-16
-10
-21
-32
-30
-33
-37
-26
-11
-13
-29
-30
-16
-1
-16
-17
4
7
2
-4
8
14
7
13
29
34
29
30
47
54
42
43
49
42
29
18
12
-1
-14
-19
-13
-4
3
7
4
5
7
4
1
-9
-5
1
-12
-29
-33
-31
-28
-27
-20
-11
-9
-13
-20
-22
-19
-13
-9
-3
13
10
2
-5
-20
-31
-29
-18
-8
2
7
22
29
18
21
25
24
18
12
12
9
0
-6
3
10
14
18
15
0
-8
5
6
1
2
4
8
5
7
13
11
-4
-2
28
29
15
11
22
22
2
1
16
11
-1
-10
-4
1
-11
-14
4
14
-1
-13
-19
-18
-24
-44
-40
-25
-18
-30
-42
-22
-10
-5
-1
4
16
0
-17
-20
-15
-5
-16
-11
0
-5
-16
-23
-6
3
-5
-7
2
5
-10
-7
12
13
13
17
21
3
-12
0
20
20
15
32
33
14
-6
5
10
-10
-20
6
26
6
7
26
35
18
3
6
5
-2
-9
-6
4
8
-1
-1
4
-8
-17
-9
5
4
-4
2
8
-1
-19
-30
-27
-28
-42
-46
-38
-26
-24
-23
-8
6
4
-15
-8
13
16
9
17
27
28
20
12
19
18
13
25
48
68
63
48
38
23
24
18
15
22
20
23
18
6
8
12
1
-11
-10
-16
-34
-38
-31
-26
-23
-13
-6
-14
-19
-30
-40
-33
-26
-26
-19
-15
-14
4
11
11
1
-6
-3
3
0
-12
-17
-28
-21
-6
-1
-2
-4
3
10
7
2
8
6
-24
-13
5
-12
-32
-28
-5
-2
-15
-12
-2
-8
-18
-9
3
12
15
18
20
15
8
1
0
-1
-5
-11
-23
-14
-2
-7
-8
-2
6
-3
-14
-8
9
-7
-23
-15
0
2
1
10
9
8
22
48
61
49
36
32
24
17
21
32
30
23
17
22
26
36
50
50
40
30
22
4
-7
-3
8
16
5
-27
-39
-35
-41
-52
-41
-12
-3
-11
-10
0
-12
-31
-27
-20
-25
-42
-45
-25
-8
-12
-6
8
16
19
14
6
18
27
9
-3
1
5
-17
-32
-18
0
-8
-26
-15
7
3
-9
6
16
-9
-36
-28
-13
-13
-17
-19
-7
8
14
16
23
29
33
27
20
23
11
-13
-23
-11
8
8
5
6
5
-15
-29
-29
-20
-10
-11
2
5
1
9
8
-1
-9
-2
-9
-22
-13
1
-6
-15
-2
16
24
24
19
13
10
0
-6
2
8
6
4
-8
-6
1
-16
-15
5
7
-4
-10
8
4
-14
-2
20
7
-21
-13
2
-13
-34
-19
5
16
22
35
40
24
11
10
0
2
9
-2
-15
-5
8
3
-3
-4
0
-2
0
18
33
45
43
47
56
50
34
10
2
10
1
-23
-21
4
7
-5
-15
0
0
-19
-11
9
12
-2
1
0
-25
-42
-38
-43
-57
-48
-25
-21
-21
-2
13
1
-16
-14
-21
-33
-25
-6
-7
-19
-8
-2
-8
-4
20
35
25
22
30
25
4
-6
-8
-12
-2
5
-6
-8
11
22
12
6
13
1
-13
-4
3
-6
-27
-20
-4
-15
-24
-5
-1
-17
-14
-7
-6
1
17
22
6
2
3
-8
-14
3
15
-3
-12
-4
2
-7
6
20
10
-3
15
33
15
2
6
9
-12
-16
2
-11
-19
4
33
18
-2
19
30
13
13
25
21
0
2
21
17
7
5
2
-9
-5
-4
-20
-19
-6
-3
-18
-16
11
15
-6
1
27
17
-10
-7
7
5
5
22
25
15
14
17
12
15
24
-2
-26
-14
-1
-24
-38
-5
17
-6
-25
4
17
-12
-20
-1
-7
-30
-17
-6
-24
-28
-14
-17
-38
-28
5
3
-18
4
18
-8
-28
-8
-4
-32
-26
1
6
-1
24
48
33
18
31
26
9
15
29
20
7
24
34
5
-15
7
8
-25
-31
-18
-28
-53
-38
-16
-22
-25
-16
-14
-14
-10
-5
-14
-22
-7
-9
-29
-11
16
10
5
27
31
-3
-15
13
23
-3
6
36
25
-5
6
34
23
5
15
18
7
9
19
-1
-18
13
26
2
4
40
43
10
8
39
32
0
15
40
25
0
9
13
-13
-16
0
-11
-27
-12
2
-27
-40
-8
-6
-47
-51
-6
-12
-54
-39
4
-2
-25
-7
12
-13
-34
-14
-2
-20
-18
10
16
0
-9
-4
-14
-29
-32
-27
-18
-12
4
23
28
27
21
21
17
16
21
6
-16
-24
-12
0
2
2
7
14
10
6
16
28
29
26
32
44
35
23
38
33
12
2
17
30
9
-5
8
14
3
3
21
18
-4
3
8
-17
-35
-16
13
2
-26
-23
-11
-27
-43
-22
-4
-19
-33
-21
-11
-22
-23
-13
-19
-34
-35
-24
-17
-27
-35
-22
-9
-17
-32
-28
-17
-14
-15
-4
1
-17
-24
-16
-10
-1
21
40
38
28
37
46
34
25
38
29
8
3
15
9
-5
14
36
26
9
12
18
4
-16
-9
-4
-9
-6
8
17
9
12
10
0
1
8
-4
-12
8
32
23
7
23
28
-3
-15
6
7
-20
-22
-3
-8
-24
-19
-12
-17
-9
15
14
0
12
20
-8
-24
1
9
-11
-8
22
18
-15
-18
3
-4
-33
-27
0
-16
-35
-13
-4
-31
-49
-22
-10
-33
-37
-9
11
11
30
49
42
25
36
61
50
34
33
39
27
14
33
50
30
10
21
27
1
-20
-15
-6
-24
-50
-40
-46
-74
-84
-67
-38
-32
-30
-5
9
9
0
-2
-2
-4
-3
-10
-15
-24
-17
-17
-20
-18
-16
-19
-30
-27
-9
3
-19
-23
9
29
16
-7
16
46
30
7
30
49
26
7
28
46
36
35
53
57
36
30
28
6
-1
12
10
-11
-3
18
14
6
23
35
7
-7
14
10
-23
-28
1
-2
-20
-10
-1
-16
-30
-18
-19
-42
-38
-25
-28
-34
-30
-23
-28
-21
-19
-22
-26
-20
-13
-27
-26
-18
-25
-18
3
7
-4
6
27
30
18
37
59
29
15
38
36
3
-9
8
-4
-12
10
31
20
14
41
39
21
31
51
21
-13
-3
4
-22
-38
-27
-23
-47
-32
5
-3
-27
-10
0
-26
-31
-12
-9
-23
-8
18
9
-1
17
27
20
38
53
27
0
8
6
-40
-52
-23
-22
-50
-38
-7
-8
-11
13
22
1
0
18
9
-4
7
7
-10
-16
5
-2
-21
-5
21
13
2
27
41
14
0
18
21
14
25
29
13
13
16
8
2
12
17
0
3
18
18
-4
-11
-16
-34
-44
-42
-45
-33
-12
-3
-7
2
23
10
-11
-2
10
-22
-49
-33
-31
-52
-52
-20
-14
-24
-5
6
-11
-19
-4
-8
-24
-10
-6
-19
-5
19
11
-18
-7
-1
-27
-33
-7
5
-6
14
47
37
42
75
95
76
67
86
68
34
33
45
10
-9
19
20
-13
-3
35
20
5
22
32
8
-9
-5
-25
-47
-28
-15
-34
-20
19
0
-33
-12
14
-27
-45
4
2
-48
-44
-11
-24
-47
-11
18
-16
-15
16
-5
-42
-1
50
9
-29
21
54
-1
-12
43
43
-5
-3
19
-3
-34
-14
-6
-28
-39
-41
-63
-69
-42
-35
-49
-27
15
-6
-20
22
37
-2
-4
39
29
-4
29
59
32
23
60
47
-9
-5
39
28
-19
14
44
1
-11
24
18
-25
0
26
-12
-41
-12
-7
-50
-33
14
-3
-34
-6
17
-8
-11
30
24
-25
-20
4
-17
-32
-1
9
-22
-13
16
-14
-39
-1
4
-30
-17
26
2
-45
-13
10
-25
-25
21
13
-35
-21
12
-17
-32
9
34
12
26
67
46
14
36
51
13
8
34
5
-18
15
47
16
-5
37
38
-18
-27
18
10
-32
-3
30
2
-17
9
7
-18
1
21
-10
-28
12
32
1
13
41
7
-27
-12
12
-14
-33
10
30
12
11
22
18
15
26
17
1
9
20
-7
-32
-22
-20
-49
-42
-9
-21
-43
-22
-2
-20
-11
18
5
-13
6
8
-43
-67
-37
-42
-83
-70
-26
-39
-65
-28
11
-9
-27
-10
-4
-21
-20
-5
-8
-9
16
19
2
8
20
16
18
43
54
37
41
55
49
43
59
60
25
17
28
17
1
22
36
9
0
18
13
-5
8
20
-1
-10
9
7
-22
-19
10
10
5
17
20
-14
-32
-12
-21
-43
-24
0
-23
-31
-5
-7
-39
-48
-19
-18
-36
-15
8
