1
3
1
3
10
14
18
18
27
30
22
15
10
15
17
16
22
24
27
20
13
16
19
18
23
28
33
25
17
13
7
8
11
18
22
19
14
7
-1
-3
-1
5
8
2
2
-7
-12
-14
-21
-11
-8
-5
-3
-8
-11
-23
-27
-28
-30
-26
-17
-14
-16
-17
-20
-21
-25
-27
-23
-26
-27
-29
-35
-39
-43
-34
-30
-25
-29
-33
-33
-44
-47
-50
-47
-38
-29
-20
-18
-11
-12
-15
-13
-13
-8
0
3
2
4
4
7
7
16
18
19
22
17
20
13
10
14
15
22
23
18
18
19
17
9
7
11
14
12
11
10
9
6
-2
-5
-9
-10
-5
-2
-2
-3
-2
-5
-1
3
0
-3
-1
1
6
6
9
13
12
16
13
12
14
11
12
16
15
21
20
18
24
27
36
35
40
41
38
38
29
29
29
26
32
34
38
40
32
28
20
15
10
7
10
11
7
6
-11
-9
-8
-14
-11
-11
-8
-13
-20
-23
-23
-30
-28
-22
-17
-12
-10
-8
-11
-12
-14
-19
-19
-15
-11
-11
-9
-10
-13
-16
-15
-12
-8
-4
-8
-12
-15
-16
-18
-26
-23
-25
-30
-25
-21
-17
-20
-19
-20
-22
-17
-17
-20
-18
-19
-18
-16
-18
-10
-9
-8
-8
-6
-2
-2
-3
-6
-2
-4
0
-1
-1
4
7
9
9
9
10
7
13
15
10
9
8
9
9
12
14
16
17
11
6
5
4
3
-1
1
2
-3
-1
-1
0
0
4
3
2
-2
-6
-9
-13
-12
-9
-7
-7
-4
-4
-2
-3
-3
-4
-2
3
5
9
10
10
10
9
14
13
15
15
19
17
17
17
17
21
21
24
24
24
27
24
20
19
18
19
17
19
21
21
23
17
15
16
15
14
13
12
10
7
5
3
3
5
7
8
6
6
4
0
0
-2
-2
-6
-5
-8
-12
-10
-12
-11
-13
-12
-9
-13
-15
-19
-14
-18
-20
-18
-23
-25
-29
-29
-27
-26
-23
-23
-23
-26
-29
-32
-32
-30
-27
-24
-23
-21
-19
-18
-20
-18
-15
-13
-16
-19
-21
-18
-13
-13
-9
-4
0
3
3
0
-1
-4
-3
-1
1
6
12
18
20
23
21
17
14
16
14
11
14
14
14
17
16
18
15
16
17
17
16
14
12
8
8
6
7
5
6
7
8
7
3
2
2
0
-3
-2
1
0
-3
0
-3
-3
-4
-7
-4
-5
-5
-7
-6
-5
-2
-2
-1
1
-3
-4
-2
-1
3
7
8
9
12
14
12
13
12
14
12
11
10
11
13
18
18
17
17
13
11
9
11
10
10
9
10
9
7
4
6
8
7
3
2
-2
-2
-4
-4
-2
-3
-2
-1
-5
-6
-4
-5
-6
-4
-3
-8
-7
-6
-3
-4
-7
-6
-7
-8
-10
-13
-16
-14
-13
-14
-16
-11
-11
-11
-13
-13
-14
-15
-17
-18
-14
-13
-12
-12
-14
-12
-14
-15
-16
-14
-10
-9
-6
-6
-9
-9
-10
-13
-13
-10
-11
-8
-6
-5
-5
-6
-4
-3
-3
0
1
2
5
5
7
7
8
6
8
10
12
13
12
12
14
10
9
8
8
10
12
12
11
12
14
14
14
12
13
12
12
10
11
10
8
9
11
10
8
8
6
5
4
4
2
4
3
0
0
0
3
5
4
4
5
3
4
2
1
2
0
1
1
2
2
-1
-2
-3
-5
-8
-8
-7
-3
-2
0
0
-2
-3
-4
-6
-6
-5
-2
1
1
0
0
-3
-4
-3
0
-3
-2
-2
-2
-2
-4
-3
-1
1
2
3
4
3
2
5
4
2
2
2
1
1
1
-1
-2
-2
-2
-1
1
2
-1
-2
-2
-1
-4
-4
-4
-5
-3
-2
-3
-5
-6
-5
-8
-7
-9
-9
-10
-8
-6
-8
-9
-8
-8
-6
-5
-8
-6
-10
-12
-16
-17
-16
-12
-10
-5
-5
-7
-8
-7
-6
-6
-4
-4
-4
-3
-2
-2
0
0
3
2
-1
3
3
5
6
8
9
9
10
9
9
12
13
14
16
16
15
13
12
12
12
12
12
13
11
8
7
5
7
6
8
9
8
7
5
3
-1
0
-1
1
0
1
2
2
2
-1
-1
-3
-5
-7
-7
-4
-4
-3
-3
-3
-4
-4
-3
-1
0
1
1
1
-4
-3
-5
-4
1
4
6
8
8
7
6
5
6
6
7
8
7
6
6
6
7
11
11
12
9
6
4
-1
0
0
2
5
2
2
1
-2
-4
-6
-4
-6
-7
-10
-11
-13
-11
-11
-9
-7
-8
-8
-9
-12
-12
-12
-9
-7
-6
-6
-10
-11
-14
-11
-10
-6
-3
-2
-3
-6
-11
-13
-11
-13
-12
-10
-10
-9
-9
-10
-9
-12
-13
-11
-12
-12
-10
-9
-7
-6
-8
-7
-7
-8
-7
-3
-3
0
1
1
3
2
2
1
5
4
8
10
13
15
16
16
16
14
15
14
13
18
20
21
21
20
20
19
16
20
21
21
19
16
12
10
8
13
17
17
17
11
4
-4
-6
0
9
17
18
12
0
-9
-12
-13
-3
6
7
4
-2
-10
-17
-14
-7
2
3
1
-7
-16
-21
-16
-7
0
3
-1
-7
-15
-19
-13
-6
3
6
5
-2
-11
-17
-17
-11
-4
6
10
7
1
-4
-8
-9
-6
-4
-2
-2
-3
-6
-8
-4
1
2
2
-3
-9
-15
-15
-12
-4
2
5
2
-3
-9
-11
-9
-4
4
10
11
6
1
-2
-5
-4
2
5
7
6
5
2
0
-1
-2
-1
-4
-6
-6
-8
-7
-6
-2
-1
-3
-3
-5
-9
-9
-5
-4
2
6
2
-2
-4
-7
-10
-6
0
1
4
4
1
-2
-3
-3
-5
-2
-1
-1
-2
-1
4
5
11
15
14
13
7
3
0
1
7
12
17
20
18
13
9
5
6
8
11
11
12
8
2
1
3
5
8
9
9
10
10
9
8
11
10
8
6
5
3
0
3
4
5
6
4
3
1
-3
-5
-5
-6
-7
-7
-10
-11
-9
-8
-7
-6
-8
-12
-15
-16
-15
-13
-8
-6
-6
-7
-9
-11
-13
-10
-6
-3
-1
-2
-5
-8
-12
-10
-9
-4
2
0
2
-1
-3
-5
-5
-3
-3
-1
-2
-1
-2
-1
4
7
9
8
4
0
-2
-4
-4
0
3
7
6
3
-1
-2
-2
1
5
9
11
10
5
1
-2
-3
-1
1
2
3
4
2
3
4
7
5
2
-1
-6
-9
-11
-6
-3
-2
1
1
-1
-3
-5
-4
-3
-3
-2
-4
-6
-7
-7
-6
-2
-2
-1
-2
-4
-5
-6
-8
-5
-2
0
1
1
0
0
1
2
4
4
5
5
5
3
5
6
8
10
10
9
9
6
5
6
5
6
5
5
5
7
7
9
10
11
9
6
6
5
4
9
11
12
12
10
8
5
5
5
4
6
8
7
5
5
3
1
1
0
1
0
2
0
0
1
-2
-3
-3
-2
-4
-5
-6
-7
-10
-10
-8
-9
-9
-7
-7
-7
-10
-11
-13
-14
-12
-13
-11
-10
-11
-11
-14
-12
-12
-13
-11
-11
-11
-10
-12
-12
-10
-9
-8
-6
-6
-7
-6
-6
-5
-2
-1
0
-2
-3
-2
-4
-2
-3
0
0
-1
-1
-2
-2
-1
0
1
2
2
4
4
5
6
5
6
8
8
8
10
11
12
12
12
12
11
10
9
9
9
9
8
8
6
8
7
7
6
6
8
6
4
2
2
3
3
5
7
8
9
8
8
7
4
2
1
2
3
3
3
2
0
0
0
-2
-2
0
0
0
1
0
-2
-4
-3
-3
0
2
3
5
4
6
5
5
4
4
5
5
3
0
-1
-2
-1
-2
1
2
4
5
3
2
-2
-3
-4
-3
-3
-2
-1
0
-1
-1
-3
-4
-6
-7
-8
-9
-10
-12
-12
-11
-11
-12
-12
-14
-15
-15
-17
-15
-13
-12
-10
-11
-13
-12
-11
-12
-11
-10
-10
-9
-8
-7
-6
-5
-4
-8
-8
-9
-7
-4
-3
-1
2
3
1
1
0
1
1
1
2
3
3
2
4
4
6
7
6
6
6
5
6
5
7
8
9
11
13
14
13
13
14
12
12
12
12
12
12
15
15
16
16
15
15
13
12
11
9
7
7
6
5
4
4
6
6
6
6
4
2
0
-1
-1
-1
-2
-2
-2
-3
-3
-4
-3
-3
-4
-5
-6
-9
-9
-8
-8
-8
-6
-7
-9
-11
-11
-10
-10
-10
-10
-8
-8
-6
-5
-5
-3
-3
-2
-1
-2
-2
-2
-2
-1
-1
0
1
1
1
2
2
1
1
0
2
2
2
3
3
4
3
4
4
5
5
6
8
7
8
9
5
6
8
6
3
1
1
2
1
1
1
0
-1
-3
-4
-5
-7
-8
-9
-9
-9
-10
-11
-10
-11
-10
-9
-11
-14
-15
-16
-17
-16
-17
-15
-14
-12
-12
-12
-13
-13
-13
-11
-11
-12
-12
-9
-7
-6
-4
-1
1
0
0
2
2
2
4
5
5
5
7
9
10
12
13
16
16
15
15
15
17
18
18
18
17
17
14
15
14
13
15
15
13
12
11
13
11
11
11
8
8
7
9
7
7
5
7
5
6
6
4
3
5
2
2
4
1
1
1
2
1
0
0
2
-1
3
0
1
2
2
3
3
2
-3
-4
-3
-6
-7
-6
-7
-7
-7
-7
-8
-7
-8
-10
-11
-14
-15
-15
-15
-16
-13
-12
-11
-9
-10
-10
-10
-10
-9
-8
-6
-6
-5
-4
-4
-3
-2
-1
-1
-3
-4
-1
-2
-2
-1
-4
-3
-4
-5
-7
-4
-6
-6
-6
-9
-11
-10
-10
-11
-10
-8
-7
-8
-6
-6
-6
-3
-3
-4
-3
-1
1
2
3
1
3
5
4
4
6
7
6
8
6
7
7
5
7
8
7
7
6
5
8
8
8
7
8
7
5
5
5
3
4
4
3
4
2
4
5
5
6
4
6
4
3
4
5
6
6
5
6
7
7
8
6
6
7
5
6
5
7
6
6
6
9
8
8
8
6
5
6
6
5
5
5
5
4
1
4
2
1
4
2
2
1
0
-1
0
-1
-2
-2
-2
-3
-4
-5
-4
-4
-2
-1
0
-1
0
1
1
-1
-2
-4
-4
-5
-4
-4
-4
-3
-6
-7
-8
-11
-14
-13
-12
-12
-12
-12
-10
-10
-12
-14
-13
-13
-12
-15
-13
-11
-9
-8
-8
-7
-8
-8
-8
-8
-8
-8
-5
-5
-5
-1
-2
0
0
-1
-1
-4
-6
-6
-8
-9
-8
-6
-6
-5
-2
-3
-2
-3
-1
-1
-1
-1
-2
-2
-1
0
0
0
2
2
1
2
1
2
1
2
5
6
4
6
8
8
10
12
13
11
13
13
14
13
12
13
13
14
12
11
11
10
11
13
14
13
12
11
12
13
12
14
12
13
14
13
12
12
11
11
11
8
7
6
7
5
4
4
4
4
4
3
3
3
1
1
1
-2
-1
-3
-2
-3
-2
-2
-1
-1
-2
-6
-6
-6
-7
-5
-5
-3
-3
-4
-4
-4
-6
-6
-7
-8
-8
-10
-7
-8
-10
-10
-10
-8
-8
-7
-5
-6
-7
-8
-10
-13
-11
-9
-10
-9
-8
-9
-10
-9
-11
-12
-13
-14
-14
-13
-14
-14
-15
-13
-14
-14
-14
-13
-12
-11
-11
-10
-8
-8
-8
-5
-5
-4
-4
-1
-3
-2
-1
0
-1
0
0
-2
1
2
3
2
3
3
5
6
7
6
7
8
7
5
7
6
7
8
8
8
7
6
7
7
8
7
7
8
8
7
9
9
8
10
10
10
10
10
8
8
8
7
9
9
11
13
12
13
13
14
15
15
13
14
12
12
12
12
8
9
9
8
11
10
10
10
8
8
4
3
4
3
3
5
5
5
4
3
2
3
3
2
0
-1
-1
-4
-6
-5
-5
-7
-5
-7
-6
-8
-7
-7
-8
-8
-11
-12
-12
-13
-13
-13
-13
-11
-9
-7
-8
-8
-9
-9
-9
-10
-11
-11
-11
-9
-9
-9
-7
-8
-8
-9
-9
-11
-13
-12
-11
-12
-11
-10
-11
-10
-11
-10
-9
-9
-9
-9
-9
-12
-11
-11
-10
-9
-9
-9
-10
-8
-11
-11
-9
-9
-8
-5
-4
-2
-2
-1
1
2
4
4
5
6
7
8
8
9
10
9
9
12
10
12
13
11
11
12
10
12
11
10
10
10
11
12
11
10
11
9
10
9
7
7
8
8
8
7
8
7
6
6
5
5
6
6
8
8
8
8
9
9
10
9
10
12
9
9
10
9
9
9
10
8
5
5
5
3
4
5
5
7
6
7
3
2
3
2
3
2
1
2
1
2
0
1
1
-1
1
0
0
0
-2
-2
-4
-4
-6
-8
-8
-8
-9
-9
-8
-9
-9
-10
-12
-14
-15
-14
-18
-18
-17
-19
-19
-18
-18
-20
-18
-17
-17
-19
-16
-16
-17
-15
-14
-16
-15
-15
-16
-15
-17
-16
-16
-15
-15
-18
-18
-18
-18
-20
-20
-21
-21
-19
-19
-18
-19
-16
-15
-15
-13
-13
-11
-8
-6
-4
-4
-7
-7
-5
-4
-2
1
0
3
6
10
12
12
17
16
20
23
23
29
32
35
38
38
39
37
37
36
35
32
29
28
25
25
25
24
27
31
33
34
37
41
45
46
49
52
58
67
70
75
79
84
87
86
87
90
92
88
86
82
78
74
69
63
56
53
47
38
30
24
19
11
3
-1
-5
-9
-13
-15
-16
-13
-15
-18
-19
-18
-16
-15
-13
-14
-13
-8
-2
1
2
6
4
4
5
6
1
-2
-3
-4
-8
-10
-13
-17
-19
-23
-31
-37
-43
-50
-59
-70
-82
-92
-104
-116
-123
-133
-144
-156
-165
-175
-183
-189
-194
-201
-201
-196
-193
-187
-177
-163
-152
-143
-129
-112
-97
-77
-56
-36
-15
4
22
43
64
82
98
117
130
145
154
157
161
166
164
157
154
143
133
116
90
62
35
10
-22
-57
-96
-130
-163
-195
-227
-258
-283
-305
-325
-341
-350
-359
-362
-353
-339
-322
-305
-279
-248
-210
-166
-123
-77
-28
27
79
129
182
232
284
338
386
432
477
519
555
584
608
625
639
643
639
624
606
581
545
496
445
387
323
252
174
94
9
-66
-150
-229
-303
-379
-438
-492
-543
-579
-605
-620
-628
-628
-614
-584
-540
-489
-435
-368
-290
-201
-114
-27
63
157
258
360
454
542
629
721
801
869
922
962
993
1012
1007
982
951
902
832
741
639
520
392
250
100
-64
-233
-405
-582
-753
-911
-1060
-1196
-1319
-1418
-1498
-1551
-1581
-1599
-1585
-1539
-1472
-1388
-1283
-1162
-1020
-859
-685
-519
-354
-172
21
211
373
522
678
846
1017
1143
1209
1275
1392
1477
1479
1456
1454
1456
1425
1329
1187
1057
956
814
588
348
146
-51
-271
-511
-751
-948
-1098
-1243
-1397
-1509
-1564
-1595
-1603
-1579
-1536
-1454
-1326
-1192
-1044
-867
-694
-515
-313
-123
41
199
350
481
595
686
752
804
852
874
856
838
836
799
730
680
631
589
564
502
424
410
434
422
398
410
449
499
547
564
583
642
701
707
683
663
643
597
517
405
278
160
46
-114
-288
-428
-571
-704
-820
-943
-1062
-1120
-1147
-1195
-1215
-1187
-1136
-1066
-986
-924
-822
-676
-543
-438
-319
-176
-32
99
197
270
356
456
523
548
566
604
638
678
695
653
629
683
713
667
642
653
668
690
692
642
635
686
692
634
574
529
474
386
261
110
-27
-136
-267
-440
-592
-720
-840
-951
-1062
-1167
-1235
-1268
-1298
-1329
-1320
-1280
-1227
-1155
-1063
-965
-845
-709
-598
-472
-331
-217
-113
-9
88
177
253
307
354
397
414
415
408
382
346
297
244
185
127
83
47
14
16
33
51
98
184
265
348
474
598
717
847
970
1058
1146
1239
1273
1271
1268
1224
1140
1028
893
730
562
377
168
-49
-245
-426
-622
-818
-985
-1119
-1222
-1320
-1400
-1457
-1469
-1448
-1428
-1387
-1312
-1207
-1078
-943
-808
-662
-508
-353
-195
-49
89
215
333
442
540
617
677
734
782
819
849
850
832
847
877
883
873
891
925
957
983
996
1000
1021
1041
1028
971
906
842
753
633
489
319
147
-12
-192
-396
-590
-764
-924
-1073
-1214
-1340
-1420
-1473
-1514
-1536
-1520
-1483
-1431
-1352
-1260
-1137
-1003
-874
-739
-600
-453
-296
-161
-38
91
217
325
414
492
559
605
634
658
664
649
630
604
577
559
525
477
460
474
470
463
479
512
560
603
645
683
734
783
807
801
793
769
709
631
525
396
257
113
-62
-251
-428
-608
-787
-944
-1088
-1222
-1335
-1426
-1489
-1529
-1549
-1546
-1520
-1468
-1385
-1288
-1187
-1056
-904
-752
-602
-455
-298
-140
8
135
257
373
467
546
616
670
716
741
745
744
740
724
696
667
644
624
606
583
572
587
605
621
651
707
762
811
863
911
961
1006
1022
1013
991
967
911
820
697
564
424
268
87
-111
-294
-465
-632
-788
-941
-1073
-1170
-1239
-1299
-1348
-1369
-1360
-1327
-1277
-1220
-1149
-1052
-933
-809
-698
-581
-443
-308
-197
-92
1
99
194
263
318
371
427
461
476
485
502
509
500
480
456
446
442
430
401
389
403
428
448
463
496
544
595
642
677
720
764
804
824
824
814
784
738
662
565
459
339
201
44
-119
-273
-428
-589
-736
-871
-997
-1102
-1194
-1275
-1334
-1365
-1383
-1384
-1353
-1308
-1252
-1167
-1075
-975
-856
-733
-613
-489
-370
-262
-154
-51
44
125
194
255
303
338
364
369
357
350
334
289
249
212
170
151
138
112
105
126
155
196
249
308
383
476
570
653
744
835
914
983
1035
1072
1088
1084
1057
1002
923
830
710
575
438
288
126
-21
-163
-320
-463
-586
-708
-809
-896
-980
-1042
-1071
-1089
-1100
-1086
-1046
-993
-919
-839
-760
-666
-552
-442
-343
-238
-127
-18
80
174
253
325
404
458
494
530
556
560
558
559
545
515
493
465
443
429
411
389
380
392
396
411
431
466
503
545
581
607
637
667
678
672
663
635
583
518
440
342
239
130
-4
-138
-259
-386
-525
-652
-768
-883
-985
-1072
-1157
-1224
-1263
-1300
-1327
-1329
-1312
-1287
-1245
-1184
-1119
-1036
-944
-849
-749
-635
-517
-410
-294
-170
-53
62
174
275
363
455
536
589
632
673
699
715
720
716
706
696
689
666
640
617
597
579
564
541
519
512
506
508
511
510
504
498
495
471
444
413
361
307
245
164
75
-10
-100
-205
-300
-389
-477
-561
-636
-698
-758
-807
-846
-882
-909
-920
-923
-919
-893
-861
-816
-750
-678
-608
-520
-425
-337
-249
-163
-78
5
86
173
260
336
424
505
578
647
696
730
755
764
762
750
730
691
651
626
589
543
506
477
440
403
377
342
303
294
292
292
294
296
309
322
329
332
339
345
329
308
285
244
196
147
83
12
-64
-152
-244
-334
-431
-521
-604
-679
-733
-793
-819
-833
-866
-877
-868
-856
-831
-796
-748
-696
-642
-568
-488
-404
-324
-244
-149
-70
-6
60
126
196
255
310
361
390
405
417
409
385
356
324
276
202
129
86
33
-44
-99
-135
-191
-234
-266
-306
-316
-307
-291
-260
-231
-196
-143
-77
-22
32
94
174
230
260
316
364
377
413
447
458
471
475
458
431
390
341
303
245
168
102
37
-47
-112
-143
-201
-257
-273
-290
-315
-330
-341
-362
-364
-356
-380
-369
-342
-331
-300
-276
-246
-207
-157
-98
-44
28
83
121
151
160
163
151
131
109
94
87
87
103
118
132
152
154
151
159
150
148
141
110
111
125
145
203
264
312
378
440
472
496
522
530
534
520
522
553
561
580
598
602
626
634
613
576
501
402
289
161
44
-51
-154
-238
-292
-365
-446
-513
-598
-700
-789
-879
-971
-1041
-1085
-1124
-1142
-1120
-1084
-1023
-940
-888
-823
-743
-689
-631
-542
-433
-334
-253
-160
-79
-3
86
170
217
246
283
303
302
306
299
279
251
217
193
169
161
157
136
143
182
199
228
275
298
311
309
295
304
320
333
376
428
475
538
601
625
631
617
580
521
431
382
330
239
153
64
-5
-51
-97
-100
-107
-186
-262
-266
-365
-400
-12
186
-62
-532
-930
-1416
-2133
-2284
-1962
-1722
-1388
-717
22
647
1048
1532
1783
1277
520
-108
-775
-1533
-1866
-1563
-910
-229
625
1638
2457
2800
2800
2536
1889
982
35
-770
-1382
-1709
-1629
-1136
-440
373
1219
1918
2253
2182
1788
1347
917
297
-383
-910
-1164
-1425
-1550
-1204
-777
-486
-184
82
260
288
184
188
22
-431
-792
-996
-1248
-1513
-1438
-1084
-731
-379
52
533
873
926
898
792
505
197
-55
-228
-312
-328
-210
28
181
280
445
509
342
84
-111
-312
-419
-284
61
529
985
1254
1287
1118
605
-78
-763
-1425
-1895
-1998
-1656
-795
257
1171
1908
2278
2031
1175
105
-1163
-2539
-3602
-4154
-4038
-3229
-2028
-485
1137
2255
2815
2891
2348
1196
-131
-1320
-2239
-2683
-2555
-1760
-422
992
2346
3494
4036
3928
3249
2065
601
-826
-1950
-2633
-2794
-2404
-1551
-416
622
1368
1823
1792
1217
379
-511
-1339
-1867
-2071
-1931
-1304
-369
624
1634
2419
2829
2902
2556
1906
1172
441
-155
-460
-482
-249
210
737
1160
1410
1396
1132
674
16
-708
-1297
-1727
-1982
-1954
-1694
-1325
-862
-447
-241
-177
-278
-564
-933
-1331
-1609
-1634
-1497
-1204
-720
-184
272
586
714
641
413
15
-445
-815
-1082
-1166
-979
-603
-115
423
889
1179
1256
1136
864
528
152
-173
-298
-253
-24
437
965
1469
1899
2139
2149
1951
1601
1169
738
396
171
123
287
597
918
1166
1380
1425
1180
772
306
-211
-785
-1289
-1566
-1684
-1734
-1634
-1424
-1305
-1317
-1385
-1563
-1882
-2251
-2574
-2759
-2848
-2836
-2608
-2198
-1741
-1267
-770
-340
-62
124
260
334
405
512
687
924
1172
1479
1826
2079
2166
2144
2056
1850
1587
1360
1163
1037
998
1010
1109
1286
1478
1636
1679
1588
1454
1274
998
726
551
390
229
174
180
152
146
144
26
-214
-556
-962
-1379
-1878
-2385
-2732
-2997
-3220
-3340
-3333
-3211
-3054
-2875
-2636
-2350
-2038
-1727
-1388
-1026
-660
-273
134
507
871
1266
1597
1852
2057
2169
2238
2279
2198
2075
1955
1790
1611
1419
1216
1057
895
743
657
657
795
1047
1246
1365
1579
1826
1879
1867
1879
1741
1483
1286
1075
783
580
487
371
151
-152
-463
-854
-1409
-2082
-2793
-3473
-4085
-4614
-4994
-5138
-5079
-4895
-4518
-3929
-3284
-2617
-1908
-1269
-754
-303
110
516
911
1249
1660
2168
2566
2882
3224
3434
3462
3361
3105
2726
2243
1679
1125
594
108
-233
-373
-413
-332
79
676
1094
1368
1717
2039
2121
2029
1947
1830
1581
1397
1369
1271
1145
1202
1240
998
564
44
-603
-1467
-2571
-3672
-4541
-5291
-5973
-6364
-6383
-6171
-5792
-5298
-4700
-4028
-3372
-2736
-2112
-1523
-937
-272
465
1166
1862
2648
3415
3959
4290
4535
4653
4497
4066
3567
3084
2493
1832
1272
811
388
59
-126
-188
-58
369
889
1207
1454
1886
2302
2424
2436
2537
2532
2379
2276
2138
1922
1815
1774
1539
1096
559
-62
-871
-1962
-3165
-4192
-5134
-6089
-6793
-7134
-7173
-6942
-6524
-5978
-5248
-4402
-3594
-2794
-1963
-1147
-295
565
1316
2057
2854
3554
4126
4565
4831
4984
4942
4574
4048
3481
2765
1957
1199
508
-114
-650
-1040
-1184
-1022
-539
170
848
1363
1944
2589
2921
2980
3030
2940
2683
2423
2148
1893
1747
1671
1591
1360
864
255
-500
-1655
-3059
-4372
-5645
-6869
-7823
-8411
-8587
-8337
-7761
-6942
-5950
-4866
-3769
-2726
-1798
-987
-182
578
1242
1946
2697
3422
4117
4708
5159
5474
5535
5243
4665
3902
2998
1993
962
6
-771
-1369
-1773
-1930
-1739
-1060
-31
942
1687
2477
3355
3867
3960
3981
3891
3596
3277
2994
2691
2513
2543
2605
2458
1969
1303
535
-669
-2355
-4036
-5504
-6914
-8191
-9048
-9342
-9108
-8483
-7604
-6456
-5161
-3894
-2711
-1691
-879
-123
624
1267
1866
2532
3267
4009
4674
5142
5456
5616
5402
4774
3862
2776
1597
339
-888
-1903
-2641
-3115
-3286
-3082
-2430
-1273
129
1306
2272
3298
4174
4570
4637
4591
4361
4008
3725
3450
3203
3174
3294
3328
3040
2401
1602
529
-1067
-2987
-4821
-6437
-7842
-8964
-9622
-9625
-9051
-8163
-7001
-5599
-4182
-2862
-1684
-734
26
755
1464
2120
2774
3416
4101
4826
5333
5585
5693
5536
4981
4075
2901
1576
273
-1009
-2258
-3251
-3914
-4281
-4326
-4067
-3343
-2073
-654
573
1727
2898
3812
4355
4634
4620
4356
4023
3683
3289
2902
2702
2672
2587
2244
1640
843
-251
-1733
-3514
-5364
-7009
-8328
-9346
-9928
-9889
-9231
-8124
-6708
-5054
-3308
-1646
-190
979
1858
2562
3120
3600
4040
4423
4893
5458
5876
6106
6204
6039
5505
4588
3287
1748
143
-1459
-2940
-4171
-5057
-5505
-5468
-5013
-4131
-2668
-814
942
2408
3708
4803
5469
5677
5581
5239
4703
4217
3839
3413
3072
2991
2948
2697
2138
1225
28
-1504
-3467
-5617
-7569
-9183
-10365
-10990
-10987
-10278
-8928
-7244
-5433
-3470
-1545
47
1276
2215
2867
3345
3783
4217
4678
5197
5800
6388
6761
6812
6581
6038
5012
3510
1764
-28
-1768
-3347
-4662
-5636
-6140
-6162
-5802
-5073
-3904
-2229
-381
1202
2528
3799
4851
5451
5688
5659
5380
4980
4549
4044
3501
3028
2718
2452
1926
1042
29
-1115
-2688
-4614
-6551
-8269
-9717
-10801
-11351
-11202
-10378
-9040
-7284
-5222
-3067
-959
936
2387
3385
4060
4495
4743
4896
5036
5316
5739
6133
6394
6476
6299
5799
4841
3368
1615
-261
-2194
-3958
-5377
-6415
-6925
-6803
-6174
-5171
-3742
-1815
282
2110
3535
4741
5693
6150
6148
5931
5544
5036
4589
4154
3707
3347
3078
2773
2227
1297
95
-1283
-2974
-4976
-6989
-8731
-10076
-10971
-11325
-10965
-9898
-8351
-6540
-4502
-2388
-385
1415
2830
3780
4413
4850
5091
5265
5428
5578
5858
6169
6251
6086
5750
5158
4190
2794
1071
-745
-2521
-4231
-5677
-6697
-7251
-7278
-6741
-5770
-4486
-2805
-704
1468
3284
4674
5856
6739
7061
7000
6707
6134
5452
4872
4264
3625
3147
2780
2340
1667
635
-648
-2077
-3846
-5871
-7764
-9391
-10654
-11337
-11394
-10790
-9434
-7516
-5389
-3193
-1021
929
2536
3721
4442
4793
4869
4812
4808
4867
5001
5288
5580
5714
5580
5097
4283
3095
1496
-379
-2311
-4201
-5871
-7090
-7781
-7945
-7583
-6727
-5474
-3947
-2287
-451
1540
3284
4512
5443
6261
6761
6880
6754
6439
6014
5543
4990
4344
3699
3062
2377
1560
509
-809
-2241
-3697
-5320
-6975
-8395
-9420
-9980
-10073
-9612
-8540
-6937
-5005
-2873
-733
1165
2683
3851
4590
4859
4807
4610
4399
4249
4150
4177
4372
4551
4573
4314
3694
2660
1303
-426
-2423
-4387
-6075
-7342
-8048
-8180
-7795
-6806
-5366
-3697
-1945
1
2039
3779
4926
5639
6227
6562
6567
6372
6111
5788
5505
5195
4713
4201
3749
3167
2331
1236
-193
-1707
-3218
-4854
-6495
-7813
-8682
-9122
-9075
-8595
-7578
-6042
-4255
-2379
-471
1238
2630
3727
4413
4704
4732
4584
4363
4265
4254
4225
4293
4368
4265
3856
3064
1953
629
-953
-2770
-4588
-6149
-7296
-7965
-8121
-7834
-7025
-5804
-4397
-2889
-1221
614
2366
3734
4679
5486
6074
6396
6530
6438
6073
5695
5342
4768
4091
3430
2764
1999
1105
-37
-1323
-2614
-3976
-5401
-6710
-7778
-8513
-8784
-8626
-8019
-6894
-5402
-3671
-1683
232
1776
3017
4030
4666
4840
4729
4494
4280
4146
3998
3870
3797
3704
3475
2969
2137
1049
-215
-1649
-3281
-4916
-6256
-7160
-7592
-7647
-7332
-6553
-5333
-3898
-2382
-665
1279
3097
4400
5332
6143
6714
6949
6916
6640
6175
5683
5163
4561
3951
3394
2846
2227
1433
304
-1000
-2332
-3796
-5356
-6745
-7818
-8488
-8652
-8354
-7547
-6233
-4616
-2861
-991
750
2113
3122
3845
4222
4265
4100
3863
3705
3679
3686
3683
3688
3605
3312
2708
1791
663
-622
-2106
-3696
-5150
-6285
-7026
-7285
-7146
-6668
-5788
-4619
-3273
-1856
-271
1511
3222
4523
5448
6256
6868
7154
7122
6846
6359
5848
5381
4831
4194
3601
3087
2494
1646
478
-854
-2253
-3757
-5311
-6733
-7853
-8531
-8679
-8364
-7632
-6471
-4991
-3386
-1757
-191
1185
2226
2885
3264
3378
3302
3203
3168
3175
3238
3322
3316
3207
2955
2430
1625
637
-587
-2021
-3496
-4884
-6016
-6746
-7059
-6946
-6412
-5610
-4593
-3334
-1953
-503
1103
2739
4087
5065
5847
6466
6877
7057
6936
6593
6210
5866
5442
4868
4254
3679
3015
2145
1014
-373
-1860
-3402
-4970
-6434
-7596
-8366
-8670
-8458
-7829
-6868
-5618
-4203
-2745
-1304
-12
998
1766
2338
2683
2870
2990
3098
3289
3552
3707
3716
3627
3379
2867
2090
1111
-18
-1242
-2556
-3839
-4917
-5681
-6100
-6148
-5895
-5389
-4617
-3605
-2456
-1168
386
2064
3595
4792
5738
6521
7083
7360
7329
7051
6665
6324
5982
5539
5044
4576
4027
3257
2188
798
-785
-2466
-4195
-5821
-7158
-8131
-8669
-8664
-8208
-7419
-6358
-5156
-3948
-2751
-1611
-642
179
913
1578
2156
2648
3102
3560
3986
4274
4348
4176
3779
3194
2432
1474
411
-648
-1674
-2705
-3721
-4586
-5211
-5577
-5721
-5645
-5307
-4694
-3827
-2767
-1436
274
2150
3762
4962
5893
6643
7159
7303
7082
6723
6474
6286
6041
5716
5323
4858
4214
3235
1834
147
-1699
-3605
-5441
-7022
-8228
-8979
-9251
-9103
-8587
-7817
-6935
-6026
-5054
-3965
-2800
-1667
-620
407
1463
2448
3233
3791
4209
4526
4673
4571
4274
3853
3357
2795
2126
1352
424
-650
-1847
-3053
-4159
-5084
-5735
-6053
-5984
-5533
-4717
-3638
-2318
-697
1114
2777
4037
4954
5664
6250
6722
7005
7055
7044
7129
7222
7146
6826
6309
5541
4468
3088
1441
-344
-2219
-4070
-5726
-7064
-8084
-8799
-9180
-9230
-8950
-8404
-7682
-6850
-5859
-4634
-3226
-1766
-439
699
1723
2634
3363
3907
4335
4650
4874
4990
4958
4768
4392
3807
3002
2073
977
-313
-1708
-3097
-4270
-5102
-5537
-5638
-5430
-4945
-4191
-3175
-1871
-332
1166
2464
3476
4302
5065
5802
6447
6846
7051
7245
7473
7562
7458
7122
6493
5570
4347
2844
1143
-640
-2490
-4297
-5883
-7163
-8145
-8879
-9348
-9516
-9335
-8865
-8251
-7476
-6479
-5255
-3896
-2517
-1198
16
1107
2055
2873
3609
4264
4770
5066
5168
5141
4976
4616
3992
3148
2157
1010
-291
-1672
-2943
-3992
-4764
-5249
-5485
-5443
-5131
-4566
-3706
-2512
-1103
226
1286
2136
2921
3783
4645
5359
5941
6500
7021
7441
7729
7821
7649
7085
6079
4680
3058
1369
-367
-2084
-3702
-5141
-6306
-7215
-7934
-8449
-8709
-8787
-8704
-8388
-7818
-6987
-5958
-4811
-3585
-2318
-1042
191
1355
2453
3485
4405
5161
5725
6078
6200
6052
5660
5087
4374
3487
2406
1205
13
-1099
-2076
-2859
-3462
-3890
-4128
-4140
-3828
-3180
-2340
-1485
-749
-130
504
1259
2141
3050
3963
4871
5724
6462
7033
7438
7630
7477
6846
5806
4526
3128
1700
307
-1052
-2392
-3680
-4879
-5934
-6794
-7451
-7955
-8344
-8588
-8585
-8264
-7627
-6744
-5709
-4630
-3584
-2548
-1460
-251
1057
2348
3513
4459
5147
5610
5853
5887
5773
5494
4992
4270
3396
2412
1436
559
-227
-933
-1586
-2178
-2684
-3005
-3072
-2937
-2677
-2419
-2183
-1888
-1457
-853
-105
775
1747
2729
3602
4300
4827
5186
5362
5305
4995
4463
3756
2956
2140
1323
487
-404
-1362
-2398
-3460
-4434
-5245
-5846
-6225
-6407
-6428
-6317
-6059
-5677
-5182
-4569
-3893
-3145
-2382
-1603
-770
88
935
1720
2437
3030
3488
3817
3997
4059
4020
3866
3592
3201
2689
2049
1366
702
92
-438
-876
-1207
-1402
-1488
-1608
-1671
-1666
-1563
-1356
-1121
-825
-499
-33
535
1106
1623
2097
2492
2761
2897
2942
2990
2994
2975
2879
2676
2376
1957
1477
945
442
-39
-531
-1018
-1473
-1862
-2188
-2445
-2648
-2782
-2832
-2810
-2734
-2639
-2492
-2281
-2058
-1844
-1649
-1437
-1209
-977
-747
-519
-245
54
341
606
826
941
960
899
761
605
493
431
416
462
528
571
596
584
554
516
445
326
215
163
156
194
277
389
541
712
881
1065
1221
1338
1421
1473
1509
1508
1463
1403
1331
1261
1181
1085
971
844
718
566
367
151
-102
-388
-685
-975
-1253
-1505
-1713
-1883
-1990
-2053
-2082
-2120
-2131
-2104
-2086
-2048
-1995
-1916
-1796
-1657
-1513
-1365
-1222
-1080
-956
-823
-675
-494
-302
-122
51
190
287
338
378
390
368
325
297
302
367
475
607
755
895
1010
1102
1170
1224
1263
1273
1264
1236
1194
1168
1166
1224
1252
1190
1171
1203
1263
1296
1298
1211
947
669
413
162
-36
-218
-393
-525
-594
-612
-621
-626
-661
-729
-759
-772
-800
-823
-831
-819
-799
-777
-730
-679
-636
-598
-551
-466
-377
-280
-195
-137
-132
-177
-243
-329
-443
-535
-578
-563
-478
-349
-188
-16
155
305
415
488
520
518
520
506
505
512
521
556
611
665
720
756
734
674
580
450
290
113
-56
-203
-325
-405
-412
-353
-255
-118
30
145
238
297
340
393
432
448
477
488
503
514
527
520
494
482
440
374
311
252
163
62
-59
-215
-366
-496
-618
-723
-784
-804
-802
-765
-689
-586
-473
-345
-237
-179
-171
-187
-230
-278
-323
-381
-403
-426
-459
-502
-541
-590
-663
-755
-901
-1069
-1231
-1393
-1526
-1612
-1628
-1583
-1510
-1386
-1240
-1040
-782
-517
-257
-22
201
405
613
826
1013
1198
1353
1471
1570
1663
1735
1774
1771
1740
1689
1616
1523
1410
1295
1185
1067
939
832
732
650
596
573
580
613
675
737
798
858
902
928
896
800
696
583
461
338
212
90
-57
-242
-460
-702
-975
-1270
-1588
-1915
-2193
-2416
-2585
-2685
-2711
-2673
-2568
-2423
-2273
-2103
-1910
-1698
-1479
-1247
-986
-722
-450
-162
105
370
630
829
979
1086
1154
1178
1167
1145
1112
1089
1079
1092
1107
1117
1122
1101
1051
998
954
933
934
966
1035
1137
1249
1356
1448
1516
1555
1555
1502
1421
1323
1198
1060
927
785
613
432
222
-45
-336
-632
-932
-1218
-1491
-1707
-1852
-1954
-2017
-2045
-2037
-2005
-1977
-1946
-1885
-1793
-1673
-1530
-1360
-1165
-953
-744
-549
-388
-266
-180
-125
-102
-101
-123
-129
-126
-130
-119
-94
-54
-21
-1
26
59
78
93
115
169
255
369
514
680
855
1030
1185
1312
1402
1444
1441
1400
1330
1251
1153
1028
876
695
506
312
103
-126
-345
-543
-712
-847
-947
-994
-1006
-1005
-972
-909
-825
-711
-582
-440
-279
-98
97
295
492
673
822
955
1054
1087
1056
973
869
745
589
433
292
165
53
-44
-135
-232
-329
-418
-491
-563
-615
-636
-616
-553
-466
-348
-205
-41
123
264
394
487
542
568
539
490
421
326
206
63
-78
-220
-369
-508
-639
-763
-871
-953
-1003
-1025
-1022
-984
-930
-854
-739
-609
-463
-297
-120
71
268
461
654
831
994
1119
1192
1233
1227
1178
1090
971
840
707
575
444
315
202
112
32
-43
-122
-201
-275
-334
-374
-392
-376
-314
-229
-124
-5
110
211
292
332
344
326
271
188
79
-60
-214
-357
-507
-657
-809
-957
-1087
-1188
-1265
-1332
-1364
-1369
-1356
-1315
-1244
-1139
-1028
-904
-768
-622
-462
-297
-136
28
200
374
533
671
772
838
865
855
812
744
666
583
511
452
410
391
384
372
361
353
335
306
282
274
278
301
351
413
505
606
702
779
834
865
846
795
719
617
511
401
286
162
38
-79
-197
-296
-383
-459
-524
-570
-602
-619
-602
-577
-531
-477
-415
-353
-304
-248
-204
-160
-122
-78
-41
-3
46
99
158
198
206
196
166
108
39
-32
-96
-141
-175
-191
-184
-161
-134
-103
-74
-45
-31
-30
-16
8
44
98
153
210
274
334
386
419
429
417
389
340
267
181
100
20
-64
-151
-237
-318
-387
-438
-469
-481
-479
-458
-424
-372
-326
-279
-225
-184
-156
-147
-147
-152
-153
-158
-158
-137
-99
-59
-13
33
67
90
92
71
38
-10
-61
-95
-124
-141
-132
-95
-51
-3
36
62
73
66
44
6
-27
-54
-65
-57
-40
-23
-1
33
58
80
90
97
111
121
124
107
92
78
66
58
39
16
-5
-4
11
27
53
82
103
104
91
59
24
-26
-95
-160
-217
-254
-272
-268
-244
-198
-135
-49
32
105
158
206
247
266
276
275
283
301
319
353
396
434
477
499
499
480
435
363
282
191
102
32
-21
-61
-84
-93
-92
-71
-26
23
66
98
125
143
155
152
138
130
111
95
76
61
54
42
32
26
4
-44
-115
-206
-302
-417
-520
-602
-674
-728
-753
-740
-696
-632
-555
-465
-368
-263
-163
-75
-3
61
117
168
213
259
314
377
435
480
503
500
472
420
344
240
130
25
-80
-162
-227
-270
-298
-309
-310
-310
-288
-248
-207
-154
-98
-40
15
69
121
155
174
174
165
151
129
101
77
43
1
-54
-126
-206
-298
-387
-481
-566
-636
-696
-737
-749
-718
-650
-558
-445
-331
-224
-113
0
108
209
289
367
435
502
572
629
686
727
748
742
709
648
572
491
406
318
235
165
103
43
-10
-52
-81
-95
-112
-105
-82
-42
9
60
114
154
185
201
205
198
181
155
123
84
43
9
-34
-95
-171
-257
-350
-439
-523
-595
-639
-654
-652
-636
-614
-580
-530
-472
-391
-300
-194
-78
43
163
273
382
485
574
651
715
767
805
823
825
823
818
797
762
714
655
593
534
484
439
396
343
280
209
145
85
41
21
0
-12
-28
-52
-82
-125
-175
-230
-286
-348
-415
-479
-535
-592
-639
-689
-739
-791
-848
-899
-941
-969
-988
-997
-1000
-998
-997
-989
-969
-939
-899
-843
-771
-681
-584
-485
-382
-278
-177
-82
7
91
182
274
374
478
571
645
706
744
768
791
809
835
856
876
894
898
895
885
859
826
785
744
707
672
639
610
580
547
506
459
391
303
213
116
26
-67
-154
-219
-283
-348
-402
-454
-503
-553
-598
-634
-677
-718
-762
-809
-845
-871
-872
-857
-826
-772
-717
-654
-593
-535
-465
-402
-333
-272
-209
-140
-80
-15
62
112
205
306
377
460
497
544
577
619
690
727
757
784
767
759
739
715
731
730
743
757
756
749
724
702
688
656
615
556
484
416
343
278
225
177
131
80
24
-42
-120
-201
-284
-370
-456
-545
-631
-722
-804
-870
-920
-949
-960
-955
-941
-922
-905
-887
-863
-832
-794
-745
-687
-632
-575
-512
-447
-379
-309
-243
-178
-121
-70
-29
16
55
88
120
138
156
165
176
186
201
219
241
268
298
329
362
390
416
438
452
463
465
470
471
471
476
474
473
471
457
438
416
380
334
277
209
138
64
-14
-81
-137
-184
-223
-251
-267
-274
-283
-284
-291
-296
-296
-294
-279
-257
-219
-181
-140
-94
-62
-29
-12
-1
3
-7
-20
-34
-47
-60
-76
-84
-94
-107
-120
-132
-144
-153
-158
-152
-138
-122
-99
-75
-51
-24
3
32
59
87
120
157
189
220
254
282
306
323
326
327
322
307
292
267
250
235
213
201
184
167
156
142
133
125
120
119
118
121
128
144
159
173
189
203
213
224
225
225
217
197
183
151
121
83
41
-2
-54
-110
-164
-218
-266
-307
-350
-379
-413
-440
-461
-478
-491
-501
-501
-504
-504
-499
-486
-479
-457
-429
-403
-376
-356
-328
-302
-282
-255
-239
-221
-205
-191
-178
-171
-164
-156
-149
-135
-119
-102
-77
-52
-22
13
49
88
133
177
222
266
316
365
415
466
509
546
573
592
601
601
593
575
554
524
488
451
406
357
304
247
191
139
91
45
4
-35
-73
-110
-150
-183
-215
-244
-262
-276
-287
-291
-291
-290
-284
-278
-269
-262
-260
-264
-270
-275
-278
-294
-301
-306
-313
-312
-310
-300
-287
-268
-240
-213
-183
-146
-106
-63
-9
40
98
158
220
288
351
420
488
544
588
627
647
659
662
653
637
611
571
525
467
410
357
301
249
196
140
89
40
-11
-61
-110
-154
-193
-229
-251
-268
-275
-279
-273
-269
-265
-261
-264
-269
-280
-292
-308
-329
-349
-372
-391
-408
-428
-446
-460
-471
-476
-476
-472
-458
-439
-409
-370
-324
-268
-204
-130
-47
31
113
193
268
342
406
461
510
544
570
584
584
577
558
529
494
446
395
336
278
213
148
86
25
-31
-80
-121
-154
-185
-201
-217
-219
-216
-215
-203
-194
-187
-176
-175
-172
-173
-178
-190
-214
-225
-242
-266
-272
-287
-316
-350
-392
-430
-455
-465
-470
-474
-459
-433
-402
-344
-275
-199
-125
-37
61
142
236
323
404
478
542
617
669
707
760
776
770
749
715
686
648
605
558
486
418
335
257
204
157
133
79
29
17
-15
-20
-20
-17
-14
-20
-1
-3
-2
17
19
3
-39
-62
-72
-96
-111
-139
-191
-261
-351
-418
-465
-501
-508
-568
-629
-651
-666
-627
-568
-512
-479
-436
-374
-296
-176
-80
-5
55
96
180
286
374
438
459
478
477
463
490
477
441
402
321
262
201
144
98
20
-9
-40
-68
-51
-65
-65
-90
-108
-83
-60
14
52
65
73
40
68
66
42
64
60
62
6
-63
-102
-214
-299
-347
-403
-424
-514
-585
-655
-749
-731
-736
-688
-641
-642
-571
-555
-476
-325
-247
-134
-68
2
156
257
340
377
408
437
467
538
629
679
594
538
467
374
407
394
348
312
225
227
182
149
229
211
199
219
198
269
312
292
289
269
295
340
374
430
460
364
300
242
144
154
118
64
-46
-197
-249
-397
-515
-504
-570
-591
-632
-675
-655
-691
-683
-649
-585
-492
-434
-375
-259
-184
-145
-65
-38
78
237
332
395
405
393
432
482
583
1050
1491
1438
853
47
-348
-353
-165
-35
-212
-720
-1264
-1616
-1395
-587
129
599
327
-662
-1478
-857
97
856
864
694
450
-989
-304
1035
2096
2267
1985
1358
392
378
1003
1312
27
-33
-491
-1100
-867
-505
-287
-550
-1631
-1916
-1502
-1894
-819
-1206
-1846
-1707
-2311
-2034
-1466
-910
36
-108
-381
169
-204
524
1326
1298
1401
1547
1869
1648
1209
1238
1654
1543
1318
1675
1704
1305
913
678
247
-251
-236
-79
10
10
-146
-945
-1326
-1450
-1171
-415
-476
56
-129
-878
-904
-785
-704
-218
341
361
-144
-487
-183
-247
-311
-89
140
19
-147
29
25
-182
-391
-445
-412
-482
-198
-5
-71
-41
-356
-498
-462
-491
-363
-96
185
431
368
187
-184
-750
-549
26
761
1282
946
594
156
-498
-414
33
635
1502
1612
984
4
-440
-359
-111
575
1098
1303
904
195
-223
-348
-152
282
688
685
530
451
185
-334
-601
-395
-157
117
344
429
55
-450
-513
-570
-566
-236
408
417
179
-10
-476
-696
-632
-46
571
487
240
220
-263
-428
-279
-1
285
23
55
-121
-394
-332
-298
-366
-406
-423
-237
-157
-280
-201
-367
-442
-704
-563
46
247
316
190
-39
-208
-175
-116
130
399
545
459
89
-164
-193
-105
-175
-181
-48
-131
-399
-485
-552
-767
-886
-805
-640
-603
-545
-479
-695
-1079
-1133
-863
-571
-351
-86
137
-80
-348
-247
82
326
406
498
710
729
607
698
537
332
571
821
796
758
809
757
414
125
264
438
596
757
701
522
461
584
690
873
1213
1319
1015
805
784
897
1103
1256
1333
1089
616
319
222
131
134
15
-285
-615
-999
-1197
-1306
-1435
-1466
-1627
-1917
-2062
-1993
-1897
-1887
-1850
-1725
-1634
-1450
-1174
-944
-755
-633
-416
-135
95
398
829
1141
1191
1216
1226
1153
1124
1179
1300
1430
1455
1467
1415
1284
1330
1395
1413
1333
1215
1104
921
819
754
745
818
794
692
541
259
14
-62
-56
-89
-273
-597
-945
-1345
-1809
-2100
-2243
-2362
-2469
-2639
-2839
-2969
-3021
-3017
-2924
-2765
-2472
-2120
-1848
-1538
-1180
-878
-541
-165
225
632
1010
1298
1470
1608
1777
1923
2022
2106
2064
1928
1783
1582
1280
980
780
541
350
293
213
233
344
325
267
258
277
311
343
404
523
698
1021
1331
1493
1705
1867
1900
1794
1530
1274
1025
753
416
-3
-392
-725
-1053
-1422
-1860
-2281
-2605
-2897
-3168
-3261
-3148
-2972
-2784
-2586
-2407
-2162
-1788
-1389
-991
-568
-47
551
1045
1481
1924
2279
2516
2597
2647
2718
2744
2722
2620
2383
2048
1658
1266
830
246
-265
-705
-1162
-1498
-1773
-1979
-2052
-2009
-1813
-1690
-1677
-1511
-1233
-892
-474
4
527
1069
1635
2126
2439
2746
3139
3414
3459
3396
3260
3018
2718
2245
1595
998
446
-160
-832
-1512
-2093
-2613
-3123
-3545
-3879
-4074
-4193
-4283
-4331
-4305
-4061
-3673
-3208
-2646
-2089
-1511
-905
-378
132
682
1179
1615
2057
2433
2631
2744
2842
2822
2637
2347
2052
1710
1283
834
349
-84
-427
-783
-1136
-1425
-1532
-1415
-1369
-1478
-1499
-1320
-1026
-771
-476
-125
278
793
1264
1599
1981
2508
2943
3097
3061
2964
2825
2600
2218
1711
1232
809
307
-352
-983
-1526
-2063
-2510
-2971
-3380
-3568
-3664
-3697
-3709
-3647
-3374
-3030
-2683
-2227
-1703
-1097
-501
15
552
1091
1662
2231
2685
3022
3322
3542
3621
3519
3380
3246
2950
2539
2097
1601
1042
526
12
-546
-1024
-1466
-1855
-2182
-2412
-2355
-2134
-1966
-1905
-1764
-1394
-1012
-736
-429
-40
430
982
1517
1937
2371
2861
3192
3304
3243
3115
2970
2695
2192
1592
1085
617
57
-577
-1199
-1741
-2200
-2702
-3183
-3562
-3810
-3900
-3983
-3989
-3765
-3452
-3090
-2739
-2440
-2032
-1478
-912
-449
62
640
1148
1597
1988
2304
2601
2819
2843
2790
2665
2421
2108
1739
1339
872
465
96
-365
-766
-1090
-1392
-1569
-1603
-1518
-1492
-1555
-1539
-1398
-1157
-907
-587
-267
76
571
1044
1404
1831
2309
2661
2815
2823
2728
2563
2323
1911
1409
980
591
125
-386
-862
-1286
-1701
-2140
-2614
-2993
-3202
-3378
-3474
-3480
-3385
-3127
-2854
-2569
-2162
-1690
-1207
-726
-278
200
678
1138
1581
2011
2411
2733
2961
3094
3148
3107
2992
2785
2494
2124
1715
1265
793
378
-27
-460
-851
-1174
-1425
-1612
-1701
-1652
-1540
-1470
-1375
-1164
-930
-687
-387
-44
227
517
939
1340
1665
2014
2339
2529
2599
2568
2427
2204
1899
1472
984
519
75
-384
-828
-1190
-1542
-1872
-2202
-2540
-2757
-2929
-3060
-3073
-3006
-2861
-2614
-2295
-1954
-1575
-1197
-798
-355
40
433
868
1249
1559
1849
2098
2246
2342
2333
2235
2144
1926
1622
1300
946
586
254
-57
-376
-636
-841
-1024
-1174
-1220
-1215
-1219
-1179
-1118
-977
-786
-563
-324
-90
222
523
784
1037
1263
1499
1676
1722
1642
1523
1334
1054
721
347
23
-316
-703
-1075
-1407
-1700
-1977
-2209
-2414
-2563
-2627
-2692
-2657
-2503
-2308
-2036
-1746
-1391
-972
-531
-99
304
700
1072
1417
1733
2004
2220
2418
2534
2578
2551
2458
2350
2157
1869
1535
1188
818
415
19
-288
-546
-794
-1038
-1236
-1345
-1401
-1407
-1372
-1272
-1131
-950
-743
-533
-281
-32
222
469
723
952
1175
1382
1493
1558
1619
1619
1542
1421
1235
989
711
345
-47
-390
-725
-1028
-1285
-1513
-1675
-1816
-1923
-1977
-1993
-1934
-1813
-1671
-1486
-1275
-1046
-780
-519
-214
104
425
723
969
1207
1369
1480
1534
1563
1575
1544
1474
1360
1218
1025
840
664
519
383
294
254
175
38
-95
-131
-194
-249
-253
-227
-197
-141
-13
89
209
394
548
640
650
611
564
406
179
-68
-294
-527
-779
-1027
-1258
-1422
-1600
-1758
-1896
-1982
-2045
-2082
-2101
-2119
-2049
-1947
-1754
-1509
-1221
-853
-481
-131
180
496
854
1160
1400
1621
1811
1981
2072
2084
2077
2043
1977
1824
1605
1385
1119
817
473
89
-246
-516
-769
-990
-1182
-1356
-1476
-1556
-1635
-1659
-1589
-1466
-1291
-1098
-880
-634
-371
-107
189
500
797
1064
1276
1449
1580
1712
1820
1873
1893
1868
1804
1681
1508
1335
1125
889
621
358
133
-124
-383
-595
-792
-947
-1085
-1191
-1244
-1296
-1331
-1358
-1387
-1386
-1340
-1259
-1179
-1095
-952
-837
-734
-620
-494
-357
-258
-171
-119
-76
-20
5
34
87
129
138
181
211
248
287
317
391
457
531
602
712
839
968
1090
1189
1291
1393
1481
1527
1536
1546
1501
1433
1370
1292
1219
1088
939
748
480
233
-54
-368
-688
-988
-1279
-1575
-1819
-2005
-2121
-2229
-2276
-2260
-2224
-2163
-2027
-1881
-1720
-1490
-1268
-1015
-763
-476
-156
150
445
722
966
1161
1318
1437
1509
1512
1473
1384
1262
1114
935
752
547
323
78
-160
-387
-588
-776
-938
-1050
-1133
-1155
-1106
-1029
-910
-737
-550
-329
-92
154
379
609
829
1003
1183
1338
1491
1619
1666
1664
1631
1506
1324
1106
822
524
184
-162
-490
-830
-1116
-1347
-1569
-1743
-1858
-1962
-2018
-2026
-2006
-1923
-1799
-1640
-1441
-1194
-921
-603
-258
85
432
768
1060
1318
1553
1720
1835
1864
1879
1836
1738
1617
1436
1246
1013
783
523
252
-10
-301
-567
-808
-1027
-1227
-1374
-1487
-1537
-1538
-1482
-1374
-1221
-1009
-774
-535
-267
9
264
529
807
1058
1262
1479
1662
1803
1925
1978
2011
1995
1934
1849
1731
1560
1351
1135
866
615
363
114
-121
-365
-582
-792
-970
-1128
-1245
-1366
-1460
-1504
-1533
-1532
-1510
-1433
-1358
-1259
-1144
-1032
-916
-801
-698
-592
-506
-434
-325
-254
-183
-123
-59
-17
27
58
44
55
32
13
-17
-48
-80
-94
-104
-112
-78
-51
5
66
138
228
293
352
426
493
563
615
688
749
772
802
803
788
744
703
657
551
427
261
91
-98
-302
-486
-682
-861
-1021
-1154
-1262
-1336
-1356
-1372
-1327
-1241
-1135
-994
-838
-642
-466
-265
-42
178
422
663
865
1047
1214
1349
1448
1493
1495
1460
1387
1255
1084
914
721
510
279
55
-177
-386
-574
-783
-942
-1079
-1169
-1194
-1176
-1139
-1033
-878
-716
-510
-285
-30
216
472
711
942
1155
1322
1478
1575
1647
1692
1683
1652
1568
1420
1252
1046
771
515
218
-109
-395
-688
-947
-1193
-1363
-1502
-1608
-1640
-1642
-1582
-1495
-1383
-1235
-1088
-898
-690
-475
-235
7
221
422
621
785
937
1036
1077
1102
1060
975
855
715
547
337
155
-54
-256
-446
-612
-749
-889
-960
-1028
-1061
-1043
-1017
-937
-831
-680
-499
-320
-103
82
271
467
626
806
940
1035
1118
1160
1151
1131
1070
953
813
618
426
183
-68
-304
-554
-792
-1019
-1207
-1368
-1491
-1569
-1628
-1615
-1569
-1526
-1394
-1231
-1066
-871
-651
-412
-157
107
355
589
819
1029
1201
1341
1450
1507
1522
1480
1382
1258
1113
945
744
530
300
86
-143
-390
-609
-810
-948
-1109
-1245
-1296
-1343
-1337
-1283
-1174
-1004
-816
-594
-351
-96
191
494
741
968
1205
1398
1568
1698
1809
1881
1908
1885
1814
1711
1568
1418
1211
950
705
419
132
-167
-479
-731
-1000
-1217
-1385
-1520
-1594
-1633
-1634
-1595
-1530
-1445
-1312
-1182
-1027
-840
-668
-465
-260
-39
175
362
537
681
783
859
920
932
907
868
804
717
592
467
350
203
88
-24
-146
-235
-303
-341
-365
-353
-319
-282
-217
-170
-106
-17
69
169
272
381
451
517
573
602
613
617
608
542
455
337
206
41
-129
-307
-514
-686
-858
-1019
-1126
-1243
-1326
-1361
-1415
-1406
-1358
-1284
-1171
-1047
-900
-742
-538
-345
-141
73
272
466
625
775
904
1007
1075
1081
1072
1034
938
818
676
515
342
170
-17
-180
-327
-478
-601
-707
-784
-863
-894
-900
-874
-796
-702
-561
-395
-218
-19
186
388
592
785
955
1091
1224
1324
1383
1425
1422
1392
1322
1235
1132
987
834
672
465
250
49
-175
-372
-553
-718
-851
-971
-1036
-1072
-1080
-1063
-1029
-964
-866
-757
-645
-516
-386
-267
-126
-1
98
211
309
387
443
460
469
465
423
385
317
237
173
84
-2
-93
-184
-253
-310
-344
-362
-362
-361
-319
-261
-177
-75
33
149
269
379
485
593
672
755
822
877
908
911
897
863
803
728
617
503
356
176
12
-169
-351
-525
-679
-823
-946
-1064
-1162
-1213
-1253
-1265
-1263
-1229
-1140
-1051
-932
-792
-664
-513
-352
-204
-51
111
263
394
505
596
663
711
746
747
739
719
673
610
508
403
294
184
74
-45
-147
-233
-311
-384
-421
-451
-467
-449
-419
-384
-346
-281
-218
-152
-65
5
76
155
221
291
326
343
366
365
348
311
274
216
142
66
-22
-104
-186
-268
-339
-388
-421
-455
-480
-472
-449
-408
-353
-290
-218
-147
-57
32
116
212
290
381
446
498
552
575
590
581
570
534
478
410
331
268
177
85
10
-65
-128
-176
-216
-240
-255
-254
-222
-181
-132
-73
6
93
182
258
364
464
536
615
668
706
730
733
717
687
661
569
443
343
232
98
-38
-160
-299
-428
-564
-686
-780
-881
-938
-976
-1011
-1004
-982
-941
-858
-769
-666
-538
-407
-276
-143
-22
89
202
294
375
447
495
528
537
529
500
449
389
325
241
147
56
-39
-131
-207
-277
-337
-376
-412
-432
-430
-413
-366
-318
-259
-180
-102
10
104
202
300
375
443
493
527
534
526
516
482
433
374
291
209
104
-10
-131
-250
-375
-506
-599
-693
-782
-842
-881
-899
-901
-881
-836
-770
-689
-588
-474
-352
-228
-115
6
124
228
314
390
459
516
556
584
597
592
571
531
480
420
358
293
220
150
82
25
-16
-49
-66
-63
-32
-4
34
102
156
223
303
378
460
529
595
659
703
732
753
759
745
723
673
619
545
444
344
227
92
-38
-175
-303
-422
-524
-606
-685
-744
-790
-812
-809
-797
-770
-732
-683
-622
-551
-471
-380
-288
-191
-91
-7
66
124
161
193
204
199
193
157
117
66
8
-52
-111
-162
-196
-233
-263
-285
-292
-281
-254
-213
-173
-115
-40
38
134
239
352
481
593
696
784
857
911
945
960
944
900
836
754
643
523
385
247
114
-39
-192
-342
-494
-633
-774
-908
-1012
-1102
-1162
-1192
-1210
-1184
-1134
-1058
-962
-853
-718
-599
-468
-334
-202
-77
40
145
215
295
351
382
398
402
386
344
290
224
148
74
-4
-87
-162
-230
-287
-330
-364
-379
-373
-351
-303
-238
-157
-54
59
185
313
450
580
695
816
899
970
1022
1050
1054
1042
1017
957
894
805
695
583
439
297
154
-7
-165
-308
-445
-568
-672
-752
-802
-834
-834
-809
-760
-693
-614
-522
-416
-302
-194
-80
39
145
244
331
390
440
474
481
473
463
426
378
317
238
167
97
18
-50
-128
-212
-265
-319
-366
-374
-364
-346
-307
-252
-170
-71
43
185
305
367
450
530
531
550
571
536
507
476
400
339
286
210
150
53
-62
-168
-316
-450
-578
-729
-827
-903
-990
-1013
-992
-968
-876
-765
-657
-509
-373
-249
-97
14
105
207
276
327
396
433
465
509
515
514
508
463
402
336
227
116
-3
-137
-256
-361
-460
-542
-588
-613
-615
-597
-555
-490
-415
-309
-202
-100
19
130
238
352
466
561
652
717
762
790
787
769
727
664
575
473
350
223
92
-47
-178
-308
-430
-547
-650
-741
-817
-859
-887
-889
-863
-817
-751
-657
-547
-419
-271
-132
13
156
286
396
506
600
666
725
762
774
784
767
741
702
640
562
476
383
289
192
89
2
-80
-155
-206
-247
-281
-293
-287
-266
-237
-200
-146
-72
-2
81
166
246
324
386
445
493
520
522
507
476
427
365
295
211
134
43
-51
-130
-218
-302
-386
-471
-542
-607
-669
-707
-725
-733
-709
-661
-618
-540
-442
-350
-238
-128
-27
80
176
252
321
377
421
450
459
461
449
411
372
317
248
177
104
19
-65
-144
-222
-291
-360
-412
-454
-483
-507
-505
-486
-458
-410
-359
-290
-211
-130
-42
36
110
177
240
286
321
350
354
344
324
285
242
193
129
60
-9
-83
-160
-230
-299
-362
-410
-459
-496
-517
-532
-531
-515
-485
-437
-380
-314
-228
-138
-47
49
147
236
317
389
439
481
507
514
509
490
460
425
375
326
281
227
177
122
62
12
-36
-77
-115
-144
-162
-173
-172
-160
-128
-85
-37
28
95
161
241
311
378
444
492
529
558
569
573
561
526
489
445
389
336
276
219
160
100
39
-17
-74
-130
-181
-228
-273
-309
-343
-364
-373
-367
-348
-319
-277
-224
-165
-110
-56
-14
24
55
76
85
83
73
52
30
7
-10
-34
-68
-97
-129
-163
-204
-250
-289
-333
-375
-414
-453
-479
-499
-510
-505
-487
-465
-427
-380
-337
-286
-231
-182
-136
-89
-39
0
34
63
88
109
129
142
152
169
170
169
169
160
142
128
108
82
62
44
30
16
11
3
4
14
32
60
83
113
142
173
202
230
257
279
307
323
340
361
370
378
383
370
354
329
298
263
216
167
111
50
-4
-64
-129
-181
-233
-279
-321
-362
-393
-420
-441
-457
-461
-466
-452
-432
-415
-386
-353
-313
-264
-216
-169
-117
-65
-14
30
75
115
147
176
193
210
223
233
245
256
257
266
273
272
270
258
253
248
235
225
218
217
215
219
225
233
243
253
260
261
263
265
263
253
242
226
208
184
172
152
128
109
83
52
25
-13
-55
-85
-124
-161
-197
-233
-259
-279
-303
-314
-325
-336
-338
-339
-339
-330
-324
-312
-298
-281
-270
-252
-237
-222
-203
-187
-171
-155
-142
-131
-118
-108
-97
-86
-82
-74
-64
-62
-59
-61
-60
-53
-47
-41
-32
-19
-5
13
28
41
56
68
81
92
101
109
120
127
130
138
138
144
140
137
124
113
99
82
64
41
23
2
-13
-34
-51
-67
-82
-94
-103
-115
-121
-125
-128
-129
-121
-115
-109
-96
-87
-74
-62
-46
-35
-23
-15
-2
5
19
33
41
59
73
85
96
105
115
116
122
130
128
131
138
145
159
176
181
191
200
206
214
216
217
216
211
207
206
207
205
211
213
205
205
195
181
161
141
119
99
74
48
28
3
-15
-31
-46
-58
-71
-85
-94
-105
-121
-136
-147
-162
-170
-177
-181
-180
-176
-175
-174
-169
-165
-160
-154
-152
-147
-141
-138
-132
-125
-116
-102
-89
-76
-66
-55
-45
-33
-19
-9
4
12
16
22
24
24
25
19
16
13
9
3
0
-7
-17
-23
-35
-46
-57
-67
-77
-82
-89
-99
-102
-105
-107
-109
-106
-100
-95
-89
-85
-84
-75
-67
-62
-53
-48
-41
-35
-30
-26
-21
-22
-23
-20
-23
-24
-30
-33
-32
-29
-28
-26
-24
-23
-15
-10
-2
4
18
29
45
59
77
98
115
133
148
161
171
180
189
197
202
209
212
213
210
204
199
190
179
166
147
133
118
101
86
73
62
51
45
36
28
24
20
15
11
3
-2
-1
1
2
3
7
7
9
9
3
1
-2
-8
-21
-32
-38
-49
-58
-68
-73
-80
-85
-92
-100
-104
-107
-108
-109
-106
-102
-93
-85
-74
-59
-46
-34
-17
-4
5
16
24
32
40
45
48
48
47
48
45
40
36
28
23
18
12
1
-6
-7
-13
-17
-21
-24
-24
-23
-17
-13
-11
-7
1
7
12
18
21
25
25
20
14
3
-11
-26
-41
-60
-76
-99
-121
-139
-160
-181
-199
-218
-238
-250
-266
-277
-285
-290
-286
-277
-264
-247
-231
-209
-184
-156
-127
-95
-60
-28
5
36
63
88
115
138
155
175
191
203
214
221
223
221
217
213
204
197
192
186
176
166
157
155
148
139
136
131
130
127
126
130
132
137
136
133
131
128
123
122
115
107
101
90
77
55
36
18
-5
-27
-49
-72
-96
-116
-134
-150
-161
-171
-176
-178
-180
-182
-174
-167
-155
-141
-126
-104
-83
-63
-36
-6
17
47
76
97
117
133
149
161
171
176
183
189
187
186
179
172
162
147
133
119
103
86
69
51
35
25
10
-2
-12
-20
-32
-41
-49
-56
-62
-71
-77
-82
-85
-89
-96
-101
-109
-116
-125
-136
-144
-154
-166
-178
-190
-200
-210
-219
-228
-239
-244
-247
-253
-252
-250
-245
-240
-234
-224
-212
-203
-186
-169
-152
-133
-113
-93
-72
-53
-32
-10
11
30
50
64
79
97
110
122
131
140
148
156
160
164
170
175
179
184
190
191
197
197
201
201
198
197
196
192
192
189
185
185
179
171
163
156
144
136
123
107
89
72
56
39
23
8
-5
-23
-37
-49
-62
-74
-80
-90
-95
-98
-101
-104
-107
-107
-102
-98
-92
-85
-78
-68
-55
-45
-35
-26
-14
-2
7
14
19
23
27
34
43
50
58
65
69
73
74
77
81
81
82
84
81
81
82
82
81
80
81
75
70
60
51
45
30
18
4
-12
-29
-43
-62
-79
-95
-109
-126
-140
-154
-169
-185
-201
-211
-219
-223
-226
-228
-225
-222
-215
-204
-197
-187
-173
-157
-146
-130
-119
-104
-84
-68
-53
-39
-21
-7
4
17
25
37
44
50
52
55
61
62
64
67
72
74
76
79
78
81
83
86
89
90
90
91
93
92
93
94
91
89
92
88
85
80
75
70
65
61
51
41
30
17
3
-6
-14
-24
-36
-42
-47
-54
-59
-61
-66
-69
-71
-70
-71
-68
-65
-59
-51
-41
-30
-18
-9
-1
11
21
30
38
47
54
64
72
79
85
90
96
99
101
102
103
102
101
99
94
91
88
86
83
78
71
66
60
53
42
37
31
22
16
7
2
-5
-15
-19
-27
-35
-43
-50
-59
-67
-73
-77
-82
-88
-90
-93
-93
-96
-98
-99
-99
-99
-97
-95
-96
-89
-86
-82
-74
-71
-63
-58
-53
-45
-40
-34
-27
-19
-8
-3
2
8
16
22
29
34
39
44
47
49
53
57
62
66
69
70
73
76
74
73
71
70
64
63
61
56
55
50
45
38
32
28
19
13
3
-5
-12
-21
-28
-38
-47
-55
-62
-71
-79
-85
-93
-102
-108
-115
-122
-123
-126
-131
-131
-127
-124
-121
-118
-112
-106
-102
-93
-81
-68
-55
-46
-35
-23
-7
10
25
40
59
72
81
96
110
126
139
152
163
173
181
185
189
193
195
197
197
197
196
192
189
185
182
172
162
151
141
129
114
101
87
72
55
40
26
9
-8
-23
-41
-55
-70
-87
-99
-110
-123
-136
-150
-161
-170
-178
-185
-189
-192
-194
-196
-198
-199
-199
-199
-194
-188
-180
-172
-165
-155
-144
-138
-127
-115
-102
-87
-73
-58
-45
-29
-13
4
16
30
44
57
70
84
96
108
118
127
134
142
145
149
154
157
157
159
158
154
151
144
137
128
123
117
107
101
90
82
68
55
47
34
22
7
-6
-19
-27
-34
-48
-58
-63
-75
-85
-93
-101
-107
-113
-116
-119
-122
-124
-125
-127
-129
-126
-126
-125
-123
-120
-115
-109
-103
-95
-89
-77
-66
-58
-49
-41
-31
-19
-8
2
13
23
34
45
55
64
76
88
99
112
116
122
129
129
132
133
136
139
138
139
137
133
126
123
122
117
112
105
99
90
83
72
64
55
49
42
32
21
12
4
-6
-13
-22
-29
-39
-48
-58
-64
-70
-80
-86
-87
-89
-94
-97
-99
-100
-103
-106
-105
-103
-102
-100
-94
-88
-85
-80
-75
-68
-62
-57
-52
-46
-41
-31
-24
-17
-11
-2
4
8
13
17
19
25
36
37
38
41
45
44
44
44
45
45
47
45
45
44
40
39
34
31
29
25
24
20
15
9
2
-3
-4
-8
-14
-17
-23
-26
-29
-34
-36
-35
-40
-43
-46
-50
-52
-57
-60
-58
-58
-59
-60
-56
-56
-51
-50
-51
-45
-38
-30
-25
-24
-21
-15
-8
0
8
13
21
27
33
44
51
57
63
65
67
69
67
67
68
69
72
72
71
72
69
66
60
56
52
48
43
40
39
33
30
24
19
15
12
8
0
-6
-9
-11
-13
-12
-15
-14
-15
-15
-18
-22
-23
-23
-20
-21
-18
-14
-16
-12
-12
-9
-7
-3
-1
4
8
10
13
12
14
16
18
19
23
26
25
27
27
28
27
29
30
31
29
26
23
19
16
13
11
9
6
1
-1
-8
-14
-20
-27
-30
-33
-37
-45
-48
-54
-63
-68
-75
-76
-79
-84
-87
-89
-94
-101
-103
-104
-105
-107
-107
-104
-105
-105
-104
-104
-100
-95
-89
-82
-77
-74
-68
-60
-55
-44
-35
-25
-13
-2
8
16
26
36
46
57
70
78
86
94
102
111
117
128
136
143
147
151
156
156
159
160
161
160
161
159
157
155
151
147
141
135
127
117
106
93
80
70
57
46
35
26
13
1
-9
-26
-38
-52
-65
-77
-87
-98
-109
-119
-129
-135
-141
-148
-153
-159
-163
-167
-170
-171
-171
-169
-165
-163
-159
-155
-152
-147
-140
-131
-123
-115
-102
-90
-81
-70
-58
-43
-31
-15
-2
9
20
32
43
53
65
76
88
99
109
119
126
136
146
150
157
163
167
169
167
166
167
165
164
161
158
153
149
144
139
133
122
113
103
92
79
66
57
42
27
17
4
-7
-22
-33
-47
-62
-73
-83
-95
-109
-120
-129
-141
-150
-157
-161
-165
-169
-174
-179
-182
-184
-186
-184
-184
-181
-175
-172
-170
-161
-154
-146
-135
-125
-113
-103
-90
-78
-66
-51
-38
-26
-10
4
14
26
37
49
64
78
91
104
115
125
134
141
148
153
159
164
165
166
168
171
171
170
167
164
158
152
148
142
133
124
116
106
98
88
78
66
53
44
32
19
7
-4
-15
-23
-35
-44
-56
-65
-73
-80
-89
-95
-99
-102
-105
-108
-112
-114
-113
-115
-114
-113
-113
-111
-110
-106
-101
-93
-87
-80
-72
-65
-59
-49
-43
-38
-32
-25
-16
-10
-2
7
15
20
27
34
39
48
55
61
64
69
74
78
79
80
81
82
85
86
85
86
84
82
81
78
74
70
67
60
54
47
40
35
30
25
17
7
1
-6
-14
-21
-29
-36
-44
-49
-57
-63
-69
-75
-77
-82
-85
-88
-93
-93
-96
-98
-100
-98
-101
-102
-100
-96
-93
-90
-86
-84
-77
-71
-64
-61
-54
-47
-40
-32
-25
-18
-8
1
6
13
19
25
31
37
45
49
57
60
65
70
73
78
82
84
84
84
85
83
83
85
84
80
77
72
68
63
58
56
53
52
47
45
41
33
30
28
22
18
15
11
10
4
2
-3
-6
-6
-11
-13
-15
-16
-17
-16
-18
-19
-17
-17
-19
-20
-20
-22
-24
-23
-23
-24
-22
-20
-20
-21
-22
-22
-21
-20
-19
-19
-17
-18
-19
-20
-19
-16
-16
-17
-16
-16
-16
-15
-14
-12
-13
-13
-13
-13
-11
-12
-10
-8
-8
-7
-8
-8
-8
-7
-6
-6
-3
-5
-5
-5
-3
-4
-3
0
-1
0
-2
-3
-3
-1
-3
-2
0
1
2
2
4
4
5
5
6
6
6
6
6
4
4
5
6
8
7
5
4
3
3
2
1
0
0
-1
-3
-2
-1
-1
1
-1
-2
-2
-4
-3
-6
-6
-7
-7
-7
-9
-7
-7
-10
-10
-10
-12
-11
-10
-12
-8
-10
-10
-8
-8
-6
-4
-1
-1
-2
-1
0
0
0
2
3
5
8
8
11
12
14
16
16
18
19
21
22
25
26
26
24
23
23
23
25
23
23
24
24
25
24
23
23
22
22
22
19
17
16
16
14
13
10
9
8
4
2
-2
-1
-3
-5
-6
-9
-13
-12
-10
-13
-15
-15
-16
-19
-21
-21
-20
-20
-21
-21
-20
-21
-22
-23
-22
-21
-21
-20
-19
-17
-18
-15
-14
-14
-13
-14
-14
-15
-15
-14
-12
-10
-10
-11
-10
-11
-11
-10
-12
-9
-8
-9
-8
-9
-8
-6
-4
-5
-4
-6
-8
-6
-6
-7
-3
0
2
3
2
3
5
2
1
2
3
3
1
1
-1
1
1
3
5
5
5
4
3
4
4
3
5
5
3
3
4
4
5
6
7
8
7
7
7
8
8
9
10
10
11
8
8
7
7
6
7
8
8
9
8
12
12
12
13
13
11
14
12
12
13
13
14
13
16
17
17
18
17
17
16
18
16
15
16
11
9
8
7
5
4
4
2
0
-4
-4
-4
-6
-7
-7
-8
-9
-11
-12
-9
-7
-8
-10
-11
-8
-9
-9
-9
-10
-11
-12
-12
-9
-12
-12
-12
-11
-8
-9
-7
-8
-7
-9
-10
-10
-9
-8
-7
-5
-6
-7
-7
-8
-7
-7
-6
-6
-5
-5
-4
-4
-4
-5
-4
-5
-3
-4
-5
-4
-2
-2
-2
-2
-5
-3
-6
-7
-7
-7
-6
-8
-8
-7
-5
-5
-5
-5
-6
-4
-4
-3
-5
-5
-4
-3
-1
0
2
2
2
0
-1
0
0
1
0
1
3
2
3
4
4
4
4
3
5
5
2
1
3
6
9
8
9
10
9
10
8
9
8
9
9
8
9
9
10
10
9
11
10
10
10
9
6
7
7
7
7
6
7
8
7
8
6
6
4
6
7
7
8
9
10
13
12
11
9
9
7
4
4
4
3
2
3
3
3
5
5
4
3
0
0
0
-3
-1
-1
-2
-1
0
1
-1
-2
-1
0
-1
-2
-4
-5
-6
-5
-6
-7
-6
-7
-5
-8
-5
-3
-6
-8
-9
-10
-11
-14
-14
-13
-15
-14
-16
-16
-16
-18
-17
-19
-20
-19
-18
-17
-17
-19
-17
-15
-16
-14
-14
-12
-10
-13
-11
-11
-10
-10
-9
-8
-4
-4
-5
-2
-1
-3
-1
-2
-2
0
-1
-2
1
3
4
6
9
10
9
9
10
10
10
9
12
11
12
16
17
17
16
15
15
16
14
14
13
12
12
11
11
10
9
9
10
9
7
7
6
4
3
4
2
4
5
3
2
2
2
3
3
2
2
3
1
3
3
3
5
3
2
1
1
1
4
5
5
5
4
4
0
2
0
2
2
1
2
4
4
2
3
4
3
3
3
2
2
2
3
8
9
9
10
8
7
7
6
4
5
4
0
1
1
0
0
0
0
1
-1
-4
-8
-9
-11
-11
-11
-11
-11
-10
-12
-14
-12
-14
-16
-14
-14
-16
-17
-16
-15
-16
-16
-15
-14
-14
-13
-13
-14
-12
-13
-13
-13
-14
-16
-12
-11
-12
-11
-12
-11
-11
-10
-8
-9
-7
-5
-8
-8
-5
-4
-4
-2
1
3
1
3
4
5
7
4
5
4
5
5
5
8
8
10
10
9
11
10
11
10
11
11
11
10
9
11
11
12
11
13
14
14
14
12
13
11
11
11
13
13
12
12
12
12
9
10
8
9
8
7
5
5
5
4
3
3
3
2
1
2
-1
-3
-3
-3
-2
0
-2
-1
-1
-1
-1
0
0
-1
0
1
1
0
0
-2
-1
-1
0
0
2
2
1
1
0
1
0
0
1
0
-1
-2
0
1
-1
0
0
-1
-1
-2
-2
-3
-4
-4
-4
-5
-4
-4
-5
-5
-3
-2
-2
-2
-2
-2
-3
-4
-4
-5
-5
-6
-6
-7
-7
-7
-8
-8
-7
-9
-9
-7
-8
-9
-9
-12
-11
-12
-13
-12
-12
-13
-14
-14
-12
-13
-14
-14
-14
-14
-14
-13
-15
-13
-13
-12
-11
-9
-6
-7
-5
-4
-3
-3
-2
-1
-2
-1
0
1
2
4
5
7
7
9
8
10
9
8
9
11
12
13
15
15
17
15
15
16
16
16
16
18
17
19
20
19
17
18
20
21
21
21
19
18
17
15
13
12
13
11
11
10
8
7
6
6
4
4
2
3
3
1
1
0
0
-1
-2
-3
-4
-5
-5
-3
-4
-5
-4
-5
-7
-7
-7
-9
-8
-6
-6
-8
-7
-6
-8
-6
-7
-7
-8
-6
-6
-7
-6
-8
-6
-8
-7
-7
-9
-7
-7
-9
-9
-8
-8
-7
-5
-6
-8
-9
-8
-9
-6
-5
-5
-4
-4
-3
-7
-7
-4
-7
-8
-8
-8
-6
-7
-7
-6
-3
-3
-3
-3
-1
-2
0
-1
-1
0
-1
0
2
3
2
3
1
0
-4
-4
-3
-3
-1
0
1
1
1
1
1
0
1
2
1
0
0
-1
-1
1
2
2
2
3
1
0
1
1
3
1
3
3
2
2
1
1
1
2
1
0
3
0
1
3
5
6
7
6
8
8
7
8
7
8
9
10
10
10
8
8
9
9
8
9
9
10
10
8
11
11
12
11
12
10
9
8
7
6
6
6
7
5
5
5
4
2
1
0
0
-3
-4
-1
-1
0
0
0
-1
0
-2
-1
-4
-3
-5
-6
-5
-6
-5
-5
-5
-6
-6
-5
-7
-6
-8
-8
-9
-10
-7
-8
-7
-7
-9
-8
-9
-9
-8
-8
-8
-9
-8
-10
-9
-10
-9
-7
-6
-7
-7
-9
-8
-8
-8
-7
-8
-7
-7
-5
-5
-3
-4
-4
-2
-3
-2
-2
-1
-3
-3
-2
-3
-1
1
0
0
0
1
3
2
3
2
1
0
1
0
-1
0
-2
-2
0
-3
-1
-2
-1
-3
-3
-1
-3
-1
-1
0
-1
3
2
2
5
6
7
8
7
7
5
5
5
6
4
7
6
8
7
8
9
8
8
6
6
8
8
7
6
6
6
4
7
7
7
9
9
11
9
11
12
10
11
9
10
11
11
11
12
12
11
11
7
6
4
3
2
0
2
0
-1
-1
0
1
2
-1
0
-1
-5
-5
-6
-7
-9
-8
-7
-7
-7
-6
-4
-4
-5
-4
-4
-5
-4
-5
-4
-5
-5
-5
-6
-5
-3
-6
-4
-5
-5
-6
-6
-5
-8
-8
-6
-5
-6
-8
-8
-9
-9
-8
-10
-8
-8
-10
-10
-11
-9
-8
-9
-9
-9
-8
-7
-7
-7
-5
-8
-8
-8
-10
-10
-8
-7
-6
-5
-6
-6
-4
-4
-5
-5
-4
-3
-2
-1
0
1
2
5
4
5
7
7
5
7
6
7
8
8
10
9
8
10
11
10
10
7
6
7
5
6
10
8
9
8
8
9
7
6
4
6
4
6
7
6
10
9
8
9
8
6
7
6
6
5
5
5
6
5
5
5
5
4
3
3
3
4
4
5
5
6
5
4
5
4
5
4
4
3
3
4
4
3
2
2
2
-1
-2
-3
-3
-4
-4
-3
-4
-2
-3
-4
-4
-4
-4
-5
-5
-5
-6
-6
-6
-6
-5
-4
-4
-6
-6
-7
-9
-7
-5
-4
-2
-3
-2
-3
-2
-2
-5
-5
-5
-6
-4
-4
-3
-4
-2
-3
-3
-3
-5
-5
-5
-6
-8
-11
-11
-10
-12
-12
-11
-9
-11
-12
-9
-11
-11
-11
-11
-12
-11
-8
-7
-6
-5
-5
-5
-4
-6
-4
-3
-2
-3
-1
2
2
3
4
4
4
2
2
1
1
1
1
3
4
5
6
5
5
7
8
8
5
5
3
3
5
7
7
9
10
11
13
12
13
11
11
11
11
13
12
12
12
13
12
13
13
12
12
11
13
11
10
10
10
8
8
9
7
9
10
11
10
10
9
6
6
7
6
4
6
5
6
6
7
6
5
3
1
-1
-3
-4
-5
-2
-2
-2
-2
-3
-3
-4
-4
-6
-8
-10
-9
-11
-12
-10
-10
-11
-11
-11
-15
-15
-16
-19
-19
-16
-17
-18
-16
-17
-17
-16
-14
-14
-15
-13
-13
-13
-13
-11
-12
-11
-8
-6
-6
-6
-5
-5
-6
-5
-6
-4
-4
-4
-3
-3
-3
-1
0
0
0
1
1
1
2
1
3
3
3
3
5
6
6
8
7
6
7
6
7
7
9
9
9
9
7
7
7
6
6
7
7
7
7
7
6
7
6
4
3
2
1
2
0
1
2
-1
-1
-3
-4
-4
-2
0
1
1
1
1
2
1
0
1
1
1
3
4
5
7
7
9
10
10
12
10
8
8
10
10
12
11
11
12
13
13
11
10
11
9
10
8
7
7
4
4
4
4
5
4
3
1
2
1
0
-2
-2
-2
0
-1
-2
-1
-5
-6
-7
-8
-7
-6
-7
-9
-9
-9
-9
-11
-13
-13
-16
-18
-16
-17
-17
-15
-14
-14
-12
-13
-14
-15
-16
-15
-16
-16
-14
-13
-9
-8
-7
-6
-5
-4
-4
-3
-4
-4
-5
-5
-2
-3
-2
-1
0
0
-1
0
-1
0
1
1
0
0
1
4
4
3
4
5
5
5
3
4
5
4
6
5
9
8
7
8
6
6
5
8
6
6
7
8
7
7
8
8
8
7
5
4
4
4
4
3
1
3
3
1
0
-2
-1
-1
-2
0
1
-1
-1
-2
-2
-1
-1
1
0
3
2
3
6
5
6
6
5
2
4
7
6
6
7
8
9
7
7
6
6
4
4
1
1
2
3
5
6
5
3
5
1
0
0
-1
-3
-4
-5
-4
-3
-3
-3
-1
-1
-3
-2
-3
-3
-5
-7
-5
-5
-5
-5
-4
-3
-2
-1
-2
-2
-3
-1
-1
2
2
1
2
1
1
0
2
0
-1
-3
-3
-3
-3
-2
-3
-4
-4
-6
-6
-5
-6
-8
-8
-8
-9
-10
-11
-11
-11
-12
-15
-15
-15
-13
-12
-12
-11
-11
-8
-8
-9
-8
-6
-6
-6
-5
-2
-3
-3
-3
-2
-3
-2
-3
-2
-1
-2
1
0
0
0
-1
1
3
4
5
6
7
7
8
9
9
8
8
9
11
11
12
12
13
13
14
12
11
11
10
11
12
10
10
12
10
7
7
7
5
6
5
7
7
5
4
6
5
7
8
6
6
6
6
5
4
5
6
7
7
6
6
5
4
5
3
3
4
2
3
3
2
2
0
-1
-1
-1
-2
-1
-2
-3
-3
-3
-3
-6
-6
-4
-5
-7
-9
-7
-7
-9
-9
-8
-9
-9
-8
-9
-13
-10
-10
-7
-7
-6
-6
-6
-8
-9
-8
-9
-9
-11
-11
-11
-9
-8
-6
-5
-4
-2
-4
-7
-5
-4
-7
-6
-7
-6
-7
-7
-6
-8
-8
-8
-10
-12
-10
-10
-11
-9
-7
-6
-7
-6
-4
-4
-5
-3
-2
-3
-1
0
0
2
3
3
5
5
8
8
8
9
7
8
9
11
9
10
11
11
12
11
12
12
14
12
11
10
11
12
12
14
13
12
13
13
13
13
13
14
13
9
10
9
9
10
8
6
4
3
3
2
1
-1
-2
-3
-3
-4
-5
-3
-3
-3
-2
-2
-3
-3
-2
-3
-4
-5
-6
-5
-4
-3
-4
-2
-1
0
2
0
0
0
0
1
-1
-1
-1
0
1
1
-1
0
0
0
0
-1
0
1
0
-3
-6
-5
-6
-6
-7
-6
-7
-8
-8
-8
-7
-8
-8
-7
-8
-8
-6
-5
-7
-7
-5
-5
-6
-2
-4
-4
-3
-4
-3
-3
-3
-2
-3
-4
-4
-4
-5
-3
-4
-6
-5
-5
-4
-4
-5
-6
-6
-6
-5
-6
-6
-6
-6
-5
-6
-4
-4
-6
-4
-4
-4
-4
-3
-2
-1
-1
-2
-1
-1
0
3
2
2
3
5
6
5
5
5
4
6
8
8
9
11
10
10
10
12
12
14
14
14
14
12
13
12
15
14
15
17
16
16
15
13
12
10
10
8
9
7
8
8
7
7
6
3
3
2
1
2
2
2
0
0
-1
-3
-3
-3
-3
-3
-3
-4
-5
-4
-3
-5
-6
-6
-7
-8
-6
-6
-6
-6
-7
-6
-6
-5
-6
-5
-6
-7
-7
-9
-9
-8
-8
-7
-7
-6
-7
-6
-7
-7
-8
-8
-6
-6
-5
-4
-3
-4
-5
-4
-3
-3
-5
-5
-5
-5
-5
-6
-5
-5
-4
-2
-4
-3
-3
-5
-4
-5
-5
-6
-5
-4
-4
-4
-3
-3
-2
-1
-2
-1
0
-1
-3
-5
-1
-1
0
-1
0
2
2
1
0
1
-2
-1
-2
-2
-2
-2
-1
-2
-1
0
2
2
3
6
5
4
5
3
2
3
2
3
6
5
5
7
7
8
9
8
8
8
7
7
7
8
8
8
9
10
10
10
10
11
12
12
13
13
15
15
15
17
17
16
16
13
12
10
8
9
8
6
5
5
7
5
4
5
4
3
2
1
-1
-1
-2
-2
-1
-1
-2
-2
-2
-6
-6
-8
-7
-9
-12
-12
-12
-13
-14
-14
-15
-15
-15
-14
-15
-17
-16
-15
-15
-15
-15
-16
-15
-13
-13
-12
-12
-13
-12
-12
-12
-12
-12
-11
-12
-10
-10
-9
-7
-5
-6
-5
-5
-4
-3
-4
-4
-2
-2
-2
-1
0
3
4
5
5
5
7
6
5
6
5
5
7
7
8
9
10
10
10
9
8
7
8
6
6
4
5
5
4
6
5
6
6
6
4
4
1
1
0
-1
1
2
2
1
-1
1
-2
-3
-1
-2
-3
-3
-2
-2
-1
1
1
2
2
3
4
2
4
4
1
2
3
4
3
3
6
4
3
6
6
6
7
5
6
7
8
7
7
8
8
9
10
12
11
10
10
9
9
7
6
6
6
8
8
10
11
9
10
9
7
5
4
3
2
1
-1
-2
-2
0
0
0
-1
-2
-3
-3
-4
-5
-6
-6
-6
-9
-11
-12
-12
-12
-11
-11
-13
-14
-16
-17
-17
-19
-19
-20
-21
-21
-21
-21
-21
-20
-19
-20
-21
-20
-20
-16
-14
-13
-12
-12
-12
-12
-12
-12
-11
-10
-8
-8
-6
-6
-5
-3
-1
2
1
2
3
3
5
6
7
7
9
8
10
12
12
12
13
13
12
11
11
11
11
12
12
13
15
14
15
15
16
14
12
13
10
9
10
10
10
9
10
8
8
9
9
9
9
10
8
7
6
4
5
6
6
6
8
7
6
6
5
3
1
0
0
0
-1
0
0
0
-2
-1
-2
-2
-3
-2
-1
-1
-2
-1
-2
-2
1
2
2
4
3
2
3
3
2
2
3
2
2
2
2
3
2
2
2
1
2
2
1
1
0
0
0
0
0
-1
-3
-3
-5
-5
-8
-9
-8
-9
-8
-10
-10
-12
-12
-12
-13
-13
-14
-15
-16
-17
-19
-18
-17
-16
-17
-16
-15
-16
-16
-17
-16
-14
-14
-13
-13
-12
-12
-9
-9
-8
-9
-9
-9
-9
-7
-6
-6
-5
-4
-3
-3
-1
0
1
1
2
3
4
3
4
5
7
9
11
11
10
10
11
12
13
13
14
13
13
12
12
13
14
15
15
17
17
16
16
15
16
15
14
13
10
10
10
11
11
13
13
12
13
14
15
12
12
11
11
12
9
8
7
6
6
6
4
2
1
1
-1
-2
-2
-5
-7
-5
-4
-7
-6
-5
-5
-5
-5
-5
-4
-5
-7
-4
-4
-4
-3
-4
-3
-3
-2
-2
-3
-4
-3
-5
-4
-4
-5
-3
-4
-5
-5
-6
-4
-5
-5
-3
-3
-5
-5
-5
-4
-2
-3
-1
-3
-2
-1
-2
-4
-4
-4
-6
-7
-8
-6
-6
-7
-6
-7
-7
-8
-9
-9
-9
-9
-8
-7
-6
-6
-6
-5
-5
-3
-5
-6
-5
-7
-8
-10
-12
-11
-12
-12
-11
-10
-10
-9
-8
-8
-7
-9
