-14
-14
-14
-14
-13
-13
-14
-14
-14
-13
-15
-14
-14
-12
-15
-16
-17
-16
-14
-14
-13
-13
-14
-14
-11
-12
-11
-11
-10
-9
-10
-10
-11
-9
-8
-5
-7
-6
-5
-6
-5
-4
-4
-4
-4
-6
-3
-3
-2
-2
0
1
2
6
7
8
8
8
8
10
11
11
11
13
14
15
15
18
17
17
19
18
19
18
17
15
14
14
13
14
11
10
8
9
8
8
6
2
3
3
3
0
1
2
1
2
1
1
3
2
5
6
3
1
0
1
1
-1
-1
0
-1
0
0
-1
-1
-1
-2
-2
-1
-1
-1
-3
-4
-4
-5
-6
-3
-3
-3
-2
-2
1
3
3
5
5
6
8
9
9
7
7
7
6
4
4
6
5
6
5
2
3
2
0
0
-2
-1
-2
-3
-1
-3
-3
-2
-4
-4
-5
-5
-6
-6
-5
-7
-8
-9
-7
-9
-9
-9
-10
-12
-13
-15
-18
-20
-19
-18
-18
-17
-19
-19
-18
-17
-18
-19
-19
-17
-16
-13
-13
-12
-8
-7
-6
-7
-7
-10
-6
-4
-7
-5
-4
-2
-2
-1
-2
1
1
3
4
6
6
7
8
8
10
9
9
9
10
11
12
13
14
12
13
14
12
11
11
11
12
14
16
14
15
15
15
14
13
12
11
11
12
14
13
14
13
15
16
16
13
14
13
11
12
10
6
7
9
10
11
8
8
8
6
5
5
3
2
2
2
0
-1
-3
-2
-3
-4
-5
-7
-9
-11
-13
-16
-17
-15
-15
-13
-15
-14
-15
-12
-11
-12
-11
-11
-13
-11
-11
-10
-11
-9
-7
-6
-5
-7
-2
-3
-2
-4
-2
-3
0
1
1
1
0
4
2
2
0
2
1
1
1
-1
-1
-5
-3
-6
-6
-6
-7
-7
-8
-9
-8
-9
-8
-11
-9
-7
-6
-6
-7
-7
-8
-6
-5
-4
-5
-3
-3
-3
-4
-5
-3
-2
0
0
0
4
5
1
3
1
1
1
1
0
-2
-2
-1
0
2
4
4
5
6
8
8
8
7
7
8
8
7
7
10
11
11
12
14
13
10
8
7
5
5
5
6
6
7
8
9
11
11
11
9
9
7
6
6
3
3
3
3
2
5
7
7
6
7
6
4
2
2
1
0
1
0
-1
-1
-2
-1
-3
-4
-5
-7
-8
-8
-7
-5
-5
-3
0
-1
-2
-3
-4
-4
-5
-6
-8
-6
-8
-8
-7
-9
-8
-7
-6
-5
-4
-3
-5
-6
-8
-6
-4
-2
-2
-3
-1
-2
-1
-4
-5
-3
-4
-5
-2
-2
0
2
3
3
3
5
5
3
4
4
1
1
0
1
0
-1
0
0
-1
-2
-2
-1
-3
-3
-4
-6
-6
-4
-5
-6
-7
-6
-6
-6
-10
-12
-12
-14
-13
-12
-14
-13
-11
-9
-6
-7
-5
-3
-2
0
2
2
3
3
4
6
8
5
7
8
7
7
7
6
4
5
4
5
5
6
7
7
4
5
5
4
5
6
5
8
7
10
12
10
12
14
14
14
14
14
13
14
15
17
15
16
14
15
14
10
11
10
8
7
5
4
1
1
2
1
2
3
3
1
1
-2
-5
-6
-7
-7
-8
-8
-9
-10
-8
-9
-9
-9
-10
-10
-11
-11
-13
-13
-13
-12
-12
-12
-11
-13
-11
-12
-14
-13
-14
-14
-13
-12
-12
-11
-8
-6
-7
-4
-3
-4
-2
-3
-3
-3
-3
-1
-1
0
1
0
0
-1
-1
-1
0
2
3
4
6
7
8
8
8
9
9
9
8
5
6
6
7
6
6
6
5
4
4
4
3
3
4
3
3
2
2
0
-1
-1
-2
-2
-5
-5
-4
-5
-5
-6
-7
-8
-7
-5
-3
-3
-3
-1
-3
-5
-5
-7
-7
-7
-8
-8
-7
-9
-7
-7
-5
-4
-2
-1
0
1
2
2
5
6
8
8
8
10
11
11
9
11
11
12
12
14
14
15
17
18
18
17
18
17
16
16
13
13
12
11
12
12
11
8
9
7
6
6
5
6
3
4
3
1
1
1
0
-3
-8
-8
-10
-11
-12
-14
-15
-14
-13
-12
-11
-12
-11
-11
-12
-12
-10
-12
-14
-14
-18
-18
-16
-17
-18
-17
-19
-18
-17
-18
-16
-14
-13
-10
-9
-9
-7
-9
-9
-8
-8
-8
-6
-4
-4
-2
-2
-1
-1
0
3
2
3
2
2
2
2
4
5
5
6
8
9
8
11
9
10
7
8
8
8
10
10
11
12
15
14
17
16
17
15
11
10
8
6
6
6
5
6
6
8
8
6
7
5
4
1
-1
-2
-4
-4
-4
-4
-5
-4
-5
-6
-7
-9
-8
-11
-12
-11
-9
-5
-5
-5
-5
-4
-4
-3
0
-1
1
2
3
3
4
6
8
8
9
8
8
8
8
8
7
8
8
6
7
8
8
9
7
8
7
5
7
5
4
3
4
5
4
5
4
3
2
2
0
-2
0
-1
-1
-1
-1
1
0
0
1
0
-1
-1
-5
-7
-8
-10
-11
-13
-12
-13
-13
-13
-14
-16
-18
-20
-22
-19
-19
-19
-19
-19
-18
-18
-16
-15
-16
-17
-14
-16
-16
-15
-11
-11
-10
-10
-10
-8
-6
-3
-3
-1
-1
-2
2
2
3
3
7
10
10
11
10
10
9
11
13
12
12
15
15
15
17
16
15
15
16
18
16
18
17
18
19
18
18
15
16
13
11
10
11
9
7
6
8
9
7
8
8
8
7
8
5
4
2
1
1
-2
-2
-2
-3
-2
-3
-2
-4
-3
-5
-6
-8
-12
-12
-13
-14
-12
-14
-10
-9
-11
-10
-10
-10
-10
-10
-10
-9
-9
-10
-9
-6
-7
-6
-5
-2
-1
-1
1
1
1
0
2
4
6
10
10
14
12
12
14
12
12
10
9
9
8
5
4
5
8
8
6
6
2
3
2
0
0
-1
-1
-3
-3
-5
-4
-5
-6
-6
-9
-12
-13
-15
-17
-16
-16
-15
-16
-15
-15
-15
-18
-20
-19
-21
-21
-22
-21
-22
-22
-19
-16
-15
-14
-12
-13
-9
-9
-8
-7
-6
-5
-5
-1
1
2
4
8
10
9
9
10
10
10
12
14
16
15
16
18
18
19
19
20
19
19
18
17
17
15
15
16
17
14
15
16
16
16
15
17
16
15
17
16
12
12
12
10
10
10
10
10
10
10
8
9
5
3
4
3
3
1
0
-4
-5
-5
-6
-6
-6
-5
-5
-6
-6
-8
-8
-11
-12
-12
-11
-12
-13
-13
-14
-13
-11
-10
-12
-12
-11
-11
-12
-11
-12
-13
-15
-16
-14
-13
-12
-11
-11
-11
-10
-11
-11
-8
-9
-8
-8
-8
-8
-6
-2
-4
-1
0
1
2
2
1
1
2
3
3
4
5
4
7
8
10
10
9
8
8
9
6
7
9
5
5
5
3
0
0
-2
-3
-1
-1
-2
-4
-4
-6
-7
-7
-8
-8
-10
-10
-11
-11
-12
-10
-10
-8
-9
-8
-4
-4
-3
-2
-1
-2
-1
-2
0
0
1
4
5
7
5
6
8
10
9
10
9
9
12
11
11
11
11
13
13
12
14
14
14
12
12
13
11
12
13
12
10
11
10
10
10
11
10
7
11
10
9
8
6
5
2
3
0
1
1
3
3
3
4
4
0
-1
-2
-3
-3
-3
-6
-5
-2
-2
-3
-3
-4
-4
-6
-7
-8
-10
-10
-12
-14
-12
-11
-11
-11
-9
-10
-9
-9
-10
-9
-9
-9
-9
-10
-8
-7
-4
-4
-4
-5
-3
-4
-2
-2
-3
-2
-2
-2
-3
-3
-2
-1
-3
-6
-3
-3
-4
-3
-3
-4
-7
-4
-4
-6
-5
-3
-2
-1
-2
-2
-3
-2
-3
-2
-2
-4
-4
-6
-6
-7
-9
-8
-7
-6
-8
-7
-6
-9
-8
-7
-7
-9
-7
-8
-9
-8
-5
-5
-4
-5
-5
-2
0
3
2
6
7
6
9
9
8
8
11
12
9
10
12
12
14
15
13
15
16
17
15
13
14
16
16
18
19
21
22
22
22
21
21
20
18
16
15
14
14
13
14
14
14
13
13
13
10
11
10
7
8
7
5
5
2
3
3
1
-2
-4
-6
-7
-5
-6
-6
-5
-9
-9
-10
-11
-14
-14
-14
-16
-18
-19
-20
-20
-21
-22
-22
-21
-20
-21
-19
-19
-16
-14
-13
-11
-13
-11
-9
-10
-11
-11
-10
-10
-8
-8
-9
-9
-9
-8
-9
-8
-8
-5
-5
-4
-1
0
-1
-1
-1
0
-2
-2
-1
-2
-3
-6
-6
-7
-8
-5
-3
-1
1
1
0
-1
0
-2
1
2
2
3
4
5
3
4
5
4
3
1
4
3
5
3
2
4
4
4
5
6
5
7
7
7
7
4
3
3
2
1
1
2
1
2
3
3
3
4
5
3
5
5
4
6
6
8
6
6
7
7
7
10
10
7
9
7
10
11
12
14
15
15
16
18
18
18
17
19
18
16
16
15
15
14
12
10
14
12
13
11
8
9
6
5
2
0
2
0
-1
-4
-4
-6
-7
-9
-9
-10
-14
-14
-15
-17
-17
-18
-18
-20
-20
-18
-19
-18
-18
-18
-18
-19
-18
-18
-17
-16
-14
-15
-17
-14
-14
-15
-14
-13
-12
-12
-11
-10
-7
-6
-7
-6
-5
-6
-5
-4
-5
-5
-4
-2
-1
1
1
1
2
1
1
1
1
1
0
-1
1
0
1
1
-2
0
1
1
1
1
2
1
3
3
3
5
6
6
7
5
2
1
0
0
1
-1
-1
-1
-2
-3
-3
-4
-6
-5
-3
-2
-1
0
2
3
3
2
0
0
1
-3
-3
0
1
1
4
5
5
5
8
9
9
12
13
14
16
16
16
18
18
17
19
19
19
18
19
19
19
21
20
20
18
19
18
19
19
17
15
17
16
13
15
15
11
11
10
7
7
4
3
3
1
2
2
1
3
0
-1
-2
-4
-7
-9
-10
-10
-11
-11
-10
-12
-12
-12
-13
-15
-16
-19
-21
-22
-21
-23
-22
-20
-21
-23
-24
-23
-23
-24
-24
-26
-26
-26
-25
-25
-25
-22
-21
-16
-17
-13
-11
-11
-12
-11
-12
-13
-12
-10
-10
-8
-9
-6
-5
-4
-1
-2
-2
1
2
4
3
4
7
8
8
7
9
6
8
6
6
6
5
5
6
4
5
6
5
6
8
7
8
11
10
10
8
8
7
6
7
7
8
11
12
15
16
14
14
13
11
14
12
11
11
10
11
11
9
7
6
5
5
4
4
4
5
6
6
8
8
5
7
8
7
5
6
7
5
4
6
4
4
6
3
4
4
3
3
4
3
4
6
6
6
6
7
6
6
4
3
2
1
2
3
3
3
3
5
5
5
5
5
4
3
2
2
0
0
-1
-1
-2
-3
-3
-3
-4
-5
-7
-8
-9
-10
-12
-11
-12
-14
-15
-16
-18
-19
-18
-20
-20
-21
-21
-23
-24
-21
-24
-23
-22
-22
-21
-18
-18
-15
-13
-11
-10
-11
-11
-11
-10
-10
-10
-9
-10
-7
-7
-7
-5
-4
-4
-4
-5
-4
-1
1
1
0
2
1
0
1
2
4
5
5
5
6
6
8
9
11
10
13
13
14
17
16
17
18
18
17
16
17
16
13
13
9
8
8
5
6
5
3
5
5
3
2
3
1
0
-1
-2
-2
-1
2
2
3
5
6
8
8
9
9
9
9
10
10
12
10
12
13
13
11
11
9
8
9
10
8
6
4
6
7
4
7
7
8
5
5
4
4
7
7
7
8
9
6
7
5
6
5
4
4
2
1
2
5
1
1
3
0
0
-1
-1
-4
-3
-3
-6
-6
-7
-9
-9
-9
-10
-12
-11
-12
-13
-13
-13
-15
-15
-16
-17
-18
-17
-17
-18
-19
-19
-21
-23
-24
-23
-24
-24
-23
-24
-22
-22
-22
-20
-20
-18
-17
-15
-15
-15
-14
-13
-12
-12
-12
-12
-12
-11
-10
-9
-9
-6
-5
-3
-3
-4
-1
-1
0
3
2
5
7
7
8
8
11
10
11
14
16
16
16
17
20
22
22
22
22
23
22
22
22
22
20
20
18
15
13
13
13
11
12
13
13
15
17
14
13
12
11
10
8
8
8
7
9
10
10
11
11
10
10
9
9
8
8
7
8
7
10
10
8
8
8
7
4
2
1
-1
0
-1
-2
-2
-2
1
1
1
0
0
0
-1
0
-1
-3
-1
-2
-4
-6
-7
-8
-7
-8
-9
-11
-11
-8
-10
-10
-9
-11
-14
-13
-12
-14
-13
-12
-13
-12
-14
-14
-15
-16
-17
-17
-15
-13
-12
-11
-8
-10
-8
-9
-11
-12
-13
-13
-15
-16
-15
-16
-17
-21
-21
-20
-21
-22
-18
-18
-19
-16
-14
-12
-11
-9
-6
-3
-1
1
2
2
2
1
0
2
2
2
4
4
5
7
10
9
11
12
10
11
13
13
12
13
14
13
16
15
14
16
16
15
14
15
13
14
15
16
17
19
19
21
19
17
16
14
12
10
9
7
6
4
4
4
2
2
1
2
5
6
8
9
10
9
10
8
6
5
5
4
4
4
3
2
1
1
1
0
-2
-1
-1
-2
-4
-4
-1
0
-1
0
0
-1
0
-2
-1
-1
-1
-3
-1
-1
-2
-1
-1
1
2
2
2
1
0
0
0
0
-1
-1
-3
-4
-6
-4
-5
-4
-3
-3
-3
-2
-3
-5
-5
-6
-5
-8
-7
-8
-9
-8
-11
-12
-11
-11
-12
-12
-12
-14
-14
-14
-14
-17
-16
-14
-14
-15
-15
-15
-18
-19
-19
-19
-22
-21
-21
-18
-16
-16
-15
-11
-12
-12
-12
-9
-8
-5
-4
-4
-3
-3
-1
-2
-2
0
0
3
1
2
3
6
7
8
8
10
11
12
13
14
14
16
18
16
18
17
16
18
17
19
19
18
17
18
16
19
20
22
23
23
23
19
16
14
14
12
13
14
12
12
12
13
10
11
9
9
8
6
4
2
2
0
2
3
2
1
-2
-2
-3
-4
-4
-4
-1
-2
-1
3
5
4
4
5
6
5
4
5
3
2
-1
0
-1
0
1
-1
-1
-3
-2
-4
-4
-5
-7
-6
-6
-9
-11
-10
-10
-12
-12
-13
-13
-14
-13
-14
-17
-16
-14
-14
-12
-11
-9
-9
-9
-9
-9
-11
-10
-11
-12
-12
-11
-11
-9
-10
-9
-8
-8
-7
-8
-7
-9
-8
-9
-9
-10
-10
-8
-7
-7
-7
-7
-6
-7
-10
-10
-10
-8
-8
-7
-7
-6
-5
-4
-2
-3
0
-1
-3
-4
-3
-3
-2
-1
0
1
0
3
3
3
3
5
6
5
6
8
8
12
12
12
13
14
13
13
13
16
14
11
14
15
15
16
18
16
18
16
18
19
20
21
22
20
21
20
20
22
21
22
22
20
19
16
14
12
11
12
10
10
11
11
9
8
9
7
6
4
3
1
-2
-5
-7
-9
-9
-10
-11
-11
-10
-10
-11
-12
-12
-11
-13
-12
-14
-15
-14
-13
-16
-15
-14
-13
-12
-12
-13
-14
-12
-14
-15
-12
-10
-11
-11
-9
-9
-9
-7
-8
-11
-11
-9
-9
-7
-7
-7
-8
-5
-6
-6
-5
-6
-7
-8
-8
-10
-9
-11
-11
-8
-9
-8
-8
-5
-6
-8
-7
-8
-6
-8
-5
-4
-3
-1
1
1
1
3
4
3
3
2
1
2
3
3
4
4
4
6
5
5
4
5
5
6
8
9
9
8
10
10
9
8
5
6
5
3
2
3
4
5
7
4
4
4
2
0
2
1
2
1
2
4
2
3
3
3
4
5
5
6
6
7
7
8
9
9
10
12
12
12
12
11
13
13
14
14
12
14
13
12
11
11
8
8
8
6
5
6
5
5
5
3
2
3
-1
-1
-1
0
-1
-2
0
-1
-2
-1
-2
-1
-2
-1
-1
-1
-3
-1
-1
-3
-2
-2
-2
-3
-6
-6
-9
-10
-11
-10
-14
-14
-13
-16
-17
-19
-18
-20
-23
-21
-20
-21
-21
-20
-19
-22
-21
-19
-19
-19
-18
-17
-14
-13
-13
-13
-10
-10
-10
-7
-8
-9
-9
-7
-6
-6
-4
-1
-2
1
2
5
6
7
10
10
10
10
12
11
13
15
15
16
16
15
12
11
10
8
7
8
8
9
9
9
10
9
9
8
8
6
4
2
4
3
3
4
2
2
2
2
3
2
3
4
3
0
0
1
-1
-1
-1
0
0
1
3
4
5
6
4
4
5
5
4
5
6
5
5
6
6
7
9
9
9
7
7
8
8
8
6
7
9
8
9
10
10
10
8
7
6
3
1
2
2
3
3
2
4
3
1
1
-1
-1
-1
-1
-3
-2
-3
-4
-5
-7
-8
-11
-11
-10
-11
-13
-12
-12
-14
-14
-14
-15
-14
-12
-12
-13
-14
-12
-13
-12
-12
-11
-11
-11
-11
-12
-13
-11
-11
-11
-10
-8
-8
-7
-7
-10
-7
-8
-7
-7
-8
-7
-6
-6
-3
-3
-3
0
0
1
0
-1
-1
0
0
2
2
3
5
6
6
6
5
7
6
6
6
4
5
6
7
8
9
10
10
9
8
10
7
7
9
7
7
9
9
8
9
10
10
11
12
9
9
9
7
7
5
6
4
3
2
2
1
-1
1
0
-2
0
-1
-2
-1
-4
-3
-4
-5
-4
-3
-2
-2
1
2
1
1
1
0
2
2
2
3
2
4
6
9
9
10
9
9
7
6
6
7
8
7
6
6
5
4
5
6
5
7
8
7
6
4
3
1
0
-1
-1
0
-2
-2
-1
-1
-3
-4
-7
-8
-8
-8
-8
-9
-8
-10
-9
-9
-10
-10
-10
-12
-13
-12
-11
-13
-14
-13
-13
-12
-13
-12
-13
-12
-13
-13
-13
-13
-13
-14
-13
-14
-14
-13
-11
-12
-10
-7
-9
-8
-7
-8
-7
-7
-5
-3
-1
0
0
2
4
2
3
2
2
3
4
4
4
5
4
6
8
9
12
12
10
10
8
8
7
6
8
10
9
12
12
13
14
12
10
7
6
5
6
4
3
3
6
7
7
7
5
5
3
3
3
2
4
3
4
2
3
4
4
5
6
7
8
9
8
8
9
10
10
10
10
11
9
11
11
8
10
9
9
10
7
7
5
2
2
0
-1
-1
-2
-1
-4
-4
-6
-5
-4
-6
-7
-5
-5
-7
-5
-3
-5
-5
-6
-8
-6
-9
-9
-8
-8
-7
-6
-7
-9
-8
-8
-8
-7
-6
-5
-6
-8
-8
-10
-12
-10
-9
-9
-8
-8
-8
-9
-9
-13
-13
-13
-13
-14
-12
-10
-13
-12
-12
-13
-14
-13
-12
-13
-11
-8
-9
-8
-7
-6
-5
-3
-2
-2
-2
0
2
1
3
4
3
5
4
6
7
8
7
8
10
6
6
7
7
7
7
8
9
8
8
9
7
7
8
7
7
9
8
9
12
11
13
11
12
14
11
11
12
12
12
10
9
10
10
10
11
8
11
10
13
12
11
10
11
11
8
8
6
5
4
5
4
4
3
4
2
1
-1
-1
-3
-3
-3
-5
-2
-3
-5
-4
-3
-4
-6
-8
-8
-8
-10
-11
-9
-8
-8
-8
-7
-7
-5
-4
-4
-3
-5
-4
-5
-5
-3
-3
-2
-3
-3
-4
-4
-3
-4
-4
-3
-4
-5
-3
-3
-6
-5
-3
-5
-6
-8
-6
-8
-8
-8
-10
-8
-9
-8
-7
-7
-7
-4
-4
-5
-2
-4
-5
-4
-4
-6
-5
-5
-5
-7
-6
-6
-7
-7
-7
-7
-4
-3
-3
-5
-3
-1
-1
-1
-1
1
2
2
3
0
0
0
-1
0
-2
0
1
3
2
3
3
3
3
3
5
6
6
6
7
6
6
8
7
6
9
9
7
9
9
9
7
9
12
11
11
12
10
11
12
10
11
12
10
11
11
13
13
15
14
12
12
12
10
9
9
7
8
9
8
10
7
6
6
5
6
4
7
6
5
3
1
-1
-3
-4
-5
-5
-4
-5
-4
-5
-6
-8
-10
-10
-12
-12
-13
-14
-14
-17
-15
-16
-15
-14
-16
-15
-14
-13
-14
-13
-15
-14
-13
-15
-14
-12
-10
-12
-8
-8
-6
-8
-7
-7
-7
-5
-7
-5
-4
-4
-1
-2
-1
-1
1
1
2
3
4
5
6
7
5
6
5
5
3
3
1
2
4
3
5
3
3
1
2
2
0
0
-1
0
0
-1
2
1
2
4
3
3
2
2
1
-1
-2
-3
-3
0
1
1
2
4
5
4
2
0
1
0
0
-1
-1
2
0
2
3
3
4
6
6
3
4
4
3
3
3
2
-1
1
1
0
1
5
5
4
5
6
7
8
6
4
5
5
5
7
12
11
12
14
13
13
12
12
9
10
10
10
8
5
8
6
6
6
5
3
5
3
2
4
2
3
1
1
0
-1
1
-1
-3
-4
-2
-4
-6
-6
-6
-6
-6
-9
-8
-11
-12
-14
-15
-13
-14
-12
-13
-12
-13
-13
-13
-13
-14
-16
-14
-16
-16
-15
-15
-13
-13
-10
-10
-10
-9
-9
-10
-8
-8
-8
-7
-8
-9
-7
-7
-6
-6
-5
-4
-4
-3
-3
-3
-4
-4
-2
-2
0
2
1
1
1
3
2
4
5
7
8
10
10
11
10
9
10
8
9
9
10
14
12
12
10
10
9
9
9
9
10
8
10
9
9
6
8
8
8
9
9
8
7
5
5
5
3
3
3
5
5
3
2
2
1
1
1
-1
0
-1
0
-1
-1
-1
-1
-1
-1
-1
-6
-4
-2
-2
1
1
2
3
3
5
6
8
8
9
9
9
8
6
6
6
3
4
5
6
6
6
5
5
3
2
1
0
1
-1
-2
-3
-3
-7
-6
-5
-7
-8
-8
-7
-7
-8
-12
-10
-12
-15
-13
-12
-12
-13
-11
-11
-13
-15
-14
-15
-17
-15
-14
-15
-12
-12
-13
-11
-10
-8
-10
-8
-9
-8
-10
-10
-8
-7
-4
-4
0
-3
-4
-3
-2
-5
-5
-3
-2
0
1
3
6
7
8
9
8
10
9
8
8
7
8
7
8
10
10
10
9
5
6
6
6
5
3
4
2
3
4
3
4
5
4
2
3
3
4
4
4
5
6
8
6
7
8
9
10
10
10
11
10
10
6
7
7
6
7
7
9
8
8
8
6
5
5
5
6
5
5
4
4
3
3
4
2
1
1
0
-1
-1
-2
-4
-2
-5
-4
-1
-1
-2
-2
-2
-4
-4
-4
-4
-4
-5
-4
-4
-3
0
-2
-2
-3
-4
-4
-3
-2
-3
-1
-2
-2
-1
-1
-1
-4
-3
-5
-5
-5
-5
-7
-8
-6
-6
-8
-6
-8
-7
-7
-9
-10
-11
-11
-12
-11
-12
-11
-10
-10
-10
-12
-10
-11
-10
-10
-8
-9
-9
-7
-8
-8
-7
-6
-7
-8
-8
-8
-8
-8
-7
-7
-5
-4
-4
-2
-1
-2
0
0
2
3
4
3
4
7
8
8
9
10
9
11
12
12
11
11
11
13
13
13
12
12
12
10
12
13
9
10
12
12
11
12
10
11
11
11
8
9
11
9
9
9
9
6
7
8
6
6
9
10
8
10
10
9
7
6
6
5
3
3
4
5
6
8
7
7
8
4
2
2
0
0
-2
-3
1
-3
-1
-1
-3
-4
-4
-5
-8
-9
-10
-14
-14
-14
-15
-14
-13
-14
-14
-13
-12
-12
-12
-12
-12
-12
-12
-10
-11
-8
-9
-11
-10
-9
-10
-12
-11
-10
-9
-7
-7
-6
-4
-7
-7
-7
-7
-7
-6
-4
-5
-5
-4
-2
-3
-3
-2
-1
-3
-3
0
-1
-3
-2
-4
-5
-5
-5
-3
-4
-3
-4
-4
-4
-4
-3
-2
-5
-4
-3
-2
1
-1
0
3
2
4
5
9
9
10
13
11
10
13
14
13
13
15
15
15
15
15
16
18
14
14
16
16
14
14
14
10
10
10
8
7
8
7
5
7
6
4
6
7
1
1
2
1
-1
0
-1
-2
-2
-2
0
-1
1
-1
-1
-1
-1
0
0
0
0
-1
0
1
1
2
1
2
2
0
-1
0
0
-2
-1
-1
0
-2
-2
-1
-5
-4
-4
-4
-5
-6
-6
-5
-6
-10
-8
-8
-9
-9
-9
-8
-9
-7
-8
-7
-8
-5
-6
-5
-4
-6
-3
-3
-5
-5
-5
-8
-8
-8
-8
-7
-6
-5
-5
-3
-1
-1
-1
-3
-2
1
3
2
0
2
0
0
1
0
-1
-1
0
-1
-1
-2
-3
-4
-5
-6
-5
-4
-4
-2
-4
-3
-4
-3
-5
-4
-3
-5
-5
-6
-6
-5
-6
-5
-5
-3
-3
-4
-3
-2
0
-3
-2
-2
0
1
3
4
6
8
7
8
7
7
8
9
10
11
14
13
14
16
15
14
15
13
13
13
14
15
14
13
13
14
14
14
15
15
15
14
13
11
10
10
11
11
9
7
8
5
5
4
0
0
-2
-1
-5
-5
-4
-4
-3
-7
-7
-7
-9
-11
-10
-9
-7
-7
-4
-4
-5
-5
-5
-7
-9
-7
-9
-8
-7
-7
-6
-6
-5
-5
-6
-7
-6
-5
-4
-4
-3
-5
-3
-4
-5
-5
-4
-5
-6
-5
-5
-4
-3
-3
-3
-3
-5
-4
-2
-5
-6
-4
-6
-8
-8
-7
-6
-4
-3
-4
-3
-4
-5
-5
-4
-7
-8
-7
-7
-8
-6
-4
-6
-4
-5
-6
-7
-8
-8
-9
-7
-8
-7
-5
-5
-5
-2
0
-2
0
0
2
3
3
2
2
4
3
5
5
5
5
5
5
5
7
6
8
7
6
7
7
8
9
9
11
8
8
9
9
8
9
10
10
12
13
11
11
12
12
13
13
14
13
13
13
13
13
12
12
9
11
11
11
12
12
11
8
8
7
6
7
5
5
7
6
8
6
4
4
3
2
2
0
-1
1
0
-2
-2
-3
-4
-5
-6
-7
-6
-9
-8
-8
-10
-10
-11
-12
-11
-12
-12
-14
-15
-15
-16
-18
-16
-17
-15
-14
-13
-14
-14
-11
-12
-13
-13
-11
-12
-12
-11
-9
-9
-7
-7
-8
-7
-7
-7
-6
-7
-8
-5
-4
-6
-5
-4
-5
-4
-3
-3
-3
-4
-1
-1
-2
-1
-1
0
2
0
0
0
-2
-4
-2
-1
-1
0
1
2
1
1
2
2
0
3
3
1
2
3
5
2
5
6
5
4
2
5
4
3
4
1
2
3
3
5
3
5
5
4
7
7
5
6
8
6
5
8
9
10
12
12
11
12
14
13
15
15
14
15
15
17
17
18
17
20
19
18
20
16
15
14
14
15
14
13
10
11
9
7
7
6
4
3
1
2
2
0
0
2
-1
-4
-4
-7
-8
-9
-10
-13
-14
-15
-15
-14
-14
-14
-15
-12
-14
-16
-15
-16
-16
-16
-16
-16
-16
-17
-17
-17
-15
-13
-12
-11
-12
-11
-12
-14
-13
-13
-13
-12
-11
-12
-11
-9
-12
-12
-10
-11
-12
-11
-11
-11
-9
-8
-11
-11
-7
-6
-5
-2
-2
-2
-2
-1
-2
1
2
2
6
7
4
7
8
7
8
11
7
7
10
8
9
9
9
7
9
8
5
9
6
5
8
8
3
6
8
3
6
7
5
4
8
4
1
5
2
1
4
5
1
5
7
2
4
5
2
0
5
1
0
6
5
3
9
8
4
6
5
2
5
10
5
8
14
12
12
13
14
10
14
12
7
12
11
6
7
11
6
9
13
8
9
13
9
5
7
6
2
2
4
3
5
7
4
4
6
2
-1
-1
-6
-7
-4
-5
-8
-6
-7
-8
-6
-9
-11
-12
-12
-13
-14
-12
-16
-19
-14
-16
-16
-15
-14
-14
-13
-13
-15
-15
-13
-16
-16
-12
-13
-15
-13
-13
-14
-10
-10
-16
-13
-10
-16
-16
-9
-14
-16
-8
-8
-14
-8
-6
-10
-10
-2
-5
-6
1
-3
-3
2
4
1
6
7
2
4
5
2
4
8
4
5
7
5
6
9
7
6
8
8
7
9
9
5
3
8
5
5
9
8
5
5
3
1
3
2
0
4
4
1
4
8
6
5
8
5
2
5
9
7
9
11
9
11
16
13
13
14
12
11
13
14
10
12
15
13
12
15
14
12
13
10
7
9
8
6
6
7
5
7
9
8
6
9
8
8
8
7
7
4
4
1
1
3
4
2
3
2
-3
0
-4
-8
-8
-7
-7
-9
-9
-9
-9
-10
-9
-10
-9
-11
-9
-11
-13
-11
-11
-12
-10
-11
-15
-13
-15
-17
-17
-16
-18
-19
-18
-22
-23
-19
-21
-25
-19
-17
-20
-20
-19
-22
-22
-19
-23
-21
-17
-18
-18
-12
-15
-15
-6
-9
-11
-6
-4
-9
-3
2
-4
0
7
5
5
10
10
6
12
15
11
14
18
13
14
19
16
16
21
19
19
20
19
18
19
19
18
19
20
17
16
16
14
12
13
11
10
11
8
5
5
5
4
7
5
3
5
2
3
3
1
1
2
4
3
2
0
0
-1
-3
-3
-3
-3
-3
1
0
-2
0
0
0
-2
0
-2
-1
0
-4
-2
1
1
1
4
2
0
3
2
3
3
3
3
4
7
7
7
9
9
10
8
8
6
6
6
6
7
4
2
6
5
3
4
0
-1
2
1
-2
2
0
-5
-3
0
-5
-4
-1
-5
-6
-4
-6
-12
-10
-13
-17
-14
-12
-18
-11
-12
-18
-17
-16
-19
-20
-17
-19
-21
-18
-21
-23
-20
-20
-24
-21
-22
-26
-22
-18
-23
-22
-18
-20
-18
-13
-14
-14
-10
-9
-9
-7
-4
-7
-3
-1
-3
0
3
4
3
6
9
8
10
14
11
10
16
16
15
18
22
19
21
22
20
20
21
21
17
20
19
16
19
20
17
16
18
16
12
14
14
13
13
14
12
10
13
11
10
13
13
11
11
12
8
9
8
8
10
11
8
4
5
3
-2
-3
-3
-3
-4
0
-1
-4
-1
-1
-3
-1
-3
-4
-2
0
0
1
5
2
-1
-2
-2
-4
-4
-2
-4
-6
-6
-9
-8
-8
-10
-10
-9
-8
-8
-5
-3
-3
-3
0
1
1
1
0
-2
-3
-2
-6
-3
-1
-5
-4
-2
-4
-4
-2
-2
-1
-1
-1
-3
-5
-3
-6
-10
-9
-10
-9
-11
-12
-13
-14
-15
-17
-17
-16
-15
-16
-13
-15
-15
-14
-16
-17
-18
-21
-21
-23
-22
-20
-19
-17
-14
-15
-16
-16
-18
-14
-14
-15
-12
-11
-9
-8
-8
-3
1
1
4
4
3
7
7
7
10
13
14
16
20
20
20
23
22
23
27
28
28
27
27
28
31
28
28
26
23
24
24
24
24
25
26
26
25
24
25
24
22
21
18
20
19
19
20
17
14
15
15
12
12
12
8
9
10
5
6
6
0
-1
-1
-4
-7
-7
-9
-12
-12
-12
-16
-17
-16
-19
-19
-20
-21
-22
-24
-25
-31
-31
-32
-36
-35
-36
-35
-36
-37
-39
-40
-41
-42
-44
-44
-43
-45
-45
-45
-44
-42
-41
-39
-39
-37
-35
-32
-30
-27
-23
-22
-19
-16
-11
-9
-4
1
4
9
13
16
21
25
24
27
31
31
32
33
36
36
39
40
38
41
41
37
34
34
30
25
24
21
15
12
9
-1
-4
-10
-18
-26
-30
-38
-45
-52
-57
-62
-66
-68
-74
-76
-80
-81
-80
-79
-82
-79
-74
-75
-70
-61
-58
-53
-45
-39
-33
-23
-15
-12
-3
7
10
19
32
39
49
61
68
74
85
91
96
107
113
118
128
134
139
148
154
160
165
170
175
177
180
182
182
183
183
179
180
178
172
170
161
154
146
137
128
117
106
96
84
71
59
47
34
27
14
1
-13
-30
-45
-59
-70
-80
-91
-99
-110
-122
-132
-143
-154
-163
-170
-177
-180
-184
-188
-190
-190
-190
-190
-189
-185
-182
-177
-168
-161
-152
-141
-130
-119
-107
-95
-81
-69
-55
-43
-31
-16
-5
8
22
30
35
46
53
59
67
69
70
73
75
71
66
61
56
48
41
34
24
15
10
-3
-15
-24
-38
-51
-62
-71
-81
-89
-96
-103
-108
-111
-113
-116
-115
-115
-116
-112
-106
-101
-93
-82
-74
-64
-52
-38
-27
-10
4
16
30
49
62
78
95
103
114
130
143
152
166
178
183
191
200
205
206
210
210
205
205
199
188
177
163
147
128
114
95
70
49
27
-3
-31
-54
-81
-110
-134
-156
-183
-202
-221
-240
-256
-264
-271
-276
-274
-271
-266
-257
-239
-221
-197
-169
-137
-105
-64
-21
23
71
119
165
213
262
304
346
391
429
462
495
522
542
558
573
580
582
585
578
567
555
536
509
487
460
423
385
350
301
247
194
131
60
-12
-89
-176
-259
-347
-443
-534
-624
-720
-810
-894
-976
-1048
-1110
-1163
-1203
-1229
-1238
-1234
-1213
-1173
-1123
-1054
-973
-877
-770
-655
-530
-401
-267
-133
7
140
266
390
504
604
695
777
840
890
934
964
981
994
994
984
969
946
915
880
842
800
751
702
651
593
542
483
419
353
288
214
137
55
-32
-116
-205
-293
-384
-468
-553
-627
-696
-763
-821
-872
-913
-946
-967
-978
-973
-961
-935
-897
-850
-789
-718
-636
-546
-451
-353
-253
-152
-51
49
144
238
323
400
467
522
565
596
615
620
616
601
575
543
504
462
416
374
332
290
258
227
202
191
191
198
216
247
283
330
384
440
498
560
620
671
720
758
785
801
803
793
764
725
672
608
524
430
331
220
99
-25
-146
-273
-396
-513
-626
-731
-819
-901
-971
-1024
-1065
-1099
-1118
-1119
-1112
-1094
-1058
-1012
-962
-897
-825
-751
-668
-592
-512
-436
-361
-292
-226
-167
-117
-66
-26
5
29
48
57
59
59
53
46
42
33
28
30
32
41
58
82
113
151
202
252
312
379
442
514
588
655
721
790
846
892
929
947
952
946
917
877
820
752
671
580
482
374
261
146
28
-93
-208
-319
-429
-527
-617
-701
-773
-830
-877
-911
-932
-941
-938
-925
-903
-873
-829
-780
-724
-666
-600
-530
-458
-384
-309
-239
-172
-108
-52
-2
44
82
110
135
155
171
182
192
200
204
212
223
235
259
286
316
355
403
454
511
580
652
727
801
880
950
1015
1075
1123
1158
1177
1184
1172
1146
1102
1036
958
862
754
635
504
365
219
73
-80
-228
-370
-508
-636
-756
-861
-957
-1038
-1104
-1158
-1199
-1223
-1231
-1225
-1206
-1171
-1132
-1076
-1013
-946
-872
-791
-706
-625
-539
-456
-376
-306
-240
-180
-131
-85
-51
-22
2
19
27
28
31
27
24
21
19
20
24
39
58
84
122
164
219
278
344
416
489
564
635
708
773
831
882
918
945
954
949
928
890
836
769
691
591
488
379
260
141
22
-94
-210
-318
-419
-513
-598
-671
-735
-786
-822
-847
-857
-854
-839
-812
-776
-733
-680
-621
-558
-493
-427
-359
-293
-225
-159
-99
-44
8
48
84
116
134
145
151
150
143
135
123
106
91
76
63
53
52
55
66
85
112
146
191
244
303
371
449
531
614
698
778
856
924
978
1023
1052
1065
1062
1040
999
941
872
789
694
582
463
340
213
85
-48
-175
-300
-418
-523
-623
-712
-794
-867
-931
-979
-1015
-1043
-1053
-1056
-1052
-1034
-1004
-969
-922
-872
-814
-752
-689
-624
-562
-501
-444
-389
-334
-284
-238
-197
-156
-124
-96
-71
-48
-29
-12
3
15
30
45
66
90
119
156
199
248
299
361
427
497
573
652
731
815
898
977
1051
1117
1168
1205
1226
1226
1206
1167
1108
1026
928
812
682
543
397
247
95
-56
-210
-357
-500
-635
-757
-875
-982
-1072
-1152
-1219
-1273
-1310
-1337
-1349
-1342
-1325
-1297
-1251
-1193
-1128
-1051
-963
-869
-771
-665
-560
-455
-350
-251
-154
-65
17
90
159
223
277
325
370
404
437
465
493
519
541
566
592
617
641
672
708
743
780
823
869
919
969
1019
1067
1113
1158
1194
1222
1241
1243
1227
1200
1150
1078
993
887
765
625
478
316
148
-17
-186
-353
-509
-658
-801
-930
-1044
-1146
-1236
-1305
-1363
-1404
-1434
-1446
-1446
-1434
-1407
-1368
-1316
-1256
-1183
-1099
-1006
-906
-800
-691
-583
-470
-359
-254
-154
-60
25
102
173
230
277
318
348
371
386
396
402
407
409
408
407
409
414
418
431
443
460
482
511
541
574
614
660
707
755
801
848
889
923
952
964
966
953
923
874
810
730
636
528
409
278
146
10
-127
-263
-395
-519
-637
-749
-852
-944
-1026
-1095
-1155
-1205
-1241
-1265
-1273
-1273
-1260
-1238
-1204
-1158
-1101
-1034
-959
-877
-789
-694
-594
-495
-396
-298
-204
-114
-30
45
112
170
219
262
299
329
353
374
394
413
432
451
470
494
519
544
574
604
641
682
728
779
832
892
951
1010
1071
1129
1179
1227
1265
1289
1303
1301
1280
1238
1179
1098
1001
886
757
613
461
303
140
-22
-180
-336
-488
-627
-763
-888
-1003
-1106
-1204
-1288
-1356
-1416
-1462
-1489
-1505
-1510
-1499
-1473
-1435
-1382
-1315
-1240
-1150
-1051
-947
-838
-725
-612
-505
-398
-295
-202
-118
-39
26
85
138
181
217
251
279
302
329
353
375
403
427
453
480
505
536
567
599
634
675
716
762
810
862
915
964
1016
1060
1098
1125
1148
1153
1147
1124
1080
1020
940
843
732
607
469
327
180
32
-120
-268
-412
-552
-682
-803
-917
-1021
-1115
-1198
-1268
-1326
-1370
-1404
-1421
-1423
-1415
-1391
-1349
-1299
-1233
-1155
-1067
-967
-865
-755
-643
-528
-416
-308
-202
-103
-11
77
153
221
279
331
375
415
448
481
508
536
561
584
604
626
646
660
678
692
709
728
748
773
800
834
874
915
958
1004
1046
1085
1124
1147
1162
1163
1152
1124
1073
1010
930
832
719
592
455
311
166
12
-140
-288
-434
-577
-708
-828
-946
-1052
-1147
-1231
-1311
-1375
-1429
-1474
-1503
-1521
-1526
-1512
-1486
-1445
-1391
-1324
-1247
-1158
-1060
-956
-844
-733
-623
-512
-405
-301
-204
-114
-31
40
109
171
222
274
322
362
402
440
474
505
532
560
582
603
625
644
670
695
721
753
788
825
871
921
969
1020
1071
1119
1165
1203
1231
1243
1242
1225
1188
1133
1059
965
856
736
600
453
301
142
-21
-181
-341
-497
-648
-792
-927
-1054
-1169
-1275
-1367
-1451
-1521
-1576
-1618
-1642
-1651
-1644
-1623
-1588
-1535
-1470
-1392
-1298
-1196
-1084
-965
-842
-714
-590
-466
-346
-231
-126
-24
71
156
236
309
381
442
505
563
612
660
706
748
787
821
853
882
904
929
955
981
1004
1030
1059
1085
1118
1154
1188
1225
1261
1293
1320
1343
1358
1358
1346
1319
1279
1222
1144
1052
941
816
677
523
367
195
21
-153
-330
-507
-675
-836
-991
-1137
-1275
-1397
-1510
-1613
-1699
-1773
-1833
-1878
-1907
-1915
-1912
-1894
-1855
-1803
-1737
-1653
-1551
-1439
-1318
-1186
-1048
-903
-758
-613
-472
-337
-208
-86
28
131
225
310
384
454
514
568
617
660
699
738
771
802
832
861
895
925
960
993
1032
1072
1109
1152
1190
1228
1264
1299
1328
1350
1367
1377
1375
1360
1339
1300
1244
1174
1089
987
868
734
588
431
268
103
-69
-238
-404
-568
-724
-878
-1025
-1166
-1300
-1424
-1536
-1639
-1727
-1799
-1856
-1898
-1921
-1931
-1923
-1898
-1860
-1805
-1737
-1654
-1556
-1442
-1315
-1183
-1041
-894
-740
-583
-431
-283
-137
2
134
258
377
489
592
696
790
880
968
1048
1122
1188
1247
1297
1336
1369
1392
1409
1427
1440
1447
1455
1462
1465
1467
1466
1462
1452
1437
1416
1386
1354
1311
1260
1202
1134
1057
971
875
764
638
504
354
197
33
-139
-313
-486
-657
-824
-985
-1138
-1280
-1413
-1542
-1655
-1761
-1860
-1947
-2022
-2082
-2131
-2161
-2169
-2164
-2138
-2092
-2029
-1950
-1853
-1741
-1619
-1482
-1336
-1184
-1027
-860
-689
-514
-344
-173
-4
155
312
454
588
711
824
930
1024
1109
1186
1256
1318
1371
1415
1452
1476
1485
1488
1483
1465
1445
1420
1389
1358
1332
1302
1270
1239
1209
1170
1128
1083
1029
969
904
832
757
682
602
519
437
345
245
142
31
-93
-222
-355
-491
-629
-762
-887
-1008
-1121
-1225
-1318
-1407
-1486
-1562
-1635
-1700
-1758
-1803
-1841
-1862
-1867
-1851
-1810
-1755
-1679
-1583
-1472
-1350
-1222
-1085
-944
-802
-652
-499
-338
-173
-3
168
342
511
671
825
966
1085
1193
1282
1355
1418
1468
1506
1535
1560
1574
1579
1575
1562
1532
1489
1433
1369
1294
1216
1140
1063
992
925
864
809
755
699
639
581
518
447
381
313
248
183
122
61
-4
-72
-147
-231
-324
-428
-543
-655
-777
-897
-1010
-1117
-1213
-1303
-1380
-1454
-1523
-1581
-1639
-1685
-1725
-1748
-1758
-1746
-1712
-1658
-1581
-1480
-1364
-1237
-1100
-957
-807
-655
-500
-347
-192
-36
121
276
431
588
733
866
981
1083
1160
1215
1251
1268
1275
1269
1255
1237
1216
1191
1169
1131
1089
1036
971
894
809
726
634
548
477
418
364
323
295
263
230
198
160
117
79
45
2
-43
-80
-110
-137
-167
-195
-215
-246
-288
-345
-421
-506
-593
-681
-761
-835
-896
-946
-985
-1016
-1052
-1084
-1117
-1138
-1151
-1151
-1143
-1129
-1100
-1048
-974
-879
-756
-610
-456
-302
-147
7
157
297
431
557
687
814
934
1051
1162
1261
1338
1396
1437
1453
1446
1416
1369
1310
1246
1162
1062
955
851
766
688
616
539
457
366
268
170
69
-22
-104
-179
-237
-264
-274
-269
-235
-193
-174
-182
-204
-233
-283
-337
-387
-431
-478
-508
-531
-543
-538
-534
-546
-580
-613
-660
-727
-805
-895
-970
-1009
-1017
-996
-949
-875
-790
-715
-669
-637
-616
-608
-596
-578
-529
-456
-377
-271
-141
-21
104
235
348
435
495
519
527
551
565
570
583
651
746
819
877
941
972
944
858
795
734
672
573
523
496
473
473
698
1162
1233
942
414
-51
-672
-1294
-1598
-1394
-1203
-1212
-1073
-792
-475
-202
199
550
651
418
67
-515
-1140
-1640
-1766
-1664
-1332
-831
-158
518
1122
1525
1735
1685
1361
906
369
-174
-639
-860
-875
-698
-393
28
438
755
890
874
630
204
-321
-766
-1051
-1086
-851
-250
463
1012
1321
1366
1144
549
-283
-1168
-1812
-2229
-2141
-1679
-940
43
1203
2310
3083
3449
3352
2833
1809
554
-688
-1633
-2207
-2229
-1735
-824
306
1481
2449
2994
2989
2503
1692
628
-505
-1476
-2033
-2148
-1853
-1314
-581
109
626
851
728
244
-477
-1277
-2047
-2627
-2940
-2901
-2508
-1860
-1102
-371
202
544
622
442
55
-424
-862
-1149
-1263
-1161
-827
-302
245
702
979
1066
964
720
395
50
-240
-401
-403
-261
-7
303
635
929
1113
1146
1089
970
800
644
577
575
638
783
1001
1216
1353
1371
1322
1219
1014
754
504
301
148
81
102
180
285
400
444
338
93
-235
-634
-1085
-1515
-1825
-2017
-2095
-2054
-1881
-1652
-1418
-1231
-1131
-1105
-1174
-1325
-1556
-1757
-1880
-1921
-1890
-1715
-1395
-1013
-636
-287
-26
151
277
329
343
327
358
460
647
909
1264
1692
2143
2516
2749
2851
2835
2706
2520
2338
2196
2085
2030
2115
2375
2701
2889
2925
2909
2787
2401
1822
1250
771
322
-110
-449
-694
-835
-823
-766
-816
-997
-1229
-1534
-1980
-2543
-3112
-3584
-3924
-4157
-4311
-4318
-4144
-3880
-3636
-3404
-3152
-2891
-2618
-2324
-2058
-1809
-1477
-1055
-630
-255
82
390
683
926
1093
1234
1422
1664
1880
2048
2171
2268
2318
2281
2139
1931
1709
1484
1301
1176
1114
1182
1546
2155
2681
2945
3169
3428
3438
3086
2620
2239
1871
1512
1267
1144
1056
1086
1270
1369
1159
767
307
-372
-1323
-2393
-3406
-4290
-4961
-5434
-5759
-5860
-5675
-5312
-4935
-4636
-4398
-4134
-3798
-3489
-3207
-2775
-2149
-1404
-627
119
783
1407
1982
2405
2612
2690
2759
2855
2905
2817
2678
2621
2556
2328
1956
1535
1090
593
66
-450
-854
-993
-659
136
998
1599
2193
2988
3606
3645
3302
3001
2735
2356
2010
1856
1860
2067
2515
2933
2970
2701
2333
1690
496
-1102
-2768
-4280
-5516
-6476
-7156
-7417
-7154
-6580
-5985
-5480
-5044
-4654
-4284
-4013
-3873
-3656
-3123
-2247
-1172
-23
1176
2458
3733
4760
5325
5502
5520
5429
5080
4503
3933
3496
3125
2664
2086
1480
885
285
-361
-1143
-1948
-2350
-1977
-1097
-329
235
1097
2330
3235
3383
3154
3019
2890
2556
2133
1830
1715
1967
2564
3004
2954
2700
2391
1589
57
-1874
-3826
-5573
-6972
-8124
-9041
-9386
-9052
-8382
-7672
-7067
-6547
-5909
-5182
-4702
-4451
-3956
-2953
-1672
-360
971
2427
3979
5306
6139
6652
6968
6923
6632
6294
5773
5043
4380
3799
3054
2130
1083
2
-956
-1897
-2873
-3071
-1964
-650
-19
758
2251
3571
3969
3746
3456
3130
2477
1685
1248
1053
1033
1675
2795
3375
3310
3230
2820
1386
-792
-3231
-5731
-7855
-9465
-10777
-11425
-11046
-10100
-8942
-7633
-6527
-5724
-4880
-4167
-3955
-3805
-3193
-2134
-742
788
2361
4203
6201
7645
8320
8722
8893
8505
7678
6731
5739
4733
3801
2909
2002
1062
51
-923
-1737
-2625
-3545
-3491
-2011
-435
302
1267
3139
4877
5481
5269
5096
4980
4304
3288
2647
2301
2087
2496
3397
3760
3468
3118
2449
857
-1508
-4301
-7092
-9284
-10997
-12532
-13243
-12737
-11653
-10341
-8767
-7340
-6170
-4926
-3856
-3331
-2906
-2179
-1150
132
1492
2896
4600
6318
7428
8101
8615
8638
8042
7254
6325
4992
3486
2171
917
-426
-1757
-2841
-3551
-4083
-4684
-4602
-2850
-431
1002
2052
3954
5859
6581
6319
5840
5418
4662
3474
2632
2337
2115
2338
3347
4116
3983
3559
2880
1297
-1201
-4231
-7386
-9998
-11919
-13491
-14275
-13733
-12345
-10636
-8733
-6929
-5350
-3919
-2831
-2268
-1943
-1441
-615
533
1878
3233
4760
6539
8008
8717
8876
8799
8356
7374
5998
4458
2834
1312
27
-1225
-2579
-3750
-4508
-4985
-5362
-5734
-5370
-3197
-85
2074
3526
5651
7990
9183
8974
8156
7388
6336
4732
3410
2664
2048
2081
3104
3947
3855
3392
2642
1126
-1330
-4636
-8128
-10824
-12744
-14304
-14990
-14194
-12310
-9953
-7420
-5071
-3059
-1393
-205
361
457
427
684
1432
2468
3516
4748
6333
7777
8515
8559
8165
7406
6220
4591
2657
683
-973
-2311
-3569
-4665
-5458
-5909
-5967
-5901
-5904
-5307
-3108
192
2932
4761
6822
9221
10732
10698
9736
8673
7285
5346
3612
2407
1309
897
1637
2513
2616
2182
1446
181
-2027
-5291
-8857
-11768
-13897
-15430
-16012
-15252
-13268
-10526
-7476
-4584
-2237
-479
879
1637
1575
1117
957
1401
2233
3052
3995
5474
7017
7835
7921
7575
6773
5499
3808
1768
-257
-1915
-3265
-4347
-5029
-5409
-5605
-5525
-5290
-5090
-4612
-3060
-194
2847
5046
6957
9180
10960
11390
10568
9281
7871
5993
3902
2267
1039
287
497
1379
1975
1918
1449
571
-1097
-3816
-7199
-10326
-12540
-13978
-14806
-14488
-12579
-9618
-6455
-3429
-856
1066
2373
2895
2545
1730
931
636
1089
1821
2675
4064
5778
7072
7629
7387
6438
5137
3461
1271
-907
-2565
-3745
-4520
-4776
-4597
-4185
-3683
-3183
-2760
-2452
-2053
-933
1333
4037
6152
7884
9902
11713
12285
11501
10121
8519
6423
4030
1964
345
-739
-889
-295
270
367
21
-730
-2091
-4449
-7624
-10574
-12660
-14231
-15104
-14559
-12623
-9861
-6705
-3559
-893
965
2064
2525
2211
1229
247
-145
34
583
1507
2833
4350
5695
6440
6319
5518
4326
2723
749
-1156
-2658
-3722
-4273
-4322
-3979
-3373
-2772
-2331
-1953
-1540
-1079
-255
1602
4251
6467
7991
9721
11520
12151
11264
9727
8120
6230
3944
1772
278
-498
-686
-239
455
657
277
-481
-1848
-4101
-7069
-10020
-12171
-13427
-14076
-13800
-12044
-9157
-6047
-3327
-1176
471
1491
1554
776
-232
-1062
-1490
-1280
-463
740
2188
3754
5182
6027
5868
4805
3425
2023
338
-1568
-2979
-3523
-3537
-3382
-2958
-2199
-1498
-1163
-1024
-801
-557
-184
1166
3696
6167
7925
9695
11656
12852
12539
11040
9255
7467
5268
2888
1150
216
-49
370
1059
1419
1293
614
-676
-2704
-5589
-8758
-11220
-12642
-13308
-13177
-11768
-9097
-5931
-3060
-940
409
1190
1215
286
-1070
-2147
-2670
-2493
-1539
-91
1576
3338
4930
5956
5953
4761
3028
1369
-407
-2352
-3862
-4448
-4226
-3588
-2828
-1995
-1177
-750
-782
-911
-1077
-1273
-756
1228
3991
6279
8265
10576
12518
13079
12198
10517
8574
6261
3629
1458
123
-587
-518
286
1111
1369
950
-62
-1734
-4295
-7551
-10547
-12555
-13586
-13691
-12693
-10558
-7567
-4316
-1582
224
1107
1233
729
-393
-1772
-2729
-2847
-2084
-662
1107
2961
4669
5976
6507
5843
4111
2069
246
-1480
-3156
-4263
-4338
-3608
-2758
-2031
-1272
-724
-680
-839
-1024
-1432
-1630
-625
1849
4814
7162
9169
11427
13227
13368
11855
9802
7683
5195
2626
731
-416
-921
-571
370
991
834
-44
-1449
-3357
-6132
-9506
-12196
-13568
-14005
-13535
-11964
-9376
-6138
-2964
-545
890
1383
1142
550
-332
-1421
-2013
-1474
-78
1691
3557
5198
6552
7480
7376
6004
3918
1807
34
-1435
-2671
-3367
-3173
-2278
-1357
-835
-558
-481
-752
-1232
-1762
-2232
-2111
-585
2364
5599
8188
10348
12424
13803
13468
11462
8937
6518
4083
1738
-85
-983
-944
-340
416
828
379
-952
-2825
-5197
-8209
-11430
-13866
-14892
-14691
-13608
-11632
-8764
-5460
-2558
-636
315
573
183
-714
-1562
-2066
-2034
-1126
576
2650
4594
5992
6878
7208
6559
4855
2631
588
-882
-1977
-2797
-2891
-2242
-1378
-647
-234
-227
-571
-1207
-1917
-2456
-2607
-2020
-174
2993
6511
9285
11283
12947
13782
12939
10617
7911
5451
3177
1110
-343
-845
-615
-141
371
485
-420
-2192
-4374
-6920
-9734
-12417
-14323
-14822
-13944
-12272
-10072
-7257
-4230
-1789
-366
90
-155
-734
-1258
-1605
-1613
-900
546
2451
4535
6196
7082
7374
7033
5856
3939
1676
-284
-1391
-1824
-1983
-1779
-1076
-169
361
211
-399
-1145
-1945
-2700
-3108
-2837
-1645
732
4218
7875
10590
12212
13294
13597
12250
9492
6694
4546
2706
1107
219
161
530
937
1058
527
-888
-3142
-5772
-8302
-10724
-12950
-14192
-13922
-12542
-10675
-8514
-6053
-3663
-1912
-1058
-953
-1245
-1627
-1796
-1447
-629
548
2107
4038
5837
6842
6987
6501
5596
4295
2552
749
-511
-990
-992
-794
-450
-98
79
-43
-541
-1429
-2465
-3258
-3517
-3182
-2343
-1015
1127
4236
7475
9651
10661
11086
10992
9969
7908
5618
4055
3058
2099
1528
1465
1362
1054
549
-421
-2017
-4219
-6591
-8557
-10140
-11547
-12409
-12194
-11015
-9516
-8089
-6560
-4840
-3378
-2572
-2210
-1925
-1633
-1311
-787
74
1156
2244
3385
4535
5241
5284
4847
4234
3563
2563
1300
374
-30
-199
-285
-360
-444
-520
-786
-1251
-1707
-2202
-2607
-2645
-2250
-1450
-307
1306
3729
6638
8866
10095
10774
10924
10327
8941
7077
5434
4218
3107
2183
1610
1150
679
197
-514
-1697
-3355
-5201
-6949
-8510
-9911
-11012
-11431
-10978
-9990
-8813
-7483
-5963
-4411
-3057
-2142
-1654
-1304
-797
-149
575
1360
2224
3290
4333
5027
5263
5131
4772
4217
3454
2569
1715
1076
766
679
501
112
-337
-754
-1248
-1892
-2516
-2915
-2929
-2561
-1877
-737
1022
3366
5952
8137
9478
10032
9980
9316
8076
6464
4901
3710
2895
2265
1737
1291
874
346
-572
-1938
-3630
-5487
-7286
-8891
-10240
-11202
-11548
-11200
-10365
-9289
-8057
-6682
-5257
-3935
-2850
-2056
-1422
-724
110
973
1745
2474
3327
4200
4752
4932
4845
4588
4221
3684
2971
2203
1554
1108
844
447
-323
-1159
-1806
-2335
-2909
-3431
-3595
-3208
-2467
-1663
-597
1012
3186
5736
8195
9603
9461
8630
7969
7192
5884
4288
3238
3233
3433
2912
2075
1437
710
-352
-1794
-3667
-5712
-7485
-8872
-9830
-10341
-10609
-10513
-9667
-8403
-7331
-6418
-5313
-4009
-2697
-1616
-863
-113
909
1889
2586
3214
3789
4287
4763
5018
4961
4783
4475
4010
3455
2733
1930
1257
766
245
-524
-1359
-2023
-2477
-2781
-2935
-2830
-2342
-1610
-808
135
1312
2852
4802
6679
7853
8286
8350
8147
7567
6575
5482
4734
4315
3860
3157
2358
1482
536
-568
-1952
-3545
-5150
-6681
-7976
-8945
-9776
-10350
-10426
-9913
-9035
-8135
-7121
-5804
-4362
-3142
-2277
-1664
-944
-97
559
1173
1951
2817
3619
4325
4862
5165
5127
4777
4210
3436
2510
1530
770
322
-97
-629
-1041
-1380
-1774
-2126
-2358
-2457
-2360
-2129
-1686
-820
399
1915
3847
5864
7366
8312
8658
8098
6751
5306
4337
3882
3541
3126
2971
3074
2827
1697
68
-1528
-3131
-4772
-6355
-7745
-8760
-9341
-9692
-9760
-9443
-8875
-8196
-7262
-6054
-4756
-3595
-2683
-1887
-1075
-292
364
1064
1930
2925
3841
4589
5179
5507
5442
5050
4381
3492
2518
1556
862
464
195
-153
-633
-1164
-1654
-2134
-2562
-2776
-2711
-2287
-1594
-771
214
1649
3445
5100
6253
6788
6845
6683
6409
6005
5698
5537
5423
5189
4766
4088
3030
1685
303
-1032
-2322
-3492
-4673
-5760
-6637
-7446
-8203
-8716
-8891
-8754
-8277
-7475
-6411
-5241
-4144
-3299
-2601
-1891
-1200
-506
335
1341
2384
3382
4227
4785
5019
4969
4585
3971
3245
2492
1894
1486
1183
872
494
-9
-671
-1420
-2084
-2473
-2590
-2504
-2217
-1800
-1298
-572
538
1961
3380
4414
4960
5241
5391
5381
5309
5303
5257
5151
4961
4508
3796
2945
1981
949
-44
-1093
-2208
-3336
-4467
-5636
-6700
-7551
-8168
-8458
-8427
-8161
-7667
-6873
-5988
-5216
-4609
-4072
-3379
-2452
-1437
-381
804
1999
3013
3756
4228
4419
4469
4376
4110
3797
3494
3192
2881
2563
2191
1709
997
60
-903
-1645
-2049
-2217
-2291
-2356
-2365
-2170
-1567
-582
626
1806
2723
3265
3545
3776
3981
4203
4528
4905
5192
5271
5057
4578
3951
3200
2322
1414
546
-378
-1431
-2572
-3740
-4869
-5872
-6711
-7349
-7700
-7742
-7490
-7041
-6584
-6188
-5731
-5100
-4286
-3338
-2259
-1078
157
1315
2301
3110
3775
4318
4738
5042
5144
5031
4794
4544
4380
4211
3876
3240
2253
1096
-17
-887
-1487
-1862
-2161
-2465
-2751
-2836
-2515
-1794
-900
-179
321
698
1102
1643
2339
3095
3828
4392
4628
4615
4525
4379
4195
3947
3537
2959
2236
1311
186
-1022
-2269
-3542
-4733
-5734
-6485
-6925
-7115
-7175
-7172
-7211
-7249
-7053
-6551
-5846
-4980
-3945
-2889
-1845
-815
156
1102
2148
3178
4021
4726
5212
5447
5543
5639
5655
5560
5274
4690
3858
2926
2067
1357
767
191
-435
-1099
-1736
-2172
-2301
-2170
-1907
-1637
-1482
-1425
-1298
-1012
-497
232
1007
1632
2037
2213
2262
2372
2591
2829
3009
3039
2758
2163
1337
398
-531
-1387
-2180
-2883
-3451
-3871
-4176
-4370
-4480
-4564
-4637
-4658
-4595
-4419
-4085
-3623
-3050
-2420
-1806
-1211
-559
151
905
1706
2553
3375
3988
4335
4480
4523
4502
4443
4306
4043
3706
3196
2507
1783
1100
500
38
-404
-875
-1294
-1705
-2095
-2344
-2408
-2300
-2033
-1773
-1608
-1526
-1490
-1481
-1391
-1141
-776
-284
274
805
1226
1526
1684
1731
1715
1665
1582
1473
1377
1290
1229
1188
1167
1168
1157
1075
897
653
355
34
-266
-523
-694
-803
-875
-871
-796
-725
-671
-611
-545
-481
-464
-496
-513
-522
-547
-575
-585
-577
-574
-569
-621
-726
-855
-1023
-1188
-1332
-1429
-1490
-1473
-1417
-1320
-1188
-1044
-883
-774
-730
-707
-691
-702
-666
-509
-262
51
393
704
960
1150
1233
1212
1157
1090
1047
1069
1134
1256
1454
1678
1826
1908
1928
1816
1611
1367
1085
801
582
397
241
154
99
70
93
101
74
47
-20
-111
-163
-223
-277
-261
-234
-226
-197
-195
-253
-288
-352
-489
-631
-793
-981
-1117
-1209
-1270
-1287
-1278
-1288
-1280
-1292
-1363
-1445
-1534
-1607
-1648
-1632
-1557
-1391
-1151
-910
-645
-401
-227
-89
-11
-6
12
105
225
437
733
1043
1383
1717
1914
1999
2050
1994
1850
1738
1588
1446
1429
1406
1364
1373
1380
1341
1334
1286
1149
1040
933
821
771
759
740
767
796
750
712
635
493
355
218
9
-213
-417
-624
-765
-856
-937
-981
-1013
-1120
-1234
-1346
-1513
-1682
-1806
-1936
-2021
-2003
-1949
-1832
-1655
-1503
-1391
-1286
-1257
-1272
-1257
-1253
-1196
-1069
-918
-707
-428
-141
102
333
478
532
564
531
455
409
378
370
446
505
525
581
636
635
654
668
632
645
688
720
800
913
967
1043
1139
1134
1103
1095
1024
945
878
726
546
429
290
153
112
87
31
1
-52
-157
-250
-339
-459
-540
-556
-574
-554
-465
-349
-247
-145
-73
-50
-57
-81
-136
-186
-183
-182
-140
-54
31
85
149
185
122
23
-101
-289
-473
-594
-721
-823
-824
-828
-878
-853
-818
-854
-819
-727
-708
-636
-460
-324
-171
84
283
436
648
789
854
957
1005
953
918
876
753
666
657
610
593
623
589
530
484
395
263
161
60
-53
-101
-113
-119
-92
0
77
118
155
163
115
34
-16
-55
-56
1
100
221
336
428
485
476
399
302
169
11
-93
-158
-233
-257
-226
-237
-286
-324
-407
-532
-612
-669
-753
-778
-724
-677
-602
-484
-378
-309
-257
-229
-224
-244
-287
-332
-397
-477
-533
-570
-578
-559
-516
-478
-434
-400
-400
-421
-436
-435
-429
-401
-325
-199
-89
51
214
333
399
477
506
455
455
474
469
528
652
709
782
899
917
886
877
784
639
574
500
399
388
396
351
370
391
289
187
147
23
-95
-101
-112
-122
-41
58
129
228
326
345
322
321
271
179
111
53
-32
-127
-191
-267
-353
-415
-474
-563
-641
-702
-796
-890
-959
-997
-1007
-965
-891
-797
-668
-551
-450
-333
-260
-229
-175
-126
-93
-25
100
223
385
571
705
815
899
919
888
847
797
739
702
716
750
764
773
793
747
628
511
356
182
70
-1
-71
-77
-18
16
79
168
195
176
145
94
20
-69
-162
-241
-324
-432
-512
-566
-648
-712
-742
-820
-911
-955
-1035
-1143
-1194
-1209
-1212
-1161
-1061
-950
-813
-667
-545
-455
-398
-352
-289
-230
-166
-51
93
240
424
599
721
822
893
886
858
857
810
772
816
851
869
920
938
899
861
745
562
419
277
147
86
75
67
111
173
196
242
251
184
113
55
-55
-156
-198
-285
-380
-422
-493
-595
-664
-758
-865
-937
-1011
-1105
-1149
-1149
-1146
-1070
-926
-816
-668
-460
-326
-210
-66
15
35
129
239
316
455
637
793
931
1070
1127
1119
1098
1037
936
858
805
759
731
739
753
727
689
633
537
402
260
106
-8
-61
-93
-88
-27
41
84
139
195
194
176
169
120
55
4
-79
-155
-235
-348
-464
-566
-696
-842
-940
-1065
-1193
-1272
-1334
-1364
-1334
-1267
-1159
-990
-804
-648
-481
-316
-196
-85
33
139
256
373
486
621
741
832
887
936
918
859
787
682
597
520
454
430
435
421
394
386
335
235
126
21
-94
-202
-276
-322
-327
-298
-253
-215
-155
-79
-60
-58
-26
-44
-119
-165
-203
-300
-371
-410
-521
-611
-657
-773
-895
-919
-991
-1096
-1072
-1033
-1027
-901
-726
-601
-406
-167
-7
152
333
443
545
689
793
870
987
1085
1156
1238
1260
1248
1232
1152
1036
927
800
681
613
546
498
506
493
466
452
388
292
236
135
13
-29
-81
-134
-113
-107
-144
-121
-111
-192
-209
-227
-323
-393
-443
-564
-656
-714
-823
-907
-948
-1043
-1141
-1180
-1233
-1274
-1267
-1251
-1208
-1104
-983
-846
-664
-466
-260
-43
144
310
480
603
716
851
945
1030
1151
1227
1251
1296
1292
1225
1180
1101
978
892
832
739
693
687
643
630
625
596
555
512
445
362
292
210
133
84
35
-19
-62
-133
-192
-265
-365
-469
-579
-690
-810
-920
-1033
-1135
-1225
-1310
-1371
-1417
-1484
-1539
-1538
-1558
-1574
-1516
-1451
-1369
-1207
-1030
-876
-679
-474
-315
-151
23
142
246
375
479
561
657
744
801
851
883
892
875
841
802
756
712
679
669
678
709
748
796
859
898
922
951
944
912
900
870
818
793
763
705
664
627
541
445
350
220
76
-54
-202
-352
-491
-624
-741
-844
-944
-1033
-1095
-1186
-1262
-1290
-1329
-1357
-1314
-1266
-1207
-1079
-939
-824
-665
-507
-397
-260
-121
-32
50
164
233
288
370
411
430
478
508
491
497
504
470
439
436
422
428
472
522
581
668
749
800
860
914
946
965
970
939
900
871
824
754
698
637
544
443
338
200
46
-76
-231
-403
-518
-619
-740
-816
-866
-931
-978
-1015
-1066
-1082
-1057
-1042
-1011
-926
-842
-761
-660
-551
-455
-363
-284
-207
-141
-105
-57
-16
-4
-5
1
-24
-54
-51
-90
-140
-149
-166
-219
-219
-186
-188
-146
-56
6
88
223
322
402
522
608
648
700
737
734
741
736
715
700
667
597
513
421
298
160
29
-104
-225
-317
-402
-471
-513
-556
-599
-617
-645
-672
-671
-651
-612
-546
-457
-355
-243
-127
-8
80
171
267
326
375
429
459
459
476
472
438
416
379
311
256
208
120
43
-11
-88
-147
-167
-196
-208
-163
-114
-77
0
65
104
154
202
206
226
271
278
297
324
329
328
335
293
236
188
111
24
-46
-109
-167
-188
-219
-237
-230
-237
-263
-258
-248
-259
-234
-206
-186
-123
-54
-13
50
127
167
210
268
289
309
344
341
320
323
294
247
220
183
125
75
31
-31
-73
-114
-169
-218
-236
-259
-276
-265
-249
-232
-197
-156
-141
-116
-79
-73
-71
-53
-53
-75
-76
-84
-114
-131
-156
-217
-270
-306
-368
-427
-442
-476
-501
-490
-496
-512
-495
-481
-492
-454
-399
-374
-318
-233
-178
-103
8
68
132
229
284
316
393
453
471
515
569
576
583
593
564
516
488
441
373
335
293
232
187
156
111
65
39
11
-26
-33
-37
-44
-36
-20
-14
-13
-8
-17
-27
-36
-49
-66
-81
-99
-124
-150
-183
-211
-242
-273
-296
-317
-334
-333
-319
-323
-309
-275
-276
-268
-233
-204
-176
-114
-44
6
88
172
213
256
332
374
401
468
504
520
566
608
595
602
623
587
564
558
515
463
446
413
359
340
297
240
215
200
147
121
125
99
78
72
38
-7
-18
-44
-104
-134
-169
-229
-272
-303
-373
-439
-476
-547
-623
-654
-689
-753
-783
-783
-809
-823
-804
-803
-797
-760
-719
-690
-640
-570
-497
-410
-319
-237
-155
-65
19
89
157
235
303
361
413
470
516
550
573
589
594
590
585
572
551
535
520
486
457
432
400
373
356
336
304
291
275
245
228
220
189
147
122
80
20
-21
-79
-151
-204
-257
-334
-402
-462
-533
-590
-631
-692
-742
-758
-784
-817
-825
-817
-818
-785
-747
-720
-662
-579
-513
-443
-349
-258
-175
-78
14
104
205
304
387
475
561
627
689
742
791
827
856
865
867
872
863
850
838
822
786
764
732
695
666
634
597
566
539
498
459
425
384
337
289
242
180
120
63
-10
-77
-141
-209
-286
-354
-410
-474
-527
-574
-631
-678
-712
-747
-773
-785
-797
-798
-771
-754
-738
-693
-646
-617
-561
-498
-455
-392
-327
-275
-230
-157
-100
-64
-4
60
93
130
171
191
215
252
252
245
262
267
268
280
287
287
304
313
304
303
305
297
295
304
297
294
302
291
270
265
234
194
160
114
65
25
-30
-101
-135
-156
-215
-251
-280
-323
-340
-369
-410
-431
-441
-446
-452
-440
-416
-403
-369
-318
-301
-279
-216
-198
-174
-119
-94
-51
-4
7
15
69
120
129
155
183
198
212
210
201
192
208
215
208
196
209
219
211
224
211
217
247
223
201
228
232
225
229
234
243
233
200
155
123
109
85
55
8
-12
-21
-54
-69
-103
-116
-101
-122
-136
-144
-160
-123
-97
-106
-96
-80
-72
-34
-14
4
35
56
83
79
81
95
117
134
143
183
177
174
183
174
210
216
190
197
219
176
164
158
130
161
168
122
98
55
50
57
31
40
42
27
23
30
56
69
-7
-62
-97
-135
-185
-234
-246
-273
-285
-289
-324
-359
-374
-381
-388
-382
-398
-433
-453
-469
-447
-430
-396
-391
-367
-304
-306
-287
-261
-234
-209
-205
-174
-125
-96
-109
-120
-67
6
34
13
14
75
123
97
102
135
149
155
93
94
167
176
181
170
152
182
179
162
189
200
217
259
241
276
329
272
243
245
284
280
189
114
111
129
124
106
81
33
19
19
1
-20
-93
-168
-185
-167
-167
-186
-208
-176
-159
-169
-168
-155
-164
-199
-189
-138
-97
-147
-228
-146
-6
43
-46
-106
87
346
346
121
-27
113
323
339
224
179
215
314
333
244
377
807
1739
1808
355
-1532
-1886
-311
1196
1127
17
-297
-94
73
-304
-300
358
889
552
-542
-1432
-1108
-421
-74
359
118
14
-94
-318
-144
178
352
991
1022
-64
-998
-540
266
920
558
396
858
894
190
-555
-335
74
439
147
11
21
-97
-1020
-1066
-402
269
171
56
-243
-529
-1394
-1674
-998
-354
-389
-624
-878
-1309
-994
-1082
-366
-224
8
-428
-954
-866
-550
61
307
338
218
198
-557
-548
617
1556
1280
425
306
513
272
255
875
1949
1528
484
199
207
168
377
998
1224
643
-575
-907
-659
-474
16
259
162
-403
-1223
-1049
-1093
-1191
-811
71
-130
-818
-1212
-905
5
-39
-245
-520
222
260
471
661
351
-399
-508
513
1312
885
-68
329
1056
933
-134
-291
380
726
94
231
380
421
244
-63
-384
-361
-94
461
975
734
94
-823
-966
-609
536
1320
1131
108
-538
-378
40
449
661
810
989
799
-89
-940
-539
717
1631
1314
-224
-1003
-90
745
344
227
647
564
-756
-1102
-33
705
233
-62
778
496
-1013
-1785
-121
1566
886
-613
-1165
-625
-549
-828
-401
209
286
-290
-710
-705
-880
-1175
-378
618
300
-898
-1562
-1007
-165
-199
-445
-35
243
67
-498
-806
-457
-339
-84
316
55
-360
-863
-534
322
741
361
-205
-277
-137
45
-225
-119
393
780
666
-293
-912
-572
386
832
400
-2
-31
-43
-221
-467
-537
195
836
698
-38
-645
-415
-22
120
21
-183
-23
131
-328
-581
-272
30
413
340
15
-324
-312
-32
19
25
148
459
124
-494
-672
-126
486
742
887
491
-103
-525
-345
-80
276
914
1275
794
-208
-401
35
504
671
1069
1165
574
-177
-289
362
713
863
1068
1079
511
-150
-177
350
699
696
599
644
367
-221
-586
-123
502
648
240
86
257
-125
-598
-670
-288
-11
157
85
-18
-108
-365
-566
-370
-143
-150
-56
237
95
-460
-775
-535
-135
6
-105
-190
-238
-541
-841
-854
-428
-309
-569
-822
-770
-760
-926
-936
-494
-191
-646
-997
-716
-188
-155
-210
-170
-155
-253
-89
323
531
645
842
925
444
-83
119
928
1327
1251
1023
888
530
40
-28
400
812
835
624
155
-420
-886
-946
-661
-304
-336
-556
-696
-994
-1441
-1593
-1389
-1191
-1129
-1125
-1177
-1330
-1400
-1195
-892
-763
-804
-907
-729
-543
-639
-749
-442
112
432
405
216
280
535
798
784
725
1081
1484
1462
1087
1108
1432
1643
1735
1842
1978
2023
2125
2284
2363
2079
1774
1903
2072
1874
1604
1566
1688
1690
1438
1033
610
173
-206
-381
-500
-803
-1069
-1282
-1708
-2341
-2849
-2990
-2972
-2885
-2849
-2995
-3260
-3508
-3528
-3208
-2830
-2497
-1961
-1452
-1334
-1336
-1124
-627
-111
292
613
928
1312
1694
1983
2160
2282
2397
2532
2549
2491
2303
2103
2021
2019
1900
1736
1960
2404
2510
2072
1492
1088
1051
1205
1137
918
948
1115
978
579
174
53
241
433
323
-31
-476
-1031
-1641
-2181
-2577
-2811
-2901
-2923
-2995
-3284
-3774
-4164
-4273
-4198
-4118
-3875
-3447
-3043
-2782
-2582
-2207
-1676
-1084
-490
188
812
1194
1464
1874
2326
2523
2552
2677
2890
2916
2711
2558
2511
2364
1944
1256
673
152
-299
-644
-847
-911
-982
-993
-768
-416
-472
-839
-958
-490
125
493
798
1437
2217
2565
2579
2601
2782
3025
3331
3554
3538
3189
2515
1724
1031
374
-410
-956
-1136
-1351
-1952
-2850
-3669
-4213
-4628
-4955
-5050
-4835
-4463
-4090
-3807
-3561
-3158
-2599
-1941
-1148
-271
491
1175
1788
2331
2649
2772
2948
3362
3801
3886
3793
3604
3278
2871
2315
1636
996
480
76
-337
-817
-1247
-1324
-913
-503
-766
-1337
-1537
-1124
-597
-261
101
686
1447
1993
2181
2098
2157
2617
3210
3471
3317
3007
2650
2190
1457
463
-398
-886
-1151
-1576
-2209
-2967
-3679
-4368
-5021
-5498
-5761
-5579
-5132
-4721
-4540
-4332
-3846
-3223
-2585
-1914
-1082
-174
761
1540
2085
2634
3182
3499
3700
3921
4098
4125
3912
3602
3341
2911
2242
1471
868
369
-309
-1048
-1662
-2054
-2372
-2350
-1925
-1576
-1800
-2279
-2203
-1606
-1091
-789
-229
704
1630
2079
2183
2259
2552
2986
3362
3571
3614
3490
3083
2533
1800
821
-183
-828
-1242
-1711
-2285
-2969
-3667
-4261
-4851
-5424
-5738
-5624
-5221
-4770
-4344
-3918
-3386
-2813
-2172
-1478
-698
220
1278
2240
2931
3507
3994
4328
4428
4496
4645
4745
4632
4216
3702
3212
2663
1949
1100
322
-372
-1043
-1707
-2237
-2578
-2582
-2036
-1562
-1762
-2244
-2200
-1631
-1037
-604
-83
907
2108
2837
3000
3057
3369
3884
4264
4419
4398
4274
4018
3448
2632
1603
515
-363
-1003
-1634
-2446
-3181
-3835
-4424
-5108
-5946
-6593
-6759
-6484
-6053
-5523
-4876
-4113
-3498
-2999
-2365
-1597
-738
312
1456
2475
3312
3946
4311
4524
4644
4704
4687
4533
4212
3734
3324
2849
2149
1215
310
-578
-1469
-2290
-2937
-3301
-3283
-2865
-2404
-2320
-2717
-2942
-2584
-1931
-1417
-874
131
1411
2478
3011
3188
3370
3707
4212
4481
4527
4546
4438
4101
3450
2534
1258
100
-749
-1398
-2145
-2973
-3658
-4213
-4750
-5619
-6531
-7012
-6915
-6572
-6257
-5698
-4898
-4002
-3232
-2652
-1956
-1154
-291
676
1742
2721
3596
4368
4958
5260
5246
5046
4849
4646
4220
3793
3390
2883
2139
1283
387
-604
-1483
-2238
-2820
-3263
-3319
-2942
-2352
-2100
-2402
-2548
-2154
-1517
-1065
-540
479
1817
2953
3592
3848
4073
4468
4800
4854
4749
4715
4683
4413
3863
3017
1938
796
-196
-1117
-2105
-3103
-3904
-4310
-4708
-5421
-6183
-6575
-6582
-6460
-6321
-5959
-5076
-4059
-3149
-2352
-1584
-789
57
1002
1902
2801
3700
4540
5304
5841
5978
5741
5424
5133
4605
3897
3228
2670
2079
1407
558
-417
-1309
-2238
-3105
-3845
-4344
-4471
-4147
-3522
-3154
-3168
-3045
-2511
-1879
-1486
-978
-75
1112
2227
2904
3412
3896
4325
4539
4527
4406
4315
4168
3794
3334
2705
1724
565
-394
-1293
-2336
-3431
-4254
-4723
-5115
-5679
-6226
-6435
-6407
-6360
-6323
-5999
-5306
-4371
-3358
-2365
-1450
-564
337
1209
2034
2780
3571
4401
5176
5745
6010
5856
5574
5361
4861
4092
3336
2743
2103
1358
509
-351
-1174
-2023
-2879
-3721
-4265
-4580
-4529
-3982
-3411
-3201
-3059
-2553
-1926
-1484
-1096
-434
661
1758
2534
3228
3944
4538
4903
5150
5089
4873
4624
4318
3879
3319
2613
1634
776
-33
-1083
-2235
-3046
-3603
-4147
-4675
-5225
-5641
-5695
-5570
-5528
-5377
-4888
-4069
-3173
-2323
-1575
-740
197
1062
1809
2544
3302
4008
4692
5218
5534
5540
5312
5111
4814
4186
3314
2589
2014
1317
514
-297
-1013
-1776
-2566
-3386
-4095
-4581
-4741
-4519
-3995
-3478
-3272
-2908
-2231
-1569
-1134
-708
58
1070
2013
2715
3354
4032
4596
4995
5091
4989
4746
4458
4036
3479
2860
1989
1082
273
-556
-1613
-2659
-3388
-3962
-4525
-5151
-5721
-5952
-5946
-5941
-5951
-5663
-5027
-4286
-3578
-2852
-2019
-1146
-275
489
1243
1969
2675
3377
4022
4452
4733
4853
4738
4527
4173
3534
2839
2282
1746
1039
309
-344
-1014
-1641
-2414
-3128
-3669
-3993
-4165
-4085
-3575
-3040
-2694
-2267
-1569
-892
-473
-66
591
1487
2296
2900
3590
4280
4829
5184
5294
5244
5026
4642
4112
3501
2819
1950
1104
401
-356
-1308
-2214
-2941
-3610
-4257
-4904
-5438
-5735
-5754
-5710
-5623
-5356
-4758
-4034
-3311
-2590
-1811
-953
-159
545
1203
1956
2713
3337
3963
4465
4801
4931
4834
4661
4310
3777
3080
2514
1900
1191
524
-91
-607
-1191
-1858
-2542
-3037
-3403
-3723
-3784
-3432
-2871
-2454
-2014
-1382
-652
-96
312
850
1547
2256
2821
3398
4002
4543
4907
5133
5207
5060
4694
4165
3566
2856
1971
1032
261
-493
-1376
-2312
-3092
-3747
-4344
-5054
-5654
-5958
-6180
-6319
-6359
-6116
-5636
-5000
-4311
-3607
-2791
-2000
-1262
-522
252
963
1642
2405
3089
3627
4080
4392
4537
4512
4296
3835
3268
2754
2176
1521
913
335
-240
-779
-1356
-2009
-2568
-2991
-3333
-3579
-3520
-3188
-2738
-2320
-1859
-1205
-563
-74
385
966
1595
2206
2773
3372
3966
4411
4725
4957
5050
4906
4521
4044
3484
2751
1848
979
225
-537
-1337
-2077
-2682
-3276
-3902
-4505
-4993
-5315
-5584
-5753
-5667
-5324
-4844
-4235
-3493
-2739
-2011
-1270
-554
85
662
1277
1953
2623
3203
3674
4086
4374
4474
4323
4026
3573
3035
2459
1810
1199
576
70
-397
-892
-1504
-2053
-2484
-2899
-3209
-3396
-3375
-3072
-2619
-2166
-1669
-988
-297
304
873
1468
2057
2571
3077
3560
4029
4423
4807
5090
5222
5124
4808
4346
3716
2972
2043
1084
230
-585
-1409
-2140
-2750
-3338
-3886
-4383
-4844
-5236
-5566
-5774
-5779
-5546
-5118
-4587
-3909
-3115
-2334
-1650
-947
-222
415
987
1553
2132
2670
3112
3469
3689
3841
3800
3573
3236
2758
2170
1534
893
241
-345
-909
-1413
-1865
-2302
-2705
-3027
-3280
-3466
-3423
-3195
-2869
-2467
-1944
-1248
-541
116
678
1287
1916
2422
2855
3275
3736
4097
4413
4662
4770
4709
4453
4060
3489
2751
1933
1082
268
-532
-1308
-2007
-2580
-3088
-3608
-4066
-4444
-4752
-4983
-5096
-5058
-4839
-4485
-3982
-3331
-2610
-1849
-1126
-375
342
935
1483
2040
2556
3022
3406
3707
3938
4059
4005
3792
3437
2965
2419
1755
1074
409
-225
-784
-1281
-1739
-2180
-2547
-2841
-3095
-3292
-3314
-3128
-2801
-2414
-1935
-1293
-600
44
657
1288
1897
2424
2889
3344
3766
4071
4349
4609
4769
4722
4497
4158
3662
3016
2186
1351
559
-254
-1080
-1809
-2419
-2987
-3513
-3979
-4368
-4678
-4939
-5093
-5098
-4977
-4691
-4234
-3653
-3001
-2303
-1554
-816
-92
558
1114
1666
2182
2579
2896
3230
3463
3571
3556
3404
3119
2728
2240
1653
1042
401
-213
-790
-1322
-1787
-2238
-2623
-2898
-3099
-3258
-3298
-3142
-2845
-2492
-2085
-1532
-866
-232
357
966
1607
2193
2674
3094
3526
3912
4203
4411
4536
4546
4400
4091
3640
3095
2407
1605
807
37
-755
-1545
-2217
-2803
-3342
-3812
-4237
-4566
-4803
-4964
-5028
-4946
-4760
-4399
-3898
-3342
-2682
-1987
-1291
-576
129
729
1304
1869
2335
2730
3066
3314
3476
3531
3453
3265
2974
2581
2092
1574
1012
426
-119
-632
-1113
-1543
-1925
-2267
-2503
-2649
-2721
-2672
-2462
-2122
-1715
-1217
-652
-30
559
1145
1720
2274
2771
3215
3611
3930
4222
4425
4544
4561
4493
4251
3858
3383
2762
1987
1174
361
-478
-1278
-2044
-2699
-3258
-3738
-4152
-4484
-4730
-4902
-4983
-4982
-4868
-4642
-4284
-3812
-3218
-2563
-1870
-1132
-397
260
844
1410
1900
2303
2608
2874
3075
3135
3069
2941
2742
2424
1996
1510
1026
527
-11
-545
-1012
-1431
-1818
-2144
-2400
-2565
-2617
-2591
-2433
-2107
-1733
-1334
-793
-191
411
974
1501
2047
2561
2982
3342
3677
3974
4186
4325
4382
4304
4141
3852
3381
2821
2156
1360
566
-220
-1032
-1803
-2456
-3037
-3554
-3986
-4372
-4641
-4847
-4987
-5050
-5002
-4829
-4540
-4109
-3575
-2975
-2329
-1621
-891
-231
347
893
1432
1873
2203
2475
2715
2891
2968
2933
2827
2618
2291
1895
1425
935
427
-64
-503
-893
-1235
-1537
-1750
-1862
-1983
-2011
-1972
-1805
-1493
-1136
-756
-257
323
906
1480
2011
2535
3018
3426
3713
3948
4123
4234
4259
4218
4076
3854
3570
3146
2619
2004
1268
486
-305
-1104
-1857
-2548
-3142
-3640
-4050
-4370
-4600
-4748
-4821
-4823
-4729
-4537
-4240
-3865
-3402
-2846
-2257
-1620
-984
-380
200
774
1281
1688
2069
2381
2600
2754
2797
2712
2602
2413
2091
1727
1341
942
542
167
-222
-566
-845
-1114
-1375
-1555
-1656
-1726
-1697
-1532
-1259
-962
-568
-61
485
947
1349
1773
2237
2553
2694
2880
3083
3245
3285
3304
3290
3219
3033
2734
2267
1702
1066
312
-438
-1165
-1847
-2487
-2963
-3347
-3673
-3944
-4139
-4237
-4317
-4362
-4378
-4254
-3996
-3677
-3291
-2794
-2181
-1525
-881
-258
343
876
1352
1769
2074
2289
2485
2616
2686
2702
2626
2473
2266
2016
1645
1205
783
329
-125
-533
-886
-1168
-1388
-1549
-1642
-1661
-1614
-1516
-1354
-1073
-754
-435
-5
493
961
1420
1893
2310
2664
2961
3188
3312
3410
3474
3425
3324
3185
2943
2612
2195
1693
1124
515
-142
-811
-1417
-1991
-2523
-2978
-3334
-3641
-3879
-4036
-4121
-4120
-4034
-3911
-3699
-3372
-2991
-2570
-2083
-1542
-1015
-468
74
545
981
1408
1742
2006
2223
2360
2431
2455
2396
2257
2088
1845
1518
1179
826
469
99
-219
-496
-742
-926
-1107
-1241
-1292
-1281
-1235
-1124
-917
-625
-331
6
402
796
1182
1533
1853
2140
2396
2556
2659
2762
2827
2797
2705
2580
2383
2093
1719
1276
784
257
-300
-866
-1402
-1909
-2363
-2765
-3104
-3383
-3589
-3737
-3820
-3830
-3781
-3653
-3464
-3205
-2876
-2492
-2059
-1586
-1109
-616
-150
288
693
1052
1365
1606
1822
1989
2062
2092
2066
1987
1818
1600
1348
1048
740
428
115
-185
-427
-620
-802
-947
-1040
-1099
-1105
-1053
-948
-774
-522
-230
94
470
858
1213
1559
1866
2148
2380
2562
2688
2813
2877
2863
2809
2687
2500
2224
1894
1485
1031
539
24
-505
-1010
-1484
-1936
-2333
-2657
-2934
-3156
-3314
-3408
-3456
-3432
-3314
-3153
-2902
-2593
-2235
-1831
-1386
-952
-498
-56
350
726
1064
1375
1629
1868
2027
2136
2194
2176
2098
1949
1739
1465
1180
893
571
264
-21
-273
-495
-674
-840
-985
-1063
-1096
-1109
-1060
-932
-739
-505
-228
80
422
774
1076
1363
1633
1878
2026
2144
2235
2284
2268
2223
2125
1975
1774
1491
1130
735
313
-179
-670
-1153
-1608
-2026
-2377
-2711
-2960
-3130
-3265
-3350
-3371
-3319
-3231
-3073
-2875
-2612
-2287
-1924
-1550
-1125
-687
-256
137
504
866
1187
1451
1651
1815
1926
1971
1934
1864
1751
1594
1384
1165
937
699
450
194
-29
-235
-412
-573
-693
-766
-786
-763
-688
-544
-346
-113
132
412
709
987
1230
1479
1706
1883
2030
2139
2227
2274
2269
2208
2099
1952
1734
1437
1086
688
269
-171
-623
-1064
-1484
-1848
-2191
-2477
-2718
-2917
-3059
-3151
-3187
-3157
-3056
-2908
-2701
-2426
-2088
-1739
-1353
-946
-520
-98
302
671
1021
1342
1612
1830
1999
2131
2211
2222
2172
2081
1938
1757
1526
1278
1035
786
516
255
36
-165
-352
-507
-624
-696
-716
-692
-633
-519
-350
-173
36
274
516
732
959
1163
1335
1478
1585
1652
1684
1684
1623
1528
1383
1200
947
651
323
-42
-441
-838
-1235
-1612
-1964
-2288
-2565
-2790
-2963
-3098
-3168
-3187
-3147
-3066
-2918
-2715
-2455
-2159
-1837
-1476
-1078
-675
-285
109
480
826
1125
1392
1609
1786
1918
1997
2029
2017
1959
1849
1715
1543
1348
1139
920
703
487
303
129
-21
-141
-217
-253
-264
-230
-163
-60
67
219
393
575
748
921
1088
1222
1331
1419
1483
1503
1486
1427
1325
1184
1003
769
497
196
-121
-473
-822
-1178
-1508
-1826
-2117
-2362
-2566
-2713
-2819
-2860
-2855
-2798
-2692
-2533
-2320
-2067
-1779
-1453
-1096
-721
-339
43
418
779
1107
1397
1648
1862
2020
2122
2182
2211
2178
2102
1983
1832
1653
1451
1229
1001
788
558
353
168
-1
-145
-255
-326
-354
-345
-308
-233
-130
-10
119
274
417
560
699
829
920
996
1053
1068
1053
1014
932
799
651
457
226
-37
-314
-619
-916
-1211
-1509
-1777
-2008
-2205
-2371
-2478
-2551
-2592
-2568
-2504
-2417
-2281
-2092
-1876
-1621
-1320
-1015
-695
-349
-14
293
598
879
1106
1320
1500
1616
1713
1778
1782
1760
1711
1609
1483
1344
1175
991
819
643
460
307
168
44
-52
-114
-144
-153
-130
-81
-13
62
163
271
379
499
605
694
785
849
868
879
862
787
701
590
425
241
55
-173
-420
-653
-920
-1196
-1424
-1655
-1876
-2049
-2186
-2303
-2348
-2358
-2340
-2253
-2143
-1991
-1808
-1583
-1371
-1084
-807
-516
-198
112
405
703
1008
1228
1469
1645
1772
1859
1929
1914
1897
1883
1794
1699
1610
1480
1330
1209
1056
889
773
647
509
427
354
291
283
298
303
354
409
460
526
588
620
670
702
712
725
703
652
606
536
403
265
110
-86
-280
-494
-734
-956
-1166
-1393
-1596
-1766
-1943
-2072
-2153
-2231
-2267
-2246
-2220
-2153
-2031
-1910
-1747
-1538
-1340
-1127
-869
-633
-406
-153
73
269
478
655
786
922
1039
1097
1158
1212
1210
1189
1180
1132
1060
1004
928
840
773
715
645
608
597
570
569
598
618
640
687
717
738
776
796
786
778
777
735
686
648
560
456
361
214
40
-115
-309
-535
-713
-896
-1117
-1280
-1414
-1569
-1687
-1746
-1841
-1901
-1882
-1886
-1865
-1768
-1666
-1576
-1394
-1214
-1065
-854
-631
-458
-267
-49
106
261
437
553
650
766
838
884
943
977
969
976
961
922
893
859
810
786
774
745
742
756
761
785
823
852
897
959
990
1031
1088
1103
1115
1138
1129
1079
1052
987
887
796
694
531
381
245
46
-144
-308
-506
-718
-882
-1057
-1239
-1359
-1465
-1581
-1641
-1666
-1693
-1684
-1636
-1583
-1512
-1403
-1285
-1169
-1024
-871
-723
-571
-415
-270
-148
-11
102
178
260
336
364
395
440
439
429
453
445
407
417
413
370
383
410
390
407
471
486
527
621
670
724
828
894
933
1018
1060
1061
1098
1107
1057
1034
998
889
796
716
559
400
278
88
-115
-269
-461
-680
-839
-1001
-1191
-1319
-1416
-1544
-1615
-1634
-1674
-1682
-1634
-1593
-1549
-1449
-1351
-1265
-1138
-998
-880
-745
-600
-472
-353
-228
-122
-41
37
104
144
175
213
223
234
261
273
279
305
332
350
385
428
459
508
581
644
709
800
893
980
1076
1178
1253
1326
1399
1440
1457
1470
1459
1414
1366
1297
1198
1083
974
825
656
504
330
139
-36
-202
-400
-556
-692
-848
-967
-1047
-1134
-1198
-1203
-1227
-1232
-1185
-1142
-1104
-1025
-937
-877
-777
-667
-593
-503
-400
-333
-272
-200
-165
-141
-107
-99
-109
-111
-119
-151
-171
-183
-202
-206
-201
-179
-152
-123
-65
-1
55
139
247
332
441
577
683
799
941
1046
1130
1252
1328
1359
1418
1440
1403
1380
1343
1232
1138
1047
886
739
610
421
241
101
-96
-294
-432
-603
-778
-888
-1008
-1150
-1209
-1262
-1347
-1355
-1346
-1370
-1342
-1272
-1252
-1207
-1115
-1064
-1013
-922
-865
-827
-746
-686
-661
-607
-556
-544
-511
-473
-466
-455
-416
-410
-405
-367
-342
-324
-269
-202
-150
-74
26
111
203
323
435
535
653
773
873
973
1090
1178
1241
1325
1390
1410
1434
1464
1442
1406
1386
1324
1233
1158
1063
927
822
711
559
426
321
175
37
-55
-178
-305
-369
-454
-564
-599
-641
-721
-734
-719
-773
-762
-705
-727
-707
-604
-603
-643
-523
-511
-562
-482
-416
-463
-380
-297
-376
-314
-239
-271
-290
-195
-211
-218
-137
-135
-124
-62
-8
-2
84
136
167
248
311
344
411
480
502
579
652
667
723
788
782
799
844
803
778
806
746
674
670
604
503
474
402
271
218
153
15
-69
-130
-249
-331
-370
-465
-538
-562
-622
-670
-685
-729
-754
-760
-780
-781
-774
-787
-768
-730
-742
-720
-674
-682
-665
-620
-630
-636
-579
-579
-589
-530
-522
-532
-468
-433
-440
-375
-321
-314
-241
-162
-150
-76
31
67
145
261
316
383
515
584
629
739
806
834
908
963
965
1003
1034
1015
1012
1005
962
916
879
806
727
659
571
481
397
301
200
109
22
-69
-163
-242
-312
-389
-449
-498
-549
-593
-606
-632
-655
-646
-650
-656
-634
-618
-618
-583
-548
-540
-510
-468
-448
-420
-375
-353
-326
-274
-254
-233
-182
-155
-128
-71
-30
6
80
135
174
256
326
374
456
538
583
659
745
787
844
920
952
987
1042
1052
1050
1080
1070
1032
1021
976
899
848
784
676
587
506
380
265
173
46
-83
-174
-286
-410
-497
-585
-689
-766
-823
-897
-955
-983
-1018
-1049
-1061
-1063
-1074
-1068
-1039
-1025
-1004
-957
-924
-899
-846
-809
-782
-729
-688
-660
-610
-558
-533
-485
-425
-390
-334
-268
-220
-165
-89
-37
23
109
175
249
334
410
486
577
645
711
781
828
878
932
948
966
1002
990
972
982
947
888
868
806
712
655
580
461
381
297
177
87
9
-93
-178
-237
-323
-384
-434
-490
-525
-556
-595
-608
-611
-635
-620
-603
-608
-574
-537
-536
-504
-457
-459
-427
-378
-380
-359
-310
-313
-302
-247
-250
-237
-179
-170
-163
-97
-73
-67
12
48
66
145
204
230
317
383
409
501
569
596
671
732
745
804
846
833
866
890
854
860
863
797
772
753
660
603
571
461
387
344
231
137
102
6
-93
-115
-192
-278
-294
-347
-424
-433
-452
-512
-511
-507
-545
-541
-523
-541
-538
-518
-529
-522
-500
-507
-509
-491
-491
-490
-481
-482
-475
-465
-458
-441
-426
-411
-387
-355
-323
-286
-240
-195
-135
-86
-35
26
87
150
221
275
326
400
442
473
533
562
561
597
603
567
573
567
499
468
453
367
311
278
179
97
61
-34
-129
-163
-233
-321
-342
-390
-474
-481
-498
-559
-552
-532
-577
-563
-517
-537
-528
-464
-459
-456
-388
-372
-372
-309
-280
-283
-234
-196
-197
-161
-114
-113
-91
-46
-34
-8
34
58
85
140
182
219
279
327
373
430
485
527
585
637
670
721
758
782
815
838
838
849
861
828
810
805
747
690
662
589
500
456
387
281
218
155
46
-20
-64
-160
-234
-262
-334
-403
-416
-455
-511
-512
-511
-543
-541
-521
-522
-508
-473
-463
-454
-423
-402
-408
-383
-343
-340
-333
-292
-281
-292
-259
-246
-260
-225
-197
-225
-204
-152
-173
-170
-99
-86
-79
-7
18
25
112
160
149
228
302
286
331
413
400
427
501
485
472
530
508
457
490
468
386
382
362
253
215
191
91
22
-5
-103
-185
-204
-290
-372
-389
-436
-517
-526
-541
-599
-609
-602
-634
-640
-616
-629
-625
-583
-567
-565
-523
-488
-480
-446
-401
-383
-365
-310
-283
-274
-224
-192
-178
-131
-84
-74
-33
33
55
82
145
193
222
281
336
362
421
483
511
552
611
644
669
713
741
753
771
786
782
773
767
739
706
680
640
590
544
501
431
370
319
243
168
114
48
-26
-74
-132
-196
-234
-264
-328
-361
-367
-412
-445
-434
-453
-476
-453
-449
-460
-439
-420
-423
-403
-376
-374
-356
-325
-306
-295
-270
-245
-224
-202
-176
-145
-126
-99
-55
-35
-16
34
66
85
142
186
202
257
313
322
362
414
419
444
496
499
498
539
533
508
531
515
466
470
452
383
369
344
265
234
207
123
69
46
-36
-98
-119
-188
-247
-264
-313
-375
-384
-416
-469
-473
-491
-529
-528
-528
-554
-548
-535
-552
-541
-524
-530
-518
-490
-490
-480
-451
-443
-426
-393
-372
-348
-309
-284
-254
-218
-183
-148
-104
-66
-22
26
64
110
163
202
244
298
331
360
408
440
458
494
515
522
547
561
550
552
554
529
517
503
472
439
418
378
333
303
259
216
180
140
94
53
14
-27
-58
-95
-130
-157
-183
-208
-231
-253
-269
-284
-302
-312
-321
-331
-333
-333
-338
-338
-332
-332
-325
-314
-308
-292
-272
-261
-248
-218
-202
-182
-148
-132
-108
-68
-42
-15
28
57
82
135
166
188
231
262
277
311
333
337
372
391
383
404
420
400
409
422
390
382
386
349
324
323
283
242
239
203
150
132
100
50
24
-8
-57
-84
-114
-159
-181
-208
-244
-264
-289
-321
-333
-355
-386
-382
-392
-420
-416
-412
-434
-423
-410
-429
-415
-387
-399
-387
-350
-350
-336
-296
-281
-272
-223
-202
-185
-132
-104
-82
-31
10
29
72
106
130
173
209
230
263
296
313
337
359
372
386
399
402
407
405
393
392
381
358
348
328
301
285
257
219
199
172
123
105
78
26
-2
-23
-72
-100
-112
-155
-175
-173
-205
-229
-219
-242
-263
-252
-263
-277
-262
-263
-275
-254
-246
-250
-229
-212
-212
-187
-164
-156
-128
-103
-91
-62
-35
-21
9
33
51
83
111
125
161
191
201
230
256
258
279
301
296
314
335
319
320
341
321
305
320
300
276
277
247
213
209
176
134
124
90
46
24
-12
-57
-78
-110
-153
-172
-203
-242
-260
-279
-318
-335
-341
-369
-377
-376
-396
-398
-385
-396
-392
-367
-369
-358
-325
-321
-306
-269
-257
-238
-199
-178
-156
-114
-89
-66
-26
7
33
69
99
125
161
186
205
237
261
278
306
327
334
358
374
374
387
398
386
387
392
368
361
357
328
309
300
262
236
220
181
151
128
87
50
26
-19
-57
-81
-120
-158
-185
-214
-241
-262
-287
-308
-316
-335
-355
-359
-374
-386
-383
-389
-394
-380
-374
-372
-350
-335
-328
-297
-273
-264
-232
-200
-194
-164
-130
-113
-78
-37
-16
15
61
83
111
153
177
202
240
262
279
315
331
346
374
383
387
409
416
410
424
419
408
414
402
375
369
353
321
309
290
249
229
210
170
140
122
77
46
27
-16
-51
-68
-102
-134
-147
-176
-206
-221
-243
-269
-279
-292
-309
-312
-319
-331
-333
-330
-338
-332
-331
-324
-314
-305
-291
-280
-269
-255
-235
-220
-205
-181
-164
-142
-111
-93
-72
-40
-18
4
31
49
67
100
119
129
156
171
175
196
208
207
218
232
225
229
240
225
221
227
211
196
196
183
163
162
146
120
117
101
74
69
54
27
17
4
-22
-36
-47
-66
-79
-84
-104
-113
-115
-127
-133
-132
-140
-142
-138
-142
-143
-137
-140
-137
-128
-128
-127
-116
-111
-105
-90
-81
-76
-63
-51
-44
-31
-21
-14
-1
13
20
34
47
51
63
76
83
88
97
102
111
118
117
122
124
124
123
122
119
111
111
104
95
88
83
78
69
61
53
42
32
24
17
6
-3
-9
-17
-25
-31
-38
-43
-43
-47
-53
-50
-53
-59
-55
-56
-59
-55
-53
-53
-51
-50
-52
-50
-45
-48
-46
-42
-40
-37
-32
-28
-28
-23
-21
-21
-22
-18
-16
-13
-8
-7
-4
0
7
8
13
16
17
16
17
19
15
17
19
19
19
15
13
8
5
6
5
6
8
7
2
1
-4
-11
-13
-14
-20
-19
-18
-22
-24
-23
-25
-24
-22
-22
-23
-21
-20
-21
-21
-20
-19
-17
-16
-13
-11
-8
-3
1
1
3
8
10
7
10
11
8
9
12
10
10
15
14
17
18
21
19
19
23
21
22
23
20
21
25
24
24
27
26
28
28
26
27
27
26
25
24
25
22
19
18
14
10
9
7
3
-3
-3
-8
-13
-12
-14
-21
-23
-20
-24
-26
-25
-27
-29
-27
-26
-30
-28
-24
-25
-19
-15
-15
-14
-10
-9
-7
-4
-3
-3
0
3
4
9
13
15
19
22
22
22
22
23
22
22
23
25
24
23
26
24
24
23
21
21
18
17
14
14
12
10
12
12
11
9
9
4
2
0
-5
-8
-10
-14
-15
-15
-21
-24
-27
-29
-34
-38
-39
-39
-39
-41
-42
-43
-46
-46
-44
-44
-42
-40
-38
-38
-36
-35
-35
-31
-31
-28
-24
-22
-21
-17
-14
-11
-6
-2
0
3
7
10
11
14
17
19
24
28
26
27
30
30
32
36
36
38
42
44
42
43
42
43
46
40
41
43
41
41
41
38
33
35
32
24
22
20
15
12
12
7
2
0
-3
-8
-9
-12
-19
-18
-19
-20
-22
-21
-23
-25
-27
-30
-29
-28
-28
-27
-26
-25
-24
-23
-24
-23
-22
-20
-19
-15
-16
-16
-12
-12
-12
-9
-8
-8
-8
-6
-8
-6
-2
-3
0
6
9
9
14
14
13
17
19
20
22
25
25
24
29
25
24
25
24
20
22
20
15
16
12
8
7
6
2
-1
-2
-5
-8
-8
-9
-13
-14
-13
-16
-16
-18
-21
-20
-19
-22
-23
-22
-23
-24
-23
-20
-22
-21
-19
-17
-18
-17
-13
-14
-14
-12
-10
-9
-5
-5
-4
-1
0
0
0
-1
1
1
2
1
3
5
8
7
9
12
11
12
14
12
15
17
19
20
19
19
17
17
18
17
17
18
16
15
16
13
9
10
7
3
3
3
-1
-1
-2
-4
-7
-6
-9
-8
-9
-11
-12
-11
-12
-14
-14
-12
-12
-13
-12
-8
-7
-5
-3
-4
-3
-1
1
1
1
6
5
6
9
9
8
9
8
9
12
12
14
15
15
15
14
16
13
13
14
11
11
12
9
9
10
9
6
5
5
2
1
0
-4
-3
-2
-3
-3
-7
-9
-9
-11
-13
-12
-12
-15
-15
-11
-14
-14
-16
-14
-13
-14
-16
-18
-17
-18
-20
-20
-17
-18
-15
-15
-14
-15
-13
-12
-12
-9
-9
-12
-14
-9
-11
-10
-6
-3
0
1
4
2
4
8
7
9
11
10
11
13
13
15
20
19
22
24
24
22
24
24
20
19
17
14
13
13
10
11
10
9
9
5
2
3
2
-4
-8
-9
-11
-11
-12
-15
-16
-13
-14
-15
-13
-17
-16
-13
-15
-17
-15
-15
-15
-12
-13
-12
-10
-7
-6
-5
-5
-4
-3
0
1
1
5
6
4
6
7
9
11
12
15
17
16
19
19
18
19
21
19
23
24
24
26
27
26
27
27
23
24
18
16
15
15
14
12
11
10
9
6
3
0
-5
-6
-8
-6
-10
-14
-15
-16
-17
-20
-20
-21
-23
-23
-25
-26
-27
-29
-28
-28
-28
-26
-26
-24
-24
-23
-22
-21
-20
-20
-19
-16
-14
-13
-11
-9
-8
-6
-3
-4
-2
-2
0
1
1
3
3
4
5
6
4
5
5
4
5
7
7
8
10
11
8
12
12
10
12
12
10
8
11
7
6
7
7
6
4
6
4
6
7
3
3
1
-1
-2
-2
-3
-4
-5
-4
-3
-2
-2
0
0
0
1
-1
-2
-3
-3
-2
-1
1
1
6
8
7
9
9
8
10
9
9
10
9
8
9
12
16
17
19
21
20
21
19
20
20
17
16
14
16
15
14
13
14
13
11
9
6
3
1
-2
-1
-3
-3
-2
-4
-5
-7
-9
-11
-10
-12
-13
-12
-15
-16
-18
-17
-19
-21
-19
-21
-22
-20
-22
-19
-20
-20
-17
-19
-19
-17
-15
-14
-14
-14
-13
-13
-12
-13
-14
-13
-12
-12
-10
-9
-8
-6
-4
-4
-2
0
-1
-2
-1
1
1
2
2
4
4
6
5
7
9
9
10
9
9
8
7
6
7
8
7
6
6
6
5
5
4
6
5
0
2
1
-1
-2
-2
-4
-2
-2
-3
-4
-5
-5
-5
-4
-3
-3
-2
-2
0
1
2
2
3
5
6
7
8
8
9
12
11
11
14
14
14
16
15
14
15
14
13
15
14
14
17
18
17
18
16
15
16
15
13
11
10
11
8
7
6
6
6
6
8
7
6
6
3
2
0
-4
-5
-6
-5
-5
-7
-6
-6
-7
-6
-10
-12
-13
-13
-15
-18
-17
-19
-20
-22
-19
-19
-17
-16
-16
-14
-12
-12
-13
-14
-15
-14
-14
-14
-11
-11
-8
-6
-5
-3
-4
-4
-3
-2
-3
-2
0
1
2
2
2
0
-1
0
-1
-2
-5
-2
0
-2
-4
-4
-5
-5
-4
-4
-6
-4
-3
-4
-2
-2
-3
-4
-3
-3
-5
-2
-4
-4
-2
-1
-4
-2
0
1
1
1
2
0
1
2
1
2
3
4
5
5
6
5
6
8
8
6
6
6
4
4
3
4
6
5
7
8
9
10
8
10
11
12
11
11
12
13
15
17
19
18
21
20
19
18
19
18
16
16
16
13
9
8
7
7
8
7
7
7
7
4
1
-1
-2
-4
-5
-6
-6
-4
-4
-4
-4
-3
-4
-6
-7
-8
-8
-9
-9
-9
-7
-10
-11
-8
-9
-8
-6
-8
-9
-9
-7
-7
-7
-6
-5
-6
-7
-9
-10
-10
-8
-6
-5
-5
-4
-4
-5
-5
-5
-4
-5
-8
-6
-6
-7
-9
-9
-9
-7
-7
-5
-4
-4
-5
-6
-7
-7
-9
-8
-10
-11
-10
-12
-11
-11
-11
-13
-10
-9
-9
-7
-10
-7
-6
-7
-7
-4
-4
-4
-2
0
0
0
1
0
-2
-1
-1
1
2
1
0
2
4
2
5
5
7
8
9
8
8
10
8
10
12
12
14
16
16
17
18
15
15
16
15
12
17
18
15
18
18
17
17
17
13
14
13
9
10
10
11
9
11
9
8
8
8
6
6
5
3
3
0
0
2
1
0
0
-2
-3
-4
-2
-5
-6
-5
-5
-3
-6
-7
-5
-7
-6
-5
-6
-7
-5
-2
-2
-2
-2
-1
-1
0
-1
-1
0
-2
-4
-4
-2
-4
-4
-2
-4
-3
-4
-6
-5
-5
-6
-5
-5
-4
-5
-5
-5
-5
-7
-7
-8
-10
-8
-11
-14
-13
-12
-14
-15
-12
-14
-14
-12
-16
-16
-15
-16
-16
-13
-12
-11
-11
-8
-6
-8
-8
-6
-6
-7
-5
-6
-7
-5
-5
-6
-3
-2
-2
-2
-2
0
1
2
3
1
3
3
5
5
8
8
11
12
13
14
12
12
12
12
11
9
10
10
9
10
12
11
10
7
6
6
6
4
4
6
5
3
2
4
1
2
3
3
3
5
4
4
4
3
4
4
4
3
5
6
5
5
5
7
8
8
10
8
10
10
9
9
10
8
10
10
8
9
8
10
9
11
11
10
11
13
10
8
10
9
7
7
6
6
5
5
4
5
5
3
2
1
-1
-1
-3
-4
-6
-6
-7
-8
-9
-11
-10
-11
-11
-13
-12
-14
-15
-14
-16
-17
-20
-20
-22
-21
-23
-23
-22
-21
-22
-22
-21
-22
-20
-22
-22
-21
-21
-22
-20
-17
-16
-14
-12
-11
-11
-10
-9
-8
-8
-5
-4
-4
-2
-1
-1
2
6
6
9
11
10
10
6
9
9
7
8
8
7
9
8
9
9
9
10
10
7
9
10
9
10
11
11
13
13
11
11
10
10
10
11
9
9
8
6
8
7
7
5
6
6
6
5
3
1
3
0
-4
-2
-4
-6
-3
-4
-4
-4
-3
-6
-4
-2
-4
-3
-3
-1
1
3
5
6
7
9
10
9
10
9
8
11
12
11
12
14
15
15
17
19
18
16
16
14
12
11
9
9
10
11
10
11
10
8
6
2
2
0
0
-1
-1
-2
-4
-6
-5
-5
-7
-5
-6
-7
-8
-8
-12
-11
-12
-12
-12
-14
-15
-15
-16
-16
-15
-14
-17
-17
-18
-18
-20
-18
-18
-18
-18
-19
-19
-20
-19
-20
-20
-17
-16
-18
-16
-15
-16
-14
-11
-12
-12
-9
-8
-8
-7
-4
-3
-4
-2
-1
-2
-1
-2
-2
-1
0
-1
0
-1
0
0
-1
-1
2
2
3
7
5
6
7
8
7
9
11
9
10
12
12
11
9
10
11
10
10
12
14
13
12
10
11
7
7
8
8
8
7
9
8
8
6
7
7
7
6
8
8
7
11
9
9
10
9
9
9
11
12
12
12
12
13
12
14
12
14
15
14
15
16
16
15
15
15
14
14
12
11
10
7
7
6
4
2
2
0
-1
-2
-2
-5
-6
-6
-9
-10
-10
-12
-15
-12
-10
-11
-11
-11
-13
-14
-16
-16
-15
-16
-17
-17
-18
-19
-18
-17
-15
-16
-16
-15
-15
-12
-13
-11
-9
-10
-10
-12
-11
-9
-9
-9
-7
-9
-9
-7
-8
-8
-8
-8
-6
-10
-9
-10
-10
-10
-9
-7
-7
-7
-9
-7
-7
-9
-7
-7
-8
-9
-10
-11
-9
-9
-11
-10
-8
-7
-6
-6
-5
-5
-2
-2
-2
0
0
1
1
0
4
5
8
8
8
10
10
10
13
11
12
12
12
12
14
16
17
18
18
18
20
22
21
20
22
19
21
22
22
22
20
21
22
22
20
21
19
17
18
17
16
17
14
14
16
14
14
13
12
10
10
11
9
9
8
7
7
2
2
2
1
-1
-2
-2
-4
-5
-6
-3
-5
-7
-8
-10
-12
-15
-15
-15
-13
-15
-15
-15
-17
-15
-15
-20
-17
-17
-17
-15
-13
-11
-12
-10
-10
-11
-9
-11
-10
-10
-9
-9
-7
-7
-7
-7
-10
-6
-5
-5
-4
-5
-5
-6
-6
-7
-6
-6
-5
-4
-4
-4
-6
-7
-8
-6
-8
-9
-7
-8
-8
-7
-10
-10
-11
-9
-8
-8
-9
-9
-11
-12
-14
-13
-12
-13
-12
-10
-10
-9
-8
-8
-7
-6
-6
-4
-4
-3
-4
-3
1
0
3
4
6
5
8
10
13
15
17
17
15
16
15
15
18
20
22
23
23
23
22
20
18
18
17
16
15
15
14
15
16
15
14
15
15
16
16
14
15
13
12
12
10
10
11
10
11
11
12
9
11
9
8
9
6
6
8
7
3
7
9
6
5
4
4
4
4
5
4
4
1
-1
-2
-3
-5
-6
-6
-7
-8
-9
-10
-9
-12
-13
-12
-13
-14
-14
-14
-16
-17
-19
-19
-19
-20
-21
-22
-18
-18
-19
-18
-17
-15
-16
-16
-16
-17
-17
-18
-18
-18
-17
-17
-16
-15
-13
-12
-13
-12
-12
-8
-8
-10
-7
-7
-6
-7
-8
-9
-7
-7
-5
-5
-4
-2
-3
-2
-4
-4
-3
-1
-1
-2
0
2
3
2
2
3
5
4
6
7
5
5
9
9
13
13
13
15
17
15
14
14
13
14
15
14
15
16
16
14
12
13
12
13
12
11
11
11
10
11
12
10
9
10
12
13
10
12
10
8
8
6
4
4
6
6
7
5
6
7
6
5
6
5
3
3
2
2
1
0
-1
-1
0
0
1
0
-1
-2
-2
-1
-1
-2
-1
0
-2
-2
-2
-1
0
-1
0
-1
1
0
-1
-1
-2
-1
-1
-3
-5
-4
-3
-4
-4
-3
-3
-4
-3
-4
-5
-4
-7
-7
-8
-9
-11
-12
-10
-13
-11
-12
-11
-9
-10
-9
-10
-10
-12
-12
-14
-13
-12
-11
-10
-9
-9
-10
-11
-10
-9
-10
-8
-9
-8
-6
-6
-7
-7
-7
-6
-5
-7
-5
-4
-3
0
1
1
0
-1
0
-2
-3
-1
-1
0
0
-1
1
1
0
1
1
1
1
-1
0
-1
-1
0
0
1
0
2
3
6
6
7
7
6
8
7
8
7
10
11
12
12
13
12
11
14
14
13
15
14
15
13
14
13
14
14
14
12
13
13
13
14
16
16
12
14
15
14
14
13
11
9
10
8
7
8
7
6
6
3
3
4
2
2
1
-1
-2
-1
-1
-3
-3
-4
-3
-3
-4
-6
-6
-7
-9
-11
-10
-12
-11
-10
-10
-9
-8
-8
-9
-8
-8
-8
-10
-8
-9
-8
-9
-9
-9
-10
-9
-9
-10
-10
-9
-8
-8
-9
-8
-9
-8
-11
-10
-9
-10
-10
-9
-8
-8
-9
-7
-7
-9
-10
-10
-8
-8
-7
-5
-4
-4
-4
-3
-2
0
1
-1
1
0
0
0
-1
-3
-1
-1
-1
-1
-2
-1
-1
0
-1
0
0
-2
-2
0
0
0
1
3
2
2
3
2
2
2
1
0
0
0
-2
0
1
1
0
0
-1
-1
0
-1
1
1
1
4
4
5
6
5
6
7
9
8
10
13
13
13
16
16
18
19
18
20
20
19
19
21
20
20
19
20
19
19
17
16
15
15
15
14
13
12
13
11
11
10
9
8
7
5
4
1
-2
-1
-4
-6
-6
-5
-7
-8
-9
-9
-9
-11
-12
-13
-13
-15
-14
-13
-13
-12
-13
-13
-14
-15
-14
-15
-16
-16
-14
-16
-13
-14
-15
-16
-14
-13
-14
-12
-12
-12
-12
-14
-13
-13
-12
-10
-10
-11
-9
-6
-7
-6
-7
-6
-6
-4
-5
-5
-3
-3
-1
-1
-2
-2
-3
-4
-4
-3
0
-1
1
-1
-1
0
0
0
3
3
3
3
1
2
2
2
2
2
3
2
0
0
2
1
1
1
0
1
2
3
4
2
3
2
1
2
4
2
4
6
7
7
7
7
8
7
7
8
6
4
9
10
10
11
13
14
13
14
13
14
14
14
13
12
11
9
9
10
11
11
11
11
10
8
5
4
4
5
4
4
7
9
9
8
8
6
6
6
6
5
7
7
7
6
7
5
3
1
-2
1
0
0
-1
-3
-4
-5
-5
-8
-9
-6
-6
-7
-6
-7
-8
-10
-10
-10
-12
-13
-12
-13
-12
-13
-13
-15
-14
-12
-13
-13
-15
-16
-16
-14
-14
-14
-14
-14
-14
-12
-12
-15
-14
-12
-12
-11
-9
-10
-9
-8
-5
-5
-3
-5
-3
-4
-6
-5
-7
-6
-8
-6
-6
-5
-6
-7
-5
-4
-3
-3
-2
-1
-1
-1
0
-1
0
2
4
4
7
8
9
8
8
7
8
8
10
11
11
12
11
12
11
9
12
12
12
10
11
11
11
11
11
12
10
11
9
10
7
8
10
9
9
9
8
9
8
8
10
12
10
12
12
11
10
8
8
6
5
4
2
2
3
3
4
3
5
3
4
3
4
3
3
2
1
4
3
2
3
3
0
-1
-2
-5
-7
-6
-7
-8
-6
-9
-8
-6
-5
-6
-6
-5
-6
-7
-7
-8
-8
-8
-8
-7
-7
-7
-8
-8
-8
-7
-8
-5
-6
-6
-5
-5
-6
-5
-7
-8
-7
-8
-9
-9
-8
-10
-10
-10
-9
-11
-11
-10
-11
-11
-10
-10
-9
-8
-7
-8
-7
-7
-7
-5
-5
-5
-4
-4
-4
-3
-4
-5
-2
-2
-3
-1
-1
2
3
3
5
8
7
7
9
7
8
7
7
9
10
11
12
9
8
11
10
7
6
3
5
3
2
2
1
3
3
3
3
2
1
2
-1
-2
0
-1
0
-1
-2
-3
-1
0
-1
0
1
3
5
3
2
2
1
2
3
7
6
7
9
11
12
13
13
13
13
9
8
10
9
9
11
11
8
11
10
9
9
11
13
12
10
8
8
5
4
7
6
5
7
7
7
6
4
2
1
0
2
2
-1
-1
-1
-3
-5
-7
-8
-9
-10
-10
-9
-12
-12
-12
-12
-13
-15
-14
-13
-14
-14
-12
-12
-9
-9
-11
-13
-13
-16
-17
-16
-17
-18
-18
-19
-18
-18
-18
-19
-18
-17
-18
-16
-16
-15
-15
-15
-15
-12
-12
-12
-11
-8
-7
-5
-4
-2
1
1
4
6
7
9
10
12
12
12
13
13
15
13
14
15
14
16
15
18
15
15
16
16
15
12
13
12
11
13
10
11
10
8
8
8
8
9
9
9
8
6
4
3
1
2
3
2
4
1
1
0
-1
0
-2
-1
0
1
2
1
-1
0
-1
-2
-3
-4
-5
-4
-3
-3
-3
-2
-1
-1
-3
-1
-1
-2
-1
0
-1
2
5
6
7
8
8
9
9
8
7
7
8
8
7
8
9
10
10
9
10
7
5
5
4
3
2
1
1
1
-1
0
-2
-3
-5
-7
-8
-9
-9
-10
-11
-13
-13
-12
-13
-14
-15
-16
-15
-16
-14
-15
-14
-14
-15
-16
-15
-15
-16
-14
-15
-13
-14
-13
-13
-13
-12
-12
-11
-10
-10
-9
-11
-11
-10
-9
-6
-5
-4
-3
-3
-4
-4
-1
-3
-1
0
1
2
3
5
5
7
6
6
8
9
9
10
14
15
12
17
18
15
16
14
13
14
16
16
17
16
16
15
15
14
14
14
13
12
9
9
7
7
9
8
8
9
7
8
7
6
5
2
1
1
-1
0
-1
-1
0
-1
0
-2
0
-1
-3
-4
-3
-3
-5
-4
-5
-3
-3
-3
-3
-2
-1
-1
-3
-4
-1
-3
-3
-4
-2
-1
2
0
1
0
-1
0
-1
-1
-1
0
-2
-1
-3
-2
-1
-1
0
-1
1
2
0
-1
-1
-1
-3
-1
-1
-2
-1
-1
-2
-1
-4
-3
-1
-2
-3
-4
-4
-4
-4
-4
-4
-5
-4
-7
-6
-7
-7
-6
-7
-8
-8
-6
-8
-7
-7
-5
-7
-6
-5
-6
-6
-8
-9
-8
-9
-10
-8
-9
-9
-7
-7
-7
-8
-8
-9
-8
-10
-7
-6
-8
-7
-5
-4
-2
-1
-2
-2
0
1
3
3
5
4
3
6
7
7
6
9
10
12
14
14
15
15
17
14
15
13
13
13
13
16
13
14
15
14
15
17
16
16
15
13
14
14
14
14
14
14
13
11
10
9
8
10
8
6
5
3
2
1
0
-1
-2
-4
-5
-6
-7
-6
-6
-7
-7
-8
-10
-11
-13
-15
-13
-13
-14
-15
-14
-14
-14
-13
-12
-10
-11
-9
-7
-8
-8
-8
-9
-7
-6
-6
-8
-5
-3
-2
-1
-3
-3
-2
-1
-2
1
1
2
3
4
5
4
4
2
3
2
3
3
4
2
3
4
2
2
2
2
2
0
-1
-1
-2
-4
-2
-2
-3
-2
-2
-3
-4
-6
-6
-7
-7
-8
-8
-7
-6
-5
-7
-8
-6
-7
-7
-7
-7
-7
-8
-7
-9
-8
-7
-7
-6
-5
-5
-6
-7
-5
-5
-5
-5
-5
-3
-2
-1
0
0
2
3
4
3
5
5
5
4
3
5
5
7
9
9
9
12
12
10
12
14
15
16
18
18
20
20
21
23
22
22
19
20
20
20
20
18
19
18
17
15
14
14
14
12
11
10
8
9
6
4
2
0
0
0
-2
-4
-7
-7
-8
-8
-10
-9
-11
-13
-13
-14
-13
-11
-13
-14
-13
-14
-15
-16
-15
-16
-16
-18
-17
-15
-14
-14
-15
-14
-14
-14
-14
-12
-13
-12
-10
-10
-10
-11
-11
-10
-9
-9
-8
-8
-8
-7
-8
-8
-8
-7
-4
-6
-4
-4
-2
-2
-2
-1
0
1
3
3
2
2
2
2
1
1
2
1
4
4
5
5
3
6
5
6
6
7
6
7
8
5
5
4
3
3
2
2
0
0
2
1
3
1
3
5
3
5
6
5
6
9
6
7
9
8
7
7
8
6
7
8
6
5
5
8
6
9
8
9
8
7
9
6
8
9
11
11
9
9
9
8
4
5
3
3
4
5
3
2
3
3
3
2
0
1
1
0
-1
0
1
0
0
0
0
-1
-3
-3
-3
-5
-6
-6
-5
-7
-9
-7
-7
-6
-5
-5
-6
-5
-7
-6
-8
-8
-6
-8
-8
-8
-7
-8
-8
-8
-8
-8
-8
-9
-8
-5
-7
-8
-6
-5
-4
-4
-3
-5
-4
-6
-3
-3
-3
-3
-5
-2
-5
-6
-6
-7
-7
-9
-9
-7
-6
-9
-8
-10
-9
-8
-6
-5
-7
-5
-6
-5
-3
-5
-3
-2
-2
-3
2
1
0
5
6
4
5
7
7
8
9
9
10
11
11
11
11
11
10
13
11
9
9
7
7
5
4
4
4
4
3
4
1
2
4
2
1
1
-2
-1
-1
0
1
2
5
4
5
6
6
9
7
7
6
7
8
11
10
11
14
14
14
17
14
13
11
10
10
9
11
7
8
7
6
7
5
5
4
3
3
4
2
3
1
0
-2
-3
-4
-5
-3
-5
-5
-6
-5
-4
-7
-6
-7
-8
-9
-10
-9
-9
-9
-9
-10
-9
-10
-13
-12
-11
-13
-12
-14
-13
-14
-15
-15
-14
-16
-14
-15
-15
-14
-15
-14
-14
-14
-14
-13
-12
-10
-9
-7
-7
-7
-8
-7
-8
-8
-7
-7
-7
-5
-7
-7
-7
-7
-8
-7
-6
-7
-5
-5
-5
-5
-1
0
1
4
4
6
6
8
9
12
11
13
14
13
16
17
19
19
19
18
20
21
21
21
21
20
19
18
17
16
15
15
15
15
15
13
10
10
9
8
6
4
5
4
3
3
2
3
2
1
-1
-1
0
-3
-2
-2
-3
-4
-4
-5
-5
-3
-5
-3
-2
-3
-2
0
1
2
4
2
1
4
2
1
2
2
2
2
-1
0
0
-1
-1
-1
-2
-5
-3
-4
-3
-2
-3
-3
-3
-4
-4
-4
-4
-4
-4
-4
-3
-6
-4
-4
-5
-6
-5
-6
-8
-9
-5
-7
-9
-8
-10
-11
-11
-12
-12
-13
-12
-12
-13
-13
-13
-9
-11
-12
-13
-12
-12
-11
-8
-8
-9
-8
-6
-6
-4
-3
-1
1
1
0
-1
-1
0
-1
-1
-2
0
0
0
1
2
1
0
1
2
2
2
3
4
6
5
6
6
7
5
6
6
8
7
6
7
6
7
8
11
12
12
12
10
10
12
10
8
9
11
10
11
12
11
12
11
10
10
10
8
6
5
6
5
5
7
6
7
5
6
7
4
2
2
3
1
2
1
1
3
3
3
2
3
2
2
2
1
2
2
3
2
2
1
0
1
0
-2
-2
-3
-3
-3
-4
-5
-4
-5
-5
-5
-4
-6
-5
-5
-7
-6
-9
-6
-5
-3
-3
-4
-3
-3
-3
-5
-5
-7
-6
-6
-8
-8
-9
-9
-8
-10
-10
-10
-10
-10
-11
-10
-11
-12
-11
-11
-10
-11
-10
-7
-6
-5
-5
-4
-4
-4
-3
-4
-3
-2
-3
-2
-2
-1
0
-1
-2
-1
-2
-4
-3
-3
-4
0
-1
1
0
-1
-1
0
0
0
3
1
2
2
4
4
4
5
3
2
1
0
0
0
4
4
3
2
2
2
2
3
3
2
3
5
4
3
5
7
5
7
7
10
11
9
10
10
9
9
11
9
9
11
9
9
11
10
11
12
12
15
12
13
13
14
14
13
14
13
12
10
10
11
10
8
9
10
8
8
8
7
6
6
5
5
6
4
3
2
3
1
-1
-2
-5
-6
-9
-10
-10
-11
-14
-15
-15
-15
-16
-16
-16
-16
-17
-17
-15
-16
-17
-16
-16
-16
-16
-15
-16
-14
-13
-12
-12
-13
-13
-14
-13
-12
-12
-13
-12
-10
-8
-8
-6
-5
-4
-4
-6
-6
-6
-7
-7
-6
-6
-4
-4
-3
-1
0
-1
-1
0
0
-2
-2
-1
0
0
1
-1
-2
-1
0
0
1
0
2
1
3
3
4
5
5
9
10
10
10
9
9
9
9
10
11
11
12
12
12
13
13
12
11
10
6
7
7
8
8
5
7
6
8
6
7
6
6
5
5
5
5
3
3
3
3
3
3
2
3
4
2
3
4
5
5
4
6
5
5
6
7
6
7
7
6
6
3
4
3
1
1
2
2
0
2
3
2
1
1
0
1
1
1
3
2
2
3
3
3
3
0
0
-2
-4
-3
-3
-3
-3
-4
-4
-2
-2
-1
0
-2
-4
-2
-3
-3
-4
-4
-5
-7
-7
-10
-13
-12
-16
-19
-20
-20
-20
-21
-20
-21
-21
-20
-20
-22
-19
-20
-22
-20
-20
-19
-19
-17
-15
-14
-13
-12
-11
-10
-10
-9
-10
-8
-6
-4
-3
-3
-1
1
2
3
5
5
5
5
6
7
6
9
11
11
12
13
13
13
14
13
13
13
15
14
15
16
14
16
16
17
17
16
15
15
13
10
11
11
11
10
8
9
7
8
9
7
6
7
8
9
9
10
8
9
9
10
10
10
8
6
8
5
4
3
0
1
3
2
1
1
-1
0
0
-1
-1
-1
-1
-2
-2
-2
-3
-1
-1
-3
-3
-5
-6
-5
-7
-6
-2
-1
-3
-3
-4
-3
-3
-2
-1
0
1
2
3
2
2
3
1
2
3
2
3
2
1
-1
-1
-1
0
-2
-3
-4
-4
-5
-3
-4
-7
-7
-8
-6
-8
-8
-8
-10
-11
-13
-14
-13
-14
-17
-17
-18
-17
-19
-19
-18
-18
-19
-20
-18
-19
-19
-20
-19
-18
-19
-18
-19
-18
-16
-16
-14
-14
-12
-11
-11
-8
-9
-8
-6
-7
-5
-3
0
3
4
5
8
8
12
10
9
11
10
12
13
17
19
22
23
23
23
22
23
22
22
22
23
25
24
21
21
21
20
21
19
19
18
19
18
18
16
15
15
14
13
14
15
15
14
15
14
12
10
7
8
8
9
7
6
7
3
3
3
1
1
-1
-1
-2
-1
-3
-4
-3
-4
-7
-8
-7
-10
-11
-10
-9
-10
-10
-10
-10
-11
-10
-9
-12
-12
-12
-12
-11
-11
-9
-11
-12
-11
-12
-11
-9
-9
-10
-9
-8
-7
-7
-7
-5
-5
-5
-5
-6
-8
-8
-8
-8
-6
-8
-7
-7
-8
-8
-5
-6
-5
-5
-6
-8
-8
-7
-7
-8
-7
-7
-9
-11
-8
-6
-7
-8
-8
-7
-8
-9
-11
-11
-11
-10
-9
-8
-8
-6
-4
-6
-6
-5
-6
-4
-3
-4
-4
-2
-1
2
2
5
6
5
6
6
7
6
7
9
10
11
11
12
12
12
12
13
13
15
14
14
14
13
10
13
13
12
11
11
11
10
10
14
12
13
14
13
15
15
14
14
15
15
15
14
13
12
12
11
12
14
12
13
13
12
10
9
8
8
11
9
9
7
6
5
5
6
4
2
1
-2
-2
-3
-5
-8
-7
-8
-8
-9
-9
-8
-8
-9
-9
-11
-12
-14
-16
-15
-15
-15
-13
-11
-12
-13
-13
-14
-14
-17
-14
-16
-16
-15
-16
-14
-14
-12
-11
-11
-10
-12
-12
-10
-13
-12
-13
-11
-11
-11
-7
-8
-6
-7
-7
-7
-8
-8
-7
-6
-5
-5
-2
-1
-1
1
-2
-1
0
-2
-2
-2
-3
-2
-4
-2
-3
-3
-4
-2
-1
0
0
0
1
0
0
2
1
3
3
1
2
3
3
4
3
4
4
4
5
5
6
6
7
8
9
9
9
9
9
10
10
8
11
10
11
12
9
9
10
10
10
10
10
11
11
12
11
11
12
13
12
11
12
11
12
13
11
12
10
9
9
8
7
6
5
4
5
5
6
6
8
7
5
7
6
5
3
5
3
-1
-1
1
0
-1
-2
-2
-1
0
0
0
-1
-2
-2
-3
-4
-4
-4
-5
-4
-5
-4
-4
-5
-4
-6
-5
-7
-9
-8
-10
-10
-9
-8
-10
-10
-10
-10
-12
-13
-16
-16
-16
-16
-15
-14
-15
-16
-14
-13
-17
-17
-16
-16
-15
-15
-13
-13
-11
-10
-12
-11
-11
-11
-9
-9
-8
-7
-9
-9
-8
-6
-7
-6
-5
-5
-6
-6
-5
-3
-3
-3
-2
-3
-1
-1
0
2
2
3
3
3
4
3
1
5
5
6
7
8
9
9
11
11
13
12
12
11
11
10
11
12
11
12
12
12
12
14
13
14
12
11
12
12
13
13
12
13
13
12
12
12
10
11
9
9
10
9
8
8
9
9
10
9
8
6
6
7
7
8
7
8
9
8
9
10
7
7
8
7
7
5
6
5
5
7
6
7
5
3
0
-2
-1
-4
-5
-4
-5
-5
-4
-4
-5
-4
-7
-8
-8
-9
-10
-10
-9
-12
-14
-15
-15
-15
-17
-15
-15
-15
-16
-17
-17
-19
-18
-20
-18
-16
-18
-16
-17
-18
-16
-17
-19
-19
-17
-19
-18
-17
-15
-12
-12
-13
-10
-12
-12
-11
-12
-10
-8
-7
-8
-7
-7
-5
-4
-3
-4
-3
-2
-1
-1
0
-1
1
3
5
6
7
6
7
6
5
7
7
9
9
11
11
12
13
15
13
12
12
12
11
13
12
12
12
13
12
10
10
11
10
11
10
12
12
10
11
9
10
13
13
11
13
12
14
12
10
10
9
11
10
11
9
9
9
9
9
6
6
5
4
2
3
3
3
2
2
3
3
1
1
1
1
3
0
2
4
2
3
5
6
8
7
7
8
8
7
6
4
1
0
0
-1
0
-4
-3
-2
-2
-3
-5
-8
-7
-8
-9
-9
-9
-12
-13
-13
-13
-15
-16
-17
-18
-18
-19
-19
-19
-18
-17
-16
-16
-18
-15
-15
-15
-15
-16
-16
-15
-17
-16
-15
-15
-14
-14
-13
-11
-11
-12
-12
-9
-12
-11
-12
-9
-8
-6
-3
-3
-2
-4
0
-3
-1
0
-2
-2
-1
0
0
2
4
2
3
5
5
3
3
6
6
8
9
8
12
13
15
17
18
18
16
16
16
18
13
12
13
14
12
12
11
12
12
11
10
10
8
6
6
7
7
7
8
10
9
8
12
8
7
7
6
5
6
4
4
4
4
3
5
5
3
7
6
4
3
2
3
2
1
-1
1
0
0
1
2
1
3
4
5
5
4
6
6
4
6
6
5
6
6
6
5
3
4
4
2
0
0
-1
1
-3
-1
-2
-2
-2
-3
-4
-5
-4
-6
-8
-9
-10
-10
-10
-13
-14
-12
-14
-15
-14
-14
-16
-17
-16
-17
-20
-22
-19
-18
-17
-15
-14
-13
-13
-12
-13
-12
-14
-16
-16
-15
-14
-14
-13
-14
-12
-12
-12
-11
-12
-11
-12
-11
-10
-9
-7
-5
-4
-1
1
0
1
4
2
3
1
2
1
2
4
5
7
9
11
11
13
13
14
13
14
14
14
13
13
10
11
11
11
12
12
13
12
13
11
10
8
8
9
8
10
11
14
14
13
14
11
8
8
8
8
8
8
7
8
9
9
7
8
7
6
7
5
7
8
7
9
9
8
7
8
5
5
3
1
2
1
-1
1
1
1
0
-1
2
2
1
2
2
1
-1
-1
0
0
-1
0
0
0
-1
-1
-2
-2
-4
-4
-7
-7
-4
-6
-5
-5
-4
-5
-5
-3
-6
-8
-8
-10
-11
-11
-12
-11
-12
-15
-14
-12
-12
-12
-14
-13
-13
-14
-13
