8
6
3
3
1
-2
-3
-3
-4
-5
-2
-2
-5
-7
-6
-6
-7
-7
-8
-7
-6
-6
-7
-5
-7
-6
-6
-7
-10
-11
-11
-12
-12
-13
-12
-13
-12
-13
-13
-14
-17
-16
-17
-17
-18
-17
-17
-16
-18
-16
-15
-15
-13
-12
-11
-10
-9
-10
-10
-10
-11
-8
-8
-9
-6
-6
-7
-5
-4
-7
-2
-3
-5
-5
-6
-7
-8
-8
-9
-7
-5
-6
-5
-6
-6
-6
-8
-8
-9
-8
-10
-6
-6
-6
-6
-5
-5
-4
-3
-3
-1
0
3
2
2
2
2
2
3
8
9
10
12
13
10
11
11
12
14
15
17
18
20
21
20
18
18
17
16
15
13
15
15
17
16
18
19
19
20
22
21
19
20
21
19
17
15
16
16
13
14
11
12
12
11
10
10
8
7
7
7
6
5
4
4
3
3
1
2
3
1
-1
-2
-4
-6
-9
-11
-12
-13
-10
-10
-11
-13
-13
-14
-15
-15
-13
-15
-16
-15
-16
-15
-17
-17
-16
-14
-15
-14
-13
-14
-13
-15
-14
-11
-11
-12
-10
-9
-10
-9
-9
-10
-11
-11
-11
-8
-7
-4
-3
-2
-1
-6
-5
-4
-4
-5
-4
-2
-2
-1
1
-2
-2
-3
-5
-5
-5
-6
-5
-3
-4
-4
-3
-3
-4
-6
-5
-2
-4
-5
-5
-3
-4
-2
-1
-1
0
1
1
1
-2
-3
-4
-4
-3
-3
1
2
2
3
4
2
3
3
3
5
7
7
6
8
10
11
12
13
12
13
13
12
10
12
12
11
9
9
10
9
12
10
11
10
11
11
7
9
11
11
10
11
12
11
10
11
10
11
13
14
15
14
14
12
10
9
6
8
7
10
9
11
13
11
10
11
11
9
8
7
4
4
2
1
-1
-1
-2
-2
-3
-5
-6
-7
-8
-8
-11
-11
-11
-13
-13
-13
-11
-14
-15
-16
-17
-17
-16
-16
-18
-17
-16
-15
-14
-15
-16
-14
-12
-13
-13
-11
-11
-13
-14
-11
-13
-12
-9
-11
-12
-9
-8
-10
-9
-9
-8
-8
-6
-8
-7
-5
-7
-7
-7
-4
-7
-7
-4
-4
-5
-4
-4
-4
-4
-3
-1
-1
-3
0
-1
0
0
-3
1
2
1
-1
0
0
0
3
4
5
6
5
4
5
3
4
5
7
6
7
7
6
6
8
10
10
8
9
9
8
9
10
8
7
10
9
10
13
12
12
13
13
11
12
14
14
12
13
14
13
14
14
15
12
15
16
15
13
13
13
11
9
11
11
9
9
10
9
8
7
4
6
6
7
6
6
6
3
2
2
2
1
3
2
1
1
3
2
-1
-2
-4
-6
-6
-4
-4
-7
-7
-8
-13
-16
-14
-16
-17
-15
-15
-17
-14
-15
-17
-17
-17
-18
-17
-19
-16
-17
-16
-15
-14
-14
-15
-15
-16
-14
-13
-11
-11
-13
-11
-9
-11
-11
-11
-11
-10
-10
-10
-11
-11
-9
-7
-9
-7
-4
-2
-1
1
1
2
3
3
0
2
1
2
4
5
5
4
6
5
5
5
6
6
7
3
3
5
5
5
5
6
5
5
4
2
0
2
3
2
5
5
2
2
3
2
1
3
3
4
4
4
4
3
3
4
5
6
5
5
6
7
7
8
10
9
10
13
13
12
11
13
12
12
12
12
12
12
14
13
12
10
12
10
12
12
9
9
11
13
12
12
13
13
11
9
8
5
7
7
7
8
7
9
9
9
7
7
5
3
-1
-3
-4
-4
-5
-4
-6
-9
-8
-10
-11
-13
-12
-12
-15
-15
-17
-17
-19
-19
-19
-20
-18
-18
-20
-19
-19
-19
-21
-22
-22
-21
-21
-22
-20
-21
-20
-18
-17
-16
-16
-13
-13
-12
-16
-15
-12
-12
-11
-9
-9
-9
-7
-6
-7
-6
-4
-1
0
1
5
3
4
5
3
1
3
5
4
9
7
9
11
11
9
8
7
7
10
10
12
14
15
12
10
8
6
7
9
10
11
11
14
12
9
9
6
6
4
6
9
7
10
10
11
7
4
3
2
2
2
8
8
8
8
4
1
-2
-3
-4
1
5
8
11
11
12
9
7
3
2
3
5
7
8
10
9
11
6
5
5
4
5
5
6
7
7
4
2
2
0
-2
0
0
1
2
4
3
1
0
-4
-2
-5
-4
-4
-2
2
2
2
3
1
1
-1
-2
-5
-7
-5
-3
-4
-5
-7
-7
-10
-15
-15
-15
-13
-13
-12
-10
-10
-12
-15
-15
-17
-20
-19
-20
-18
-18
-19
-17
-14
-17
-17
-17
-17
-16
-16
-14
-13
-11
-9
-7
-7
-5
-5
-5
-5
-5
-4
-4
-2
-3
0
3
4
7
5
6
6
6
6
5
5
5
5
6
7
8
8
7
7
8
7
8
9
10
9
9
10
10
9
11
11
11
13
12
11
11
10
9
7
8
8
10
10
9
9
7
8
7
6
5
8
11
10
9
9
9
6
5
3
3
3
5
8
7
6
3
4
2
0
-1
1
4
4
6
6
7
5
3
2
-1
-3
-2
-4
-3
-2
1
3
4
2
3
4
2
1
0
-1
-3
-5
-3
-3
-4
-3
-1
0
-2
-2
-4
-3
-6
-4
-5
-5
-4
-7
-7
-9
-8
-7
-8
-9
-8
-6
-9
-10
-11
-11
-13
-13
-16
-17
-17
-14
-14
-15
-14
-14
-14
-14
-14
-12
-11
-11
-9
-11
-9
-9
-10
-10
-8
-8
-3
-2
-5
-2
-3
-2
1
1
1
2
6
6
5
6
8
6
7
9
8
6
8
8
6
8
7
6
7
9
10
9
10
9
10
9
9
7
5
5
5
6
5
5
4
3
2
2
0
2
5
8
9
11
12
9
9
8
9
7
9
5
6
4
1
0
-2
-4
-2
-3
-2
1
1
3
4
6
5
3
5
6
7
3
6
3
5
4
3
0
-3
-2
-5
-5
-3
-1
0
-2
3
1
0
1
2
2
0
2
2
-2
-3
-4
-9
-10
-9
-11
-9
-6
-5
-4
-1
4
4
6
8
10
10
8
6
5
1
-2
-3
-7
-12
-13
-11
-11
-11
-10
-6
-3
-2
0
1
0
-1
-2
-6
-9
-11
-11
-14
-15
-16
-17
-20
-20
-19
-17
-16
-15
-12
-10
-6
-4
-1
3
4
5
4
4
0
-3
-6
-9
-8
-8
-7
-6
-6
-3
2
5
8
14
17
18
20
19
18
17
15
12
8
5
3
1
-1
-3
-5
-4
-1
1
4
8
10
14
15
16
16
13
12
8
7
3
-1
-3
-9
-10
-12
-13
-14
-12
-8
-4
0
4
9
8
9
11
9
8
8
9
8
3
4
4
2
-2
-5
-4
-4
-2
0
5
10
9
13
18
17
16
18
17
13
9
6
4
-1
-5
-5
-8
-8
-8
-8
-9
-8
-5
-4
-2
0
4
5
6
5
4
5
2
1
-4
-10
-11
-15
-18
-16
-17
-13
-11
-9
-6
-5
-2
1
-1
0
4
1
0
-3
-6
-9
-11
-9
-13
-14
-11
-9
-11
-9
-6
-6
-1
2
3
2
-2
1
-1
-3
-2
-4
-5
-7
-8
-10
-14
-13
-11
-9
-8
-6
-3
1
4
7
7
7
8
8
9
6
5
2
-1
-3
-4
-5
-6
-4
-5
0
1
2
3
5
7
7
5
5
4
1
1
0
1
-1
-2
1
2
0
5
9
8
9
13
11
10
9
9
8
5
6
5
6
4
2
2
2
1
2
6
7
10
11
12
12
14
15
12
10
9
8
7
5
2
0
-1
-1
0
0
1
3
3
5
5
5
7
7
6
5
5
3
2
-1
-4
-6
-8
-10
-12
-15
-14
-11
-9
-7
-6
-3
-1
-2
-2
-2
-3
-2
-2
-5
-7
-10
-12
-13
-14
-14
-14
-16
-14
-11
-9
-8
-7
-5
-3
-3
-3
-3
-4
0
3
1
1
1
-1
-3
-5
-2
-3
-2
1
1
0
1
-1
-1
0
-1
2
5
5
3
1
1
0
-4
-5
-5
-8
-7
-6
-4
-2
-3
-3
-1
0
-1
2
3
3
2
1
0
0
-2
-2
-2
-3
2
4
4
7
6
6
5
7
5
5
6
6
6
3
2
2
1
2
1
1
2
2
4
2
2
4
2
1
5
4
6
7
8
7
6
6
6
5
2
4
4
3
4
6
5
6
7
8
10
10
12
11
9
11
10
9
9
7
6
5
2
2
1
0
1
1
2
5
3
4
5
3
1
0
0
-2
-3
-3
-3
-5
-7
-7
-11
-12
-10
-8
-8
-10
-8
-8
-8
-7
-9
-11
-11
-10
-11
-11
-9
-10
-11
-10
-12
-16
-16
-16
-17
-16
-14
-13
-13
-10
-8
-8
-10
-8
-6
-4
-4
-3
-1
-2
-1
-2
-3
-5
-5
-3
-1
1
3
6
5
6
5
4
4
3
4
4
5
6
7
5
5
4
4
2
3
5
4
3
4
6
6
5
7
7
6
7
9
7
5
7
4
3
4
4
3
5
5
5
5
4
3
2
5
6
6
8
7
7
6
5
5
3
3
4
4
5
6
6
5
5
5
2
2
1
2
2
4
4
1
0
1
0
-2
-1
-1
1
3
2
3
4
3
5
3
3
2
1
4
1
1
0
0
-1
-1
-1
-1
0
-2
-2
-3
-3
-3
-2
-2
-4
-5
-5
-7
-6
-6
-4
-7
-8
-10
-10
-10
-12
-15
-12
-10
-13
-8
-7
-6
-6
-4
-6
-8
-10
-11
-11
-11
-10
-9
-7
-9
-7
-11
-8
-7
-6
-6
-6
-3
-2
0
1
-1
-1
1
-2
-3
0
1
4
6
3
-1
-1
0
0
2
4
4
8
9
8
7
3
2
0
2
2
5
5
7
8
9
8
9
8
7
8
8
9
8
9
7
7
5
2
1
2
2
1
4
1
-2
-2
0
-1
-2
0
2
2
3
4
5
5
2
5
3
2
3
3
5
5
5
5
4
4
5
5
6
10
7
7
7
7
7
3
2
4
4
5
4
2
1
-1
-2
-2
-3
-2
2
2
4
4
4
3
1
-1
-4
-6
-7
-11
-10
-11
-10
-9
-9
-7
-9
-6
-7
-4
-4
-1
1
2
4
3
1
-1
-1
-2
-2
-1
-1
-3
-3
-3
-4
-8
-7
-5
-6
-8
-6
-6
-6
-4
-5
-8
-10
-12
-12
-14
-16
-16
-14
-16
-14
-13
-12
-10
-8
-6
-6
-6
-3
-1
-3
-2
0
0
-3
-2
-5
-7
-7
-7
-4
-5
-3
-1
1
1
4
7
9
11
14
15
12
14
13
9
8
6
4
2
3
3
2
3
4
6
6
7
7
10
9
8
10
10
10
9
7
8
7
7
7
10
9
11
14
15
16
16
16
15
12
12
14
13
12
8
7
4
3
4
3
1
2
3
0
2
1
1
2
3
4
3
0
1
0
-3
-5
0
0
-2
-3
-4
-7
-12
-11
-12
-15
-18
-17
-15
-13
-12
-12
-8
-8
-8
-8
-11
-9
-12
-12
-9
-11
-11
-10
-10
-12
-10
-6
-5
-5
-6
-2
-3
-2
0
2
2
3
3
3
3
1
1
-1
-5
-6
-6
-5
-5
-4
-3
1
-1
1
3
2
1
2
3
-2
-1
-1
-4
-7
-8
-8
-7
-9
-8
-7
-8
-6
-5
-4
-3
0
4
3
4
5
4
3
2
2
1
-2
-3
-3
-1
0
0
2
2
4
3
6
6
8
8
5
7
5
4
3
2
0
-1
0
1
-1
-2
1
2
3
2
5
7
9
12
12
11
12
14
10
10
11
9
8
10
12
12
11
14
16
15
15
16
12
11
15
14
12
15
15
12
11
12
10
6
6
5
4
0
0
-2
-4
-3
-5
-5
-5
-1
-1
-4
-5
-6
-9
-14
-13
-15
-16
-16
-17
-17
-18
-19
-16
-15
-14
-12
-11
-11
-11
-10
-12
-11
-10
-11
-10
-11
-10
-10
-9
-9
-6
-6
-5
-3
0
-2
-4
-4
-5
-4
-5
-6
-8
-6
-6
-6
-6
-5
-3
-3
-3
-5
-5
-3
-1
-3
-4
-2
-3
-4
-3
-1
-1
-1
1
2
1
0
0
0
-2
-3
-3
0
-2
1
3
2
1
3
4
2
3
4
7
4
5
3
5
3
1
0
-3
-4
-3
-2
0
3
5
6
8
9
9
9
10
11
9
8
6
8
7
5
3
3
6
5
6
6
8
9
9
9
9
9
10
11
12
14
17
17
18
21
21
20
18
18
16
15
14
15
15
16
14
11
12
10
8
8
7
5
2
1
-2
-2
-4
-6
-9
-10
-11
-13
-14
-13
-13
-13
-12
-12
-14
-15
-18
-17
-17
-17
-18
-18
-18
-20
-18
-17
-14
-15
-13
-13
-12
-11
-11
-11
-12
-15
-15
-16
-16
-15
-16
-13
-14
-11
-11
-11
-9
-11
-11
-9
-8
-6
-6
-4
-2
-2
-2
0
2
0
2
2
3
3
2
3
3
3
2
4
5
8
11
10
10
11
14
16
16
17
15
13
13
13
9
9
10
5
6
6
3
3
4
3
1
0
0
-3
-8
-7
-6
-10
-10
-10
-10
-12
-14
-12
-12
-12
-9
-7
-6
-3
1
-1
-1
2
-1
-1
-1
0
1
2
4
5
6
6
8
10
12
13
15
17
16
15
18
20
21
20
21
22
22
23
21
20
18
18
16
15
12
11
14
15
16
15
14
12
12
10
7
6
6
7
6
6
5
5
5
6
3
2
1
2
1
-1
-2
-5
-5
-6
-10
-13
-11
-12
-14
-15
-16
-18
-23
-24
-26
-27
-26
-25
-24
-27
-27
-26
-28
-28
-28
-26
-27
-28
-26
-28
-29
-27
-28
-29
-25
-26
-25
-25
-21
-19
-16
-14
-11
-10
-9
-8
-8
-4
-2
0
2
4
6
8
8
9
9
12
15
14
14
17
17
19
21
20
18
17
20
19
17
18
18
18
18
15
14
14
16
15
15
14
12
11
10
8
6
8
6
4
3
2
2
2
2
1
1
1
2
2
4
5
4
5
4
3
1
2
2
1
-1
-1
0
0
0
-1
-1
1
2
4
4
5
7
7
6
4
4
2
0
0
2
3
4
2
3
4
2
1
3
3
2
2
4
4
6
9
9
9
9
11
13
11
11
10
10
8
9
8
9
9
10
9
8
10
9
6
4
2
0
1
0
-4
-4
-7
-9
-11
-13
-14
-18
-18
-21
-24
-24
-25
-27
-29
-29
-29
-29
-27
-28
-29
-28
-28
-29
-29
-29
-28
-25
-24
-21
-19
-17
-17
-17
-17
-17
-12
-13
-9
-8
-5
-5
-3
-2
-5
1
2
1
2
5
6
7
9
9
7
7
7
10
11
11
12
14
14
12
12
11
9
12
10
12
13
12
12
12
11
13
15
12
13
16
15
17
17
15
14
15
13
14
13
14
14
15
14
11
12
9
8
7
9
6
6
8
6
5
6
5
4
4
5
6
4
5
5
4
4
3
1
0
-1
1
1
0
1
2
1
-1
-1
-1
-2
-2
-1
-1
-1
-1
-3
0
2
2
1
1
3
3
4
4
6
4
4
1
0
1
-3
-1
-1
1
1
2
3
2
2
0
2
1
0
0
-3
-6
-7
-7
-9
-10
-10
-7
-9
-10
-11
-11
-14
-16
-16
-16
-19
-19
-20
-19
-20
-21
-21
-21
-22
-20
-20
-21
-19
-21
-20
-19
-19
-20
-21
-19
-18
-18
-16
-14
-15
-16
-16
-16
-13
-11
-10
-8
-8
-4
-2
-4
-3
-1
-3
-3
-1
1
1
1
6
7
5
8
9
8
8
13
12
12
13
15
16
19
21
23
25
24
26
26
26
25
28
28
27
24
24
24
23
22
23
26
23
24
24
24
20
19
20
20
19
16
18
17
15
14
10
9
7
3
1
-1
-1
-2
0
-2
0
0
-3
-3
-4
-3
-4
-5
-5
-5
-5
-7
-6
-6
-7
-5
-5
-7
-8
-10
-10
-11
-12
-11
-10
-10
-8
-8
-8
-10
-7
-7
-8
-10
-9
-8
-10
-8
-9
-7
-5
-4
-6
-5
-3
-7
-5
-8
-7
-9
-8
-8
-8
-7
-6
-5
-5
-5
-7
-6
-5
-7
-6
-6
-7
-7
-7
-7
-8
-8
-7
-7
-8
-9
-9
-8
-11
-12
-15
-14
-15
-15
-16
-15
-14
-15
-12
-12
-11
-13
-12
-12
-14
-13
-13
-13
-11
-9
-7
-7
-7
-5
-3
-3
-1
0
1
2
2
6
6
8
6
8
8
9
14
16
17
18
17
19
20
21
20
21
23
24
23
24
24
21
19
21
21
21
19
21
21
20
20
21
21
19
20
20
19
17
20
18
17
16
12
11
9
10
8
5
4
4
2
3
1
1
-1
-1
-2
-6
-5
-4
-4
-4
-3
-3
-3
-4
-5
-5
-5
-5
-5
-5
-4
-4
-6
-6
-7
-8
-10
-11
-11
-13
-13
-13
-12
-12
-10
-10
-9
-10
-8
-10
-10
-10
-11
-10
-9
-11
-12
-10
-7
-6
-3
-4
-7
-5
-4
-5
-7
-5
-6
-6
-6
-7
-5
-8
-7
-6
-7
-8
-8
-8
-7
-9
-10
-10
-11
-10
-11
-9
-9
-11
-12
-12
-13
-13
-13
-14
-15
-14
-15
-15
-14
-13
-10
-10
-9
-10
-8
-8
-6
-5
-4
-2
-2
0
-1
1
1
2
2
4
6
7
6
8
9
11
11
12
14
11
16
17
16
16
15
17
16
15
17
18
19
20
20
18
18
18
18
19
18
18
19
19
19
21
20
20
21
20
18
19
20
16
16
17
15
14
15
12
12
12
11
10
9
8
8
7
4
1
1
2
2
-1
-1
-4
-4
-6
-7
-6
-7
-9
-8
-8
-10
-10
-10
-12
-14
-13
-15
-16
-18
-20
-19
-18
-15
-16
-15
-16
-14
-12
-12
-12
-11
-10
-12
-9
-8
-8
-12
-10
-9
-12
-10
-9
-8
-7
-5
-6
-5
-5
-5
-3
-5
-6
-3
-4
-4
-5
-4
-4
-6
-5
-7
-9
-7
-6
-7
-6
-7
-7
-7
-7
-7
-9
-10
-11
-12
-15
-10
-12
-11
-11
-9
-10
-10
-6
-5
-5
-3
-1
-2
-2
-2
-2
-2
-1
-2
0
2
2
3
2
3
1
1
2
3
6
5
7
8
9
10
9
10
12
11
11
14
14
13
15
15
15
13
14
16
14
14
17
16
16
16
16
15
14
16
19
18
17
21
18
15
19
17
15
16
16
15
17
17
19
18
16
17
17
16
13
13
10
10
10
7
7
6
4
5
4
3
1
-1
-1
-2
-3
-5
-5
-8
-8
-12
-12
-12
-16
-15
-17
-17
-18
-19
-20
-20
-22
-24
-24
-24
-24
-24
-23
-23
-25
-27
-24
-24
-24
-24
-23
-20
-20
-19
-15
-14
-12
-11
-8
-5
-4
-3
-2
-1
-1
-1
0
2
0
0
0
-2
-1
-3
-4
-4
-3
-4
-2
-2
-2
-2
-1
0
-4
-3
-4
-4
-5
-4
-3
-4
0
2
0
-1
0
0
3
0
1
1
0
1
0
0
1
-1
-1
1
2
3
5
5
6
5
7
8
9
8
8
10
11
10
8
9
7
7
6
5
5
8
6
8
10
10
10
11
13
9
8
11
9
11
13
13
12
12
11
11
12
14
14
13
15
15
16
15
14
12
13
12
14
14
11
13
13
13
13
12
14
14
13
12
12
10
8
7
5
4
1
0
-1
-3
-6
-6
-6
-11
-9
-9
-11
-12
-15
-13
-15
-17
-17
-15
-18
-20
-20
-19
-19
-21
-20
-20
-19
-19
-20
-20
-20
-19
-17
-19
-16
-18
-17
-17
-17
-17
-17
-15
-13
-14
-15
-11
-10
-8
-8
-8
-6
-5
-7
-7
-8
-6
-3
-3
-1
-1
0
1
-3
-1
0
0
1
2
5
6
6
6
9
6
8
10
11
10
12
14
12
9
8
9
6
5
3
4
2
3
0
1
1
0
-2
-3
-2
-3
-4
-4
-1
-1
1
1
1
1
-1
0
2
0
-1
2
4
5
4
6
6
8
6
6
8
10
9
9
12
11
11
12
13
14
13
18
16
17
16
16
16
15
15
13
14
13
14
12
12
10
11
12
12
11
9
9
11
9
7
7
6
4
3
6
6
5
4
5
6
3
1
2
3
0
1
1
-1
-5
-5
-6
-8
-9
-11
-9
-11
-9
-13
-14
-17
-18
-17
-17
-14
-15
-15
-16
-16
-18
-20
-26
-28
-28
-28
-30
-27
-23
-22
-23
-24
-24
-24
-25
-24
-21
-20
-19
-15
-15
-14
-15
-13
-11
-11
-11
-8
-6
-2
-3
-1
2
3
4
4
7
7
7
8
10
10
13
14
16
16
16
19
17
16
18
19
17
19
18
19
16
15
14
11
9
10
6
4
5
3
3
4
6
3
3
5
4
3
5
5
6
5
6
7
4
8
6
3
2
2
0
-1
-2
-4
-3
-1
1
1
3
6
7
6
6
6
4
5
6
7
5
10
10
8
7
5
4
3
4
5
7
8
9
13
13
11
7
5
4
0
-1
-2
-3
-3
-1
1
2
0
-3
-2
-1
-6
-2
-1
1
2
3
4
3
-1
-5
-10
-15
-13
-12
-11
-10
-9
-7
-5
-4
-4
-4
-5
-5
-6
-6
-8
-7
-8
-7
-7
-8
-11
-12
-17
-20
-22
-20
-20
-19
-14
-11
-9
-7
-8
-10
-13
-16
-19
-22
-21
-18
-16
-13
-8
-5
-4
-5
-5
-4
-4
-2
-1
2
5
8
10
11
12
8
7
7
4
3
2
6
8
10
12
17
18
17
17
13
12
9
8
8
8
10
9
10
8
10
8
4
5
7
6
8
7
5
11
14
12
8
3
-1
-5
-10
-11
-10
-12
-9
-5
-1
-2
-1
-2
-4
-6
-4
-2
-1
1
5
10
11
10
9
5
0
-3
-6
-5
-2
2
9
14
19
22
23
17
14
12
10
9
7
8
11
16
18
15
12
6
1
-2
-3
-2
-3
2
4
10
13
12
8
3
-3
-7
-11
-15
-13
-16
-14
-10
-5
-3
-4
-4
-3
-4
-3
-5
-5
-4
-3
-2
-2
-3
-6
-10
-14
-18
-21
-24
-24
-22
-22
-21
-17
-15
-16
-15
-15
-17
-19
-16
-16
-16
-14
-12
-10
-11
-14
-17
-20
-22
-22
-18
-14
-10
-4
-1
6
7
5
2
0
0
-5
-4
2
6
7
14
19
22
23
22
17
14
11
12
12
14
20
25
27
25
23
21
17
10
6
5
6
8
8
12
15
14
13
10
8
2
-1
-2
-2
0
-1
1
5
5
3
-1
-2
-4
-9
-9
-6
-3
-2
2
5
8
6
1
-5
-10
-10
-12
-13
-10
-6
-4
3
6
9
8
6
1
0
0
-1
-2
2
3
1
-1
1
-1
-7
-11
-13
-9
-4
-2
5
11
13
15
16
18
14
8
5
6
4
4
6
9
12
11
11
8
3
1
-1
-1
0
4
7
7
10
10
9
3
-2
-8
-11
-13
-16
-14
-11
-8
-11
-7
-3
-7
-13
-16
-17
-25
-26
-24
-22
-21
-20
-18
-17
-16
-19
-24
-26
-26
-27
-28
-25
-21
-20
-16
-14
-10
-12
-14
-14
-11
-9
-5
-1
5
10
10
15
15
14
12
10
9
10
13
13
14
15
16
17
18
16
16
14
13
13
17
19
22
19
22
21
16
12
7
1
-2
-2
-1
4
5
9
13
14
12
12
10
8
8
7
9
13
16
18
21
21
18
15
10
6
1
-2
-8
-7
-4
-2
-1
4
6
2
0
-3
-5
-8
-11
-12
-13
-12
-11
-12
-13
-14
-17
-16
-17
-19
-18
-16
-10
-9
-8
-8
-5
-5
-6
-8
-13
-13
-12
-9
-10
-7
0
3
4
3
5
2
2
2
3
5
5
9
12
14
13
12
11
8
5
4
6
8
10
13
20
23
22
20
15
9
1
-5
-6
-12
-11
-10
-8
-5
-3
-2
-4
-5
-10
-12
-12
-17
-17
-15
-14
-16
-17
-16
-19
-24
-28
-30
-32
-32
-29
-22
-18
-12
-6
0
2
1
1
3
3
4
5
6
7
7
5
3
2
0
0
0
1
2
6
13
19
22
23
23
17
14
6
0
-2
-4
-2
-1
1
7
12
12
14
16
14
15
17
17
18
22
23
23
22
20
13
6
4
-1
-3
-2
1
5
9
14
15
18
17
14
13
11
8
8
6
5
6
5
1
0
-3
-6
-9
-12
-12
-13
-14
-12
-7
-5
-5
-8
-11
-16
-23
-27
-28
-25
-23
-20
-16
-10
-6
-7
-7
-5
-7
-8
-9
-9
-7
-7
-6
-6
-8
-11
-14
-19
-19
-20
-17
-15
-8
2
10
12
17
21
21
18
17
13
8
7
4
4
2
1
0
-1
-2
-3
-7
-5
0
2
6
11
14
15
14
9
6
1
-4
-8
-11
-12
-11
-5
1
5
7
7
8
6
1
-1
-4
-4
-4
-5
-5
-8
-7
-9
-14
-17
-17
-18
-19
-15
-10
-7
-2
-1
0
-1
-5
-5
-6
-7
-6
-2
3
7
12
16
17
19
19
19
17
15
12
15
17
13
11
10
10
5
1
-3
-9
-13
-14
-10
-1
5
12
23
33
35
34
30
25
20
14
11
7
4
3
0
-3
-6
-13
-14
-12
-8
-3
4
10
16
19
21
16
10
1
-8
-13
-21
-26
-26
-23
-21
-16
-10
-9
-4
1
2
4
5
2
5
6
3
-1
-8
-11
-16
-24
-30
-35
-35
-33
-28
-19
-11
-4
1
5
4
0
-6
-7
-10
-12
-11
-9
-4
-1
-6
-8
-10
-12
-16
-17
-17
-11
-7
-1
6
12
17
13
9
5
-1
-6
-12
-11
-5
3
8
16
25
30
36
38
37
37
35
29
27
21
12
3
-3
-10
-16
-21
-25
-23
-22
-16
-9
0
8
13
15
17
17
10
6
1
-4
-11
-17
-18
-18
-21
-21
-18
-16
-14
-8
-5
1
9
13
18
22
27
23
19
16
10
1
-4
-7
-8
-6
-4
4
11
14
22
26
28
26
25
25
20
17
12
7
5
0
-9
-17
-27
-33
-35
-34
-30
-19
-8
5
17
25
31
28
25
21
12
3
-2
-6
-7
-9
-8
-5
-6
-9
-10
-12
-15
-13
-12
-11
-4
-1
2
1
2
0
-3
-12
-16
-17
-19
-15
-10
-2
5
13
20
24
25
20
14
5
-6
-17
-26
-36
-41
-48
-55
-62
-63
-65
-69
-68
-61
-49
-33
-12
8
24
39
47
47
42
33
18
5
-6
-13
-18
-19
-18
-15
-10
-4
-1
7
16
31
39
48
58
65
63
56
44
30
13
-5
-16
-23
-20
-13
0
15
31
44
51
54
54
48
39
28
19
9
-6
-10
-19
-31
-41
-49
-57
-61
-56
-45
-25
5
39
65
86
106
108
91
70
42
11
-15
-40
-54
-63
-67
-63
-58
-56
-50
-41
-34
-26
-16
-2
13
27
36
40
37
24
7
-13
-31
-43
-51
-41
-32
-13
11
29
48
62
66
59
49
32
17
2
-13
-27
-41
-50
-57
-69
-72
-74
-68
-48
-22
3
40
78
106
126
131
122
99
64
28
-7
-39
-68
-82
-88
-84
-80
-71
-60
-49
-38
-28
-18
-8
1
6
10
14
8
-5
-19
-40
-57
-75
-88
-91
-82
-72
-55
-30
-8
13
29
37
40
36
26
14
1
-14
-35
-50
-60
-70
-78
-76
-66
-48
-23
8
45
83
117
141
152
157
147
123
99
75
51
31
16
18
28
35
44
61
77
92
98
105
115
118
117
112
106
94
74
43
11
-20
-53
-81
-104
-110
-110
-96
-82
-60
-32
-9
9
16
16
6
-11
-33
-50
-73
-92
-106
-116
-117
-116
-113
-102
-87
-74
-53
-24
5
30
49
68
75
68
58
42
22
4
-11
-19
-26
-25
-15
-6
7
26
46
63
86
99
107
110
109
103
85
65
36
10
-5
-9
-15
-12
9
27
50
70
91
106
107
104
93
81
54
20
-8
-39
-82
-116
-145
-176
-208
-227
-241
-249
-248
-240
-228
-208
-178
-157
-142
-127
-117
-117
-123
-132
-145
-157
-157
-158
-152
-142
-127
-107
-86
-60
-36
-14
1
19
31
30
33
37
31
23
20
22
28
38
49
71
105
132
160
188
225
252
268
283
291
295
289
275
252
226
199
173
147
127
106
84
75
68
56
40
25
0
-22
-46
-78
-111
-143
-178
-219
-253
-288
-326
-352
-369
-379
-390
-384
-367
-341
-309
-275
-234
-185
-130
-78
-28
25
80
135
195
254
302
349
403
452
495
531
558
572
580
577
567
554
531
503
465
431
393
350
304
259
223
192
174
155
145
146
152
150
139
127
110
82
53
16
-35
-95
-151
-216
-286
-355
-432
-502
-572
-641
-716
-777
-826
-878
-928
-961
-981
-995
-989
-969
-937
-887
-814
-731
-642
-539
-432
-325
-211
-94
23
136
249
351
453
545
624
688
737
779
788
788
771
743
702
654
605
557
513
458
422
380
338
292
247
209
177
148
138
148
156
167
186
197
204
187
158
130
89
36
-24
-85
-138
-201
-273
-338
-411
-482
-552
-618
-670
-708
-742
-757
-765
-762
-751
-742
-727
-710
-692
-668
-631
-590
-541
-478
-410
-329
-235
-141
-51
40
136
229
314
390
470
538
597
647
681
703
705
697
681
647
612
571
536
513
491
474
463
455
453
448
438
444
463
478
498
529
565
591
608
622
628
631
615
596
578
554
525
483
431
371
293
199
100
-12
-135
-256
-367
-480
-595
-701
-793
-875
-960
-1035
-1096
-1141
-1174
-1193
-1192
-1170
-1136
-1088
-1023
-952
-873
-796
-724
-647
-575
-499
-414
-336
-247
-160
-75
8
77
134
177
202
217
229
227
223
217
209
197
183
171
159
149
138
140
153
177
212
255
311
376
452
520
583
651
715
764
799
833
850
853
846
823
791
744
688
622
535
443
346
245
134
24
-86
-191
-291
-396
-495
-589
-675
-759
-832
-884
-926
-955
-973
-969
-954
-934
-906
-864
-818
-762
-704
-640
-569
-502
-432
-361
-285
-212
-144
-75
-3
70
128
186
247
301
350
397
431
464
480
492
498
491
482
473
461
448
444
434
433
444
451
472
493
525
557
594
641
685
733
778
822
855
871
879
870
844
807
748
673
582
484
378
266
152
34
-77
-190
-301
-404
-502
-593
-683
-764
-834
-894
-948
-994
-1024
-1044
-1055
-1050
-1029
-1000
-952
-892
-827
-751
-670
-588
-500
-422
-347
-281
-219
-155
-100
-58
-17
18
50
72
81
92
91
81
63
50
35
23
9
2
7
10
19
28
39
58
75
98
121
158
203
256
322
389
465
538
614
685
726
755
775
782
774
738
695
644
585
515
438
358
272
186
102
18
-66
-156
-244
-324
-409
-487
-568
-640
-713
-778
-836
-886
-921
-950
-961
-960
-945
-910
-864
-807
-736
-660
-567
-472
-374
-275
-182
-83
3
84
165
236
290
336
377
409
431
440
445
441
432
427
414
397
385
366
354
351
346
343
350
365
382
413
455
499
551
617
690
764
834
896
953
1001
1030
1036
1028
989
923
831
727
614
485
353
226
106
-11
-122
-228
-332
-429
-524
-614
-702
-788
-868
-944
-1005
-1052
-1085
-1110
-1113
-1104
-1095
-1073
-1036
-985
-939
-885
-813
-732
-641
-545
-448
-344
-248
-155
-75
-5
53
89
118
144
167
191
215
233
265
292
322
350
373
392
401
407
413
400
384
363
338
319
300
290
292
304
327
369
406
449
492
528
565
588
600
598
580
551
503
437
361
276
183
81
-32
-145
-254
-363
-463
-571
-664
-748
-828
-891
-948
-998
-1043
-1067
-1084
-1103
-1114
-1114
-1093
-1064
-1019
-953
-877
-777
-660
-528
-392
-253
-121
0
115
226
316
384
447
498
530
560
585
590
600
599
589
583
574
562
546
533
530
522
518
519
518
514
513
514
515
521
526
538
557
586
628
672
720
769
807
843
871
889
887
866
833
785
723
648
555
443
321
199
71
-54
-174
-298
-410
-520
-616
-707
-791
-872
-955
-1024
-1084
-1139
-1182
-1214
-1235
-1246
-1243
-1221
-1190
-1141
-1083
-1014
-928
-830
-724
-608
-486
-362
-233
-114
-3
94
175
240
295
339
373
399
419
440
461
477
484
482
483
469
447
424
395
366
341
326
312
304
308
304
304
307
314
321
330
353
371
403
445
490
531
562
584
582
567
538
485
420
342
256
165
70
-25
-123
-224
-321
-415
-508
-595
-677
-748
-809
-857
-897
-933
-961
-984
-1008
-1023
-1021
-1022
-1017
-991
-950
-903
-833
-750
-662
-572
-475
-381
-293
-207
-135
-66
9
71
124
175
221
251
277
303
322
337
357
377
397
431
466
494
521
550
565
574
586
593
596
614
636
660
696
735
773
815
860
907
936
972
1000
1019
1042
1056
1059
1040
1012
961
892
801
692
570
441
311
167
29
-98
-217
-338
-452
-554
-652
-761
-848
-938
-1020
-1092
-1144
-1192
-1229
-1241
-1255
-1246
-1228
-1194
-1142
-1077
-1001
-908
-808
-692
-579
-478
-372
-276
-179
-97
-21
43
109
165
209
258
292
303
321
346
358
354
348
358
361
374
400
430
458
471
481
478
451
415
383
347
325
329
343
367
414
456
483
506
529
515
494
463
421
370
334
294
249
178
105
42
-35
-117
-228
-326
-440
-515
-601
-676
-738
-786
-820
-859
-885
-912
-948
-1000
-1035
-1073
-1117
-1149
-1147
-1147
-1135
-1056
-967
-872
-750
-646
-521
-413
-268
-166
-69
30
121
207
268
336
368
407
445
502
554
577
621
662
675
692
693
686
678
668
673
673
679
722
769
787
807
826
844
855
854
871
893
931
981
1015
1058
1084
1115
1111
1095
1057
981
899
789
692
593
466
340
216
79
-61
-187
-342
-504
-640
-768
-893
-1003
-1084
-1164
-1215
-1244
-1280
-1327
-1358
-1390
-1408
-1426
-1396
-1349
-1296
-1196
-1091
-993
-862
-722
-621
-499
-389
-269
-166
-47
33
125
212
299
355
410
477
478
518
537
550
540
557
566
582
579
579
543
513
488
429
438
385
486
418
617
505
982
1249
1321
1137
825
749
176
209
-522
-512
-880
-517
-475
-94
189
510
901
708
580
-21
-287
-963
-1340
-1876
-1929
-2008
-1664
-1465
-993
-562
-111
155
244
260
58
-135
-619
-889
-1318
-1467
-1625
-1380
-1243
-835
-480
-31
301
528
598
517
379
138
-129
-386
-315
-409
-237
-169
169
243
505
470
435
314
163
79
-41
59
46
381
615
1032
1287
1566
1712
1792
1742
1574
1381
1249
1137
1133
1302
1465
1729
1956
2153
2134
2108
1746
1367
845
369
-200
-438
-366
-580
-544
-829
-884
-1318
-1625
-2420
-3122
-3750
-4287
-4485
-4420
-3874
-3191
-1929
-1007
-35
582
1034
1026
779
305
-170
-544
-631
-466
36
974
1950
3066
3894
4461
4599
4302
3545
2401
1170
-174
-1258
-1975
-2312
-2309
-1900
-1252
-519
246
673
888
735
399
-218
-859
-1449
-1854
-1942
-1668
-1145
-382
569
1426
2169
2639
2741
2428
1890
1126
223
-623
-1370
-1926
-2092
-2053
-1865
-1514
-1130
-859
-713
-814
-1114
-1555
-1997
-2497
-2849
-2980
-2909
-2537
-1937
-1174
-376
511
1265
1856
2206
2343
2229
1988
1649
1232
842
583
460
474
603
773
941
1121
1179
1081
855
485
115
-200
-460
-760
-888
-815
-549
-146
222
587
915
1281
1514
1537
1387
1242
1106
955
747
518
332
241
231
137
-119
-373
-583
-872
-1260
-1748
-2189
-2547
-2690
-2786
-2774
-2576
-2221
-1697
-1124
-564
-132
307
709
944
1016
1031
1085
1127
1238
1313
1438
1622
1827
2019
2104
2056
1905
1639
1311
819
261
-285
-717
-1049
-1268
-1326
-1248
-1044
-579
37
492
736
987
1351
1514
1465
1399
1242
1155
1336
1535
1551
1563
1848
2113
2132
1868
1403
803
133
-725
-1809
-2860
-3682
-4282
-4730
-5022
-5139
-5045
-4672
-4293
-3967
-3602
-3233
-2864
-2445
-2044
-1699
-1195
-503
256
993
1747
2531
3256
3882
4218
4322
4301
4109
3791
3293
2731
2101
1601
1107
590
62
-418
-812
-1184
-1568
-1966
-2220
-2344
-2187
-1663
-1203
-923
-431
446
1221
1763
2161
2358
2564
2929
3199
3059
2858
2970
3209
3173
2850
2285
1681
1108
331
-910
-2298
-3509
-4443
-5235
-6077
-6771
-7131
-6998
-6686
-6256
-5864
-5349
-4511
-3557
-2748
-2126
-1386
-461
613
1532
2317
3147
4116
5044
5641
5981
6126
6154
5998
5578
4849
3954
3105
2348
1493
570
-364
-1044
-1578
-2163
-2785
-3257
-3478
-3359
-2691
-2055
-1707
-1194
-43
1153
1986
2500
2808
3161
3736
4222
4186
3978
4158
4658
4951
4677
4039
3328
2723
1743
64
-1947
-3801
-5318
-6567
-7738
-8884
-9555
-9471
-8929
-8388
-7890
-7278
-6365
-5174
-4152
-3488
-2732
-1615
-268
1036
2165
3197
4448
5865
6914
7400
7588
7679
7613
7205
6360
5162
4085
3136
2076
776
-429
-1345
-2018
-2646
-3418
-4118
-4452
-3896
-2925
-2392
-2267
-1448
64
1409
2264
2679
2936
3559
4520
4924
4630
4463
4940
5578
5643
5056
4024
3232
2543
1226
-1056
-3478
-5377
-6858
-8207
-9623
-10827
-11274
-10788
-10030
-9384
-8734
-7781
-6423
-4940
-3939
-3269
-2297
-842
637
1872
3007
4236
5754
7195
8029
8297
8372
8363
8056
7152
5723
4276
3076
1877
413
-1003
-2200
-3013
-3580
-4143
-4880
-5035
-3954
-2711
-2175
-1828
-593
1031
2472
3345
3604
3858
4715
5758
6068
5771
5762
6429
7147
7039
6124
4900
3915
2846
954
-1783
-4541
-6618
-8140
-9524
-10951
-11986
-12020
-11167
-10117
-9254
-8462
-7348
-5761
-4167
-3201
-2515
-1370
343
2011
3312
4444
5793
7362
8653
9232
9194
8918
8616
7943
6522
4670
2942
1523
42
-1462
-2968
-4097
-4732
-5060
-5624
-6015
-5045
-3346
-2376
-2040
-824
963
2615
3789
4229
4253
4930
6156
6676
6360
6165
6712
7501
7667
6815
5403
4197
3046
1114
-1808
-4902
-7467
-9345
-10814
-12240
-13394
-13560
-12644
-11284
-10023
-8883
-7542
-5802
-3968
-2626
-1797
-778
818
2493
3916
5144
6471
7936
9180
9849
9894
9433
8690
7706
6205
4140
2021
284
-1249
-2884
-4440
-5663
-6293
-6554
-6857
-7344
-7228
-5604
-3525
-2370
-1751
-33
2323
4452
5812
6273
6386
7221
8439
8669
7904
7287
7528
8024
7705
6259
4329
2776
1391
-752
-3979
-7328
-9770
-11384
-12630
-13840
-14655
-14381
-12922
-10990
-9204
-7696
-6015
-3739
-1400
167
1126
2322
3994
5669
7015
7947
8845
9916
10874
11092
10505
9454
8213
6799
4803
2321
-61
-1920
-3593
-5256
-6720
-7769
-8239
-8319
-8321
-8521
-7848
-5535
-2953
-1564
-376
2122
4960
7211
8543
8874
8830
9524
10265
9756
8411
7516
7533
7686
6934
5099
3030
1433
-136
-2731
-6310
-9734
-12167
-13840
-15135
-16199
-16582
-15656
-13568
-11050
-8669
-6550
-4277
-1544
976
2542
3443
4569
6019
7370
8320
9054
9825
10658
11278
11241
10409
9055
7506
5694
3260
397
-2224
-4366
-6309
-8017
-9317
-10114
-10214
-9880
-9459
-9092
-7396
-4189
-1338
74
1654
4542
7339
9227
9958
9713
9482
10158
10525
9441
7879
7141
7355
7336
6111
3810
1531
-151
-2093
-5312
-9348
-12742
-14857
-16199
-17214
-17825
-17454
-15658
-12864
-9834
-7186
-4791
-2192
681
2980
4191
4919
6003
7393
8496
9174
9780
10555
11240
11517
11072
9831
8180
6391
4216
1387
-1583
-4063
-5953
-7645
-9063
-9974
-10192
-9753
-9050
-8440
-7550
-4990
-1352
1303
2608
4685
7729
10322
11775
11948
11196
10888
11265
10837
9147
7387
6668
6775
6406
4666
2107
-133
-1864
-4215
-7869
-11909
-14990
-16888
-17955
-18510
-18602
-17498
-14853
-11422
-7950
-4933
-2258
559
3382
5244
6003
6400
7144
8116
8801
9143
9561
10193
10664
10700
9929
8394
6577
4551
2032
-1006
-3963
-6334
-8109
-9574
-10653
-11128
-10830
-9950
-8835
-7876
-6438
-3191
667
3106
4504
6935
9966
12172
13194
12926
11919
11447
11476
10576
8559
6696
5982
5950
5190
3172
571
-1649
-3501
-6056
-9823
-13695
-16412
-17963
-18686
-18932
-18508
-16703
-13553
-9794
-6040
-2867
-253
2489
5057
6444
6768
6845
7158
7723
8132
8305
8645
9170
9523
9480
8688
7039
4956
2619
-82
-3222
-6283
-8660
-10206
-11276
-11865
-11745
-10898
-9483
-7822
-6279
-4489
-1217
2644
5162
6567
8790
11525
13480
14365
14058
12892
12122
11893
10885
8819
6796
5859
5626
4751
2743
176
-2140
-4122
-6627
-10163
-13817
-16398
-17825
-18369
-18347
-17691
-15726
-12491
-8693
-4890
-1655
953
3563
5952
7168
7305
7262
7396
7679
7907
7903
8065
8477
8789
8667
7767
6060
3915
1563
-1177
-4298
-7251
-9486
-10827
-11565
-11798
-11387
-10302
-8708
-6932
-5336
-3768
-1025
2730
5605
6967
8689
11327
13510
14691
14594
13334
12220
11832
10942
8867
6526
5014
4572
4039
2309
-254
-2679
-4622
-6704
-9819
-13554
-16386
-17866
-18382
-18273
-17652
-16131
-13126
-8960
-4812
-1457
1178
3771
6334
7984
8187
7621
7360
7630
7840
7662
7437
7638
8219
8557
7906
6184
4062
1886
-539
-3559
-6823
-9433
-10938
-11587
-11785
-11593
-10772
-9105
-7105
-5364
-3967
-2038
1273
4825
6864
8003
10049
12530
14317
14854
13879
12270
11402
10813
9172
6715
4547
3491
3212
2290
96
-2521
-4655
-6458
-8828
-12231
-15536
-17625
-18355
-18126
-17404
-16303
-14042
-10169
-5664
-1754
959
3133
5600
7812
8610
8096
7406
7419
8013
8335
8096
8009
8494
9069
8975
7533
5036
2471
128
-2558
-5818
-8903
-10901
-11572
-11562
-11283
-10576
-9209
-7286
-5281
-3718
-2526
-355
3142
6148
7545
8893
11265
13673
15129
15176
13885
12447
11630
10534
8373
5727
3758
2954
2452
1012
-1329
-3704
-5543
-7307
-9934
-13302
-16159
-17689
-18001
-17574
-16739
-15198
-12356
-8264
-3860
-378
1964
4148
6536
8153
8321
7560
6995
7282
7776
7772
7565
7668
8085
8443
7817
5749
3095
595
-1891
-4708
-7705
-10237
-11567
-11677
-11219
-10533
-9573
-8005
-6071
-4362
-3223
-2027
545
4096
6609
7788
9619
12332
14562
15647
15231
13491
11986
11099
9515
6872
4204
2592
2166
1659
-90
-2529
-4624
-6224
-8191
-11222
-14664
-17119
-18167
-18148
-17427
-16268
-14276
-10896
-6409
-2065
1046
3042
5139
7397
8486
8167
7380
7078
7582
8169
8159
8035
8304
8713
8739
7570
5002
2103
-473
-2983
-5684
-8528
-10775
-11513
-11053
-10369
-9658
-8656
-7203
-5489
-4010
-3145
-1872
983
4424
6760
8305
10594
13328
15402
16250
15365
13297
11651
10438
8338
5400
2884
1603
1294
741
-921
-3152
-5042
-6722
-9007
-12203
-15493
-17786
-18674
-18329
-17196
-15552
-13026
-9230
-4565
-214
2647
4305
6107
7922
8570
8130
7448
7308
8081
9064
9323
9307
9522
9624
9215
7503
4303
966
-1712
-4262
-6954
-9473
-11189
-11326
-10361
-9485
-8829
-7916
-6638
-5200
-4097
-3490
-2010
1208
4693
7012
8992
11602
14342
16327
16628
14937
12565
10831
9156
6658
3783
1651
893
944
406
-1335
-3530
-5463
-7477
-10326
-13873
-17160
-19260
-19693
-18812
-17294
-15163
-11933
-7753
-3111
957
3368
4698
6217
7629
8015
7664
7253
7483
8658
9757
10058
10129
10126
9739
8694
6354
2814
-612
-3348
-5820
-8032
-9903
-11047
-10705
-9550
-8729
-8198
-7417
-6550
-5649
-4848
-4109
-2100
1509
5110
7634
10155
13123
15679
16985
16445
14277
11757
9788
7834
5376
2986
1625
1504
1686
933
-1002
-3403
-5750
-8387
-11821
-15511
-18464
-19986
-19743
-18019
-15664
-12867
-9343
-5255
-1053
2241
3856
4546
5580
6583
7007
7222
7542
8431
10046
11368
11692
11469
10776
9484
7667
4785
1006
-2256
-4558
-6386
-7808
-8922
-9540
-9134
-8300
-7887
-7800
-7704
-7449
-6723
-5862
-4566
-1481
3057
6867
9454
12134
14863
16742
16982
15242
12219
9661
8082
6431
4419
2883
2543
3024
3131
1742
-1069
-4198
-7162
-10436
-14279
-17833
-20081
-20353
-18780
-16336
-13707
-10860
-7535
-3983
-745
1273
1956
2579
3872
5338
6483
7525
8711
10244
11848
12556
12093
10987
9466
7528
5226
2414
-657
-3098
-4542
-5550
-6506
-7502
-8226
-8368
-8354
-8691
-9144
-9211
-8746
-7617
-6084
-3779
183
4869
8351
10540
12633
14500
15402
14926
12836
10110
8351
7575
6656
5448
4524
4299
4396
3654
1210
-2421
-6049
-9270
-12433
-15528
-17994
-19090
-18371
-16344
-13933
-11737
-9620
-7274
-4650
-2224
-707
230
1567
3668
5974
7927
9317
10419
11660
12526
12304
11086
9469
7799
6204
4486
2322
140
-1465
-2594
-3706
-5136
-6779
-8104
-8825
-9187
-9624
-9900
-9506
-8229
-6469
-4474
-1465
2621
6396
8643
10100
11600
12962
13552
12816
10985
9399
8995
8846
7979
6763
5837
5305
4502
2484
-875
-4529
-7646
-10358
-12842
-15050
-16651
-17027
-16055
-14430
-12880
-11530
-10102
-8164
-5613
-3267
-1574
-77
2006
4634
7157
8915
9767
10464
11277
11664
11155
9968
8614
7474
6521
5092
2971
849
-881
-2373
-3938
-5737
-7517
-8769
-9238
-9405
-9498
-9346
-8697
-7496
-5902
-3533
-161
3329
5709
7261
9006
10954
12341
12454
11260
9886
9531
9790
9300
7987
6764
6096
5515
3900
822
-2850
-6007
-8572
-10989
-13322
-15304
-16321
-16024
-15004
-13940
-12906
-11854
-10469
-8228
-5688
-3742
-2221
-267
2426
5309
7533
8616
9295
10311
11168
11248
10544
9444
8474
7737
6556
4608
2588
899
-693
-2341
-4044
-5800
-7314
-8282
-8885
-9257
-9387
-9148
-8506
-7099
-4530
-1156
2027
4079
5485
7269
9384
10853
10930
9956
9117
9446
10355
10402
9407
8312
7755
7099
5292
2078
-1574
-4584
-6894
-9074
-11269
-13066
-14060
-14137
-13738
-13359
-13041
-12423
-11261
-9391
-7070
-4970
-3129
-1066
1520
4191
6361
7646
8368
9190
10110
10653
10581
10044
9416
8750
7765
6137
4158
2159
215
-1569
-3209
-4756
-6227
-7387
-8168
-8547
-8626
-8381
-7635
-6163
-4073
-1818
161
1772
3350
5091
6711
7709
8068
8295
8802
9593
10237
10365
9922
9102
7982
6411
4197
1461
-1370
-3872
-5994
-7834
-9465
-10844
-11825
-12462
-12841
-12998
-12881
-12272
-11021
-9298
-7446
-5592
-3690
-1631
570
2566
4125
5340
6528
7713
8728
9367
9569
9465
9113
8350
7126
5619
4065
2542
960
-539
-1952
-3221
-4461
-5653
-6706
-7491
-7975
-8193
-7828
-6471
-4236
-1908
-200
936
2038
3523
5144
6121
6377
6571
7347
8550
9557
9900
9532
8884
7935
6409
4183
1683
-620
-2593
-4301
-5991
-7596
-8887
-9866
-10725
-11610
-12269
-12359
-11818
-10771
-9446
-7919
-6273
-4469
-2657
-911
814
2405
3898
5264
6580
7827
8916
9619
9689
9311
8660
7810
6736
5579
4508
3450
2237
754
-899
-2453
-3681
-4600
-5455
-6234
-6550
-6024
-4717
-3289
-2181
-1559
-1022
-298
605
1590
2523
3567
4729
5963
7071
7971
8467
8428
7838
6699
5235
3771
2457
1198
-112
-1494
-2883
-4278
-5613
-6895
-7975
-8881
-9448
-9629
-9441
-8984
-8334
-7512
-6685
-5792
-4835
-3684
-2279
-739
702
1989
3242
4389
5311
5914
6148
6118
5968
5736
5361
4940
4530
4033
3350
2434
1304
187
-755
-1445
-2027
-2459
-2588
-2414
-2080
-1791
-1604
-1551
-1445
-1165
-648
26
812
1700
2635
3435
4037
4475
4748
4806
4588
4085
3290
2454
1684
913
60
-833
-1706
-2615
-3522
-4353
-5048
-5535
-5871
-6059
-6121
-6136
-6038
-5795
-5374
-4811
-4124
-3367
-2507
-1585
-692
106
774
1423
2046
2617
3081
3393
3533
3562
3573
3609
3650
3632
3462
3143
2715
2193
1691
1244
928
643
347
-7
-304
-523
-662
-684
-728
-822
-879
-789
-695
-594
-505
-292
51
500
843
1001
1011
961
872
754
702
656
592
538
518
451
358
247
163
57
-100
-255
-334
-342
-325
-275
-212
-176
-167
-248
-399
-533
-614
-694
-742
-734
-686
-627
-605
-628
-743
-919
-1072
-1124
-1091
-1023
-879
-675
-480
-290
-162
-74
15
102
144
171
207
234
272
320
356
301
203
169
195
200
178
166
181
247
288
220
111
38
-15
-96
-123
-120
-76
33
193
357
512
681
820
951
1060
1151
1236
1345
1420
1449
1419
1393
1321
1170
1007
809
619
406
199
-25
-266
-502
-778
-1075
-1419
-1719
-1950
-2125
-2204
-2188
-2079
-1907
-1727
-1530
-1370
-1187
-1008
-864
-756
-694
-596
-485
-400
-334
-267
-195
-172
-113
-12
78
142
176
197
174
100
-29
-166
-278
-357
-416
-466
-467
-426
-336
-199
-60
80
213
385
572
738
895
1082
1317
1575
1798
1949
2049
2106
2121
2100
2017
1874
1727
1579
1459
1277
1036
769
491
235
-15
-262
-513
-698
-762
-729
-647
-544
-432
-322
-225
-107
-17
18
31
64
121
142
123
73
47
21
-61
-142
-249
-391
-546
-685
-826
-987
-1144
-1329
-1513
-1680
-1838
-1987
-2107
-2130
-2105
-2060
-1937
-1757
-1547
-1337
-1070
-788
-499
-168
190
553
833
1043
1230
1413
1563
1695
1786
1833
1849
1851
1854
1810
1665
1454
1221
975
720
503
285
79
-24
-35
-18
-32
-40
-24
25
98
136
167
192
258
378
480
536
544
567
583
555
491
420
359
297
205
85
-82
-266
-487
-746
-988
-1220
-1414
-1631
-1823
-1996
-2134
-2219
-2228
-2173
-2111
-2008
-1880
-1712
-1515
-1282
-1054
-844
-640
-464
-275
-67
141
337
525
732
884
989
1070
1044
946
807
697
578
466
383
311
347
358
352
291
272
402
647
920
1015
1044
1084
1208
1358
1486
1547
1531
1492
1411
1346
1241
1181
1148
1097
973
792
586
395
256
101
-64
-270
-471
-688
-888
-1068
-1242
-1367
-1402
-1361
-1257
-1064
-885
-737
-617
-501
-401
-291
-167
-46
80
205
365
493
603
636
612
521
394
229
-9
-214
-402
-571
-718
-836
-922
-1012
-1051
-1077
-1056
-1009
-942
-828
-657
-451
-263
-53
175
413
619
811
951
1016
1061
1072
1065
1031
977
886
786
674
529
377
204
22
-201
-449
-684
-885
-1059
-1195
-1283
-1322
-1276
-1184
-1020
-852
-685
-514
-359
-166
5
206
350
487
667
831
958
1052
1135
1151
1124
1054
948
776
570
365
174
-12
-230
-402
-517
-589
-668
-749
-793
-783
-742
-689
-576
-434
-268
-109
71
247
427
522
585
641
650
624
546
423
258
99
-31
-135
-257
-417
-573
-720
-874
-1032
-1183
-1304
-1408
-1483
-1536
-1469
-1321
-1106
-829
-569
-304
-72
173
405
638
839
992
1149
1325
1517
1707
1874
1975
1988
1918
1769
1583
1510
1374
990
383
47
42
270
464
326
-117
-672
-686
-494
-228
-251
-318
-335
-292
-79
59
344
510
695
709
661
530
346
309
171
55
-155
-347
-539
-705
-827
-1005
-1169
-1325
-1437
-1589
-1679
-1731
-1795
-1832
-1823
-1692
-1491
-1257
-1002
-730
-461
-230
31
298
532
721
909
1090
1253
1414
1553
1661
1697
1694
1621
1517
1386
1189
967
733
473
246
55
-108
-256
-376
-485
-597
-661
-652
-622
-610
-560
-470
-357
-222
-59
98
243
361
479
511
454
348
214
70
-111
-238
-363
-470
-592
-703
-823
-972
-1145
-1329
-1444
-1538
-1619
-1662
-1615
-1488
-1293
-1058
-826
-599
-355
-102
105
302
502
699
889
1068
1208
1334
1465
1599
1658
1625
1539
1416
1250
1015
790
574
365
172
13
-119
-231
-284
-299
-336
-396
-418
-387
-323
-222
-103
26
181
363
547
731
898
981
988
935
840
688
510
342
117
-80
-230
-389
-575
-752
-914
-1108
-1228
-1345
-1401
-1433
-1447
-1413
-1290
-1080
-902
-664
-404
-147
93
336
571
762
936
1095
1248
1329
1384
1447
1478
1518
1464
1331
1113
893
642
383
154
-86
-294
-462
-541
-602
-648
-688
-702
-704
-704
-647
-597
-547
-465
-338
-180
3
204
357
508
622
674
651
586
431
205
4
-185
-372
-538
-683
-817
-956
-1101
-1206
-1304
-1415
-1517
-1563
-1554
-1505
-1410
-1233
-1026
-790
-512
-218
58
269
446
615
800
970
1079
1191
1303
1393
1461
1470
1425
1293
1124
920
728
546
338
133
-49
-198
-289
-355
-408
-436
-483
-541
-557
-530
-505
-489
-460
-373
-232
-53
123
301
473
581
623
638
603
484
329
179
33
-142
-302
-407
-529
-669
-808
-931
-1023
-1109
-1205
-1271
-1278
-1236
-1147
-950
-676
-391
-130
143
431
658
857
1036
1234
1396
1539
1647
1723
1790
1823
1793
1732
1640
1466
1266
1043
808
526
265
19
-183
-341
-480
-596
-689
-745
-804
-846
-878
-875
-839
-788
-694
-568
-390
-205
-24
145
256
311
323
311
248
139
2
-127
-274
-427
-569
-675
-776
-896
-1004
-1095
-1185
-1275
-1309
-1289
-1198
-1088
-937
-733
-489
-234
19
282
504
704
887
1081
1247
1389
1508
1587
1650
1664
1640
1569
1443
1292
1113
902
661
400
120
-138
-368
-553
-701
-816
-875
-921
-956
-983
-996
-994
-958
-886
-789
-670
-518
-358
-191
-46
76
167
198
187
129
52
-39
-142
-252
-355
-472
-585
-713
-835
-957
-1085
-1179
-1255
-1301
-1293
-1229
-1125
-969
-753
-486
-231
33
299
559
798
1029
1231
1387
1526
1643
1738
1780
1785
1776
1744
1649
1500
1335
1150
916
683
472
250
54
-81
-160
-230
-293
-318
-336
-354
-375
-377
-352
-281
-189
-101
1
137
276
357
393
416
400
314
200
65
-74
-208
-359
-510
-654
-801
-961
-1111
-1239
-1366
-1464
-1522
-1530
-1513
-1461
-1345
-1175
-964
-743
-476
-198
62
302
519
724
889
1029
1141
1260
1358
1428
1469
1478
1477
1425
1311
1133
942
750
554
376
203
73
-33
-127
-173
-207
-217
-235
-233
-245
-269
-267
-226
-142
-79
-14
68
159
222
245
232
216
163
49
-70
-194
-326
-471
-604
-729
-881
-1022
-1140
-1249
-1349
-1435
-1489
-1499
-1464
-1394
-1288
-1142
-971
-779
-549
-327
-103
102
275
432
592
734
831
917
998
1039
1024
982
917
834
701
547
396
248
122
12
-63
-112
-125
-108
-95
-76
-44
-2
53
119
193
254
328
432
532
619
702
790
859
876
854
808
750
666
527
391
256
90
-84
-261
-431
-600
-759
-898
-1030
-1140
-1221
-1249
-1238
-1204
-1131
-1022
-869
-681
-479
-285
-92
96
248
388
526
633
692
723
765
796
787
743
682
599
504
371
219
79
-38
-138
-203
-228
-234
-214
-186
-158
-110
-55
0
68
139
215
285
382
494
594
667
726
786
811
799
743
664
573
453
321
194
62
-93
-232
-357
-476
-615
-732
-838
-944
-1019
-1064
-1048
-997
-928
-846
-731
-590
-453
-317
-186
-47
73
174
265
347
400
426
443
428
406
360
276
175
76
-41
-180
-307
-397
-468
-534
-580
-609
-615
-604
-570
-509
-446
-379
-288
-195
-92
1
101
215
309
376
424
458
502
521
502
473
441
381
300
207
123
42
-53
-145
-235
-330
-422
-486
-534
-564
-585
-567
-506
-418
-326
-218
-80
59
196
331
461
573
667
742
812
865
893
879
854
820
761
676
569
444
316
172
33
-96
-205
-290
-358
-393
-418
-423
-411
-389
-361
-317
-272
-225
-167
-113
-61
-8
51
108
146
172
188
205
200
168
142
117
77
23
-34
-81
-145
-214
-287
-354
-405
-450
-474
-467
-446
-414
-354
-278
-192
-92
13
116
227
325
414
509
598
671
735
798
839
847
843
826
774
696
585
461
335
212
91
-28
-143
-243
-313
-381
-435
-465
-491
-509
-513
-520
-529
-526
-509
-472
-446
-427
-400
-368
-341
-329
-302
-274
-269
-265
-262
-268
-281
-305
-333
-364
-406
-453
-494
-522
-564
-621
-648
-640
-628
-598
-537
-475
-394
-287
-178
-64
59
176
308
447
561
657
756
837
900
955
981
968
943
905
828
738
638
533
434
334
233
152
83
18
-29
-57
-78
-88
-90
-80
-74
-70
-47
-8
29
58
92
114
142
151
144
124
89
37
-18
-68
-121
-177
-241
-291
-345
-410
-479
-552
-614
-667
-718
-740
-731
-709
-672
-602
-522
-418
-299
-169
-43
73
205
331
446
543
634
703
760
809
839
853
857
839
803
755
684
601
519
445
355
267
186
108
42
-10
-56
-94
-124
-146
-143
-130
-109
-93
-64
-48
-32
-18
-5
-9
-20
-22
-39
-62
-96
-126
-150
-185
-234
-287
-340
-397
-469
-532
-600
-672
-718
-750
-767
-775
-749
-718
-662
-592
-512
-415
-320
-220
-123
-22
73
175
265
351
424
492
560
592
617
622
623
581
523
441
350
272
162
53
-40
-107
-166
-208
-233
-246
-255
-242
-226
-203
-168
-147
-118
-85
-52
-21
11
39
60
85
102
95
84
71
61
55
22
-15
-69
-112
-160
-241
-309
-372
-417
-458
-482
-485
-469
-424
-382
-330
-248
-154
-62
24
110
208
310
407
471
531
584
632
686
716
721
716
719
700
655
595
529
457
383
296
207
135
83
52
23
9
12
16
20
37
66
69
68
72
74
79
62
45
25
6
-12
-41
-71
-105
-133
-160
-198
-248
-305
-358
-401
-459
-517
-566
-586
-596
-608
-612
-612
-583
-546
-498
-443
-372
-298
-218
-130
-59
19
100
167
223
286
342
388
428
471
509
519
518
493
470
425
354
293
222
159
98
60
22
-3
-14
-14
-16
-32
-41
-18
3
1
-7
9
45
69
58
39
27
36
33
17
-24
-64
-81
-107
-147
-208
-250
-294
-344
-411
-482
-526
-543
-583
-616
-626
-610
-592
-566
-543
-496
-409
-317
-246
-172
-94
-20
24
66
130
198
236
243
263
300
331
326
291
249
215
191
156
107
93
80
89
87
92
139
157
185
191
209
248
302
339
362
400
452
510
525
522
516
485
463
415
388
375
342
249
177
109
80
35
-43
-109
-159
-200
-269
-309
-341
-337
-345
-360
-370
-337
-299
-266
-238
-225
-156
-100
-52
-45
-46
-30
12
42
46
82
119
187
173
144
165
191
185
109
81
62
63
2
-14
-6
11
20
19
14
25
99
130
153
131
157
174
181
181
191
183
139
127
77
71
-23
-64
-109
-144
-158
-206
-251
-294
-305
-373
-395
-421
-411
-462
-545
-593
-580
-497
-510
-467
-423
-370
-310
-255
-222
-162
-97
-89
-110
-139
-40
14
-1
-6
41
135
154
113
35
17
-47
-19
-75
-90
-144
-151
-189
-222
-95
27
89
15
32
95
235
205
235
344
385
392
339
400
469
514
414
320
358
425
372
240
160
196
254
198
169
133
252
224
336
129
849
1635
1113
-880
-2614
-1917
-410
1276
-181
-1584
-2494
-208
943
1063
457
-531
1039
-265
-184
-2555
-1148
-403
904
139
-1247
188
61
1427
673
971
292
1927
1377
799
-181
294
592
1216
1265
-139
732
339
1378
561
199
-424
1058
899
-182
-287
-1113
-380
-560
-48
-1957
-1275
1
33
-1042
-1944
-296
-635
1303
-1659
-1126
-1560
142
397
-1386
-985
-2140
910
294
785
-740
351
33
-17
816
75
1351
-412
267
-816
859
183
962
483
-146
1504
861
822
-1122
809
313
1042
1115
-647
-1240
-458
151
-185
-723
136
151
25
-1594
-878
-761
69
-628
139
-1017
-947
-935
-756
538
-545
437
-2169
672
-713
1445
1096
-1144
-1436
107
2716
531
47
-475
72
1245
564
-59
-881
606
2522
775
-466
-2237
87
1368
835
313
-960
420
-800
23
-806
-315
-16
547
610
-259
-398
-1489
-312
-477
678
1153
344
-911
-822
72
313
793
-764
330
954
1103
-33
-1157
477
1583
1800
-647
-945
780
1711
1270
-763
-797
300
1231
329
-744
-130
485
1516
484
-2183
-1779
88
2627
1122
-586
-1495
-1359
102
-65
880
328
989
48
-738
-1128
-295
1233
531
502
-545
606
-91
-463
-896
-81
1358
498
-38
-1522
-986
103
687
-149
-1108
-302
-771
-164
-261
-855
-35
-97
262
-873
-378
-502
-713
1006
206
336
-151
-405
-1176
30
1630
225
159
-983
346
107
400
-991
-875
1534
902
-293
-2044
-696
257
1242
-360
-1616
-597
629
552
-1414
-903
190
1190
821
-1523
-1727
216
1752
654
-1224
-439
772
715
-240
-792
12
1408
1207
-404
-831
-195
753
395
-365
-569
486
1089
-86
-507
-1011
192
245
679
-324
188
479
357
40
-881
499
470
530
308
911
404
207
-561
-209
364
1011
701
-54
408
254
272
-449
-513
119
981
655
-96
-427
-246
-259
-38
-132
-293
313
738
249
-950
-412
-487
226
147
53
445
127
-116
-765
-71
-323
350
173
-286
-405
-39
433
-250
-430
-746
-423
291
385
-109
-334
68
-77
-22
-112
-236
165
248
533
276
184
77
291
448
274
355
325
649
407
346
188
190
96
-188
-200
120
718
197
-406
-683
-651
-164
211
104
-366
-567
-460
-440
-510
-703
-565
-138
39
-32
-446
-896
-663
-294
-78
-156
-273
-456
-456
-264
-570
-562
-721
-141
-111
-141
-93
-627
-574
-651
-221
51
308
274
-279
-556
-526
-248
227
437
611
476
304
-76
-131
196
543
1181
877
776
362
389
680
617
688
741
1105
1283
970
604
420
646
1195
1216
1000
673
618
749
645
340
47
158
340
261
-126
-445
-753
-941
-860
-912
-855
-1023
-1305
-1368
-1731
-1633
-1587
-1462
-1423
-1519
-1571
-1674
-1514
-1272
-971
-1042
-951
-907
-631
-334
-231
77
413
691
696
580
526
841
1233
1349
1125
1296
1629
1856
1757
1546
1541
1893
2046
1989
1868
1897
2405
2232
1978
1386
1248
1552
1667
1484
1273
1142
960
893
344
19
-98
-253
-308
-748
-1099
-1747
-2240
-2574
-2778
-2784
-2924
-3046
-3230
-3426
-3543
-3545
-3554
-3425
-3042
-2525
-2243
-2171
-2240
-1854
-1330
-730
-353
49
483
740
1180
1551
1704
1831
1945
2034
2171
2094
2050
1988
2111
2040
1921
1612
1500
1609
1964
2312
2000
1274
695
584
782
957
836
571
552
880
1095
854
514
427
606
775
539
-126
-628
-738
-759
-1080
-1784
-2314
-2353
-2284
-2345
-2715
-3128
-3132
-2934
-2710
-2784
-2812
-2571
-2071
-1569
-1421
-1416
-1057
-372
355
778
1065
1341
1740
2124
2251
2181
2140
2340
2514
2496
2106
1730
1361
1203
1057
676
106
-327
-513
-640
-880
-1254
-1307
-956
-467
-269
-509
-733
-398
322
922
967
1041
1572
2432
3139
3273
3130
3214
3556
3725
3418
2767
2200
2010
1772
1168
165
-694
-1285
-1817
-2409
-3133
-3830
-4288
-4437
-4549
-4656
-4865
-4982
-4868
-4475
-3946
-3564
-3160
-2624
-1786
-948
-299
151
686
1479
2171
2561
2611
2754
2961
3155
3196
2958
2594
2331
2133
1670
1106
553
66
-335
-767
-1082
-1311
-1179
-776
-615
-784
-1030
-944
-616
-126
253
532
904
1589
2314
2690
2899
3072
3310
3417
3420
3116
2688
2251
1893
1435
621
-272
-1132
-1747
-2377
-3060
-3827
-4386
-4701
-4926
-5111
-5150
-5145
-5031
-4733
-4408
-3992
-3434
-2718
-2016
-1252
-472
306
966
1591
2187
2749
3225
3593
3781
3841
3832
3742
3540
3118
2632
2172
1747
1179
502
-134
-664
-1049
-1414
-1745
-1832
-1597
-1084
-933
-1078
-1128
-819
-253
173
503
722
1398
2408
3372
3697
3753
3954
4228
4379
4073
3589
3081
2876
2565
1888
852
-125
-929
-1652
-2466
-3380
-4154
-4621
-4910
-5200
-5460
-5662
-5731
-5656
-5330
-4940
-4444
-3855
-3114
-2342
-1553
-708
127
947
1653
2307
2830
3323
3712
3907
4036
4015
3944
3654
3306
2853
2389
1888
1235
502
-237
-822
-1317
-1719
-2071
-2047
-1761
-1445
-1464
-1634
-1558
-1102
-567
-183
62
576
1514
2539
3201
3558
3884
4295
4650
4599
4148
3651
3383
3108
2505
1612
634
-274
-1068
-1978
-3059
-4040
-4674
-5113
-5513
-5920
-6205
-6264
-6071
-5867
-5766
-5527
-4950
-4103
-3222
-2433
-1647
-622
472
1347
1970
2518
3178
3821
4286
4402
4393
4383
4292
4017
3599
3049
2452
1947
1331
582
-250
-966
-1462
-1888
-2219
-2306
-2044
-1709
-1648
-1663
-1507
-1066
-594
-193
180
739
1699
2762
3402
3777
4112
4641
4964
4850
4349
3780
3431
3066
2430
1462
552
-198
-933
-1862
-2889
-3863
-4624
-5105
-5409
-5740
-6039
-6060
-5793
-5448
-5229
-5007
-4454
-3563
-2617
-1862
-1103
-105
1044
2023
2631
3063
3570
4168
4606
4717
4555
4417
4380
4142
3579
2870
2272
1733
1056
173
-680
-1325
-1771
-2221
-2660
-2891
-2640
-2159
-1998
-2061
-2012
-1535
-855
-306
-10
362
1228
2347
3134
3498
3844
4348
4818
4927
4572
3979
3557
3234
2658
1797
790
-128
-878
-1651
-2634
-3752
-4694
-5281
-5644
-6043
-6419
-6516
-6252
-5791
-5425
-5193
-4787
-4057
-3118
-2225
-1434
-572
489
1659
2570
3111
3618
4271
4880
5119
5021
4866
4825
4763
4355
3638
2933
2359
1705
788
-200
-1015
-1656
-2173
-2731
-3211
-3315
-3016
-2724
-2765
-2792
-2510
-1840
-1186
-751
-417
149
1201
2225
2793
3147
3710
4340
4663
4585
4177
3684
3345
2985
2259
1339
508
-255
-1051
-1915
-2891
-3865
-4641
-5142
-5557
-5924
-6150
-6117
-5798
-5307
-4858
-4479
-3914
-3116
-2220
-1382
-563
372
1462
2540
3370
3950
4536
5162
5582
5665
5514
5306
5089
4767
4255
3464
2681
2043
1354
442
-567
-1432
-2090
-2656
-3189
-3653
-3868
-3620
-3144
-2858
-2775
-2449
-1767
-976
-384
-23
436
1336
2442
3313
3793
4272
4933
5475
5511
5063
4445
3938
3484
2775
1881
911
80
-748
-1675
-2709
-3778
-4713
-5393
-5906
-6324
-6601
-6653
-6460
-6023
-5481
-5005
-4492
-3747
-2759
-1863
-1039
-157
868
1998
2926
3578
4132
4724
5203
5384
5224
4976
4779
4512
4018
3208
2400
1659
927
-8
-1057
-2009
-2734
-3322
-3924
-4421
-4647
-4410
-3911
-3557
-3367
-2980
-2251
-1452
-837
-377
175
1145
2315
3223
3846
4524
5244
5766
5873
5530
4991
4500
3994
3273
2305
1356
501
-270
-1106
-2163
-3220
-4091
-4782
-5415
-5929
-6292
-6376
-6192
-5778
-5311
-4890
-4358
-3566
-2617
-1790
-1003
-96
994
2085
3007
3701
4262
4839
5306
5510
5384
5134
4875
4555
4037
3269
2413
1643
951
120
-852
-1834
-2641
-3271
-3794
-4258
-4599
-4587
-4102
-3505
-3131
-2862
-2272
-1371
-505
93
526
1262
2334
3427
4166
4713
5358
5994
6379
6293
5836
5223
4644
4013
3125
2080
1024
108
-705
-1618
-2710
-3766
-4628
-5237
-5715
-6144
-6474
-6515
-6187
-5650
-5160
-4729
-4124
-3266
-2289
-1414
-634
173
1159
2206
3054
3654
4164
4695
5086
5179
4980
4632
4289
3895
3296
2429
1489
639
-70
-840
-1800
-2778
-3519
-4036
-4501
-4971
-5217
-4996
-4367
-3730
-3376
-2987
-2244
-1237
-389
212
764
1586
2691
3712
4419
4954
5564
6184
6465
6282
5724
5107
4502
3772
2823
1747
717
-189
-1033
-1951
-3031
-4084
-4872
-5433
-5937
-6445
-6739
-6645
-6214
-5716
-5258
-4721
-3937
-2971
-2011
-1211
-432
550
1633
2599
3345
3974
4568
5136
5493
5464
5213
4867
4505
4026
3334
2467
1630
898
115
-755
-1683
-2528
-3233
-3803
-4354
-4801
-5003
-4764
-4228
-3673
-3200
-2636
-1796
-885
-67
564
1196
1998
3019
3961
4607
5147
5804
6432
6663
6401
5885
5320
4720
3936
2919
1814
814
-21
-878
-1863
-2886
-3778
-4511
-5163
-5754
-6185
-6405
-6391
-6140
-5739
-5238
-4589
-3803
-2917
-2041
-1209
-389
551
1528
2392
3168
3831
4454
4925
5205
5266
5160
4932
4500
3895
3179
2414
1573
742
-79
-937
-1782
-2572
-3282
-3936
-4516
-4894
-5068
-5017
-4661
-4058
-3446
-2845
-2078
-1194
-384
344
1048
1714
2499
3418
4203
4776
5345
5906
6275
6281
5900
5264
4605
3856
2902
1756
654
-325
-1217
-2118
-3073
-3986
-4796
-5446
-5988
-6417
-6745
-6888
-6733
-6296
-5739
-5123
-4386
-3482
-2504
-1532
-657
256
1202
2143
3005
3708
4314
4802
5190
5382
5383
5188
4817
4298
3683
2970
2119
1193
299
-505
-1303
-2088
-2856
-3536
-4100
-4525
-4801
-4915
-4685
-4133
-3420
-2805
-2162
-1286
-310
550
1242
1849
2517
3345
4221
4893
5394
5940
6457
6740
6640
6164
5507
4797
3947
2858
1673
559
-443
-1347
-2264
-3241
-4109
-4821
-5440
-5986
-6423
-6723
-6799
-6563
-6135
-5560
-4866
-3997
-3029
-2039
-1085
-175
756
1677
2514
3228
3898
4496
4995
5280
5430
5414
5205
4780
4188
3513
2717
1813
896
31
-809
-1692
-2480
-3137
-3739
-4302
-4745
-5013
-5095
-4850
-4358
-3733
-3070
-2267
-1401
-501
373
1077
1686
2370
3181
3929
4560
5143
5742
6224
6475
6419
5989
5379
4653
3734
2594
1430
349
-674
-1639
-2580
-3461
-4248
-4928
-5563
-6127
-6584
-6879
-6964
-6775
-6386
-5879
-5196
-4302
-3307
-2346
-1406
-461
471
1377
2195
2893
3549
4202
4747
5064
5224
5236
5114
4796
4244
3480
2603
1766
939
60
-851
-1667
-2371
-3013
-3598
-4140
-4598
-4893
-4951
-4816
-4428
-3774
-3015
-2301
-1441
-501
382
1177
1913
2587
3292
4121
4838
5383
5893
6406
6739
6774
6480
5900
5154
4299
3244
2061
916
-158
-1171
-2120
-2980
-3812
-4577
-5252
-5820
-6280
-6615
-6755
-6658
-6332
-5828
-5142
-4272
-3286
-2295
-1337
-408
524
1436
2189
2827
3473
4115
4629
4939
5140
5218
5112
4760
4239
3590
2800
1912
1024
159
-720
-1550
-2264
-2870
-3455
-4009
-4472
-4762
-4882
-4831
-4541
-3943
-3223
-2508
-1706
-772
207
1118
1931
2615
3310
4108
4835
5378
5869
6339
6662
6732
6560
6095
5386
4554
3565
2407
1230
109
-991
-2004
-2897
-3773
-4571
-5220
-5803
-6312
-6613
-6756
-6760
-6561
-6156
-5598
-4866
-3941
-3010
-2076
-1143
-188
738
1592
2331
2958
3558
4109
4514
4725
4800
4750
4531
4126
3532
2809
2001
1167
321
-518
-1372
-2183
-2864
-3442
-3967
-4433
-4808
-5024
-5024
-4846
-4444
-3835
-3085
-2311
-1446
-511
454
1379
2181
2872
3580
4353
5012
5507
5916
6323
6595
6637
6391
5863
5172
4396
3419
2258
1073
-36
-1091
-2065
-2941
-3761
-4494
-5056
-5528
-5948
-6231
-6338
-6251
-6006
-5610
-5081
-4357
-3470
-2509
-1554
-612
346
1276
2071
2726
3299
3844
4281
4560
4710
4755
4678
4482
4104
3511
2783
1986
1163
304
-572
-1413
-2163
-2815
-3354
-3820
-4216
-4489
-4594
-4544
-4334
-3926
-3296
-2586
-1837
-955
9
981
1857
2647
3343
4034
4743
5316
5679
5999
6334
6524
6472
6178
5679
5009
4218
3218
2046
836
-281
-1331
-2326
-3229
-4024
-4680
-5196
-5601
-5927
-6166
-6252
-6148
-5927
-5580
-5051
-4312
-3432
-2495
-1574
-669
249
1139
1901
2490
2996
3484
3876
4110
4225
4216
4095
3854
3449
2843
2106
1321
500
-363
-1230
-2058
-2769
-3337
-3802
-4246
-4598
-4749
-4788
-4720
-4493
-4070
-3443
-2648
-1828
-970
-1
1007
1925
2693
3355
4004
4650
5190
5546
5824
6094
6272
6261
5995
5480
4825
4054
3093
1940
707
-435
-1461
-2418
-3335
-4132
-4755
-5203
-5578
-5874
-6064
-6149
-6061
-5821
-5475
-4964
-4249
-3368
-2405
-1448
-516
417
1316
2075
2685
3192
3659
4044
4294
4404
4423
4348
4170
3803
3227
2564
1865
1085
227
-613
-1404
-2129
-2708
-3171
-3596
-3900
-4041
-4055
-3977
-3757
-3373
-2822
-2064
-1247
-472
365
1346
2279
3030
3664
4265
4805
5286
5665
5876
5998
6092
6083
5785
5286
4652
3890
2984
1921
732
-447
-1493
-2448
-3348
-4147
-4775
-5279
-5639
-5885
-6063
-6149
-6069
-5837
-5505
-5026
-4394
-3593
-2686
-1736
-797
108
972
1770
2433
2927
3344
3695
3895
3978
3990
3867
3636
3306
2850
2256
1602
902
155
-600
-1348
-2056
-2669
-3154
-3539
-3847
-4031
-4054
-3967
-3743
-3385
-2882
-2236
-1492
-738
22
869
1724
2491
3119
3651
4177
4670
5031
5230
5358
5460
5447
5251
4841
4231
3528
2722
1753
644
-488
-1520
-2464
-3325
-4107
-4782
-5279
-5586
-5817
-5991
-6061
-5971
-5734
-5369
-4904
-4331
-3600
-2735
-1817
-924
-33
838
1648
2348
2927
3367
3737
4009
4137
4168
4093
3922
3619
3232
2722
2109
1457
755
14
-713
-1369
-1977
-2515
-2952
-3269
-3485
-3595
-3586
-3462
-3200
-2800
-2266
-1599
-858
-90
696
1525
2319
3004
3599
4103
4527
4900
5180
5331
5407
5434
5368
5142
4753
4197
3490
2663
1725
677
-418
-1446
-2360
-3170
-3891
-4478
-4905
-5167
-5317
-5379
-5377
-5249
-4978
-4609
-4163
-3616
-2974
-2226
-1401
-571
224
983
1679
2271
2743
3094
3347
3497
3554
3500
3349
3110
2781
2351
1816
1224
587
-110
-830
-1515
-2117
-2630
-3084
-3425
-3631
-3698
-3677
-3564
-3343
-3014
-2543
-1977
-1340
-651
84
848
1604
2307
2916
3433
3861
4213
4476
4637
4715
4748
4702
4565
4300
3873
3325
2663
1890
993
28
-930
-1852
-2671
-3372
-3976
-4431
-4735
-4931
-5036
-5051
-4984
-4837
-4589
-4250
-3844
-3316
-2664
-1954
-1211
-441
301
1007
1646
2141
2504
2802
3022
3117
3126
3066
2951
2772
2523
2144
1665
1178
637
11
-635
-1221
-1724
-2129
-2479
-2762
-2922
-2935
-2872
-2761
-2561
-2268
-1864
-1331
-710
-97
550
1264
1975
2631
3169
3599
3967
4279
4487
4579
4580
4561
4503
4351
4088
3696
3202
2608
1892
1057
168
-733
-1597
-2385
-3073
-3663
-4106
-4382
-4575
-4680
-4686
-4588
-4435
-4190
-3886
-3539
-3050
-2449
-1841
-1213
-502
193
837
1402
1870
2228
2533
2754
2824
2809
2744
2636
2460
2221
1881
1497
1122
693
185
-338
-808
-1226
-1592
-1930
-2234
-2419
-2453
-2427
-2378
-2225
-1950
-1565
-1080
-572
-65
501
1132
1730
2222
2654
3032
3359
3634
3825
3901
3929
3959
3888
3697
3409
3013
2514
1925
1217
421
-391
-1185
-1941
-2645
-3259
-3775
-4157
-4414
-4603
-4722
-4755
-4689
-4548
-4331
-4033
-3649
-3149
-2557
-1925
-1303
-648
8
625
1144
1568
1895
2184
2419
2540
2573
2545
2503
2398
2217
1902
1525
1153
746
249
-267
-741
-1156
-1470
-1739
-1997
-2177
-2192
-2126
-2041
-1916
-1705
-1388
-958
-476
-7
495
1087
1699
2231
2671
3048
3374
3646
3847
3908
3895
3881
3833
3681
3441
3113
2697
2218
1655
982
243
-476
-1186
-1873
-2490
-3018
-3449
-3748
-3965
-4107
-4166
-4131
-4038
-3869
-3649
-3364
-2999
-2545
-2048
-1533
-983
-418
131
625
1063
1439
1782
2049
2239
2359
2418
2429
2362
2227
2011
1735
1413
1061
660
235
-158
-517
-821
-1078
-1284
-1446
-1533
-1541
-1480
-1400
-1267
-1051
-754
-384
36
469
910
1376
1839
2229
2531
2776
2959
3084
3143
3143
3106
3039
2938
2762
2498
2168
1771
1280
688
48
-614
-1280
-1917
-2501
-3011
-3426
-3731
-3956
-4123
-4203
-4193
-4126
-4013
-3830
-3577
-3255
-2846
-2381
-1884
-1348
-789
-250
247
721
1133
1487
1776
2001
2153
2242
2289
2270
2170
1991
1762
1489
1169
822
468
99
-237
-527
-779
-1003
-1178
-1311
-1377
-1372
-1343
-1261
-1100
-852
-542
-182
188
556
958
1357
1686
1955
2176
2342
2488
2608
2660
2667
2678
2667
2538
2354
2093
1749
1323
832
254
-370
-952
-1515
-2045
-2519
-2888
-3201
-3408
-3528
-3598
-3604
-3529
-3384
-3210
-2958
-2647
-2261
-1844
-1385
-902
-412
93
570
1027
1429
1800
2099
2330
2507
2625
2675
2650
2561
2403
2196
1947
1656
1332
1017
684
360
43
-244
-502
-718
-903
-1073
-1174
-1227
-1195
-1108
-960
-759
-475
-148
175
503
823
1142
1401
1612
1766
1885
1986
2065
2097
2088
2051
1970
1851
1662
1394
1066
665
209
-305
-829
-1348
-1845
-2286
-2686
-3025
-3271
-3416
-3503
-3512
-3456
-3345
-3199
-2973
-2703
-2405
-2058
-1682
-1295
-873
-425
4
420
839
1218
1546
1825
2053
2201
2291
2312
2238
2111
1939
1724
1468
1199
907
610
316
34
-243
-502
-725
-927
-1098
-1229
-1301
-1314
-1271
-1161
-1006
-786
-519
-195
119
440
769
1077
1340
1547
1726
1862
1974
2030
2044
2025
1993
1916
1777
1568
1312
1004
631
196
-279
-773
-1240
-1692
-2112
-2470
-2739
-2925
-3029
-3079
-3067
-2970
-2815
-2638
-2440
-2185
-1893
-1562
-1204
-825
-430
6
438
850
1230
1577
1877
2110
2276
2351
2382
2345
2270
2131
1936
1718
1474
1242
970
708
438
191
-45
-252
-438
-595
-696
-760
-775
-753
-669
-533
-349
-133
90
319
565
812
1040
1199
1329
1429
1515
1566
1583
1567
1524
1468
1350
1194
969
721
428
75
-324
-750
-1150
-1534
-1874
-2189
-2438
-2614
-2704
-2734
-2723
-2652
-2543
-2379
-2207
-1996
-1771
-1506
-1205
-890
-560
-225
122
469
781
1049
1273
1459
1601
1690
1711
1672
1607
1510
1384
1209
1013
799
582
362
135
-92
-289
-441
-573
-676
-757
-776
-745
-676
-581
-465
-312
-114
86
270
449
639
806
973
1073
1177
1211
1279
1255
1227
1150
1037
922
695
538
192
-2
-388
-611
-992
-1270
-1561
-1823
-1961
-2203
-2205
-2389
-2271
-2335
-2170
-2078
-1900
-1649
-1457
-1097
-900
-486
-267
148
373
690
941
1134
1391
1466
1663
1643
1787
1717
1766
1670
1603
1489
1329
1197
946
800
541
394
166
45
-95
-152
-179
-187
-122
-73
49
138
273
375
504
617
716
823
887
980
1016
1067
1073
1073
1029
952
852
696
512
281
38
-239
-524
-815
-1100
-1368
-1593
-1796
-1968
-2094
-2161
-2194
-2186
-2143
-2067
-1947
-1791
-1605
-1408
-1183
-932
-673
-412
-160
97
327
554
749
912
1048
1148
1229
1257
1278
1255
1227
1160
1069
949
813
681
529
392
241
135
38
-16
-53
-48
-18
31
111
184
279
367
460
542
626
695
751
804
842
852
842
817
754
642
512
353
164
-41
-268
-502
-747
-971
-1185
-1384
-1560
-1722
-1850
-1960
-2030
-2075
-2078
-2034
-1963
-1855
-1729
-1550
-1350
-1114
-877
-640
-388
-155
98
294
500
659
801
913
996
1066
1086
1126
1108
1100
1051
1003
949
870
791
684
602
501
435
367
338
335
358
416
489
587
694
804
890
986
1049
1104
1136
1167
1172
1175
1167
1144
1111
1045
961
828
668
480
253
-2
-265
-534
-784
-1022
-1228
-1415
-1553
-1669
-1755
-1822
-1865
-1881
-1886
-1852
-1809
-1716
-1599
-1442
-1268
-1075
-848
-634
-421
-221
-37
114
242
347
423
491
539
579
605
624
639
648
648
622
597
547
497
432
382
331
303
288
285
319
380
483
582
710
815
922
1030
1113
1179
1218
1235
1227
1205
1162
1121
1059
983
897
783
642
479
307
104
-122
-361
-603
-852
-1079
-1286
-1477
-1630
-1747
-1833
-1894
-1921
-1913
-1884
-1827
-1750
-1657
-1548
-1414
-1268
-1109
-956
-785
-616
-455
-293
-152
-22
93
196
261
315
351
378
400
406
409
394
382
371
355
333
321
314
306
310
318
360
407
479
553
639
737
843
955
1057
1150
1211
1264
1297
1317
1303
1286
1248
1189
1117
1028
929
817
688
526
360
172
-15
-201
-393
-586
-774
-930
-1078
-1193
-1284
-1344
-1389
-1408
-1398
-1372
-1316
-1255
-1157
-1066
-957
-845
-720
-580
-453
-320
-211
-95
1
88
163
222
263
286
311
313
316
299
279
264
252
230
206
198
193
194
204
227
250
289
339
401
476
557
642
739
835
918
1008
1075
1127
1150
1164
1149
1109
1067
990
900
797
697
567
437
302
150
-23
-201
-372
-557
-738
-900
-1051
-1194
-1298
-1376
-1418
-1443
-1436
-1424
-1391
-1349
-1299
-1226
-1164
-1086
-1008
-902
-804
-682
-560
-453
-342
-255
-164
-124
-72
-60
-57
-64
-69
-67
-79
-56
-43
-18
13
65
85
112
141
159
184
216
271
328
407
507
611
728
855
957
1053
1128
1179
1205
1204
1195
1157
1114
1058
1006
945
890
827
736
645
534
406
250
95
-71
-225
-377
-507
-604
-697
-747
-786
-799
-814
-810
-801
-795
-785
-775
-755
-738
-704
-667
-612
-558
-487
-417
-355
-296
-249
-219
-209
-204
-207
-220
-233
-239
-240
-245
-227
-195
-158
-112
-70
-9
34
96
157
203
261
330
398
467
562
652
741
842
928
1005
1080
1128
1165
1174
1167
1125
1076
1011
922
836
738
642
537
431
314
201
92
-33
-153
-280
-394
-517
-621
-706
-782
-832
-880
-893
-905
-897
-875
-849
-825
-796
-750
-738
-704
-676
-650
-618
-590
-551
-538
-495
-464
-434
-415
-407
-389
-395
-389
-406
-409
-416
-403
-384
-358
-308
-251
-173
-111
-19
53
136
219
299
365
423
511
577
656
727
800
862
918
971
991
1000
988
959
907
838
768
683
605
517
435
351
271
199
110
42
-51
-130
-202
-286
-358
-426
-473
-519
-536
-549
-537
-521
-491
-459
-436
-401
-384
-375
-369
-369
-376
-371
-366
-361
-344
-313
-293
-258
-218
-198
-193
-173
-165
-188
-185
-165
-176
-185
-113
-82
-42
59
164
199
289
418
429
478
580
655
543
607
697
649
691
796
830
743
904
864
796
786
817
685
541
593
411
314
231
247
43
14
37
-103
-154
-228
-223
-425
-406
-485
-585
-647
-655
-667
-791
-695
-740
-721
-739
-663
-684
-689
-610
-636
-611
-635
-565
-613
-561
-519
-510
-479
-438
-365
-369
-288
-258
-213
-170
-113
-77
-55
19
55
106
157
229
283
337
421
473
529
579
631
669
691
725
741
748
737
744
727
694
681
644
587
532
496
418
349
284
206
117
47
-15
-108
-168
-227
-296
-371
-397
-437
-488
-497
-512
-533
-555
-531
-535
-531
-515
-503
-492
-484
-451
-445
-426
-407
-391
-381
-366
-342
-341
-325
-315
-306
-295
-283
-262
-248
-225
-205
-176
-145
-104
-53
-9
57
120
175
249
324
404
470
547
615
677
742
800
855
886
927
961
979
984
981
979
948
916
868
811
747
671
592
500
405
312
218
129
44
-47
-133
-214
-277
-351
-414
-466
-516
-559
-598
-621
-653
-666
-673
-682
-682
-679
-665
-657
-643
-629
-615
-601
-593
-583
-569
-558
-547
-531
-516
-506
-481
-448
-425
-391
-346
-307
-266
-219
-176
-131
-75
-22
32
95
169
231
297
365
429
486
546
601
635
673
695
713
720
728
730
713
700
671
641
601
557
501
432
360
289
215
130
58
-17
-90
-162
-223
-281
-330
-364
-409
-442
-479
-498
-515
-527
-537
-550
-548
-548
-535
-527
-504
-489
-470
-447
-417
-390
-365
-327
-314
-290
-264
-243
-224
-188
-159
-134
-96
-59
-23
16
72
110
146
194
237
277
320
367
409
452
500
541
576
617
645
672
685
692
695
690
681
656
637
599
560
512
467
416
360
306
239
181
115
62
-1
-63
-117
-167
-212
-250
-278
-313
-333
-350
-363
-371
-375
-370
-371
-365
-362
-356
-349
-343
-335
-336
-330
-326
-320
-322
-324
-321
-322
-323
-323
-316
-318
-309
-308
-297
-286
-270
-247
-228
-193
-167
-125
-86
-35
9
60
124
176
231
279
340
379
418
460
494
519
537
556
556
551
543
528
495
465
421
375
319
269
211
141
90
23
-35
-92
-135
-195
-243
-280
-325
-357
-389
-399
-426
-432
-437
-436
-434
-432
-411
-418
-400
-396
-382
-383
-372
-361
-368
-348
-342
-323
-325
-305
-298
-297
-276
-269
-246
-244
-205
-193
-164
-128
-82
-37
0
76
121
193
256
329
386
444
511
556
617
663
707
734
767
793
797
808
810
796
764
729
695
637
585
532
463
390
318
260
181
115
54
-14
-82
-130
-171
-230
-265
-306
-334
-370
-384
-396
-417
-413
-421
-416
-423
-407
-407
-404
-391
-393
-389
-395
-382
-387
-386
-382
-372
-367
-361
-335
-329
-311
-291
-268
-250
-225
-189
-157
-118
-75
-28
12
63
116
169
220
272
317
356
398
432
462
487
507
516
523
528
521
510
495
474
438
401
364
316
270
219
172
115
65
16
-33
-76
-123
-156
-204
-237
-276
-304
-335
-366
-382
-408
-417
-439
-443
-458
-470
-475
-481
-477
-486
-482
-488
-483
-483
-475
-459
-457
-440
-432
-408
-383
-354
-323
-292
-252
-218
-174
-125
-67
-16
41
96
149
213
271
328
379
430
481
531
571
613
644
668
689
697
707
705
696
679
655
622
594
554
509
461
412
368
314
269
220
166
112
61
13
-29
-62
-98
-131
-163
-187
-209
-226
-235
-253
-267
-270
-274
-286
-283
-282
-285
-282
-282
-279
-280
-276
-277
-280
-282
-283
-274
-270
-260
-256
-247
-232
-212
-189
-172
-149
-129
-99
-77
-44
-11
19
57
86
127
160
201
230
261
287
308
331
351
369
370
373
370
362
351
337
321
288
260
228
193
158
119
75
29
-10
-52
-89
-132
-166
-201
-234
-257
-278
-294
-311
-324
-339
-348
-357
-361
-364
-371
-369
-372
-369
-364
-360
-357
-357
-354
-353
-345
-339
-330
-329
-322
-311
-300
-285
-263
-242
-222
-192
-159
-120
-83
-43
-1
41
85
138
187
234
280
323
367
410
452
490
524
547
566
580
596
598
595
589
568
547
524
499
466
434
393
352
311
268
231
181
141
91
45
8
-23
-60
-90
-114
-139
-156
-172
-180
-196
-212
-222
-235
-245
-253
-260
-275
-286
-299
-307
-308
-315
-316
-327
-331
-334
-329
-324
-321
-313
-309
-295
-277
-255
-231
-199
-166
-133
-88
-45
0
47
95
143
191
240
286
332
378
412
443
474
498
512
528
536
530
519
504
486
455
419
380
338
292
240
188
138
81
24
-26
-77
-127
-171
-213
-253
-290
-318
-344
-370
-386
-399
-409
-417
-420
-422
-422
-421
-416
-413
-405
-397
-388
-381
-372
-359
-350
-330
-318
-309
-297
-279
-262
-244
-221
-198
-175
-149
-116
-85
-50
-15
22
57
97
138
179
216
249
278
309
341
367
394
411
422
429
431
428
424
410
393
373
343
314
279
247
209
169
128
90
53
19
-13
-49
-81
-108
-132
-148
-165
-176
-186
-192
-192
-191
-186
-183
-173
-166
-157
-148
-137
-129
-120
-110
-103
-95
-88
-82
-82
-79
-78
-75
-72
-71
-71
-71
-70
-62
-52
-43
-33
-20
-8
11
34
55
80
103
128
153
187
218
249
276
301
326
346
369
385
397
401
400
398
393
388
372
357
334
307
280
253
220
182
142
101
65
26
-3
-34
-68
-98
-127
-149
-168
-184
-204
-225
-246
-262
-271
-278
-286
-297
-306
-313
-317
-318
-317
-325
-330
-340
-343
-341
-342
-343
-347
-348
-343
-333
-322
-307
-294
-279
-259
-234
-209
-180
-147
-118
-91
-60
-24
14
52
89
125
157
192
223
253
273
291
304
311
318
315
309
297
283
267
247
227
202
174
142
110
76
47
15
-20
-54
-84
-113
-134
-151
-169
-185
-200
-207
-211
-212
-216
-214
-211
-208
-201
-190
-179
-170
-162
-149
-135
-121
-107
-94
-86
-77
-65
-52
-34
-22
-14
0
13
34
56
78
96
114
140
167
199
226
255
282
306
328
354
385
411
431
447
463
475
487
496
499
492
479
463
446
427
397
367
332
294
257
220
180
138
96
51
5
-37
-74
-115
-153
-188
-221
-248
-273
-292
-310
-329
-344
-357
-365
-369
-373
-377
-378
-378
-375
-370
-366
-357
-352
-350
-338
-328
-318
-308
-298
-290
-278
-264
-249
-236
-222
-202
-183
-162
-137
-116
-92
-69
-41
-14
15
43
67
92
116
140
157
181
197
209
220
229
237
237
236
228
215
202
189
171
149
125
95
69
42
8
-21
-50
-77
-106
-131
-153
-170
-185
-196
-207
-217
-220
-221
-213
-210
-202
-189
-177
-159
-138
-118
-101
-84
-64
-46
-28
-9
7
17
31
46
57
71
82
93
102
111
117
120
131
137
143
150
160
165
176
188
200
215
227
241
253
267
281
293
301
303
308
312
312
310
305
298
284
269
254
235
213
186
158
127
95
66
34
1
-31
-64
-92
-117
-142
-164
-184
-201
-214
-224
-228
-229
-230
-231
-227
-216
-206
-192
-176
-160
-149
-133
-119
-103
-91
-78
-66
-60
-51
-42
-32
-24
-20
-13
-11
-5
-3
-1
0
1
2
8
11
17
26
30
42
49
59
71
82
90
96
105
114
123
129
131
131
131
129
121
113
102
83
63
39
12
-13
-40
-71
-105
-135
-165
-193
-221
-250
-280
-306
-329
-343
-358
-371
-379
-381
-377
-372
-362
-347
-330
-314
-293
-268
-241
-209
-180
-152
-124
-95
-62
-34
-8
19
41
63
82
102
116
131
143
151
161
171
182
193
201
206
213
217
225
232
238
246
255
266
275
285
293
302
313
323
328
329
331
331
328
323
315
303
287
267
247
226
201
174
142
109
74
38
6
-28
-63
-98
-128
-156
-180
-199
-219
-239
-256
-269
-278
-281
-282
-281
-275
-269
-259
-242
-221
-204
-187
-169
-146
-124
-101
-78
-57
-40
-21
-1
20
40
57
74
85
100
115
128
141
149
155
160
168
177
184
190
194
196
198
202
204
203
199
191
183
178
173
162
149
131
112
94
75
55
30
3
-26
-57
-84
-112
-142
-171
-205
-237
-263
-284
-305
-327
-347
-370
-385
-396
-401
-406
-409
-414
-414
-408
-396
-379
-363
-347
-330
-312
-289
-259
-226
-200
-175
-148
-119
-88
-56
-29
-5
18
41
67
91
116
135
153
168
184
201
220
238
249
257
264
275
287
297
304
307
309
309
313
318
317
309
300
287
277
268
260
242
222
203
183
163
145
125
101
72
46
22
0
-22
-46
-69
-94
-117
-135
-148
-161
-176
-192
-205
-208
-210
-209
-210
-212
-212
-207
-197
-184
-170
-159
-147
-132
-113
-93
-77
-61
-47
-33
-15
5
24
45
61
74
90
108
128
143
156
165
172
181
193
203
211
210
209
213
217
222
223
218
206
194
184
176
167
151
130
110
91
75
61
41
17
-10
-37
-58
-78
-97
-120
-145
-171
-190
-208
-218
-230
-245
-263
-276
-283
-288
-289
-296
-299
-300
-298
-291
-278
-269
-258
-247
-238
-222
-204
-184
-169
-153
-135
-116
-95
-73
-51
-32
-12
8
31
54
76
93
109
127
141
160
175
190
200
206
216
224
233
241
246
247
245
247
245
246
240
231
224
216
208
197
185
171
155
140
123
104
87
69
49
28
10
-6
-25
-48
-66
-83
-97
-111
-125
-139
-154
-167
-176
-184
-190
-197
-200
-204
-206
-202
-198
-192
-191
-187
-179
-168
-152
-140
-128
-111
-95
-76
-54
-35
-18
-2
13
33
54
76
94
110
122
137
153
168
183
188
193
199
205
211
215
215
209
203
196
194
191
184
171
154
141
129
122
108
96
79
59
45
36
26
12
-7
-27
-44
-59
-68
-80
-94
-115
-132
-146
-155
-160
-169
-181
-197
-206
-213
-213
-212
-216
-222
-226
-227
-224
-214
-207
-204
-197
-188
-177
-160
-141
-129
-116
-106
-93
-72
-51
-35
-21
-7
7
25
42
59
71
82
93
102
113
122
127
130
133
137
142
148
152
150
147
145
145
145
143
135
127
117
112
106
102
95
84
72
63
52
44
37
26
13
1
-5
-13
-18
-26
-33
-42
-49
-50
-52
-55
-59
-62
-65
-61
-60
-57
-54
-55
-51
-46
-40
-33
-28
-24
-20
-15
-10
0
6
10
15
19
24
32
37
39
41
43
50
54
55
54
56
55
54
56
54
53
50
47
47
46
45
40
33
28
22
17
14
4
-5
-16
-24
-30
-35
-43
-54
-63
-70
-75
-76
-78
-81
-88
-92
-93
-93
-91
-92
-92
-93
-90
-85
-75
-68
-64
-61
-58
-52
-44
-32
-29
-23
-17
-12
-2
9
20
29
32
37
45
56
66
70
76
80
84
90
96
102
106
106
106
110
112
116
116
113
106
100
98
94
88
80
70
59
50
44
34
21
8
-7
-18
-27
-39
-50
-63
-75
-85
-91
-97
-103
-111
-119
-128
-133
-135
-136
-141
-147
-150
-151
-147
-144
-141
-141
-142
-140
-135
-127
-119
-110
-106
-99
-91
-76
-62
-50
-37
-25
-12
4
19
33
47
61
72
85
103
117
129
138
144
153
162
172
179
184
184
184
184
185
183
182
176
168
162
156
150
144
134
122
110
100
91
83
72
58
45
32
20
9
-2
-14
-28
-42
-53
-66
-79
-90
-101
-113
-123
-132
-135
-140
-147
-154
-158
-160
-160
-160
-160
-158
-157
-155
-151
-143
-135
-128
-124
-117
-107
-97
-83
-71
-61
-52
-40
-29
-16
-4
8
21
31
42
55
65
77
84
89
97
107
117
122
127
130
131
134
138
137
136
132
126
123
118
115
110
102
93
86
74
68
59
48
39
24
13
2
-6
-17
-30
-40
-50
-59
-67
-75
-85
-93
-100
-107
-113
-116
-121
-127
-130
-132
-132
-130
-130
-130
-130
-127
-123
-119
-116
-109
-103
-98
-89
-80
-71
-61
-51
-42
-34
-22
-13
-2
9
18
29
37
49
57
70
79
85
92
99
107
112
117
123
129
135
141
140
140
139
136
135
134
129
123
119
114
108
102
93
86
76
63
55
45
35
25
11
1
-10
-20
-28
-38
-47
-54
-60
-65
-69
-73
-76
-81
-86
-88
-88
-86
-86
-84
-84
-81
-79
-73
-70
-69
-64
-61
-60
-54
-47
-44
-42
-35
-29
-25
-20
-12
-7
-3
4
10
14
19
25
28
29
32
35
38
41
42
43
44
46
46
46
40
37
33
29
26
22
17
10
4
-1
-5
-11
-18
-24
-30
-34
-39
-45
-48
-50
-51
-53
-53
-52
-54
-51
-52
-50
-49
-47
-42
-40
-39
-35
-32
-28
-25
-17
-10
-5
1
6
8
13
18
22
26
30
35
39
42
45
50
54
58
60
59
60
61
61
63
65
63
61
57
55
52
47
42
37
34
26
19
14
9
3
-1
-7
-14
-20
-25
-26
-31
-34
-38
-43
-47
-49
-49
-50
-50
-51
-50
-51
-51
-50
-47
-44
-43
-38
-34
-34
-27
-24
-21
-17
-10
-6
-1
6
11
16
21
26
31
35
41
43
46
51
55
59
61
63
61
64
65
66
65
64
62
58
57
55
51
48
45
41
36
34
30
25
18
11
8
-2
-8
-12
-17
-24
-30
-35
-37
-43
-49
-55
-64
-67
-70
-71
-74
-78
-82
-85
-86
-84
-82
-84
-87
-86
-85
-84
-78
-77
-76
-73
-69
-63
-55
-48
-42
-38
-33
-28
-19
-11
-4
5
10
16
23
32
44
52
56
60
67
73
77
83
87
87
85
90
92
96
93
91
86
81
80
76
73
68
59
52
45
41
36
30
24
14
6
1
-1
-6
-15
-21
-28
-34
-38
-39
-45
-52
-56
-60
-63
-67
-65
-65
-69
-74
-73
-71
-67
-62
-60
-58
-55
-48
-40
-33
-29
-26
-26
-15
-6
0
9
13
14
21
30
37
43
46
50
53
57
59
64
66
63
63
62
62
64
65
63
57
53
53
53
52
48
42
38
34
29
28
25
21
13
7
5
2
-2
-9
-18
-24
-26
-31
-33
-37
-45
-49
-53
-57
-58
-58
-61
-62
-66
-67
-63
-60
-59
-60
-62
-61
-57
-50
-46
-44
-43
-42
-36
-27
-20
-17
-18
-19
-16
-7
-1
3
3
3
5
9
15
20
21
21
22
21
25
26
29
27
22
21
24
28
30
31
28
27
26
29
34
32
28
23
21
21
22
24
22
17
12
11
12
12
10
5
0
-3
-1
-1
-2
-3
-6
-7
-7
-5
-2
-2
-4
-7
-7
-5
-2
-3
-5
-8
-9
-7
-4
-1
-4
-6
-9
-8
-5
-5
-3
-7
-9
-9
-5
-1
1
0
1
-2
-1
4
7
8
5
5
7
10
17
20
20
18
17
19
22
23
23
19
16
15
15
14
15
12
6
1
1
2
1
0
-4
-7
-7
-5
-4
-8
-10
-13
-15
-13
-11
-10
-10
-10
-13
-14
-13
-9
-10
-11
-13
-11
-12
-9
-9
-9
-11
-14
-14
-14
-11
-10
-10
-17
-20
-18
-14
-14
-14
-13
-13
-11
-9
-4
-3
-6
-5
-4
-3
-1
2
3
0
2
4
5
7
6
5
3
4
5
3
2
3
2
-1
1
0
2
1
3
2
0
0
0
2
0
-2
-4
-2
3
3
3
0
-1
-3
-2
-1
-2
-4
-4
-5
-7
-6
-7
-8
-7
-8
-8
-5
-3
0
1
4
2
3
6
10
13
13
13
13
14
13
18
20
18
17
19
21
21
21
18
16
15
12
13
14
12
11
10
9
9
10
9
9
7
6
5
6
5
5
3
2
0
1
3
3
0
-2
-3
-7
-8
-8
-11
-14
-15
-16
-17
-16
-13
-11
-12
-13
-11
-9
-9
-10
-11
-9
-6
-5
-3
-1
-1
2
5
8
8
7
8
8
10
9
10
8
6
5
7
8
7
6
4
0
-2
-1
0
-3
-4
-5
-6
-8
-6
-7
-7
-10
-13
-16
-17
-15
-16
-16
-19
-18
-17
-16
-16
-18
-18
-21
-21
-20
-23
-22
-21
-22
-22
-21
-17
-17
-16
-17
-16
-15
-12
-10
-8
-5
-2
1
2
7
8
8
11
10
10
10
13
14
12
14
12
12
12
13
14
12
14
13
16
14
16
16
14
14
18
20
21
21
19
20
22
21
24
23
21
20
19
19
18
19
19
18
18
17
16
15
15
14
11
9
7
6
5
1
-3
-2
-2
-3
-3
-3
-8
-9
-8
-7
-8
-9
-8
-8
-6
-8
-9
-8
-7
-10
-10
-11
-10
-11
-11
-9
-10
-11
-11
-13
-12
-14
-15
-11
-11
-10
-8
-8
-9
-7
-5
-5
-5
-8
-7
-5
-2
0
2
0
-3
-2
1
2
-1
-1
-2
-3
-2
-3
-1
-1
-1
-3
-3
-7
-7
-7
-8
-10
-13
-13
-14
-14
-11
-8
-9
-8
-7
-8
-4
-7
-6
-8
-7
-6
-3
-3
-5
-3
-2
-1
-1
-2
-5
-8
-8
-7
-4
-4
-4
-5
-4
3
4
7
8
9
7
7
11
12
13
12
13
13
13
17
18
16
14
13
12
15
15
15
10
10
14
14
15
15
16
15
16
15
13
14
12
10
7
8
10
10
11
9
7
5
5
8
7
5
0
-3
-5
-5
-5
-8
-8
-11
-13
-14
-11
-12
-13
-13
-15
-16
-16
-13
-8
-10
-9
-9
-7
-5
-2
1
0
0
2
5
6
4
5
5
3
5
6
6
3
2
2
3
3
1
1
0
1
-1
-1
-1
2
1
1
-1
-5
-1
-1
1
-1
-2
-2
-2
-2
-1
-2
-5
-7
-8
-10
-8
-11
-13
-14
-17
-16
-15
-16
-16
-15
-16
-14
-16
-15
-12
-11
-9
-10
-8
-8
-8
-4
-6
-7
-8
-3
1
2
2
4
3
4
6
4
3
3
4
4
5
4
5
4
6
9
9
9
8
9
9
10
11
9
9
11
13
14
13
14
16
15
14
11
11
8
8
8
6
6
5
4
3
3
1
2
4
1
3
2
0
-1
-2
-2
-2
-4
-4
-4
-4
-3
-6
-6
-6
-7
-7
-7
-6
-6
-5
-3
-3
-5
-2
1
2
2
2
2
3
6
9
9
5
7
7
8
11
10
8
7
8
9
10
11
10
8
9
9
9
7
8
6
4
3
2
2
2
1
-1
-3
-5
-4
-5
-8
-9
-9
-10
-9
-10
-11
-11
-11
-12
-12
-11
-14
-12
-15
-16
-17
-18
-16
-16
-16
-15
-15
-13
-13
-13
-13
-13
-14
-15
-12
-9
-9
-8
-8
-7
-5
-2
-1
0
-1
-2
1
1
3
3
6
6
5
6
6
7
7
7
9
5
3
3
6
7
6
5
5
2
-1
0
1
0
1
1
1
0
4
4
5
5
5
3
4
8
10
11
11
12
13
15
16
16
13
15
15
13
14
14
13
10
10
10
10
11
11
10
6
5
4
6
6
4
4
-1
0
0
2
2
1
0
-1
-1
-1
1
0
-3
-7
-7
-6
-5
-4
-5
-8
-10
-8
-8
-11
-12
-11
-14
-14
-15
-13
-8
-8
-10
-12
-11
-7
-4
-6
-7
-9
-11
-5
-1
-2
-5
-2
1
0
0
3
4
5
3
4
7
7
6
6
6
6
5
5
6
2
1
2
2
1
3
2
1
-1
1
1
1
-1
-2
-3
-5
-6
-5
-6
-10
-10
-11
-10
-12
-10
-8
-7
-7
-8
-5
-7
-8
-8
-7
-7
-6
-5
-3
-3
-3
-1
-1
-1
-2
0
0
-1
-2
0
1
1
2
2
1
0
1
3
4
3
3
1
3
3
4
5
4
3
3
4
5
7
6
9
8
7
10
13
13
10
10
10
10
11
12
12
9
9
11
10
12
10
13
12
10
10
9
10
8
9
8
6
6
7
8
6
2
4
0
0
2
1
-1
0
0
-1
-2
-2
-3
-5
-7
-10
-8
-7
-5
-5
-5
-4
-5
2
0
1
-3
-5
-5
-5
-6
-5
-6
-7
-5
-10
-10
-8
-8
-10
-13
-14
-14
-13
-14
-12
-13
-16
-13
-12
-12
-11
-10
-12
-14
-15
-14
-14
-13
-10
-7
-8
-5
-3
-1
0
0
2
1
1
4
4
2
5
3
2
4
7
8
7
11
9
9
9
9
9
13
13
12
13
14
15
17
17
16
14
11
9
10
9
7
9
7
3
3
1
1
-2
-4
-7
-8
-9
-10
-12
-16
-15
-15
-15
-15
-17
-18
-19
-16
-16
-16
-16
-13
-12
-10
-9
-8
-7
-9
-9
-7
-6
-2
0
0
5
7
9
10
15
18
17
20
21
19
18
21
20
19
23
23
23
22
23
24
22
22
21
18
18
19
19
18
16
14
11
11
9
10
8
6
5
2
0
-2
-3
-5
-6
-6
-7
-7
-8
-6
-7
-10
-12
-15
-16
-19
-20
-19
-20
-21
-21
-22
-21
-24
-23
-23
-22
-21
-18
-19
-19
-19
-18
-17
-15
-13
-11
-8
-8
-8
-6
-2
0
-1
-1
-1
-1
2
2
4
5
4
3
6
6
1
4
3
3
1
2
3
0
-1
0
1
-1
-1
-1
-2
2
0
1
-2
-3
-2
-3
-3
-4
-2
-2
-1
-2
0
-1
3
3
3
5
3
6
6
5
6
5
8
7
6
8
8
6
6
8
8
6
6
7
8
3
3
6
3
2
4
2
3
3
5
5
6
10
9
8
11
12
10
9
10
9
8
9
9
7
7
10
8
7
6
4
3
0
1
0
-1
1
1
0
1
2
5
1
1
4
6
3
4
5
3
5
6
7
4
3
4
3
1
4
0
-2
-3
-3
-4
-5
-5
-3
-2
-5
-5
-5
-7
-7
-7
-8
-9
-8
-8
-8
-7
-7
-6
-5
-8
-9
-9
-9
-11
-12
-14
-15
-18
-20
-19
-23
-25
-25
-25
-26
-24
-24
-24
-25
-25
-23
-24
-24
-19
-17
-16
-16
-13
-13
-14
-10
-10
-10
-9
-5
-4
-3
-1
-1
2
1
5
5
5
6
8
10
14
16
16
20
21
25
28
31
31
33
34
33
36
33
33
35
33
34
32
29
32
28
25
22
20
19
18
15
14
11
10
8
5
4
0
-2
-6
-6
-7
-7
-8
-9
-10
-11
-8
-8
-10
-11
-12
-12
-11
-10
-11
-10
-9
-8
-7
-8
-6
-5
-7
-7
-9
-7
-5
-4
-3
-5
-4
-2
0
2
4
7
5
6
8
9
9
11
8
7
6
7
7
7
5
2
2
0
-1
0
-2
-4
-3
-6
-9
-8
-9
-11
-12
-12
-13
-12
-16
-16
-15
-15
-14
-15
-13
-12
-14
-14
-13
-13
-13
-12
-11
-11
-11
-9
-8
-7
-9
-7
-8
-12
-8
-7
-8
-11
-10
-11
-11
-12
-13
-13
-11
-10
-6
-5
-3
-1
1
2
2
1
3
6
8
11
12
12
13
14
12
10
10
11
12
10
10
9
10
9
10
11
8
9
8
11
11
11
14
16
12
13
15
16
15
15
17
15
15
14
13
12
9
12
10
8
10
9
8
7
6
4
3
2
0
-1
-4
-3
-5
-3
-1
-4
-3
-4
-4
-1
0
1
0
1
2
1
1
0
0
2
-2
0
1
-1
-1
-1
-1
-4
-5
-5
-7
-6
-8
-9
-10
-9
-10
-11
-9
-11
-9
-8
-9
-6
-6
-3
-4
-1
-2
-3
-2
-4
0
1
1
0
-2
-4
-3
-2
-3
-2
-3
0
-2
0
-1
-5
-3
-4
-6
-5
-6
-5
-3
-2
-1
-2
-3
-2
0
2
1
-1
-3
-2
-4
-6
-2
-2
-5
-9
-10
-9
-11
-13
-12
-14
-17
-17
-15
-14
-13
-13
-11
-11
-11
-7
-5
-6
-4
-1
1
1
3
5
3
2
3
5
3
4
6
5
9
10
8
13
10
10
9
8
9
11
9
11
11
13
15
17
20
18
18
15
17
18
17
18
19
21
20
17
18
19
15
12
9
7
5
5
2
-3
-6
-7
-6
-6
-7
-7
-4
-6
-6
-4
-8
-9
-7
-7
-5
-3
-2
-4
-5
-6
-3
-1
-1
3
3
3
2
1
1
-1
1
0
0
-2
0
1
2
2
1
3
2
5
3
2
3
2
1
3
5
3
2
1
1
0
1
0
-2
-5
-5
-5
-8
-9
-12
-14
-13
-11
-14
-16
-18
-16
-14
-15
-15
-16
-15
-14
-14
-11
-10
-7
-7
-7
-8
-6
-3
-1
1
-1
1
0
2
2
2
1
-1
-2
-1
-1
-2
-1
1
-2
-4
-5
-5
-8
-8
-5
-4
-6
-7
-6
-9
-10
-8
-6
-5
-6
-5
-4
0
1
1
4
0
-2
-2
-2
-4
-5
-1
-1
-4
-2
1
1
1
2
2
3
3
4
5
8
9
10
13
17
19
19
20
21
21
20
21
22
24
23
25
27
25
25
27
25
22
21
19
22
22
22
20
15
14
15
15
14
13
10
10
8
7
7
6
6
5
3
0
0
-2
-2
-4
-6
-6
-8
-6
-9
-11
-13
-12
-15
-19
-16
-18
-21
-23
-23
-22
-21
-20
-20
-17
-21
-18
-19
-20
-22
-23
-20
-18
-18
-17
-15
-17
-15
-13
-15
-12
-10
-10
-10
-7
-9
-7
-6
-7
-7
-5
-5
-5
-5
-7
-5
-5
-4
2
4
0
0
1
3
7
11
7
5
5
4
3
2
4
2
6
5
-1
-1
0
0
-1
0
0
-1
-2
-4
-9
-11
-9
-5
-2
0
0
-1
-1
-4
-2
-1
3
2
2
2
2
4
6
9
6
8
11
14
15
12
12
11
10
11
11
10
7
9
11
10
12
13
16
13
11
13
14
12
11
11
10
8
10
12
15
14
13
15
10
10
10
12
11
10
9
8
9
4
5
3
3
3
3
1
-2
0
0
2
1
-1
-2
-7
-6
-9
-6
-8
-6
-4
-7
-4
-6
-3
-5
-4
-2
-3
-3
-4
-1
-2
-2
-3
-5
-4
-6
-6
-7
-7
-7
-9
-10
-12
-12
-11
-10
-10
-8
-9
-11
-11
-13
-12
-11
-10
-10
-12
-11
-12
-11
-14
-12
-14
-13
-15
-17
-13
-14
-11
-12
-11
-12
-14
-14
-15
-12
-14
-13
-12
-10
-11
-12
-11
-10
-8
-7
-3
-2
0
0
2
4
4
3
5
8
6
5
5
7
8
10
13
13
14
14
16
16
15
14
16
15
16
17
14
14
16
15
13
12
12
12
10
12
13
9
11
10
9
7
6
6
6
6
6
5
3
0
3
3
3
4
2
0
2
3
2
3
1
3
5
6
5
6
7
8
9
6
7
8
7
8
7
5
2
4
4
3
4
3
2
1
2
-1
-2
-3
0
1
0
0
0
0
0
0
0
0
3
4
2
2
1
1
5
3
1
-1
-3
-6
-7
-7
-10
-12
-12
-13
-13
-15
-16
-17
-17
-20
-19
-18
-17
-17
-15
-13
-12
-13
-12
-10
-10
-8
-10
-10
-11
-10
-10
-12
-15
-14
-12
-12
-11
-11
-9
-12
-12
-12
-12
-15
-12
-9
-11
-10
-9
-6
-5
-5
-6
-5
-2
-1
0
2
-1
0
0
3
2
1
4
5
6
10
10
8
6
6
10
10
7
10
12
10
9
9
12
14
12
14
16
15
18
21
20
15
17
15
14
16
17
17
15
15
15
15
14
15
13
10
10
11
10
7
6
6
5
5
5
4
4
5
4
4
5
6
6
6
6
5
5
4
1
-1
-3
-3
-4
-4
-5
-6
-7
-8
-7
-7
-7
-7
-4
-4
-4
-3
-4
-4
-2
-3
-2
0
0
1
1
2
4
3
4
4
3
3
2
4
1
-2
-2
0
0
-3
-5
-6
-8
-9
-12
-11
-11
-12
-12
-11
-9
-12
-13
-10
-7
-7
-8
-8
-8
-11
-13
-12
-10
-12
-14
-14
-16
-17
-19
-15
-15
-18
-18
-18
-16
-14
-15
-14
-15
-17
-15
-14
-12
-11
-8
-6
-6
-6
-3
0
0
1
3
2
2
3
3
5
4
2
4
3
4
4
5
7
3
2
3
4
3
5
7
8
8
9
9
11
12
15
19
19
21
22
21
20
20
21
22
22
18
18
16
18
18
15
14
11
8
9
9
8
7
8
7
9
12
13
11
12
13
14
18
16
20
18
16
16
16
18
16
15
14
13
11
8
7
5
-1
-2
-3
-5
-5
-5
-5
-8
-10
-9
-10
-11
-13
-11
-12
-11
-11
-8
-8
-9
-9
-11
-11
-14
-14
-16
-19
-23
-25
-22
-27
-27
-26
-27
-27
-27
-27
-25
-25
-28
-26
-25
-24
-22
-18
-18
-14
-13
-11
-8
-8
-6
-4
-1
0
-1
0
0
0
1
3
4
5
5
5
6
6
6
4
4
3
2
2
1
5
5
6
6
5
6
6
6
7
7
7
8
7
9
10
9
10
12
12
12
9
8
8
5
5
4
2
-1
-2
-3
-4
-5
-4
-2
-3
-1
-1
-2
-1
2
3
5
6
5
6
7
10
11
8
11
10
9
7
6
5
5
5
4
6
6
4
7
7
7
7
8
10
8
11
13
13
14
12
13
15
11
13
13
11
9
7
8
3
2
1
1
0
-2
1
-2
-1
-3
-2
-3
-5
-4
-6
-3
-5
-4
-2
-2
-3
-4
-1
-5
-5
-4
-7
-9
-9
-6
-7
-11
-9
-10
-11
-8
-10
-4
-5
-8
-6
-5
-6
-5
-5
-4
-4
-4
-4
-5
-7
-8
-9
-9
-8
-8
-8
-7
-6
-5
-4
-5
-3
-3
-5
-6
-8
-8
-9
-11
-11
-9
-10
-11
-9
-9
-11
-10
-9
-10
-10
-11
-12
-12
-13
-12
-13
-13
-11
-10
-13
-11
-12
-10
-7
-8
-7
-6
-4
-1
2
1
3
4
6
7
7
9
9
10
15
15
15
16
16
13
15
15
15
18
18
17
17
17
17
16
17
17
17
19
15
17
15
14
12
11
12
14
15
14
14
13
14
11
7
8
10
9
7
6
3
4
5
7
5
5
6
4
4
2
4
6
6
4
2
3
4
4
5
3
0
1
3
2
2
3
-2
-4
-3
-2
0
0
-1
-4
-6
-7
-9
-9
-11
-11
-14
-12
-9
-12
-8
-10
-9
-10
-10
-10
-11
-12
-11
-12
-14
-11
-13
-14
-15
-16
-17
-19
-17
-19
-19
-18
-17
-18
-16
-17
-18
-16
-16
-14
-13
-10
-9
-6
-8
-8
-4
-5
-4
0
-2
-3
-1
-2
-3
2
2
0
1
0
1
1
0
0
-1
-1
-1
-4
-4
-5
-5
-4
-5
-7
-1
3
4
5
3
3
2
6
6
4
3
4
7
9
11
13
15
13
14
14
14
13
15
15
15
17
15
18
16
19
21
17
16
16
15
12
12
12
14
13
14
14
13
11
11
10
12
11
9
10
5
6
5
2
6
3
4
6
5
4
6
2
1
-1
-5
-2
-6
-4
-2
-7
-4
-1
-3
-2
-2
-1
-5
-5
-2
-3
-1
-2
-3
0
2
2
3
-1
-5
-3
-4
-7
-5
-8
-8
-9
-6
-5
-10
-11
-11
-11
-9
-6
-7
-6
-4
-8
-9
-11
-12
-8
-10
-9
-11
-13
-12
-13
-11
-10
-12
-14
-17
-14
-15
-17
-20
-18
-18
-18
-17
-18
-15
-17
-16
-17
-16
-15
-12
-10
-8
-7
-6
1
3
1
1
1
0
1
0
1
4
3
2
4
6
9
9
10
11
8
9
11
8
10
11
10
12
11
12
13
11
13
12
12
13
13
11
13
13
11
9
12
9
12
11
10
14
10
9
7
6
4
6
5
5
4
3
5
4
6
4
4
5
3
2
3
3
1
2
1
5
7
7
9
11
11
12
13
11
8
6
8
6
10
10
10
10
9
9
7
6
2
4
3
4
5
2
2
1
2
4
3
1
0
1
1
-3
-5
-7
-6
-12
-12
-13
-13
-15
-15
-16
-16
-18
-18
-17
-17
-15
-18
-18
-19
-16
-16
-15
-17
-15
-13
-13
-12
-12
-9
-10
-7
-8
-10
-8
-7
-7
-8
-9
-7
-8
-6
-6
-7
-8
-8
-9
-12
-11
-12
-12
-10
-8
-7
-6
-7
-4
-2
-5
-2
-3
-3
-1
0
3
1
3
3
4
2
2
3
1
3
3
0
1
2
2
2
2
3
5
6
7
8
9
10
11
12
12
12
9
10
12
15
14
15
15
12
11
13
14
12
13
14
15
14
17
14
15
16
14
15
14
16
17
13
12
11
11
11
14
15
16
17
15
13
13
13
9
7
7
5
3
5
2
0
-2
-5
-5
-7
-7
-8
-11
-13
-12
-14
-14
-12
-10
-9
-8
-9
-8
-8
-8
-9
-9
-8
-7
-5
-4
-6
-6
-6
-9
-12
-12
-11
-11
-10
-12
-13
-13
-12
-10
-10
-9
-10
-10
-9
-9
-9
-8
-8
-8
-9
-8
-5
-4
-3
-5
-5
-5
-7
-6
-6
-5
-8
-11
-12
-7
-7
-8
-7
-8
-11
-11
-8
-9
-11
-10
-11
-9
-2
-2
-3
0
-2
0
1
-1
0
1
3
4
3
5
7
7
5
6
4
7
6
4
5
3
2
2
4
1
7
6
7
10
9
12
13
13
13
15
15
16
15
14
15
15
13
14
12
12
10
9
11
7
7
5
7
6
6
10
11
10
13
12
11
9
10
10
9
9
7
13
13
13
13
12
9
10
10
5
4
3
0
0
0
-3
-2
-3
-5
-6
-6
-7
-11
-11
-10
-10
-11
-9
-9
-10
-9
-8
-9
-12
-11
-12
-15
-15
-14
-16
-18
-21
-22
-20
-20
-23
-19
-19
-21
-18
-19
-19
-15
-13
-12
-10
-9
-8
-4
-3
-3
-2
1
2
5
5
5
5
3
5
4
4
5
4
3
3
5
7
6
3
5
4
5
4
5
5
4
7
6
8
10
12
10
10
10
7
7
5
2
2
0
-2
0
0
-3
-1
-2
-3
-4
-3
-2
-5
-6
-6
-6
-3
-3
-3
-4
-1
-3
-3
-2
-4
-4
-7
-8
-8
-7
-6
-3
-4
-3
-4
-2
-2
0
2
4
3
3
4
4
4
5
6
3
7
8
8
8
8
8
8
8
10
12
10
12
13
14
13
16
15
15
16
11
12
11
13
13
12
11
12
13
13
14
11
10
8
7
7
5
4
4
5
6
8
5
3
3
-1
-3
-3
-6
-8
-8
-8
-11
-12
-10
-10
-14
-15
-15
-19
-19
-19
-17
-19
-21
-20
-18
-17
-15
-16
-16
-17
-16
-15
-14
-11
-11
-9
-8
-6
-7
-7
-8
-8
-6
-8
-8
-11
-10
-9
-9
-8
-7
-7
-6
-4
-4
-4
-5
-6
-5
-5
-7
-3
-1
2
5
5
6
6
6
5
5
3
3
4
6
2
6
8
8
11
12
13
12
12
13
12
12
10
12
12
12
14
13
13
13
11
12
14
9
8
8
8
9
10
9
11
9
11
11
9
7
6
5
-1
-3
-1
-2
-1
-2
-4
-3
-5
-4
-4
-6
-7
-8
-8
-6
-6
-4
-5
-5
-3
-4
-6
-4
-2
-4
-5
-5
-5
-5
-2
-1
-1
1
3
6
6
2
3
5
6
6
5
5
6
7
10
9
10
9
6
7
5
2
3
4
3
2
1
1
2
2
1
-3
-3
-3
-5
-5
-5
-5
-5
-3
-4
-7
-6
-10
-6
-9
-12
-17
-18
-17
-19
-19
-20
-18
-18
-17
-17
-17
-16
-17
-15
-18
-17
-14
-13
-12
-10
-8
-7
-5
-6
-3
-4
-2
1
5
6
8
11
10
13
15
13
8
8
10
9
8
10
11
12
10
10
11
12
13
11
12
9
6
8
7
4
3
2
2
3
4
6
7
10
8
4
2
2
-1
0
0
2
3
2
4
4
4
3
2
0
-1
-2
0
1
1
1
1
5
4
6
5
5
4
4
3
0
1
0
2
1
-2
-1
-1
-1
-2
-6
-7
-5
-6
-6
-3
-4
-5
-3
-1
1
4
2
2
3
3
3
6
6
2
4
7
7
7
7
7
5
2
3
4
1
1
3
4
4
6
7
6
6
5
7
6
3
1
0
-2
-6
-5
-4
-4
-7
-7
-9
-11
-12
-11
-13
-18
-19
-18
-17
-20
-18
-18
-17
-17
-19
-18
-20
-19
-20
-19
-16
-17
-15
-11
-9
-8
-7
-6
-3
-4
-3
-5
-6
-4
-4
-1
-1
0
-1
1
2
4
3
5
6
5
6
7
10
12
10
8
9
8
10
11
11
9
6
9
11
12
12
13
12
10
11
12
9
9
9
10
13
14
14
12
11
12
12
14
14
13
15
14
10
9
12
12
12
13
15
14
14
13
11
11
8
8
8
6
7
6
8
4
1
2
-3
-5
-6
-7
-10
-11
-10
-10
-9
-13
-11
-11
-12
-12
-13
-12
-12
-14
-15
-15
-14
-14
-18
-17
-13
-15
-14
-15
-16
-15
-14
-12
-8
-10
-10
-7
-7
-6
-6
-5
-2
0
-2
-4
-2
-2
1
0
1
3
3
2
3
2
0
0
0
-2
-3
-1
-1
-2
-4
0
-4
-6
-4
-4
-7
-7
-8
-8
-9
-7
-7
-6
-6
-5
-3
-6
-4
-3
-2
-3
-1
-1
1
5
3
5
6
4
7
7
8
9
8
6
6
7
9
10
8
10
9
10
7
6
9
8
11
12
10
10
12
9
9
10
10
15
15
10
10
9
8
9
7
8
7
7
7
6
4
0
3
0
-1
-4
-2
0
-1
0
2
2
-1
3
4
3
-1
1
1
0
1
2
5
1
1
4
6
5
5
2
1
-2
-1
-4
-6
-8
-8
-7
-8
-8
-4
-3
-4
-4
-4
-3
-5
-6
-4
-5
-6
-3
-5
-4
-7
-7
-9
-14
-16
-16
-13
-15
-17
-15
-15
-15
-14
-14
-13
-12
-14
-11
-10
-8
-7
-5
-1
2
5
5
5
5
6
5
1
1
0
0
4
1
2
2
6
7
4
1
-3
-2
-1
-3
-4
-3
-3
-3
-2
-3
0
0
-1
1
3
2
4
2
2
5
4
3
3
6
6
4
2
1
2
1
0
-2
-4
-3
-3
1
-1
-1
2
2
5
3
1
1
2
3
5
6
8
10
13
14
12
12
14
10
6
4
4
6
8
5
9
8
7
7
8
7
3
6
6
5
7
11
11
10
14
14
13
10
13
12
8
6
7
6
5
6
4
3
2
0
-1
-2
-2
-7
-9
-11
-10
-10
-12
-7
-7
-8
-7
-7
-5
-5
-8
-8
-8
-10
-12
-14
-9
-12
-13
-13
-9
-9
-10
-11
-14
-13
-16
-13
-16
-16
-15
-13
-10
-10
-7
-5
-4
-4
-1
-1
-1
-2
-1
1
2
3
6
3
1
2
-1
1
3
0
4
2
2
4
2
-1
-2
-1
-4
-4
-5
-4
-4
-4
-6
-5
-4
-4
-5
-3
-5
-5
-4
-3
-1
-2
1
1
0
4
7
6
6
7
5
7
7
7
8
8
6
6
8
7
8
8
7
8
6
6
7
2
6
6
6
4
4
6
5
7
5
4
4
3
1
-1
-1
1
1
4
3
0
3
4
3
3
3
2
4
2
3
1
4
6
9
8
4
3
7
8
8
7
4
8
5
9
10
9
8
13
14
10
7
9
10
7
5
5
3
3
4
3
4
2
0
-1
-3
-8
-6
-6
-7
-8
-7
-9
-9
-9
-10
-9
-12
-13
-13
-15
-12
-14
-11
-11
-13
-10
-9
-12
-12
-10
-8
-11
-11
-9
-11
-10
-8
-11
-11
-8
-9
-7
-5
-9
-11
-10
-10
-11
-14
-13
-11
-15
-16
-13
-12
-12
-10
-11
-11
-10
-11
-8
-7
-8
-9
-5
-1
0
2
-1
-2
-3
0
0
-4
-3
-3
0
0
1
2
2
4
7
6
8
10
10
11
12
14
19
17
19
22
23
24
24
24
21
23
22
22
22
18
21
23
24
25
22
17
16
14
13
11
10
6
9
7
7
3
3
5
1
4
0
5
5
4
5
9
5
3
3
-1
0
1
0
-3
-3
-3
3
-3
-1
4
0
-1
-3
-6
-8
-8
-9
-10
-11
-7
-4
-4
-4
-4
-1
-3
-7
-10
-8
-9
-11
-14
-17
-10
-13
-12
-8
-11
-11
-10
-10
-8
-10
-8
-4
-6
-3
-2
-4
-5
-5
-5
0
-3
-4
0
1
2
0
-3
-4
1
-1
1
-2
-3
-1
-3
-5
-3
-4
-4
-1
-3
-6
-5
-5
-5
-7
-9
-8
-6
-6
-8
-5
-9
-12
-7
-9
-9
-10
-11
-15
-16
-16
-16
-15
-16
-18
-24
-20
-17
-22
-20
-22
-24
-22
-21
-17
-10
-10
-9
-5
-4
-2
6
6
8
14
19
20
19
20
25
26
25
27
24
26
29
33
37
40
40
37
39
40
37
36
33
32
33
28
28
28
27
25
26
21
16
13
10
7
6
1
-3
-2
-1
-4
-5
-4
-5
-8
-13
-11
-11
-10
-11
-10
-10
-10
-10
-11
-11
-11
-10
-11
-11
-4
-4
-2
0
-1
2
4
2
3
2
0
5
8
9
10
12
14
16
15
17
19
15
10
9
6
6
4
-1
-1
-7
-9
-9
-9
-12
-15
-17
-23
-28
-26
-28
-28
-31
-37
-36
-37
-41
-40
-40
-36
-38
-39
-36
-33
-33
-31
-33
-35
-30
-30
-24
-20
-17
-17
-22
-20
-17
-14
-11
-9
-9
-7
-2
0
6
8
10
16
20
23
20
24
27
25
21
18
19
16
15
16
18
17
17
15
11
8
4
2
2
2
5
5
6
4
3
3
3
3
3
2
0
5
9
11
11
13
14
15
14
15
16
12
17
14
9
14
16
17
24
21
20
27
23
26
28
27
29
26
31
36
35
37
40
42
39
35
34
37
29
26
25
21
18
16
15
9
4
4
-1
-4
-5
-10
-13
-14
-17
-19
-21
-27
-27
-25
-30
-30
-28
-25
-28
-27
-22
-21
-21
-26
-26
-28
-32
-31
-30
-30
-29
-29
-29
-28
-29
-31
-26
-32
-29
-25
-28
-24
-18
-15
-14
-13
-6
-1
-7
-6
-5
-8
-12
-9
-3
1
-2
1
4
2
-2
-5
-8
-11
-17
-15
-11
-11
-12
-12
-6
-9
-11
-11
-9
-7
-10
-9
0
3
2
6
7
8
7
4
6
8
7
10
9
8
8
8
13
15
13
12
13
16
14
14
18
17
15
14
13
15
17
19
21
20
20
18
14
14
19
16
11
11
6
7
9
6
5
6
3
2
2
-1
1
1
2
4
2
-2
-1
3
5
8
8
8
15
18
22
18
15
19
21
15
8
14
16
20
17
17
21
15
12
9
6
4
-1
1
3
3
5
