-5
-5
-3
-2
-2
-3
-1
0
-1
0
1
2
3
3
4
4
3
5
4
2
1
1
-2
-2
-2
-4
-5
-5
-4
-4
-4
-2
-3
-3
-1
-2
-2
-3
-2
0
1
4
3
5
3
5
2
0
3
4
5
5
5
7
5
6
5
4
5
6
4
7
7
5
6
6
7
6
7
7
8
9
8
10
10
10
9
9
6
5
5
5
6
6
7
6
6
7
7
8
10
11
13
13
13
14
14
14
13
12
10
11
12
12
13
12
11
11
10
10
8
7
6
5
5
5
5
2
4
2
0
-1
-4
-9
-10
-11
-13
-14
-16
-15
-15
-16
-16
-17
-17
-16
-16
-18
-17
-18
-17
-18
-16
-15
-16
-15
-15
-13
-13
-11
-11
-11
-10
-11
-10
-9
-8
-6
-7
-7
-6
-4
-5
-5
-5
-5
-4
-5
-4
-4
-6
-4
-4
-5
-2
-4
0
-2
-4
-4
-7
-8
-7
-6
-6
-5
-4
-5
-2
-3
-4
-2
-1
-1
-2
-2
0
-1
-1
2
2
3
3
5
5
5
6
5
6
6
4
7
8
8
8
8
8
8
7
6
8
7
7
7
7
7
9
9
8
10
10
10
10
11
11
10
11
11
13
13
13
12
12
13
14
14
14
13
13
15
16
17
17
17
16
16
15
16
11
9
9
7
5
6
5
5
3
1
1
0
-1
-1
-4
-6
-6
-5
-6
-6
-7
-7
-7
-7
-9
-10
-11
-13
-13
-14
-15
-12
-13
-14
-16
-15
-15
-15
-13
-16
-15
-14
-15
-14
-15
-16
-16
-14
-13
-11
-10
-9
-8
-7
-6
-6
-6
-7
-9
-7
-7
-6
-5
-3
-2
-2
-1
-1
0
0
-1
0
-1
0
-1
-3
-2
0
0
-1
0
0
1
0
1
1
0
0
0
0
0
0
0
0
-1
1
-1
0
-2
-3
-1
-1
-2
0
0
-2
-1
-2
-1
0
0
0
2
2
0
1
1
1
1
1
3
2
2
3
3
3
2
3
5
6
7
7
6
7
6
7
9
7
9
10
9
12
10
11
12
11
12
11
13
13
13
14
14
13
12
12
10
10
11
9
8
9
9
9
9
11
10
9
9
9
7
8
8
8
7
6
6
7
5
6
3
3
2
0
-1
-2
-1
-1
-2
-2
-1
0
-2
-4
-2
-2
-4
-5
-4
-4
-5
-3
-5
-7
-10
-11
-11
-13
-14
-17
-18
-19
-20
-20
-20
-18
-19
-20
-19
-19
-21
-20
-19
-20
-18
-18
-15
-16
-13
-13
-15
-14
-15
-15
-16
-16
-12
-12
-11
-8
-8
-9
-6
-5
-5
-6
-4
-4
-4
-3
-3
-1
1
2
0
1
1
1
2
1
3
1
3
5
6
5
7
8
7
10
8
9
11
12
13
14
16
16
17
16
16
15
15
15
16
16
14
15
14
14
13
11
11
11
9
10
10
9
8
9
9
10
9
8
6
5
3
2
2
1
0
2
4
7
7
9
9
9
8
6
6
6
7
6
6
5
4
5
6
4
3
1
0
0
-2
-2
0
-2
-4
-1
0
-1
-1
2
-1
-1
-1
-2
-4
-4
-3
-4
-5
-6
-5
-5
-6
-5
-5
-5
-5
-6
-8
-8
-9
-7
-6
-7
-6
-7
-6
-5
-6
-6
-7
-7
-9
-10
-11
-11
-12
-14
-13
-12
-11
-12
-10
-12
-13
-13
-15
-14
-14
-15
-14
-14
-14
-13
-12
-10
-12
-12
-13
-13
-12
-14
-11
-12
-13
-12
-9
-7
-4
-4
-3
-3
-2
-1
1
2
4
5
5
9
11
11
13
13
12
12
13
13
14
13
13
14
12
14
14
13
12
12
10
11
11
11
9
9
8
7
9
7
8
6
7
6
5
5
5
4
4
5
6
4
3
5
6
6
5
6
6
6
7
9
10
9
11
11
10
10
11
11
12
11
10
10
10
9
10
7
8
8
8
7
6
7
6
3
3
2
1
-3
-4
-2
-7
-8
-8
-10
-9
-9
-10
-9
-11
-11
-12
-10
-10
-11
-9
-9
-9
-7
-6
-7
-8
-9
-9
-9
-8
-5
-4
-4
-5
-6
-6
-7
-9
-8
-8
-8
-7
-6
-5
-5
-5
-6
-8
-8
-7
-7
-8
-9
-10
-10
-7
-7
-6
-5
-5
-6
-7
-8
-8
-9
-7
-8
-7
-9
-6
-6
-8
-7
-7
-5
-6
-5
-5
-3
-3
-5
-5
-2
-1
0
0
0
-7
-19
-19
-7
6
10
14
15
11
-3
-7
3
14
22
21
22
16
8
5
11
16
18
18
14
9
7
7
11
11
10
8
3
2
2
4
10
9
8
8
7
3
1
3
3
3
5
6
7
8
10
9
10
9
7
6
4
4
7
10
10
10
10
8
5
4
4
7
10
11
12
9
8
6
2
1
2
6
9
9
9
9
6
5
3
2
3
1
2
1
1
-2
-4
-5
-7
-7
-10
-11
-11
-10
-9
-11
-10
-9
-10
-13
-12
-11
-12
-12
-10
-11
-12
-12
-12
-9
-9
-9
-9
-9
-9
-9
-10
-11
-11
-13
-14
-12
-13
-13
-13
-12
-15
-13
-12
-12
-12
-14
-15
-14
-16
-15
-15
-14
-12
-13
-12
-10
-11
-10
-10
-10
-11
-10
-7
-8
-6
-5
-3
-2
-1
-1
2
5
5
5
6
8
9
9
9
9
10
10
12
12
13
14
13
12
10
10
11
12
14
15
17
19
18
16
17
16
17
18
17
16
16
16
15
14
13
12
12
11
9
9
11
10
10
8
8
7
6
5
6
5
4
4
2
3
3
1
2
2
2
1
2
3
3
4
5
4
3
3
4
4
5
6
6
5
3
1
1
2
1
2
1
0
0
0
-3
0
-1
-2
-1
0
0
-3
-4
-2
-5
-4
-7
-7
-10
-12
-12
-14
-16
-15
-14
-16
-16
-18
-18
-20
-19
-19
-19
-19
-19
-18
-18
-17
-18
-18
-18
-18
-19
-19
-18
-17
-18
-16
-14
-12
-13
-11
-10
-10
-11
-11
-10
-9
-8
-6
-6
-5
-5
-6
-5
-4
-1
-1
1
1
2
4
4
5
6
8
7
8
8
9
10
11
9
9
10
11
11
13
12
13
13
12
10
10
11
10
13
16
16
15
15
15
15
13
11
11
13
14
14
14
14
13
13
14
14
13
12
13
13
12
14
15
13
15
16
14
12
12
10
8
6
4
1
2
1
-2
0
0
-3
-2
-4
-8
-8
-9
-11
-11
-9
-9
-8
-6
-6
-4
-6
-6
-7
-7
-8
-6
-7
-6
-6
-6
-7
-5
-4
-3
-3
-4
-3
-1
-3
-3
-2
-2
-1
-1
-2
0
-1
0
0
1
-1
-3
-5
-6
-6
-7
-8
-8
-9
-8
-9
-7
-6
-5
-6
-5
-6
-9
-9
-9
-9
-11
-12
-10
-9
-9
-7
-7
-6
-5
-6
-7
-8
-9
-9
-9
-8
-8
-6
-5
-5
-3
-5
-5
-6
-8
-9
-7
-9
-9
-9
-7
-7
-5
-5
-6
-5
-6
-7
-6
-4
-3
0
2
3
3
5
6
8
7
9
8
7
7
6
8
9
10
14
15
15
14
14
13
16
14
15
15
15
15
18
19
16
17
18
18
17
19
16
18
15
17
16
15
16
13
12
12
10
11
11
11
10
9
9
10
8
7
6
4
3
3
2
2
2
2
1
-1
-2
-3
-5
-7
-9
-9
-11
-11
-12
-14
-13
-14
-13
-14
-13
-16
-13
-12
-13
-12
-12
-13
-12
-12
-11
-13
-11
-9
-8
-8
-11
-9
-10
-9
-11
-9
-11
-11
-10
-8
-8
-6
-6
-4
-5
-4
-4
-3
-3
-3
0
0
-1
1
1
2
2
4
5
3
4
1
-1
-2
-3
-3
-2
-2
-1
0
-2
-2
-2
-2
-5
-6
-6
-6
-7
-6
-5
-5
-5
-5
-3
-2
-3
-3
-4
-4
-5
-7
-6
-6
-4
-4
-3
-3
-3
-2
-1
-2
-2
-2
0
1
0
1
1
4
4
8
8
8
8
9
7
5
8
8
10
10
14
14
16
15
15
15
15
16
15
16
14
14
14
15
18
16
16
16
16
17
16
16
14
14
15
15
15
14
12
10
9
9
9
6
4
3
3
2
1
0
-2
-3
-5
-6
-10
-10
-12
-12
-12
-14
-13
-13
-13
-12
-13
-12
-13
-13
-14
-15
-15
-15
-12
-13
-12
-15
-14
-14
-15
-12
-12
-11
-9
-9
-10
-8
-9
-9
-8
-7
-6
-5
-5
-4
-3
-1
0
0
0
-1
1
1
3
2
5
5
3
4
4
5
2
1
0
-2
-3
-2
-2
0
1
2
3
3
2
2
1
0
-1
-2
-3
-3
-2
-3
-2
-2
-2
-3
-5
-3
-5
-7
-8
-7
-7
-6
-6
-4
-6
-6
-6
-6
-5
-5
-7
-8
-6
-7
-4
-3
-3
-3
-1
1
2
3
4
4
4
4
4
6
8
9
8
8
9
9
8
11
12
12
14
17
17
16
17
16
15
16
18
17
16
17
17
17
16
17
15
14
15
12
12
12
14
13
13
14
12
12
13
12
10
7
6
5
3
2
-1
2
1
-2
0
-3
-5
-7
-9
-10
-11
-14
-13
-12
-11
-12
-12
-15
-15
-17
-17
-20
-21
-20
-21
-21
-20
-20
-21
-17
-17
-15
-16
-16
-15
-16
-16
-18
-16
-16
-15
-12
-12
-9
-6
-7
-6
-5
-5
-4
-4
-2
-2
-2
-1
1
2
3
4
4
5
4
4
4
3
5
3
2
3
5
3
4
3
6
6
5
5
3
4
5
6
6
5
5
4
5
8
6
7
8
7
5
3
2
2
1
-1
-2
-1
-2
-2
-1
-2
0
-2
-1
0
-1
-1
0
2
1
2
6
3
3
3
2
-1
1
0
0
3
3
6
9
9
12
12
13
12
10
11
12
11
13
16
16
17
18
18
19
15
14
15
14
11
9
10
9
10
9
7
6
4
2
1
-1
-2
-3
-3
-3
-4
-4
-4
-5
-6
-7
-9
-11
-11
-13
-12
-13
-12
-11
-11
-12
-12
-12
-13
-12
-14
-13
-15
-13
-13
-13
-12
-11
-11
-12
-10
-12
-11
-10
-9
-8
-8
-7
-7
-8
-8
-9
-10
-9
-8
-9
-8
-8
-5
-6
-7
-5
-6
-7
-6
-7
-8
-6
-5
-4
-1
1
4
5
4
3
6
4
5
6
6
7
10
12
12
14
13
14
13
13
14
14
13
11
10
10
10
10
9
9
8
5
3
2
1
-1
1
0
-1
-1
0
-1
0
-1
-1
1
-2
-3
-4
-2
-2
-5
-3
-2
-1
-1
0
-2
-1
1
2
2
2
3
2
1
1
1
1
0
1
2
3
5
6
6
6
5
6
8
7
7
5
5
7
7
8
8
8
9
8
8
7
8
7
7
5
6
6
7
6
4
5
3
4
1
0
-1
-1
0
-1
-4
-4
-5
-5
-6
-7
-8
-9
-7
-9
-9
-9
-8
-9
-11
-13
-12
-14
-15
-17
-18
-17
-19
-16
-16
-17
-16
-16
-14
-15
-13
-14
-11
-10
-9
-7
-7
-5
-5
-5
-4
-4
-6
-4
-3
-4
-3
0
-1
-2
0
1
0
-2
-2
-2
-2
1
1
3
5
7
8
11
11
11
12
13
11
11
10
11
13
13
14
14
16
18
17
18
17
14
15
14
12
10
10
10
9
11
10
10
9
7
8
4
2
1
-2
-3
-4
-2
-5
-6
-5
-5
-6
-7
-7
-7
-10
-12
-10
-11
-12
-13
-14
-13
-12
-11
-9
-7
-5
-7
-5
-5
-3
-3
-4
-5
-3
-3
-1
0
2
3
3
2
3
2
3
3
2
4
5
8
8
8
8
9
11
10
11
10
9
10
10
7
8
9
8
9
11
9
7
10
8
7
5
5
6
5
7
7
5
4
1
0
-3
-3
-8
-6
-9
-10
-9
-11
-11
-10
-11
-11
-11
-13
-14
-14
-15
-16
-16
-18
-17
-17
-16
-18
-17
-17
-17
-16
-16
-15
-17
-17
-15
-15
-13
-13
-14
-13
-11
-8
-10
-10
-7
-6
-5
-4
-5
-4
-3
-1
0
-1
1
2
2
5
6
7
10
10
10
14
17
17
18
18
19
21
20
22
22
23
25
25
24
23
25
23
20
18
18
19
18
17
16
13
13
13
12
11
11
8
7
6
4
2
2
0
-2
-2
-3
-3
-2
-3
-5
-4
-4
-6
-5
-6
-7
-7
-9
-10
-9
-9
-11
-8
-6
-7
-5
-7
-8
-6
-8
-10
-10
-11
-11
-10
-10
-8
-9
-8
-9
-7
-7
-8
-6
-7
-7
-5
-5
-5
-4
-3
-5
-6
-4
-4
-5
-3
-2
-3
-2
0
-1
1
0
0
1
2
1
0
-1
0
1
2
2
1
1
2
0
1
-1
-2
-1
-2
-2
0
-1
-3
-1
-2
-4
-5
-4
-5
-4
-3
-3
-2
-2
-2
-1
-4
-4
-4
-3
-3
-4
-4
-5
-3
-2
-3
-3
-5
-4
-4
-3
-4
-4
-3
-3
-2
-1
-2
-2
-1
0
0
2
2
3
5
6
6
10
9
10
11
13
14
16
16
13
14
17
16
17
18
18
18
19
19
16
17
17
15
15
13
13
11
12
13
9
10
8
6
7
6
5
6
4
2
1
-1
-3
-5
-5
-5
-6
-7
-5
-6
-6
-6
-8
-7
-9
-7
-8
-9
-11
-11
-12
-13
-11
-12
-11
-12
-10
-13
-13
-13
-12
-13
-12
-11
-11
-10
-11
-10
-9
-11
-10
-9
-7
-8
-10
-7
-4
-4
-3
-2
-5
-4
-3
-5
-4
-3
-5
-3
-1
-1
0
0
0
-1
-1
-2
-1
-2
-1
-2
-1
1
2
4
3
4
5
6
5
4
3
0
0
-2
-1
-2
-1
-1
1
1
2
3
2
2
2
2
0
2
3
3
4
5
7
4
3
3
3
2
2
2
3
1
1
2
3
2
1
1
1
0
2
2
1
3
2
2
5
5
6
7
6
7
7
8
8
7
10
11
12
13
11
11
12
12
11
13
11
12
11
11
11
9
9
8
10
7
8
7
6
4
4
3
1
1
0
-1
-1
-2
-3
-5
-2
-3
-4
-3
-4
-5
-4
-6
-7
-10
-10
-13
-12
-12
-13
-13
-13
-13
-14
-13
-14
-14
-14
-13
-11
-10
-10
-10
-9
-11
-10
-10
-11
-10
-9
-9
-7
-7
-7
-7
-7
-6
-7
-7
-7
-6
-6
-4
-4
-4
-3
-3
-3
-1
-2
-1
-2
-2
-1
0
-1
0
1
2
3
2
3
2
2
0
0
1
0
1
-1
1
3
2
5
5
6
5
5
5
6
5
6
5
5
7
6
7
7
6
4
6
5
4
4
3
4
5
4
4
5
5
4
6
7
6
5
6
7
6
6
6
6
6
5
4
5
4
5
6
5
6
7
7
10
10
10
9
9
10
11
9
10
12
10
11
12
10
9
10
9
8
7
6
4
3
2
-1
-3
-3
-3
-6
-5
-4
-7
-6
-7
-9
-10
-10
-11
-11
-13
-12
-13
-13
-14
-13
-13
-13
-12
-12
-11
-10
-12
-11
-12
-12
-11
-10
-9
-9
-9
-7
-6
-6
-6
-7
-7
-6
-6
-5
-4
-6
-4
-3
-4
-3
-2
-3
-3
-4
-5
-4
-4
-3
-2
0
2
2
3
2
4
1
1
2
2
2
2
4
3
2
4
4
3
3
0
0
0
-1
-3
-2
-2
-3
-3
-1
0
0
-2
-2
-4
-4
-4
-4
-3
-3
-1
-1
1
2
3
4
3
5
6
7
7
5
7
6
7
8
8
6
6
6
6
6
6
5
6
6
5
7
8
7
9
10
8
9
10
8
9
9
10
9
9
10
9
9
10
12
11
10
9
9
8
7
8
6
7
6
5
5
6
5
6
6
4
3
4
4
2
2
1
1
1
0
0
0
-2
-3
-5
-5
-6
-7
-7
-7
-8
-8
-9
-11
-11
-12
-13
-15
-17
-17
-16
-15
-15
-15
-15
-13
-15
-16
-15
-17
-17
-15
-15
-14
-14
-11
-11
-12
-11
-10
-10
-8
-8
-8
-7
-8
-6
-6
-5
-7
-4
-4
-2
-2
0
0
0
1
1
0
0
1
2
2
4
4
3
3
5
4
5
4
4
4
2
2
4
2
4
2
2
3
4
5
4
4
4
5
6
6
5
6
5
5
5
5
7
6
5
8
8
8
8
6
8
6
6
6
6
8
9
9
8
10
10
8
7
6
6
6
5
7
6
5
4
5
4
4
6
6
6
5
6
3
4
2
3
2
1
4
1
2
4
4
4
5
6
6
8
8
7
7
8
7
7
5
6
5
4
3
2
2
3
0
0
-1
-1
-1
0
-1
-3
-4
-6
-8
-8
-9
-9
-8
-8
-8
-9
-10
-13
-13
-13
-15
-14
-16
-15
-15
-16
-15
-15
-16
-15
-14
-13
-14
-14
-14
-13
-14
-16
-15
-15
-15
-13
-11
-10
-9
-7
-8
-7
-8
-11
-9
-11
-9
-6
-5
-5
-3
-1
0
-1
0
-1
0
0
-1
0
2
2
3
4
4
5
6
5
5
7
6
7
8
8
7
8
7
8
9
10
11
11
10
11
11
11
13
11
11
14
12
13
10
12
12
9
11
10
8
8
8
9
9
8
11
8
9
10
11
10
8
9
8
9
8
7
7
7
6
6
6
7
4
4
4
3
4
2
2
1
-1
0
0
1
2
1
2
3
3
2
-1
1
-1
-1
-1
-2
-2
-2
-2
-1
-2
-2
-1
-4
-4
-5
-6
-7
-6
-5
-6
-5
-6
-5
-5
-6
-6
-6
-7
-8
-8
-8
-8
-9
-8
-8
-9
-10
-10
-9
-10
-11
-11
-12
-12
-10
-11
-10
-9
-10
-11
-12
-11
-11
-12
-10
-9
-9
-9
-9
-9
-10
-9
-8
-8
-7
-7
-9
-9
-7
-6
-5
-5
-3
-3
-5
-5
-6
-4
-6
-5
-4
-2
1
2
4
6
5
5
6
5
7
7
8
9
8
9
7
7
8
7
8
8
7
7
6
7
9
8
8
8
9
8
7
7
6
5
5
5
6
6
6
5
5
6
6
6
8
9
9
10
11
10
13
14
14
16
16
16
14
16
16
16
15
16
15
13
12
11
10
12
11
9
9
10
9
8
7
6
5
1
2
1
0
0
-1
-2
-3
-1
-3
-3
-5
-7
-5
-7
-8
-8
-8
-8
-8
-8
-8
-8
-10
-9
-9
-11
-13
-14
-14
-15
-15
-15
-12
-13
-15
-15
-14
-15
-13
-14
-16
-15
-15
-14
-14
-14
-15
-15
-15
-15
-15
-15
-15
-13
-12
-12
-11
-11
-10
-9
-8
-8
-7
-6
-4
-2
-3
-2
-3
-4
-4
-3
-3
-3
-4
-3
-4
-3
-1
-1
-1
0
0
2
3
3
2
3
4
4
3
3
4
5
6
5
5
6
4
6
6
7
5
7
8
9
9
9
11
11
12
13
14
14
14
13
14
14
16
16
16
16
16
17
14
13
12
13
12
10
13
13
13
13
13
14
14
13
12
10
11
11
13
13
12
12
12
11
10
9
7
5
3
3
1
-1
0
-2
-2
-3
-3
-3
-3
-4
-4
-5
-5
-5
-5
-7
-9
-8
-8
-6
-7
-7
-5
-7
-8
-8
-10
-10
-11
-10
-11
-11
-10
-12
-12
-13
-12
-12
-14
-13
-16
-15
-15
-16
-14
-14
-13
-12
-12
-12
-12
-12
-13
-13
-11
-11
-13
-12
-11
-9
-10
-8
-7
-9
-10
-10
-13
-11
-11
-9
-7
-6
-5
-3
-2
-1
-1
-2
-2
-3
-2
-3
-4
-4
-3
0
1
3
7
5
4
3
4
4
3
5
2
3
5
6
7
6
6
6
7
7
7
7
8
9
8
10
10
10
9
10
11
11
11
13
15
15
12
12
12
10
9
11
10
11
13
13
12
12
14
13
12
12
12
12
13
12
12
14
13
11
11
10
9
9
8
8
5
5
6
4
3
4
1
0
0
2
-1
-2
-1
-1
0
0
-2
1
-1
-1
0
-2
-3
-4
-5
-6
-5
-5
-6
-7
-5
-5
-5
-7
-8
-7
-8
-9
-10
-12
-12
-13
-13
-13
-12
-12
-13
-13
-12
-13
-12
-11
-13
-13
-12
-13
-13
-12
-12
-12
-11
-12
-11
-8
-8
-9
-7
-7
-5
-5
-5
-3
-3
-4
-3
-3
-3
-2
-3
-2
-2
-3
-4
-5
-6
-5
-6
-9
-8
-9
-10
-9
-11
-9
-9
-11
-8
-8
-9
-6
-5
-4
-2
-1
1
0
-1
1
2
1
6
6
7
9
10
11
11
11
10
11
9
9
10
8
10
9
11
11
10
11
10
8
8
10
9
10
12
11
11
12
11
11
12
11
13
11
10
11
13
12
14
13
13
15
13
15
15
13
14
15
15
16
15
16
17
17
15
15
17
14
14
14
11
9
8
8
8
7
5
4
2
-1
-2
-5
-5
-6
-7
-9
-9
-11
-11
-11
-11
-14
-16
-16
-20
-21
-21
-21
-21
-21
-22
-23
-22
-23
-23
-23
-22
-22
-22
-20
-21
-19
-19
-17
-16
-15
-16
-13
-12
-12
-9
-10
-9
-8
-7
-8
-8
-8
-7
-7
-6
-7
-8
-8
-7
-8
-7
-6
-5
-6
-6
-4
-5
-3
-1
2
1
3
3
4
4
4
6
7
7
5
6
7
8
8
7
8
7
6
5
4
5
6
6
10
9
9
10
9
10
9
7
5
6
4
6
5
6
6
6
8
6
7
5
6
6
7
6
5
8
8
9
7
9
8
9
10
11
11
11
11
11
11
9
11
10
10
9
9
10
10
9
9
12
9
8
9
7
7
6
5
7
7
8
5
4
5
5
6
5
6
6
7
7
6
4
4
2
2
1
1
-2
-2
-2
-3
-5
-5
-6
-6
-7
-7
-6
-8
-9
-10
-12
-15
-16
-14
-14
-14
-15
-16
-16
-17
-19
-20
-20
-20
-20
-19
-19
-17
-17
-16
-18
-16
-16
-16
-16
-15
-15
-14
-12
-12
-11
-10
-10
-10
-10
-8
-9
-9
-8
-8
-9
-8
-6
-6
-5
-5
-4
-4
-3
-3
0
-1
1
2
1
4
5
6
7
7
7
8
9
9
10
11
10
10
8
9
8
6
7
8
6
9
9
8
9
9
11
11
13
9
10
9
9
10
9
9
10
11
12
13
13
13
13
13
14
12
13
12
12
11
12
12
12
9
9
7
6
5
5
4
4
2
3
4
2
2
2
4
3
3
3
3
1
0
1
1
2
0
-1
0
2
0
2
0
-1
1
-1
0
-1
-1
-1
-1
1
1
1
1
1
0
1
1
-2
-1
-3
-3
-4
-2
-2
-4
-4
-4
-4
-4
-6
-8
-8
-10
-11
-13
-11
-12
-13
-13
-13
-11
-14
-15
-16
-16
-14
-15
-15
-15
-13
-14
-14
-13
-13
-14
-13
-12
-12
-12
-12
-13
-11
-11
-10
-12
-10
-11
-13
-10
-9
-10
-9
-9
-9
-7
-6
-5
-2
-1
-3
-2
-4
-2
-1
-2
0
0
0
1
3
1
5
5
6
8
8
7
8
9
10
10
11
13
14
13
12
15
14
15
17
14
14
15
16
17
15
17
19
18
18
17
18
18
17
18
17
16
17
19
16
18
16
17
16
15
13
11
6
7
4
4
3
-1
-1
-2
-1
-1
-3
-2
-1
-2
-3
-5
-7
-8
-9
-9
-8
-6
-5
-4
-5
-6
-4
-5
-6
-6
-9
-9
-9
-7
-7
-6
-4
-4
-3
-3
-4
-2
-2
-2
-1
0
0
-1
-1
-1
-1
-3
-3
-4
-5
-4
-6
-7
-8
-9
-7
-8
-9
-8
-9
-9
-9
-9
-8
-9
-9
-9
-9
-7
-7
-6
-7
-7
-8
-7
-6
-10
-9
-9
-9
-9
-10
-10
-10
-10
-10
-12
-13
-13
-12
-12
-12
-10
-8
-9
-8
-9
-8
-7
-6
-2
-2
0
1
3
4
4
5
5
5
5
5
6
6
7
8
10
9
11
11
11
10
10
10
8
10
8
8
11
10
11
11
10
9
11
11
11
11
11
11
13
11
11
11
11
11
10
11
10
10
10
11
12
11
12
12
11
10
11
10
11
11
9
9
8
10
10
9
8
5
2
2
0
1
1
-2
-3
-4
-3
-4
-7
-5
-6
-7
-8
-7
-8
-7
-8
-9
-8
-8
-7
-8
-6
-7
-3
-2
-3
-1
-2
-1
-4
-2
-3
-3
-6
-6
-3
-6
-4
-4
-3
-5
-5
-5
-7
-7
-8
-10
-10
-9
-9
-11
-10
-10
-10
-8
-10
-10
-11
-12
-12
-13
-12
-12
-12
-11
-10
-7
-6
-4
-4
-7
-4
-6
-6
-7
-8
-7
-8
-9
-7
-7
-6
-6
-6
-7
-6
-5
-5
-2
-3
0
1
2
1
2
2
1
0
1
0
-1
0
1
0
2
2
1
3
3
4
3
5
6
8
9
10
12
11
12
12
13
14
14
16
14
16
15
14
14
14
12
13
12
11
13
13
12
14
14
12
13
14
13
12
12
11
13
13
12
12
11
11
10
9
8
6
5
6
5
4
4
3
3
2
3
2
1
-1
0
-3
-3
-6
-4
-5
-4
-3
-3
-3
-4
-4
-5
-5
-5
-8
-7
-8
-9
-12
-13
-14
-15
-14
-14
-13
-14
-15
-15
-16
-14
-15
-16
-15
-14
-14
-11
-11
-12
-9
-8
-7
-8
-9
-9
-5
-6
-7
-7
-8
-6
-6
-7
-6
-4
-3
-3
-5
-5
-6
-5
-6
-5
-4
-2
0
-2
0
0
-1
1
1
2
1
1
1
1
-2
0
1
1
1
2
2
3
3
2
2
4
1
1
1
1
2
2
2
0
-1
0
0
0
0
-1
0
0
1
3
2
4
5
4
5
6
6
6
6
5
5
8
8
10
10
12
14
15
15
14
15
16
16
15
15
15
14
14
13
14
13
13
12
10
11
9
7
6
8
9
8
7
9
9
7
7
9
9
8
6
6
4
2
1
1
1
-2
-1
-2
-2
-4
-6
-7
-7
-9
-12
-9
-12
-10
-11
-10
-10
-12
-12
-13
-11
-14
-13
-14
-15
-15
-16
-15
-14
-12
-12
-11
-10
-9
-10
-11
-10
-10
-11
-10
-10
-6
-6
-6
-5
-5
-6
-6
-6
-6
-7
-6
-6
-4
-4
-4
-4
-3
-2
-3
-1
-1
-2
-3
-2
-2
-3
-1
-1
1
1
2
3
2
2
4
5
5
4
3
4
5
4
8
7
6
7
5
5
4
5
3
3
3
4
2
2
3
1
-1
-3
-4
-4
-4
-4
-5
-4
-4
-3
-3
-3
-2
-2
0
0
0
1
3
2
4
6
6
5
5
7
8
9
8
10
11
12
12
12
14
13
14
15
15
16
15
15
15
15
16
16
15
15
14
15
13
13
11
12
11
10
9
9
7
5
3
1
-1
-1
-3
-3
-5
-4
-3
-4
-5
-9
-9
-10
-10
-10
-10
-12
-12
-13
-13
-13
-12
-12
-10
-10
-12
-11
-11
-11
-11
-12
-12
-12
-11
-12
-12
-12
-12
-13
-13
-14
-14
-14
-13
-12
-13
-12
-12
-12
-10
-11
-10
-9
-9
-7
-7
-9
-8
-8
-6
-7
-6
-4
-2
-2
-3
-3
-4
-1
0
0
0
3
5
7
7
5
7
10
9
8
10
11
11
11
11
11
11
11
13
11
12
13
11
10
10
10
9
9
7
5
6
6
6
5
5
4
4
3
3
2
-1
2
-1
0
1
0
-1
-1
0
-2
-3
-3
-4
-5
-5
-4
-3
-1
-2
0
1
0
1
2
3
3
6
6
4
4
3
4
6
6
5
6
6
9
9
8
8
8
8
7
5
6
6
6
5
5
5
4
4
5
6
5
4
4
3
1
2
2
2
4
3
2
1
0
0
1
-1
-1
-4
-6
-6
-6
-6
-5
-6
-6
-8
-10
-11
-11
-11
-11
-11
-10
-11
-10
-10
-11
-10
-9
-10
-10
-11
-13
-11
-12
-12
-12
-13
-13
-14
-13
-13
-14
-13
-12
-12
-12
-11
-12
-11
-11
-10
-7
-8
-8
-5
-5
-5
-4
-4
-4
-2
0
2
4
3
5
7
7
6
9
8
9
10
11
10
9
9
7
7
7
6
8
7
10
10
12
14
12
11
11
13
11
11
13
12
12
14
12
12
13
11
12
9
10
9
7
7
7
8
6
8
9
7
8
5
5
5
4
3
4
3
4
2
4
2
4
3
3
2
-1
0
0
0
-3
-1
-2
-2
-3
-3
-2
-3
-3
-4
-6
-6
-7
-6
-4
-5
-4
-3
-2
-3
-3
-5
-3
-3
-4
-3
-4
-3
-4
-6
-6
-6
-7
-8
-7
-8
-8
-8
-9
-8
-8
-7
-7
-8
-6
-7
-8
-7
-8
-8
-8
-8
-9
-8
-8
-8
-7
-7
-6
-7
-9
-7
-8
-7
-6
-6
-4
-3
-3
-1
-2
-2
1
1
2
2
1
2
2
-1
1
-1
0
0
1
2
1
1
3
3
1
3
1
3
2
3
3
2
3
3
4
4
5
4
5
6
5
6
8
8
7
7
8
9
9
10
9
11
10
9
8
9
7
7
7
5
6
7
5
5
4
5
4
5
6
4
3
2
3
1
1
-2
-1
0
0
0
2
2
2
0
1
1
1
1
1
0
0
1
2
2
2
3
2
1
4
4
3
2
3
2
0
1
1
1
-1
0
0
-1
-1
-3
-2
-3
-4
-5
-3
-5
-5
-5
-7
-6
-7
-9
-7
-6
-7
-6
-6
-7
-7
-5
-7
-7
-6
-7
-8
-9
-10
-9
-9
-10
-8
-9
-8
-9
-10
-7
-8
-8
-7
-5
-5
-6
-5
-5
-4
-3
-2
-2
-3
-2
-1
0
-1
0
0
0
0
2
4
2
3
2
0
3
1
0
1
1
2
2
1
0
2
2
2
3
4
5
4
5
5
4
4
4
3
3
4
5
3
1
3
4
3
2
1
2
3
3
4
4
6
8
9
9
8
7
7
6
5
4
6
6
5
8
5
7
6
6
8
7
6
5
7
4
4
5
5
5
5
5
7
6
6
6
5
4
3
3
1
2
1
1
2
1
1
0
-1
-1
-2
-3
-4
-5
-5
-5
-4
-3
-1
0
-1
-1
0
-2
0
-1
0
-2
-3
-1
-3
-5
-6
-6
-7
-7
-8
-9
-11
-11
-11
-11
-10
-10
-9
-9
-8
-10
-9
-10
-10
-11
-10
-10
-12
-9
-10
-10
-9
-8
-8
-10
-6
-6
-6
-6
-7
-8
-7
-7
-6
-6
-6
-6
-6
-7
-6
-6
-5
-3
-4
-3
-2
-2
-2
0
2
3
4
5
6
7
8
8
8
7
9
10
9
11
13
12
12
13
12
12
11
10
10
7
8
8
6
7
8
9
8
10
11
10
9
10
10
10
9
9
10
9
8
8
8
8
8
8
7
8
6
6
4
1
2
1
3
3
3
3
3
5
5
4
5
3
3
4
2
4
1
-1
0
-4
-4
-4
-5
-5
-7
-7
-9
-8
-9
-11
-10
-11
-10
-11
-11
-11
-13
-12
-12
-13
-12
-13
-10
-10
-11
-9
-8
-6
-8
-7
-5
-6
-5
-6
-7
-6
-5
-4
-4
-2
-1
0
1
3
2
3
3
3
3
0
1
1
1
2
3
2
0
2
2
1
-1
-3
-2
-2
-2
-4
-3
-3
-2
-2
-2
-4
-3
-2
-3
-4
-4
-5
-7
-5
-3
-3
-1
-2
0
1
1
2
0
0
2
1
2
4
5
5
6
7
8
6
7
7
7
8
7
8
8
7
6
6
7
6
5
6
5
3
2
0
-2
-1
-2
0
-1
-1
0
0
1
2
2
5
6
5
5
6
4
5
5
6
6
8
9
6
9
8
7
8
8
10
8
8
7
7
7
8
6
5
6
4
4
2
2
2
1
2
1
0
-1
-3
-3
-4
-5
-7
-10
-10
-10
-11
-12
-11
-12
-12
-12
-12
-12
-13
-14
-13
-13
-14
-14
-12
-11
-10
-8
-6
-8
-5
-3
-4
-5
-4
-4
-4
-3
-3
-2
-2
-2
-1
0
1
0
-1
0
0
-1
-1
-1
1
0
3
4
5
7
6
8
7
5
4
5
5
4
3
2
1
0
0
0
-2
-2
-2
-4
-3
-5
-5
-5
-6
-6
-6
-5
-5
-6
-6
-6
-5
-3
-2
-3
-4
-3
-2
-1
-1
0
1
1
2
3
2
2
1
0
2
2
2
4
5
4
3
7
4
4
4
3
6
3
4
5
8
8
8
10
11
11
11
10
9
10
9
10
8
8
8
8
9
11
10
11
11
10
8
6
7
7
6
7
7
7
8
7
6
8
7
6
7
6
5
4
3
-1
-1
-2
-2
-2
-3
-3
-4
-3
-3
-6
-4
-7
-8
-11
-11
-9
-10
-10
-9
-9
-9
-12
-10
-11
-13
-14
-15
-17
-18
-18
-18
-19
-17
-16
-15
-15
-15
-15
-15
-16
-16
-13
-15
-12
-9
-8
-6
-4
-4
-3
0
1
1
1
1
1
0
1
0
2
3
3
6
6
5
4
4
2
3
1
1
0
1
5
4
6
5
4
4
4
5
5
5
6
5
5
5
6
7
7
7
7
7
8
5
7
7
6
7
6
8
7
7
6
7
5
6
6
4
5
3
3
3
4
4
5
4
2
3
3
1
2
1
2
2
2
2
2
3
3
4
4
4
4
6
5
5
6
7
7
6
5
4
5
8
7
5
4
1
-1
0
-1
-1
-1
0
1
1
2
2
2
0
2
0
0
0
0
0
-1
-2
-3
-3
-4
-5
-3
-2
-4
-4
-4
-3
-6
-7
-6
-7
-7
-7
-7
-9
-11
-11
-11
-12
-12
-13
-12
-11
-13
-12
-11
-11
-10
-10
-11
-12
-11
-12
-11
-11
-11
-12
-13
-11
-9
-7
-6
-6
-3
-3
-4
-4
-4
-2
-2
-1
-1
-1
0
1
2
2
5
4
4
3
2
2
2
3
4
3
4
4
5
4
2
3
1
0
1
1
0
1
3
4
4
4
3
2
2
3
5
5
5
8
7
8
9
11
12
13
14
14
15
13
13
14
13
13
12
14
15
14
13
13
11
11
8
6
6
4
2
2
3
2
4
4
3
4
2
1
2
2
1
2
1
4
5
5
3
3
3
3
3
4
2
3
4
4
4
3
3
3
2
1
2
0
-1
-2
-3
-2
-6
-6
-7
-9
-9
-9
-9
-10
-8
-11
-11
-12
-13
-13
-15
-14
-15
-17
-16
-18
-17
-19
-18
-19
-19
-17
-17
-17
-16
-16
-15
-15
-16
-14
-14
-13
-13
-12
-8
-8
-7
-8
-7
-7
-6
-6
-6
-5
-3
-3
-2
0
1
2
3
4
3
4
3
1
2
2
4
4
5
8
7
8
9
7
9
8
8
9
11
9
10
13
12
12
12
14
15
14
15
15
14
15
14
15
13
13
13
11
13
12
9
10
9
7
8
7
6
4
5
6
6
5
6
8
6
7
6
6
7
3
2
2
5
0
-3
5
-2
0
5
-3
1
1
-6
3
-3
-7
3
-8
-3
3
-9
2
1
-7
4
-4
-1
2
-5
2
0
-2
2
-2
0
1
-5
-2
-3
-6
-4
-8
-4
-5
-5
-1
-5
-5
-3
-6
-4
-5
-5
-5
-8
-7
-7
-8
-7
-10
-8
-6
-7
-5
-6
-10
-7
-9
-9
-8
-10
-9
-9
-10
-10
-9
-9
-7
-9
-10
-8
-10
-10
-9
-9
-10
-8
-8
-9
-10
-10
-9
-11
-11
-10
-9
-10
-8
-6
-7
-7
-5
-5
-6
-6
-3
-3
-2
-2
0
1
3
4
6
7
7
8
8
7
8
11
9
10
9
13
12
13
14
15
15
17
17
16
17
16
16
16
18
16
16
19
17
17
16
16
15
15
15
14
14
13
11
12
12
10
10
10
8
8
8
7
8
5
3
3
0
2
1
-2
-1
-3
-4
-5
-6
-6
-7
-6
-5
-8
-8
-7
-9
-9
-10
-13
-10
-12
-12
-9
-8
-8
-7
-8
-7
-7
-9
-8
-8
-6
-3
-3
-3
0
-1
-1
-1
-3
-3
-2
-2
-3
-4
-3
-3
-1
-2
-2
-2
-1
-2
-3
-4
-5
-4
-5
-6
-4
-3
-5
-4
-2
-4
-5
-6
-7
-8
-8
-7
-6
-4
-4
-3
-1
-1
-3
-2
-4
-7
-6
-5
-4
-5
-6
-5
-4
-5
-4
-6
-6
-8
-8
-8
-10
-12
-12
-10
-9
-9
-8
-6
-6
-4
-5
-4
-5
-5
-5
-3
-3
-1
0
1
2
2
4
4
7
8
8
9
9
11
13
13
14
14
15
14
15
15
15
14
13
13
12
13
10
12
13
13
14
17
17
17
19
17
18
17
17
16
15
15
14
14
14
16
15
15
15
14
13
12
10
6
7
7
6
4
4
4
0
-1
-3
-3
-6
-7
-7
-8
-9
-9
-8
-11
-12
-12
-13
-15
-16
-15
-18
-17
-18
-19
-19
-17
-17
-17
-16
-15
-16
-14
-14
-14
-15
-13
-13
-13
-11
-12
-10
-8
-6
-5
-5
-4
-4
-3
-4
-4
-4
-3
-2
-4
-2
-3
-1
0
-2
-3
-2
-4
-3
-3
-3
-1
-1
0
0
-2
-3
-3
-3
-3
-2
-3
-2
-3
-3
-4
-2
-3
-5
-4
-6
-6
-6
-3
-5
-4
-4
-6
-7
-6
-7
-9
-8
-9
-10
-11
-11
-13
-13
-14
-14
-11
-12
-9
-7
-5
-3
0
3
9
11
12
17
21
23
27
29
32
36
40
43
44
45
46
46
47
48
48
49
53
54
55
56
58
60
65
65
65
64
64
64
61
59
56
56
55
51
50
46
41
37
32
25
22
14
7
3
-5
-13
-16
-20
-29
-31
-36
-37
-41
-46
-45
-47
-49
-48
-47
-47
-48
-45
-47
-45
-44
-44
-43
-42
-43
-45
-46
-50
-53
-56
-58
-56
-58
-57
-54
-55
-54
-52
-53
-52
-53
-50
-47
-46
-42
-38
-35
-35
-33
-33
-35
-35
-41
-42
-48
-51
-54
-59
-59
-64
-67
-68
-69
-70
-68
-66
-63
-57
-57
-49
-44
-39
-27
-17
-8
5
13
23
30
35
42
50
57
60
69
74
77
81
85
91
96
99
100
103
98
97
96
87
82
77
71
67
62
57
49
44
32
20
8
-6
-20
-34
-45
-57
-68
-75
-83
-91
-97
-104
-108
-110
-116
-117
-115
-112
-108
-98
-90
-80
-66
-53
-37
-24
-9
6
18
34
47
61
73
88
101
116
127
139
153
162
177
189
195
209
220
229
242
248
257
266
271
274
275
275
273
268
255
244
228
205
179
150
118
84
49
9
-30
-69
-114
-152
-189
-234
-263
-292
-324
-344
-364
-376
-384
-390
-392
-387
-383
-370
-356
-340
-313
-294
-268
-238
-212
-182
-152
-125
-94
-63
-36
-7
19
45
69
92
116
143
162
186
209
228
250
268
285
303
316
323
331
332
330
328
314
301
281
245
215
171
121
72
7
-54
-119
-186
-250
-315
-380
-439
-489
-535
-574
-599
-618
-624
-622
-613
-591
-562
-521
-477
-425
-363
-295
-228
-160
-91
-25
44
106
164
217
269
314
349
384
411
428
450
465
471
480
489
491
488
481
479
490
482
477
482
480
476
472
458
438
421
398
360
315
266
207
145
70
-12
-94
-171
-250
-332
-406
-471
-524
-572
-610
-641
-659
-663
-652
-633
-611
-572
-521
-470
-408
-340
-271
-190
-111
-39
42
112
181
244
295
335
365
383
393
394
376
358
340
308
270
234
195
155
117
83
57
28
14
9
8
9
24
54
81
120
166
216
274
323
364
405
432
452
456
440
410
368
318
246
163
69
-26
-123
-229
-338
-447
-547
-642
-727
-808
-873
-914
-945
-961
-958
-941
-911
-864
-806
-738
-662
-580
-480
-382
-284
-182
-81
11
100
176
241
303
346
378
409
421
423
420
406
388
364
335
311
282
252
236
223
220
220
223
238
267
297
334
380
434
495
548
594
636
668
695
707
694
665
628
572
497
403
294
184
62
-69
-202
-337
-464
-579
-695
-798
-882
-948
-997
-1034
-1058
-1057
-1038
-1004
-958
-894
-809
-709
-600
-488
-365
-238
-115
10
129
239
347
443
520
580
622
650
659
645
616
570
518
454
379
304
230
157
80
17
-39
-88
-121
-141
-146
-129
-95
-54
8
80
167
257
343
448
555
655
758
856
942
1023
1087
1129
1155
1148
1126
1076
991
888
765
619
456
271
81
-117
-316
-518
-715
-896
-1063
-1214
-1345
-1457
-1539
-1600
-1638
-1652
-1642
-1605
-1549
-1473
-1380
-1278
-1156
-1023
-883
-743
-600
-459
-331
-209
-103
-9
74
137
185
220
234
239
233
209
182
149
112
83
52
23
5
-11
-13
-6
11
50
100
168
246
332
421
525
637
751
859
968
1080
1180
1266
1335
1386
1422
1438
1420
1374
1298
1203
1083
930
755
564
358
150
-52
-261
-462
-644
-814
-966
-1092
-1198
-1278
-1328
-1358
-1368
-1359
-1320
-1269
-1201
-1110
-1004
-891
-763
-626
-496
-354
-212
-70
62
182
290
384
460
519
557
564
564
542
501
449
389
324
252
179
106
41
-16
-70
-109
-130
-144
-137
-107
-70
-6
66
154
252
352
464
582
697
808
922
1035
1135
1214
1283
1328
1352
1351
1317
1260
1175
1069
935
775
598
411
217
15
-185
-381
-563
-727
-885
-1021
-1138
-1235
-1307
-1365
-1402
-1416
-1409
-1390
-1360
-1313
-1252
-1185
-1104
-1018
-934
-843
-751
-656
-565
-474
-390
-309
-234
-176
-122
-83
-56
-40
-40
-47
-66
-87
-104
-131
-159
-175
-183
-180
-180
-173
-163
-148
-124
-99
-63
-12
41
107
190
283
391
505
618
730
829
920
1001
1064
1118
1161
1192
1220
1223
1209
1185
1147
1086
999
895
768
634
502
365
227
102
-22
-138
-234
-319
-394
-458
-518
-569
-615
-652
-684
-710
-729
-748
-751
-741
-724
-694
-666
-630
-586
-546
-511
-462
-416
-382
-350
-317
-291
-275
-259
-245
-232
-220
-206
-190
-168
-148
-140
-127
-100
-70
-45
-6
32
59
106
159
220
296
372
451
534
617
708
804
884
962
1036
1109
1180
1233
1265
1285
1292
1273
1241
1197
1132
1056
957
840
730
593
438
294
134
-40
-199
-345
-492
-634
-754
-858
-952
-1042
-1116
-1171
-1217
-1260
-1286
-1294
-1304
-1317
-1302
-1268
-1223
-1173
-1108
-1029
-949
-857
-769
-685
-592
-505
-437
-365
-303
-255
-218
-179
-142
-106
-75
-51
-20
6
13
15
34
50
63
85
117
150
179
212
255
301
354
421
493
574
655
729
803
865
916
978
1031
1076
1114
1121
1119
1121
1093
1044
990
932
850
741
625
497
355
214
72
-65
-191
-309
-424
-543
-650
-736
-806
-874
-934
-980
-1015
-1020
-1023
-1021
-1004
-981
-941
-880
-827
-766
-703
-636
-551
-465
-374
-281
-188
-75
20
89
154
215
250
263
292
307
304
304
327
343
352
380
405
420
419
415
403
395
375
353
336
316
307
338
383
444
509
550
583
612
630
631
626
633
639
637
639
645
651
652
634
616
606
572
512
430
338
233
124
8
-117
-232
-342
-439
-517
-583
-637
-686
-727
-782
-842
-891
-941
-991
-1013
-1013
-1010
-980
-927
-868
-816
-750
-681
-628
-590
-559
-534
-494
-429
-374
-341
-306
-255
-228
-222
-198
-152
-134
-139
-111
-63
-33
-31
-19
6
2
-26
3
49
51
61
111
166
200
234
292
349
376
420
481
533
564
600
650
720
758
782
842
915
936
916
908
898
856
747
721
717
711
619
572
590
545
417
680
1193
1193
910
444
120
-667
-1623
-2059
-2288
-2796
-3088
-2855
-2312
-1801
-1389
-511
180
305
187
106
-156
-765
-1326
-1426
-1406
-1441
-1100
-415
348
1014
1618
2172
2521
2452
2220
1861
1292
550
-181
-699
-993
-1156
-1045
-627
-145
320
687
954
1046
874
487
79
-342
-746
-982
-957
-728
-360
190
868
1505
1990
2374
2579
2547
2289
1884
1407
907
417
46
-141
-187
-142
-62
45
123
73
-145
-450
-855
-1340
-1831
-2283
-2557
-2660
-2611
-2320
-1700
-1104
-578
-132
202
392
236
24
-209
-555
-926
-1166
-1253
-1107
-927
-625
-161
193
418
528
513
360
10
-379
-685
-1006
-1210
-1219
-1058
-739
-337
125
684
1121
1427
1661
1737
1659
1488
1403
1427
1397
1398
1655
1962
2181
2386
2590
2640
2444
2098
1676
1118
474
-81
-542
-951
-1310
-1562
-1655
-1722
-1862
-1983
-2108
-2306
-2550
-2770
-2917
-3017
-2997
-2771
-2428
-1970
-1364
-718
-111
452
895
1210
1401
1456
1422
1347
1291
1221
1191
1231
1289
1310
1338
1300
1127
836
435
-19
-517
-1026
-1481
-1822
-2027
-2093
-2040
-1850
-1550
-1214
-880
-550
-240
44
285
518
880
1351
1751
2114
2616
3143
3494
3686
3856
3922
3726
3397
3071
2585
1912
1283
790
290
-291
-802
-1163
-1577
-2109
-2619
-3037
-3443
-3878
-4205
-4343
-4354
-4241
-3881
-3330
-2679
-1943
-1127
-309
424
1014
1508
1915
2192
2319
2394
2494
2543
2537
2543
2535
2418
2182
1849
1411
802
74
-678
-1411
-2108
-2723
-3203
-3488
-3584
-3553
-3396
-3085
-2679
-2263
-1827
-1325
-788
-301
276
1120
2007
2672
3313
4088
4741
5027
5158
5282
5097
4553
3999
3444
2671
1836
1169
596
-98
-869
-1523
-2128
-2883
-3749
-4519
-5163
-5800
-6352
-6562
-6480
-6244
-5705
-4802
-3762
-2702
-1509
-233
892
1768
2469
3091
3527
3699
3773
3882
3962
3958
3937
3917
3763
3404
2936
2340
1503
488
-544
-1545
-2556
-3485
-4165
-4595
-4841
-4878
-4648
-4177
-3634
-3068
-2347
-1543
-816
36
1215
2379
3217
4042
5075
5898
6223
6417
6634
6428
5791
5191
4571
3667
2635
1809
1091
159
-907
-1812
-2616
-3602
-4731
-5677
-6409
-7159
-7730
-7832
-7616
-7202
-6405
-5211
-3809
-2334
-814
758
2233
3377
4184
4838
5325
5507
5501
5509
5483
5325
5137
4929
4576
4021
3288
2384
1322
74
-1307
-2648
-3873
-4973
-5887
-6475
-6730
-6675
-6343
-5789
-5017
-4021
-2975
-1942
-607
1026
2380
3345
4456
5703
6449
6671
6940
7139
6728
5987
5479
4842
3722
2584
1825
1032
-224
-1571
-2591
-3633
-5085
-6551
-7576
-8426
-9360
-9866
-9708
-9307
-8697
-7510
-5843
-4100
-2380
-582
1314
2950
4051
4920
5769
6295
6405
6449
6582
6552
6319
6163
5973
5502
4733
3831
2830
1565
7
-1551
-2905
-4170
-5363
-6262
-6690
-6745
-6586
-6180
-5402
-4387
-3296
-2149
-644
1272
2856
3882
5122
6579
7320
7381
7584
7759
7105
6071
5444
4756
3497
2284
1553
832
-386
-1799
-2849
-3915
-5509
-7167
-8305
-9251
-10304
-10889
-10596
-9997
-9249
-7827
-5803
-3763
-1839
186
2261
3930
4925
5624
6298
6618
6458
6326
6412
6331
6061
5961
5916
5562
4863
4012
2998
1635
-74
-1768
-3243
-4633
-5872
-6650
-6908
-6768
-6302
-5527
-4441
-3186
-1945
-723
756
2586
4157
5168
6128
7237
7885
7839
7739
7688
6987
5797
4928
4124
2811
1461
584
-209
-1398
-2785
-3991
-5077
-6462
-8021
-9172
-9960
-10751
-11167
-10780
-9954
-8932
-7376
-5288
-3182
-1201
738
2573
4103
5039
5453
5718
5823
5597
5262
5081
4952
4760
4613
4474
4154
3511
2600
1523
251
-1277
-2886
-4244
-5317
-6176
-6673
-6619
-6129
-5347
-4339
-3181
-1942
-695
506
1625
2934
4567
5966
6811
7650
8626
9094
8869
8528
8073
6888
5308
4058
2781
1143
-325
-1222
-1919
-2892
-4001
-4881
-5587
-6627
-7914
-8817
-9416
-10047
-10248
-9711
-8817
-7629
-5845
-3629
-1391
727
2642
4293
5585
6200
6155
5928
5592
4941
4200
3691
3422
3255
3095
2945
2719
2218
1401
401
-777
-2196
-3697
-4937
-5784
-6374
-6618
-6260
-5431
-4351
-3091
-1792
-476
831
1989
2970
4156
5662
6726
7199
7898
8744
8883
8435
8059
7495
6120
4470
3275
2046
415
-959
-1682
-2230
-3165
-4180
-4785
-5335
-6358
-7487
-8119
-8553
-9045
-9069
-8352
-7383
-6180
-4414
-2305
-255
1563
3140
4506
5491
5723
5416
5052
4561
3765
3001
2512
2217
2006
1814
1660
1420
873
36
-922
-2057
-3380
-4653
-5615
-6268
-6634
-6565
-6004
-5086
-3912
-2618
-1389
-159
1101
2159
3000
4174
5695
6737
7202
7924
8764
8786
8197
7739
6997
5431
3717
2481
1181
-407
-1616
-2153
-2550
-3309
-4121
-4539
-4971
-5962
-7027
-7595
-8091
-8624
-8543
-7792
-6789
-5468
-3627
-1468
634
2418
3879
5165
6001
6005
5549
5111
4489
3586
2818
2338
2068
1910
1773
1635
1377
790
-74
-1041
-2214
-3565
-4787
-5660
-6224
-6449
-6250
-5615
-4597
-3346
-2115
-962
256
1425
2355
3164
4386
5924
6955
7515
8348
9130
9047
8449
7901
6920
5167
3434
2167
804
-716
-1773
-2177
-2473
-3115
-3836
-4227
-4704
-5741
-6819
-7476
-8051
-8492
-8299
-7520
-6420
-4946
-3042
-908
1187
2911
4211
5299
5993
5884
5291
4748
4154
3367
2653
2216
2025
1925
1775
1571
1209
506
-505
-1602
-2827
-4194
-5358
-6102
-6532
-6614
-6281
-5595
-4574
-3333
-2170
-1190
-189
823
1610
2275
3378
4886
6034
6744
7659
8547
8626
8114
7570
6640
4922
3070
1683
346
-1136
-2178
-2533
-2656
-3046
-3558
-3846
-4217
-5121
-6208
-6978
-7608
-8154
-8154
-7482
-6406
-4947
-3101
-973
1177
2985
4311
5338
5987
5935
5349
4736
4129
3382
2715
2329
2199
2166
2049
1847
1546
927
-68
-1238
-2466
-3749
-4883
-5699
-6148
-6149
-5787
-5191
-4267
-3084
-2004
-1176
-357
557
1281
1829
2809
4346
5682
6492
7411
8451
8726
8216
7623
6790
5160
3214
1746
502
-897
-1970
-2297
-2288
-2526
-3008
-3332
-3711
-4651
-5852
-6751
-7442
-8079
-8208
-7600
-6523
-5110
-3318
-1210
973
2810
4136
5137
5795
5834
5340
4751
4225
3642
3089
2759
2707
2766
2702
2503
2179
1552
548
-671
-1927
-3162
-4316
-5255
-5763
-5797
-5541
-5095
-4340
-3357
-2483
-1803
-1111
-337
310
884
1848
3338
4727
5660
6573
7600
8048
7660
6983
6106
4674
2897
1395
226
-910
-1827
-2167
-2148
-2311
-2758
-3236
-3714
-4601
-5872
-6960
-7707
-8223
-8335
-7779
-6660
-5172
-3372
-1361
667
2440
3745
4635
5213
5300
4892
4384
4029
3694
3325
3127
3173
3274
3224
2934
2454
1756
732
-540
-1832
-3004
-4045
-4847
-5231
-5251
-5043
-4637
-3978
-3181
-2502
-1992
-1469
-842
-244
365
1326
2846
4409
5592
6627
7618
8095
7828
7156
6219
4782
3040
1555
397
-641
-1446
-1738
-1719
-1826
-2226
-2795
-3468
-4456
-5752
-6933
-7813
-8404
-8494
-7901
-6782
-5312
-3474
-1427
512
2200
3496
4346
4851
4969
4733
4358
4047
3834
3694
3655
3684
3756
3763
3475
2909
2119
1040
-254
-1584
-2745
-3697
-4431
-4827
-4850
-4593
-4201
-3705
-3075
-2448
-1996
-1581
-1026
-360
362
1390
2934
4589
5938
7012
7919
8397
8157
7402
6325
4883
3248
1803
651
-297
-984
-1291
-1353
-1536
-2019
-2817
-3804
-4995
-6373
-7664
-8644
-9178
-9124
-8413
-7207
-5661
-3817
-1875
-79
1466
2594
3261
3618
3711
3586
3402
3323
3379
3534
3720
3849
3896
3798
3349
2581
1612
447
-876
-2184
-3237
-4001
-4505
-4673
-4547
-4240
-3859
-3459
-2974
-2502
-2171
-1854
-1385
-655
227
1372
3021
4846
6341
7407
8224
8616
8283
7376
6177
4763
3240
1866
837
139
-350
-606
-726
-966
-1568
-2589
-3818
-5178
-6628
-7904
-8777
-9099
-8803
-7899
-6547
-4906
-3100
-1333
217
1463
2321
2823
3133
3260
3282
3371
3604
3896
4206
4470
4580
4479
4150
3463
2468
1314
36
-1205
-2328
-3219
-3803
-4116
-4183
-4055
-3805
-3548
-3325
-3035
-2739
-2490
-2165
-1603
-709
419
1806
3607
5486
6946
7874
8485
8707
8230
7240
6038
4706
3349
2191
1378
822
375
48
-227
-732
-1656
-2984
-4423
-5895
-7322
-8444
-9100
-9180
-8660
-7596
-6197
-4643
-3057
-1556
-298
683
1408
1921
2324
2686
3050
3457
3922
4387
4752
4908
4800
4424
3803
2885
1717
490
-677
-1706
-2552
-3155
-3497
-3676
-3752
-3774
-3775
-3829
-3890
-3835
-3622
-3291
-2782
-1922
-694
723
2325
4166
5874
7044
7647
7889
7743
7053
6054
5030
4038
3122
2378
1881
1505
1066
552
-86
-1015
-2331
-3890
-5409
-6796
-7948
-8655
-8822
-8481
-7673
-6530
-5273
-4035
-2848
-1795
-903
-138
538
1210
1947
2741
3517
4258
4911
5363
5557
5433
4964
4255
3399
2411
1355
403
-428
-1148
-1739
-2170
-2525
-2901
-3304
-3668
-3978
-4258
-4387
-4250
-3848
-3242
-2355
-1152
220
1600
3106
4710
6032
6826
7158
7223
7025
6519
5859
5165
4462
3805
3246
2777
2253
1539
688
-259
-1393
-2779
-4282
-5654
-6783
-7585
-7979
-7977
-7619
-6964
-6079
-5123
-4197
-3307
-2475
-1623
-715
223
1178
2164
3149
4044
4778
5287
5514
5428
5072
4532
3854
3049
2186
1373
649
-20
-663
-1242
-1799
-2377
-2933
-3498
-4054
-4505
-4753
-4731
-4420
-3841
-3041
-2058
-902
393
1708
3042
4363
5478
6202
6515
6569
6440
6142
5723
5195
4608
4019
3408
2803
2116
1266
316
-750
-1954
-3298
-4658
-5884
-6926
-7645
-7998
-8058
-7826
-7340
-6658
-5864
-5033
-4164
-3251
-2299
-1253
-162
923
1974
2936
3774
4428
4850
4997
4906
4598
4158
3668
3129
2519
1823
1122
449
-234
-935
-1665
-2420
-3144
-3748
-4199
-4507
-4592
-4396
-3917
-3189
-2348
-1435
-419
651
1816
3102
4345
5361
6016
6400
6621
6648
6539
6237
5774
5223
4596
3965
3323
2552
1629
639
-479
-1681
-2921
-4170
-5354
-6367
-7074
-7456
-7551
-7434
-7088
-6537
-5885
-5094
-4178
-3225
-2200
-1067
126
1242
2254
3179
3920
4421
4720
4814
4751
4550
4226
3888
3526
3030
2406
1715
971
176
-655
-1518
-2388
-3223
-3939
-4436
-4727
-4743
-4481
-4008
-3368
-2623
-1751
-756
318
1527
2858
4110
5029
5560
5860
5996
5947
5830
5677
5410
5039
4630
4202
3682
3032
2200
1157
-112
-1536
-2954
-4278
-5478
-6452
-7089
-7426
-7525
-7352
-6994
-6565
-6105
-5552
-4849
-4020
-3026
-1826
-550
655
1735
2687
3487
4017
4278
4356
4302
4155
3973
3783
3572
3206
2646
1974
1188
341
-545
-1443
-2346
-3187
-3870
-4376
-4639
-4647
-4448
-4106
-3633
-3062
-2407
-1650
-747
273
1358
2412
3386
4281
4995
5498
5913
6239
6330
6082
5579
5014
4415
3799
3204
2576
1829
944
-94
-1217
-2338
-3445
-4438
-5311
-6120
-6772
-7137
-7199
-7015
-6555
-5891
-5143
-4359
-3480
-2466
-1441
-424
559
1470
2280
2965
3576
4130
4561
4787
4830
4703
4457
4089
3619
3113
2567
1971
1271
442
-468
-1372
-2231
-2978
-3542
-3871
-3953
-3811
-3488
-3046
-2526
-1930
-1241
-471
328
1105
1832
2492
3070
3559
4001
4418
4798
5088
5253
5258
5089
4764
4294
3696
2986
2153
1187
108
-1024
-2138
-3180
-4062
-4783
-5360
-5771
-6025
-6106
-6032
-5821
-5476
-5030
-4520
-3965
-3368
-2701
-1965
-1156
-337
444
1181
1831
2406
2923
3330
3621
3774
3749
3568
3313
3033
2711
2312
1823
1260
619
-6
-559
-984
-1299
-1618
-1833
-1971
-2196
-2241
-2020
-1625
-1180
-929
-743
-703
-702
-450
-57
458
1007
1536
1997
2286
2430
2574
2672
2631
2481
2278
2006
1609
1238
872
432
-39
-515
-932
-1333
-1699
-1968
-2140
-2219
-2250
-2244
-2212
-2163
-2132
-2119
-2087
-2017
-1848
-1567
-1179
-720
-235
262
697
998
1210
1330
1353
1309
1216
1153
1108
1056
986
874
722
520
285
47
-192
-416
-562
-651
-714
-776
-838
-899
-958
-1025
-1086
-1093
-1024
-881
-660
-371
-33
339
717
1061
1353
1579
1728
1850
1952
2022
2055
2075
2066
2012
1941
1839
1698
1523
1341
1141
921
711
507
306
108
-84
-262
-439
-622
-799
-925
-1007
-1046
-1042
-1008
-964
-905
-821
-736
-673
-631
-577
-524
-473
-405
-363
-347
-377
-438
-508
-591
-667
-720
-761
-799
-814
-824
-833
-862
-899
-972
-1063
-1143
-1210
-1229
-1196
-1092
-948
-771
-568
-345
-114
116
322
507
686
806
916
1033
1127
1192
1218
1213
1193
1148
1099
1064
1026
965
896
824
740
637
516
381
211
41
-108
-234
-323
-357
-354
-332
-303
-277
-225
-160
-100
-31
56
147
213
266
293
279
270
247
205
162
146
127
99
73
45
7
-86
-211
-352
-519
-707
-902
-1065
-1211
-1345
-1426
-1457
-1457
-1445
-1390
-1277
-1137
-1018
-909
-762
-600
-448
-311
-153
-8
125
256
386
513
647
770
874
985
1059
1108
1144
1165
1175
1167
1150
1119
1072
1030
972
918
839
780
723
649
582
549
553
548
548
545
545
527
497
465
418
360
296
252
228
218
203
196
204
198
180
145
95
13
-84
-175
-287
-400
-512
-624
-734
-812
-884
-941
-966
-962
-951
-957
-969
-982
-985
-1003
-1027
-1050
-1063
-1070
-1065
-1026
-957
-890
-812
-712
-609
-507
-423
-341
-256
-188
-116
-33
34
96
174
235
291
341
393
452
502
549
616
676
722
768
807
825
812
795
778
755
705
669
637
613
601
589
569
544
519
460
388
320
240
131
34
-63
-165
-254
-333
-384
-406
-409
-407
-370
-321
-269
-226
-214
-214
-210
-211
-213
-215
-214
-204
-178
-144
-119
-97
-88
-90
-119
-160
-212
-279
-337
-389
-433
-457
-483
-515
-535
-563
-595
-616
-605
-588
-564
-514
-434
-349
-259
-141
-34
59
138
213
283
353
421
483
547
597
663
727
773
816
842
844
833
800
760
699
622
562
495
413
340
267
219
181
144
126
110
101
79
68
64
55
61
54
56
62
75
97
122
162
183
190
198
185
162
145
119
89
67
37
-11
-58
-111
-175
-238
-305
-370
-429
-483
-516
-533
-523
-521
-506
-484
-468
-471
-478
-484
-501
-509
-504
-489
-466
-424
-377
-326
-260
-210
-172
-146
-135
-128
-123
-128
-125
-136
-144
-154
-172
-164
-149
-128
-109
-84
-45
-2
30
54
84
122
157
190
221
254
298
337
375
419
436
455
468
469
456
426
406
389
373
347
316
280
239
185
128
68
3
-47
-79
-95
-101
-92
-72
-42
-16
2
-5
-21
-52
-94
-143
-189
-228
-275
-278
-266
-254
-240
-236
-244
-266
-300
-344
-390
-433
-478
-512
-528
-522
-502
-462
-400
-328
-253
-174
-88
-4
75
149
225
310
389
470
538
603
668
717
749
771
788
783
765
740
710
678
637
586
538
476
420
361
299
233
169
109
52
11
-20
-30
-34
-17
-3
11
39
49
53
47
26
3
-19
-35
-64
-90
-112
-128
-142
-167
-207
-262
-311
-367
-445
-522
-594
-659
-712
-748
-774
-785
-770
-747
-714
-671
-619
-556
-491
-425
-354
-272
-189
-95
4
99
178
236
294
334
358
373
370
378
373
356
342
322
298
261
204
143
77
7
-55
-101
-143
-169
-177
-168
-148
-143
-110
-81
-53
-26
2
33
58
85
108
138
169
196
214
235
249
253
250
236
211
164
115
67
13
-42
-103
-166
-217
-272
-315
-331
-345
-343
-337
-325
-300
-266
-226
-188
-135
-78
-16
49
100
148
190
225
251
272
281
288
282
281
263
236
209
178
147
105
65
10
-46
-82
-117
-144
-157
-155
-140
-122
-89
-53
-14
31
74
125
171
207
249
295
336
378
419
454
488
506
514
511
493
456
422
378
324
268
199
127
48
-28
-106
-180
-239
-285
-315
-340
-345
-343
-335
-319
-302
-292
-268
-235
-207
-180
-154
-132
-110
-84
-79
-66
-69
-82
-85
-102
-120
-148
-185
-218
-251
-279
-319
-365
-389
-409
-426
-433
-413
-386
-359
-318
-269
-225
-178
-122
-64
-8
44
98
163
215
259
305
343
364
373
383
380
367
347
327
291
257
220
167
120
66
18
-38
-85
-120
-143
-162
-173
-172
-168
-159
-135
-112
-97
-76
-58
-25
-5
3
23
34
40
42
42
39
36
24
8
-2
-27
-45
-64
-85
-106
-135
-161
-180
-195
-220
-230
-236
-245
-246
-231
-219
-199
-161
-124
-63
-9
37
84
131
181
213
240
272
301
326
347
368
394
410
421
432
437
428
417
400
366
336
297
260
229
203
189
173
175
177
166
162
156
151
151
147
150
148
138
124
106
93
65
38
14
-23
-61
-89
-117
-149
-182
-211
-245
-277
-315
-356
-396
-430
-456
-489
-499
-509
-515
-501
-486
-463
-433
-398
-360
-315
-277
-245
-212
-171
-140
-108
-65
-33
-3
31
63
92
120
145
160
176
187
173
166
167
149
137
140
133
127
134
140
132
140
152
156
165
173
175
181
191
183
180
179
167
159
151
139
118
103
91
68
58
37
14
-13
-45
-87
-138
-180
-238
-284
-316
-362
-394
-418
-431
-442
-446
-434
-428
-413
-389
-370
-342
-306
-272
-235
-193
-149
-109
-60
-16
29
76
120
156
195
224
251
280
298
312
319
329
330
326
323
315
308
303
301
298
304
317
329
344
348
347
354
349
329
312
290
270
254
241
243
241
238
230
213
199
178
147
119
85
33
-13
-65
-116
-164
-198
-234
-267
-296
-327
-345
-365
-376
-382
-384
-386
-384
-389
-384
-381
-372
-354
-337
-322
-302
-280
-260
-227
-221
-179
-133
-100
-61
-39
-4
18
31
64
101
119
155
181
188
210
236
268
304
326
333
340
333
314
297
289
279
267
262
247
237
232
226
212
196
182
151
119
75
26
-15
-56
-95
-130
-164
-192
-225
-258
-293
-336
-374
-403
-424
-447
-460
-474
-478
-476
-470
-465
-462
-451
-444
-431
-419
-402
-376
-344
-306
-268
-226
-189
-157
-121
-91
-69
-44
-19
7
35
66
100
141
187
228
273
313
357
387
407
431
457
477
500
515
531
548
554
567
571
571
564
550
532
509
483
454
423
386
340
296
247
193
146
96
51
5
-41
-84
-126
-165
-203
-229
-258
-282
-297
-315
-330
-345
-360
-372
-384
-394
-401
-415
-416
-415
-410
-403
-392
-374
-362
-342
-329
-319
-301
-282
-259
-227
-197
-161
-119
-74
-25
24
78
130
176
210
247
274
306
334
359
385
409
424
433
447
454
464
467
467
461
448
431
407
382
349
311
275
239
197
152
114
78
35
-10
-48
-83
-119
-151
-188
-222
-252
-285
-313
-340
-370
-401
-422
-452
-478
-500
-526
-549
-575
-589
-603
-614
-616
-615
-607
-596
-586
-574
-551
-524
-492
-452
-410
-356
-304
-246
-185
-125
-61
3
67
133
196
253
319
372
421
469
510
550
583
613
635
649
657
668
669
666
652
634
612
570
535
498
457
420
390
361
331
297
268
236
201
171
137
102
70
35
1
-23
-50
-76
-99
-125
-157
-190
-225
-253
-288
-316
-346
-378
-396
-418
-434
-449
-455
-462
-464
-465
-463
-455
-443
-424
-405
-374
-339
-300
-253
-205
-157
-103
-52
-1
50
94
135
174
209
242
276
311
338
365
387
403
409
408
401
383
363
341
318
297
277
258
241
225
204
182
158
132
103
80
64
48
36
27
11
-3
-17
-29
-48
-66
-86
-109
-134
-161
-185
-219
-248
-273
-295
-315
-333
-350
-366
-377
-386
-392
-392
-389
-384
-372
-353
-332
-305
-275
-244
-208
-173
-141
-105
-73
-38
-7
21
47
72
99
122
144
167
186
199
206
208
204
200
193
180
168
158
147
138
132
129
123
113
104
97
86
75
72
68
64
62
63
62
62
57
49
43
33
26
16
11
5
-1
-8
-11
-19
-29
-35
-44
-53
-60
-65
-71
-69
-66
-59
-45
-32
-15
-1
17
35
56
74
90
105
124
140
159
178
193
209
222
227
228
225
221
211
193
173
151
134
113
97
81
65
54
40
22
3
-20
-41
-59
-78
-97
-111
-124
-133
-139
-149
-151
-156
-167
-169
-172
-175
-179
-190
-197
-204
-204
-205
-207
-205
-202
-203
-203
-203
-202
-200
-195
-185
-181
-169
-151
-127
-97
-76
-51
-24
10
39
61
90
109
132
156
179
200
224
242
253
264
264
262
259
247
231
214
192
169
151
126
111
94
71
52
26
2
-16
-32
-50
-74
-96
-106
-119
-123
-128
-133
-146
-162
-164
-177
-185
-198
-212
-221
-235
-241
-238
-235
-236
-241
-240
-241
-246
-241
-237
-226
-207
-190
-167
-149
-121
-78
-42
-4
20
39
67
95
123
151
168
185
212
249
287
309
327
343
353
351
348
352
352
341
332
326
315
308
294
287
276
253
227
213
191
169
157
154
146
117
112
107
89
84
73
55
38
11
-1
-21
-47
-48
-79
-107
-112
-144
-160
-163
-171
-190
-211
-225
-254
-278
-274
-267
-273
-277
-277
-271
-255
-247
-244
-243
-245
-242
-232
-207
-182
-164
-140
-115
-97
-75
-42
-11
1
0
8
18
42
67
74
84
81
60
53
62
72
79
83
77
46
30
26
19
33
27
21
34
48
71
87
104
120
119
104
72
54
53
63
64
40
22
-10
-28
-23
-23
-38
-66
-96
-100
-117
-126
-130
-152
-148
-142
-137
-126
-110
-86
-77
-65
-34
-25
-19
-5
15
46
64
89
107
104
100
104
117
112
73
70
66
51
51
51
57
47
55
56
35
30
6
-2
8
-7
0
3
10
16
11
39
52
52
79
73
75
97
82
91
87
90
81
51
49
28
19
53
56
49
28
-1
21
43
49
36
15
-4
-26
-28
1
39
61
84
82
72
62
37
57
63
59
76
66
80
110
124
113
64
33
26
6
3
12
11
4
3
-4
-74
-125
-98
-73
-69
-113
-193
-214
-201
-192
-179
-203
-212
-168
-99
-49
-61
-63
-43
-31
6
51
296
494
159
-633
-1400
-1504
-810
257
1069
1101
334
-182
-216
-214
-320
-411
-289
-553
-1138
-1400
-930
-177
477
951
911
374
-306
-428
-154
146
429
530
375
-29
-365
109
745
853
1174
916
357
-29
-264
352
486
235
731
360
-250
-590
-890
-157
106
16
293
194
-274
-549
-598
-375
-449
-204
253
294
17
-219
-52
51
-5
124
640
713
388
184
297
315
101
246
695
450
89
110
53
-144
-132
-112
82
154
-101
-107
-56
-104
-406
-618
-476
-336
-321
-277
-57
-128
-489
-450
-50
-52
-59
105
175
109
-476
-408
193
37
-219
-19
221
94
-214
-90
282
-78
-265
-57
-89
-173
-315
-95
13
-151
-335
68
187
-68
-155
-219
50
95
295
405
197
-12
183
354
367
321
399
587
452
372
342
439
394
243
159
160
191
322
488
345
92
-222
-319
-351
-153
120
62
-103
-283
-487
-720
-561
-292
-70
-95
-132
-107
-341
-467
-524
-451
-389
-132
45
67
145
-9
-154
-295
-469
-361
38
159
171
113
-126
-323
-473
-305
-94
125
239
297
114
-91
-123
-134
-62
-57
39
167
318
469
568
557
489
304
87
163
389
603
858
877
706
402
150
103
197
241
166
203
66
-196
-362
-377
-355
-442
-606
-729
-814
-927
-861
-737
-712
-775
-936
-861
-694
-693
-538
-269
-222
-298
-406
-376
-250
-80
277
661
654
410
184
98
151
184
563
864
838
653
427
230
145
224
407
624
657
674
668
704
789
863
933
851
771
732
800
853
953
1047
986
824
589
382
168
33
-2
-6
-130
-319
-573
-896
-1270
-1565
-1641
-1733
-1862
-1809
-1705
-1790
-1857
-1760
-1590
-1472
-1372
-1078
-827
-733
-536
-203
44
196
438
809
1056
1036
1175
1363
1313
1220
1263
1297
1159
1009
1044
1084
977
965
1101
1138
902
563
396
322
164
78
56
-85
-239
-186
-21
-4
-72
-73
-73
-205
-374
-509
-639
-746
-866
-984
-1133
-1293
-1447
-1533
-1636
-1803
-1878
-1771
-1588
-1416
-1201
-1018
-869
-716
-550
-339
-87
228
612
960
1218
1406
1540
1645
1756
1863
1932
1923
1830
1689
1513
1318
1083
839
598
288
-98
-470
-767
-995
-1150
-1328
-1590
-1841
-1937
-1919
-1792
-1474
-1049
-608
-299
-121
102
447
792
1121
1437
1692
1949
2274
2614
2769
2794
2782
2689
2438
2072
1667
1281
935
548
99
-430
-993
-1504
-1936
-2355
-2770
-3075
-3202
-3239
-3254
-3158
-2990
-2798
-2528
-2194
-1897
-1575
-1092
-525
42
618
1145
1522
1755
1974
2201
2360
2427
2449
2422
2283
2070
1797
1524
1254
903
487
42
-451
-926
-1343
-1655
-1882
-2050
-2076
-1930
-1640
-1378
-1269
-1187
-922
-534
-174
161
510
822
1234
1765
2156
2369
2586
2809
2840
2702
2516
2227
1853
1481
1027
483
-82
-607
-1090
-1569
-2101
-2627
-3022
-3291
-3501
-3630
-3631
-3539
-3363
-3117
-2860
-2568
-2170
-1684
-1138
-561
20
602
1223
1783
2184
2487
2747
2917
2954
2939
2931
2864
2671
2454
2193
1794
1290
748
224
-316
-827
-1274
-1650
-1999
-2335
-2589
-2733
-2783
-2652
-2285
-1826
-1500
-1242
-789
-237
241
679
1152
1566
1947
2428
2920
3220
3426
3662
3822
3763
3502
3108
2620
2134
1596
956
276
-346
-908
-1425
-1984
-2610
-3131
-3466
-3748
-3948
-3969
-3869
-3718
-3468
-3124
-2793
-2428
-1933
-1337
-772
-232
360
979
1552
2046
2453
2798
3011
3075
3081
3038
2900
2686
2444
2128
1709
1241
761
235
-317
-835
-1322
-1793
-2218
-2568
-2846
-3017
-3064
-2886
-2458
-1983
-1655
-1340
-844
-293
143
559
1019
1439
1872
2395
2871
3173
3437
3725
3858
3732
3401
2942
2420
1857
1243
597
-49
-650
-1186
-1723
-2339
-2969
-3476
-3828
-4119
-4331
-4380
-4275
-4061
-3716
-3334
-2941
-2476
-1971
-1429
-820
-184
409
1037
1707
2302
2756
3139
3441
3560
3558
3542
3455
3232
2927
2557
2127
1630
1084
527
-22
-556
-1084
-1596
-2088
-2547
-2938
-3189
-3303
-3328
-3204
-2851
-2323
-1831
-1463
-1023
-440
109
560
1037
1524
1956
2447
2996
3380
3620
3882
4087
4037
3761
3370
2902
2388
1808
1144
457
-147
-714
-1268
-1796
-2344
-2868
-3255
-3537
-3811
-3998
-4005
-3839
-3565
-3264
-2934
-2499
-1943
-1372
-822
-236
379
975
1560
2114
2553
2889
3183
3409
3510
3484
3369
3182
2910
2557
2134
1659
1141
557
-36
-577
-1094
-1606
-2080
-2478
-2849
-3178
-3406
-3506
-3489
-3340
-3009
-2512
-1986
-1531
-1062
-490
99
561
983
1454
1881
2277
2693
3030
3234
3419
3586
3596
3397
3068
2648
2172
1634
997
320
-299
-837
-1344
-1813
-2266
-2684
-3011
-3253
-3469
-3635
-3659
-3555
-3356
-3062
-2710
-2307
-1805
-1257
-738
-221
335
880
1372
1822
2220
2551
2825
3032
3141
3146
3054
2882
2639
2332
1946
1512
1082
644
151
-374
-880
-1356
-1788
-2171
-2535
-2832
-3010
-3106
-3137
-3066
-2878
-2604
-2188
-1641
-1103
-608
-76
500
1018
1442
1827
2207
2548
2852
3118
3315
3450
3536
3572
3493
3263
2914
2483
1964
1358
715
81
-514
-1056
-1534
-1970
-2369
-2699
-2934
-3122
-3284
-3388
-3400
-3318
-3145
-2897
-2596
-2203
-1740
-1254
-747
-223
314
815
1247
1630
1956
2200
2385
2526
2608
2628
2582
2461
2266
2002
1692
1350
965
548
121
-310
-735
-1129
-1485
-1812
-2081
-2269
-2379
-2433
-2449
-2386
-2224
-2020
-1768
-1387
-892
-420
2
481
977
1383
1713
2026
2297
2494
2657
2791
2867
2889
2879
2830
2706
2462
2101
1665
1172
615
9
-571
-1095
-1592
-2027
-2373
-2650
-2873
-3020
-3106
-3154
-3147
-3096
-2979
-2810
-2572
-2265
-1884
-1450
-1003
-529
-9
499
939
1324
1646
1890
2059
2175
2232
2231
2196
2145
2059
1896
1671
1401
1118
788
388
-31
-432
-813
-1170
-1457
-1685
-1870
-1993
-2021
-2014
-1995
-1913
-1767
-1571
-1322
-981
-595
-194
203
626
1039
1395
1707
1975
2206
2362
2480
2558
2579
2542
2495
2421
2282
2074
1790
1446
1041
582
76
-429
-909
-1346
-1729
-2046
-2298
-2470
-2547
-2580
-2576
-2525
-2442
-2332
-2172
-1957
-1710
-1415
-1088
-725
-327
84
493
862
1205
1487
1699
1858
1966
2010
1987
1933
1858
1737
1582
1400
1189
954
688
405
91
-240
-573
-880
-1151
-1402
-1603
-1732
-1787
-1792
-1729
-1629
-1488
-1296
-1073
-825
-539
-222
85
377
688
982
1217
1433
1635
1791
1886
1968
2015
2007
1950
1863
1734
1526
1249
942
615
258
-130
-522
-872
-1207
-1526
-1790
-1991
-2165
-2289
-2329
-2319
-2281
-2201
-2061
-1897
-1702
-1492
-1233
-942
-631
-315
8
341
653
943
1183
1373
1508
1614
1668
1658
1614
1551
1473
1352
1228
1060
845
617
366
95
-195
-478
-738
-968
-1162
-1310
-1402
-1440
-1416
-1344
-1215
-1063
-867
-628
-368
-123
102
342
577
775
954
1144
1311
1468
1602
1720
1760
1766
1734
1655
1514
1314
1078
787
484
144
-205
-546
-840
-1116
-1364
-1554
-1710
-1809
-1866
-1890
-1874
-1805
-1706
-1580
-1428
-1244
-1026
-783
-518
-256
2
270
534
772
981
1168
1323
1441
1505
1520
1487
1424
1332
1203
1043
847
635
427
211
-17
-237
-421
-571
-717
-826
-889
-909
-894
-844
-720
-591
-462
-322
-143
29
176
329
501
660
784
928
1069
1160
1224
1270
1271
1207
1082
931
721
461
168
-122
-405
-696
-964
-1172
-1343
-1497
-1597
-1647
-1675
-1675
-1640
-1569
-1477
-1366
-1228
-1061
-856
-641
-411
-160
97
345
574
795
982
1135
1246
1321
1341
1306
1240
1145
1040
899
735
566
393
203
0
-184
-373
-551
-702
-818
-908
-972
-984
-954
-886
-787
-649
-494
-334
-176
0
189
356
508
660
809
935
1036
1139
1210
1242
1260
1227
1142
1002
820
624
380
124
-138
-395
-633
-859
-1050
-1195
-1306
-1389
-1429
-1432
-1422
-1397
-1337
-1240
-1126
-994
-838
-666
-474
-267
-55
163
372
568
745
904
1040
1144
1208
1235
1218
1159
1084
983
862
730
604
473
345
220
93
-10
-97
-164
-214
-242
-251
-250
-229
-197
-151
-96
-41
33
118
201
290
380
459
517
568
609
614
591
546
463
351
199
27
-167
-357
-543
-727
-876
-1002
-1095
-1157
-1185
-1198
-1192
-1158
-1110
-1038
-952
-858
-738
-594
-440
-277
-92
103
287
470
637
776
899
985
1040
1064
1061
1025
956
871
770
663
536
414
279
150
20
-130
-273
-416
-549
-678
-778
-857
-909
-927
-903
-850
-766
-646
-522
-381
-237
-89
55
187
304
413
510
597
664
727
788
826
862
878
873
847
792
708
594
454
293
117
-65
-242
-409
-567
-712
-826
-916
-988
-1030
-1059
-1062
-1049
-1035
-989
-924
-855
-777
-675
-562
-438
-310
-170
-19
125
263
389
511
606
685
743
782
799
792
770
731
687
628
574
519
473
434
408
384
363
354
360
363
366
371
371
371
372
363
352
349
331
319
315
305
283
258
223
175
106
13
-95
-225
-376
-541
-714
-870
-1006
-1132
-1209
-1266
-1297
-1286
-1244
-1184
-1105
-998
-889
-777
-641
-499
-348
-181
-14
158
347
537
707
883
1053
1180
1275
1354
1389
1367
1316
1238
1116
974
824
653
477
307
143
-22
-180
-326
-465
-586
-703
-808
-891
-939
-972
-995
-983
-933
-859
-766
-649
-511
-355
-194
-35
125
271
398
510
606
669
714
748
745
727
692
643
577
498
408
311
212
104
-22
-147
-261
-386
-507
-611
-702
-790
-855
-893
-919
-933
-924
-890
-853
-798
-728
-647
-549
-449
-348
-246
-140
-40
56
145
228
295
361
420
460
490
521
536
539
539
531
513
489
461
430
397
357
319
296
280
261
256
261
278
297
334
380
428
480
528
567
584
592
599
586
558
525
491
442
376
304
229
141
40
-72
-195
-327
-470
-616
-755
-891
-1025
-1140
-1220
-1286
-1330
-1324
-1285
-1220
-1128
-1003
-863
-712
-546
-371
-190
-16
163
334
495
650
792
929
1053
1159
1235
1290
1313
1297
1257
1178
1066
923
758
576
381
184
1
-176
-346
-495
-629
-752
-860
-953
-1016
-1057
-1074
-1070
-1036
-983
-913
-814
-691
-548
-392
-226
-52
124
290
439
572
695
791
862
910
930
922
891
843
775
690
598
496
383
268
144
16
-117
-245
-377
-504
-622
-729
-818
-895
-953
-994
-1006
-996
-972
-921
-852
-770
-678
-579
-469
-364
-253
-153
-56
41
129
208
284
357
411
461
496
520
533
544
543
521
499
472
427
380
332
280
230
189
153
128
124
125
141
157
189
224
255
298
334
374
400
427
448
457
458
454
447
428
400
358
307
247
166
76
-18
-127
-246
-366
-490
-619
-737
-843
-938
-1013
-1068
-1089
-1085
-1051
-991
-911
-807
-686
-548
-401
-248
-98
63
223
376
524
664
789
903
1000
1071
1118
1149
1147
1115
1059
978
865
735
589
427
261
90
-75
-241
-384
-521
-641
-743
-821
-881
-922
-937
-934
-901
-855
-793
-703
-598
-481
-349
-200
-49
102
249
389
508
612
695
761
805
820
820
795
755
693
621
538
436
329
215
94
-30
-156
-283
-405
-519
-626
-725
-805
-876
-926
-961
-974
-968
-937
-888
-823
-740
-643
-539
-426
-309
-196
-87
17
113
199
276
348
398
439
470
486
493
486
473
450
423
384
342
293
240
190
136
88
39
-4
-36
-62
-78
-78
-63
-37
3
46
103
167
233
293
352
403
446
480
500
510
510
503
484
452
407
348
279
194
100
1
-108
-218
-331
-442
-548
-643
-722
-786
-834
-863
-862
-835
-786
-715
-621
-507
-384
-244
-99
44
192
331
460
581
686
774
844
901
935
951
950
921
872
794
694
577
445
296
143
-15
-171
-320
-459
-588
-692
-778
-845
-887
-900
-890
-854
-792
-709
-606
-492
-363
-223
-76
73
226
369
503
624
725
806
862
894
903
881
831
759
663
544
409
261
93
-77
-254
-427
-594
-748
-889
-1010
-1107
-1180
-1223
-1239
-1221
-1174
-1100
-998
-879
-738
-586
-427
-259
-89
77
234
384
519
635
734
810
865
894
902
886
843
779
695
595
482
359
232
104
-23
-139
-249
-342
-419
-478
-519
-537
-534
-513
-470
-407
-328
-239
-138
-32
79
188
289
387
470
541
593
628
647
647
627
588
531
457
369
265
151
29
-100
-225
-346
-462
-567
-654
-721
-766
-788
-786
-758
-708
-631
-535
-422
-300
-171
-35
103
238
368
490
602
699
779
845
887
910
913
892
850
787
706
607
493
375
245
113
-17
-148
-269
-378
-474
-553
-612
-651
-666
-660
-631
-584
-516
-432
-339
-233
-124
-16
95
199
291
377
443
494
532
552
551
531
494
436
361
269
164
43
-88
-223
-359
-493
-621
-736
-840
-921
-983
-1026
-1044
-1039
-1016
-961
-889
-799
-692
-571
-440
-307
-167
-28
109
238
364
479
581
666
732
781
812
823
816
785
734
670
589
496
398
290
183
82
-18
-108
-186
-249
-297
-324
-331
-324
-298
-254
-197
-131
-57
18
94
170
243
307
358
399
428
444
445
429
402
358
300
226
134
27
-89
-212
-339
-463
-584
-694
-788
-867
-926
-963
-975
-962
-924
-859
-772
-662
-533
-394
-241
-79
89
256
416
569
706
828
933
1021
1084
1124
1144
1141
1111
1058
981
886
775
645
503
354
201
52
-91
-224
-336
-429
-496
-539
-550
-535
-497
-429
-345
-246
-136
-24
96
212
324
432
524
604
664
706
726
725
701
653
582
486
374
239
86
-76
-251
-427
-607
-781
-948
-1099
-1231
-1343
-1422
-1474
-1494
-1480
-1428
-1348
-1235
-1098
-943
-770
-594
-410
-229
-55
112
263
407
532
638
723
789
833
857
859
840
793
730
655
559
450
335
213
97
-12
-113
-195
-262
-307
-326
-324
-292
-243
-175
-91
9
110
211
308
398
474
537
579
604
612
602
571
520
457
369
267
149
16
-129
-283
-443
-611
-771
-924
-1065
-1184
-1283
-1351
-1386
-1393
-1361
-1296
-1200
-1075
-923
-754
-563
-359
-152
66
274
474
663
830
978
1106
1213
1290
1342
1367
1363
1335
1275
1192
1087
959
820
668
511
354
200
55
-78
-191
-287
-352
-391
-405
-393
-355
-293
-208
-112
-5
103
211
316
410
491
550
597
625
637
632
607
568
511
441
354
251
131
-8
-156
-319
-485
-654
-817
-963
-1089
-1189
-1260
-1300
-1304
-1277
-1214
-1122
-1010
-879
-731
-570
-406
-247
-88
62
203
337
453
550
637
706
755
788
798
789
758
703
632
545
438
318
193
67
-55
-169
-264
-343
-403
-435
-449
-431
-400
-351
-279
-197
-111
-13
84
181
277
363
434
500
541
565
580
566
532
478
405
311
198
68
-73
-223
-381
-543
-702
-853
-994
-1116
-1217
-1290
-1340
-1358
-1351
-1312
-1249
-1161
-1047
-913
-756
-597
-415
-231
-46
135
311
476
624
753
863
959
1026
1073
1099
1107
1091
1052
996
926
838
747
641
536
432
335
230
156
92
45
23
16
32
63
123
185
256
331
402
467
529
562
591
616
613
606
581
539
492
441
367
278
176
58
-75
-213
-369
-525
-678
-834
-973
-1090
-1189
-1258
-1282
-1288
-1261
-1193
-1112
-1010
-875
-744
-608
-460
-321
-193
-54
68
179
294
390
476
556
624
668
698
701
688
657
597
519
426
324
215
115
7
-86
-163
-222
-263
-279
-273
-252
-212
-153
-82
-7
82
173
261
360
449
530
612
687
750
796
825
828
817
782
721
634
526
403
252
99
-62
-234
-394
-555
-704
-848
-980
-1097
-1196
-1285
-1352
-1389
-1413
-1408
-1379
-1327
-1251
-1148
-1029
-905
-752
-597
-447
-288
-126
10
143
264
368
450
525
583
617
639
645
637
621
593
553
506
449
396
342
278
225
181
137
103
90
72
67
89
107
136
186
239
288
347
408
459
518
565
597
635
649
650
646
622
585
547
487
411
342
257
164
75
-12
-107
-199
-280
-351
-427
-487
-526
-567
-594
-596
-594
-586
-562
-530
-486
-440
-386
-323
-265
-201
-118
-59
0
74
116
154
193
208
222
221
217
212
182
156
183
109
28
65
13
-33
0
-30
-68
-14
-66
-69
-27
-37
1
37
37
98
140
120
206
237
224
299
321
272
319
335
264
273
256
198
172
132
65
10
-50
-118
-185
-270
-311
-366
-435
-472
-501
-550
-583
-583
-611
-620
-595
-577
-570
-526
-473
-455
-410
-341
-299
-261
-190
-142
-110
-49
-7
21
50
90
117
125
150
181
175
182
202
191
183
196
188
171
188
189
176
186
194
194
202
223
233
245
260
281
280
279
294
288
275
279
281
251
239
228
200
172
150
125
79
47
19
-26
-66
-95
-130
-165
-180
-199
-231
-235
-227
-243
-237
-217
-216
-199
-176
-160
-139
-108
-85
-58
-30
-4
25
35
61
87
97
107
122
128
130
142
144
149
155
163
157
164
171
169
171
181
189
189
197
206
204
209
225
237
241
248
251
254
254
247
236
219
210
192
165
142
113
74
37
6
-46
-89
-136
-193
-235
-285
-336
-368
-407
-450
-469
-492
-517
-529
-543
-550
-543
-547
-539
-519
-507
-485
-447
-421
-382
-344
-318
-278
-237
-204
-165
-121
-90
-48
-11
23
55
81
111
134
150
166
183
194
212
224
230
243
253
262
275
283
298
305
311
319
315
317
325
323
324
328
321
313
309
298
280
266
245
223
202
171
140
100
64
31
-9
-47
-85
-127
-164
-198
-235
-266
-297
-326
-345
-367
-381
-389
-394
-397
-388
-381
-368
-346
-330
-305
-274
-249
-220
-184
-151
-121
-84
-53
-20
8
38
69
92
115
141
160
174
196
208
220
230
244
253
264
278
283
293
303
311
323
335
346
363
380
389
403
410
412
425
427
419
422
414
395
385
367
341
316
284
246
208
163
113
59
4
-48
-108
-167
-226
-281
-332
-381
-425
-470
-505
-539
-570
-588
-606
-615
-617
-612
-603
-592
-576
-551
-522
-494
-455
-422
-387
-346
-305
-269
-229
-191
-155
-118
-84
-53
-25
-1
26
50
67
91
107
121
143
161
172
188
203
207
215
221
228
232
236
243
248
247
251
253
251
250
245
237
228
219
207
193
176
157
140
119
98
78
55
36
13
-4
-19
-35
-48
-58
-71
-81
-89
-101
-105
-113
-121
-119
-119
-123
-119
-119
-125
-117
-114
-115
-106
-102
-99
-88
-88
-86
-79
-78
-75
-67
-67
-63
-52
-48
-39
-30
-19
-9
4
20
36
54
73
91
107
129
147
165
186
205
223
243
263
280
296
307
318
324
327
330
324
319
311
297
279
263
243
214
192
161
131
98
67
31
1
-33
-68
-99
-131
-163
-188
-213
-239
-254
-269
-284
-290
-297
-302
-301
-298
-297
-291
-281
-275
-263
-249
-233
-214
-193
-177
-159
-139
-122
-104
-89
-75
-61
-45
-35
-23
-12
-5
6
14
16
22
30
24
30
30
29
33
35
33
37
35
31
31
25
21
16
11
6
0
-4
-9
-16
-25
-33
-37
-45
-53
-60
-67
-73
-79
-84
-87
-91
-92
-90
-91
-87
-79
-76
-72
-62
-55
-49
-42
-29
-20
-8
5
14
28
40
50
60
70
77
86
92
101
109
114
124
132
135
139
150
154
158
164
169
177
182
188
196
202
210
220
226
233
242
248
250
255
256
253
258
250
241
234
222
206
191
176
154
132
108
82
54
22
-7
-36
-65
-97
-128
-158
-186
-213
-235
-262
-283
-297
-316
-332
-343
-353
-358
-357
-358
-355
-347
-343
-332
-319
-310
-297
-279
-266
-249
-223
-205
-184
-157
-134
-111
-82
-59
-34
-5
18
46
75
100
130
160
182
207
234
254
277
294
310
327
336
343
349
351
349
343
334
319
304
284
257
229
201
165
130
95
58
19
-19
-57
-95
-130
-165
-197
-226
-255
-279
-300
-317
-329
-339
-347
-348
-351
-351
-345
-343
-335
-323
-313
-301
-284
-272
-256
-240
-228
-214
-200
-183
-173
-159
-148
-139
-124
-108
-94
-79
-62
-42
-20
-1
22
49
76
103
134
166
197
231
263
295
330
362
391
420
446
467
487
506
518
525
527
524
520
511
499
480
457
430
400
366
333
293
253
213
174
131
90
48
9
-28
-66
-100
-133
-162
-193
-218
-242
-260
-276
-290
-299
-308
-315
-320
-322
-326
-325
-324
-322
-323
-319
-313
-309
-301
-294
-285
-274
-264
-253
-238
-227
-211
-194
-175
-158
-138
-118
-99
-73
-50
-29
-8
16
37
57
74
91
109
124
138
147
158
167
172
174
174
173
168
163
154
142
130
119
105
91
75
58
44
26
15
0
-15
-29
-38
-47
-57
-62
-69
-72
-77
-78
-78
-78
-78
-77
-73
-71
-67
-66
-61
-58
-54
-53
-49
-47
-43
-42
-41
-40
-43
-43
-46
-47
-47
-48
-46
-46
-45
-40
-36
-28
-21
-15
-6
5
16
29
40
50
65
77
88
103
112
123
131
140
148
154
157
158
162
159
155
151
145
137
129
114
104
91
80
66
54
43
31
23
13
6
-1
-8
-14
-19
-25
-26
-29
-27
-27
-26
-22
-19
-15
-12
-9
-5
-3
-4
-2
-1
0
3
6
7
11
13
16
19
18
21
19
27
30
33
39
46
54
62
68
75
80
85
92
95
101
103
105
105
100
99
91
81
67
55
36
19
0
-26
-51
-75
-102
-129
-155
-182
-209
-233
-259
-282
-301
-322
-338
-351
-359
-369
-374
-373
-373
-366
-358
-347
-332
-317
-298
-278
-256
-234
-210
-185
-159
-136
-110
-81
-57
-32
-7
19
43
66
87
108
128
144
162
179
197
210
227
241
256
269
281
294
305
311
319
329
334
338
343
343
344
344
340
335
328
318
307
294
280
263
246
225
202
181
157
134
109
84
60
33
8
-14
-40
-59
-81
-100
-116
-133
-147
-159
-172
-184
-192
-198
-203
-208
-211
-216
-218
-218
-220
-220
-218
-215
-213
-210
-209
-208
-203
-202
-196
-190
-187
-180
-171
-160
-149
-136
-123
-107
-92
-75
-57
-39
-17
4
26
47
70
92
112
132
151
171
187
202
217
228
238
246
249
252
251
246
241
230
219
208
194
179
161
142
121
99
79
58
36
16
-3
-21
-37
-53
-68
-82
-96
-106
-115
-125
-131
-140
-144
-149
-155
-160
-163
-165
-168
-171
-174
-177
-181
-182
-184
-188
-188
-188
-191
-192
-190
-189
-189
-186
-183
-182
-177
-172
-165
-155
-145
-133
-122
-109
-94
-78
-63
-43
-24
-8
11
28
46
63
80
93
108
122
137
150
160
170
179
186
194
196
200
203
205
206
202
201
197
195
194
190
185
180
177
172
167
162
156
151
144
140
136
128
119
110
101
91
82
73
64
55
48
37
28
19
13
4
-6
-14
-22
-30
-39
-48
-55
-61
-65
-70
-75
-78
-79
-80
-82
-84
-84
-85
-84
-85
-86
-86
-89
-86
-83
-86
-86
-86
-88
-90
-94
-95
-98
-101
-103
-104
-106
-106
-108
-109
-110
-110
-110
-109
-108
-106
-99
-95
-90
-82
-76
-69
-59
-50
-41
-31
-20
-11
-1
11
21
32
44
54
65
74
85
93
102
109
117
122
126
131
135
137
136
137
137
135
134
130
127
122
117
110
104
95
87
81
69
59
48
36
23
10
-3
-15
-29
-43
-57
-71
-83
-98
-111
-125
-138
-151
-160
-172
-182
-191
-202
-208
-214
-220
-226
-228
-227
-226
-225
-221
-215
-208
-200
-191
-178
-168
-154
-139
-122
-104
-86
-69
-48
-28
-7
17
36
59
82
104
126
146
166
185
203
223
242
259
275
292
306
318
330
341
348
358
363
365
367
367
366
362
358
352
344
336
325
312
297
280
261
244
222
199
176
151
126
99
71
46
19
-8
-35
-68
-97
-126
-154
-182
-210
-237
-261
-282
-305
-322
-338
-355
-371
-385
-395
-406
-415
-420
-421
-423
-422
-419
-415
-406
-395
-385
-372
-357
-340
-324
-304
-284
-264
-239
-214
-188
-160
-135
-109
-81
-54
-27
0
26
51
76
101
123
145
167
188
206
224
240
252
265
278
286
294
301
306
309
309
309
307
301
296
289
280
267
257
244
228
214
198
179
160
142
122
103
83
61
41
21
0
-19
-40
-59
-79
-97
-115
-132
-147
-162
-175
-187
-197
-208
-217
-225
-231
-235
-240
-240
-241
-238
-233
-229
-224
-215
-207
-198
-187
-175
-161
-146
-129
-113
-97
-80
-61
-43
-24
-6
12
29
47
65
83
100
118
135
151
166
180
192
204
216
225
233
241
249
255
259
262
263
266
264
264
261
257
251
246
239
230
221
210
199
184
171
156
141
125
109
92
76
59
41
26
5
-12
-28
-46
-62
-81
-96
-112
-129
-144
-158
-173
-188
-199
-212
-220
-229
-238
-247
-254
-262
-267
-274
-278
-278
-282
-280
-279
-279
-276
-272
-264
-257
-250
-243
-234
-222
-211
-201
-190
-177
-165
-151
-137
-122
-108
-91
-73
-57
-42
-25
-9
6
24
39
54
69
82
95
109
121
134
145
158
168
178
188
197
204
210
215
221
226
229
229
232
232
232
233
227
225
220
214
209
202
194
187
177
169
158
145
133
122
110
97
81
69
57
42
29
15
2
-11
-23
-35
-48
-60
-73
-86
-97
-106
-114
-123
-130
-138
-147
-152
-156
-160
-167
-169
-171
-175
-177
-177
-175
-173
-170
-164
-158
-151
-145
-137
-129
-118
-107
-99
-88
-77
-64
-50
-38
-24
-10
4
18
31
46
59
70
85
96
106
116
127
138
148
157
165
172
180
187
192
195
197
199
199
199
201
197
194
190
185
181
173
163
152
141
130
118
106
91
79
64
52
38
22
6
-9
-25
-40
-55
-72
-90
-102
-116
-131
-144
-157
-170
-180
-190
-201
-210
-219
-225
-231
-236
-243
-247
-249
-251
-253
-251
-251
-248
-245
-240
-234
-229
-223
-214
-206
-197
-187
-176
-164
-149
-136
-123
-108
-94
-78
-60
-43
-28
-12
5
21
39
54
69
86
101
117
133
146
161
171
183
195
206
215
220
227
235
240
246
249
249
253
254
250
248
243
239
236
229
223
217
207
197
185
175
163
149
136
121
109
97
83
71
59
46
32
19
3
-11
-25
-38
-49
-62
-74
-84
-97
-106
-115
-127
-135
-144
-150
-157
-164
-170
-177
-180
-183
-186
-187
-186
-184
-182
-180
-178
-175
-170
-166
-162
-157
-153
-149
-141
-131
-121
-114
-105
-95
-84
-73
-62
-51
-43
-31
-21
-10
2
11
21
32
42
51
61
68
74
82
88
95
101
106
108
114
118
120
122
121
125
127
125
124
123
120
116
113
108
102
97
91
86
81
74
69
61
56
45
36
28
18
11
2
-6
-15
-23
-30
-38
-45
-52
-59
-67
-73
-78
-82
-85
-89
-92
-96
-97
-101
-103
-102
-104
-102
-101
-102
-101
-98
-95
-91
-88
-85
-80
-75
-69
-64
-61
-55
-48
-41
-33
-27
-21
-14
-5
4
11
19
28
35
44
50
57
61
66
74
80
86
95
99
103
111
114
120
120
123
126
127
128
126
124
124
124
124
121
118
117
112
109
103
97
91
81
74
68
60
50
41
33
27
20
12
2
-8
-16
-25
-36
-46
-56
-65
-72
-80
-88
-96
-104
-110
-113
-121
-127
-133
-137
-140
-141
-145
-147
-146
-147
-146
-144
-143
-141
-137
-134
-129
-125
-121
-114
-106
-98
-90
-82
-74
-65
-56
-47
-37
-28
-19
-11
-3
9
19
29
37
48
55
66
74
81
88
94
100
105
110
114
117
119
123
126
131
131
130
130
129
129
125
121
118
113
111
106
102
95
90
83
78
73
63
53
45
37
29
23
13
7
-3
-11
-20
-30
-41
-53
-61
-69
-79
-87
-97
-105
-110
-115
-121
-125
-129
-130
-132
-137
-139
-140
-141
-139
-139
-135
-133
-128
-123
-118
-108
-101
-93
-84
-75
-67
-57
-49
-36
-24
-13
-2
10
22
35
47
59
71
83
93
106
116
124
134
144
151
158
164
172
175
179
183
185
186
187
186
184
182
180
176
171
166
159
150
142
132
123
111
99
87
77
65
54
41
27
13
0
-12
-28
-38
-53
-65
-78
-89
-101
-110
-121
-131
-139
-149
-158
-168
-175
-181
-187
-195
-197
-201
-202
-202
-205
-206
-205
-203
-200
-196
-193
-188
-182
-175
-167
-159
-151
-143
-132
-122
-112
-99
-87
-76
-63
-50
-38
-27
-13
-2
9
23
38
48
59
70
84
93
104
117
125
134
141
149
153
157
164
168
170
176
176
176
178
176
177
175
172
171
165
161
156
150
143
134
130
122
114
107
100
92
83
76
66
57
45
38
30
20
11
3
-6
-19
-28
-35
-46
-54
-58
-66
-73
-81
-87
-92
-98
-103
-107
-111
-116
-117
-120
-122
-123
-122
-121
-120
-119
-118
-116
-112
-109
-105
-101
-99
-96
-93
-86
-80
-76
-70
-63
-57
-54
-48
-41
-34
-28
-22
-15
-7
-2
3
11
17
27
33
38
45
49
55
60
65
68
73
78
82
86
88
91
94
95
96
95
96
95
94
93
93
90
88
86
84
81
77
73
68
62
56
49
44
37
31
25
20
13
7
4
-5
-12
-18
-24
-32
-38
-45
-54
-58
-64
-70
-75
-79
-85
-90
-93
-97
-102
-105
-107
-109
-109
-111
-111
-110
-109
-108
-107
-105
-103
-103
-100
-95
-91
-88
-83
-77
-69
-63
-56
-48
-42
-32
-27
-20
-11
-2
3
11
21
29
37
46
58
66
73
81
87
95
103
108
115
121
128
131
136
141
144
149
152
155
152
153
153
153
150
144
141
138
136
130
125
117
111
102
95
84
74
64
55
46
35
24
13
4
-6
-18
-28
-39
-51
-62
-70
-79
-88
-97
-105
-111
-118
-124
-127
-133
-140
-143
-146
-149
-152
-152
-150
-148
-146
-143
-140
-136
-132
-126
-119
-113
-106
-98
-90
-80
-71
-62
-52
-42
-31
-21
-8
1
8
20
30
39
47
56
65
74
83
92
96
102
108
113
117
119
119
119
121
119
117
115
111
109
105
101
93
86
82
71
61
51
42
32
23
11
0
-11
-24
-32
-43
-57
-66
-76
-88
-97
-110
-121
-131
-140
-145
-152
-160
-165
-171
-174
-175
-177
-180
-183
-181
-177
-174
-172
-169
-163
-155
-147
-138
-133
-123
-114
-100
-85
-74
-63
-46
-29
-12
1
16
31
49
69
86
100
117
134
150
166
181
194
209
223
235
246
255
260
270
278
282
284
286
289
290
290
288
283
277
272
265
257
247
234
222
213
199
184
165
148
134
119
102
80
62
45
28
9
-10
-32
-53
-70
-87
-105
-128
-146
-159
-175
-189
-206
-223
-237
-246
-255
-266
-278
-284
-291
-294
-297
-300
-303
-302
-298
-296
-294
-290
-285
-278
-269
-259
-250
-237
-223
-209
-195
-182
-166
-150
-132
-115
-96
-80
-62
-42
-23
-5
14
31
49
68
86
103
120
135
149
164
179
191
196
206
216
223
228
232
233
237
239
239
236
232
226
223
219
213
203
194
185
177
166
151
138
127
115
103
88
71
54
40
26
12
-4
-21
-34
-47
-61
-74
-89
-103
-112
-123
-136
-146
-157
-163
-168
-173
-177
-181
-184
-183
-183
-184
-185
-184
-180
-174
-168
-164
-155
-148
-138
-126
-119
-107
-98
-84
-73
-61
-48
-33
-20
-7
8
20
35
48
60
74
87
99
109
121
131
141
151
160
168
174
182
186
191
195
198
200
199
199
198
199
192
189
183
178
172
168
158
147
137
129
119
107
94
79
64
51
40
28
13
0
-12
-25
-34
-49
-61
-76
-88
-99
-110
-121
-132
-143
-152
-158
-162
-168
-176
-183
-187
-190
-190
-195
-199
-201
-200
-196
-192
-190
-189
-184
-174
-163
-155
-151
-149
-140
-129
-116
-106
-101
-93
-80
-64
-50
-41
-34
-23
-8
9
21
27
34
46
63
74
82
86
94
105
117
126
127
125
130
138
145
146
142
140
144
150
150
146
137
131
131
132
128
117
107
103
101
97
88
75
64
63
59
52
40
28
19
15
9
-1
-14
-26
-33
-37
-42
-52
-64
-73
-74
-77
-82
-90
-97
-100
-100
-100
-101
-105
-109
-107
-102
-99
-98
-99
-96
-88
-80
-75
-73
-70
-62
-51
-42
-35
-30
-24
-13
-1
8
15
23
33
48
59
66
71
80
87
98
106
110
113
119
127
131
133
132
135
138
143
142
138
137
137
137
134
127
120
116
114
110
102
93
83
80
74
64
51
38
29
21
11
-3
-19
-31
-41
-52
-64
-80
-95
-107
-114
-123
-133
-147
-158
-165
-169
-176
-187
-197
-204
-206
-208
-214
-218
-223
-224
-218
-215
-215
-216
-212
-206
-199
-193
-190
-184
-173
-159
-148
-137
-127
-116
-101
-87
-74
-63
-49
-34
-20
-3
10
24
38
53
70
85
97
109
123
136
149
159
169
180
190
200
210
216
222
230
237
243
244
245
244
247
247
245
241
234
232
230
224
215
203
194
187
178
165
149
133
120
110
98
84
66
53
39
26
11
-7
-24
-40
-53
-66
-81
-98
-112
-123
-133
-143
-154
-166
-177
-184
-191
-197
-205
-212
-215
-217
-217
-218
-221
-219
-217
-213
-211
-209
-206
-199
-191
-182
-174
-167
-157
-143
-129
-119
-108
-96
-83
-68
-54
-41
-32
-16
1
18
30
40
52
67
86
98
106
117
127
140
151
159
164
167
175
185
192
190
185
186
188
191
189
181
174
169
169
166
158
145
133
125
119
110
94
80
67
59
51
37
18
3
-7
-16
-28
-43
-59
-72
-80
-89
-102
-114
-126
-139
-143
-150
-160
-169
-176
-178
-181
-185
-188
-193
-195
-194
-191
-189
-187
-183
-179
-171
-162
-157
-149
-142
-131
-121
-108
-98
-86
-73
-59
-46
-33
-20
-7
5
19
33
47
62
73
87
99
113
125
138
149
160
171
180
189
195
199
205
209
213
216
216
217
219
219
216
213
207
201
197
191
182
171
160
149
140
130
117
101
88
77
66
52
38
24
10
-2
-15
-32
-50
-62
-74
-84
-95
-110
-123
-133
-139
-147
-157
-168
-175
-181
-186
-188
-194
-199
-201
-199
-198
-200
-200
-199
-195
-187
-181
-176
-171
-162
-153
-142
-132
-123
-112
-102
-89
-77
-65
-55
-43
-33
-20
-7
6
19
29
42
56
68
80
90
97
104
113
122
131
136
140
145
149
153
155
154
152
150
150
150
147
139
134
129
124
119
112
101
92
85
77
68
56
43
34
24
15
3
-9
-18
-28
-36
-46
-56
-69
-79
-87
-97
-105
-114
-121
-127
-133
-137
-142
-145
-146
-149
-150
-150
-149
-148
-145
-141
-137
-133
-126
-119
-111
-102
-92
-83
-73
-63
-55
-44
-33
-21
-11
1
15
28
40
52
64
78
91
102
113
124
133
144
154
161
168
175
183
190
197
201
202
205
208
210
209
207
200
198
195
190
182
170
161
155
147
137
124
111
100
89
77
61
42
27
16
3
-13
-30
-47
-61
-75
-88
-104
-122
-137
-150
-162
-176
-191
-203
-212
-219
-225
-234
-242
-249
-253
-253
-255
-260
-264
-262
-257
-252
-248
-245
-238
-229
-218
-209
-200
-192
-180
-165
-152
-139
-127
-109
-92
-74
-56
-40
-23
-5
14
32
47
63
81
100
116
132
146
162
178
191
203
214
222
230
239
246
252
255
258
262
266
268
264
260
259
255
252
245
235
228
218
209
197
181
168
157
143
129
113
97
80
64
48
31
12
-7
-20
-37
-53
-67
-83
-100
-113
-126
-139
-152
-165
-177
-185
-196
-203
-209
-217
-221
-223
-225
-226
-228
-227
-225
-224
-221
-216
-212
-206
-198
-191
-183
-173
-162
-152
-140
-127
-116
-103
-86
-72
-57
-42
-24
-10
4
22
37
49
63
77
89
103
118
131
145
155
166
174
182
189
194
200
206
207
209
210
210
211
208
206
203
198
192
186
179
171
162
153
142
130
119
108
95
81
67
55
42
26
8
-7
-21
-35
-48
-62
-75
-90
-101
-111
-121
-133
-142
-153
-161
-169
-178
-185
-194
-198
-199
-202
-205
-208
-210
-207
-206
-203
-200
-199
-193
-185
-178
-172
-166
-158
-148
-137
-124
-114
-106
-94
-80
-63
-51
-41
-25
-11
7
24
40
52
66
83
96
107
118
127
138
152
162
170
176
184
190
198
203
203
205
203
204
204
200
196
192
188
185
180
175
167
160
151
142
132
121
108
97
87
74
62
50
35
23
10
-2
-14
-29
-42
-56
-69
-81
-88
-99
-108
-119
-126
-132
-139
-143
-150
-155
-158
-162
-162
-166
-166
-166
-165
-160
-158
-157
-155
-150
-143
-136
-130
-123
-115
-104
-92
-82
-72
-64
-51
-39
-25
-15
-6
8
20
31
41
52
62
71
81
90
99
106
115
120
125
133
137
141
141
141
146
145
145
145
143
141
140
136
130
122
116
108
101
94
86
74
64
54
46
35
24
13
1
-9
-21
-34
-45
-57
-70
-79
-90
-102
-112
-122
-130
-137
-144
-153
-158
-164
-171
-174
-176
-181
-182
-182
-183
-180
-180
-178
-176
-170
-163
-156
-148
-141
-134
-124
-111
-98
-87
-74
-60
-46
-32
-17
-5
7
21
37
50
63
76
87
98
113
127
138
148
161
171
182
190
194
201
210
216
221
224
229
231
234
234
234
231
228
224
219
210
202
194
186
176
166
156
143
131
118
106
90
73
58
44
32
15
-2
-17
-32
-47
-62
-75
-94
-108
-121
-133
-147
-160
-170
-182
-191
-199
-209
-217
-225
-230
-236
-238
-240
-243
-242
-241
-239
-237
-232
-227
-221
-214
-208
-199
-189
-179
-170
-157
-146
-133
-120
-107
-91
-76
-61
-48
-34
-20
-5
9
22
38
49
64
78
91
104
115
126
135
142
150
158
164
171
177
182
186
187
189
188
188
189
187
184
182
178
173
168
161
154
145
135
128
117
106
95
82
70
59
50
38
25
14
3
-8
-18
-27
-40
-49
-59
-67
-77
-86
-94
-102
-109
-113
-118
-125
-130
-134
-137
-137
-142
-143
-142
-142
-140
-137
-134
-130
-124
-119
-111
-107
-101
-92
-85
-76
-68
-62
-54
-45
-35
-25
-15
-6
2
12
23
32
41
50
57
65
73
80
88
97
102
109
114
120
122
125
128
130
134
136
138
137
134
134
131
130
126
122
116
112
106
101
95
87
80
73
65
57
47
38
28
20
10
0
-8
-17
-25
-33
-38
-48
-58
-69
-75
-81
-92
-99
-106
-112
-117
-118
-124
-130
-134
-136
-137
-140
-143
-146
-147
-145
-142
-141
-137
-135
-130
-126
-122
-119
-116
-110
-104
-97
-90
-86
-77
-69
-60
-50
-43
-33
-28
-21
-13
-4
6
15
22
31
41
53
62
72
81
88
96
101
105
109
113
118
123
125
128
130
130
135
134
134
131
129
128
124
123
118
114
109
105
102
96
91
85
77
71
64
57
48
38
31
23
15
7
-1
-9
-15
-22
-31
-35
-43
-49
-54
-58
-61
-66
-70
-74
-76
-78
-80
-82
-85
-85
-86
-88
-88
-89
-87
-85
-83
-80
-78
-75
-72
-67
-63
-59
-56
-50
-46
-40
-32
-26
-21
-14
-6
-1
8
13
18
24
33
38
41
46
52
58
62
68
72
75
78
81
82
84
83
83
83
83
84
81
80
75
73
71
65
58
51
44
40
38
31
25
18
11
5
-1
-9
-16
-24
-32
-37
-45
-52
-59
-66
-73
-76
-84
-92
-97
-103
-107
-113
-116
-121
-125
-127
-129
-131
-130
-132
-134
-132
-131
-130
-127
-126
-121
-118
-114
-106
-100
-93
-84
-74
-68
-59
-50
-40
-31
-26
-17
-8
3
13
24
35
45
57
66
76
87
93
102
110
119
126
133
140
148
151
154
159
162
166
167
169
170
168
168
168
165
162
159
158
154
148
145
139
131
124
119
110
101
94
86
79
69
59
50
36
28
19
6
-3
-15
-27
-37
-48
-57
-69
-79
-88
-95
-104
-113
-121
-127
-132
-137
-142
-146
-149
-153
-156
-158
-158
-159
-160
-158
-156
-154
-152
-148
-145
-139
-135
-130
-124
-117
-111
-102
-93
-86
-78
-68
-60
-53
-43
-35
-26
-17
-9
0
10
19
28
35
44
52
60
67
74
80
86
91
95
101
104
108
115
116
119
120
122
121
118
117
116
111
108
105
100
97
89
84
79
72
65
57
49
41
34
25
18
10
3
-4
-12
-17
-24
-31
-36
-43
-49
-57
-62
-67
-71
-77
-81
-83
-88
-91
-93
-94
-98
-100
-101
-101
-101
-99
-99
-98
-95
-92
-89
-84
-79
-74
-69
-64
-60
-53
-49
-44
-38
-32
-24
-17
-10
-5
3
11
18
25
33
39
47
55
61
66
72
78
84
90
96
100
106
110
113
116
119
120
123
124
124
125
124
123
122
118
115
112
109
103
99
93
88
82
76
71
61
54
47
38
31
21
9
2
-6
-15
-23
-32
-40
-47
-54
-61
-70
-76
-83
-89
-93
-99
-104
-108
-112
-115
-117
-119
-121
-123
-122
-123
-120
-119
-116
-114
-111
-108
-105
-101
-99
-93
-86
-83
-78
-70
-66
-59
-52
-45
-40
-32
-25
-19
-10
-3
2
8
16
21
29
35
42
47
52
58
61
66
71
74
76
80
82
84
85
88
89
88
90
88
89
87
85
83
78
75
72
67
64
58
55
50
45
38
32
25
18
10
3
-4
-9
-15
-18
-22
-26
-28
-36
-39
-45
-48
-50
-52
-54
-57
-58
-61
-60
-60
-58
-61
-62
-60
-59
-59
-57
-55
-52
-49
-46
-41
-37
-32
-28
-23
-19
-11
-6
-3
4
10
15
21
25
32
37
40
46
51
53
57
60
64
67
71
73
75
78
80
83
84
84
84
82
81
76
74
72
68
63
61
58
53
50
41
34
29
22
14
7
-2
-8
-16
-23
-30
-37
-44
-48
-54
-61
-67
-72
-78
-82
-85
-91
-96
-99
-102
-104
-104
-108
-109
-110
-109
-107
-107
-107
-105
-103
-101
-96
-91
-87
-84
-79
-73
-68
-63
-58
-54
-47
-42
-37
-31
-22
-16
-10
-2
6
14
21
28
33
41
48
53
60
63
72
77
84
89
93
95
98
100
101
102
102
105
105
105
104
105
102
101
101
97
94
92
88
84
80
77
73
68
62
59
54
48
43
36
30
23
18
11
6
1
-5
-9
-13
-18
-24
-29
-32
-37
-45
-49
-55
-58
-61
-64
-67
-70
-72
-75
-77
-79
-80
-81
-82
-82
-80
-81
-80
-79
-78
-75
-73
-70
-67
-64
-61
-57
-54
-50
-46
-41
-37
-32
-27
-21
-15
-11
-7
-5
1
5
10
15
20
24
27
33
36
38
40
44
45
47
49
52
52
55
58
59
60
61
61
61
61
60
58
58
57
54
52
50
47
44
43
38
36
31
29
25
21
17
15
12
8
5
1
0
-5
-10
-12
-14
-19
-22
-27
-30
-33
-36
-41
-43
-47
-50
-51
-52
-53
-54
-56
-58
-59
-58
-59
-61
-62
-58
-55
-56
-55
-55
-53
-50
-47
-43
-41
-40
-36
-31
-28
-28
-25
-22
-18
-13
-8
-3
0
6
10
14
19
19
23
27
30
35
38
41
46
48
53
54
55
59
58
60
62
61
63
63
63
64
63
61
61
58
57
58
55
53
52
46
43
42
38
35
32
27
23
18
12
9
5
2
-2
-7
-10
-13
-16
-20
-24
-26
-31
-33
-36
-38
-42
-44
-43
-46
-47
-47
-46
-46
-49
-47
-46
-44
-41
-39
-39
-38
-37
-36
-36
-34
-33
-27
-26
-23
-19
-18
-13
-14
-11
-11
-9
-7
-5
-3
0
4
6
10
13
13
14
17
17
18
18
21
21
20
21
20
21
22
22
22
23
22
22
20
19
16
16
13
12
10
10
8
4
0
-3
-4
-6
-7
-9
-13
-14
-15
-17
-19
-20
-20
-21
-24
-23
-24
-27
-28
-28
-29
-29
-27
-26
-24
-23
-21
-21
-21
-22
-20
-21
-21
-19
-16
-14
-11
-5
-3
0
1
3
5
7
8
8
13
15
16
20
21
25
29
31
33
35
37
38
41
41
42
41
45
47
48
49
50
52
53
52
49
46
43
43
43
41
39
37
37
34
31
30
26
21
20
18
14
11
8
6
3
1
-1
-3
-7
-9
-12
-14
-18
-22
-23
-25
-28
-31
-33
-36
-37
-38
-40
-42
-43
-45
-46
-46
-46
-48
-49
-48
-48
-49
-49
-50
-50
-50
-47
-47
-47
-46
-45
-41
-39
-40
-35
-32
-30
-28
-27
-24
-20
-16
-13
-7
-6
-2
3
5
6
9
15
19
20
21
24
27
32
31
33
34
35
37
39
39
40
40
41
44
45
44
43
43
44
44
41
39
38
36
35
32
28
24
22
21
17
16
12
9
6
4
0
-3
-8
-9
-11
-13
-16
-18
-18
-18
-19
-23
-26
-26
-29
-27
-28
-29
-28
-29
-28
-28
-30
-30
-28
-28
-25
-26
-25
-23
-25
-24
-22
-20
-18
-14
-12
-11
-8
-7
-6
-5
-4
-2
1
3
6
9
9
11
13
14
16
15
18
20
21
25
28
28
29
30
31
32
33
35
34
35
35
33
33
33
32
32
32
33
33
31
29
29
27
26
24
22
20
18
16
14
13
9
8
5
1
-1
-5
-6
-9
-14
-15
-18
-23
-25
-27
-30
-30
-36
-38
-40
-43
-45
-46
-46
-49
-50
-49
-48
-49
-47
-48
-46
-44
-43
-41
-41
-38
-36
-36
-34
-31
-30
-29
-26
-24
-23
-20
-19
-18
-14
-13
-12
-7
-4
-2
0
3
6
8
11
14
16
18
20
22
26
27
28
29
32
33
34
34
35
34
33
34
33
33
34
35
34
33
32
32
32
32
31
32
31
29
28
28
25
24
23
22
20
19
17
13
13
11
11
8
6
3
2
1
-1
-4
-4
-5
-4
-4
-6
-6
-6
-9
-12
-12
-12
-15
-16
-13
-14
-13
-12
-11
-11
-11
-10
-11
-12
-12
-12
-12
-12
-13
-11
-9
-8
-7
-7
-5
-5
-3
-4
-4
-3
-3
-4
-2
-1
0
1
0
2
0
-3
-2
-2
-3
-2
-3
-2
-4
-5
-2
-1
-1
-1
1
3
2
1
0
-2
-1
-1
-3
0
-1
0
-1
-1
-2
-3
-5
-7
-7
-9
-8
-9
-10
-10
-12
-13
-15
-15
-16
-14
-14
-13
-14
-14
-13
-13
-11
-12
-10
-8
-7
-8
-5
-5
-6
-5
-6
-7
-5
-6
-6
-4
-1
0
2
1
2
3
3
3
3
4
2
2
2
3
5
4
5
8
9
9
9
10
13
9
10
9
10
14
15
17
16
20
22
23
22
22
23
20
22
20
21
21
20
20
20
19
16
15
14
12
12
11
10
10
9
10
9
7
5
6
4
3
4
3
3
4
5
3
1
-1
-1
-1
-5
-8
-8
-9
-10
-11
-12
-14
-14
-15
-15
-17
-16
-17
-18
-18
-18
-20
-20
-18
-18
-19
-17
-17
-16
-16
-16
-15
-16
-15
-16
-14
-14
-13
-12
-11
-10
-6
-7
-5
-3
-3
-2
-1
-1
1
2
4
4
5
4
5
7
8
8
9
11
12
11
10
9
8
9
7
8
6
5
5
4
2
0
-2
-2
-4
-5
-3
-3
-5
-5
-3
-7
-6
-7
-7
-9
-7
-7
-8
-9
-9
-8
-7
-5
-6
-8
-6
-8
-11
-10
-10
-11
-10
-10
-9
-9
-8
-6
-5
-4
-5
-4
-5
-5
-3
-2
-2
-1
2
3
7
7
10
11
12
12
10
10
9
10
12
11
12
11
15
16
18
18
21
21
19
22
22
23
26
21
24
27
22
25
29
26
23
28
30
27
25
24
22
20
19
15
15
14
10
10
8
5
4
3
1
0
0
0
-5
-5
-6
-6
-7
-9
-12
-12
-15
-18
-20
-20
-24
-26
-28
-30
-31
-31
-30
-30
-31
-34
-35
-34
-35
-35
-38
-38
-36
-40
-37
-33
-34
-27
-24
-24
-19
-17
-16
-17
-14
-11
-13
-10
-5
-3
-4
-3
2
2
2
6
8
10
12
9
18
20
7
13
22
17
16
18
20
26
19
18
26
20
17
21
14
13
16
11
14
18
15
14
15
10
8
7
6
8
5
5
4
5
1
2
0
-1
0
-2
-2
-3
-5
-9
-9
-7
-10
-12
-12
-8
-8
-8
-4
-10
-7
-6
-9
-10
-9
-7
-8
-2
-3
-4
1
3
1
5
7
7
11
4
7
14
4
7
12
9
9
9
15
16
17
20
18
21
22
19
18
18
23
21
19
21
23
21
19
15
14
17
15
14
13
12
12
10
4
6
7
0
-1
2
-4
-5
-5
-9
-9
-11
-15
-13
-16
-21
-17
-16
-22
-24
-22
-25
-27
-30
-33
-28
-29
-36
-29
-31
-31
-23
-30
-30
-25
-29
-28
-27
-27
-26
-24
-19
-20
-20
-18
-13
-16
-18
-15
-10
-8
-11
-10
-6
-3
-7
-4
0
1
4
6
8
10
8
11
11
8
9
13
14
15
20
18
19
22
22
23
24
23
25
22
21
29
26
24
28
27
25
20
25
27
24
28
25
23
19
21
19
13
16
13
12
13
11
7
6
8
-1
-3
1
-5
-6
-8
-11
-7
-10
-11
-13
-14
-13
-13
-13
-17
-17
-19
-19
-19
-18
-21
-19
-16
-18
-16
-12
-15
-9
-7
-10
-6
-5
-4
-4
-8
-7
-3
-3
-1
1
0
4
4
2
9
8
6
6
5
10
8
7
13
12
10
12
14
14
13
13
13
13
13
13
8
9
12
7
7
10
4
7
7
6
4
1
3
-1
-3
0
-6
-9
-8
-9
-9
-13
-11
-7
-11
-14
-13
-16
-15
-12
-22
-22
-12
-15
-20
-19
-17
-20
-18
-15
-20
-19
-16
-16
-15
-14
-16
-15
-13
-12
-14
-13
-10
-10
-12
-10
-5
-9
-7
-8
-5
-4
-4
1
6
0
5
7
7
12
8
10
11
13
17
12
13
18
16
17
22
22
19
21
23
20
22
19
22
24
19
22
27
22
16
16
21
18
11
15
11
9
14
10
5
6
9
7
2
2
4
0
0
-1
-3
-3
-5
-8
-8
-10
-10
-8
-7
-5
-4
-5
-4
-3
-3
-4
-6
-6
-5
-4
0
0
-4
-1
-4
-6
-6
-8
-6
-7
-8
-11
-12
-6
-9
-16
-8
-6
-10
-9
-6
-9
-9
-6
-7
-10
-8
-4
-7
-9
-4
-6
-9
-3
-4
-6
-3
-1
-4
-3
6
2
0
1
5
6
3
3
2
3
4
4
2
4
3
1
3
2
1
2
0
2
0
1
4
1
3
2
3
1
0
0
-4
1
-2
-8
-4
-4
-6
-4
-3
-6
-10
-5
-2
-8
-4
1
-6
-3
3
-4
-3
0
-1
-1
-3
0
-4
-3
-2
-3
-4
-4
1
1
-1
-3
1
2
1
5
-1
0
7
2
3
8
5
6
8
6
7
6
4
5
5
6
3
4
7
10
9
7
10
12
13
13
8
12
11
11
13
7
9
14
13
9
14
17
12
11
11
9
8
5
5
6
8
4
1
6
6
3
0
3
3
1
-1
-1
-5
-4
-1
-3
-4
-5
-6
-8
-7
-8
-11
-12
-11
-14
-14
-13
-14
-16
-14
-10
-10
-14
-14
-14
-15
-11
-15
-21
-18
-19
-17
-14
-16
-10
-8
-8
-5
-8
-10
-6
-6
-6
-4
-4
-7
-5
-2
-6
-3
-2
-4
-2
0
0
-1
2
1
0
0
1
1
-1
3
5
4
7
7
5
10
6
4
7
8
9
10
11
9
12
15
13
16
16
14
11
13
13
11
11
10
8
7
9
10
5
5
6
3
0
-1
-2
-4
-4
-3
-7
-9
-5
-6
-7
-7
-7
-12
-13
-8
-9
-12
-10
-9
-8
-4
-5
-6
-5
-2
-2
-5
-4
-2
-3
-2
0
-2
1
2
0
4
8
7
8
10
11
9
8
7
7
8
12
11
5
6
11
13
11
12
13
12
13
13
11
11
13
14
15
12
11
12
12
11
9
7
7
6
5
4
0
2
1
-3
-3
-1
-5
-6
-3
-10
-13
-7
-13
-15
-12
-16
-17
-12
-18
-20
-16
-17
-20
-23
-19
-20
-22
-21
-22
-24
-26
-22
-23
-24
-24
-22
-21
-23
-20
-20
-19
-16
-15
-13
-15
-12
-12
-9
-6
-8
-9
-4
-3
-4
-1
2
1
2
6
8
9
8
6
11
13
12
19
21
24
26
25
28
26
24
26
25
24
23
25
28
25
23
26
24
19
21
19
18
18
15
12
15
11
10
9
8
10
7
6
7
2
3
6
2
-5
0
2
-6
-5
-2
-4
-7
-6
-5
-8
-13
-11
-11
-16
-14
-12
-17
-14
-10
-15
-16
-14
-17
-16
-15
-18
-17
-15
-15
-11
-10
-10
-10
-6
-6
-9
-8
-6
-5
-6
-2
-1
-2
4
5
3
8
8
10
10
9
12
11
10
13
16
15
14
17
19
18
16
17
14
15
14
12
10
8
9
9
6
5
5
-1
-2
-2
-6
-4
-6
-9
-6
-9
-14
-12
-11
-15
-16
-16
-18
-18
-20
-22
-19
-20
-22
-22
-22
-19
-21
-24
-21
-18
-19
-17
-19
-17
-13
-16
-14
-13
-17
-15
-13
-14
-16
-16
-10
-9
-10
-5
-1
-1
1
3
1
4
7
8
8
10
9
15
18
18
21
20
21
24
25
23
24
25
24
27
28
28
29
28
29
30
33
35
33
32
30
31
30
25
25
28
23
19
22
20
15
14
14
8
7
6
2
1
-1
-3
-1
-3
-1
-2
-4
-2
-5
-10
-9
-8
-11
-15
-16
-14
-18
-18
-20
-19
-21
-23
-24
-24
-27
-29
-25
-27
-30
-28
-27
-29
-26
-23
-21
-18
-20
-21
-19
-17
-15
-12
-15
-16
-12
-11
-11
-9
-6
-7
-9
-5
-3
-5
-5
-2
-3
-3
0
-1
-2
-1
3
3
5
7
7
5
9
9
7
10
11
9
10
15
11
12
11
11
12
13
12
13
13
14
11
9
10
9
8
10
8
5
6
5
5
7
4
4
2
2
2
-1
-3
-2
-1
-2
0
1
0
-1
0
-2
-9
-7
-7
-7
-8
-12
-12
-7
-5
-7
-8
-4
-3
-5
-5
-4
-7
-9
-9
-5
-4
-5
-2
2
3
2
3
2
4
5
4
5
8
10
13
16
15
16
19
22
24
24
23
24
24
24
20
24
28
22
22
23
23
20
23
19
17
14
12
8
4
4
1
1
-5
-1
2
-4
-7
-4
-6
-12
-11
-12
-19
-17
-19
-21
-19
-18
-20
-23
-23
-23
-23
-24
-24
-24
-25
-24
-24
-26
-26
-26
-25
-25
-23
-24
-23
-23
-25
-22
-23
-23
-22
-20
-20
-19
-14
-12
-14
-16
-11
-9
-11
-7
-5
-8
-6
-4
-3
-1
-1
1
6
7
9
10
9
14
16
15
18
19
20
21
21
22
24
27
27
30
29
27
27
26
28
27
25
23
23
24
22
22
22
21
18
19
16
15
13
13
11
11
6
4
5
4
2
-1
1
-2
-3
-5
-8
-11
-10
-11
-13
-14
-13
-13
-13
-11
-12
-13
-12
-11
-13
-16
-13
-12
-15
-14
-11
-13
-11
-10
-10
-9
-8
-9
-7
-4
-5
-4
-3
-2
-2
0
4
6
4
3
6
4
3
4
2
4
10
9
6
11
14
15
16
14
12
14
15
13
11
13
13
13
10
11
10
8
8
7
5
3
2
0
-1
-2
-5
-6
-6
-5
-6
-7
-8
-12
-11
-13
-14
-15
-17
-17
-15
-16
-18
-19
-19
-18
-16
-18
-19
-18
-18
-22
-25
-24
-24
-25
-24
-21
-22
-22
-24
-22
-19
-16
-15
-15
-12
-9
-7
-7
-6
-3
-1
0
2
2
3
6
8
10
15
16
14
17
19
20
22
24
25
24
23
23
25
26
23
22
21
23
21
20
20
19
21
18
20
21
17
16
15
13
9
11
11
8
9
11
10
8
6
6
6
4
1
-1
0
-2
-3
1
1
0
-1
-1
-1
-3
-3
-5
-3
-3
-6
-8
-8
-6
-7
-9
-6
-7
-8
-6
-7
-8
-10
-7
-8
-7
-8
-8
-8
-7
-5
-8
-8
-5
-3
1
-1
-1
2
3
0
3
4
4
5
5
4
7
3
1
2
3
1
-1
-1
-1
2
1
0
-1
0
1
-3
-6
-7
-9
-11
-10
-9
-11
-12
-13
-11
-13
-14
-12
-14
-14
-11
-15
-14
-13
-12
-12
-12
-9
-12
-13
-11
-11
-13
-13
-14
-13
-12
-13
-11
-10
-10
-12
-12
-12
-11
-10
-10
-8
-5
-4
-3
-3
0
2
5
8
8
8
9
8
7
7
8
9
9
10
12
13
15
18
19
17
17
18
20
20
19
23
24
26
27
26
27
27
26
25
25
20
18
20
20
16
19
20
19
18
17
16
13
10
7
7
7
6
4
6
7
6
6
4
6
3
1
1
-1
-5
-7
-5
-6
-7
-9
-10
-10
-10
-11
-13
-14
-15
-15
-18
-18
-16
-17
-16
-13
-11
-12
-13
-12
-18
-18
-17
-21
-22
-20
-19
-20
-21
-17
-15
-16
-15
-14
-14
-16
-16
-13
-12
-10
-8
-8
-3
-2
-4
-2
1
0
-1
-2
-1
2
4
5
5
6
8
8
8
8
6
3
3
4
0
1
0
0
0
-2
2
1
0
0
-4
-3
-1
-3
-3
-3
-2
0
-2
-3
-1
-3
-4
-5
-7
-8
-5
-7
-6
-5
-4
-2
0
0
0
3
2
2
1
1
3
4
6
8
9
7
11
15
14
15
13
15
14
13
12
14
12
13
16
15
15
15
15
15
12
9
9
7
4
8
10
7
7
7
7
6
6
5
3
3
2
4
2
1
2
1
0
0
0
0
0
1
1
1
1
0
1
2
3
4
4
4
5
5
3
3
2
3
3
2
-1
-2
1
0
-2
-3
-4
-3
-4
-6
-8
-9
-7
-9
-9
-9
-7
-8
-9
-9
-9
-8
-11
-11
-10
-13
-15
-13
-15
-16
-14
-14
-16
-16
-15
-14
-16
-18
-14
-11
-11
-11
-14
-15
-11
-11
-12
-11
-9
-7
-8
-8
-8
-8
-8
-6
-7
-9
-7
-6
-6
-7
-5
-5
-3
1
-2
1
3
4
3
2
4
6
5
4
6
7
10
12
9
11
12
10
10
11
9
7
9
10
10
10
9
10
11
8
7
9
8
7
9
6
6
11
11
10
12
16
15
15
16
17
17
17
13
12
13
10
8
10
10
9
9
7
6
3
2
2
0
0
1
-1
1
2
1
2
1
2
1
3
3
0
1
1
4
5
3
3
5
3
4
3
0
0
0
-3
-3
-4
0
1
1
4
4
2
2
2
-2
-6
-5
-7
-10
-10
-8
-8
-9
-8
-7
-9
-11
-14
-14
-14
-15
-16
-16
-15
-14
-15
-13
-15
-15
-14
-18
-16
-15
-15
-14
-14
-12
-11
-11
-12
-10
-9
-6
-7
-9
-7
-6
-6
-7
-5
-4
-4
-3
-2
-2
-4
-7
-6
-7
-11
-10
-7
-8
-4
-1
-3
-1
4
3
4
4
3
4
4
4
6
6
6
8
9
11
11
12
12
11
11
10
12
10
10
9
9
11
11
12
11
11
10
11
11
8
8
11
9
9
8
8
7
7
5
4
3
4
3
6
6
7
8
8
11
9
7
9
9
8
7
9
7
4
4
7
7
3
2
6
4
3
3
2
1
1
1
2
1
2
2
2
3
2
0
-2
-3
-6
-5
-5
-5
-6
-5
-2
-4
-6
-3
-3
-4
-4
-6
-8
-7
-6
-6
-5
-7
-5
-3
-1
-1
-3
-2
-1
-3
-1
0
-1
-1
0
2
1
1
2
-1
-2
-3
-5
-5
-4
-4
-5
-7
-6
-6
-7
-6
-6
-6
-6
-6
-8
-10
-10
-9
-7
-11
-13
-11
-9
-12
-13
-11
-13
-12
-15
-15
-15
-17
-16
-15
-13
-12
-13
-12
-12
-10
-10
-12
-11
-12
-10
-9
-7
-6
-3
-1
1
1
0
0
1
1
1
3
7
5
8
8
8
9
9
8
8
7
9
9
8
12
15
16
16
16
17
18
19
18
18
18
19
19
18
18
18
18
18
19
18
17
14
15
14
15
14
16
14
16
19
18
18
18
16
15
16
13
12
14
14
13
11
13
11
9
8
8
6
1
-2
-5
-6
-7
-9
-10
-8
-6
-7
-7
-9
-8
-10
-13
-11
-11
-15
-16
-14
-13
-13
-15
-14
-14
-12
-12
-13
-15
-14
-14
-13
-14
-14
-13
-14
-15
-15
-18
-20
-19
-19
-21
-19
-18
-18
-18
-14
-12
-11
-9
-11
-11
-9
-9
-10
-9
-8
-10
-10
-7
-8
-7
-4
-5
-5
-5
-3
-4
-6
-5
-5
-4
-4
-2
-2
-2
-2
-3
-4
-3
-3
-2
2
1
0
3
3
0
3
6
4
7
8
7
6
6
7
8
8
10
9
9
9
10
10
11
12
12
14
13
13
13
15
15
15
17
14
12
14
14
12
14
15
14
12
15
15
13
14
11
11
10
11
13
14
12
12
13
13
15
13
10
9
10
8
7
7
8
5
6
8
7
8
10
10
10
9
7
7
5
4
2
2
-1
-2
-1
-1
-2
-4
-6
-7
-7
-9
-8
-11
-13
-11
-11
-13
-14
-15
-14
-12
-17
-17
-16
-17
-17
-18
-19
-22
-22
-23
-22
-22
-23
-21
-21
-21
-21
-22
-22
-22
-22
-21
-19
-18
-19
-18
-16
-14
-12
-12
-13
-9
-8
-6
-4
-4
-4
2
3
3
5
6
5
6
7
6
6
6
6
6
7
9
11
10
12
12
11
13
15
16
14
13
14
15
13
13
15
12
12
10
10
9
6
4
6
5
3
1
3
3
3
-1
0
0
-2
-2
-2
-2
-5
-3
-2
-6
-4
-6
-7
-8
-10
-8
-8
-7
-5
-3
-1
0
1
3
3
4
4
3
2
1
3
6
8
10
11
14
13
16
15
13
12
13
13
12
14
13
14
16
18
18
18
18
18
18
16
16
14
13
12
10
11
12
12
12
12
8
8
7
2
2
0
-4
-3
-5
-8
-8
-8
-6
-7
-9
-9
-11
-12
-12
-13
-16
-18
-17
-20
-20
-18
-19
-21
-22
-22
-22
-23
-24
-23
-23
-22
-22
-21
-21
-20
-19
-18
-20
-18
-18
-21
-20
-18
-20
-18
-16
-13
-12
-8
-6
-8
-5
-4
-3
-1
-1
-1
0
1
2
3
5
5
7
7
8
8
10
10
10
13
15
14
14
16
15
17
17
15
17
16
15
13
15
13
12
10
8
9
7
5
4
5
5
4
3
3
2
1
0
-1
-1
-2
-1
-2
-3
-4
-3
-2
-2
-2
-1
1
2
1
1
1
-2
0
1
3
3
3
5
6
6
5
5
5
7
7
6
6
7
8
8
10
10
12
12
13
13
14
16
15
15
16
14
13
12
15
14
8
11
10
8
7
7
5
2
2
3
2
0
2
2
-1
-1
-3
-5
-8
-8
-9
-11
-11
-12
-12
-12
-14
-13
-16
-18
-18
-17
-18
-18
-19
-19
-16
-16
-16
-15
-16
-14
-13
-14
-14
-15
-15
-15
-15
-14
-14
-13
-13
-12
-11
-12
-11
-10
-12
-11
-9
-8
-10
-11
-8
-7
-9
-6
-3
-5
-4
-5
-5
-5
-5
-3
-3
-2
2
3
6
5
7
8
7
6
8
9
6
9
12
11
12
15
15
13
12
13
12
10
9
8
7
6
6
9
11
10
12
12
8
9
7
5
4
4
3
2
2
5
4
5
6
5
4
4
4
5
4
5
9
10
9
9
9
9
7
7
9
6
7
8
8
9
10
9
8
10
7
8
7
6
6
6
4
3
3
3
2
2
1
-1
0
-1
-3
-4
-5
-4
-5
-6
-5
-4
-5
-4
-2
-2
-5
-5
-3
-3
-4
-4
-3
-4
-6
-5
-5
-6
-4
-4
-8
-7
-5
-7
-8
-8
-8
-9
-8
-6
-8
-8
-6
-5
-4
-6
-6
-6
-7
-9
-10
-10
-8
-8
-7
-5
-5
-4
-4
-7
-7
-8
-9
-8
-8
-9
-10
-8
-9
-11
-12
-12
-13
-14
-12
-14
-12
-11
-11
-7
-6
-7
-7
-3
-2
-4
0
-1
0
0
0
0
0
1
1
2
3
3
4
6
7
6
4
4
6
7
8
9
10
11
12
10
12
11
13
12
11
14
12
12
15
15
13
11
12
11
10
11
11
10
10
11
10
9
9
9
7
5
7
7
7
8
10
11
12
13
14
14
12
13
12
10
11
10
8
7
9
6
5
4
3
3
2
2
2
1
1
-1
1
2
2
2
3
3
1
1
1
-2
-5
-6
-6
-7
-9
-9
-11
-13
-13
-12
-15
-16
-16
-14
-14
-14
-14
-15
-16
-16
-16
-16
-14
-14
-15
-14
-14
-13
-14
-13
-11
-9
-10
-10
-10
-9
-9
-9
-9
-9
-10
-10
-8
-9
-10
-8
-10
-10
-9
-10
-8
-7
-6
-5
-4
-5
-7
-7
-8
-6
-6
-4
-4
-5
-2
-2
-1
-1
2
0
0
0
3
3
3
5
8
7
7
7
8
7
7
7
6
8
9
10
12
12
11
12
12
14
14
14
15
13
13
13
15
13
17
18
16
18
18
16
15
14
13
14
14
14
15
14
14
12
11
8
7
8
8
7
6
7
6
4
4
4
3
2
2
1
2
0
-4
-1
-3
-3
-3
-2
-3
-3
-4
-4
-4
-6
-5
-5
-3
-5
-6
-5
-7
-8
-9
-7
-8
-7
-8
-8
-9
-10
-9
-8
-7
-8
-9
-10
-11
-10
-8
-9
-8
-9
-10
-9
-11
-12
-10
-11
-10
-13
-10
-8
-10
-8
-6
-5
-7
-8
-6
-7
-8
-8
-8
-6
-6
-6
-3
-4
-2
-2
-3
-3
-5
-5
-4
-6
-3
-3
-3
-1
-1
-2
-2
-2
0
-1
-1
0
2
2
3
4
7
7
5
7
8
7
7
8
6
8
9
7
7
9
8
9
6
5
4
5
6
4
4
4
3
3
2
0
-2
-1
-1
-1
2
1
1
4
3
1
2
0
-1
-1
2
2
3
3
5
5
4
5
5
4
3
3
5
4
5
6
7
7
10
12
13
12
10
10
10
8
7
6
8
6
6
7
7
6
4
5
6
2
1
3
3
2
2
1
1
1
2
3
2
1
0
1
2
-1
-2
-5
-5
-6
-9
-8
-8
-7
-9
-8
-8
-9
-9
-11
-11
-9
-11
-11
-10
-11
-11
-10
-8
-10
-10
-9
-9
-9
-9
-9
-9
-8
-6
-6
-5
-5
-4
-2
-2
-6
-6
-7
-8
-9
-11
-9
-7
-9
-9
-7
-8
-7
-7
-7
-7
-6
-7
-9
-7
-6
-5
-4
-3
-1
1
0
-2
0
2
1
0
2
4
3
6
5
7
10
9
9
8
5
3
6
6
5
5
8
9
8
7
8
7
6
7
6
6
8
8
7
8
10
10
9
9
9
7
9
8
7
8
7
7
7
7
8
7
7
8
9
8
8
8
7
7
7
7
9
9
8
7
7
7
7
7
7
6
5
4
1
1
1
1
2
-1
-1
0
-2
-5
-6
-7
-6
-7
-8
-7
-7
-8
-6
-7
-7
-7
-9
-9
-9
-14
-14
-14
-13
-13
-12
-12
-10
-9
-7
-7
-8
-11
-11
-10
-12
-9
-11
-8
-5
-3
-5
-3
-3
-6
-3
-1
-2
-3
-3
-2
-3
-1
0
2
2
1
0
-1
-2
-3
-1
-1
2
1
2
3
2
2
1
0
2
-1
-2
-2
-4
-2
-3
-3
0
-2
-3
-2
-3
-3
-4
-3
-2
-3
-4
-1
-1
-1
1
0
2
1
1
2
2
2
3
5
5
6
6
6
6
7
5
8
8
8
8
8
10
7
6
6
4
4
4
2
3
5
5
4
4
6
2
0
2
2
2
3
3
3
5
6
9
10
11
10
9
10
10
10
11
11
11
14
11
12
13
12
11
9
6
5
3
2
2
1
0
-1
-2
-3
-2
-3
-5
-4
-6
-7
-7
-6
-7
-9
-9
-8
-10
-11
-11
-11
-14
-13
-12
-13
-12
-11
-10
-9
-7
-9
-9
-8
-7
-9
-9
-7
-7
-4
-6
-4
-5
-4
-5
-6
-7
-7
-8
-8
-6
-8
-6
-4
-5
-5
-6
-6
-7
-7
-8
-6
-6
-6
-7
-7
-4
-7
-8
-8
-6
-5
-6
-5
-3
-2
-2
-1
0
1
1
1
2
2
4
5
6
8
9
9
11
15
16
16
15
13
14
15
14
15
13
15
15
14
14
13
11
10
9
8
7
5
5
7
8
8
7
5
5
4
5
3
4
0
2
1
-1
1
0
1
1
-1
-2
-3
-4
-4
-6
-6
-5
-4
-3
-4
-1
0
-1
-2
-1
-2
-1
-1
0
-2
-3
-1
-2
-2
-3
-3
-3
-1
-1
0
0
0
1
2
0
1
4
5
5
4
6
4
3
1
1
-2
-3
-2
-3
-2
-2
-3
-3
-3
-4
-5
-5
-6
-6
-5
-8
-8
-7
-8
-7
-8
-7
-5
-4
-6
-4
-7
-7
-7
-8
-6
-5
-4
-3
-1
0
1
0
1
-1
0
-1
-2
-3
-5
-3
-3
-1
-5
-5
-7
-7
-6
-8
-9
-10
-7
-8
-9
-8
-9
-5
-4
-4
-5
-4
-2
-3
-2
-1
0
3
5
5
8
9
7
8
10
8
8
8
7
5
5
6
7
7
6
8
7
7
7
6
8
8
6
8
9
7
8
10
9
9
10
8
10
9
9
10
8
8
8
6
5
6
5
6
6
6
6
6
6
6
4
2
1
1
2
0
0
1
3
2
2
3
4
3
3
2
0
0
-1
-6
-6
-4
-5
-6
-6
-5
-5
-5
-4
-4
-4
-3
-5
-7
-7
-9
-10
-10
-11
-12
-12
-11
-11
-12
-12
-11
-11
-13
-12
-12
-13
-12
-11
-10
-9
-8
-7
-8
-6
-8
-6
-6
-8
-7
-6
-6
-3
-4
-2
-2
-2
-1
0
-1
-1
0
-2
1
1
0
2
2
3
4
5
6
6
6
4
6
6
4
5
4
4
4
6
7
7
5
4
4
1
1
2
2
1
2
3
3
2
3
1
1
1
1
1
0
1
1
2
3
4
4
2
3
4
4
6
6
6
6
8
10
10
9
9
7
5
6
7
7
4
4
5
4
5
4
4
5
4
5
5
5
6
7
4
6
6
6
7
6
5
4
5
4
4
4
4
4
4
3
3
1
-1
-1
1
-1
-3
-4
-5
-4
-7
-5
-6
-6
-7
-8
-8
-7
-8
-10
-8
-8
-9
-9
-8
-9
-9
-9
-10
-13
-14
-12
-11
-11
-12
-12
-10
-10
-11
-11
-10
-11
-9
-10
-11
-11
-10
-9
-9
-9
-11
-11
-13
-12
-10
-8
-7
-7
-5
-3
-3
-4
-3
-3
-3
-1
0
2
3
6
6
8
10
12
12
11
13
11
11
11
12
12
13
13
13
13
14
14
14
13
13
10
12
12
11
11
10
11
11
8
9
10
9
8
8
8
4
4
4
2
-1
-1
-1
-2
-2
-4
-6
-5
-6
-7
-6
-4
-5
-5
-5
-3
-4
-4
-3
-3
-4
-3
0
-1
-2
0
0
-1
-3
-4
-3
-2
-1
-2
0
1
-1
-3
-2
0
0
0
1
1
4
4
7
6
8
9
10
9
10
11
8
6
6
6
5
5
4
6
5
6
6
3
3
2
-1
-3
-3
-3
-4
-4
-3
-4
-4
-5
-7
-7
-9
-9
-9
-11
-11
-11
-10
-10
-12
-13
-14
-13
-12
-13
-14
-13
-13
-13
-12
-14
-14
-14
-13
-13
-13
-10
-9
-9
-10
-9
-8
-7
-5
-5
-7
-7
-5
-5
-3
-2
-1
0
1
1
1
3
5
4
3
5
5
6
6
6
7
9
9
11
10
10
9
9
11
8
10
11
10
11
10
10
10
10
10
11
9
10
10
10
11
11
12
13
12
10
9
10
7
8
8
8
9
9
10
10
8
9
8
6
6
4
4
4
4
6
5
4
5
2
2
2
1
-1
-4
-3
-2
-3
-4
-2
-3
-4
-5
-6
-6
-6
-5
-6
-6
-5
-4
-4
-5
-7
-6
-6
-5
-5
-5
-5
-5
-6
-5
-5
-3
-1
0
0
0
0
-1
-1
-1
1
-1
-3
-2
-2
-4
-6
-5
-5
-7
-9
-10
-10
-11
-12
-10
-10
-10
-13
-12
-13
-13
-11
-13
-11
-12
-11
-11
-12
-10
-10
-11
-12
-11
-12
-12
-11
-10
-9
-8
-6
-5
-7
-3
-2
-2
-2
0
-2
-1
2
3
5
8
6
7
8
8
8
7
7
9
10
11
12
14
12
13
13
13
13
13
13
11
13
14
13
15
13
11
13
13
13
12
11
12
10
8
7
6
5
7
7
7
7
5
6
5
6
5
5
5
5
5
5
5
4
5
6
7
8
8
8
8
8
8
6
2
2
2
1
-1
-2
0
0
0
-1
-2
-3
-5
-7
-6
-4
-6
-7
-7
-6
-8
-9
-8
-9
-9
-9
-10
-10
-9
-11
-10
-11
-10
-9
-9
-8
-8
-7
-10
-8
-11
-9
-10
-9
-7
-6
-4
-7
-5
-5
-5
-6
-6
-3
-4
-3
-4
-3
-3
-4
-5
-5
-5
-8
-9
-8
-7
-8
-7
-6
-7
-9
-8
-9
-9
-9
-9
-10
-10
-8
-6
-6
-5
-5
-4
-3
-4
-4
-4
-3
-3
-2
-1
0
0
0
1
1
2
1
1
2
1
2
4
7
9
10
13
15
16
16
17
17
16
15
15
16
15
16
18
18
17
18
16
13
12
11
9
10
8
7
8
7
8
9
8
8
8
5
6
4
5
6
7
7
8
9
10
10
9
10
11
9
8
8
7
6
5
6
5
2
2
3
1
2
1
0
-1
-2
-5
-4
-5
-6
-6
-6
-7
-9
-9
-9
-9
-9
-10
-10
-9
-12
-12
-12
-14
-15
-14
-12
-14
-14
-13
-14
-15
-15
-14
-14
-14
-12
-11
-9
-9
-8
-7
-5
-8
-10
-10
-11
-12
-12
-11
-9
-8
-7
-9
-7
-6
-7
-7
-6
-5
-6
-5
-6
-5
-4
-4
-2
-2
0
0
1
1
2
1
1
0
1
1
1
3
3
3
3
2
2
0
3
4
2
2
3
5
4
5
5
6
7
6
8
7
7
7
7
9
6
6
6
7
6
9
8
9
10
8
9
7
7
8
8
7
8
8
9
8
8
7
8
9
8
9
11
9
11
10
9
6
7
9
9
9
8
9
8
6
6
7
7
7
8
10
10
8
10
9
7
4
4
4
3
2
3
4
4
4
3
1
1
-2
-2
-4
-4
-7
-8
-7
-9
-7
-6
-6
-9
-6
-7
-9
-8
-11
-10
-11
-13
-14
-13
-13
-11
-14
-14
-15
-18
-17
-19
-19
-19
-19
-18
-17
-19
-18
-17
-16
-15
-13
-13
-11
-10
-10
-7
-6
-6
-7
-4
-4
-3
-1
0
0
2
2
3
3
3
4
4
4
5
6
6
5
4
5
5
5
4
4
4
4
1
3
1
3
4
2
2
0
-1
-2
-3
-4
-5
-5
-4
-2
-4
-2
-4
-4
-3
-3
-3
-1
-2
-2
-2
-1
2
4
6
7
11
11
14
13
14
15
14
13
14
14
15
15
15
17
18
18
15
17
17
15
17
16
16
14
15
15
14
12
11
10
8
7
6
4
5
4
3
4
5
6
6
7
5
4
3
2
2
3
1
1
0
1
0
0
-2
-1
-1
-1
-1
-3
-2
-2
-4
-8
-6
-9
-8
-9
-8
-9
-10
-11
-12
-13
-13
-13
-12
-13
-13
-16
-18
-20
-19
-20
-21
-22
-21
-20
-22
-23
-21
-22
-24
-20
-19
-18
-17
-14
-12
-13
-11
-10
-8
-8
-7
-9
-6
-6
-6
-3
-3
-1
0
0
2
1
2
4
3
4
6
7
8
10
12
12
11
12
11
11
10
7
7
6
4
3
2
2
3
3
2
3
2
3
3
3
3
3
2
4
4
4
4
5
4
5
5
5
5
4
6
5
5
6
7
7
9
10
11
12
13
12
11
11
12
12
10
13
13
13
13
13
12
12
10
10
9
8
8
8
6
4
6
5
6
6
6
6
6
5
3
2
1
0
0
1
1
2
1
2
1
1
1
1
2
2
2
3
3
1
4
3
1
2
-1
-5
-5
-7
-8
-10
-9
-9
-10
-11
-11
-11
-13
-15
-14
-16
-17
-17
-19
-18
-19
-20
-19
-17
-18
-18
-16
-17
-15
-13
-11
-12
-10
-8
-7
-8
-9
-8
-9
-10
-7
-7
-7
-7
-6
-5
-3
-3
-3
-1
0
-1
-2
-3
-3
-3
-5
-3
0
-1
2
0
1
0
0
0
2
2
2
3
4
5
4
4
4
5
3
1
2
5
5
5
4
4
5
5
4
4
3
2
2
2
2
1
1
2
2
2
5
6
5
6
9
7
7
10
10
10
11
12
14
14
14
15
15
15
15
14
15
16
15
16
15
14
12
11
13
14
14
12
13
11
10
9
9
9
7
7
7
6
4
6
5
3
2
0
-1
-2
-1
-1
-2
0
-1
-1
-1
-3
-3
-4
-4
-4
-6
-7
-6
-7
-5
-6
-5
-5
-6
-7
-8
-8
-9
-8
-9
-12
-14
-14
-15
-15
-16
-14
-15
-17
-17
-19
-18
-18
-17
-20
-18
-13
-14
-14
-11
-9
-10
-10
-8
-8
-9
-6
-4
-5
-6
-4
-5
-5
-5
-6
-7
-6
-6
-5
-3
-5
-5
-6
-4
-6
-5
-3
-3
-1
-2
-3
-2
-1
-1
1
0
1
0
1
3
2
4
1
1
2
2
2
4
6
5
4
7
6
6
7
7
8
6
4
3
4
4
3
6
6
6
6
7
7
7
8
9
11
12
12
13
13
13
13
15
15
15
17
18
17
17
18
17
18
17
16
16
15
15
16
15
15
15
13
13
12
9
9
9
9
9
8
8
8
7
10
10
8
6
6
6
3
1
1
2
0
-2
-4
-6
-8
-8
-9
-9
-8
-9
-9
-9
-11
-12
-12
-14
-13
-16
-16
-16
-17
-17
-17
-16
-16
-16
-17
-18
-18
-19
-20
-20
-22
-23
-22
-24
-21
-21
-20
-20
-19
-17
-16
-17
-18
-16
-15
-14
-12
-12
-9
-8
-8
-5
-5
-5
-1
-1
1
0
0
1
1
2
2
1
1
1
0
0
1
1
1
2
3
4
7
8
6
7
7
5
5
5
6
9
9
7
10
9
9
9
6
5
7
6
7
8
8
9
10
11
11
10
11
10
11
11
12
11
9
11
10
7
8
9
10
9
9
9
9
8
8
10
9
10
10
11
10
10
8
8
7
8
8
6
6
7
4
4
6
5
6
9
12
11
12
12
10
9
8
8
8
7
6
7
5
4
4
3
2
3
2
3
1
0
-1
-4
-6
-7
-8
-8
-7
-7
-7
-8
-11
-13
-15
-15
-18
-18
-18
-18
-18
-18
-19
-21
-20
-23
-22
-23
-22
-22
-23
-19
-20
-18
-15
-14
-12
-11
-10
-12
-12
-11
-12
-13
-13
-13
-12
-10
-9
-8
-6
-7
-8
-11
-11
-10
-11
-11
-8
-8
-5
-4
-3
-1
-1
1
1
2
2
4
6
6
7
9
12
12
12
14
16
17
17
16
17
15
13
15
14
13
14
14
13
12
12
12
14
13
13
12
11
11
10
9
8
6
7
6
6
5
5
6
3
3
2
1
2
3
2
2
2
1
