1
2
1
2
3
4
3
5
5
5
7
7
8
9
8
7
8
7
8
7
7
8
8
9
10
10
10
9
10
8
8
9
9
9
9
9
8
9
10
10
9
9
9
8
8
8
7
5
7
7
5
3
3
3
1
1
1
1
2
-1
0
-2
-2
-2
-3
-4
-4
-2
-3
-4
-4
-4
-6
-5
-4
-3
-4
-5
-6
-7
-10
-12
-12
-11
-10
-10
-11
-8
-8
-10
-12
-13
-13
-11
-11
-11
-10
-9
-9
-9
-8
-9
-9
-9
-7
-4
-6
-7
-5
-4
-3
-3
-3
-2
-1
0
-1
-3
-3
-3
-5
-6
-6
-5
-3
-2
-1
-1
1
0
-1
1
-1
-2
0
2
3
4
4
6
6
4
6
6
6
5
4
4
4
3
2
3
5
4
4
5
6
6
4
5
5
3
1
1
1
3
3
4
6
5
6
6
5
4
4
3
5
6
6
5
6
9
9
8
8
10
8
8
9
9
8
8
7
7
8
7
7
5
5
4
4
1
0
-2
-1
1
0
0
1
1
-2
-1
-1
0
-1
-1
-1
-2
-1
-2
-4
-3
-3
-3
-3
-4
-5
-4
-4
-6
-4
-5
-6
-6
-6
-6
-7
-8
-7
-7
-6
-6
-3
-3
-3
-3
-3
-4
-3
-2
-4
-3
-2
-1
-3
-3
-4
-6
-5
-4
-3
-3
-4
-5
-5
-6
-7
-6
-7
-4
-5
-6
-5
-4
-4
-2
0
-2
-3
-2
-3
-2
-1
-2
-1
-1
2
-1
0
0
-2
-2
0
1
-1
-1
0
1
1
0
-2
-1
1
2
2
0
0
-1
0
0
-1
0
1
0
2
2
1
2
1
3
4
5
4
4
7
7
7
8
9
10
10
10
9
6
4
5
3
2
2
3
3
2
1
2
4
5
3
3
1
2
1
1
1
2
2
5
7
6
6
7
7
7
5
5
6
6
5
5
4
5
4
5
5
3
3
3
4
1
1
1
1
1
0
0
-2
-4
-4
-2
-5
-5
-5
-4
-3
-4
-4
-5
-5
-5
-5
-5
-7
-6
-6
-6
-7
-7
-6
-5
-3
-4
-3
-1
-1
-2
-1
-3
-1
0
-3
-2
-3
-4
-4
-6
-3
-5
-4
-3
-6
-6
-6
-6
-5
-7
-8
-7
-8
-6
-6
-4
-3
-4
-3
-3
-6
-6
-3
-3
-3
-4
-4
-5
-5
-5
-6
-5
-4
-4
-3
-1
-3
-1
0
1
1
0
1
1
1
3
3
2
2
3
2
2
2
1
1
2
2
3
1
0
3
5
7
6
6
8
6
7
5
5
6
4
4
6
5
6
7
6
6
6
8
8
6
8
6
7
7
7
7
8
6
5
7
7
6
7
8
8
8
6
7
6
4
3
3
4
6
7
7
7
6
6
7
8
7
7
7
8
6
5
3
2
1
0
0
-3
-3
-3
-4
-4
-5
-5
-5
-6
-6
-6
-6
-4
-6
-8
-9
-7
-8
-9
-11
-11
-11
-11
-10
-10
-11
-9
-9
-9
-8
-10
-10
-10
-10
-13
-14
-14
-14
-13
-13
-13
-12
-8
-9
-9
-9
-7
-10
-10
-9
-8
-9
-10
-8
-7
-6
-5
-5
-3
-2
-2
1
1
2
3
2
2
3
3
6
5
5
6
5
6
7
7
6
6
7
6
8
9
9
7
8
9
5
4
5
3
2
1
3
4
5
5
5
9
8
6
4
4
3
4
5
4
6
8
9
9
10
9
8
9
10
11
10
11
10
13
13
9
9
8
7
8
8
6
6
4
4
5
4
2
1
0
-1
-3
-4
-3
-5
-4
-2
-3
-3
-2
-1
-1
-2
-1
0
-2
0
0
-1
-1
-1
0
-1
-1
-1
0
-1
0
-3
-2
-3
-4
-3
-3
-5
-6
-6
-7
-6
-6
-5
-7
-7
-8
-9
-9
-9
-8
-8
-8
-6
-6
-6
-7
-5
-4
-5
-6
-6
-3
-7
-8
-7
-7
-6
-7
-8
-8
-9
-10
-8
-8
-9
-8
-8
-7
-5
-5
-4
-4
-3
-1
-2
-1
-1
-2
-1
-1
-2
-1
0
-1
-2
1
3
4
6
4
6
6
3
6
6
5
5
4
5
5
4
4
4
4
3
3
0
1
0
-1
-1
-1
0
0
1
1
4
2
3
4
3
3
5
7
10
9
11
12
12
11
9
10
9
10
10
11
11
11
11
11
10
10
9
8
8
7
4
7
7
5
6
7
4
3
3
0
0
2
0
-1
0
-2
-2
-2
-2
-2
-1
-2
0
-2
-1
-1
-2
-3
-1
-1
-1
-1
-1
-1
-2
-2
-4
-4
-6
-6
-6
-7
-6
-5
-4
-5
-5
-4
-6
-6
-6
-5
-5
-7
-6
-6
-4
-5
-4
-4
-7
-6
-7
-7
-9
-9
-10
-9
-9
-9
-8
-6
-7
-7
-6
-7
-6
-6
-6
-7
-6
-5
-5
-6
-6
-4
-4
-5
-3
-2
-3
-2
-5
-5
-4
-5
-3
-2
-2
-1
0
2
3
2
3
2
1
1
1
1
1
1
3
3
5
5
5
5
5
5
4
4
4
4
4
5
6
6
6
5
6
6
3
3
3
-2
1
1
2
0
2
4
4
7
6
5
4
6
6
5
7
6
6
9
9
8
9
10
10
8
8
8
7
6
6
8
9
8
8
9
11
9
7
8
7
6
4
6
6
6
5
6
6
5
4
2
5
5
3
4
4
3
1
1
0
1
0
-1
-1
-1
-2
-2
-2
-2
-4
-7
-7
-7
-7
-7
-8
-8
-9
-8
-8
-10
-10
-11
-10
-12
-14
-13
-14
-14
-15
-15
-16
-18
-17
-18
-18
-17
-18
-18
-19
-18
-16
-16
-16
-16
-12
-12
-10
-9
-8
-8
-8
-7
-7
-6
-4
-4
0
0
0
0
0
1
1
2
3
3
6
6
6
7
8
7
9
10
10
10
10
12
12
10
10
11
8
8
8
8
9
10
9
8
9
9
9
8
8
7
5
5
6
5
5
6
6
3
1
-1
-1
1
2
1
1
2
4
4
2
2
2
2
0
0
2
3
3
3
3
3
3
4
5
5
6
8
8
7
8
7
8
7
8
8
9
9
8
7
6
7
6
5
7
6
4
4
3
4
5
4
6
6
5
5
5
2
2
1
0
1
0
0
-1
-1
0
-2
-4
-5
-4
-5
-7
-6
-9
-10
-10
-10
-12
-13
-13
-13
-15
-16
-18
-17
-19
-18
-18
-18
-19
-17
-15
-18
-18
-18
-17
-19
-17
-17
-18
-15
-13
-13
-10
-9
-9
-7
-7
-5
-6
-4
-4
-4
-5
-7
-5
-4
-1
-2
-3
-1
-1
-3
-3
-1
-1
-2
-2
0
2
4
7
8
9
9
9
9
7
8
7
9
11
11
10
12
13
14
15
14
14
13
12
11
11
10
12
11
8
9
8
6
7
8
5
5
7
7
6
6
5
6
6
7
7
6
8
8
9
9
9
8
8
10
10
10
9
10
8
9
8
7
6
6
7
5
5
5
7
7
7
7
4
4
4
3
4
1
0
0
-1
-1
-2
-3
-4
-6
-7
-4
-5
-5
-4
-4
-5
-7
-9
-7
-8
-10
-10
-11
-11
-12
-12
-12
-13
-12
-12
-14
-12
-12
-10
-11
-11
-10
-9
-11
-12
-10
-9
-8
-8
-9
-9
-10
-10
-12
-13
-12
-10
-15
-15
-14
-14
-13
-13
-14
-14
-15
-13
-12
-12
-10
-7
-6
-7
-8
-7
-5
-6
-7
-10
-5
-3
-2
1
1
1
3
5
6
9
9
9
10
14
17
18
17
15
12
11
12
14
16
16
13
12
9
11
11
9
7
7
7
6
5
5
7
6
7
6
6
2
3
3
4
4
2
4
5
7
7
11
14
12
11
11
14
15
18
16
16
15
11
14
15
16
15
11
10
10
8
10
10
12
10
11
13
13
9
8
9
6
9
9
11
10
7
6
7
8
7
3
1
-1
-1
4
-1
-4
-5
-6
-4
-1
-1
0
-7
-7
-8
-6
-6
-13
-17
-20
-20
-16
-16
-15
-17
-24
-23
-22
-24
-24
-27
-30
-30
-26
-21
-17
-18
-23
-26
-26
-25
-22
-20
-20
-28
-35
-28
-19
-21
-18
-24
-29
-27
-27
-14
-4
-9
-24
-26
-17
-5
-2
1
-1
-11
-25
-18
23
32
16
-5
-13
-11
-11
8
23
7
-14
-9
10
32
18
12
15
4
3
8
26
29
14
8
20
32
32
23
19
11
3
8
15
28
25
8
7
13
21
26
25
23
14
11
14
20
22
19
11
8
11
15
16
15
8
4
4
4
6
9
4
-4
-4
-1
2
4
0
-1
-5
-4
3
8
12
8
2
3
4
9
10
11
11
10
14
17
20
18
15
17
18
19
22
22
18
15
12
12
10
10
12
6
4
5
7
8
3
-4
-8
-10
-11
-9
-6
-10
-18
-20
-20
-17
-16
-20
-17
-19
-25
-25
-24
-19
-23
-27
-26
-23
-25
-31
-32
-35
-36
-38
-37
-31
-33
-38
-37
-35
-34
-31
-31
-30
-33
-34
-30
-30
-28
-22
-22
-20
-20
-19
-14
-14
-14
-12
-10
-7
-4
2
3
2
-2
1
6
6
6
10
13
16
21
21
21
20
20
21
24
26
30
28
28
29
30
29
30
29
27
27
24
24
25
25
24
23
21
17
17
15
14
14
14
14
12
12
14
11
10
12
14
14
11
10
11
7
5
4
6
6
2
5
6
1
-1
-2
-3
-1
-4
-3
-2
-7
-5
-3
0
2
2
-1
2
0
-1
-4
-6
-4
-3
-3
-2
-1
-2
-1
0
0
0
-3
-2
-2
-2
4
4
6
7
6
6
6
4
3
-1
-4
-2
-3
-2
0
-1
-1
-3
-4
-3
-6
-5
-6
-10
-9
-9
-12
-12
-14
-14
-14
-14
-14
-15
-15
-16
-17
-19
-19
-21
-20
-18
-20
-19
-18
-20
-23
-20
-19
-18
-21
-18
-18
-20
-17
-20
-20
-20
-20
-19
-17
-17
-15
-13
-14
-11
-10
-11
-8
-5
-3
-3
-2
-1
2
4
4
6
4
4
5
4
8
9
7
11
11
13
14
16
17
17
16
17
18
21
21
20
21
21
22
23
24
27
24
21
22
20
18
17
18
20
21
21
21
22
23
20
20
21
21
18
16
13
13
12
13
13
12
12
12
9
6
4
2
3
4
6
2
0
1
1
2
-1
-3
-1
-5
-7
-6
-8
-8
-10
-10
-11
-12
-14
-12
-11
-10
-12
-12
-12
-11
-8
-10
-8
-9
-8
-9
-9
-7
-7
-5
-6
-7
-6
-4
-4
-4
-7
-7
-6
-7
-10
-10
-11
-12
-9
-9
-8
-7
-9
-11
-11
-11
-10
-11
-10
-8
-8
-9
-10
-9
-10
-11
-11
-11
-11
-9
-10
-7
-4
-4
-5
-5
-7
-9
-9
-9
-7
-9
-9
-8
-8
-9
-7
-6
-4
-4
-3
-4
-6
-6
-6
-5
-3
-5
0
0
4
5
4
5
6
8
5
7
9
12
13
14
14
16
14
12
12
12
11
11
13
16
15
16
15
11
10
9
10
8
10
10
11
11
10
13
11
12
14
14
16
14
14
13
14
13
13
15
13
12
13
9
8
9
9
8
10
8
7
8
10
8
6
5
4
3
3
4
2
1
0
1
-1
-1
-3
-6
-4
-5
-5
-5
-8
-9
-12
-13
-12
-13
-15
-14
-16
-15
-15
-15
-16
-18
-16
-15
-15
-15
-14
-14
-14
-11
-12
-11
-11
-13
-12
-10
-10
-10
-7
-6
-6
-6
-6
-5
-5
-6
-5
-5
-7
-6
-7
-5
-5
-4
-5
-5
-2
-2
-1
-3
-1
-3
-4
-2
-3
-3
-4
-3
-5
-8
-5
-4
-6
-5
-6
-5
-7
-9
-8
-6
-6
-7
-4
-2
-2
-1
-1
0
2
3
1
3
3
2
3
6
8
7
9
13
12
12
11
11
10
11
12
14
15
17
15
14
15
15
15
14
17
15
14
15
15
16
16
17
18
17
17
15
13
11
11
10
9
10
6
8
7
5
7
6
5
5
4
3
3
2
2
1
0
-2
-2
-3
-3
-3
-3
-3
-2
-3
-3
-4
-3
-2
-4
-5
-5
-6
-6
-6
-7
-7
-7
-10
-10
-10
-12
-11
-11
-8
-9
-11
-10
-12
-11
-11
-10
-9
-9
-11
-9
-12
-9
-8
-8
-8
-9
-11
-11
-10
-10
-8
-8
-8
-7
-5
-6
-5
-3
-5
-4
-2
-3
-3
-2
-1
-1
-2
0
0
2
3
1
1
4
0
0
2
1
-1
1
0
0
-1
0
1
1
1
1
2
1
-1
0
2
1
2
6
4
2
-1
0
-2
-1
-2
-5
-5
-3
-1
0
2
0
2
4
2
1
-1
-2
-2
-1
1
2
3
5
7
5
5
4
4
5
4
3
5
5
5
5
6
8
8
10
10
12
12
12
10
8
9
9
9
12
13
13
14
14
15
15
14
13
15
16
15
15
14
14
13
11
12
11
9
9
7
6
5
4
5
5
3
2
1
-1
-1
-4
-3
-7
-10
-10
-13
-15
-15
-16
-16
-16
-15
-17
-18
-19
-19
-19
-18
-19
-19
-20
-20
-20
-20
-18
-19
-18
-18
-18
-17
-16
-16
-14
-14
-14
-14
-12
-12
-12
-11
-10
-7
-7
-6
-4
-4
-6
-5
-3
-2
-3
-2
-1
-1
1
0
1
2
2
3
5
5
7
7
8
11
14
13
14
15
14
15
15
13
15
15
16
15
16
16
14
14
13
13
13
12
11
14
13
10
8
6
5
4
3
3
2
1
1
0
-2
-2
-4
-5
-5
-7
-7
-10
-13
-11
-13
-10
-10
-10
-7
-7
-8
-7
-5
-5
-5
-3
-2
0
0
2
3
3
3
4
4
7
6
9
7
6
10
10
9
8
8
8
9
10
12
12
15
15
14
13
11
11
12
9
9
8
10
11
9
10
8
6
4
2
2
3
1
2
1
-1
-2
-4
-7
-8
-10
-11
-12
-14
-15
-14
-14
-13
-14
-14
-15
-16
-16
-17
-17
-16
-17
-17
-17
-16
-17
-16
-16
-17
-18
-18
-19
-19
-19
-19
-20
-19
-19
-19
-20
-16
-15
-16
-13
-11
-10
-10
-9
-8
-6
-5
-3
-2
1
0
1
5
8
9
9
13
15
16
18
19
20
21
22
22
22
20
19
20
20
23
22
23
23
25
24
26
23
22
23
22
22
21
18
16
16
16
16
12
11
8
6
6
3
3
-1
-2
-3
-4
-2
-3
-7
-7
-7
-7
-10
-10
-11
-12
-13
-13
-15
-18
-15
-15
-14
-13
-13
-11
-13
-10
-10
-10
-10
-9
-8
-8
-7
-9
-7
-7
-5
-2
-3
-3
-3
1
3
3
4
5
4
3
4
4
5
5
6
7
8
8
8
8
7
7
5
6
6
4
5
4
3
2
0
2
0
0
-1
0
-1
-1
-2
-4
-4
-6
-8
-7
-6
-6
-9
-11
-10
-10
-11
-10
-10
-10
-8
-10
-10
-9
-11
-11
-10
-10
-9
-10
-8
-8
-8
-8
-9
-10
-8
-9
-10
-8
-8
-9
-7
-7
-6
-4
-4
-2
-2
-3
0
1
1
5
7
7
8
10
9
11
10
11
12
15
15
14
16
17
18
19
22
22
21
19
18
17
16
16
15
14
14
17
16
16
16
13
11
11
11
10
8
7
7
6
5
3
3
2
0
-1
-1
-4
-5
-7
-9
-11
-10
-14
-15
-12
-12
-13
-13
-14
-14
-12
-15
-14
-17
-14
-15
-14
-13
-10
-7
-8
-8
-9
-8
-7
-7
-5
-8
-6
-6
-5
-2
0
1
4
5
4
3
4
5
6
4
4
5
5
5
6
6
5
4
4
3
2
1
1
1
1
-1
-1
-3
-2
-1
-3
-1
-2
-2
0
-1
-4
-5
-4
-5
-4
-4
-6
-4
-2
-4
-3
-3
-4
-5
-2
-3
-4
-2
-2
-2
-4
-3
-2
-4
-1
-2
-5
-7
-7
-8
-10
-9
-8
-7
-8
-5
-5
-4
-7
-5
-4
-3
0
2
3
2
2
3
4
4
6
7
8
11
12
11
10
12
13
14
13
14
13
13
13
12
11
13
13
12
12
11
11
11
8
7
8
6
4
3
4
5
5
4
4
3
4
6
5
4
3
4
3
4
5
3
3
2
2
1
-3
-3
-3
-4
-3
-4
-6
-6
-6
-6
-6
-5
-4
-4
-6
-6
-6
-8
-8
-11
-11
-12
-10
-11
-9
-7
-8
-4
-7
-8
-7
-8
-8
-8
-11
-11
-8
-8
-6
-7
-7
-6
-3
-3
-2
-2
-2
-3
-2
-4
-3
-1
-1
1
2
1
1
2
1
3
4
1
1
3
1
1
2
-2
-1
-2
-3
-3
-5
-6
-5
-4
-3
-3
-4
-4
-6
-4
-3
-5
-4
-3
-2
0
-1
-2
0
1
1
3
4
5
4
3
6
7
8
6
5
6
7
5
5
5
3
3
3
3
3
4
6
6
7
6
7
6
5
6
6
8
8
8
9
9
10
11
10
8
5
5
7
6
5
6
6
5
6
7
5
6
6
3
3
2
1
0
0
2
-1
2
2
0
2
0
0
0
-2
-2
-1
-4
-5
-7
-5
-6
-6
-4
-2
-4
-4
-4
-4
-5
-6
-6
-6
-8
-7
-6
-5
-5
-3
-2
-4
-4
-4
-4
-3
-2
-4
-4
-3
-4
-3
-1
-1
1
1
-1
-2
-4
-3
-4
-4
-3
-5
-3
-3
-4
-6
-5
-2
-3
-3
-5
-8
-8
-9
-8
-5
-6
-5
-4
-4
-3
-4
-3
-4
-6
-7
-8
-6
-6
-6
-5
-5
-6
-6
-5
-3
-4
-5
-7
-3
-2
-4
-3
-3
-3
-2
1
3
1
4
6
6
6
7
5
4
9
7
7
9
9
9
9
10
10
10
10
13
11
10
9
10
13
11
10
10
11
12
10
10
12
11
11
13
11
11
10
10
9
9
7
8
10
9
9
9
9
8
10
9
8
8
7
7
5
2
3
0
0
0
0
0
-1
-3
-2
-3
-3
-4
-8
-6
-9
-9
-8
-8
-9
-10
-9
-9
-9
-10
-13
-14
-14
-14
-13
-14
-13
-11
-12
-12
-14
-14
-11
-12
-11
-10
-12
-10
-10
-9
-10
-11
-9
-7
-7
-7
-6
-6
-4
-5
-5
-3
-4
-4
-4
-4
-3
-4
-2
-2
-2
-3
-2
2
0
0
0
0
1
2
5
4
5
6
7
8
7
6
5
5
3
2
1
0
1
2
2
2
2
5
4
6
4
1
2
0
2
2
1
1
3
4
3
3
3
2
3
3
4
3
5
3
4
3
5
5
4
6
7
7
8
8
6
5
7
7
6
6
3
6
8
7
5
7
9
8
8
8
7
4
4
5
2
4
3
6
6
3
0
-2
1
-1
-2
1
2
3
3
4
6
6
4
4
2
2
1
0
-3
-3
-6
-5
-1
-3
-2
-3
-3
-2
-4
-4
-4
-7
-5
-4
-6
-6
-6
-3
-5
-5
-5
-7
-8
-8
-8
-8
-9
-11
-9
-8
-6
-6
-6
-6
-7
-6
-7
-9
-8
-9
-9
-8
-8
-7
-7
-8
-6
-6
-5
-6
-7
-8
-6
-6
-5
-4
-4
-2
-2
-1
0
0
0
-1
-1
-1
-1
-1
1
2
1
0
3
3
1
3
1
-2
-1
1
2
3
3
2
4
2
1
1
1
1
3
3
3
3
2
3
5
5
3
4
2
3
4
4
5
5
6
7
7
8
9
9
8
9
7
7
7
6
5
5
5
5
5
8
9
9
9
8
8
8
6
4
5
1
1
2
1
3
4
4
4
2
-1
0
0
-1
0
2
2
1
0
1
1
0
2
1
0
1
1
0
-1
-1
-1
0
-1
-1
1
0
2
0
0
-1
-1
1
2
2
2
4
6
5
5
3
-1
-1
0
-2
-3
-1
-3
-4
-4
-3
-4
-7
-7
-5
-6
-7
-9
-10
-11
-13
-13
-14
-13
-15
-14
-15
-16
-14
-14
-14
-14
-13
-12
-12
-11
-9
-10
-10
-10
-9
-10
-8
-7
-6
-5
-5
-2
-3
-2
-3
-3
-3
-4
-3
-4
-3
-3
-2
0
-1
-1
2
3
2
4
4
4
4
6
5
3
5
4
4
6
7
6
5
4
8
8
7
9
10
10
13
13
14
12
10
11
11
8
8
9
8
9
9
7
9
10
10
11
11
8
8
6
3
6
4
2
3
4
6
7
9
11
8
8
6
7
6
4
5
7
8
10
10
9
9
9
8
8
7
5
3
2
3
2
0
-2
-2
-1
-2
-4
-4
-4
-6
-4
-6
-7
-6
-6
-7
-6
-6
-8
-7
-5
-9
-9
-12
-12
-14
-12
-10
-11
-9
-9
-9
-10
-11
-12
-12
-11
-10
-11
-10
-9
-10
-10
-8
-9
-8
-8
-9
-10
-9
-9
-9
-10
-8
-10
-8
-8
-9
-8
-9
-7
-8
-7
-6
-6
-4
-4
-4
-2
-5
-6
-4
-5
-5
-3
-2
-4
-2
-2
-1
1
3
3
2
4
6
5
5
4
3
3
5
5
5
8
6
6
7
6
8
9
9
10
9
10
10
9
11
11
11
10
11
10
10
10
7
9
9
7
9
9
9
11
11
12
13
11
10
12
10
9
9
8
8
11
10
10
10
7
8
5
1
1
3
1
2
3
3
4
2
1
0
0
-2
-1
0
-2
-4
-4
-1
-1
-4
-1
-1
-3
-1
0
-1
0
0
-3
-3
-1
-2
-1
-2
-3
-2
-2
-2
-4
-3
-2
-3
-1
-2
-1
-1
-3
-3
-4
-3
-7
-7
-10
-9
-11
-13
-13
-13
-12
-10
-10
-10
-9
-11
-13
-16
-17
-18
-19
-19
-17
-15
-16
-15
-13
-13
-13
-13
-13
-13
-13
-13
-13
-12
-11
-11
-9
-7
-5
-7
-5
-3
-4
-4
-3
-5
-4
-2
-2
0
1
3
4
4
6
4
5
8
9
9
11
10
12
13
12
14
15
14
15
14
14
12
12
13
15
17
18
19
18
21
19
17
16
15
13
15
13
11
11
9
10
11
11
11
12
11
10
8
5
4
5
6
3
5
7
3
2
2
2
-1
-4
-6
-6
-6
-6
-4
-3
-4
-3
-2
-2
-5
-6
-4
-5
-5
-7
-6
-3
-1
0
-2
-1
0
1
-2
-3
-4
-5
-6
-4
-2
-2
-4
-2
1
1
0
-2
-3
-4
-3
-4
-9
-8
-6
-6
-4
-5
-6
-5
-3
0
-2
-7
-12
-8
-6
-10
-12
-11
-11
-10
-6
-9
-12
-14
-12
-8
-9
-11
-13
-12
-6
-3
-7
-7
-6
-1
1
-2
-5
-2
-2
-5
-4
-3
-6
-5
-3
3
2
-8
-8
-4
-4
-6
-10
-11
-7
-4
-1
-4
-6
-5
-5
-4
-4
-3
-3
-6
-1
2
1
0
3
7
9
12
7
4
9
15
19
18
16
17
17
14
14
19
19
20
23
24
21
14
13
17
18
15
14
13
14
14
10
11
10
10
8
12
12
3
-4
-1
11
13
4
5
11
6
-1
-6
-4
-4
-4
1
6
7
9
6
1
-3
-5
-6
-9
-6
1
5
3
1
2
1
-9
-14
-4
-1
-9
-14
-9
-6
-6
-5
2
1
-6
-4
-5
-8
-10
-10
-4
-3
-4
-3
-10
-7
-2
-1
-6
-11
-12
-10
-10
-5
1
0
-5
-4
-1
0
-1
-2
3
7
3
-6
-12
-10
-11
-10
-5
-4
-1
-4
-8
-6
-10
-16
-21
-17
-11
-12
-11
-10
-5
0
-5
-13
-17
-14
-9
-6
-3
-6
-4
-4
-7
-11
-9
-2
-8
-18
-11
3
-15
-35
-3
47
27
-27
-15
13
-24
-54
11
67
18
-16
36
53
-20
-56
4
39
-4
-21
28
43
1
-8
41
55
7
-19
-1
4
-19
-22
11
44
39
19
16
12
-10
-22
-4
13
7
0
11
30
28
24
25
18
1
-3
4
5
4
14
28
34
22
7
0
-3
1
10
16
16
12
9
11
11
8
2
-5
-4
1
7
4
6
9
12
9
-5
-14
-22
-25
-19
-2
9
3
-3
1
7
2
-7
-15
-21
-18
-13
-8
-9
-11
-3
4
-3
-10
-11
-12
-19
-13
-2
-6
-20
-9
3
-5
-16
-14
-7
-10
-6
2
1
-9
-13
-8
-6
-17
-21
-14
-10
-5
-6
-1
-6
-12
-13
-10
-9
-16
-18
-14
-7
-5
-4
-4
-3
-3
-4
-5
-7
-10
-11
-5
-4
0
-3
-7
-5
0
1
-10
-12
-5
1
-5
-4
-3
-5
-3
1
6
-2
-10
-9
3
9
4
-1
0
3
2
3
4
2
1
7
15
14
4
-6
-2
4
4
-2
-1
6
15
19
21
13
5
7
14
16
16
9
9
16
23
28
27
21
20
29
25
16
9
14
26
29
32
30
27
24
22
22
20
16
14
20
25
22
14
8
11
17
14
6
1
2
1
2
4
5
2
-2
-2
-7
-12
-16
-16
-6
-3
-8
-13
-17
-16
-14
-17
-23
-25
-19
-12
-8
-10
-16
-21
-21
-19
-21
-25
-26
-24
-19
-16
-15
-11
-20
-26
-21
-16
-20
-31
-32
-20
-14
-15
-14
-14
-15
-12
-16
-19
-21
-19
-16
-14
-11
-5
-12
-15
-7
-3
-8
-15
-12
-10
-13
-11
-4
-5
-4
0
2
2
0
-1
4
9
8
6
6
9
7
7
10
10
9
13
15
18
15
12
14
15
13
9
9
13
16
18
21
19
12
10
13
16
14
13
6
7
11
15
19
14
15
18
18
13
10
9
10
9
11
13
9
4
6
17
14
6
1
3
5
-2
-4
-7
-4
-1
3
7
6
-3
-3
8
10
6
2
1
4
3
4
6
4
0
4
8
6
0
-2
4
3
3
5
2
1
3
8
6
2
-3
-6
-3
-3
-5
-8
-8
-5
0
2
1
-3
-2
-1
-6
-7
-10
-10
-11
-7
-3
-7
-14
-14
-10
-12
-16
-16
-17
-17
-14
-13
-17
-20
-22
-21
-20
-19
-21
-22
-18
-9
-8
-10
-13
-15
-14
-16
-16
-15
-13
-12
-9
-4
-6
-11
-11
-8
-8
-7
-3
-3
-4
-3
1
3
4
0
-4
1
5
3
3
9
8
3
4
9
11
5
4
9
14
13
9
10
11
10
7
11
15
11
7
15
18
18
16
11
10
11
11
10
11
11
8
11
15
17
11
8
10
12
11
11
12
12
13
13
15
14
8
7
7
3
5
6
5
4
5
4
4
3
4
2
2
1
0
-1
-2
2
2
1
0
2
3
1
0
3
4
2
3
6
4
0
1
0
0
0
-2
-1
-1
-3
-2
0
0
-1
-2
-2
-4
-5
-6
-7
-9
-8
-4
-6
-7
-7
-9
-10
-11
-8
-12
-14
-12
-10
-11
-12
-12
-13
-14
-17
-15
-13
-16
-17
-16
-15
-16
-14
-13
-12
-13
-12
-11
-11
-13
-11
-11
-12
-10
-9
-7
-7
-6
-4
-3
-1
-1
-5
-6
-6
-8
-8
-5
-2
0
2
3
2
1
0
0
1
1
0
3
2
3
3
5
6
5
3
7
7
6
8
10
13
12
12
14
13
13
11
10
13
16
15
13
12
13
13
15
15
14
11
10
13
11
9
6
10
13
11
9
8
6
10
10
8
7
5
5
9
13
9
7
4
7
9
5
3
-1
-2
0
3
-1
-4
-2
0
2
1
0
-3
-4
-2
-2
-6
-8
-7
-4
1
-1
-5
-3
1
2
1
-3
-4
-5
-5
-3
-1
-7
-9
-4
0
-2
-6
-5
-5
-5
-3
0
-4
-6
-5
0
1
-4
-7
-7
-6
-6
-3
-4
-8
-6
-4
-2
-3
-8
-11
-10
-8
-6
-6
-9
-11
-8
-3
-3
-5
-8
-6
-8
-8
-7
-8
-10
-9
-6
-3
-5
-8
-10
-9
-9
-10
-11
-10
-11
-12
-11
-7
-7
-9
-9
-6
-5
-7
-8
-6
-4
-4
-1
3
0
2
3
1
0
1
0
1
4
3
1
3
4
6
7
6
7
6
7
8
5
6
8
9
9
8
6
8
10
9
11
8
9
15
14
12
15
13
12
14
15
12
11
12
13
13
11
14
16
15
12
9
12
14
9
9
10
8
11
15
13
11
8
11
13
9
6
6
7
9
10
5
4
4
5
6
4
-1
-5
-3
-2
-4
-7
-8
-7
-7
-8
-9
-8
-7
-8
-8
-5
-6
-9
-9
-11
-10
-8
-8
-9
-13
-16
-13
-12
-12
-15
-16
-14
-13
-10
-10
-14
-17
-12
-9
-10
-13
-15
-13
-9
-7
-8
-12
-14
-6
-4
-7
-12
-18
-14
-10
-11
-14
-15
-13
-8
-7
-11
-14
-11
-6
-5
-7
-12
-10
-4
0
-3
-8
-8
-3
2
-1
-4
-6
-1
4
3
-1
-3
-1
5
8
3
-2
1
6
9
7
1
1
9
15
14
7
3
9
16
19
14
9
9
18
24
19
13
9
17
24
23
16
14
17
21
25
21
14
13
18
22
19
13
8
11
18
16
11
6
8
14
15
12
3
4
9
11
9
1
0
4
9
7
2
-5
-3
2
2
-3
-8
-8
-4
0
-3
-9
-15
-11
-6
-5
-8
-12
-13
-9
-4
-8
-14
-16
-14
-12
-11
-14
-15
-15
-12
-9
-8
-12
-14
-14
-11
-7
-11
-15
-16
-11
-7
-8
-10
-12
-11
-9
-7
-8
-13
-18
-11
-4
-4
-8
-8
-4
3
4
-1
-3
-4
0
1
1
-4
-7
-1
6
7
2
-1
2
6
7
4
-2
-4
0
1
1
-1
-3
-2
0
2
2
-1
0
0
-1
1
1
1
2
1
1
2
2
1
1
-1
-1
1
1
1
-1
2
4
5
1
-4
-4
-3
1
-3
-8
-7
-5
-2
-1
0
-2
1
0
1
-1
2
1
4
4
3
6
7
10
9
9
11
14
13
12
12
14
17
14
13
10
14
15
15
13
9
12
18
22
21
19
19
22
24
22
18
14
18
23
21
14
11
11
15
20
18
10
4
6
11
10
2
-6
-6
-3
-2
-5
-11
-15
-16
-9
-9
-16
-20
-21
-17
-13
-15
-19
-22
-23
-21
-20
-20
-26
-29
-26
-20
-18
-18
-21
-23
-22
-18
-15
-20
-26
-25
-20
-16
-16
-17
-21
-19
-15
-11
-12
-18
-18
-18
-11
-7
-10
-14
-13
-7
-1
0
-2
-6
-5
2
5
1
-4
-6
-1
3
6
4
-3
-4
3
13
12
9
7
10
21
27
26
19
16
25
39
41
33
23
27
44
52
48
34
25
30
43
43
28
16
14
23
30
25
9
1
5
15
15
4
-10
-14
-4
8
6
-5
-8
-2
10
20
19
11
12
20
35
44
44
39
41
50
61
66
62
62
63
69
75
77
72
69
70
75
76
68
59
54
55
51
50
43
31
30
31
31
16
0
-12
-12
-13
-24
-41
-57
-67
-70
-72
-83
-102
-116
-117
-112
-113
-127
-140
-140
-133
-127
-132
-138
-138
-129
-118
-117
-119
-116
-101
-87
-79
-83
-83
-76
-57
-48
-46
-50
-52
-40
-23
-16
-22
-25
-22
-9
-4
-7
-19
-22
-13
-6
-3
-15
-19
-18
-6
4
-2
-15
-18
-14
-9
-16
-30
-37
-41
-34
-30
-35
-42
-49
-46
-33
-34
-48
-59
-63
-54
-46
-45
-49
-51
-39
-10
11
16
12
14
36
53
63
63
61
74
99
123
132
130
130
156
184
190
183
174
185
205
220
220
202
193
201
223
233
212
184
191
218
228
223
211
200
184
177
175
145
104
88
101
102
74
46
43
41
17
-14
-48
-92
-141
-167
-184
-215
-255
-269
-248
-248
-274
-304
-316
-320
-326
-334
-341
-353
-358
-336
-291
-258
-249
-229
-191
-154
-130
-105
-77
-50
-25
1
37
59
83
116
151
183
201
218
233
245
250
253
253
250
246
249
261
269
270
268
269
274
283
286
276
254
244
244
245
233
206
189
181
173
157
119
73
33
2
-37
-95
-164
-225
-273
-314
-376
-452
-510
-555
-587
-626
-683
-737
-763
-759
-751
-761
-783
-773
-724
-659
-606
-571
-528
-452
-350
-255
-180
-119
-50
51
162
240
294
347
418
501
557
583
598
620
646
669
672
651
629
617
622
614
581
547
525
515
506
481
445
421
406
405
403
387
360
340
327
319
293
248
202
158
115
68
12
-57
-124
-187
-252
-320
-388
-456
-524
-582
-630
-672
-711
-741
-759
-763
-753
-742
-724
-697
-661
-609
-554
-497
-431
-362
-290
-208
-128
-57
9
69
131
191
239
270
294
318
336
344
348
343
326
311
295
286
270
247
228
215
213
221
226
232
240
262
287
327
364
390
417
451
495
534
556
568
579
577
579
564
522
470
419
362
295
212
109
9
-87
-177
-277
-387
-497
-593
-668
-738
-808
-884
-937
-968
-979
-984
-995
-996
-978
-931
-876
-821
-771
-716
-635
-544
-462
-396
-330
-266
-190
-123
-72
-25
15
65
109
140
161
178
188
201
216
226
231
240
245
255
268
287
311
332
358
384
419
464
508
546
578
616
664
711
755
781
797
817
834
844
842
813
772
743
714
661
589
505
420
339
254
159
50
-57
-158
-244
-331
-429
-525
-607
-666
-716
-774
-828
-866
-884
-889
-892
-891
-877
-847
-803
-753
-709
-658
-598
-525
-457
-395
-336
-272
-199
-134
-78
-31
17
68
113
147
173
190
211
235
247
246
243
246
259
263
257
258
261
276
296
311
326
349
382
418
447
468
495
532
574
606
625
641
654
670
678
665
640
613
575
532
474
399
312
224
138
40
-61
-167
-271
-373
-469
-561
-651
-735
-807
-868
-925
-976
-1014
-1028
-1031
-1034
-1025
-999
-963
-921
-873
-814
-753
-679
-597
-514
-439
-373
-302
-224
-150
-87
-34
18
71
124
171
208
232
251
273
294
306
308
303
305
310
329
337
335
337
352
383
409
435
452
477
514
559
600
628
656
691
734
770
797
810
815
825
824
812
780
733
685
640
577
496
402
313
224
129
30
-83
-197
-298
-379
-460
-548
-636
-713
-765
-808
-850
-892
-927
-942
-937
-923
-903
-881
-853
-808
-756
-702
-653
-598
-536
-468
-400
-338
-274
-210
-138
-79
-23
32
75
115
156
191
217
241
260
276
288
300
308
313
316
324
335
349
365
379
397
413
435
467
497
524
550
580
610
640
668
688
702
705
711
709
690
654
612
564
506
434
344
246
145
49
-53
-156
-272
-389
-498
-601
-694
-785
-867
-950
-1011
-1056
-1090
-1119
-1140
-1141
-1128
-1103
-1068
-1025
-976
-919
-844
-766
-686
-602
-524
-443
-358
-273
-186
-110
-39
30
97
158
210
259
305
340
375
400
421
442
452
462
470
482
492
508
522
531
542
555
569
590
606
615
627
648
668
689
707
722
743
754
760
757
746
727
699
675
634
572
507
442
371
290
191
88
-13
-107
-203
-301
-408
-511
-599
-672
-739
-804
-866
-919
-948
-964
-976
-980
-972
-953
-920
-873
-822
-773
-716
-651
-579
-503
-427
-356
-285
-216
-141
-69
-5
51
100
143
188
227
252
267
288
311
328
340
341
334
336
350
357
357
351
356
370
386
405
420
436
461
487
509
531
551
572
595
618
628
633
642
648
636
614
584
546
507
458
398
320
236
157
67
-26
-134
-238
-332
-433
-528
-621
-714
-794
-866
-937
-999
-1058
-1101
-1126
-1145
-1151
-1156
-1148
-1120
-1081
-1034
-984
-924
-854
-775
-691
-610
-522
-435
-348
-257
-170
-84
-3
70
144
214
276
335
379
414
448
476
495
514
527
542
552
560
571
576
578
590
608
628
644
659
681
706
735
763
783
803
825
850
865
870
871
865
859
841
805
769
722
662
597
522
429
340
244
142
29
-85
-192
-305
-406
-508
-614
-707
-782
-856
-929
-998
-1058
-1099
-1123
-1135
-1150
-1149
-1135
-1103
-1065
-1021
-976
-921
-847
-771
-701
-626
-550
-465
-371
-283
-198
-122
-40
42
119
192
250
306
350
398
441
467
494
513
538
562
570
576
584
586
586
585
585
586
585
595
606
605
608
604
602
612
618
612
605
603
598
588
573
546
506
473
434
383
312
233
155
71
-12
-108
-228
-325
-416
-508
-604
-702
-780
-857
-920
-971
-1025
-1073
-1122
-1154
-1169
-1190
-1204
-1193
-1157
-1105
-1064
-996
-926
-875
-784
-693
-612
-521
-438
-352
-244
-161
-63
31
125
228
301
392
464
507
549
593
631
652
658
676
691
702
716
733
750
739
738
742
748
732
713
732
732
734
714
722
725
718
726
702
695
685
677
685
665
631
619
587
544
494
432
370
305
223
122
23
-93
-181
-271
-372
-458
-571
-650
-738
-818
-903
-981
-1026
-1076
-1105
-1151
-1190
-1215
-1232
-1235
-1212
-1178
-1140
-1078
-991
-912
-812
-724
-636
-517
-426
-305
-199
-105
-2
100
221
324
421
493
582
642
686
714
721
734
723
743
747
743
736
724
735
748
734
704
676
662
627
588
564
521
487
455
446
449
459
444
449
424
406
392
346
317
276
228
173
126
94
21
-92
-172
-241
-319
-419
-509
-601
-704
-792
-883
-942
-1013
-1077
-1106
-1151
-1186
-1214
-1241
-1253
-1243
-1205
-1181
-1138
-1093
-1030
-967
-892
-800
-722
-601
-478
-343
-236
-112
-10
110
223
322
438
505
585
675
769
810
857
883
911
925
943
914
959
924
939
885
910
890
876
848
837
1118
834
806
548
647
472
206
311
323
291
113
444
535
641
481
727
785
547
303
227
206
-91
64
68
352
70
-24
-160
-500
-803
-1213
-1492
-1814
-1997
-2066
-1860
-1705
-1334
-988
-744
-615
-533
-565
-609
-911
-972
-1018
-975
-929
-722
-307
40
434
744
1599
1715
1903
1706
1710
1469
719
417
17
-284
-792
-779
-559
-223
-90
385
941
1076
983
884
850
529
-53
-323
-382
-387
-431
-203
318
738
1151
1508
2016
2197
2163
1988
1861
1481
927
387
34
-392
-846
-1009
-1061
-1055
-1174
-1192
-1229
-1361
-1635
-1974
-2351
-2715
-3091
-3273
-3337
-3318
-3099
-2718
-2217
-1678
-1207
-733
-295
18
291
401
520
597
635
704
826
1045
1234
1473
1724
1960
2077
2071
1998
1822
1574
1233
906
564
312
120
76
140
269
513
852
1150
1269
1380
1466
1479
1287
1155
1061
908
750
754
870
824
811
907
1000
870
605
385
139
-356
-948
-1436
-1819
-2229
-2631
-2776
-2782
-2834
-2755
-2500
-2271
-2116
-1982
-1691
-1421
-1328
-1211
-941
-684
-495
-271
48
387
622
858
1112
1322
1361
1362
1361
1288
1104
878
718
507
278
89
0
-80
-160
-239
-198
-162
-115
-24
57
194
364
701
1014
1238
1497
1923
2261
2403
2545
2731
2774
2612
2567
2479
2196
1847
1640
1450
1094
592
170
-204
-757
-1426
-2064
-2573
-3045
-3509
-3868
-4040
-4149
-4167
-3986
-3677
-3376
-3053
-2610
-2072
-1589
-1227
-785
-361
52
361
656
937
1164
1317
1389
1457
1446
1388
1284
1125
872
586
264
-40
-396
-794
-1137
-1349
-1544
-1708
-1779
-1634
-1405
-1127
-615
114
779
1234
1822
2569
3091
3218
3480
3781
3732
3485
3453
3431
3163
2821
2708
2616
2222
1608
1120
661
-185
-1311
-2292
-3046
-3908
-4858
-5454
-5581
-5616
-5605
-5250
-4515
-3780
-3100
-2260
-1275
-468
67
639
1307
1837
2116
2442
2933
3318
3467
3606
3808
3849
3651
3315
2929
2430
1668
791
-18
-848
-1722
-2502
-3058
-3461
-3783
-3937
-3738
-3353
-2737
-1790
-820
-49
795
1858
2661
3010
3419
3932
3998
3841
4004
4151
3908
3653
3770
3805
3327
2570
1932
1209
-11
-1561
-2904
-4009
-5266
-6512
-7283
-7548
-7647
-7610
-7106
-6174
-5219
-4297
-3190
-1898
-820
-37
813
1774
2525
3012
3519
4218
4815
5072
5234
5469
5586
5307
4722
4101
3371
2362
1123
-82
-1235
-2393
-3497
-4316
-4898
-5365
-5574
-5444
-4767
-3557
-2463
-1680
-492
1136
2258
2677
3381
4261
4338
4080
4412
4739
4431
4132
4377
4676
4279
3411
2774
2168
835
-1114
-2819
-4138
-5751
-7581
-8749
-9184
-9505
-9700
-9214
-8030
-6785
-5669
-4245
-2517
-1072
-104
940
2151
3036
3495
4070
4966
5711
6054
6374
6880
7217
7014
6471
5932
5159
3913
2358
905
-475
-1996
-3474
-4492
-5123
-5687
-6059
-5774
-4529
-3082
-2118
-1119
636
2365
3076
3473
4428
4973
4510
4343
4913
4989
4384
4340
5041
5268
4478
3611
3152
2244
225
-2098
-3811
-5456
-7663
-9601
-10452
-10706
-11042
-10959
-9778
-8110
-6727
-5378
-3468
-1508
-287
594
1794
2925
3451
3794
4518
5432
5990
6256
6713
7315
7448
6950
6278
5585
4464
2762
949
-649
-2251
-3989
-5454
-6196
-6612
-7042
-7086
-6025
-4018
-2410
-1402
265
2633
4084
4432
5195
6224
6025
5194
5420
5897
5295
4538
4903
5596
5201
4000
3245
2682
990
-1720
-4077
-5798
-7944
-10439
-11967
-12269
-12376
-12478
-11626
-9628
-7616
-6028
-4091
-1652
379
1490
2456
3699
4586
4743
4932
5621
6306
6500
6586
7041
7357
7038
6275
5438
4373
2741
649
-1324
-3075
-4924
-6722
-7898
-8365
-8543
-8448
-7809
-6297
-3855
-1433
287
2125
4636
6538
7125
7704
8575
8383
7325
7108
7391
6745
5737
5673
6151
5764
4388
3110
2134
349
-2552
-5382
-7481
-9639
-12100
-13705
-13931
-13676
-13436
-12256
-9828
-7232
-5130
-2913
-212
2078
3417
4382
5428
6205
6384
6346
6674
7185
7323
7205
7337
7485
7012
5961
4816
3507
1666
-649
-2846
-4674
-6440
-8173
-9291
-9530
-9418
-9074
-8141
-6267
-3492
-798
1238
3350
5963
7916
8505
8998
9740
9390
8111
7535
7535
6728
5502
5122
5429
5040
3520
1995
876
-937
-3915
-6862
-8994
-11062
-13365
-14858
-14902
-14284
-13606
-12107
-9366
-6314
-3848
-1502
1239
3686
5107
5843
6572
7167
7170
6786
6676
6958
7017
6674
6577
6675
6165
4971
3616
2183
275
-2194
-4576
-6454
-8147
-9766
-10757
-10810
-10298
-9509
-8246
-6090
-3032
67
2460
4608
7120
9129
9819
10073
10427
9991
8642
7701
7432
6723
5490
4781
4880
4627
3223
1480
73
-1728
-4580
-7660
-10027
-11972
-13935
-15293
-15262
-14315
-13172
-11439
-8547
-5153
-2387
-46
2623
5178
6671
7207
7644
8062
7960
7407
7098
7198
7134
6779
6590
6551
6022
4772
3278
1726
-307
-2855
-5314
-7194
-8785
-10299
-11186
-11014
-10199
-9183
-7723
-5474
-2408
803
3395
5536
7799
9748
10535
10647
10795
10328
8930
7747
7293
6656
5368
4399
4328
4129
2829
983
-582
-2307
-4936
-7988
-10488
-12420
-14218
-15520
-15582
-14576
-13213
-11393
-8549
-5067
-1968
512
3025
5562
7235
7756
7846
8062
7986
7346
6732
6635
6697
6488
6250
6175
5774
4668
3172
1555
-392
-2839
-5376
-7394
-8904
-10202
-10994
-10889
-9989
-8698
-7124
-5116
-2542
537
3498
5748
7564
9425
10741
11052
10949
10711
9785
8403
7409
6757
5766
4440
3584
3244
2468
772
-1230
-3044
-5086
-7749
-10499
-12619
-14135
-15278
-15755
-15144
-13746
-12011
-9713
-6635
-3394
-675
1697
4084
6155
7315
7654
7758
7867
7689
7139
6643
6453
6352
6106
5731
5229
4397
3133
1556
-246
-2296
-4512
-6546
-8137
-9256
-9963
-10122
-9588
-8431
-6906
-5193
-3257
-765
2298
5100
7056
8700
10470
11662
11884
11713
11316
10234
8785
7706
6801
5465
3957
2965
2376
1324
-502
-2470
-4214
-6149
-8602
-11056
-12882
-14108
-14946
-15138
-14344
-12843
-10998
-8574
-5428
-2323
187
2475
4844
6828
7810
7958
7980
8081
7821
7133
6593
6418
6164
5722
5279
4637
3573
2174
628
-1094
-3132
-5253
-7012
-8203
-9023
-9560
-9490
-8678
-7420
-5886
-4171
-2257
220
3170
5783
7671
9350
10976
12020
12316
12175
11567
10322
8888
7749
6619
5073
3452
2387
1684
508
-1367
-3336
-5051
-6918
-9227
-11525
-13206
-14276
-14932
-14912
-14031
-12571
-10718
-8247
-5237
-2245
354
2563
4647
6474
7490
7636
7518
7494
7196
6512
5938
5665
5390
4923
4308
3580
2562
1102
-584
-2310
-4157
-6173
-7900
-9012
-9622
-9858
-9674
-8830
-7414
-5795
-4162
-2313
114
2986
5586
7524
9193
10864
12098
12507
12393
11937
10873
9431
8155
6970
5430
3670
2359
1564
484
-1318
-3330
-4997
-6632
-8724
-10929
-12563
-13480
-13993
-14054
-13307
-11850
-10050
-7841
-5052
-2031
583
2702
4794
6798
8016
8255
8205
8276
8093
7441
6673
6131
5737
5172
4408
3555
2470
1049
-562
-2215
-3925
-5773
-7464
-8552
-9134
-9426
-9322
-8652
-7457
-5979
-4385
-2675
-609
2087
4954
7207
8878
10519
12075
12853
12818
12356
11355
9805
8175
6746
5244
3491
1897
936
182
-1149
-2990
-4751
-6239
-7946
-10097
-12043
-13210
-13765
-13901
-13459
-12217
-10328
-8131
-5540
-2491
457
2807
4750
6652
8202
8792
8594
8390
8327
7881
6968
6131
5691
5259
4459
3427
2378
1126
-521
-2326
-4036
-5761
-7548
-8956
-9656
-9831
-9771
-9429
-8490
-6964
-5314
-3786
-1967
657
3698
6132
7872
9579
11263
12281
12378
11985
11161
9614
7783
6284
4926
3259
1534
442
-138
-1125
-2823
-4655
-6155
-7672
-9678
-11761
-13129
-13715
-13884
-13563
-12410
-10550
-8345
-5872
-2975
113
2717
4740
6604
8290
9226
9209
8914
8805
8504
7739
6843
6217
5790
5103
4113
3090
1912
452
-1250
-3037
-4751
-6445
-7972
-8974
-9368
-9342
-9040
-8359
-7094
-5436
-3810
-2139
125
3024
5751
7701
9261
10833
12064
12453
12058
11178
9832
8139
6499
5053
3567
1995
710
-32
-739
-2039
-3821
-5572
-7161
-8931
-10973
-12713
-13642
-13846
-13464
-12495
-10889
-8689
-6158
-3487
-613
2062
4171
5855
7274
8377
8852
8671
8400
8279
7958
7328
6622
6064
5578
4763
3569
2266
851
-752
-2568
-4392
-5952
-7307
-8428
-9032
-9037
-8709
-8182
-7289
-5905
-4332
-2773
-880
1682
4484
6732
8374
9839
11160
11875
11680
10782
9503
7957
6348
4883
3510
2203
1066
248
-398
-1386
-2971
-4891
-6769
-8565
-10462
-12330
-13596
-13929
-13503
-12551
-11098
-9084
-6628
-4069
-1557
937
3105
4799
6167
7277
8001
8170
8029
7966
7897
7522
6876
6227
5700
4994
3859
2487
1046
-432
-2017
-3731
-5326
-6670
-7800
-8596
-8899
-8775
-8387
-7751
-6714
-5302
-3802
-2102
225
3061
5625
7561
9133
10490
11445
11574
10866
9686
8242
6771
5450
4253
3127
2160
1444
908
127
-1263
-3129
-5162
-7157
-9184
-11171
-12669
-13327
-13162
-12307
-10906
-9071
-6871
-4463
-2070
142
2020
3529
4797
5866
6674
7189
7499
7757
7982
8026
7817
7410
6835
6065
4975
3534
1893
210
-1406
-2946
-4423
-5693
-6647
-7330
-7741
-7838
-7679
-7321
-6754
-5899
-4695
-3034
-829
1808
4382
6479
8181
9595
10528
10679
10041
8899
7588
6343
5281
4349
3530
2927
2529
2060
1151
-383
-2426
-4708
-7022
-9239
-11197
-12610
-13195
-12902
-11940
-10496
-8745
-6843
-4882
-3008
-1231
363
1689
2884
4009
5119
6136
6921
7554
8059
8334
8272
7839
7113
6189
5019
3642
2192
748
-643
-2049
-3366
-4479
-5504
-6475
-7236
-7688
-7843
-7769
-7437
-6737
-5592
-3928
-1712
913
3464
5553
7104
8292
9121
9319
8809
7887
6939
6184
5601
5124
4767
4414
3953
3276
2146
431
-1821
-4370
-6800
-8915
-10630
-11745
-12123
-11776
-10896
-9703
-8300
-6930
-5690
-4405
-3083
-1780
-531
704
2144
3743
5243
6522
7477
8112
8439
8371
7988
7293
6296
5196
4060
2971
1931
783
-409
-1581
-2770
-3956
-5129
-6186
-6983
-7480
-7618
-7339
-6640
-5503
-3794
-1508
963
3120
4746
5941
6859
7442
7560
7296
6861
6514
6383
6409
6460
6358
6005
5354
4302
2766
698
-1689
-4114
-6302
-8054
-9290
-9901
-9991
-9771
-9289
-8640
-7946
-7270
-6677
-5905
-4819
-3498
-1920
-253
1473
3259
4823
6121
7049
7483
7601
7478
7193
6809
6221
5580
4956
4248
3423
2335
1088
-256
-1789
-3353
-4799
-6003
-6822
-7290
-7377
-7052
-6339
-5106
-3437
-1550
257
1690
2901
4047
5001
5557
5584
5404
5390
5563
5847
6056
6128
6061
5725
4998
3811
2156
210
-1903
-4004
-5892
-7454
-8490
-9021
-9243
-9245
-9078
-8672
-8135
-7672
-7184
-6523
-5461
-3989
-2385
-704
990
2618
4096
5237
6028
6527
6743
6772
6684
6484
6271
5992
5591
5008
4155
3122
1895
456
-1122
-2682
-4062
-5101
-5733
-6044
-6037
-5666
-4859
-3645
-2314
-1117
-119
679
1369
2035
2712
3406
4100
4758
5423
6025
6517
6798
6730
6331
5552
4384
2953
1412
-58
-1397
-2608
-3682
-4610
-5410
-6158
-6809
-7359
-7815
-8101
-8085
-7764
-7159
-6268
-5137
-3802
-2440
-1191
-110
825
1721
2591
3434
4284
5090
5735
6190
6437
6458
6257
5816
5136
4250
3249
2213
1194
226
-712
-1580
-2363
-3038
-3543
-3821
-3788
-3412
-2782
-2048
-1336
-714
-135
378
852
1353
1864
2394
2955
3511
4096
4631
4978
5041
4762
4179
3324
2270
1180
166
-656
-1330
-2007
-2700
-3429
-4168
-4899
-5596
-6187
-6537
-6629
-6459
-6061
-5508
-4801
-4041
-3297
-2597
-1968
-1358
-682
87
933
1829
2679
3454
4054
4415
4576
4548
4366
4069
3662
3207
2738
2253
1730
1142
523
-104
-760
-1373
-1804
-2036
-2074
-1941
-1710
-1480
-1324
-1237
-1188
-1094
-901
-604
-204
276
800
1312
1758
2081
2287
2344
2265
2079
1848
1639
1495
1387
1265
1085
792
409
-56
-608
-1169
-1651
-1969
-2106
-2083
-1970
-1833
-1730
-1705
-1801
-1997
-2201
-2339
-2292
-2030
-1576
-990
-377
216
728
1094
1315
1411
1425
1415
1374
1313
1258
1193
1105
967
759
494
197
-98
-345
-511
-566
-514
-425
-329
-272
-295
-396
-549
-722
-854
-901
-816
-621
-337
28
427
804
1115
1346
1528
1685
1826
1983
2133
2255
2348
2387
2340
2216
2016
1751
1446
1146
895
680
482
291
65
-201
-521
-910
-1325
-1726
-2075
-2306
-2401
-2388
-2272
-2081
-1827
-1552
-1322
-1151
-1006
-914
-875
-848
-841
-847
-840
-824
-801
-784
-787
-777
-729
-646
-524
-409
-295
-169
-86
-64
-102
-187
-294
-390
-474
-527
-511
-447
-328
-129
109
337
552
763
978
1162
1280
1360
1412
1446
1456
1437
1430
1443
1457
1448
1436
1450
1442
1378
1247
1066
837
568
289
26
-229
-462
-617
-685
-705
-706
-669
-589
-473
-359
-260
-181
-138
-127
-157
-216
-309
-406
-488
-563
-621
-650
-630
-579
-496
-410
-347
-321
-337
-387
-510
-689
-894
-1073
-1214
-1344
-1431
-1459
-1449
-1368
-1216
-1011
-778
-528
-260
5
240
414
536
636
723
803
907
1034
1182
1323
1464
1606
1712
1765
1771
1710
1598
1462
1277
1090
904
717
565
424
321
258
218
221
258
321
406
490
550
569
526
448
319
139
-34
-212
-358
-437
-450
-416
-342
-236
-125
-54
-31
-76
-164
-279
-454
-663
-874
-1054
-1212
-1358
-1453
-1513
-1533
-1487
-1406
-1309
-1217
-1108
-1009
-909
-866
-865
-857
-863
-851
-822
-760
-653
-504
-341
-177
-31
96
194
246
276
273
251
209
171
151
147
172
216
296
416
571
758
946
1128
1284
1387
1416
1378
1300
1171
1020
868
741
651
591
568
581
616
669
706
702
674
612
517
409
279
122
-24
-152
-253
-335
-406
-431
-407
-337
-265
-190
-119
-72
-57
-81
-124
-190
-272
-358
-410
-454
-489
-515
-551
-572
-617
-673
-726
-800
-873
-929
-994
-1040
-1086
-1127
-1136
-1134
-1110
-1060
-955
-788
-569
-305
-3
300
570
782
910
981
1001
973
915
861
836
825
832
855
893
927
926
882
826
745
636
518
403
289
166
58
-45
-138
-220
-268
-287
-259
-190
-106
13
144
265
351
429
500
528
520
498
473
423
358
283
225
147
65
1
-80
-160
-264
-374
-472
-579
-704
-832
-938
-1019
-1065
-1086
-1046
-950
-808
-627
-433
-252
-104
5
67
92
79
44
-8
-61
-95
-133
-171
-197
-214
-225
-251
-303
-338
-366
-401
-409
-416
-417
-421
-422
-422
-408
-403
-379
-320
-237
-107
63
259
454
652
817
940
1039
1085
1093
1072
1028
968
904
837
761
692
616
539
459
364
262
163
67
-47
-174
-282
-367
-442
-490
-504
-471
-394
-266
-98
66
214
352
460
522
534
506
450
383
307
228
137
50
-38
-133
-229
-335
-443
-545
-625
-680
-743
-802
-845
-886
-918
-962
-983
-983
-961
-899
-790
-644
-459
-242
-21
190
370
525
649
734
771
789
799
798
792
774
753
730
702
666
611
530
445
365
267
173
79
-8
-87
-160
-204
-223
-216
-179
-101
10
122
233
333
421
479
491
475
434
362
266
159
45
-80
-204
-303
-410
-518
-611
-701
-768
-824
-872
-910
-936
-976
-1006
-1029
-1042
-1028
-985
-903
-799
-642
-459
-256
-40
136
299
438
532
590
631
654
655
652
660
663
646
626
606
568
509
434
349
273
205
118
42
-19
-70
-99
-117
-122
-121
-97
-38
42
132
216
294
365
411
425
396
344
276
186
77
-29
-136
-230
-306
-379
-423
-457
-491
-509
-515
-524
-534
-543
-524
-499
-490
-469
-417
-334
-243
-138
-8
142
287
421
540
621
681
715
723
716
687
638
588
537
478
406
315
224
146
77
-6
-101
-177
-234
-300
-363
-414
-453
-466
-467
-438
-395
-350
-263
-150
-36
59
142
221
289
316
303
273
227
165
90
21
-32
-87
-130
-160
-195
-224
-249
-267
-285
-298
-313
-309
-287
-249
-209
-167
-93
-4
74
139
199
269
351
433
499
545
581
599
607
588
542
473
403
347
279
194
100
17
-46
-118
-198
-279
-348
-418
-495
-569
-631
-674
-695
-682
-660
-629
-578
-510
-428
-345
-269
-202
-128
-76
-52
-34
-34
-55
-84
-118
-147
-175
-204
-217
-221
-222
-224
-215
-199
-200
-176
-146
-103
-45
18
84
163
246
333
419
492
551
616
675
734
796
826
850
867
871
850
795
713
621
531
438
335
238
149
78
22
-47
-125
-205
-274
-342
-419
-496
-552
-577
-579
-557
-527
-491
-440
-383
-316
-280
-255
-233
-211
-195
-198
-201
-213
-229
-237
-259
-310
-355
-381
-401
-415
-412
-390
-344
-292
-224
-140
-58
30
123
210
299
380
467
548
634
718
773
845
920
959
982
995
994
961
895
810
713
612
512
416
321
231
132
62
17
-46
-132
-234
-308
-363
-434
-513
-577
-614
-622
-623
-622
-609
-598
-573
-548
-525
-521
-519
-511
-502
-499
-536
-593
-638
-673
-722
-786
-830
-841
-817
-773
-714
-640
-555
-447
-334
-230
-141
-65
14
109
204
302
377
460
613
772
873
913
952
988
1008
988
941
890
830
763
689
616
538
461
416
385
324
265
231
188
146
90
41
18
4
-21
-58
-73
-73
-69
-68
-67
-68
-70
-68
-91
-133
-193
-269
-337
-414
-505
-602
-693
-778
-862
-923
-959
-965
-941
-888
-809
-726
-636
-526
-411
-313
-212
-104
4
125
250
369
491
606
718
815
886
931
945
940
911
854
784
707
628
564
512
457
402
356
320
292
256
222
199
186
175
166
155
157
167
169
170
165
165
159
141
121
101
74
33
-7
-61
-142
-253
-384
-514
-644
-778
-902
-1006
-1081
-1123
-1136
-1119
-1084
-1024
-950
-855
-753
-657
-561
-451
-335
-220
-103
6
113
216
311
390
457
505
523
528
507
463
401
330
262
186
112
45
-6
-37
-64
-71
-61
-43
-13
37
108
166
222
288
385
465
511
530
534
555
569
576
584
587
587
572
527
449
352
234
99
-71
-262
-438
-604
-735
-839
-910
-937
-928
-888
-845
-799
-741
-662
-580
-497
-413
-316
-204
-92
28
144
250
338
415
471
500
509
488
438
375
297
200
94
-3
-95
-167
-225
-274
-295
-298
-284
-249
-191
-123
-36
65
165
253
336
413
488
552
604
650
701
751
788
824
847
860
850
806
728
615
473
317
144
-31
-183
-318
-416
-480
-515
-531
-521
-497
-473
-461
-446
-417
-383
-344
-304
-243
-171
-97
-21
51
107
148
178
192
179
136
79
14
-68
-158
-254
-357
-461
-553
-639
-710
-768
-794
-792
-766
-714
-642
-574
-497
-402
-316
-241
-183
-116
-48
20
89
166
252
335
419
492
543
569
568
532
468
381
276
163
61
-24
-92
-142
-161
-162
-154
-136
-104
-70
-29
12
57
110
164
230
299
380
458
528
588
637
679
702
706
689
657
604
529
431
318
194
57
-78
-210
-337
-447
-540
-602
-644
-660
-655
-637
-600
-553
-503
-455
-414
-375
-345
-316
-281
-250
-211
-167
-113
-52
13
59
90
112
103
65
4
-70
-153
-229
-300
-355
-386
-399
-381
-346
-294
-230
-169
-91
-8
83
178
273
378
479
585
688
779
859
930
983
1016
1030
1034
1021
997
956
893
814
717
608
484
348
207
77
-44
-150
-235
-298
-330
-349
-352
-346
-344
-349
-361
-372
-394
-422
-453
-472
-482
-485
-473
-456
-429
-405
-386
-380
-390
-419
-457
-499
-556
-609
-659
-696
-715
-721
-710
-680
-643
-598
-540
-480
-413
-339
-250
-153
-45
63
176
289
384
479
562
637
698
743
779
807
817
814
796
764
710
637
550
451
347
247
159
72
5
-47
-80
-89
-95
-93
-91
-92
-101
-110
-130
-154
-176
-195
-212
-218
-213
-198
-183
-160
-135
-124
-117
-124
-146
-187
-227
-278
-334
-380
-422
-453
-478
-484
-479
-462
-434
-398
-352
-305
-245
-179
-105
-25
57
138
211
285
357
425
484
544
593
640
679
714
738
748
746
721
679
624
559
482
408
333
267
216
169
135
108
90
72
58
40
9
-17
-44
-66
-90
-109
-123
-129
-122
-117
-110
-107
-101
-98
-101
-104
-119
-140
-169
-207
-250
-296
-345
-381
-418
-453
-477
-486
-483
-478
-465
-442
-415
-381
-341
-301
-259
-216
-171
-113
-63
-6
50
109
167
218
269
316
356
378
389
381
366
336
297
248
191
141
103
74
48
28
12
2
-9
-21
-40
-62
-89
-118
-147
-174
-190
-196
-194
-184
-170
-139
-112
-81
-49
-27
-10
-11
-22
-40
-67
-104
-144
-178
-209
-239
-270
-291
-309
-314
-305
-295
-272
-241
-205
-166
-120
-71
-27
14
57
100
149
200
256
310
363
415
463
507
534
552
558
547
522
480
427
375
327
289
241
201
172
142
119
93
57
29
-15
-48
-85
-120
-157
-183
-195
-202
-193
-185
-173
-157
-137
-119
-110
-107
-109
-114
-118
-132
-155
-180
-216
-239
-251
-272
-286
-297
-295
-285
-270
-245
-217
-184
-141
-107
-63
-16
16
56
97
146
201
244
297
357
410
467
513
536
547
533
512
495
452
422
383
339
308
265
255
238
218
193
140
119
76
38
-7
-78
-132
-172
-189
-207
-239
-266
-283
-284
-282
-285
-295
-308
-337
-343
-370
-404
-428
-448
-456
-459
-474
-507
-529
-549
-541
-528
-490
-458
-429
-387
-343
-288
-227
-177
-125
-91
-68
-38
-14
36
98
136
188
230
270
313
330
359
363
338
313
289
273
249
235
219
190
214
244
258
278
265
247
231
208
199
162
125
94
67
66
52
34
25
0
6
36
39
39
-30
-65
-53
-64
-50
-84
-136
-173
-188
-168
-181
-226
-225
-196
-181
-158
-128
-114
-83
-47
-12
-16
-17
-4
1
33
48
58
92
126
194
226
216
259
281
326
324
324
287
238
214
220
277
262
280
266
266
287
321
348
328
342
323
282
206
120
128
119
123
92
-1
-13
-11
-4
-2
-56
-139
-173
-144
-100
-122
-199
-267
-276
-257
-217
-245
-340
-386
-431
-378
-305
-233
-200
-285
-309
-308
-261
-277
-301
-235
-202
-209
-300
-204
-110
-16
-37
437
1128
434
-1209
-2614
-2236
-641
926
2328
1848
-613
-2570
-1829
427
1933
1562
28
-1395
-2337
-859
809
1236
512
-515
-128
311
221
-1122
-1795
-1235
488
1747
1884
787
-484
-488
-448
374
-199
-36
-100
-211
-45
-617
-61
254
907
1114
992
206
-607
-527
-76
826
584
1173
524
165
332
87
463
-427
562
985
1036
843
437
472
131
729
580
466
-82
59
387
127
-91
-68
343
245
-471
-78
-185
-170
97
-88
-71
-273
-182
-386
-780
-534
-457
236
11
-318
-840
-954
-201
-745
-347
74
86
-378
-423
-652
-903
-593
-59
155
-477
-199
-299
-313
-685
-603
-325
-267
-98
121
515
4
-83
-596
-532
-119
65
994
824
610
740
-257
-53
-243
594
1422
1284
873
246
-31
143
851
956
1114
455
606
344
-205
23
33
816
573
-57
-95
36
-272
-141
-207
-450
-757
-1038
-150
12
-260
-375
-943
-477
-742
-431
-71
-533
-286
-697
-111
82
-491
182
-370
-2
-84
-495
-436
-479
309
-30
302
-281
93
-41
-236
329
-313
419
-221
-277
150
48
227
554
505
683
739
331
745
124
634
588
728
1515
921
785
433
336
356
28
-109
238
179
17
-492
-1215
-967
-1180
-597
-616
-1241
-1610
-2130
-2187
-1851
-1708
-1725
-1529
-1401
-1109
-1592
-1435
-1092
-833
-350
-594
-114
257
488
498
784
1221
1111
1214
1225
1817
1730
1383
1670
1510
2165
1878
1602
1676
1415
1856
1823
2154
1728
1324
1247
1218
1413
808
573
714
1109
848
452
-33
-222
18
-240
-137
-545
-970
-1316
-1402
-1644
-1902
-2335
-2337
-1850
-2067
-1881
-2447
-2591
-2198
-1980
-1443
-1310
-1059
-617
-261
-115
-31
9
441
1199
1625
1816
1701
1641
1721
1672
1707
1622
1192
1133
1077
771
445
-139
-152
-471
-420
-734
-1294
-1463
-1862
-1661
-1416
-559
-421
-735
-737
-566
-159
-220
141
494
932
1508
1981
2143
1958
2037
2152
2247
1971
1504
987
816
768
230
-477
-893
-1058
-1526
-2084
-2729
-3235
-3412
-3475
-3149
-3193
-3119
-2969
-2646
-2271
-2003
-1701
-1311
-719
-170
417
921
1465
1879
2343
2702
2748
2595
2490
2533
2420
2435
2289
1989
1553
1024
530
-182
-778
-1344
-1708
-1930
-2155
-2498
-2732
-2623
-2151
-1478
-1270
-1499
-1405
-661
206
770
1198
1612
2121
3010
3881
4001
3849
4101
4543
4728
4462
3856
3207
2894
2528
1630
502
-253
-778
-1381
-2148
-3000
-3849
-4449
-4609
-4716
-4913
-4936
-4776
-4361
-3863
-3345
-2899
-2447
-1689
-933
-326
300
1009
1690
2463
3189
3622
3795
3862
3934
3869
3641
3401
2955
2420
1881
1266
621
-18
-636
-1454
-2286
-2938
-3415
-3672
-3842
-3537
-2695
-2154
-2316
-2404
-1837
-1009
-585
-199
391
1031
1944
3061
3775
3995
4355
4919
5140
4769
4093
3414
2997
2753
2104
995
81
-552
-1373
-2390
-3413
-4382
-5119
-5444
-5671
-5958
-5896
-5503
-5115
-4738
-4219
-3826
-3411
-2649
-1719
-946
-154
821
1934
2945
3623
3978
4276
4646
4828
4740
4474
4240
3956
3568
2912
2030
1167
390
-355
-1288
-2294
-3063
-3598
-4001
-4389
-4742
-4587
-3774
-2899
-2788
-2918
-2293
-1290
-512
128
887
1652
2579
3835
4787
5183
5541
6107
6507
6565
6051
5165
4461
4002
3181
1909
768
52
-756
-1879
-3061
-4216
-5037
-5576
-6066
-6558
-6807
-6599
-6109
-5662
-5156
-4649
-4076
-3118
-2006
-1081
-287
688
1926
3097
3962
4518
5012
5619
5988
5842
5490
5259
4974
4578
3902
2975
2088
1270
367
-761
-1852
-2822
-3662
-4321
-4823
-5206
-5425
-5168
-4267
-3505
-3445
-3341
-2379
-1143
-340
313
1084
1921
2975
4180
5015
5517
6132
6746
6978
6745
6099
5224
4461
3863
2775
1349
178
-617
-1500
-2739
-4059
-5166
-6002
-6664
-7278
-7840
-7953
-7631
-7123
-6568
-5849
-5071
-4320
-3520
-2520
-1414
-261
895
1927
3018
4094
4860
5457
5994
6217
6032
5723
5542
5209
4611
3858
2962
2151
1278
156
-1107
-2115
-3046
-4020
-4894
-5524
-5912
-6125
-6136
-5800
-4934
-4077
-3542
-2962
-1776
-628
158
876
1878
2913
3828
4765
5615
6293
6870
7351
7550
7418
6812
5886
4969
4141
2976
1477
117
-794
-1697
-2832
-3995
-4912
-5722
-6465
-7059
-7503
-7583
-7299
-6809
-6248
-5470
-4592
-3719
-2703
-1540
-425
698
1789
2796
3810
4750
5501
6090
6625
6913
6841
6515
6096
5564
4860
4045
3139
2194
1186
69
-1061
-2055
-3052
-4004
-4826
-5442
-5918
-6280
-6494
-6342
-5650
-4620
-3760
-3105
-2275
-1075
69
930
1888
2842
3609
4402
5326
6037
6471
6790
7089
7122
6773
6020
5044
4062
3054
1696
233
-923
-1944
-3057
-4107
-4957
-5735
-6373
-6881
-7311
-7562
-7471
-7196
-6794
-6138
-5204
-4262
-3255
-2084
-861
228
1247
2317
3292
4124
4829
5417
5850
6211
6338
6189
5862
5449
4869
4039
3087
2111
1061
2
-1043
-2025
-2976
-3897
-4660
-5251
-5753
-6162
-6453
-6506
-6264
-5737
-4827
-3751
-2803
-1855
-672
577
1588
2439
3375
4162
4826
5505
6126
6517
6840
7155
7237
6944
6346
5512
4492
3372
2031
568
-674
-1717
-2816
-3921
-4789
-5406
-6025
-6533
-6891
-7101
-7063
-6825
-6491
-5961
-5200
-4312
-3329
-2171
-1004
22
1027
2094
3058
3832
4558
5175
5632
5917
6045
5954
5728
5402
4873
4159
3382
2505
1555
595
-369
-1287
-2218
-3092
-3783
-4329
-4788
-5196
-5477
-5536
-5378
-5035
-4482
-3532
-2498
-1622
-748
410
1567
2445
3198
3937
4593
5151
5726
6127
6308
6480
6611
6555
6238
5629
4810
3827
2759
1532
135
-1165
-2290
-3360
-4386
-5201
-5802
-6282
-6683
-6963
-7023
-6924
-6660
-6259
-5685
-4983
-4236
-3393
-2399
-1364
-393
671
1789
2752
3507
4188
4746
5068
5241
5331
5255
5005
4627
4099
3432
2710
1965
1244
517
-372
-1348
-2225
-2959
-3699
-4373
-4900
-5203
-5314
-5317
-5202
-4945
-4450
-3710
-2801
-1837
-924
57
1165
2148
2933
3673
4365
4902
5367
5736
5933
5953
6008
6040
5844
5414
4793
3979
3075
2070
870
-426
-1633
-2644
-3598
-4478
-5218
-5805
-6188
-6346
-6350
-6261
-6108
-5817
-5354
-4747
-4100
-3427
-2612
-1690
-777
152
1159
2100
2918
3638
4234
4669
4897
4997
4989
4808
4548
4173
3638
3024
2380
1737
1056
358
-376
-1111
-1768
-2431
-3099
-3667
-4057
-4300
-4456
-4509
-4358
-4051
-3599
-2944
-2104
-1193
-332
516
1437
2305
2950
3504
4021
4432
4733
5014
5208
5229
5192
5162
4996
4627
4070
3389
2616
1739
739
-366
-1381
-2294
-3151
-3929
-4558
-5062
-5420
-5608
-5640
-5554
-5361
-5054
-4621
-4092
-3487
-2855
-2185
-1435
-676
59
766
1516
2244
2866
3383
3834
4151
4297
4268
4141
3881
3477
2978
2434
1854
1264
688
94
-544
-1195
-1773
-2331
-2875
-3324
-3649
-3926
-4073
-4075
-3944
-3738
-3388
-2824
-2089
-1318
-613
135
956
1728
2328
2844
3347
3712
3965
4200
4340
4373
4338
4331
4263
4035
3624
3095
2487
1762
898
-82
-1033
-1920
-2781
-3546
-4168
-4613
-4888
-5039
-5060
-4957
-4733
-4425
-4053
-3634
-3147
-2640
-2116
-1543
-928
-273
374
1047
1719
2338
2856
3289
3666
3892
3917
3824
3649
3352
2911
2395
1881
1413
935
400
-155
-683
-1137
-1533
-1918
-2302
-2666
-2952
-3140
-3238
-3230
-3075
-2854
-2517
-1967
-1275
-575
83
789
1515
2146
2632
3077
3471
3730
3898
4025
4101
4098
4086
4036
3886
3625
3264
2793
2209
1527
739
-157
-1022
-1797
-2542
-3243
-3779
-4145
-4422
-4561
-4549
-4375
-4147
-3883
-3556
-3173
-2770
-2363
-1921
-1449
-936
-412
136
719
1301
1844
2342
2750
3049
3243
3273
3167
2971
2709
2330
1879
1455
1024
581
108
-363
-794
-1184
-1544
-1906
-2241
-2528
-2741
-2852
-2879
-2865
-2762
-2521
-2196
-1788
-1253
-639
-53
536
1194
1793
2236
2628
3010
3271
3398
3512
3588
3560
3470
3353
3211
3002
2666
2224
1720
1133
436
-308
-1029
-1736
-2438
-3067
-3569
-3934
-4205
-4357
-4359
-4248
-4035
-3750
-3435
-3081
-2691
-2257
-1827
-1381
-912
-430
63
562
1081
1579
2030
2430
2756
2979
3075
3098
3044
2872
2575
2218
1850
1440
977
536
156
-243
-641
-974
-1220
-1460
-1732
-1924
-2031
-2102
-2138
-2086
-1927
-1710
-1417
-1017
-521
-23
511
1083
1627
2078
2476
2819
3071
3211
3273
3308
3288
3216
3097
2911
2641
2315
1930
1500
1002
390
-265
-875
-1494
-2121
-2706
-3200
-3575
-3851
-4012
-4057
-4019
-3860
-3600
-3276
-2903
-2496
-2057
-1608
-1156
-722
-286
146
585
1029
1447
1808
2147
2474
2735
2875
2926
2914
2793
2537
2192
1835
1442
1001
550
119
-282
-666
-1034
-1336
-1580
-1807
-1986
-2096
-2148
-2152
-2110
-2004
-1848
-1641
-1341
-961
-531
-86
402
890
1357
1799
2175
2485
2727
2874
2952
2952
2869
2743
2581
2357
2073
1756
1391
985
541
55
-469
-999
-1519
-2031
-2531
-2948
-3304
-3584
-3768
-3831
-3768
-3619
-3389
-3089
-2718
-2314
-1883
-1423
-966
-541
-145
273
687
1051
1395
1741
2056
2317
2527
2683
2767
2766
2681
2510
2254
1916
1533
1118
673
211
-223
-599
-942
-1247
-1487
-1667
-1800
-1873
-1910
-1901
-1838
-1720
-1553
-1336
-1038
-686
-310
94
545
994
1409
1807
2151
2428
2656
2815
2885
2876
2791
2654
2464
2197
1869
1517
1138
725
243
-247
-735
-1219
-1678
-2113
-2483
-2799
-3044
-3201
-3253
-3190
-3055
-2841
-2535
-2173
-1776
-1330
-903
-480
-37
408
801
1145
1484
1785
2049
2264
2448
2565
2604
2593
2520
2357
2106
1792
1451
1053
591
110
-353
-786
-1205
-1582
-1892
-2115
-2294
-2408
-2454
-2447
-2384
-2257
-2082
-1877
-1599
-1261
-877
-469
-42
414
895
1328
1699
2036
2322
2532
2674
2736
2685
2575
2420
2212
1920
1580
1213
817
416
-5
-455
-914
-1348
-1759
-2119
-2442
-2713
-2912
-3024
-3043
-3000
-2868
-2651
-2372
-2048
-1697
-1286
-863
-447
-29
387
786
1140
1452
1740
1977
2148
2287
2381
2384
2326
2236
2088
1870
1600
1289
928
550
147
-272
-664
-1028
-1355
-1634
-1862
-2028
-2117
-2130
-2100
-2015
-1855
-1645
-1412
-1141
-806
-444
-61
324
705
1085
1457
1792
2098
2345
2507
2605
2645
2627
2519
2353
2142
1900
1611
1274
916
537
162
-207
-583
-957
-1284
-1570
-1844
-2066
-2201
-2271
-2294
-2259
-2147
-1963
-1720
-1460
-1158
-818
-468
-120
209
524
803
1041
1250
1426
1554
1637
1690
1700
1665
1594
1474
1302
1094
835
546
236
-92
-442
-801
-1130
-1413
-1652
-1863
-2031
-2140
-2164
-2134
-2069
-1957
-1788
-1571
-1317
-1042
-743
-413
-72
269
606
931
1245
1528
1779
1959
2085
2182
2228
2200
2111
1996
1841
1621
1337
1045
749
428
78
-261
-585
-883
-1169
-1442
-1668
-1844
-1962
-2035
-2058
-2010
-1907
-1753
-1541
-1293
-1006
-706
-409
-120
171
436
668
889
1081
1229
1357
1456
1502
1517
1501
1436
1322
1164
970
749
507
230
-84
-375
-647
-919
-1163
-1376
-1554
-1686
-1760
-1786
-1765
-1692
-1557
-1402
-1209
-972
-719
-441
-135
185
502
803
1093
1373
1631
1854
2029
2156
2237
2262
2240
2164
2025
1833
1617
1371
1094
806
492
167
-159
-465
-740
-997
-1247
-1454
-1611
-1722
-1778
-1773
-1725
-1657
-1522
-1329
-1100
-880
-648
-384
-119
140
370
571
745
899
1023
1107
1154
1189
1186
1144
1074
968
841
685
482
259
24
-221
-465
-701
-903
-1101
-1274
-1387
-1479
-1525
-1517
-1469
-1374
-1243
-1080
-870
-634
-394
-146
113
376
625
857
1056
1223
1357
1462
1534
1558
1548
1507
1414
1299
1158
975
748
508
260
-7
-293
-567
-826
-1074
-1284
-1462
-1587
-1659
-1684
-1667
-1599
-1483
-1319
-1126
-900
-653
-404
-146
117
343
550
750
915
1059
1173
1264
1322
1349
1355
1330
1255
1156
1022
850
650
424
171
-97
-375
-652
-918
-1165
-1372
-1550
-1674
-1733
-1755
-1734
-1660
-1544
-1385
-1203
-1004
-797
-568
-323
-76
171
431
694
950
1194
1415
1603
1760
1879
1954
1988
1968
1906
1817
1673
1492
1300
1089
878
647
415
198
-2
-189
-355
-523
-690
-818
-923
-1011
-1079
-1123
-1129
-1122
-1074
-995
-903
-778
-655
-508
-364
-221
-79
42
145
220
278
303
318
328
309
284
252
205
140
72
1
-93
-173
-266
-373
-480
-574
-661
-731
-778
-805
-786
-732
-638
-525
-377
-220
-63
128
310
468
611
770
903
1001
1086
1146
1174
1196
1200
1152
1080
1004
901
778
643
500
345
188
34
-149
-328
-481
-632
-784
-914
-1011
-1094
-1137
-1157
-1151
-1104
-1033
-918
-799
-671
-528
-384
-246
-111
14
119
216
298
358
402
422
433
429
391
350
276
188
103
3
-112
-245
-370
-489
-626
-743
-837
-917
-976
-1005
-995
-943
-861
-743
-576
-390
-205
-27
192
378
530
685
836
957
1052
1144
1211
1261
1297
1325
1329
1304
1255
1186
1096
969
817
656
481
319
147
-17
-163
-262
-344
-402
-429
-422
-392
-347
-304
-252
-190
-136
-91
-57
-32
-4
32
62
87
101
115
124
127
112
76
31
-24
-104
-196
-293
-401
-512
-615
-718
-809
-879
-924
-949
-949
-929
-878
-808
-714
-619
-517
-389
-267
-145
-28
82
189
286
372
448
518
587
634
669
684
704
697
680
650
610
561
504
442
375
296
222
152
83
19
-25
-58
-81
-84
-71
-32
1
52
90
130
164
201
214
209
203
179
146
104
64
6
-42
-96
-143
-203
-261
-312
-379
-437
-500
-566
-639
-708
-772
-833
-882
-908
-918
-921
-900
-849
-789
-713
-621
-515
-402
-293
-186
-81
12
110
197
268
331
388
444
483
506
518
531
536
533
530
514
502
497
479
458
433
402
377
355
336
315
295
294
300
315
338
354
375
408
441
460
470
489
502
505
488
466
422
366
312
245
158
67
-18
-109
-194
-279
-361
-436
-488
-544
-585
-628
-648
-669
-684
-691
-701
-700
-681
-639
-588
-513
-426
-329
-227
-115
0
100
193
272
337
381
409
415
404
387
347
308
268
223
178
132
91
51
8
-36
-74
-123
-166
-206
-234
-259
-272
-275
-266
-235
-190
-117
-46
44
134
227
320
406
477
535
570
604
612
591
563
524
471
413
341
261
155
57
-50
-171
-287
-406
-514
-617
-714
-792
-850
-898
-915
-914
-909
-876
-823
-767
-686
-596
-496
-386
-273
-154
-38
68
174
269
348
400
440
455
448
430
392
329
270
197
114
41
-39
-107
-162
-212
-253
-267
-290
-295
-298
-283
-261
-227
-177
-124
-47
30
120
241
341
465
577
696
785
879
921
955
998
954
961
876
833
734
644
520
426
297
193
91
-41
-120
-256
-336
-434
-520
-584
-645
-688
-719
-729
-731
-677
-642
-565
-483
-404
-284
-191
-76
7
117
195
275
335
387
430
446
458
442
431
376
337
258
174
97
7
-76
-160
-214
-289
-336
-395
-424
-452
-469
-466
-462
-437
-416
-374
-323
-255
-181
-87
2
101
213
293
388
474
529
590
631
639
635
613
563
514
456
378
296
210
116
20
-66
-165
-256
-346
-432
-508
-573
-643
-678
-710
-730
-722
-699
-669
-625
-556
-505
-419
-347
-271
-196
-118
-58
11
78
118
170
200
215
228
228
211
190
162
124
89
46
5
-35
-70
-102
-134
-150
-186
-197
-199
-200
-187
-168
-136
-93
-43
-5
66
129
185
254
321
370
428
471
506
538
549
559
564
556
528
508
470
429
383
326
271
225
166
99
51
-21
-83
-132
-187
-230
-261
-294
-310
-305
-310
-293
-267
-242
-213
-180
-142
-111
-77
-56
-26
0
19
44
55
62
77
88
97
112
128
126
134
139
121
108
107
74
39
28
-10
-51
-58
-70
-88
-86
-88
-82
-72
-66
-58
-40
-38
-21
-5
-10
4
18
4
56
113
44
44
92
45
53
81
54
76
115
67
88
92
80
79
37
35
32
-19
-72
-53
-127
-158
-136
-186
-206
-198
-212
-254
-239
-249
-261
-266
-266
-265
-292
-282
-286
-294
-295
-262
-256
-248
-196
-169
-147
-101
-58
-60
-13
15
13
27
33
35
25
33
20
18
16
23
15
8
21
19
16
28
44
27
40
51
45
51
63
62
66
85
88
108
126
150
174
195
217
240
250
263
276
261
263
250
233
211
192
152
112
92
54
23
-1
-22
-52
-56
-64
-88
-82
-84
-91
-91
-84
-87
-76
-61
-49
-36
-25
2
26
48
69
108
123
142
178
188
202
215
214
200
203
181
155
140
115
86
60
50
22
7
-2
-12
-19
-24
-16
-18
-13
-1
7
5
20
38
37
45
61
79
85
110
126
134
144
146
151
145
142
114
90
67
24
-20
-70
-114
-158
-199
-244
-280
-311
-340
-361
-382
-396
-402
-414
-426
-423
-425
-423
-411
-404
-391
-368
-339
-311
-277
-236
-198
-163
-126
-90
-59
-31
-12
2
15
15
13
14
10
-1
-2
0
-9
-15
-17
-26
-26
-19
-18
-14
3
7
12
29
41
56
71
85
109
130
149
172
191
211
246
269
277
304
314
301
300
294
272
257
238
214
184
160
134
104
74
53
34
8
-2
-18
-30
-43
-45
-48
-53
-48
-47
-48
-40
-24
-15
0
24
39
58
83
95
112
124
127
129
137
131
120
114
101
86
56
34
16
-7
-25
-40
-54
-66
-67
-78
-83
-74
-69
-63
-52
-35
-27
-10
19
43
68
101
134
161
188
219
245
265
279
296
299
294
293
277
254
236
207
172
143
96
53
13
-37
-81
-122
-179
-222
-259
-300
-326
-356
-382
-400
-418
-437
-443
-456
-463
-453
-445
-441
-423
-404
-384
-362
-337
-313
-282
-252
-233
-206
-191
-175
-158
-143
-130
-115
-101
-96
-85
-76
-66
-55
-49
-43
-33
-26
-21
-11
-1
11
32
50
67
87
107
131
158
178
198
219
236
257
279
293
303
318
322
331
339
335
333
322
309
290
274
248
222
197
167
140
113
85
59
32
8
-13
-38
-60
-79
-90
-101
-111
-112
-115
-114
-105
-103
-93
-81
-69
-56
-44
-38
-30
-20
-11
-1
-1
-4
1
-5
-4
-9
-16
-14
-18
-24
-27
-30
-33
-32
-30
-26
-23
-19
-7
0
13
37
56
79
109
142
170
200
227
258
288
310
335
352
368
375
382
382
381
370
354
343
317
288
254
219
178
135
92
40
-9
-51
-98
-147
-185
-216
-246
-275
-302
-318
-336
-355
-360
-366
-370
-366
-367
-363
-357
-353
-340
-335
-326
-315
-306
-298
-294
-293
-288
-286
-290
-294
-301
-305
-309
-315
-314
-314
-310
-307
-300
-282
-270
-255
-230
-206
-175
-145
-115
-75
-37
2
49
86
129
169
207
249
286
313
341
365
377
392
395
396
397
388
376
363
341
315
291
263
232
197
165
135
107
82
59
39
17
10
-7
-19
-24
-25
-24
-26
-25
-25
-17
-14
-14
-5
3
6
1
8
5
-8
-11
-15
-26
-37
-46
-58
-71
-82
-93
-108
-117
-110
-120
-126
-113
-108
-104
-86
-70
-48
-21
-10
21
51
70
110
132
159
199
222
241
268
279
288
297
289
298
289
275
278
262
238
231
204
174
166
128
103
90
54
39
24
-4
-7
-22
-41
-34
-55
-63
-46
-63
-59
-46
-50
-43
-37
-47
-44
-61
-79
-78
-105
-126
-135
-160
-181
-198
-234
-257
-278
-316
-350
-376
-400
-418
-439
-452
-453
-457
-455
-443
-430
-411
-383
-356
-321
-286
-248
-205
-158
-108
-58
-14
26
68
99
133
162
186
214
229
233
243
237
229
223
206
193
176
150
132
110
95
80
53
38
22
4
0
-4
-8
-3
3
10
19
25
39
44
55
70
78
88
92
95
99
100
94
93
84
71
56
39
21
-2
-23
-39
-60
-82
-98
-107
-114
-126
-132
-119
-115
-110
-92
-74
-47
-19
17
52
83
119
161
195
223
259
290
311
327
342
352
359
361
360
355
346
330
306
284
257
231
196
160
129
92
65
38
10
-11
-28
-45
-53
-67
-82
-81
-90
-93
-89
-88
-81
-75
-75
-62
-55
-57
-54
-64
-71
-83
-96
-104
-113
-128
-140
-154
-176
-192
-217
-235
-253
-269
-278
-292
-300
-291
-291
-291
-278
-275
-262
-244
-231
-207
-178
-153
-120
-84
-63
-33
-7
10
34
48
60
77
81
91
107
105
107
100
85
77
58
39
30
17
7
-1
-6
-13
-19
-18
-22
-27
-30
-28
-27
-19
-7
4
28
45
62
81
89
100
108
108
115
124
120
124
127
121
112
105
85
68
54
29
16
-2
-18
-21
-31
-40
-43
-54
-61
-58
-66
-67
-60
-49
-30
-8
13
36
59
71
93
111
121
142
159
167
184
196
195
206
202
192
183
159
144
126
96
81
65
34
19
2
-25
-40
-61
-84
-92
-108
-125
-125
-132
-134
-129
-127
-119
-108
-97
-83
-67
-56
-43
-26
-22
-7
-3
2
3
2
1
-10
-13
-17
-25
-34
-42
-58
-71
-85
-102
-114
-133
-142
-150
-162
-162
-158
-160
-150
-137
-130
-111
-94
-81
-54
-37
-15
13
27
53
82
95
113
128
139
155
155
157
167
159
155
155
137
130
118
95
88
71
54
47
23
9
-2
-29
-44
-53
-75
-81
-87
-102
-95
-99
-102
-93
-98
-95
-86
-95
-89
-79
-92
-82
-72
-75
-61
-58
-62
-49
-52
-65
-55
-67
-69
-59
-70
-64
-57
-67
-58
-48
-55
-41
-34
-31
-10
-3
9
39
51
67
97
99
114
141
141
161
180
186
209
220
226
238
230
221
230
215
206
205
188
178
166
149
135
117
92
75
55
25
2
-13
-32
-44
-53
-65
-71
-78
-94
-96
-101
-109
-109
-112
-116
-104
-103
-105
-96
-98
-96
-88
-90
-89
-84
-92
-94
-84
-95
-95
-85
-99
-94
-91
-113
-104
-103
-119
-105
-106
-109
-91
-94
-93
-69
-76
-62
-32
-40
-20
1
2
29
49
52
78
90
97
124
125
132
156
157
163
174
164
165
170
146
140
138
117
110
99
77
74
60
38
31
12
-14
-18
-37
-55
-53
-69
-73
-68
-81
-82
-84
-100
-96
-97
-112
-106
-105
-115
-107
-108
-114
-103
-108
-109
-101
-112
-112
-99
-104
-102
-92
-97
-92
-83
-92
-84
-75
-73
-56
-51
-47
-31
-21
-16
4
17
27
48
56
65
81
82
91
105
107
120
126
126
136
138
133
141
144
141
144
138
132
128
117
109
107
95
89
88
76
72
72
61
54
48
34
31
29
18
17
17
7
7
4
-2
-3
-13
-27
-27
-37
-51
-47
-57
-59
-55
-64
-63
-61
-76
-74
-72
-83
-80
-86
-90
-79
-82
-77
-65
-65
-58
-46
-44
-33
-22
-20
-10
-1
2
9
17
22
28
35
40
43
51
48
52
54
41
41
41
26
26
22
11
15
3
-2
2
-15
-17
-12
-28
-25
-30
-43
-32
-40
-48
-34
-38
-42
-34
-44
-41
-37
-50
-40
-33
-42
-28
-27
-31
-22
-28
-32
-23
-30
-28
-19
-23
-14
-12
-16
-11
-14
-15
-7
-9
-9
-3
-5
0
8
7
12
14
13
17
11
13
16
16
23
27
28
33
35
30
31
24
24
29
20
24
29
22
26
27
23
25
17
14
22
15
13
19
14
14
18
13
18
16
9
12
10
9
15
12
16
24
21
21
23
20
19
21
15
24
27
21
32
28
27
30
21
17
17
9
9
14
8
8
11
8
13
10
5
6
0
-5
-4
-7
-5
-1
0
3
8
7
11
13
8
8
5
1
0
-4
-5
-5
-13
-13
-13
-20
-18
-23
-28
-29
-36
-40
-40
-51
-50
-50
-59
-55
-57
-61
-52
-53
-52
-49
-50
-41
-36
-41
-34
-29
-31
-21
-17
-15
-6
-7
-5
4
-2
2
8
-1
2
5
-1
5
4
1
7
1
-2
4
-7
-9
-3
-13
-11
-10
-15
-5
-8
-9
0
-4
-2
5
2
5
12
10
19
16
15
21
15
16
21
20
25
30
27
36
35
33
38
28
29
27
18
22
23
14
20
16
16
21
10
17
17
8
17
17
11
11
8
9
10
5
10
6
3
11
8
7
9
6
10
10
4
10
5
4
8
-2
5
7
2
8
3
-1
5
-6
-3
4
-10
-3
0
-11
3
4
0
10
3
6
11
2
8
13
7
15
14
9
18
12
9
14
3
0
2
-7
0
-1
-8
-1
-6
-13
-7
-13
-20
-16
-24
-23
-23
-29
-20
-23
-32
-27
-27
-33
-26
-27
-30
-21
-23
-18
-14
-23
-17
-15
-24
-14
-17
-21
-14
-19
-17
-8
-16
-9
-6
-15
-5
-10
-19
-11
-19
-19
-7
-16
-13
-9
-16
-15
-15
-17
-10
-18
-18
-9
-17
-11
-3
-8
-2
2
-2
2
3
2
7
5
8
12
14
22
25
23
27
33
33
32
35
32
31
32
30
33
32
29
34
34
29
33
29
29
32
27
28
26
18
19
18
11
16
18
14
22
16
13
17
9
8
8
-1
1
2
-5
2
-2
-4
3
0
-7
-1
-5
-8
-7
-12
-8
-9
-19
-11
-12
-19
-14
-15
-16
-10
-16
-15
-9
-16
-14
-12
-15
-7
-4
-8
0
-2
-5
7
0
3
9
-3
1
2
-7
4
1
-3
10
1
-2
8
-6
-3
4
-8
-1
-1
-9
1
-10
-14
0
-15
-9
2
-15
-4
-2
-14
-3
-10
-13
0
-14
-9
-1
-15
-6
-6
-19
-6
-13
-20
-8
-21
-18
-9
-23
-17
-11
-24
-15
-18
-24
-12
-20
-17
-6
-17
-11
-6
-15
-2
-4
-8
6
0
4
12
1
10
15
5
14
14
13
21
12
15
20
11
17
18
13
19
14
14
17
8
13
12
8
14
9
6
10
4
7
6
2
13
9
6
13
5
7
12
5
12
10
3
15
3
-1
10
2
8
10
1
14
11
2
14
5
1
12
5
9
13
0
4
0
-5
6
-1
-1
9
-2
2
3
-2
5
-3
-5
1
-9
-6
-3
-13
-5
-4
-11
-2
-9
-8
0
-10
-3
2
-7
2
-2
-6
2
-9
-1
7
-4
5
5
0
9
3
0
10
3
6
11
3
9
6
2
13
2
0
6
-6
-3
-5
-10
-1
-6
-10
-2
-15
-15
-13
-27
-19
-22
-30
-18
-24
-26
-19
-29
-23
-18
-27
-15
-16
-26
-14
-21
-25
-13
-21
-18
-7
-17
-7
-5
-11
1
-4
-7
7
-4
0
9
0
8
7
-2
11
9
-1
9
-1
1
9
-4
2
8
-3
5
6
1
14
7
7
15
4
9
12
2
12
11
10
22
18
18
21
14
16
18
11
16
13
10
16
15
14
20
17
15
17
13
9
8
6
8
7
7
11
12
13
13
13
12
12
9
11
12
7
6
7
8
7
4
3
11
7
7
7
4
3
0
-2
-2
-3
-4
-4
-3
-1
-2
-6
-6
-7
-5
-8
-8
-5
-8
-8
-6
-6
-10
-11
-12
-13
-13
-14
-13
-14
-14
-13
-13
-14
-11
-14
-13
-10
-14
-15
-15
-14
-12
-14
-16
-15
-14
-16
-17
-17
-15
-14
-15
-13
-11
-13
-13
-9
-9
-8
-8
-5
-6
-7
-7
-6
-4
-3
-3
-3
1
0
1
5
3
5
5
3
4
3
0
4
2
2
7
5
7
9
7
8
8
7
7
8
6
5
5
7
8
7
9
12
10
10
14
10
10
9
8
12
12
11
14
14
12
13
9
9
10
3
5
5
4
7
4
6
10
5
5
6
1
3
0
2
3
1
2
4
5
5
5
5
7
7
9
9
4
7
5
5
9
5
7
7
1
5
3
0
4
0
-1
1
-4
-4
1
-2
1
4
1
1
-1
-1
1
-2
-3
-3
-3
-4
-6
-7
-5
-8
-10
-9
-9
-10
-9
-10
-12
-15
-17
-17
-16
-19
-21
-18
-21
-21
-23
-21
-18
-18
-18
-16
-15
-15
-11
-12
-9
-8
-10
-8
-9
-7
-6
-6
-3
0
2
3
7
8
9
10
8
9
7
5
8
8
7
10
10
9
8
6
7
5
3
3
1
1
6
7
8
11
11
10
11
7
5
5
3
3
4
3
3
3
2
4
4
3
3
0
-1
-2
-4
-6
-6
-5
-6
-8
-8
-8
-9
-9
-9
-8
-7
-9
-8
-9
-7
-5
-5
-3
-2
1
2
1
-2
-1
1
2
5
6
8
12
10
13
18
18
18
21
20
18
17
18
21
22
23
26
27
27
26
24
23
24
20
17
18
17
16
14
14
15
14
15
11
6
4
1
-1
-2
-4
-6
-9
-9
-6
-10
-12
-11
-13
-15
-17
-20
-21
-24
-28
-29
-27
-28
-27
-26
-28
-30
-29
-30
-30
-32
-32
-30
-33
-31
-30
-30
-29
-26
-25
-25
-24
-26
-23
-23
-21
-16
-16
-13
-9
-6
-1
0
2
4
4
4
8
7
12
16
17
19
22
25
27
28
27
27
23
23
22
22
21
21
18
20
22
20
22
22
19
17
15
12
12
12
10
11
10
11
10
6
5
4
2
-2
-3
-4
-3
-5
-5
-2
-4
-4
-6
-5
-8
-11
-13
-14
-14
-14
-14
-13
-11
-10
-9
-9
-9
-9
-12
-12
-8
-7
-4
-2
0
2
5
7
10
11
13
11
11
11
9
8
11
13
14
16
17
18
19
17
16
14
9
10
7
7
4
5
6
6
7
7
7
5
4
4
2
1
0
-2
-4
-3
-1
-2
0
-2
-2
-5
-7
-6
-10
-11
-8
-9
-11
-10
-11
-11
-13
-13
-11
-13
-13
-15
-18
-17
-19
-19
-16
-16
-14
-12
-13
-13
-12
-13
-12
-13
-13
-12
-14
-11
-10
-10
-6
-4
-3
-1
-3
-2
-1
-1
-1
2
3
3
4
6
5
6
7
4
3
5
4
5
4
5
9
7
7
10
10
10
9
8
11
10
10
9
6
8
7
7
10
9
11
11
9
9
8
4
3
2
2
3
3
5
4
4
4
5
3
4
4
2
2
1
1
-1
-1
0
-2
-2
-4
-3
-3
-3
-3
-3
0
-2
-2
-1
-1
-2
-1
-4
-3
-3
-4
-5
-5
-2
-3
-1
2
2
4
2
3
1
1
-1
0
1
1
2
3
5
5
5
6
7
6
6
6
6
5
7
5
6
7
8
8
8
8
8
7
6
6
6
3
2
1
0
0
-3
-3
-3
-5
-5
-7
-8
-8
-7
-7
-6
-6
-7
-9
-7
-6
-8
-11
-9
-8
-10
-12
-13
-12
-12
-13
-12
-13
-13
-15
-18
-19
-19
-21
-21
-19
-17
-18
-17
-16
-16
-14
-14
-12
-12
-11
-8
-8
-7
-6
-5
-2
2
5
6
8
7
6
9
9
12
10
11
12
11
14
12
14
12
12
15
14
12
12
12
13
14
14
17
18
17
18
18
17
16
16
17
17
17
15
14
15
14
14
13
13
10
9
8
8
6
6
6
6
7
6
5
4
2
0
-2
-4
-4
-7
-6
-7
-6
-6
-7
-8
-6
-7
-9
-8
-12
-11
-9
-9
-9
-8
-6
-8
-6
-7
-5
-5
-5
-6
-7
-5
-7
-8
-6
-5
-6
-6
-4
-4
-3
-4
-6
-7
-6
-6
-6
-5
-5
-4
-1
-3
-4
-5
-5
-5
-5
-5
-4
-2
-4
-2
-3
-5
-3
-4
-2
-3
-4
-4
-5
-4
-4
-3
-3
-3
-2
-1
-1
0
0
-2
-3
-4
-6
-4
-5
-5
-4
-1
0
1
0
2
1
-1
0
-2
-2
-4
-2
-2
-4
-1
0
0
3
3
5
3
1
2
1
2
3
4
5
6
9
10
11
12
12
11
9
6
6
6
7
8
9
10
11
13
12
12
10
8
8
9
6
6
7
8
9
10
11
9
9
7
6
3
1
-1
-5
-2
-1
-1
2
2
3
3
1
-1
-4
-6
-5
-6
-6
-4
-4
-4
-2
-2
-1
-1
-3
-3
-3
-6
-8
-6
-6
-5
-4
-5
-4
-2
-2
-2
-3
-5
-3
-4
-5
-4
-3
-2
-1
1
0
0
1
0
0
-1
-1
-2
-3
-2
-2
-1
-1
2
2
3
2
1
1
-2
-3
-4
-5
-6
-6
-4
-6
-5
-4
-4
-5
-6
-8
-8
-7
-8
-9
-8
-9
-9
-8
-8
-9
-8
-5
-7
-9
-10
-10
-10
-10
-7
-9
-6
-3
-3
-3
-1
0
1
0
2
0
-1
2
4
3
5
8
7
9
9
9
9
9
9
10
8
7
8
7
9
7
8
7
9
9
9
9
13
11
10
10
9
9
9
10
8
10
6
7
7
8
8
8
9
9
8
7
7
8
6
5
6
5
6
4
2
2
3
2
2
3
1
1
1
2
4
2
2
2
0
0
0
-1
-2
-3
-3
-4
-6
-6
-6
-7
-5
-7
-7
-10
-11
-12
-15
-11
-12
-13
-12
-12
-13
-11
-11
-11
-9
-8
-8
-8
-8
-7
-8
-7
-5
-7
-3
-4
-3
-4
-3
-2
-4
-4
-5
-3
-1
-2
-2
1
-1
-1
-2
-1
-3
-1
-1
-1
-2
-2
-4
-7
-5
-6
-6
-5
-2
-2
-2
-1
0
0
0
1
1
1
3
2
3
4
5
4
3
2
0
2
2
4
4
3
4
5
6
5
4
2
3
2
1
3
2
3
5
4
4
3
4
4
5
4
4
3
1
1
1
1
2
3
5
5
6
7
8
7
6
6
6
5
7
8
9
9
9
7
7
7
7
7
8
8
9
9
7
7
6
8
7
7
7
7
6
5
5
5
4
2
3
1
1
2
1
3
1
0
0
0
-3
-5
-6
-7
-9
-9
-11
-12
-14
-14
-16
-17
-17
-17
-18
-16
-16
-15
-14
-13
-12
-12
-13
-10
-8
-9
-9
-9
-8
-7
-8
-8
-8
-6
-6
-5
-5
-4
-2
-1
-1
-1
-1
0
0
1
2
4
4
5
7
9
7
8
6
6
8
3
4
1
0
0
1
-1
-1
0
0
-2
-4
-3
-5
-6
-7
-5
-4
-5
-4
1
1
2
2
3
4
4
5
4
4
1
2
4
2
2
4
3
3
4
5
6
4
6
5
5
2
1
0
-1
-1
-1
0
1
1
3
3
3
5
5
6
6
8
7
5
5
5
6
4
5
5
6
6
7
7
6
4
5
5
3
4
6
5
5
7
7
8
7
8
8
9
9
8
7
7
6
7
5
5
6
2
3
4
5
2
1
3
2
1
0
2
-1
0
1
-1
-1
-3
-5
-5
-6
-7
-9
-10
-12
-12
-10
-10
-11
-13
-12
-11
-10
-12
-13
-14
-15
-17
-18
-17
-18
-18
-15
-15
-12
-15
-15
-14
-14
-13
-14
-12
-12
-14
-12
-9
-10
-9
-9
-8
-6
-5
-5
-6
-5
-3
-2
-1
-1
-1
1
1
3
4
2
2
3
2
4
7
8
8
8
10
9
9
9
8
8
8
8
6
8
7
8
8
8
8
9
10
11
11
10
13
13
15
14
15
16
15
16
13
12
10
10
9
7
8
8
8
7
6
5
5
6
4
3
2
1
1
0
0
-1
-1
-1
1
-1
1
0
1
2
3
3
3
2
1
3
2
2
2
2
1
0
0
1
0
-1
-1
0
0
0
0
0
0
0
2
3
1
1
0
-2
-2
-3
-3
-5
-4
-5
-6
-5
-5
-6
-8
-8
-8
-8
-10
-11
-8
-8
-8
-9
-8
-8
-9
-9
-8
-10
-9
-11
-10
-11
-11
-12
-13
-11
-12
-13
-13
-13
-13
-12
-14
-13
-11
-10
-8
-7
-6
-8
-7
-5
-5
-5
-5
-4
-6
-5
-3
-4
-1
-1
-1
0
0
0
-2
-2
-1
1
1
2
4
4
7
6
6
8
9
7
8
9
11
13
13
14
10
13
13
12
11
12
12
12
13
13
13
15
12
12
13
12
10
10
10
12
12
9
9
9
6
6
7
7
7
5
5
7
6
6
5
7
5
5
3
3
3
1
2
1
3
3
1
2
2
3
2
1
0
-1
-2
-4
-3
-3
-2
0
-1
1
-1
-1
-1
-3
-3
-4
-2
-4
-3
-2
-2
-1
-1
0
2
3
2
1
-1
-2
-3
-4
-4
-6
-6
-5
-5
-7
-7
-6
-8
-7
-7
-9
-10
-11
-11
-13
-11
-12
-13
-12
-10
-10
-12
-12
-13
-14
-15
-14
-16
-19
-19
-19
-19
-18
-17
-15
-15
-13
-12
-13
-13
-12
-11
-10
-10
-8
-8
-8
-5
-2
-2
0
0
2
2
2
2
1
2
6
6
8
10
10
12
14
14
14
13
13
14
13
16
17
18
19
19
21
19
19
17
18
16
15
16
14
12
13
14
13
12
11
11
9
7
7
7
5
6
4
4
4
3
4
4
5
5
4
3
2
3
2
2
1
0
3
2
2
4
2
2
2
1
0
-2
-2
-2
-2
-1
-3
-2
-2
-2
-2
-2
-2
-3
-3
-3
-4
-6
-7
-5
-7
-6
-4
-4
-4
-3
-2
-1
-2
-4
-4
-5
-4
-4
-4
-6
-6
-5
-4
-4
-5
-4
-5
-5
-5
-2
-4
-3
-3
-4
-3
-4
-5
-7
-6
-7
-8
-8
-7
-8
-8
-6
-7
-8
-9
-9
-7
-8
-11
-11
-11
-12
-12
-9
-10
-12
-12
-11
-11
-11
-11
-10
-9
-10
-9
-6
-5
-5
-6
-4
-3
-5
-4
-3
-3
1
0
2
4
4
4
4
4
6
5
6
7
8
9
9
11
13
13
13
11
14
14
14
15
12
13
13
12
14
13
11
12
12
11
8
9
9
9
10
9
8
8
8
8
8
8
6
5
3
4
2
2
2
2
3
0
0
0
0
-2
2
0
0
1
0
2
0
0
1
3
1
0
0
-1
1
2
1
1
2
3
3
3
4
4
3
2
3
3
5
2
0
6
4
2
4
0
-1
-1
0
-1
-1
-1
-1
0
0
-1
-3
-1
-2
-2
-4
-5
-5
-7
-7
-8
-7
-9
-10
-9
-10
-9
-10
-10
-10
-8
-8
-8
-7
-8
-8
-8
-11
-13
-16
-16
-16
-16
-15
-17
-16
-16
-15
-16
-16
-15
-15
-15
-13
-11
-12
-9
-10
-12
-13
-13
-13
-15
-11
-10
-10
-9
-8
-7
-7
-7
-6
-6
-5
-2
-2
1
3
6
7
7
8
11
11
11
11
9
11
10
10
12
12
15
16
17
19
19
17
17
17
16
15
16
19
19
20
22
22
22
22
21
21
20
19
19
19
18
18
17
17
16
17
16
15
12
11
9
7
6
6
7
4
5
6
6
5
3
3
2
-1
0
-1
-2
-4
-3
-4
-6
-6
-4
-5
-5
-6
-8
-7
-9
-7
-10
-10
-10
-13
-11
-9
-11
-12
-12
-13
-14
-13
-13
-13
-14
-12
-12
-11
-11
-11
-9
-12
-13
-12
-14
-14
-16
-16
-14
-14
-13
-11
-9
-10
-6
-7
-6
-6
-7
-7
-6
-5
-6
-4
-3
0
1
-1
-2
-2
-2
-5
-4
-2
-4
-4
-4
-3
-4
-6
-4
-6
-5
-4
-6
-6
-7
-9
-11
-10
-10
-9
-8
-8
-5
-4
-5
-4
-3
-2
-1
-1
1
1
2
4
6
7
8
10
10
11
8
10
10
10
8
10
10
11
12
11
11
12
13
14
12
12
13
14
14
14
13
14
16
16
16
17
16
18
18
19
18
18
18
16
16
16
15
15
15
15
16
18
18
18
16
14
12
11
9
6
4
3
4
3
0
1
1
-1
-1
-1
-1
-4
-5
-5
-6
-7
-8
-10
-10
-10
-10
-12
-14
-14
-14
-17
-17
-16
-18
-17
-17
-17
-18
-17
-17
-16
-17
-19
-17
-17
-17
-16
-15
-14
-14
-13
-15
-12
-14
-13
-14
-13
-11
-11
-9
-12
-10
-9
-9
-7
-6
-6
-4
-4
-2
-3
-4
-2
-1
-2
-1
-1
0
-1
-1
-2
-3
-2
0
0
-1
-1
0
-2
-2
-1
-1
-2
0
1
0
-1
2
2
1
0
0
1
1
1
3
5
7
6
8
6
7
7
9
8
5
7
7
7
4
5
6
6
6
7
7
5
4
5
6
3
3
3
3
5
5
7
8
6
7
7
8
8
9
10
11
12
15
15
15
17
17
16
17
17
18
18
18
19
20
19
20
19
21
19
19
19
17
14
16
13
10
11
9
6
6
4
2
-1
-2
-2
-4
-3
-6
-7
-9
-10
-12
-13
-14
-15
-15
-14
-15
-14
-16
-19
-20
-21
-22
-22
-21
-21
-21
-22
-21
-21
-20
-17
-18
-19
-18
-19
-20
-19
-20
-20
-18
-18
-16
-15
-15
-14
-13
-12
-11
-11
-13
-12
-14
-11
-10
-8
-9
-11
-10
-6
-7
-6
-4
-3
-1
0
1
2
3
4
4
2
4
5
6
6
6
7
6
7
6
7
7
8
8
6
7
7
6
8
8
9
8
9
10
12
11
11
12
12
13
13
14
15
16
15
14
15
14
13
13
11
10
10
9
9
7
6
7
6
6
6
5
5
4
4
3
2
3
4
3
4
5
6
5
3
3
6
6
6
7
6
7
5
4
6
6
4
4
4
4
3
2
4
6
5
6
7
5
5
5
4
5
3
3
3
2
2
1
0
-1
-3
-3
-7
-9
-10
-10
-10
-11
-9
-10
-10
-10
-8
-10
-11
-12
-11
-15
-16
-16
-18
-17
-16
-14
-13
-16
-14
-16
-16
-17
-18
-16
-17
-16
-15
-15
-14
-13
-12
-11
-10
-9
-9
-8
-5
-4
-4
-4
-3
-3
-4
-3
-1
0
-1
2
2
3
2
1
1
0
0
-1
-1
0
0
0
3
5
3
3
3
5
2
5
7
9
9
11
9
10
11
10
8
7
6
5
4
4
6
5
6
6
8
7
5
4
4
3
1
2
2
4
5
5
7
7
8
8
10
10
7
9
7
5
6
7
7
8
6
8
8
7
7
8
8
7
7
6
4
8
8
6
7
5
4
5
6
5
5
7
7
9
9
8
9
7
9
9
8
6
6
5
5
2
1
5
1
0
1
-1
-2
-3
-1
-2
-3
-3
-4
-4
-4
-4
-8
-7
-8
-10
-10
-10
-12
-12
-13
-13
-13
-14
-18
-17
-17
-18
-18
-16
-13
-15
-13
-12
-13
-14
-15
-16
-18
-19
-21
-19
-20
-18
-18
-17
-13
-14
-11
-11
-13
-13
-11
-10
-12
-11
-7
-5
-4
-5
-4
-2
1
0
2
3
4
5
7
8
8
8
7
11
10
9
10
10
12
12
12
12
13
14
11
12
11
10
9
8
7
9
7
9
10
9
10
10
8
8
9
10
7
7
9
6
5
6
7
7
4
6
6
6
4
3
4
5
9
7
5
10
9
8
8
7
8
7
6
8
7
5
6
5
5
3
2
1
2
1
0
1
-1
0
4
3
1
1
1
1
-1
-2
0
2
1
1
1
0
1
2
2
1
-2
0
-1
0
-1
0
3
3
4
3
4
3
0
0
-3
-3
-6
-7
-6
-6
-5
-7
-7
-7
-9
-11
-13
-13
-12
-15
-17
-17
-18
-17
-17
-17
-16
-16
-16
-16
-16
-16
-20
-19
-17
-17
-16
-15
-17
-15
-15
-16
-13
-11
-10
-8
-6
-6
-5
-6
-7
-6
-5
-4
-5
-3
-1
-1
0
2
2
1
4
5
5
7
10
10
11
13
13
14
14
16
16
16
15
16
15
15
16
17
17
17
14
12
13
13
12
11
9
9
11
10
10
10
10
9
10
9
5
5
5
5
6
7
6
5
7
6
5
5
7
5
5
6
6
5
4
3
4
4
2
4
5
2
3
3
3
1
3
4
2
1
2
2
2
2
2
3
2
1
1
0
-3
-4
-2
-3
-6
-7
-8
-8
-8
-9
-8
-9
-8
-7
-9
-11
-11
-11
-11
-11
-9
-8
-9
-6
-5
-4
-4
-7
-5
-6
-7
-6
-7
-8
-9
-7
-8
-6
-4
-3
-5
-4
-4
-4
-5
-7
-8
-7
-7
-7
-6
-6
-7
-6
-5
-5
-4
-4
-4
-5
-6
-4
-4
-5
-5
-4
-4
-5
-5
-4
-5
-4
-4
-5
-3
-5
-4
-5
-7
-4
-3
-1
1
1
0
2
3
4
2
1
2
4
5
6
5
7
7
6
6
8
8
8
9
10
8
7
6
7
6
7
8
7
6
7
9
7
6
4
6
7
7
8
10
11
11
11
9
10
8
9
11
12
14
14
13
14
13
13
10
11
13
12
11
10
13
11
11
11
11
9
6
4
4
1
-2
-1
-1
-1
1
0
-1
-1
1
0
-3
-3
-4
-6
-8
-6
-6
-9
-7
-5
-7
-8
-8
-11
-11
-11
-13
-13
-14
-13
-14
-17
-13
-15
-15
-15
-17
-16
-18
-16
-16
-16
-14
-12
-15
-16
-13
-13
-14
-14
-12
-12
-11
-10
-10
-7
-7
-7
-6
-5
-4
-4
-6
-4
-4
-3
-2
0
0
-1
-1
0
-1
-4
-2
-4
-3
-1
0
1
3
4
2
4
7
7
6
8
9
7
7
11
11
10
9
7
6
8
6
6
7
9
13
13
13
15
16
13
11
14
12
10
11
10
8
9
9
8
9
10
8
7
6
6
4
4
3
5
6
6
5
5
5
2
0
2
-1
-1
1
0
-2
0
0
-2
-1
-2
0
-2
-3
-3
-3
-3
-3
-4
-3
-2
0
2
3
2
2
3
1
0
0
1
2
2
2
2
3
4
6
5
2
5
6
4
2
1
1
1
-1
-1
-1
-3
-6
-2
-5
-6
-7
-8
-8
-10
-10
-10
-10
-10
-12
-11
-11
-12
-12
-13
-14
-14
-16
-16
-16
-16
-16
-13
-13
-13
-9
-6
-7
-9
-10
-9
-11
-11
-11
-10
-10
-7
-5
-4
-2
0
2
3
2
1
4
3
4
4
3
6
6
7
6
8
7
8
8
8
10
10
10
9
11
9
10
12
10
8
7
8
9
10
11
11
11
11
8
6
6
6
6
7
5
3
1
1
0
1
0
-2
-1
1
1
1
0
2
3
4
3
1
2
1
1
2
1
1
3
1
2
1
0
-1
-2
-4
-7
-6
-6
-5
-4
-5
-2
0
-1
-1
1
1
-1
-2
0
1
2
2
2
3
4
5
7
7
5
8
4
6
5
5
7
8
7
8
7
7
6
5
3
3
4
4
3
4
2
1
-2
-2
-3
-5
-4
-4
-4
-4
-2
-2
-6
-6
-7
-5
-7
-9
-7
-5
-5
-6
-6
-9
-9
-9
-9
-11
-12
-11
-12
-15
-17
-17
-16
-16
-15
-14
-14
-14
-17
-16
-17
-17
-16
-15
-14
-11
-10
-9
-7
-4
-4
-4
-3
-1
-2
-3
-1
3
3
2
7
10
7
7
8
8
8
7
9
10
10
11
12
12
15
12
11
11
10
10
7
7
6
6
7
11
11
10
11
11
9
9
9
10
8
8
10
10
12
12
13
13
13
13
12
11
10
8
9
9
8
8
9
9
7
7
5
2
1
2
2
2
0
1
-1
-4
-4
-5
-8
-8
-6
-8
-5
-6
-7
-8
-7
-7
-9
-6
-7
-8
-8
-7
-7
-9
-6
-6
-7
-7
-6
-4
-6
-7
-5
-7
-8
-7
-7
-6
-7
-8
-5
-8
-7
-9
-11
-7
-8
-8
-6
-2
-3
-4
-2
-2
-4
-3
-1
-2
-4
-2
0
-2
-2
-1
-2
-2
-2
-4
-4
0
-3
-2
1
-3
-1
0
1
1
-1
-1
1
1
-1
2
0
0
3
2
0
1
2
0
-2
-1
-2
-1
-2
0
1
0
3
3
2
4
2
1
3
3
3
3
3
3
2
3
3
1
0
3
0
0
3
2
2
5
7
5
6
6
5
4
4
4
2
2
2
3
3
3
5
5
5
7
7
10
10
11
10
10
9
7
6
6
8
5
7
7
7
9
8
9
8
10
8
7
5
5
4
3
3
2
1
1
2
1
-2
-2
-2
-5
-8
-7
-8
-10
-10
-9
-9
-11
-9
-9
-8
-7
-6
-7
-7
-7
-8
-7
-7
-6
-7
-8
-9
-9
-10
-10
-11
-10
-9
-10
-7
-7
-8
-6
-6
-7
-5
-5
-3
-3
-2
1
1
1
2
-1
-2
-2
-2
-3
-5
-7
-5
-4
-3
-3
-2
0
0
2
2
1
2
0
0
0
-1
1
2
3
2
5
4
4
4
2
-1
-2
-2
-2
0
1
1
1
2
2
2
-1
-1
-2
-1
2
1
3
4
6
5
6
5
2
4
5
4
4
7
9
7
5
7
6
6
7
5
2
2
5
6
4
5
7
8
7
7
7
7
5
7
8
6
4
6
6
5
3
5
5
4
5
3
5
4
3
4
0
-1
-2
0
1
0
2
1
3
6
5
5
6
4
4
2
0
0
1
0
0
1
2
1
-1
0
-1
-5
-6
-6
-8
-9
-8
-8
-8
-11
-11
-11
-13
-14
-17
-16
-16
-15
-14
-11
-10
-12
-10
-10
-11
-11
-10
-10
-13
-11
-10
-10
-10
-7
-5
-5
-4
-4
-6
-5
-4
-5
-7
-6
-3
-3
-1
2
4
5
6
6
5
4
5
6
6
6
6
7
5
6
6
6
4
7
8
7
7
4
4
4
4
4
3
2
3
5
5
5
7
6
5
6
4
6
6
6
5
3
3
3
3
4
4
7
7
5
5
5
5
4
3
4
2
2
4
4
3
4
5
4
6
4
2
4
4
5
5
5
5
5
5
5
2
0
2
1
-1
0
0
0
-2
-1
1
-1
-3
-3
-2
-4
-5
-3
-2
-4
-4
-2
-2
-3
-4
-5
-7
-7
-6
-5
-8
-7
-7
-6
-6
-6
-5
-3
-4
-4
-4
-3
-5
-6
-4
-5
-3
-4
-3
-3
-4
-5
-5
-4
-2
-4
-3
0
0
-2
-2
0
-1
-5
-1
-1
-4
-2
-1
-2
-3
-2
-1
-2
-2
-3
-3
-4
-3
0
0
-1
2
3
1
-1
-1
2
2
0
0
0
0
0
1
0
1
0
1
0
-1
-1
-2
-1
1
-3
-1
2
1
1
2
1
-1
0
0
1
1
2
2
3
3
2
4
4
1
0
-1
-1
-2
0
0
1
1
0
-1
0
-2
0
0
2
3
4
5
4
5
8
8
7
8
9
8
9
10
11
11
11
12
9
10
11
10
9
11
11
9
7
6
6
6
6
7
7
5
5
6
6
4
3
3
3
3
3
2
0
0
-2
-5
-6
-8
-8
-7
-7
-8
-7
-9
-9
-8
-9
-10
-12
-12
-13
-12
-12
-12
-12
-12
-11
-11
-12
-11
-10
-10
-10
-9
-9
-10
-10
-9
-6
-8
-8
-9
-7
-4
-6
-7
-8
-4
-5
-5
-5
-4
-3
-5
-6
-4
-4
-6
-6
-3
-2
-3
-4
-1
1
0
0
0
0
-1
-2
0
3
3
4
5
6
5
6
8
8
6
7
7
9
10
10
9
9
10
10
10
10
13
11
11
10
11
12
11
9
12
11
8
7
8
6
5
5
2
2
0
1
0
-1
0
2
2
0
1
1
0
3
3
1
1
1
1
0
2
1
0
-2
-2
0
-2
-4
-2
-3
-6
-3
-3
-3
-2
0
3
1
1
2
2
2
3
3
3
4
4
4
4
4
3
2
2
0
0
-2
-2
-2
-2
-3
-4
-3
-4
-3
-2
-5
-3
-5
-8
-6
-9
-7
-6
-6
-5
-4
-2
-4
-3
-4
-4
-4
-5
-5
-3
-2
-5
-1
-3
-3
-4
-3
-1
-5
-4
-3
-3
-5
-5
-4
-5
-3
-5
-6
-4
-6
-7
-7
-7
-7
-8
-8
-8
-8
-8
-6
-4
-7
-8
-5
-5
-6
-6
-5
-5
-5
-4
-4
-5
-3
-2
0
2
3
1
2
1
2
1
2
2
3
2
4
4
4
6
7
7
8
11
10
11
14
13
11
13
14
14
13
13
12
13
11
12
12
11
12
12
10
12
8
8
9
9
8
9
9
5
5
5
5
5
6
7
6
5
5
5
6
4
4
6
3
3
1
1
0
0
-1
-1
-2
-3
-2
-4
-5
-4
-6
-5
-4
-6
-5
-5
-4
-2
-3
-4
-5
-3
-3
-6
-4
-4
-6
-6
-7
-6
-8
-6
-6
-7
-6
-7
-6
-9
-10
-8
-10
-8
-8
-10
-10
-11
-11
-12
-10
-9
-9
-8
-8
-9
-9
-9
-11
-9
-9
-9
-9
-7
-6
-6
-7
-6
-4
-3
-5
-5
-4
-4
-4
-3
-2
-3
-4
-4
-2
-1
-1
-2
0
0
0
2
3
2
4
4
3
4
5
3
2
1
3
5
4
7
7
9
8
6
7
7
7
8
7
7
8
11
10
10
9
10
8
10
8
9
9
10
10
11
12
11
10
9
10
9
8
8
9
6
4
8
6
4
3
4
5
4
4
4
4
4
4
4
3
4
6
3
4
4
4
4
5
6
4
3
2
3
4
3
1
1
2
-2
-2
0
0
0
0
-1
-1
-2
-4
-5
-4
-4
-3
-5
-4
-7
-8
-8
-10
-7
-8
-9
-9
-11
-10
-10
-13
-12
-13
-12
-13
-14
-15
-14
-13
-13
-14
-14
-14
-13
-13
-12
-12
-14
-14
-13
-15
-14
-13
-13
-11
-11
-9
-11
-9
-9
-10
-8
-7
-7
-6
-3
-4
-3
-1
-3
0
3
4
4
5
8
6
5
7
7
5
6
9
9
8
8
10
9
9
10
11
10
13
13
12
13
10
12
11
11
12
13
12
9
10
10
9
9
8
9
9
7
8
6
7
6
3
6
4
4
4
4
5
3
2
3
2
3
5
3
1
3
5
4
4
6
6
4
4
5
3
3
2
2
1
1
1
2
1
0
1
0
2
1
1
2
1
-2
-1
0
-1
-2
-1
0
1
2
2
1
2
2
0
0
0
1
-1
-1
1
-1
-2
-1
-1
-3
0
-1
-2
-2
-4
-5
-5
-6
-6
-6
-8
-7
-8
-9
-10
-10
-9
-11
-10
-9
-10
-9
-10
-12
-13
-13
-12
-14
-11
-12
-12
-13
-11
-13
-14
-13
-14
-15
-16
-15
-17
-15
-16
-15
-14
-13
-14
-13
-11
-12
-12
-9
-10
-7
-6
-6
-5
-6
-3
-5
-5
-4
0
-1
0
5
6
8
8
10
12
13
14
17
17
16
16
16
18
19
20
20
23
21
23
23
24
23
23
23
22
20
20
21
19
20
20
22
22
19
21
20
19
18
16
14
11
11
9
8
9
8
8
5
4
1
2
0
-2
-4
-5
-4
-4
-5
-7
-6
-7
-5
-8
-7
-6
-5
-6
-9
-10
-12
-14
-15
-14
-14
-15
-14
-12
-12
-12
-11
-12
-13
-14
-13
-13
-16
-14
-13
-12
-10
-7
-5
-5
-5
-6
-5
-5
-5
-7
-5
-6
-5
-3
-4
-4
-4
-3
-4
-5
-4
-5
-5
-4
-5
-7
-7
-4
-4
-4
-5
-4
-2
-3
-4
-3
-3
-1
0
-1
1
1
-1
3
0
0
0
-1
-2
0
-1
-1
0
1
0
-1
-2
-3
-3
-2
-4
-4
-5
-3
-3
-4
-4
-1
-1
-2
0
-2
-3
-2
0
-2
-2
0
1
1
1
0
1
3
2
1
3
2
2
4
7
8
10
10
13
14
12
11
12
12
14
13
14
16
15
16
17
17
16
14
15
16
15
15
15
16
15
14
15
15
14
14
13
12
9
9
9
6
6
5
3
3
2
3
3
2
3
2
0
-1
1
-3
-4
-3
-5
-4
-5
-5
-5
-5
-8
-10
-10
-13
-15
-17
-15
-17
-18
-18
-17
-17
-17
-17
-15
-13
-14
-16
-15
-14
-14
-13
-11
-9
-9
-9
-7
-9
-9
-9
-7
-8
-7
-6
-7
-7
-4
-5
-5
-7
-7
-6
-6
-5
-7
-4
-3
-5
-5
-4
-4
-4
-5
-7
-6
-2
-1
-2
0
1
2
-1
2
3
2
2
3
1
2
1
3
1
-1
1
1
2
0
0
1
3
3
4
5
4
6
4
4
4
4
5
3
4
6
7
6
8
8
8
7
6
7
9
9
8
9
10
11
11
11
12
11
11
11
12
13
11
11
13
12
11
11
8
9
7
9
9
7
8
8
5
5
4
3
4
3
3
4
2
3
3
4
5
1
1
1
-2
0
0
-1
0
-3
-2
-2
-2
-5
-6
-1
-1
-4
-3
-2
-4
-5
-3
-4
-5
-4
-6
-6
-8
-5
-6
-6
-4
-3
-5
-5
-5
-6
-6
-7
-5
-5
-7
-7
-8
-7
-9
-10
-9
-10
-13
-15
-15
-14
-15
-15
-12
-14
-14
-10
-10
-13
-11
-9
-10
-10
-7
-6
-5
-6
-3
-3
-6
-5
-4
-4
-5
-3
-2
-1
2
0
1
0
2
2
1
3
1
1
1
3
5
3
2
2
3
2
3
4
3
3
3
4
4
3
5
5
2
5
3
2
1
1
3
1
0
1
2
2
3
2
4
5
5
5
5
6
7
6
6
7
5
7
9
10
12
12
10
11
12
9
9
10
10
10
10
9
11
11
11
12
12
13
12
13
16
15
16
16
16
16
15
14
14
13
12
11
10
9
5
6
4
2
1
1
2
-1
0
1
-1
-2
-5
-6
-8
-10
-11
-11
-13
-13
-11
-13
-14
-13
-12
-15
-15
-15
-15
-16
-16
-17
-16
-15
-16
-16
-20
-19
-19
-19
-19
-19
-17
-18
-17
-16
-18
-17
-15
-17
-15
-12
-14
-12
-11
-10
-9
-8
-6
-9
-10
-7
-8
-6
-6
-5
-3
0
0
-1
-1
1
-1
-1
2
1
1
4
5
5
5
7
7
8
9
8
8
7
11
10
9
12
10
10
13
14
13
14
12
10
13
11
7
7
9
10
8
8
9
7
6
6
6
4
5
6
4
4
5
6
6
6
5
5
5
4
5
5
7
7
7
8
8
7
6
5
5
6
6
6
8
8
6
8
8
6
6
9
6
4
6
6
6
7
7
6
5
6
5
6
7
5
6
6
5
7
5
3
2
2
2
-1
-4
-2
-5
-5
-6
-7
-9
-10
-12
-11
-11
-12
-12
-14
-13
-14
-16
-15
-14
-18
-17
-15
-18
-18
-17
-18
-19
-15
-15
-19
-16
-16
-18
-16
-14
-15
-12
-11
-12
-12
-11
-11
-13
-11
-8
-9
-8
-7
-8
-7
-3
-4
-5
1
0
0
