2
0
0
-1
0
2
4
7
4
3
4
1
3
4
4
3
3
4
3
3
4
7
8
11
10
8
9
9
6
6
8
9
9
11
8
7
4
5
4
5
6
7
7
4
4
1
0
-2
0
3
6
9
9
8
2
1
-1
-1
1
3
6
8
6
1
-3
-5
-6
-4
-2
3
7
8
6
1
-2
-7
-11
-7
0
3
7
11
7
3
-6
-13
-14
-16
-12
-7
-4
-3
-4
-7
-13
-21
-22
-24
-23
-18
-14
-12
-13
-18
-23
-27
-26
-24
-18
-14
-9
-10
-10
-13
-19
-20
-18
-13
-8
-2
0
0
1
-2
-6
-4
-5
-1
3
5
4
5
4
2
2
6
7
10
16
17
15
11
7
1
1
2
4
11
14
16
18
16
7
0
-4
-6
-6
2
7
12
15
12
5
0
-3
-8
-7
-1
2
3
6
8
4
4
1
-5
-5
-4
-2
-1
2
5
5
3
2
4
4
5
6
8
10
13
17
17
14
14
11
9
9
10
12
16
18
16
15
13
8
6
6
4
4
7
9
10
9
8
8
6
3
3
2
-1
-2
0
1
0
-2
-2
-2
-4
-3
-1
-5
-8
-9
-11
-12
-9
-10
-6
-4
-5
-6
-8
-9
-12
-11
-11
-10
-7
-4
-6
-4
-4
-9
-11
-10
-8
-8
-6
-8
-11
-14
-13
-14
-15
-11
-11
-11
-7
-8
-11
-12
-13
-13
-11
-8
-7
-6
-6
-5
-5
-4
-8
-11
-10
-10
-9
-5
0
-1
-3
-3
-7
-10
-9
-6
-3
-1
-1
2
1
2
2
-1
-3
-3
-2
3
5
9
10
8
10
8
5
3
0
-1
2
5
10
13
13
15
13
10
10
9
5
5
9
12
12
15
15
12
9
7
5
6
6
11
11
13
13
10
10
7
4
5
5
5
8
8
6
7
8
7
5
6
8
7
7
3
2
1
1
6
9
11
12
11
7
4
1
0
0
1
5
7
10
11
6
-1
-5
-8
-8
-6
-1
5
8
6
0
-3
-6
-11
-10
-8
-5
-2
0
0
-4
-10
-15
-16
-16
-13
-9
-5
-2
-4
-6
-9
-11
-11
-10
-10
-8
-6
-8
-6
-8
-12
-12
-13
-12
-9
-9
-13
-13
-15
-17
-16
-15
-12
-13
-11
-9
-10
-12
-13
-13
-15
-13
-10
-5
-2
-4
-6
-6
-7
-8
-4
-2
-1
2
2
1
-4
-4
-4
-1
6
11
15
16
15
10
4
-3
-2
-2
2
10
16
20
16
12
6
0
-4
-2
0
5
12
15
15
12
11
6
5
7
10
10
10
13
12
11
9
7
5
4
3
6
7
7
8
8
8
9
6
5
5
4
3
4
5
6
8
8
7
4
4
1
-1
-2
0
2
5
9
9
5
2
0
-5
-5
-3
-1
0
2
3
3
1
-1
0
-1
1
3
6
6
5
2
1
0
-1
1
3
6
9
10
10
7
2
0
-2
-4
-5
-4
0
1
2
1
-1
-1
-4
-6
-7
-6
-4
-6
-4
-6
-9
-11
-13
-14
-16
-16
-17
-16
-17
-18
-17
-17
-19
-16
-14
-15
-16
-16
-15
-14
-12
-12
-12
-11
-12
-12
-11
-10
-11
-10
-8
-10
-11
-10
-12
-12
-12
-12
-10
-11
-12
-11
-10
-8
-7
-5
1
3
3
3
-2
-4
-1
1
3
10
12
10
11
11
8
5
5
6
7
11
17
18
20
18
17
16
15
15
17
22
25
28
30
29
26
24
22
23
23
24
25
24
22
19
17
14
13
14
12
12
14
11
10
7
5
3
4
3
1
2
2
1
-3
-5
-7
-9
-8
-6
-7
-9
-8
-8
-11
-13
-11
-12
-14
-15
-14
-15
-16
-14
-16
-16
-13
-11
-8
-8
-7
-10
-8
-8
-8
-7
-9
-10
-10
-7
-5
-3
-1
1
0
1
0
-2
0
1
3
5
5
8
5
2
2
0
1
3
5
7
7
6
6
2
-1
-3
-6
-7
-3
-2
0
-1
-3
-5
-8
-11
-12
-12
-10
-8
-7
-7
-7
-11
-13
-14
-16
-18
-20
-16
-14
-15
-17
-14
-14
-17
-19
-19
-18
-18
-16
-14
-15
-11
-9
-10
-6
-3
-4
-4
-1
-1
1
4
7
8
9
10
12
10
7
10
12
13
17
18
21
20
16
15
13
12
14
15
18
20
19
21
19
18
18
17
17
17
18
21
19
18
19
18
18
18
17
15
15
14
14
14
12
12
11
10
11
9
8
7
8
4
2
2
-2
1
4
2
2
0
-3
-7
-6
-6
-6
-8
-7
-5
-9
-9
-6
-7
-6
-7
-6
-9
-11
-14
-15
-13
-14
-17
-18
-17
-18
-18
-18
-19
-19
-19
-18
-16
-16
-16
-16
-15
-15
-15
-13
-11
-8
-8
-5
-5
-6
-4
-5
-5
-3
-2
-2
-1
2
1
3
6
5
3
4
7
3
2
3
4
3
2
4
0
0
0
-2
-4
-6
-7
-11
-10
-9
-8
-7
-7
-6
-8
-10
-10
-10
-11
-10
-8
-6
-5
-1
0
4
2
4
5
3
4
0
1
1
1
0
4
5
4
7
8
5
6
6
7
8
8
9
7
8
7
6
7
9
12
13
12
12
12
14
13
11
10
9
11
14
14
14
13
12
10
10
8
10
15
16
18
19
18
16
17
17
14
12
15
14
12
10
9
5
4
6
4
3
4
1
-2
-3
-3
-2
-7
-5
-3
-5
-7
-8
-7
-9
-11
-10
-8
-10
-12
-12
-12
-15
-13
-13
-12
-12
-13
-15
-16
-15
-18
-17
-16
-15
-15
-14
-15
-17
-16
-15
-15
-13
-7
-6
-5
-4
-4
-7
-9
-8
-7
-7
-6
-3
-1
1
5
5
4
1
1
-4
-5
-5
-4
0
1
5
8
4
0
-2
-5
-11
-10
-7
-6
-2
1
3
1
-4
-8
-10
-9
-11
-8
-5
-2
0
-1
-1
-4
-4
-3
-1
-2
2
2
1
1
0
-1
-1
-1
3
4
3
2
1
1
0
3
5
8
10
9
11
11
10
10
8
11
14
16
19
21
21
18
19
16
15
15
18
18
19
21
20
22
19
14
13
11
9
7
11
12
13
14
14
12
9
7
5
5
4
2
2
2
1
1
1
3
2
-1
-3
-6
-8
-7
-5
-4
-4
-5
-7
-8
-14
-18
-21
-22
-19
-16
-12
-9
-10
-8
-11
-14
-16
-17
-15
-15
-12
-10
-9
-6
-7
-6
-8
-8
-9
-8
-6
-5
-4
-5
-3
-4
-6
-6
-9
-11
-14
-14
-8
-7
-5
-3
-2
-3
-3
-2
-3
-4
-3
-2
-3
-2
-1
3
3
3
4
2
0
-3
-4
-5
-4
-1
-2
0
1
-2
-3
-2
-3
-4
-3
0
-1
1
3
3
4
3
2
3
2
2
1
1
1
2
2
4
4
3
5
4
3
3
0
-3
-2
0
2
1
2
6
5
2
2
0
-1
3
7
7
6
8
8
8
7
6
4
5
5
7
9
13
14
15
15
14
12
11
12
14
16
18
19
20
18
15
12
11
11
12
15
17
14
12
11
6
2
1
0
-2
-1
2
1
-1
-4
-5
-8
-9
-8
-8
-6
-6
-6
-5
-9
-11
-11
-11
-12
-11
-7
-6
-6
-7
-7
-11
-12
-12
-11
-11
-9
-5
-4
-4
-5
-5
-7
-8
-7
-6
-4
-5
-5
-6
-8
-11
-14
-15
-14
-12
-11
-9
-7
-11
-12
-14
-14
-17
-19
-15
-13
-11
-9
-8
-6
-4
-4
-5
-6
-4
-7
-8
-8
-5
-2
0
5
5
4
4
0
-3
0
0
1
5
8
9
8
8
5
2
0
2
4
5
9
9
8
7
6
4
2
2
3
5
8
9
9
7
6
2
1
2
3
3
5
7
6
7
7
5
7
7
7
9
9
8
8
5
5
6
9
14
16
17
18
17
16
14
12
11
10
8
10
10
14
15
13
11
10
9
7
7
6
4
0
1
3
3
2
4
5
5
3
-1
-3
-4
-3
-2
0
-1
-2
-4
-5
-6
-8
-8
-9
-6
-6
-7
-6
-7
-8
-11
-12
-11
-12
-11
-7
-8
-10
-8
-9
-10
-10
-11
-11
-9
-7
-9
-9
-8
-10
-10
-12
-14
-14
-14
-13
-14
-11
-10
-11
-10
-11
-13
-13
-14
-16
-14
-12
-12
-12
-11
-10
-10
-10
-9
-8
-10
-9
-6
-4
-3
0
1
2
1
-1
-1
-1
-1
2
3
5
8
9
10
11
8
8
8
6
6
8
9
9
12
12
12
13
13
11
10
10
8
7
9
10
13
13
15
16
14
14
11
7
9
9
9
13
13
11
11
9
8
5
2
3
5
7
8
8
6
2
-1
0
-1
-1
0
3
6
7
7
6
2
4
2
1
0
1
4
5
5
2
0
0
0
2
1
3
1
-1
0
-2
-3
-4
-3
-2
-2
-3
-4
-1
-1
-3
-2
-2
-2
-2
-1
-3
-3
-4
-2
-2
-1
1
0
-2
-7
-9
-10
-11
-14
-11
-8
-7
-5
-4
-8
-11
-14
-15
-17
-18
-14
-11
-12
-11
-11
-13
-16
-18
-16
-15
-13
-13
-11
-8
-9
-8
-10
-11
-11
-10
-9
-6
-3
-2
-2
-4
-4
-5
-7
-3
1
2
5
6
5
4
4
6
4
7
11
13
11
12
10
9
10
10
9
8
9
12
10
8
8
8
4
3
4
3
1
2
3
1
0
0
0
3
3
3
3
4
0
-1
0
0
3
5
7
7
5
4
6
4
4
9
9
9
12
11
8
7
10
9
7
10
13
11
12
13
16
14
13
14
14
15
17
15
16
13
8
9
7
9
9
6
8
7
6
2
-1
-2
-6
-7
-6
-8
-7
-9
-9
-9
-11
-13
-13
-14
-14
-15
-14
-13
-13
-13
-13
-17
-16
-15
-16
-16
-14
-16
-17
-16
-19
-17
-17
-16
-15
-13
-13
-10
-10
-12
-12
-12
-12
-12
-11
-11
-8
-7
-6
-6
-7
-5
-5
-5
-3
-1
0
2
2
1
0
-1
1
-1
0
0
2
4
5
6
7
5
5
7
7
4
4
6
7
7
7
8
9
7
8
7
5
5
6
6
7
8
8
11
9
8
6
2
0
-3
-2
-1
-1
1
3
3
3
2
0
-1
-2
-2
-2
1
2
4
6
8
8
11
11
7
6
8
7
5
7
10
10
9
11
12
10
9
8
7
5
5
6
8
5
6
8
5
5
6
6
6
6
6
6
4
3
5
3
1
2
1
-1
-2
1
-2
-5
-5
-4
-5
-8
-10
-9
-11
-12
-10
-9
-10
-8
-8
-10
-8
-9
-9
-9
-10
-10
-6
-3
-4
-2
0
-1
-2
-2
-2
-4
-7
-5
-4
-5
-5
-3
-5
-5
-4
-7
-8
-11
-13
-13
-15
-16
-16
-16
-16
-15
-14
-14
-15
-14
-12
-12
-13
-9
-9
-9
-10
-9
-10
-9
-7
-5
-2
-1
0
0
3
0
-1
-2
1
2
4
9
10
10
11
10
9
12
17
17
17
23
22
20
19
19
18
19
23
23
22
23
22
19
15
12
8
6
7
8
10
11
9
7
3
-1
-4
-3
-2
-1
1
1
0
-3
-3
-4
-7
-5
-4
-2
-1
-1
0
-4
-7
-7
-8
-7
-6
-4
-2
-3
1
1
1
0
-1
-4
-3
-2
-2
-2
-1
2
2
3
5
4
4
3
2
2
3
3
2
2
3
0
-4
-3
-1
-2
1
4
5
2
-1
0
-1
-2
-3
-2
-1
1
1
1
-1
-4
-5
-7
-8
-9
-7
-4
-6
-5
-5
-9
-12
-13
-15
-14
-11
-9
-7
-7
-9
-9
-11
-17
-18
-17
-16
-15
-11
-10
-7
-7
-8
-9
-10
-8
-7
-3
-1
1
1
1
-2
-2
-1
-2
3
6
4
4
5
3
2
2
4
6
8
9
9
6
5
5
4
5
8
12
15
15
15
15
15
15
14
14
11
10
10
13
11
13
13
10
10
10
9
7
4
3
1
2
5
3
1
3
2
1
1
0
0
1
1
1
2
0
0
0
0
0
-1
0
0
0
0
0
1
-1
-2
-2
-4
-6
-3
-1
0
-2
-3
-3
-4
-6
-6
-5
-3
1
0
0
0
-3
-5
-4
-3
-5
-2
0
-1
0
0
-1
-4
-5
-4
-1
-1
1
1
-3
-3
-2
-3
-6
-5
-2
0
0
0
-1
-1
-1
-5
-4
-1
1
-1
2
1
-3
-2
-2
-2
-3
-1
-1
-2
-2
-3
-4
-7
-8
-7
-8
-5
-6
-7
-6
-6
-7
-8
-9
-10
-11
-9
-8
-8
-8
-6
-6
-7
-5
-6
-6
-9
-9
-6
-7
-6
-3
-1
1
1
0
2
3
2
1
1
2
2
2
3
4
6
8
7
6
8
10
10
11
11
13
14
13
15
14
13
14
17
15
14
12
11
11
10
10
11
12
9
9
7
4
4
2
4
4
3
3
5
3
3
5
6
4
5
5
5
5
5
6
7
5
6
7
3
4
5
5
4
2
2
-2
-4
-4
-4
-6
-6
-5
-8
-8
-8
-11
-10
-8
-6
-8
-8
-8
-9
-11
-10
-8
-10
-9
-8
-9
-9
-11
-9
-9
-13
-13
-9
-10
-10
-11
-11
-12
-12
-12
-10
-10
-11
-10
-9
-9
-9
-6
-4
-5
-4
-3
-3
-4
-3
-3
-4
-3
-2
-3
-4
-3
-3
-4
-5
-5
-2
-5
-3
-2
-2
0
0
0
0
2
3
5
5
8
7
7
10
11
10
10
12
14
14
15
13
13
14
12
10
8
8
8
6
8
9
9
8
7
4
4
3
2
3
4
4
4
5
6
6
3
2
2
1
1
1
2
1
2
0
1
0
-1
0
0
-1
-2
-1
-1
3
4
2
3
4
5
4
6
7
5
5
5
3
2
2
0
0
3
4
3
3
2
-1
-1
1
-1
-5
-3
-2
-2
-4
-4
-5
-7
-7
-6
-4
-5
-3
-4
-5
-5
-6
-5
-4
-4
-4
-3
-3
-3
-3
-3
-2
-5
-4
-4
-6
-6
-5
-8
-6
-7
-8
-6
-7
-5
-5
-5
-7
-5
-8
-9
-11
-11
-10
-8
-6
-9
-6
-7
-10
-11
-13
-13
-13
-12
-10
-10
-9
-8
-8
-7
-9
-10
-9
-10
-8
-8
-6
-3
-2
-1
1
6
4
4
5
8
8
10
13
15
16
18
19
19
20
21
21
20
21
19
16
17
16
13
14
12
9
9
9
10
10
10
9
6
7
4
5
4
6
5
4
7
8
7
3
2
3
3
2
1
1
0
-1
0
-1
-2
-2
-1
-2
-3
-3
-3
-4
-3
-4
-5
-5
-6
-6
-6
-4
-4
-3
-2
0
0
4
4
2
3
3
1
2
1
0
-2
-1
0
0
1
-2
-4
-4
-6
-5
-6
-7
-8
-7
-6
-8
-4
-3
0
0
1
-2
-3
-2
-3
-3
-4
-4
-4
-4
-4
-5
-6
-9
-10
-12
-13
-14
-15
-15
-16
-18
-17
-15
-15
-16
-15
-12
-13
-9
-6
-5
-4
-2
-3
-4
-1
1
2
1
4
5
2
2
2
-1
0
-1
-3
-2
-1
-1
-1
0
0
2
1
4
5
5
3
5
4
5
7
7
10
13
14
16
16
16
17
15
14
12
11
9
8
5
4
5
5
7
8
8
10
8
7
6
5
6
6
9
11
14
13
14
12
12
11
6
5
7
7
7
10
7
6
8
7
5
2
2
1
-1
-1
-3
-4
-5
-5
-5
-5
-6
-7
-4
-2
-2
-3
-4
-3
-5
-5
-5
-8
-7
-5
-6
-6
-4
-3
-5
-5
-5
-7
-9
-7
-6
-8
-7
-8
-9
-9
-8
-7
-8
-8
-7
-6
-6
-4
-6
-7
-5
-5
-6
-5
-4
-2
-2
-1
-2
-3
-2
-3
-6
-7
-6
-5
-5
-5
-4
-5
-7
-8
-8
-10
-10
-7
-8
-11
-10
-9
-8
-9
-7
-6
-7
-6
-9
-10
-9
-8
-7
-6
-5
-3
-2
-3
-3
-2
-2
-1
0
1
-1
-2
-2
-1
1
3
4
5
7
7
10
12
11
11
11
14
13
15
17
17
19
17
18
18
18
19
20
21
19
20
19
17
17
17
15
15
16
15
15
16
16
15
15
16
12
11
9
10
9
11
12
10
8
6
2
-1
-1
-1
0
0
-2
-2
-3
-4
-6
-8
-9
-11
-10
-10
-12
-11
-10
-13
-13
-14
-14
-16
-17
-17
-18
-19
-18
-17
-16
-16
-15
-12
-10
-10
-12
-13
-13
-14
-14
-13
-12
-12
-10
-8
-6
-6
-6
-6
-6
-5
-4
-6
-6
-4
-3
-3
0
1
1
0
3
2
3
5
2
4
3
2
2
1
0
0
2
2
1
-2
-2
-1
-4
-4
-6
-4
-3
-5
-3
-2
-1
1
3
1
4
3
0
3
3
1
0
-2
-3
-3
-4
-3
-1
-1
-1
-3
-4
-5
-5
-3
-3
-5
-4
-2
-3
-2
0
1
2
5
7
6
6
4
7
8
9
10
12
12
13
15
15
16
17
16
14
12
14
14
15
16
17
19
18
18
16
15
16
14
14
12
14
14
14
16
13
12
12
11
7
7
5
3
2
1
2
-1
-2
-2
-5
-4
-5
-7
-9
-10
-9
-11
-11
-9
-10
-11
-12
-12
-13
-13
-11
-12
-13
-15
-14
-15
-16
-15
-16
-15
-14
-13
-15
-15
-12
-11
-11
-11
-8
-11
-9
-9
-7
-7
-10
-6
-7
-7
-9
-10
-8
-7
-7
-6
-5
-6
-5
-4
-2
-3
-2
0
-1
0
4
3
-1
2
2
-1
0
3
4
3
7
8
7
8
6
1
1
-1
-1
1
0
3
3
3
4
3
0
-1
-2
-4
-3
-4
-6
-5
-2
0
1
3
5
3
3
4
1
1
-2
-4
-1
2
1
2
6
5
3
2
1
0
1
-1
-2
-2
-1
2
3
3
5
7
8
7
9
9
8
9
11
14
15
16
15
19
19
19
18
17
19
20
19
19
18
13
14
13
13
10
10
11
7
7
8
6
5
3
1
-3
-1
-1
-3
-2
0
-1
0
1
3
0
1
-1
-5
-3
-7
-9
-8
-6
-8
-7
-6
-8
-9
-11
-13
-14
-12
-14
-13
-11
-14
-13
-13
-13
-14
-14
-14
-16
-15
-18
-18
-19
-17
-17
-15
-13
-15
-12
-13
-12
-13
-16
-14
-13
-13
-14
-13
-11
-10
-11
-10
-10
-12
-9
-9
-10
-8
-6
-5
-5
-5
-2
-1
1
4
5
6
7
8
11
8
9
9
6
7
6
5
6
8
9
8
8
10
8
8
9
8
8
8
10
8
9
11
10
12
15
11
12
13
12
11
10
9
6
7
8
8
8
6
8
8
6
5
5
4
2
1
2
2
2
5
6
5
4
4
4
5
4
2
3
4
5
8
8
6
8
6
5
6
7
7
6
7
6
6
6
5
3
3
4
2
1
0
0
1
4
4
3
2
2
3
3
1
-1
1
2
0
0
0
-2
-2
-3
-6
-4
-5
-5
-3
-1
-2
-3
-1
-3
-6
-8
-9
-11
-12
-15
-17
-17
-18
-18
-16
-16
-16
-18
-20
-22
-25
-24
-24
-22
-20
-17
-16
-13
-13
-13
-12
-13
-12
-14
-15
-11
-12
-11
-8
-6
-7
-8
-3
-2
-3
-3
0
-2
-1
1
-1
-2
3
4
2
5
7
6
8
9
7
9
11
10
8
9
10
9
13
12
11
11
10
12
13
12
10
13
14
11
14
13
12
12
11
10
10
8
7
7
5
6
4
4
4
4
5
5
6
5
5
7
6
5
7
7
8
7
7
7
10
11
10
11
12
13
13
13
14
11
11
11
13
11
10
12
11
8
6
4
2
-1
-2
-2
-2
-1
-1
1
-1
-2
-4
-7
-7
-8
-8
-10
-10
-11
-8
-10
-10
-10
-10
-10
-9
-10
-11
-10
-11
-11
-9
-8
-7
-5
-7
-6
-7
-9
-10
-8
-9
-7
-9
-10
-11
-10
-10
-12
-12
-12
-13
-12
-11
-10
-10
-10
-8
-8
-11
-11
-11
-11
-10
-9
-7
-6
-6
-3
-3
-3
-3
-5
-6
-6
-5
-7
-6
-3
-2
-3
-3
-4
-4
-2
0
1
-1
2
1
2
2
2
1
3
3
2
4
4
2
2
1
2
2
2
2
2
4
4
5
6
5
5
4
6
8
7
9
11
12
12
14
13
16
17
18
17
16
16
16
16
18
17
18
18
19
19
18
18
15
15
13
12
11
9
9
7
6
4
3
3
2
1
0
0
0
-1
0
-1
-1
-2
-2
0
-2
-2
-2
-1
0
-1
-1
-1
-1
-2
-3
-4
-4
-6
-6
-5
-6
-4
-4
-5
-4
-5
-7
-10
-9
-10
-10
-10
-9
-6
-5
-5
-6
-6
-5
-7
-8
-8
-8
-7
-7
-6
-5
-7
-9
-9
-11
-11
-15
-15
-14
-13
-12
-12
-11
-10
-10
-10
-10
-10
-12
-12
-11
-9
-9
-8
-5
-4
-4
-5
-4
-6
-7
-7
-9
-10
-7
-4
-6
-5
-2
-1
-2
0
2
1
0
2
2
1
1
5
6
8
7
8
8
8
8
7
6
8
9
8
8
8
7
6
5
6
6
6
8
5
5
6
5
6
5
6
3
5
5
6
8
8
6
7
6
6
6
6
6
7
9
9
8
11
10
8
10
10
10
8
8
8
8
10
11
10
9
8
9
9
11
11
10
10
9
8
7
6
8
8
8
9
10
9
8
7
3
0
0
0
-1
-1
0
1
-2
-3
-4
-5
-6
-7
-9
-11
-13
-12
-12
-13
-13
-15
-13
-11
-13
-13
-12
-10
-13
-12
-10
-11
-11
-7
-7
-9
-9
-8
-10
-11
-10
-10
-9
-9
-9
-9
-9
-10
-10
-8
-11
-10
-10
-11
-8
-8
-8
-6
-6
-7
-9
-9
-8
-10
-12
-9
-10
-7
-7
-7
-6
-7
-8
-7
-7
-8
-5
-5
-4
-3
-2
0
1
1
2
3
4
4
5
6
5
7
8
7
7
8
7
8
8
10
9
8
7
7
4
5
7
9
10
11
12
12
10
13
11
9
10
9
9
11
13
15
17
14
14
13
12
12
13
14
12
12
13
9
9
11
9
7
10
8
5
6
5
4
3
5
4
3
4
3
2
4
6
6
6
7
4
8
5
3
6
4
2
2
3
2
0
2
2
1
0
-2
-2
-4
-4
-6
-9
-8
-8
-8
-8
-8
-8
-9
-11
-12
-12
-14
-15
-13
-13
-12
-12
-13
-13
-13
-12
-12
-13
-16
-14
-14
-18
-17
-14
-15
-14
-14
-12
-14
-13
-12
-13
-13
-11
-11
-10
-6
-8
-7
-5
-4
-2
-1
-4
-4
-5
-5
-6
-5
-1
1
1
1
-1
-3
-1
-2
-3
-2
-1
0
-1
1
1
4
4
2
6
5
5
4
6
8
5
8
8
8
8
8
6
6
6
4
6
5
6
6
5
6
3
0
2
3
3
6
7
6
7
8
8
7
8
10
8
10
11
11
11
14
16
14
16
17
13
14
14
12
10
11
10
9
12
9
7
8
8
8
9
8
9
10
9
6
8
12
7
7
7
3
3
4
4
2
2
3
2
1
0
-2
-4
-6
-5
-7
-6
-8
-9
-7
-7
-8
-10
-12
-14
-11
-12
-13
-13
-11
-8
-8
-11
-12
-10
-11
-13
-11
-11
-13
-10
-11
-12
-13
-12
-11
-11
-11
-12
-11
-9
-11
-10
-12
-11
-10
-8
-7
-8
-6
-4
-6
-8
-4
-6
-7
-5
-5
-7
-5
-3
-5
-7
-6
-8
-8
-8
-8
-9
-9
-8
-7
-7
-5
-6
-4
-2
-3
-4
-4
-2
0
-1
2
4
7
8
9
10
12
12
10
10
12
11
11
12
14
12
14
18
18
15
16
15
13
13
12
12
12
11
10
11
12
9
8
5
4
4
5
5
4
8
4
3
4
4
5
3
4
3
2
1
3
4
2
2
4
4
4
5
4
5
6
4
5
5
5
4
5
5
4
4
4
4
5
5
5
4
5
5
3
0
1
0
1
1
-1
0
0
0
1
2
0
-2
-4
-5
-6
-7
-7
-7
-6
-7
-10
-11
-8
-9
-10
-9
-10
-11
-11
-11
-14
-12
-10
-9
-6
-8
-8
-9
-10
-9
-12
-10
-10
-10
-10
-9
-11
-10
-10
-13
-11
-13
-13
-14
-11
-14
-14
-12
-14
-12
-11
-9
-8
-7
-7
-7
-6
-5
-5
-4
-3
-4
-3
-1
-1
-2
1
1
3
3
2
2
4
5
5
7
9
9
8
11
10
13
15
14
15
15
15
14
13
12
13
15
14
13
14
12
12
10
8
8
7
6
5
4
3
3
4
6
5
5
5
4
3
2
3
3
3
4
5
6
6
6
5
4
5
2
5
8
5
4
6
5
5
6
4
4
6
5
6
8
5
6
6
6
8
6
7
7
7
4
4
2
1
0
-4
-2
-2
0
-1
0
-3
-5
-5
-8
-7
-7
-8
-8
-7
-8
-9
-9
-9
-8
-11
-10
-10
-11
-12
-13
-12
-12
-13
-12
-13
-13
-15
-14
-12
-12
-10
-10
-10
-9
-7
-7
-5
-2
-4
-4
-1
-1
-3
-2
-2
-1
1
2
2
1
0
0
-1
-4
-6
-5
-6
-7
-6
-6
-8
-5
-6
-8
-8
-7
-8
-6
-8
-7
-6
-4
-3
-4
0
0
-1
0
-1
0
1
1
0
3
4
5
6
8
8
10
11
12
12
14
12
12
15
10
10
10
12
12
13
15
14
14
13
11
10
11
10
10
9
8
7
7
6
5
5
5
3
3
4
2
2
0
0
3
3
2
2
2
0
1
1
0
-2
-3
-2
-2
-2
1
3
3
4
4
4
5
4
3
1
1
1
1
1
-1
-1
1
2
2
2
0
1
-1
-1
-3
-4
-3
-2
-3
-1
-2
1
1
-1
-2
-3
-3
-4
-5
-6
-4
-5
-5
-4
-3
-5
-4
-4
-4
-5
-8
-8
-11
-11
-11
-10
-11
-11
-10
-9
-10
-9
-8
-9
-10
-8
-9
-10
-10
-11
-10
-10
-12
-11
-11
-9
-8
-9
-9
-9
-8
-10
-8
-8
-9
-7
-8
-6
-5
-4
-2
-1
1
0
1
1
4
5
7
9
9
10
9
8
10
8
9
9
9
7
8
8
7
6
8
5
4
4
2
4
3
2
2
3
2
2
0
1
0
0
1
0
3
4
6
6
7
8
8
7
7
10
9
10
12
11
11
11
14
11
13
12
13
12
13
15
13
14
14
15
16
15
13
14
13
12
9
9
7
4
4
3
3
5
5
3
2
3
-1
-6
-8
-8
-10
-10
-9
-11
-11
-12
-12
-13
-12
-14
-17
-16
-18
-18
-19
-16
-15
-13
-13
-13
-13
-14
-14
-15
-14
-16
-14
-13
-13
-11
-7
-7
-7
-8
-7
-11
-13
-12
-11
-13
-12
-13
-11
-8
-6
-3
-2
-2
-2
-2
-1
-2
-3
-2
-3
-2
0
0
0
2
1
1
2
3
0
3
3
4
5
5
8
8
10
11
10
11
11
8
10
9
9
10
11
12
12
11
12
11
9
7
4
4
4
4
4
6
3
3
4
4
4
5
5
5
3
4
4
2
3
1
2
4
4
4
2
5
4
2
0
-1
0
2
1
0
0
1
2
2
3
6
4
6
5
3
0
-1
1
3
2
4
3
3
2
0
0
-2
-3
-3
-4
-5
-6
-7
-6
-3
-1
-1
-2
-1
-3
-3
-4
-6
-3
-6
-5
-4
-3
0
-1
-2
-3
-4
-5
-5
-4
-3
-5
-4
-3
-2
-3
-1
-1
-3
-2
-1
-2
-2
-2
-4
-3
-2
-4
-3
-2
-2
0
-2
-3
-2
-2
-2
-3
-7
-7
-7
-8
-8
-8
-7
-8
-8
-7
-8
-7
-9
-8
-11
-9
-11
-10
-9
-9
-8
-8
-6
-3
0
-1
-1
-1
0
0
1
1
3
3
8
10
13
13
14
14
15
14
14
16
15
16
18
16
15
16
15
15
12
12
13
11
11
10
8
7
6
5
3
2
2
0
0
0
-1
-1
0
-2
-2
-3
-4
-3
-3
-4
-2
-3
-5
-6
-6
-5
-7
-7
-5
-6
-5
-6
-4
-5
-7
-4
-7
-7
-5
-6
-5
-6
-3
-2
-4
-3
-4
-3
-3
-2
-1
-3
-3
-4
-5
-3
-4
-4
-2
0
2
4
4
4
7
6
5
5
7
5
7
7
6
7
7
7
6
6
4
4
4
4
2
3
5
5
3
3
3
2
1
2
0
-1
-2
-4
-4
-5
-7
-5
-4
-6
-5
-5
-7
-8
-8
-8
-11
-13
-11
-13
-10
-9
-9
-8
-5
-5
-8
-7
-7
-9
-7
-9
-9
-8
-7
-6
-6
-4
-3
-4
-4
-4
-3
-4
-3
-3
-1
1
1
3
5
7
6
6
6
7
5
5
8
7
6
8
11
11
11
12
13
13
13
14
14
13
12
12
11
12
10
12
11
10
11
11
11
9
8
7
3
4
3
1
1
3
1
1
1
-1
-1
-1
-3
-4
-3
-4
-8
-7
-5
-7
-5
-5
-4
-7
-7
-8
-8
-10
-9
-11
-11
-11
-12
-10
-9
-10
-8
-7
-6
-8
-8
-7
-8
-8
-8
-8
-6
-3
-2
-2
-1
-1
0
1
1
2
3
4
4
3
2
3
1
1
2
3
4
5
5
5
4
3
5
4
4
5
5
5
5
5
5
4
4
4
3
2
4
4
2
3
1
1
2
0
0
-3
-4
-6
-8
-5
-5
-4
-5
-5
-6
-6
-6
-5
-3
-5
-4
-3
-4
-5
-4
-5
-6
-5
-5
-6
-4
-2
-3
-4
-3
-4
-3
0
0
2
1
3
4
6
6
4
4
5
5
3
5
3
2
4
3
4
5
5
6
7
6
7
7
6
8
9
10
12
11
10
10
10
11
11
12
13
15
11
10
11
10
10
6
7
4
1
1
1
-2
-4
-6
-8
-6
-6
-8
-9
-9
-9
-9
-10
-9
-9
-11
-10
-9
-11
-12
-10
-9
-8
-11
-11
-11
-12
-12
-10
-11
-10
-9
-8
-7
-5
-7
-8
-6
-6
-5
-3
-1
-1
2
5
4
5
5
3
4
3
2
1
3
4
4
2
3
1
1
2
0
1
-1
2
3
2
3
2
2
2
0
0
0
0
3
1
2
4
2
0
-2
-2
-2
-3
-4
-1
0
-1
-2
0
0
-2
-2
-3
-3
-2
-1
1
3
4
2
1
2
2
1
2
2
0
3
4
2
3
2
3
3
3
3
4
5
3
4
3
4
6
4
4
5
5
6
6
8
6
7
8
9
7
9
8
6
6
5
7
7
7
7
7
8
6
5
6
8
5
4
5
4
4
1
-1
-1
-2
-2
-2
-1
0
1
1
-2
-3
-6
-7
-8
-9
-9
-10
-10
-11
-11
-12
-11
-10
-12
-14
-13
-12
-12
-10
-9
-8
-8
-8
-10
-8
-9
-8
-8
-8
-5
-6
-5
-4
-6
-7
-7
-6
-6
-6
-4
-5
-5
-5
-7
-4
-5
-6
-4
-3
-3
0
0
0
-2
-1
-1
-2
1
-1
2
4
2
3
5
5
5
5
7
7
6
7
8
7
7
7
7
7
6
6
6
5
7
6
6
8
7
6
7
5
5
5
6
6
7
7
9
10
9
7
7
5
5
2
1
1
1
2
2
3
1
0
0
-1
-3
-2
-1
-2
1
2
3
3
3
4
3
2
3
4
4
4
4
6
6
7
6
6
4
3
6
6
6
4
5
5
3
4
6
5
3
4
5
3
1
2
0
-3
-2
-3
-4
-4
-5
-4
-4
-5
-6
-7
-6
-8
-8
-10
-10
-10
-10
-10
-11
-12
-11
-11
-12
-13
-13
-12
-11
-13
-12
-14
-14
-14
-15
-15
-15
-16
-15
-13
-14
-13
-13
-12
-12
-11
-10
-10
-7
-6
-6
-5
-2
-2
-1
0
0
0
1
-1
1
1
1
3
2
4
2
3
2
1
1
0
1
3
4
4
6
8
10
10
11
12
12
13
14
16
17
18
20
19
17
16
16
15
19
18
16
16
15
14
15
16
16
17
18
15
16
15
14
14
13
11
8
6
7
2
2
3
2
1
0
0
-2
-3
-2
-5
-6
-6
-10
-9
-11
-14
-12
-10
-12
-13
-13
-12
-12
-10
-8
-10
-9
-8
-8
-6
-7
-8
-5
-5
-5
-4
-3
-4
-5
-5
-4
-4
-4
-5
-4
-2
-2
-2
-3
-2
-4
-6
-3
-1
-1
1
4
1
2
1
1
1
2
1
1
1
-2
0
-5
-4
-3
-4
-3
-3
-3
-5
-5
-4
-4
-3
0
2
1
1
1
-3
-2
-2
-4
-5
-5
-6
-7
-8
-10
-9
-10
-11
-10
-8
-10
-9
-9
-8
-9
-9
-8
-8
-5
-4
-5
-5
-6
-9
-9
-9
-10
-10
-8
-8
-7
-7
-6
-4
-3
0
3
3
5
8
8
12
12
14
17
18
18
21
22
21
18
17
17
16
18
18
19
17
17
17
18
18
17
18
19
21
20
19
19
17
14
15
11
10
10
8
7
5
1
2
2
2
1
0
0
-2
-3
-5
-5
-6
-8
-8
-8
-11
-10
-11
-11
-10
-10
-8
-7
-5
-5
-4
-4
-4
-4
-5
-5
-4
-3
-1
-3
-5
-5
-4
-5
-6
-7
-7
-8
-6
-8
-7
-8
-9
-8
-6
-4
-2
0
1
2
4
4
4
3
5
6
6
5
3
0
-1
-3
-5
-6
-8
-8
-9
-9
-10
-10
-8
-8
-8
-8
-10
-10
-11
-11
-14
-16
-14
-15
-17
-18
-18
-20
-19
-19
-20
-19
-16
-15
-14
-11
-10
-9
-8
-7
-6
-4
-5
-4
-1
0
0
3
1
1
2
3
4
3
5
7
11
10
10
11
14
16
16
19
19
21
21
22
21
23
21
19
21
18
16
14
14
13
13
11
13
11
11
11
12
13
13
14
16
14
13
14
12
11
11
9
7
9
9
8
8
6
7
9
8
7
8
7
8
6
6
4
4
4
3
2
-1
0
-4
-4
-3
-4
-5
-4
-6
-7
-8
-9
-10
-8
-9
-9
-11
-11
-12
-12
-9
-9
-9
-10
-9
-12
-13
-14
-15
-16
-19
-18
-20
-20
-20
-20
-20
-19
-19
-17
-15
-14
-10
-9
-6
-6
-4
-5
-2
-1
-1
0
0
-1
-3
0
-2
-1
-1
2
4
4
5
4
7
8
7
5
6
4
2
1
-3
-3
-5
-4
-6
-7
-7
-11
-12
-12
-12
-13
-10
-9
-10
-8
-6
-5
-5
-4
-3
-3
-2
-2
1
0
-1
-2
-2
-3
-2
-2
-3
0
-3
-3
0
2
3
3
4
7
10
13
14
16
17
16
16
17
17
18
17
16
17
16
16
14
14
16
14
11
14
17
13
14
13
14
17
15
16
20
19
16
18
19
17
13
16
13
14
15
12
12
13
15
14
16
14
9
12
7
5
8
6
4
4
4
6
5
6
4
6
7
0
1
4
2
-1
-8
-8
-10
-13
-20
-19
-18
-26
-27
-28
-24
-31
-34
-27
-30
-34
-36
-35
-37
-41
-42
-35
-38
-43
-36
-37
-35
-36
-31
-32
-33
-28
-29
-23
-18
-18
-13
-6
-13
-9
-10
-10
-4
-9
-8
0
0
-3
0
4
5
2
-1
-2
-2
-7
-12
-11
-12
-19
-21
-17
-9
-16
-25
-10
-5
-19
-14
-9
-8
-14
-13
-2
2
-5
1
7
6
5
6
15
5
5
15
18
19
21
27
39
34
27
40
41
39
37
40
46
41
43
51
40
40
52
46
52
45
42
47
34
35
41
36
29
28
29
27
16
25
28
25
24
22
29
24
19
25
20
9
21
22
8
18
21
15
21
14
10
20
9
-1
12
7
-5
-1
-2
-2
-2
-16
-14
-16
-27
-25
-29
-30
-24
-28
-31
-28
-31
-26
-25
-30
-21
-24
-28
-28
-34
-32
-29
-24
-35
-21
-18
-24
-18
-19
-21
-14
-21
-26
-13
-24
-21
-17
-17
-12
-21
-18
-10
-20
-24
-15
-20
-17
-24
-20
-15
-24
-25
-16
-16
-33
-20
-15
-32
-32
-13
-24
-15
-56
-27
38
-58
-63
10
5
-50
-59
22
40
-74
-41
46
-1
-23
-62
29
89
-94
-48
107
-36
-22
16
-34
98
-34
-66
88
23
-18
14
11
57
-3
-56
65
20
-7
9
12
54
7
-10
45
40
13
22
21
57
29
19
46
31
43
3
25
59
13
21
59
25
34
37
18
55
28
16
42
36
29
36
30
45
26
12
38
22
19
27
12
25
27
6
21
33
14
25
26
20
30
12
14
27
13
16
22
3
20
13
-10
17
4
-10
-1
-15
-15
-14
-29
-24
-20
-35
-29
-35
-40
-30
-41
-41
-27
-27
-31
-26
-26
-27
-28
-37
-35
-27
-31
-38
-33
-36
-33
-38
-49
-28
-29
-43
-27
-30
-32
-26
-37
-24
-16
-31
-24
-15
-20
-25
-25
-17
-10
-18
-19
-15
-17
-13
-17
-10
-5
-18
-13
-10
-4
-11
-20
-2
-9
-15
-8
-11
-14
-6
-12
-8
5
-14
-7
5
-4
0
9
8
10
9
13
18
12
22
23
24
24
19
29
25
18
24
23
18
19
15
23
22
12
17
18
12
12
12
20
19
6
24
25
10
21
19
22
26
11
11
24
11
-3
10
19
18
6
17
24
16
16
13
30
29
19
20
30
33
15
20
35
39
23
23
36
34
24
17
31
34
23
28
30
31
32
18
20
34
22
16
18
14
11
0
2
5
4
-8
-11
-16
-20
-26
-33
-29
-25
-32
-38
-34
-32
-29
-38
-37
-33
-28
-42
-43
-35
-36
-38
-42
-36
-38
-43
-46
-46
-44
-42
-54
-48
-34
-37
-34
-27
-21
-21
-23
-17
-13
-12
-9
-10
-14
-5
-6
-11
3
1
6
8
-2
-1
6
-2
-12
-4
-6
-12
-9
-6
-5
-6
-6
-3
5
-1
-8
0
3
-3
-4
4
2
0
5
5
8
7
0
9
16
5
5
17
16
10
9
12
18
14
6
11
20
13
5
11
15
15
5
12
20
11
4
10
12
12
7
-1
13
15
5
4
12
14
4
1
6
8
5
7
8
14
9
5
11
10
11
12
13
15
19
15
15
18
19
19
17
17
19
23
10
15
19
15
14
10
17
22
15
18
22
25
26
23
26
34
28
23
27
25
25
20
20
23
18
16
14
14
10
5
3
5
-6
-3
-7
-11
-3
-16
-15
-11
-20
-19
-17
-26
-25
-28
-36
-32
-37
-43
-41
-43
-40
-39
-44
-39
-44
-49
-44
-51
-45
-43
-46
-37
-38
-39
-36
-36
-42
-38
-43
-46
-40
-44
-41
-38
-36
-35
-35
-30
-25
-26
-22
-20
-22
-13
-13
-12
-2
-6
-7
1
2
0
8
9
13
17
12
13
24
21
17
23
20
20
20
19
22
25
28
31
32
37
36
33
33
36
35
33
37
35
30
32
32
30
32
30
29
28
23
24
22
19
21
25
20
16
22
22
16
14
11
8
8
3
2
4
2
-1
1
3
3
2
7
8
5
7
4
5
7
10
9
10
13
8
9
12
11
8
10
12
13
15
9
15
18
9
16
14
15
18
6
8
15
5
6
7
5
3
-3
-2
1
-8
-15
-6
-9
-12
-15
-20
-16
-19
-25
-22
-18
-24
-26
-23
-24
-29
-30
-28
-28
-29
-33
-34
-30
-36
-35
-37
-39
-34
-38
-39
-36
-35
-36
-31
-31
-31
-27
-30
-26
-24
-28
-29
-25
-26
-25
-26
-25
-24
-22
-22
-21
-19
-18
-15
-14
-9
-12
-5
-2
-2
3
8
13
15
19
20
24
27
29
30
29
32
28
29
30
28
29
29
29
32
31
30
33
30
27
29
25
23
26
21
21
22
21
18
19
17
16
17
15
16
13
11
12
10
7
12
8
9
10
7
7
7
8
7
9
6
4
2
-1
1
-3
-4
-3
-2
2
2
1
1
4
3
2
4
3
2
1
-1
1
1
0
7
7
4
8
9
9
9
8
8
10
8
9
7
8
8
7
11
15
13
12
13
8
8
7
0
5
1
-2
0
-3
-4
-8
-13
-15
-17
-17
-19
-21
-24
-23
-24
-26
-23
-25
-24
-24
-27
-31
-31
-32
-34
-34
-34
-32
-32
-34
-33
-28
-32
-34
-31
-32
-30
-32
-33
-32
-30
-31
-27
-24
-25
-18
-17
-16
-14
-15
-12
-10
-11
-9
-6
-2
3
1
5
10
8
10
13
11
11
14
17
18
15
19
22
23
24
27
29
29
31
31
30
31
31
27
27
29
27
30
29
28
30
30
28
29
25
23
21
19
17
14
15
13
13
13
12
11
13
11
7
8
5
6
4
3
0
0
2
1
-1
-3
-5
-5
-6
-11
-8
-10
-12
-12
-9
-7
-8
-8
-7
-2
-6
-4
-2
-2
-1
-3
-2
-1
-1
0
0
1
3
4
5
3
5
7
7
7
6
6
8
8
8
10
9
6
6
6
5
2
-2
-1
-2
-7
-7
-10
-9
-10
-14
-14
-12
-13
-13
-14
-16
-15
-17
-20
-18
-20
-21
-20
-18
-17
-17
-16
-17
-17
-17
-16
-17
-14
-13
-18
-16
-14
-13
-13
-10
-13
-12
-11
-13
-12
-12
-13
-13
-13
-12
-10
-10
-12
-8
-8
-6
-7
-9
-7
-8
-8
-7
-4
-3
0
2
2
3
3
4
6
7
9
10
11
13
13
15
16
18
18
20
24
22
24
25
25
26
28
25
25
27
25
26
26
27
27
24
24
21
19
17
14
13
11
11
10
10
8
7
5
5
1
0
3
0
-2
0
1
-1
0
-4
-2
0
-1
-3
-4
-2
-3
-3
-2
0
-1
-1
-2
0
0
0
-2
-2
-1
-2
-2
-5
-3
-1
1
0
1
1
0
-2
-2
-3
-3
-4
-3
-3
-3
-2
-3
-1
1
-2
-5
-6
-7
-10
-11
-11
-11
-11
-11
-10
-11
-11
-11
-11
-12
-12
-16
-15
-14
-14
-13
-13
-13
-13
-15
-15
-14
-14
-13
-13
-11
-13
-11
-10
-10
-8
-7
-9
-8
-5
-6
-4
-5
-5
-4
-6
-6
-5
-4
-3
-2
1
3
2
1
2
1
1
2
3
3
3
4
6
4
4
4
5
6
5
5
5
3
2
3
3
4
5
5
4
4
4
4
5
4
3
1
3
3
3
4
8
10
11
12
13
13
12
14
13
12
11
13
12
14
15
17
19
19
18
18
16
15
15
16
12
13
13
14
13
14
15
15
13
11
12
11
12
10
7
8
8
5
4
1
-3
-4
-8
-9
-9
-10
-10
-10
-12
-13
-14
-15
-18
-17
-17
-16
-16
-16
-15
-14
-14
-13
-12
-12
-11
-12
-13
-12
-13
-14
-14
-16
-15
-16
-18
-18
-18
-19
-23
-22
-21
-21
-22
-21
-22
-19
-21
-21
-18
-16
-15
-13
-10
-9
-9
-6
-4
-4
-3
-1
0
0
0
-2
-1
-1
-2
-2
-4
-5
-5
-6
-6
-8
-9
-9
-7
-6
-7
-6
-7
-5
-4
-5
-4
-3
-1
0
-1
1
-1
-4
-4
-6
-8
-8
-12
-15
-16
-16
-18
-14
-16
-17
-16
-17
-15
-15
-11
-6
0
5
12
18
28
37
43
53
61
72
81
93
104
111
119
129
137
143
149
154
157
163
163
162
161
158
153
146
138
132
119
109
99
84
71
56
42
28
15
0
-12
-27
-42
-55
-70
-78
-90
-99
-110
-119
-127
-133
-137
-140
-139
-139
-138
-137
-132
-123
-120
-111
-101
-92
-81
-71
-61
-48
-35
-23
-14
-2
10
20
31
42
49
56
63
68
73
77
77
80
82
81
80
77
71
67
60
50
39
25
13
0
-17
-34
-51
-69
-89
-111
-130
-154
-176
-197
-220
-240
-261
-279
-298
-315
-329
-340
-348
-354
-358
-359
-353
-348
-336
-321
-301
-280
-253
-222
-190
-157
-122
-81
-42
-2
39
82
124
165
203
241
275
307
336
361
383
398
414
425
431
434
435
432
428
420
411
400
388
374
362
347
332
317
301
285
267
251
236
218
199
184
164
145
123
99
74
43
12
-18
-52
-93
-132
-171
-214
-256
-298
-340
-382
-424
-459
-490
-518
-542
-564
-578
-586
-586
-581
-564
-546
-518
-480
-438
-382
-322
-260
-193
-124
-58
9
73
140
202
260
317
368
418
455
491
523
546
558
566
563
548
538
516
495
467
436
408
380
351
319
284
258
241
214
201
189
177
163
155
149
136
115
103
82
53
12
-15
-51
-102
-144
-191
-247
-305
-374
-444
-516
-594
-664
-737
-796
-853
-901
-935
-962
-987
-989
-975
-947
-924
-884
-824
-749
-679
-598
-508
-417
-313
-204
-81
40
156
256
368
455
526
578
626
667
690
700
706
711
702
688
664
630
606
567
526
500
467
431
404
384
368
357
350
355
367
376
386
408
427
440
450
462
472
472
447
433
403
365
304
245
184
82
-15
-114
-192
-309
-395
-483
-564
-626
-721
-760
-807
-849
-878
-895
-897
-900
-890
-868
-828
-784
-734
-656
-579
-498
-399
-304
-198
-124
-41
43
110
205
270
349
405
433
460
481
492
479
475
464
426
388
376
362
328
300
294
284
263
269
270
273
297
293
298
310
345
376
363
392
409
454
488
431
499
431
474
352
419
315
318
171
350
758
362
539
-53
215
-500
-825
-915
-1251
-1532
-2031
-1600
-1721
-1459
-1697
-905
-826
-847
-782
-671
-427
-941
-848
-821
-534
-870
-698
-419
-120
-47
69
632
813
961
931
1269
1161
950
686
588
407
-8
-141
-135
-111
-197
-54
127
356
347
401
513
471
365
255
258
205
133
120
296
402
504
644
915
1041
1177
1362
1364
1344
1033
946
633
326
42
-215
-411
-582
-633
-658
-598
-679
-574
-654
-747
-900
-1088
-1228
-1427
-1559
-1557
-1449
-1294
-1068
-766
-429
-121
113
345
508
504
546
481
407
279
187
166
152
151
230
389
454
543
584
588
510
344
192
6
-246
-404
-478
-504
-440
-315
-95
139
347
670
963
1148
1225
1341
1422
1339
1221
1183
1141
971
906
923
859
741
701
695
581
284
22
-226
-622
-1076
-1515
-1847
-2179
-2467
-2622
-2597
-2543
-2431
-2193
-1893
-1610
-1409
-1132
-886
-723
-602
-427
-208
-52
133
379
701
958
1176
1361
1507
1528
1445
1302
1071
787
428
149
-138
-384
-562
-657
-686
-713
-720
-634
-540
-502
-469
-374
-264
-173
-18
334
706
985
1312
1761
2187
2361
2527
2742
2785
2528
2419
2302
1939
1496
1185
922
500
39
-371
-641
-1123
-1609
-2063
-2447
-2853
-3277
-3536
-3671
-3749
-3719
-3428
-3120
-2692
-2167
-1545
-941
-388
143
616
1025
1335
1609
1788
2009
2174
2313
2419
2439
2395
2310
2115
1752
1372
934
454
-103
-621
-1065
-1475
-1791
-2020
-2155
-2189
-2105
-1941
-1670
-1373
-1012
-509
123
691
1146
1658
2290
2823
3068
3367
3689
3722
3618
3636
3524
3136
2726
2439
2074
1432
709
93
-543
-1418
-2339
-3110
-3734
-4424
-5080
-5441
-5607
-5693
-5628
-5234
-4672
-4103
-3402
-2451
-1548
-806
-42
754
1425
1940
2400
2850
3222
3447
3611
3794
3822
3659
3420
3098
2629
1968
1266
512
-273
-1082
-1794
-2390
-2890
-3286
-3542
-3591
-3523
-3351
-3014
-2505
-1757
-786
70
815
1754
2760
3452
3923
4441
4841
4881
4825
4927
4767
4283
3916
3710
3279
2471
1609
851
-60
-1261
-2563
-3697
-4716
-5770
-6692
-7250
-7529
-7664
-7517
-6980
-6143
-5221
-4250
-3038
-1701
-583
356
1391
2368
3011
3481
4046
4614
4877
5042
5229
5365
5222
4807
4302
3719
2835
1688
610
-439
-1541
-2663
-3524
-4142
-4647
-5035
-5119
-4927
-4620
-4200
-3388
-2101
-882
62
1184
2656
3834
4512
5203
5979
6237
6118
6279
6375
5918
5355
5144
4856
4068
2980
2008
1006
-397
-2101
-3677
-4975
-6332
-7695
-8641
-9067
-9320
-9380
-8912
-7937
-6839
-5715
-4324
-2707
-1234
-12
1193
2427
3399
4026
4672
5387
5864
6059
6211
6407
6323
5834
5199
4519
3543
2231
866
-437
-1782
-3203
-4378
-5190
-5878
-6435
-6618
-6415
-6010
-5359
-4071
-2427
-1130
60
1733
3370
4319
5058
5953
6442
6391
6449
6638
6380
5835
5582
5515
4984
3928
2867
1878
485
-1461
-3428
-5045
-6620
-8319
-9573
-10136
-10451
-10577
-10071
-8907
-7596
-6295
-4697
-2849
-1185
147
1395
2663
3666
4323
4940
5641
6175
6431
6691
6984
6981
6569
5973
5250
4160
2701
1177
-325
-1874
-3432
-4763
-5686
-6352
-6852
-6988
-6653
-6104
-5250
-3673
-1828
-443
887
2731
4381
5291
6024
6825
7085
6824
6818
6893
6422
5713
5525
5501
4864
3691
2626
1595
9
-2145
-4209
-5924
-7665
-9412
-10560
-10923
-11098
-11013
-10140
-8542
-6928
-5425
-3553
-1397
373
1610
2814
4053
4913
5303
5724
6318
6683
6685
6749
6983
6847
6148
5341
4598
3381
1618
-108
-1607
-3221
-4924
-6251
-7045
-7550
-7904
-7781
-7146
-6300
-5179
-3256
-967
748
2232
4173
6032
7010
7560
8114
8203
7716
7334
7092
6403
5452
4912
4676
4001
2710
1374
181
-1418
-3636
-5901
-7736
-9419
-11085
-12176
-12420
-12277
-11858
-10668
-8780
-6726
-4689
-2531
-198
1934
3456
4545
5552
6326
6567
6553
6688
6773
6580
6365
6314
6113
5455
4479
3481
2252
503
-1504
-3314
-4930
-6574
-7999
-8794
-8979
-8926
-8536
-7534
-6147
-4572
-2433
227
2530
4210
5988
7878
9058
9472
9695
9648
9029
8255
7683
6928
5791
4884
4441
3825
2558
1016
-388
-1926
-4045
-6447
-8485
-10096
-11555
-12644
-12855
-12366
-11562
-10236
-8106
-5581
-3280
-1090
1324
3615
5236
6209
6988
7636
7800
7516
7273
7140
6799
6298
5967
5647
4830
3638
2487
1208
-554
-2642
-4555
-6118
-7581
-8950
-9736
-9768
-9446
-8849
-7697
-6114
-4368
-2115
729
3301
5121
6858
8719
9946
10271
10276
10025
9154
8102
7335
6428
5080
3941
3403
2853
1642
31
-1398
-2849
-4880
-7277
-9299
-10859
-12254
-13212
-13256
-12592
-11606
-10106
-7822
-5120
-2529
-143
2252
4555
6278
7230
7744
8119
8170
7744
7178
6788
6395
5827
5328
4919
4237
3164
1879
509
-1121
-3127
-5191
-6867
-8196
-9375
-10184
-10214
-9604
-8734
-7530
-5892
-4027
-1903
716
3434
5494
7023
8655
10099
10687
10631
10398
9699
8451
7299
6357
5072
3548
2499
1919
1032
-468
-2045
-3382
-4907
-6947
-9025
-10551
-11665
-12588
-12891
-12298
-11229
-9881
-7884
-5275
-2624
-117
2272
4510
6424
7717
8326
8589
8686
8392
7712
7024
6471
5903
5294
4716
4058
3201
2094
752
-758
-2455
-4313
-6071
-7493
-8591
-9325
-9557
-9183
-8270
-6985
-5529
-3887
-2015
178
2759
5180
6912
8331
9870
10953
11136
10876
10387
9276
7712
6408
5238
3653
2027
1043
429
-580
-2083
-3508
-4718
-6236
-8184
-9961
-11224
-12156
-12810
-12776
-11916
-10659
-9069
-6830
-4088
-1428
1034
3400
5571
7256
8218
8631
8749
8542
7923
7103
6323
5648
5017
4410
3827
3135
2264
1203
-95
-1637
-3308
-5011
-6574
-7840
-8761
-9226
-9146
-8528
-7474
-6121
-4587
-2927
-1137
1029
3622
5933
7490
8867
10386
11308
11252
10848
10237
8861
7005
5561
4325
2582
872
1
-428
-1370
-2814
-4046
-5084
-6560
-8501
-10204
-11366
-12287
-12949
-12844
-11819
-10438
-8808
-6416
-3494
-844
1496
3887
6054
7513
8240
8523
8517
8141
7383
6516
5759
5098
4486
3995
3528
2819
1902
918
-305
-1898
-3607
-5207
-6622
-7792
-8616
-8945
-8687
-7927
-6814
-5374
-3704
-1933
-115
2000
4586
6918
8332
9486
10900
11687
11380
10759
10056
8616
6649
5147
4000
2417
814
-45
-448
-1237
-2701
-4119
-5192
-6623
-8607
-10352
-11408
-12109
-12594
-12361
-11143
-9503
-7746
-5440
-2567
96
2256
4332
6305
7632
8112
8166
8125
7808
7048
6208
5574
5051
4493
3964
3451
2708
1653
480
-847
-2458
-4201
-5814
-7103
-8009
-8608
-8739
-8216
-7234
-6061
-4661
-3021
-1355
299
2247
4706
6949
8292
9389
10783
11619
11352
10700
9929
8379
6314
4712
3389
1711
79
-786
-1165
-1920
-3266
-4587
-5624
-6969
-8808
-10519
-11616
-12279
-12698
-12441
-11243
-9580
-7695
-5284
-2428
217
2367
4360
6191
7386
7780
7694
7479
7114
6455
5651
4990
4504
4056
3553
2958
2161
1125
-76
-1470
-3064
-4725
-6262
-7455
-8224
-8650
-8665
-8131
-7109
-5818
-4435
-2931
-1258
484
2386
4723
6971
8415
9518
10880
11773
11555
10845
9983
8474
6486
4823
3438
1899
469
-344
-739
-1377
-2537
-3811
-4913
-6232
-8034
-9808
-10945
-11591
-11975
-11735
-10548
-8780
-6816
-4525
-1843
708
2812
4624
6206
7299
7661
7532
7336
7089
6559
5826
5236
4880
4499
3908
3165
2317
1258
-38
-1525
-3060
-4569
-6000
-7098
-7762
-8104
-8146
-7697
-6773
-5637
-4429
-3085
-1552
170
2244
4657
6743
8125
9369
10642
11228
10892
10135
9046
7392
5570
4139
2890
1554
487
1
-290
-1020
-2296
-3657
-4950
-6595
-8621
-10381
-11459
-12040
-12188
-11603
-10166
-8252
-6167
-3813
-1295
931
2690
4236
5558
6390
6642
6613
6620
6572
6288
5854
5508
5213
4779
4055
3101
1968
656
-809
-2373
-3902
-5301
-6472
-7317
-7791
-7956
-7828
-7316
-6495
-5560
-4566
-3400
-2004
-278
1935
4401
6483
7984
9409
10723
11204
10761
9894
8668
6984
5269
3912
2744
1612
785
483
256
-530
-1915
-3401
-4839
-6658
-8838
-10618
-11548
-11933
-11879
-11032
-9375
-7372
-5320
-3134
-857
1053
2470
3749
4920
5681
5968
6149
6465
6688
6607
6349
6078
5687
5038
4082
2894
1546
90
-1381
-2805
-4097
-5187
-6027
-6602
-6915
-7040
-6965
-6610
-6030
-5369
-4573
-3467
-2021
-118
2376
5005
7055
8594
10074
11208
11349
10637
9571
8174
6487
4994
3901
2988
2199
1762
1637
1285
233
-1439
-3212
-5000
-7132
-9373
-10958
-11641
-11743
-11320
-10157
-8364
-6370
-4438
-2543
-699
833
2032
3102
4138
4994
5612
6153
6716
7156
7241
6985
6489
5829
4867
3532
2026
553
-799
-2133
-3413
-4432
-5188
-5840
-6489
-6990
-7255
-7379
-7377
-7132
-6543
-5632
-4378
-2652
-250
2608
5184
7080
8610
9936
10561
10201
9297
8146
6746
5377
4434
3848
3317
2861
2565
2282
1500
-81
-2177
-4300
-6393
-8542
-10397
-11477
-11689
-11287
-10362
-8952
-7270
-5581
-4034
-2584
-1202
73
1279
2493
3796
5117
6264
7191
7908
8315
8238
7643
6703
5633
4392
2973
1527
252
-804
-1792
-2742
-3608
-4433
-5336
-6329
-7190
-7727
-8077
-8207
-7911
-7028
-5650
-3983
-1849
902
3760
5994
7508
8694
9580
9769
9278
8509
7620
6690
5932
5514
5262
4866
4335
3754
2917
1438
-702
-3089
-5340
-7380
-9156
-10367
-10852
-10693
-10084
-9157
-7999
-6807
-5711
-4651
-3498
-2176
-649
978
2694
4497
6246
7661
8558
8995
9003
8562
7661
6493
5343
4253
3109
2010
1079
178
-803
-1897
-3033
-4237
-5600
-6940
-7950
-8508
-8711
-8609
-7987
-6765
-5152
-3222
-874
1694
3912
5503
6714
7729
8372
8475
8198
7791
7372
7012
6707
6383
5914
5286
4445
3292
1726
-294
-2551
-4763
-6715
-8345
-9569
-10268
-10472
-10296
-9913
-9389
-8724
-7961
-7115
-6068
-4642
-2826
-827
1189
3227
5197
6842
7926
8480
8576
8296
7724
6938
6095
5287
4447
3568
2668
1630
427
-919
-2331
-3788
-5290
-6686
-7781
-8418
-8622
-8529
-8057
-7154
-5857
-4238
-2271
-42
2034
3682
5064
6364
7451
8060
8204
8177
8077
7953
7816
7527
7009
6344
5466
4312
2759
778
-1375
-3477
-5384
-7042
-8343
-9205
-9669
-9847
-9813
-9615
-9265
-8706
-7953
-6930
-5452
-3614
-1594
455
2473
4372
5974
7173
7926
8276
8293
8145
7873
7433
6771
5981
5121
4092
2907
1569
99
-1427
-2979
-4448
-5689
-6695
-7416
-7843
-7979
-7831
-7301
-6284
-4804
-2997
-1028
845
2465
3948
5279
6348
7035
7407
7648
7892
8114
8206
8102
7821
7302
6417
5093
3316
1230
-926
-3002
-4880
-6489
-7726
-8497
-8980
-9365
-9682
-9860
-9838
-9612
-9091
-8093
-6669
-4857
-2797
-675
1427
3294
4835
6032
6886
7414
7721
7903
7982
7889
7554
7002
6200
5102
3775
2246
604
-1065
-2664
-4066
-5240
-6125
-6818
-7320
-7533
-7416
-6994
-6181
-4991
-3624
-2216
-847
577
2018
3333
4395
5242
5985
6678
7268
7692
7940
7908
7603
6957
5890
4402
2619
760
-1073
-2811
-4393
-5731
-6775
-7584
-8292
-8942
-9463
-9779
-9828
-9575
-8920
-7831
-6424
-4772
-2995
-1201
529
2092
3491
4737
5829
6744
7539
8174
8528
8536
8224
7634
6739
5576
4223
2794
1398
55
-1200
-2295
-3306
-4205
-4855
-5119
-5039
-4782
-4509
-4257
-3925
-3356
-2553
-1592
-524
579
1678
2805
3979
5099
6091
6836
7244
7253
6789
5952
4977
3948
2795
1575
412
-657
-1674
-2741
-3842
-4925
-5896
-6707
-7322
-7683
-7740
-7432
-6834
-6092
-5325
-4518
-3714
-2889
-1971
-935
304
1709
3158
4499
5615
6422
6861
6870
6465
5826
5122
4420
3708
3001
2299
1556
745
-152
-1145
-2177
-3113
-3824
-4244
-4302
-3992
-3410
-2663
-2006
-1549
-1212
-909
-578
-132
531
1419
2486
3640
4804
5768
6261
6172
5601
4702
3633
2563
1633
873
271
-269
-887
-1680
-2660
-3753
-4860
-5886
-6738
-7291
-7443
-7208
-6719
-6126
-5495
-4870
-4321
-3850
-3392
-2752
-1828
-607
810
2265
3577
4585
5165
5288
5052
4640
4240
3891
3604
3361
3147
2915
2593
2094
1435
678
-86
-794
-1371
-1742
-1875
-1777
-1569
-1400
-1374
-1498
-1677
-1766
-1661
-1293
-648
164
1039
1839
2456
2804
2877
2733
2459
2168
1969
1892
1858
1765
1521
1158
705
186
-345
-841
-1215
-1491
-1629
-1688
-1738
-1787
-1892
-2092
-2396
-2725
-2981
-3060
-2911
-2524
-1927
-1177
-401
256
716
944
986
891
715
587
571
647
762
873
914
841
659
425
196
44
-11
25
134
230
272
228
103
-86
-303
-496
-596
-556
-385
-118
201
521
789
1000
1154
1219
1226
1235
1254
1271
1329
1433
1542
1627
1654
1607
1496
1348
1189
1054
927
800
685
562
404
177
-123
-443
-773
-1085
-1317
-1461
-1514
-1462
-1340
-1213
-1143
-1131
-1159
-1223
-1306
-1413
-1494
-1524
-1508
-1480
-1469
-1451
-1447
-1443
-1403
-1316
-1202
-1044
-835
-630
-464
-333
-249
-220
-214
-224
-240
-235
-193
-81
80
240
388
515
603
677
729
747
746
768
810
822
832
854
874
851
821
797
773
775
818
885
952
992
999
968
875
738
560
381
221
105
49
35
52
104
174
232
234
188
141
90
23
-57
-140
-231
-345
-467
-576
-667
-734
-751
-711
-619
-485
-320
-153
-35
11
5
-48
-132
-234
-325
-382
-396
-402
-407
-390
-378
-389
-431
-466
-480
-470
-462
-440
-386
-336
-299
-278
-272
-264
-249
-207
-141
-45
101
287
470
624
749
847
883
898
894
879
847
841
861
846
829
841
873
865
843
837
823
781
710
621
517
355
155
-30
-195
-341
-458
-490
-438
-350
-224
-86
53
166
211
207
197
170
127
104
85
73
50
14
-11
-66
-159
-264
-360
-429
-508
-610
-708
-800
-910
-1045
-1202
-1353
-1479
-1585
-1645
-1655
-1620
-1550
-1442
-1322
-1185
-1035
-877
-741
-615
-493
-388
-272
-170
-57
58
174
297
438
595
753
880
988
1063
1098
1071
1013
923
780
623
480
366
275
224
219
261
325
394
482
568
636
665
686
718
746
746
737
717
688
667
633
606
569
542
539
535
521
487
430
333
196
38
-136
-324
-488
-608
-700
-755
-776
-785
-791
-779
-756
-725
-699
-663
-636
-619
-598
-594
-595
-582
-550
-515
-472
-401
-292
-167
-56
46
138
181
177
140
83
2
-80
-133
-150
-124
-86
-19
85
202
305
413
504
586
671
743
804
830
841
814
776
708
617
532
463
411
356
317
298
289
252
188
109
21
-79
-183
-279
-348
-398
-421
-421
-399
-356
-293
-226
-173
-102
-28
31
68
86
98
85
57
6
-49
-105
-140
-155
-149
-129
-111
-105
-129
-163
-224
-303
-401
-499
-600
-675
-720
-765
-768
-759
-719
-653
-561
-469
-369
-266
-177
-91
-29
30
66
80
80
65
49
28
12
18
27
28
27
44
42
34
17
-2
-24
-45
-57
-68
-67
-56
-42
-20
20
71
111
147
198
252
316
356
385
402
398
382
348
310
288
285
298
343
387
446
501
530
532
498
448
381
315
256
199
135
101
86
75
51
46
58
65
77
85
108
124
133
120
91
51
-18
-97
-181
-258
-332
-389
-406
-410
-414
-404
-382
-360
-338
-320
-306
-278
-249
-224
-181
-120
-55
-3
48
117
170
209
238
281
317
338
345
328
308
252
180
101
28
-19
-59
-70
-66
-50
-22
-8
-7
-27
-63
-105
-142
-176
-199
-209
-208
-197
-175
-144
-120
-87
-44
-1
50
102
154
196
215
204
162
107
30
-46
-116
-179
-238
-278
-298
-312
-299
-283
-272
-263
-256
-243
-236
-207
-163
-142
-103
-69
-37
-4
30
70
111
150
166
190
210
224
223
206
188
151
105
55
18
-28
-57
-69
-72
-71
-71
-65
-69
-73
-93
-121
-152
-183
-203
-233
-254
-262
-258
-242
-224
-192
-151
-100
-52
-16
16
49
74
79
86
78
62
43
27
13
-10
-18
-15
4
43
81
126
174
219
250
262
263
270
272
279
273
271
283
283
292
297
296
291
280
270
248
210
173
145
122
88
49
21
11
6
-5
-7
5
27
54
71
84
94
100
103
91
84
71
63
55
55
70
77
93
114
147
158
150
150
147
130
94
47
8
-44
-99
-153
-195
-237
-291
-324
-343
-347
-348
-338
-304
-259
-229
-213
-203
-199
-191
-185
-186
-188
-177
-160
-150
-147
-144
-143
-146
-167
-176
-185
-203
-216
-231
-247
-278
-308
-333
-344
-353
-354
-324
-286
-237
-189
-148
-113
-85
-66
-49
-27
-5
39
86
137
189
244
295
338
378
404
417
420
422
421
402
374
352
322
283
248
216
182
157
134
126
112
98
106
113
114
103
88
75
53
24
-1
-20
-44
-59
-80
-105
-127
-155
-183
-204
-222
-248
-265
-273
-285
-299
-325
-356
-384
-407
-420
-421
-397
-354
-311
-251
-188
-127
-66
-3
49
104
140
169
209
247
292
334
384
428
473
507
529
542
542
545
536
522
496
461
414
371
333
289
260
234
227
233
238
252
266
282
289
284
273
246
216
191
168
143
122
97
73
45
5
-52
-115
-179
-243
-309
-382
-442
-501
-569
-642
-707
-776
-840
-881
-915
-916
-905
-885
-845
-794
-740
-684
-623
-562
-499
-427
-350
-278
-199
-120
-33
47
112
166
226
275
316
358
389
402
401
406
395
372
340
318
307
302
301
315
344
381
413
448
477
494
504
498
487
465
444
413
384
357
340
318
289
258
219
167
114
46
-34
-107
-188
-260
-328
-405
-478
-531
-585
-626
-657
-680
-685
-671
-658
-647
-625
-594
-558
-526
-489
-448
-403
-355
-304
-262
-213
-154
-104
-52
9
75
127
164
199
218
229
227
217
202
207
223
251
281
317
370
424
486
546
596
640
686
713
729
738
740
747
742
725
708
682
652
614
562
510
445
381
311
233
148
54
-35
-127
-212
-296
-369
-430
-489
-536
-564
-586
-611
-615
-597
-574
-551
-523
-499
-478
-469
-462
-458
-440
-413
-379
-336
-294
-245
-188
-140
-112
-100
-99
-113
-143
-171
-194
-210
-215
-209
-206
-202
-159
-122
-104
-79
-48
-20
6
49
96
124
162
216
247
283
319
344
376
404
417
427
444
446
435
429
428
412
373
334
287
220
150
75
-2
-61
-104
-145
-179
-192
-199
-210
-217
-229
-249
-272
-291
-313
-328
-329
-318
-294
-259
-214
-171
-139
-101
-66
-37
-13
-13
-15
-22
-31
-46
-62
-75
-82
-87
-86
-94
-97
-102
-112
-112
-117
-123
-115
-103
-86
-67
-48
-16
11
34
62
87
116
153
197
247
303
357
405
442
462
460
441
408
366
317
270
236
217
205
194
199
200
191
185
172
150
122
93
62
39
26
20
16
15
26
36
42
43
40
40
34
28
14
0
-13
-29
-44
-58
-72
-80
-94
-126
-159
-191
-226
-256
-270
-283
-289
-291
-287
-279
-280
-274
-275
-273
-273
-269
-251
-227
-195
-156
-105
-55
-12
31
54
64
64
56
44
23
1
-11
-27
-35
-43
-50
-52
-56
-62
-75
-84
-91
-97
-96
-95
-75
-54
-30
4
40
77
110
146
182
207
223
247
269
271
274
271
264
246
218
193
161
120
84
50
12
-24
-56
-82
-110
-130
-147
-168
-191
-210
-231
-259
-273
-268
-256
-237
-217
-183
-147
-109
-73
-32
-1
19
34
44
48
46
49
51
49
53
52
49
48
37
24
13
3
-4
-5
2
7
29
50
70
91
110
135
154
179
214
245
272
303
325
347
358
364
365
357
339
315
285
241
205
162
120
81
44
5
-28
-65
-103
-137
-169
-193
-222
-253
-275
-289
-288
-284
-273
-255
-233
-212
-196
-185
-174
-166
-162
-164
-167
-168
-165
-154
-145
-141
-136
-133
-133
-137
-151
-164
-170
-171
-154
-137
-102
-62
-24
18
54
86
117
149
177
209
251
297
341
377
410
434
440
437
421
394
359
317
275
234
182
136
96
56
12
-37
-89
-143
-198
-255
-302
-344
-379
-398
-404
-407
-389
-365
-344
-317
-294
-272
-251
-240
-226
-209
-202
-198
-190
-187
-182
-174
-172
-172
-176
-181
-192
-202
-215
-222
-216
-201
-173
-137
-97
-44
6
55
99
143
191
242
291
351
412
474
536
587
627
658
677
676
663
635
606
573
534
494
454
408
356
305
246
179
110
32
-41
-110
-167
-215
-251
-271
-284
-289
-285
-272
-262
-251
-239
-227
-215
-205
-190
-176
-159
-147
-142
-135
-138
-152
-168
-190
-215
-242
-267
-296
-318
-330
-336
-329
-317
-304
-282
-251
-218
-182
-145
-106
-55
-3
56
121
191
257
320
374
418
452
466
474
468
455
440
416
384
347
306
261
219
166
113
54
-8
-69
-124
-168
-205
-234
-252
-261
-262
-255
-245
-236
-222
-203
-184
-162
-142
-122
-100
-84
-65
-58
-59
-65
-81
-98
-122
-147
-173
-193
-217
-235
-244
-253
-259
-260
-258
-246
-230
-211
-186
-158
-121
-70
-10
52
115
179
241
292
341
383
413
436
453
460
463
464
457
440
414
382
341
300
249
188
126
66
11
-40
-79
-117
-150
-169
-178
-186
-196
-199
-202
-200
-191
-181
-165
-139
-108
-83
-59
-41
-29
-29
-32
-41
-64
-80
-101
-115
-122
-129
-133
-135
-129
-125
-120
-117
-116
-111
-104
-86
-58
-22
10
54
108
170
224
259
287
305
326
352
366
355
349
345
339
331
316
294
260
224
187
138
84
34
-19
-60
-102
-157
-195
-226
-247
-260
-263
-260
-272
-270
-265
-258
-251
-250
-235
-219
-179
-146
-128
-116
-119
-130
-136
-146
-171
-202
-221
-238
-240
-247
-259
-246
-245
-236
-245
-254
-258
-241
-205
-159
-119
-84
-42
14
72
121
183
224
264
314
344
363
377
389
412
428
427
418
407
390
367
340
331
308
272
227
174
138
92
61
24
-13
-42
-80
-71
-69
-97
-126
-132
-127
-122
-105
-101
-97
-105
-101
-78
-62
-83
-111
-121
-140
-170
-183
-187
-160
-142
-147
-164
-188
-201
-208
-214
-219
-212
-194
-173
-156
-119
-69
-21
5
52
94
121
146
161
199
215
245
249
260
284
297
333
359
360
363
335
325
300
261
239
185
152
134
154
137
95
49
-19
-32
-33
-43
-90
-139
-159
-135
-120
-141
-122
-111
-123
-149
-176
-191
-205
-250
-283
-304
-257
-211
-192
-223
-252
-234
-189
-132
-135
-176
-231
-229
-185
-162
-159
-152
-144
-87
-41
11
41
25
16
39
68
102
98
60
42
50
108
160
186
177
157
153
150
150
151
114
104
89
73
69
78
63
51
67
40
-3
-49
-25
-22
-10
-15
-2
-11
-5
2
-31
-5
-27
-20
-93
-116
-130
-124
-87
-108
-115
-182
-160
-109
-70
-76
-163
-168
-140
-70
-53
-68
-88
-52
-12
26
80
104
170
104
136
148
181
275
218
286
194
266
213
337
377
317
238
424
1649
1208
-5
-1372
-1088
244
1787
2649
554
-1884
-3247
-954
1604
2407
1039
-1949
-2524
-2081
-258
563
613
-444
-1157
-25
439
1161
-190
-283
-533
-480
1263
1488
1033
-1620
-1239
-346
909
1388
708
1072
-843
-135
-265
-153
-804
-68
369
-62
-492
-1890
-318
-1698
-19
-320
-767
282
-268
38
-887
-318
224
731
73
543
440
121
510
-212
1137
623
780
1467
572
1392
80
649
244
-19
361
649
133
-469
88
-892
-158
-838
5
18
-1144
-362
-605
-842
-1209
-594
134
149
-912
-1003
-143
-871
113
-204
312
113
31
222
-213
448
-374
301
-613
605
-266
-631
78
7
374
-608
630
-40
-301
-1099
-733
292
-330
182
-502
-386
-120
-127
-231
-476
178
790
1131
-39
148
-338
-102
860
1834
1260
804
415
12
-319
-950
983
1427
1736
1263
-3
-299
-768
-86
115
762
581
541
504
-132
-583
-1076
-486
280
530
548
840
-468
-517
-611
59
740
678
796
514
196
-96
34
-357
566
379
496
757
-241
96
-555
-225
-363
-198
214
-158
-207
-874
-217
-642
-208
-246
-545
-710
-453
47
-320
-392
-447
621
-10
-223
-274
-338
-26
22
682
702
505
16
-176
-272
-430
-189
-143
266
242
-32
-281
-439
-458
-637
-616
-607
-282
-521
-629
-680
-802
-715
-470
-499
-696
-976
-859
-514
-679
-662
-642
-489
-310
-367
-162
-343
-202
-306
-557
-401
-337
53
206
140
215
-142
-265
338
402
493
368
416
459
110
238
830
1152
1409
1455
793
743
391
834
1554
1792
2063
1591
1743
1508
1409
1467
1583
1700
1545
1415
1128
849
572
653
631
623
323
-157
-343
-869
-1201
-1457
-1592
-1698
-1841
-1969
-2158
-2343
-2481
-2629
-2748
-2548
-2448
-2315
-2183
-1710
-1484
-1390
-673
-451
-367
-402
-233
261
549
1002
1481
1926
2074
2185
2051
1808
1600
1471
1789
2008
2080
2006
2061
2239
2267
2181
1775
1306
1087
1121
1113
975
618
446
409
379
195
-238
-210
-276
-353
-691
-1165
-1539
-1786
-1929
-2106
-2395
-2614
-2697
-2896
-3125
-3380
-3331
-3030
-2655
-2361
-1989
-1626
-1426
-1190
-964
-680
-304
165
717
1112
1397
1645
1758
1838
1990
1878
1794
1750
1665
1689
1476
1174
775
254
7
-155
-463
-773
-1088
-1421
-1618
-1647
-1385
-901
-649
-444
-431
-342
-10
336
679
974
1228
1608
2121
2517
2728
2755
2933
3108
3052
2714
2174
1572
1216
912
385
-168
-770
-1253
-1725
-2226
-2832
-3407
-3647
-3678
-3716
-3635
-3386
-3204
-2871
-2536
-2186
-1795
-1223
-606
-180
325
1040
1710
2199
2574
2813
2983
3135
3223
3072
2672
2335
2218
2095
1801
1215
600
103
-372
-899
-1546
-2114
-2306
-2157
-1783
-1415
-1157
-1185
-1031
-748
-423
-160
166
686
1163
1823
2474
2975
3260
3688
3925
3838
3483
3009
2494
2037
1587
974
217
-351
-763
-1424
-2305
-3137
-3958
-4514
-4775
-4954
-5030
-4937
-4583
-4207
-3836
-3572
-3304
-2842
-2092
-1347
-654
85
864
1667
2408
2889
3199
3338
3587
3734
3609
3304
2952
2793
2619
2181
1524
799
68
-655
-1371
-2070
-2569
-2859
-2910
-2726
-2434
-2130
-2109
-2023
-1663
-1129
-749
-383
97
692
1438
2320
3045
3449
3872
4288
4445
4264
3807
3306
2724
2298
1685
886
168
-410
-1076
-1971
-2884
-3733
-4386
-4863
-5206
-5445
-5506
-5242
-4881
-4449
-3976
-3410
-2811
-2204
-1472
-667
184
960
1861
2716
3472
3976
4322
4620
4725
4698
4459
4147
3709
3316
2884
2320
1564
736
-18
-811
-1601
-2386
-3027
-3449
-3655
-3504
-3090
-2672
-2446
-2149
-1548
-985
-544
-182
466
1215
2101
3015
3733
4377
4954
5560
5753
5561
4984
4457
3885
3244
2378
1379
647
-50
-850
-1859
-2913
-3924
-4843
-5519
-6102
-6429
-6459
-6222
-5948
-5622
-5098
-4470
-3772
-3159
-2384
-1614
-650
342
1326
2269
3111
3906
4519
4944
5126
5066
4869
4553
4168
3633
3118
2615
2027
1205
207
-668
-1462
-2224
-3069
-3831
-4335
-4518
-4256
-3746
-3309
-3125
-2682
-1999
-1348
-879
-374
338
1184
2125
2983
3752
4465
5185
5666
5753
5518
4999
4462
3833
3028
1973
1010
223
-513
-1438
-2528
-3566
-4471
-5225
-5918
-6475
-6790
-6805
-6587
-6236
-5765
-5243
-4545
-3711
-2861
-2054
-1212
-190
823
1836
2815
3705
4471
5100
5555
5725
5692
5509
5274
4854
4324
3608
2866
2239
1498
539
-480
-1357
-2067
-2807
-3663
-4322
-4623
-4603
-4344
-3866
-3398
-3047
-2459
-1586
-774
-207
449
1266
2116
3009
3823
4515
5114
5735
6158
6265
6042
5578
4943
4185
3262
2043
889
-57
-918
-1898
-2913
-3844
-4612
-5343
-6070
-6652
-6965
-6978
-6831
-6501
-6024
-5350
-4525
-3541
-2540
-1626
-675
382
1424
2377
3212
4052
4853
5563
6033
6205
6212
6136
5936
5465
4773
3938
3092
2245
1330
270
-751
-1667
-2454
-3191
-3952
-4654
-5053
-5190
-5170
-4884
-4367
-3798
-3218
-2375
-1449
-671
29
896
1723
2491
3248
3953
4580
5217
5796
6077
6048
5749
5207
4452
3554
2456
1252
107
-880
-1864
-2882
-3880
-4691
-5385
-5982
-6549
-6971
-7186
-7150
-6915
-6548
-5997
-5253
-4304
-3280
-2196
-1124
-33
974
1949
2877
3764
4543
5227
5772
6131
6271
6184
5975
5631
5112
4362
3447
2515
1541
508
-504
-1435
-2357
-3269
-4082
-4762
-5331
-5739
-5891
-5827
-5449
-4810
-4055
-3333
-2434
-1357
-365
495
1398
2374
3254
4068
4794
5476
6068
6584
6878
6905
6680
6181
5466
4578
3456
2152
878
-228
-1287
-2348
-3378
-4249
-4968
-5602
-6146
-6570
-6780
-6778
-6578
-6218
-5701
-4998
-4074
-3063
-1999
-966
129
1217
2236
3171
4003
4722
5296
5776
6078
6174
6072
5851
5491
4934
4200
3346
2367
1375
308
-716
-1677
-2562
-3459
-4250
-4889
-5370
-5744
-5948
-5885
-5582
-4986
-4284
-3530
-2692
-1617
-472
560
1482
2411
3310
4061
4749
5386
5901
6335
6705
6905
6764
6322
5658
4901
3943
2745
1387
67
-1055
-2169
-3237
-4224
-5018
-5650
-6150
-6553
-6846
-7008
-6924
-6634
-6235
-5697
-4977
-4103
-3134
-2142
-1142
-95
1013
2038
2920
3659
4287
4788
5117
5321
5297
5147
4880
4485
3914
3207
2448
1636
759
-194
-1094
-1946
-2731
-3493
-4159
-4649
-5013
-5283
-5413
-5355
-5027
-4415
-3617
-2737
-1818
-868
152
1176
2090
2856
3520
4179
4794
5345
5736
6001
6180
6341
6311
5979
5390
4671
3857
2823
1586
323
-839
-1906
-2921
-3820
-4576
-5182
-5628
-5939
-6132
-6201
-6083
-5819
-5436
-4989
-4437
-3719
-2827
-1883
-974
-70
893
1816
2633
3315
3926
4413
4737
4923
4968
4865
4591
4217
3702
3109
2405
1688
950
183
-641
-1447
-2163
-2798
-3429
-3967
-4346
-4599
-4739
-4728
-4479
-4001
-3344
-2544
-1656
-766
144
1075
1948
2683
3349
3972
4520
4990
5422
5756
5967
6084
6109
5937
5563
5004
4282
3405
2385
1237
57
-1044
-2106
-3129
-4035
-4727
-5253
-5652
-5927
-6077
-6080
-5950
-5661
-5298
-4871
-4317
-3690
-2957
-2192
-1376
-510
417
1306
2071
2774
3407
3914
4197
4324
4335
4198
3898
3479
2988
2419
1790
1150
535
-156
-889
-1600
-2248
-2883
-3514
-3971
-4300
-4535
-4711
-4738
-4562
-4160
-3574
-2907
-2130
-1310
-451
454
1386
2191
2847
3429
3963
4441
4822
5086
5227
5341
5407
5355
5083
4662
4131
3441
2578
1565
482
-597
-1652
-2619
-3481
-4199
-4738
-5110
-5355
-5490
-5506
-5373
-5118
-4798
-4365
-3890
-3318
-2649
-1885
-1091
-269
584
1421
2168
2865
3517
4052
4425
4624
4701
4657
4454
4123
3697
3150
2583
1969
1316
632
-64
-725
-1347
-1947
-2505
-3030
-3439
-3746
-3966
-4076
-4056
-3839
-3398
-2804
-2115
-1331
-510
312
1106
1862
2507
3043
3527
3948
4248
4481
4662
4781
4804
4744
4590
4255
3786
3188
2477
1627
675
-274
-1218
-2160
-3053
-3790
-4369
-4830
-5169
-5336
-5349
-5230
-4977
-4663
-4283
-3795
-3235
-2655
-2071
-1446
-779
-71
649
1338
1997
2570
3079
3518
3820
3964
3974
3883
3651
3258
2779
2272
1709
1103
480
-152
-741
-1301
-1832
-2296
-2706
-3036
-3296
-3476
-3621
-3657
-3562
-3325
-2969
-2494
-1860
-1157
-402
348
1087
1758
2361
2882
3295
3599
3798
3911
3972
3978
3936
3857
3723
3461
3103
2633
2037
1326
495
-390
-1255
-2073
-2892
-3610
-4183
-4582
-4843
-4918
-4854
-4699
-4430
-4056
-3620
-3163
-2680
-2189
-1703
-1177
-612
-26
573
1175
1775
2344
2846
3272
3586
3752
3794
3693
3496
3158
2734
2268
1767
1251
721
209
-276
-730
-1116
-1441
-1764
-2075
-2317
-2496
-2624
-2686
-2649
-2473
-2170
-1748
-1228
-641
9
685
1326
1937
2484
2936
3292
3543
3684
3754
3751
3705
3664
3571
3379
3129
2818
2412
1874
1194
448
-344
-1192
-2034
-2817
-3492
-4046
-4446
-4716
-4829
-4789
-4619
-4345
-3981
-3561
-3125
-2646
-2141
-1620
-1115
-596
-72
455
996
1543
2057
2514
2924
3242
3437
3519
3478
3316
2997
2599
2138
1608
1096
570
39
-429
-838
-1199
-1507
-1796
-2058
-2289
-2481
-2590
-2655
-2679
-2600
-2397
-2068
-1650
-1156
-590
17
650
1251
1800
2296
2693
2968
3163
3283
3322
3280
3188
3070
2923
2712
2435
2100
1715
1238
646
15
-641
-1339
-2037
-2693
-3275
-3771
-4148
-4384
-4512
-4491
-4324
-4051
-3704
-3305
-2892
-2440
-1984
-1531
-1076
-625
-202
219
667
1126
1539
1939
2312
2591
2788
2891
2908
2817
2627
2363
2043
1676
1259
828
445
66
-269
-572
-852
-1089
-1282
-1445
-1569
-1638
-1665
-1623
-1531
-1398
-1177
-865
-486
-39
432
931
1427
1890
2298
2643
2906
3093
3207
3246
3228
3159
3043
2885
2675
2421
2125
1792
1368
859
305
-279
-876
-1489
-2081
-2629
-3103
-3449
-3678
-3838
-3914
-3849
-3679
-3435
-3128
-2798
-2430
-2049
-1654
-1273
-896
-506
-110
278
667
1057
1430
1791
2075
2294
2440
2509
2482
2366
2169
1900
1554
1188
814
411
22
-340
-677
-992
-1258
-1478
-1668
-1804
-1890
-1935
-1932
-1872
-1757
-1584
-1309
-973
-584
-161
303
789
1246
1668
2063
2403
2659
2846
2955
2976
2964
2905
2771
2596
2368
2074
1738
1351
900
391
-148
-715
-1320
-1899
-2428
-2907
-3316
-3607
-3816
-3900
-3870
-3761
-3558
-3286
-2927
-2541
-2142
-1712
-1289
-878
-450
-24
396
805
1190
1546
1875
2159
2375
2534
2639
2657
2570
2399
2162
1829
1446
1026
588
145
-296
-695
-1057
-1337
-1557
-1729
-1846
-1913
-1929
-1909
-1826
-1713
-1562
-1330
-1030
-684
-286
152
603
1070
1534
1964
2344
2660
2905
3072
3140
3137
3065
2926
2725
2484
2182
1825
1438
1018
557
68
-436
-955
-1449
-1912
-2346
-2708
-2986
-3185
-3289
-3286
-3183
-2993
-2718
-2377
-2002
-1580
-1126
-704
-295
108
497
874
1218
1518
1795
2048
2257
2418
2520
2567
2542
2410
2190
1919
1577
1144
699
240
-230
-691
-1113
-1484
-1784
-2039
-2221
-2334
-2394
-2395
-2344
-2249
-2099
-1884
-1619
-1288
-937
-546
-105
357
824
1277
1696
2068
2384
2616
2776
2847
2846
2780
2630
2415
2129
1804
1445
1050
620
166
-295
-754
-1227
-1678
-2079
-2438
-2739
-2976
-3129
-3186
-3153
-3014
-2799
-2514
-2165
-1753
-1333
-900
-475
-78
305
683
1038
1343
1619
1864
2066
2203
2297
2331
2303
2199
2037
1809
1529
1187
783
341
-96
-517
-940
-1334
-1668
-1944
-2169
-2326
-2414
-2434
-2394
-2282
-2126
-1912
-1634
-1310
-938
-543
-139
285
730
1166
1568
1929
2255
2526
2737
2874
2936
2936
2864
2721
2500
2226
1916
1560
1166
744
310
-123
-552
-971
-1366
-1731
-2036
-2267
-2445
-2562
-2595
-2540
-2405
-2209
-1947
-1626
-1270
-891
-498
-99
284
645
976
1285
1564
1805
1996
2135
2221
2247
2227
2152
2007
1805
1549
1256
919
537
120
-299
-708
-1096
-1455
-1781
-2048
-2260
-2402
-2478
-2482
-2427
-2315
-2146
-1927
-1659
-1360
-1008
-623
-235
170
590
1010
1396
1745
2042
2290
2469
2580
2615
2577
2478
2316
2108
1848
1536
1198
844
461
50
-355
-748
-1112
-1462
-1790
-2062
-2279
-2421
-2500
-2512
-2457
-2323
-2144
-1905
-1604
-1278
-926
-568
-217
118
434
723
976
1188
1367
1510
1616
1684
1700
1683
1638
1538
1377
1177
938
668
351
9
-327
-667
-976
-1275
-1540
-1750
-1897
-1985
-2030
-2016
-1962
-1857
-1708
-1523
-1313
-1065
-772
-456
-137
199
548
895
1216
1504
1764
1977
2142
2241
2284
2266
2201
2087
1914
1709
1468
1202
927
640
334
15
-295
-583
-848
-1099
-1334
-1513
-1638
-1714
-1745
-1706
-1608
-1453
-1262
-1024
-756
-469
-173
117
400
672
912
1122
1303
1446
1560
1638
1679
1698
1662
1600
1491
1345
1158
917
658
363
51
-274
-605
-911
-1201
-1458
-1686
-1860
-1984
-2051
-2072
-2036
-1955
-1820
-1651
-1442
-1194
-911
-617
-316
3
311
618
900
1174
1407
1605
1758
1863
1914
1915
1855
1760
1614
1421
1197
938
653
362
55
-265
-568
-865
-1136
-1377
-1571
-1720
-1823
-1872
-1868
-1810
-1688
-1522
-1322
-1080
-808
-518
-226
72
362
617
853
1063
1220
1356
1441
1496
1503
1489
1427
1319
1188
1011
805
577
321
43
-249
-543
-825
-1088
-1338
-1557
-1737
-1852
-1922
-1942
-1912
-1827
-1691
-1507
-1289
-1049
-767
-483
-172
134
444
749
1025
1294
1535
1738
1896
2018
2105
2143
2130
2057
1949
1812
1628
1410
1157
890
609
323
29
-257
-522
-754
-967
-1141
-1284
-1384
-1443
-1469
-1444
-1389
-1283
-1151
-992
-802
-614
-409
-199
-4
184
337
486
604
695
751
777
779
754
705
626
523
391
249
100
-47
-209
-378
-550
-697
-842
-971
-1087
-1173
-1211
-1226
-1189
-1120
-1013
-863
-686
-482
-267
-35
187
416
628
826
994
1144
1274
1382
1456
1504
1524
1519
1485
1411
1307
1150
1021
822
656
429
232
22
-179
-376
-541
-689
-818
-890
-964
-971
-973
-941
-860
-784
-667
-554
-415
-272
-120
6
140
249
359
450
490
545
546
549
502
440
348
238
107
-40
-188
-358
-521
-687
-839
-986
-1129
-1251
-1346
-1411
-1467
-1481
-1464
-1406
-1317
-1196
-1038
-852
-639
-415
-179
65
302
530
750
955
1129
1286
1409
1514
1594
1637
1651
1633
1585
1500
1395
1272
1122
961
776
589
393
201
3
-171
-326
-466
-577
-666
-721
-748
-756
-733
-691
-637
-560
-486
-398
-309
-219
-140
-62
11
71
115
144
156
153
133
90
30
-47
-128
-223
-333
-439
-545
-638
-726
-802
-867
-916
-939
-941
-919
-879
-811
-723
-599
-464
-310
-153
23
199
381
553
716
878
1022
1149
1254
1334
1393
1427
1433
1425
1378
1312
1225
1118
1000
878
739
595
442
299
157
21
-113
-225
-320
-400
-452
-485
-502
-497
-476
-444
-410
-373
-322
-278
-243
-210
-172
-146
-119
-108
-100
-107
-125
-153
-199
-250
-315
-380
-457
-536
-617
-693
-763
-830
-883
-923
-948
-959
-950
-923
-878
-812
-730
-641
-537
-427
-308
-186
-65
49
158
253
349
436
508
570
616
652
676
681
677
663
633
598
559
505
459
405
356
302
258
227
202
186
171
174
177
194
219
247
280
313
341
368
383
394
388
372
346
312
261
205
142
68
-11
-91
-176
-260
-345
-431
-513
-588
-646
-697
-740
-760
-767
-760
-726
-672
-629
-572
-483
-407
-324
-235
-134
-34
80
177
265
348
411
462
494
520
518
506
476
449
397
337
284
220
159
102
45
-12
-58
-96
-127
-143
-148
-136
-115
-76
-37
15
80
147
211
280
367
440
507
569
620
645
664
664
641
598
541
466
371
275
170
50
-76
-197
-321
-444
-557
-667
-759
-834
-891
-933
-957
-962
-949
-917
-868
-805
-728
-633
-536
-430
-312
-192
-68
45
157
263
354
430
487
525
539
540
514
482
437
381
312
232
150
64
-19
-103
-174
-244
-300
-339
-368
-382
-386
-372
-349
-310
-263
-208
-137
-63
23
115
206
300
383
456
526
577
609
624
617
595
555
494
428
347
257
163
59
-45
-151
-259
-362
-455
-539
-614
-666
-708
-730
-733
-717
-683
-629
-558
-470
-370
-264
-149
-28
96
215
330
437
535
624
700
757
794
815
815
793
754
699
631
542
447
345
232
118
7
-98
-197
-286
-357
-419
-466
-494
-509
-508
-497
-463
-419
-361
-289
-204
-116
-21
80
182
281
375
453
519
569
597
608
607
583
538
481
407
322
222
114
3
-109
-223
-336
-438
-536
-621
-693
-754
-798
-823
-831
-823
-793
-741
-683
-606
-517
-417
-312
-203
-88
20
122
221
310
385
446
492
523
537
530
510
474
421
359
280
197
106
13
-77
-173
-257
-331
-398
-452
-494
-516
-525
-520
-503
-471
-421
-364
-293
-213
-126
-33
61
155
245
330
408
476
526
564
594
609
602
583
546
496
438
368
290
206
121
33
-52
-131
-205
-264
-316
-352
-375
-388
-386
-372
-342
-308
-261
-199
-132
-54
26
109
197
280
360
432
492
542
580
603
607
596
572
535
482
419
345
259
170
76
-18
-115
-206
-295
-371
-435
-493
-539
-575
-596
-606
-598
-583
-556
-511
-457
-392
-324
-249
-168
-91
-13
59
124
182
231
270
296
311
313
306
288
256
217
167
112
53
-11
-78
-141
-198
-252
-295
-329
-355
-372
-379
-370
-352
-325
-286
-236
-184
-125
-57
12
83
160
229
298
360
415
462
497
518
532
530
520
498
457
409
352
288
213
137
57
-23
-102
-173
-244
-310
-364
-413
-454
-483
-501
-509
-503
-484
-456
-412
-361
-303
-244
-180
-112
-48
14
71
124
172
213
246
271
284
290
280
262
235
198
151
103
53
-4
-55
-111
-162
-209
-246
-273
-292
-304
-308
-295
-270
-241
-205
-156
-96
-33
37
110
184
257
326
395
455
509
552
584
607
615
606
592
563
520
466
408
338
262
181
98
18
-63
-143
-217
-282
-338
-387
-430
-458
-475
-480
-476
-459
-431
-392
-347
-296
-243
-185
-124
-63
-7
43
91
132
164
186
202
210
207
197
174
151
123
82
39
-10
-55
-102
-149
-194
-240
-273
-300
-322
-337
-340
-330
-309
-283
-244
-198
-147
-95
-38
20
77
136
191
244
294
336
371
399
419
430
431
423
405
376
339
299
252
197
146
93
36
-17
-70
-119
-161
-201
-231
-255
-269
-275
-276
-272
-259
-241
-215
-186
-152
-114
-75
-37
0
36
67
94
114
132
144
148
143
131
115
93
66
38
4
-32
-70
-106
-141
-179
-210
-236
-260
-280
-293
-301
-299
-290
-280
-262
-235
-202
-166
-127
-83
-43
2
45
85
123
159
190
219
246
264
273
280
287
282
269
256
237
210
185
155
127
98
71
39
11
-11
-34
-51
-66
-76
-80
-85
-81
-74
-62
-47
-31
-11
14
38
62
85
105
123
138
155
168
176
181
184
177
167
156
139
120
96
71
42
12
-16
-48
-76
-106
-134
-157
-179
-197
-212
-223
-231
-233
-231
-222
-214
-204
-181
-163
-144
-122
-98
-74
-52
-29
-5
15
29
42
51
61
68
67
65
62
54
44
30
16
-2
-20
-38
-55
-73
-88
-101
-115
-122
-127
-129
-123
-121
-115
-106
-97
-84
-71
-53
-31
-10
9
33
54
74
91
106
123
136
142
151
161
167
168
171
168
165
161
157
151
146
138
132
124
115
110
101
94
88
82
78
75
73
74
71
69
65
56
51
42
30
23
10
-5
-16
-31
-49
-63
-80
-96
-115
-136
-155
-177
-195
-210
-227
-240
-247
-256
-263
-266
-269
-265
-255
-243
-227
-210
-189
-163
-141
-115
-83
-54
-24
5
36
67
95
119
147
175
201
220
239
254
263
268
270
271
264
259
251
239
225
207
190
172
154
128
103
83
61
38
17
1
-14
-23
-32
-40
-45
-52
-56
-58
-60
-61
-61
-58
-52
-48
-45
-37
-35
-34
-29
-31
-34
-38
-42
-46
-54
-66
-74
-90
-104
-115
-134
-149
-161
-175
-186
-198
-207
-212
-220
-221
-217
-216
-207
-199
-193
-173
-153
-137
-110
-85
-60
-29
-6
23
53
74
106
134
154
183
202
218
236
242
251
265
265
266
267
256
255
242
226
219
203
186
173
156
140
125
104
91
77
53
37
23
7
-9
-24
-36
-44
-57
-70
-79
-97
-105
-118
-137
-145
-158
-177
-185
-193
-207
-217
-229
-238
-242
-251
-250
-249
-248
-243
-234
-222
-204
-188
-169
-146
-119
-92
-65
-34
-4
23
55
89
120
151
177
203
230
249
267
284
295
302
306
305
305
296
285
274
257
238
219
197
178
155
129
105
78
51
32
10
-14
-32
-51
-66
-73
-83
-93
-100
-105
-108
-113
-117
-119
-120
-126
-124
-126
-130
-127
-127
-129
-128
-132
-134
-136
-142
-145
-148
-150
-151
-153
-154
-152
-153
-149
-143
-138
-129
-119
-105
-96
-78
-64
-49
-29
-12
8
27
46
64
78
94
113
127
136
149
157
165
170
174
173
169
164
157
147
137
126
112
100
88
68
55
43
33
22
8
-4
-13
-25
-33
-38
-44
-48
-51
-49
-49
-46
-48
-41
-36
-35
-33
-33
-32
-29
-26
-27
-27
-26
-23
-23
-24
-23
-29
-31
-30
-33
-37
-40
-38
-39
-38
-38
-36
-34
-31
-27
-23
-16
-11
-4
4
10
18
26
35
41
47
50
54
59
59
64
69
70
71
69
65
62
57
53
51
47
42
36
29
27
21
12
13
6
1
3
-4
-8
-5
-9
-10
-9
-13
-12
-17
-21
-20
-24
-25
-19
-19
-17
-15
-19
-18
-20
-22
-27
-29
-30
-34
-38
-40
-38
-38
-40
-36
-38
-41
-40
-43
-45
-40
-41
-37
-33
-28
-24
-19
-15
-11
-6
-3
1
3
8
10
12
16
17
14
14
15
14
14
14
18
18
16
16
15
12
11
8
9
6
2
0
-3
-5
-4
-8
-8
-6
-3
-3
-9
-6
-3
-3
-3
-2
0
-3
-4
-6
-5
-5
-10
-10
-9
-8
-7
-7
-5
-6
-5
-5
-2
2
1
1
2
2
3
3
7
10
14
18
21
23
27
29
31
35
37
40
39
39
39
37
34
36
37
37
36
33
34
34
31
29
28
26
28
25
21
18
13
8
8
5
2
-1
-5
-6
-10
-15
-16
-16
-19
-21
-21
-23
-21
-25
-30
-27
-26
-31
-27
-28
-30
-28
-30
-30
-27
-28
-29
-27
-28
-29
-28
-31
-29
-28
-32
-27
-26
-24
-17
-18
-16
-10
-9
-5
3
2
2
5
9
13
16
17
23
27
29
31
33
35
34
34
32
27
28
25
24
26
23
24
23
18
15
12
7
2
-4
-11
-13
-19
-22
-26
-28
-26
-31
-34
-36
-38
-43
-43
-42
-43
-44
-43
-41
-41
-45
-41
-39
-40
-36
-35
-31
-31
-29
-25
-22
-19
-14
-16
-12
-6
-7
-5
2
5
10
13
16
23
26
27
31
34
37
40
40
45
50
52
52
49
51
56
56
57
60
58
56
52
50
51
46
42
45
43
36
35
31
27
25
24
21
22
19
14
9
3
1
-1
-6
-7
-7
-18
-15
-20
-24
-20
-24
-26
-27
-31
-29
-31
-37
-32
-33
-39
-36
-37
-40
-38
-40
-37
-34
-37
-31
-29
-30
-23
-22
-21
-14
-14
-11
-7
-7
-3
1
2
9
13
15
22
24
29
31
30
33
34
29
31
30
26
29
30
24
21
19
17
14
11
8
4
1
-3
-5
-10
-13
-16
-19
-25
-26
-32
-36
-38
-38
-41
-40
-41
-44
-44
-46
-45
-45
-44
-44
-42
-42
-40
-39
-38
-34
-34
-34
-30
-28
-27
-22
-22
-15
-13
-11
-5
-3
-1
6
8
12
20
22
24
26
29
31
32
35
39
41
42
46
46
43
45
45
42
42
40
37
37
36
36
37
33
31
29
29
28
23
23
24
23
22
19
17
15
13
8
5
4
2
-2
-5
-3
-7
-6
-6
-6
-6
-6
-6
-7
-5
-8
-9
-10
-10
-10
-14
-15
-14
-12
-14
-14
-10
-11
-11
-10
-12
-9
-9
-7
-6
-6
-5
0
1
2
9
9
12
16
15
13
12
12
13
14
12
13
16
13
13
12
7
7
4
0
-1
-7
-9
-8
-13
-13
-13
-16
-16
-19
-27
-26
-30
-31
-30
-35
-34
-34
-37
-36
-35
-38
-34
-36
-36
-33
-33
-30
-27
-28
-23
-20
-20
-17
-17
-16
-14
-15
-12
-6
-7
-6
1
3
5
9
10
12
15
12
14
15
14
16
15
14
20
19
19
23
24
22
23
23
23
24
25
25
24
22
22
18
16
20
20
20
20
17
14
14
13
11
9
5
4
0
-2
-2
-3
-3
-4
-3
-4
-5
-8
-12
-11
-11
-13
-13
-11
-11
-11
-11
-12
-11
-12
-11
-10
-7
-5
-2
-1
0
5
5
6
7
9
10
12
14
15
17
19
20
20
23
26
28
29
30
31
31
31
31
32
30
30
29
27
29
25
26
29
28
24
23
20
17
16
11
9
5
3
0
-6
-8
-14
-16
-20
-26
-27
-28
-32
-35
-39
-41
-42
-45
-50
-49
-50
-53
-53
-52
-50
-48
-49
-49
-45
-46
-44
-40
-37
-35
-33
-31
-28
-25
-23
-20
-18
-15
-12
-10
-9
-8
-7
-5
-1
0
1
4
5
4
6
6
8
11
12
14
17
17
17
19
21
22
22
22
23
24
22
24
23
23
25
25
26
26
26
26
22
19
19
17
16
16
11
13
11
7
10
8
4
6
2
1
2
-2
-1
0
-1
1
1
-1
4
2
1
2
2
3
3
2
2
-1
-1
2
-1
-1
5
5
5
9
11
11
10
10
9
9
9
7
7
5
7
7
9
11
12
14
14
14
12
10
10
9
9
8
7
9
7
7
9
6
7
7
6
6
3
0
0
-3
-4
-4
-7
-8
-9
-9
-8
-12
-15
-13
-16
-16
-16
-17
-17
-17
-18
-19
-20
-19
-19
-21
-22
-21
-20
-20
-18
-18
-17
-16
-18
-16
-17
-15
-15
-17
-18
-18
-18
-17
-18
-17
-17
-17
-16
-15
-14
-15
-16
-15
-15
-15
-14
-13
-12
-12
-13
-10
-6
-6
-4
-2
-1
4
3
3
6
7
7
8
10
11
10
14
17
19
20
21
23
24
21
22
24
21
21
20
17
17
19
18
17
16
15
15
14
15
15
13
13
12
10
8
9
10
10
9
8
7
5
5
8
6
3
3
2
0
-2
-2
-2
0
-2
1
1
1
1
1
0
0
0
1
4
2
4
5
5
6
7
9
8
9
10
10
10
8
7
9
10
9
11
10
10
9
4
4
4
1
-1
-3
-2
-2
-2
-2
-1
-4
-5
-3
-6
-6
-6
-7
-6
-6
-7
-5
-6
-8
-8
-9
-8
-10
-12
-13
-13
-13
-11
-12
-13
-12
-13
-15
-16
-17
-19
-20
-19
-21
-20
-19
-19
-18
-18
-18
-16
-19
-20
-22
-21
-18
-18
-17
-15
-16
-14
-11
-12
-11
-9
-9
-7
-7
-8
-3
-2
-2
-1
-1
-1
-1
-2
-1
-1
3
2
3
2
1
2
3
4
5
7
10
10
10
9
11
9
9
13
13
13
14
16
13
14
14
12
14
15
14
16
17
16
17
15
16
16
16
14
14
15
15
14
16
17
17
17
16
16
18
17
18
17
17
16
14
16
14
14
13
11
12
15
15
14
10
11
7
7
6
5
3
3
4
3
3
3
1
-1
-2
-5
-4
-6
-6
-9
-9
-11
-12
-11
-12
-11
-11
-10
-12
-13
-11
-10
-12
-12
-13
-14
-15
-15
-15
-14
-15
-16
-13
-13
-17
-16
-15
-18
-17
-17
-19
-20
-17
-18
-17
-17
-16
-20
-20
-19
-20
-19
-20
-18
-18
-17
-14
-13
-11
-10
-10
-11
-7
-8
-10
-6
-7
-5
-3
-2
-2
-1
0
1
1
0
0
1
2
3
3
3
4
4
6
5
5
5
6
7
7
7
10
12
13
15
14
14
15
13
12
14
13
12
12
14
14
16
15
15
15
15
15
15
13
11
10
9
8
7
6
7
8
6
8
8
8
8
8
8
8
7
5
4
2
4
4
6
7
7
5
6
5
3
3
3
3
3
2
2
2
0
-1
1
2
1
3
3
4
6
7
7
7
10
8
9
10
8
9
7
5
5
2
1
0
-1
1
0
-1
-1
0
-4
-5
-5
-7
-8
-7
-5
-8
-9
-9
-12
-13
-13
-13
-14
-13
-10
-11
-11
-10
-11
-13
-15
-17
-17
-17
-19
-18
-18
-18
-17
-16
-15
-16
-19
-19
-17
-18
-20
-19
-20
-21
-21
-19
-18
-16
-14
-16
-15
-15
-14
-13
-10
-9
-9
-8
-7
-3
-1
1
2
4
7
7
9
7
8
11
13
12
15
16
16
17
16
15
15
16
17
16
15
14
15
15
16
13
12
12
12
10
9
9
9
6
7
5
5
4
4
6
4
6
6
8
7
6
8
7
7
9
9
11
10
9
11
11
12
12
12
13
11
11
11
12
12
12
11
9
8
6
3
4
4
4
3
2
4
4
7
6
6
7
5
5
4
2
2
3
3
3
1
1
-2
-2
-1
-2
-2
-2
-5
-5
-7
-9
-11
-12
-13
-15
-15
-18
-20
-20
-19
-19
-18
-21
-20
-20
-20
-20
-21
-19
-20
-20
-20
-17
-17
-15
-15
-13
-11
-10
-7
-3
-2
-1
1
1
1
0
3
1
1
3
1
0
0
0
-1
-1
0
-2
-2
-1
-2
-2
-1
-1
-1
-2
-1
-2
-3
0
-2
-3
-2
-2
-1
0
0
-2
-1
-1
-1
-2
-4
-7
-6
-6
-7
-5
-5
-4
-2
-1
0
1
2
2
1
1
1
1
1
1
3
4
4
4
6
8
7
7
8
10
10
11
11
14
16
16
17
17
17
16
17
19
19
20
19
20
21
20
19
20
21
19
20
20
19
18
18
15
14
13
14
13
11
10
10
8
9
7
5
4
2
0
-1
-3
-6
-7
-6
-7
-8
-8
-7
-7
-7
-9
-11
-12
-12
-12
-12
-12
-12
-11
-13
-14
-15
-14
-15
-14
-14
-15
-16
-15
-14
-13
-13
-11
-11
-13
-11
-11
-9
-10
-12
-11
-12
-12
-11
-12
-14
-12
-13
-11
-11
-12
-11
-12
-11
-11
-10
-8
-8
-7
-7
-5
-5
-3
-3
-2
-2
-2
-2
0
1
1
2
1
0
0
-2
-2
-2
-4
-4
-5
-4
-4
-5
-5
-5
-4
-4
-3
-3
-2
-3
-3
0
1
3
3
5
6
5
7
8
10
10
11
13
12
13
13
13
13
14
13
14
17
14
17
18
18
19
19
18
18
18
18
20
19
20
20
19
20
18
16
16
15
13
13
15
13
13
11
10
11
7
8
7
6
5
3
2
1
-1
-2
-2
-3
-4
-4
-6
-5
-6
-7
-8
-9
-13
-15
-13
-16
-17
-16
-17
-16
-17
-16
-16
-16
-15
-14
-13
-14
-14
-11
-10
-10
-7
-7
-6
-4
-3
-1
2
1
0
1
0
0
0
-1
1
3
1
1
0
-1
-3
-4
-4
-4
-6
-7
-5
-6
-5
-6
-6
-6
-8
-9
-9
-11
-11
-10
-11
-10
-12
-9
-10
-10
-8
-10
-11
-10
-12
-14
-12
-13
-13
-11
-10
-9
-9
-9
-6
-7
-3
-2
-3
-3
-3
-1
-2
0
0
3
5
6
8
9
8
10
11
11
13
11
10
10
13
13
14
13
13
13
15
16
15
17
16
15
17
16
16
17
17
17
19
18
19
19
18
18
17
15
16
17
14
13
14
10
9
9
9
7
5
2
2
3
3
1
1
2
1
-1
-1
-1
-2
-1
-2
-5
-7
-7
-8
-8
-10
-8
-10
-11
-14
-15
-16
-17
-17
-15
-15
-15
-13
-11
-10
-9
-7
-4
-4
-3
-2
-3
-4
-4
-4
-2
-2
-5
-2
-1
-4
-2
-3
-2
-3
-3
-2
-2
-2
-3
-3
-4
-4
-3
-1
-4
-4
-4
-4
-3
-3
-3
-4
-5
-5
-7
-8
-8
-11
-11
-9
-11
-11
-12
-13
-13
-13
-12
-10
-8
-6
-6
-5
-4
-7
-6
-6
-4
-3
-3
-3
-2
-1
-1
0
1
2
3
3
1
3
2
2
2
3
3
4
5
8
8
8
8
10
9
10
10
9
10
9
9
11
10
8
10
8
9
10
9
10
12
13
14
13
11
11
11
11
12
12
12
14
13
14
13
12
11
11
10
9
8
8
11
8
9
8
6
5
3
2
3
-1
-1
-1
-1
1
-1
1
-2
-2
-5
-5
-6
-7
-9
-8
-7
-8
-10
-10
-9
-9
-8
-8
-7
-8
-8
-6
-7
-8
-9
-8
-7
-8
-9
-8
-8
-7
-8
-9
-10
-10
-10
-8
-9
-11
-9
-8
-7
-6
-7
-5
-5
-6
-4
-6
-8
-7
-6
-7
-5
-6
-5
-3
-3
-1
-1
-1
-2
-2
-2
-3
-1
0
0
0
0
2
0
0
-1
-1
-1
-4
-3
-1
0
0
3
3
1
1
0
0
0
2
2
1
2
5
6
7
7
8
7
6
5
6
5
3
3
4
4
2
0
1
1
0
0
1
1
-1
-2
-1
-1
-2
-1
1
0
0
0
-2
-1
2
4
4
5
7
9
9
9
9
9
7
8
9
8
10
9
9
8
8
7
10
11
8
6
8
7
7
6
6
7
6
7
6
6
5
7
5
5
4
5
4
3
4
3
3
2
1
0
2
0
-1
-2
-3
-4
-4
-5
-5
-7
-6
-5
-8
-9
-10
-10
-11
-11
-11
-12
-10
-10
-8
-5
-5
-5
-7
-7
-6
-9
-8
-8
-10
-10
-12
-12
-11
-11
-11
-10
-8
-11
-12
-12
-13
-14
-14
-13
-12
-10
-10
-9
-9
-8
-9
-8
-8
-8
-4
-3
-3
1
-1
-3
-1
-1
2
4
4
3
4
5
6
5
6
5
6
8
8
8
7
8
7
9
8
8
7
8
9
9
7
9
9
9
10
10
9
10
9
8
7
6
8
7
9
7
6
4
5
6
6
7
5
3
3
5
4
4
5
6
6
8
6
6
7
7
7
6
5
7
5
4
3
2
3
3
4
3
3
3
3
-1
-2
0
1
2
0
-1
1
0
-2
-1
-2
-3
0
1
0
0
0
0
1
-1
-1
-2
-1
-3
-5
-5
-6
-6
-7
-8
-8
-9
-9
-9
-11
-9
-12
-10
-9
-10
-8
-8
-8
-9
-7
-8
-10
-8
-10
-11
-9
-11
-11
-10
-9
-10
-9
-8
-10
-8
-10
-11
-13
-11
-12
-13
-10
-9
-9
-9
-8
-6
-5
-5
-4
-2
1
2
3
5
5
4
7
9
6
7
6
7
6
6
7
6
5
5
4
6
5
8
7
8
8
8
11
11
10
10
10
9
10
10
11
11
12
12
10
9
10
10
10
9
9
9
8
8
11
11
10
9
11
11
9
8
8
6
7
6
5
7
7
5
6
7
6
7
8
7
6
3
0
0
-3
-5
-6
-7
-7
-6
-7
-10
-10
-10
-10
-11
-10
-11
-12
-13
-14
-14
-15
-14
-14
-16
-17
-15
-16
-15
-13
-13
-14
-13
-10
-9
-9
-7
-6
-6
-7
-8
-7
-6
-5
-4
-2
-2
-2
0
0
0
0
1
2
3
2
1
0
2
0
2
2
3
4
5
5
6
6
6
6
5
4
5
3
5
6
7
5
3
3
5
4
4
4
4
5
4
2
2
2
-1
1
1
2
2
2
2
-1
-2
-1
0
0
-2
-3
-3
-2
0
0
-1
-2
-1
-3
-3
-2
-3
-2
-3
-4
-5
-2
-1
-1
0
1
2
2
3
2
3
2
4
3
3
3
3
5
6
6
4
5
6
4
4
2
1
-1
-2
0
0
-1
-1
0
1
0
1
1
2
3
3
2
2
2
3
3
4
6
4
7
6
3
4
2
3
2
1
2
1
-1
-2
-2
-3
-3
-4
-4
-5
-3
-5
-4
-2
-2
-2
-3
-3
-2
-3
-1
-1
-2
-1
-1
-2
-2
-1
-1
0
0
0
0
0
0
1
-1
-2
-2
-3
-1
-2
-3
-3
-2
-4
-4
-5
-3
-3
-3
-3
-3
-2
-4
-4
-5
-7
-8
-8
-9
-10
-9
-10
-9
-9
-8
-7
-7
-7
-7
-5
-3
1
0
-1
-1
-3
-2
-1
-1
-1
2
3
3
4
5
6
6
6
6
7
6
5
6
5
5
5
4
5
3
1
4
5
5
4
4
5
6
4
4
4
4
5
6
6
3
2
2
1
-1
1
0
0
1
2
3
2
2
4
5
2
1
4
4
4
4
6
6
4
7
7
7
8
6
6
7
4
2
3
1
1
0
0
2
1
1
2
2
-1
-1
-3
-3
-3
-4
-5
-2
0
1
2
2
1
0
2
0
0
-1
-1
-2
0
-2
-2
-3
-5
-4
-3
-3
-4
-3
-3
-4
-4
-7
-7
-9
-8
-9
-10
-9
-7
-6
-7
-7
-8
-7
-5
-6
-8
-8
-9
-8
-9
-10
-11
-11
-14
-14
-15
-14
-15
-14
-14
-13
-12
-12
-7
-8
-6
-5
-4
-5
-3
-3
-3
-2
-3
0
1
4
8
9
11
12
13
13
13
13
14
15
18
18
20
21
19
19
19
17
17
18
16
14
13
11
10
8
9
6
4
2
2
4
-1
0
0
-1
-2
-4
-2
-2
-1
1
0
-1
-1
1
0
0
0
0
1
-1
1
-1
1
0
1
1
0
2
0
2
1
2
2
3
3
3
3
2
2
3
4
5
4
3
5
4
3
-1
-1
-2
-2
-3
-2
-2
-2
-2
-3
-5
-6
-7
-7
-8
-9
-8
-6
-6
-5
-6
-5
-4
-5
-7
-7
-6
-6
-8
-7
-6
-5
-4
-4
-3
-3
-3
-6
-5
-6
-9
-5
-7
-7
-6
-8
-8
-8
-9
-8
-8
-9
-9
-9
-11
-10
-9
-8
-8
-10
-9
-8
-7
-7
-7
-7
-5
-2
-3
0
-2
-3
0
0
1
1
2
2
2
1
2
3
5
6
8
9
10
12
11
13
12
14
15
13
15
15
14
16
17
16
14
14
13
12
13
10
10
10
11
11
9
7
9
9
9
11
10
10
8
7
7
2
1
-1
-1
-2
-2
-3
-1
-1
-2
-2
-2
-2
-1
-1
-1
-2
-2
-1
-2
-4
-2
-1
-2
0
0
0
1
3
1
-1
-2
-1
-1
-2
0
-3
-2
-3
-1
-1
-2
-1
-1
-1
-1
-2
-3
-5
-6
-5
-5
-6
-6
-8
-9
-8
-10
-11
-12
-10
-10
-9
-10
-7
-7
-8
-8
-11
-10
-11
-11
-11
-12
-13
-12
-12
-11
-11
-12
-9
-9
-10
-6
-7
-7
-7
-4
-5
-4
-3
-2
-3
-2
0
1
1
0
2
2
1
0
1
2
2
0
0
0
-1
-1
-1
-3
0
2
1
1
2
3
5
7
8
10
10
11
11
11
15
13
14
14
15
15
15
15
14
16
18
20
19
18
18
18
17
13
13
13
14
14
12
11
10
9
9
5
4
3
0
0
-1
-2
-3
-3
-2
-2
-4
-5
-3
-5
-4
-5
-6
-6
-8
-8
-8
-8
-6
-7
-7
-7
-7
-10
-9
-9
-12
-11
-13
-10
-8
-8
-8
-7
-6
-7
-9
-9
-6
-6
-6
-6
-5
-3
-2
-4
-2
-3
-5
-5
-2
-4
-5
-3
-2
-1
0
1
2
2
3
4
6
5
5
3
2
2
0
1
1
1
1
0
1
0
0
-1
-2
0
2
1
1
1
2
2
0
-1
-1
-2
-2
-1
-3
-4
-5
-5
-5
-5
-7
-6
-7
-8
-8
-10
-10
-10
-9
-9
-9
-7
-6
-5
-5
-4
-3
-3
-4
-3
-4
-3
-3
-2
0
0
3
3
6
7
7
6
7
6
4
5
4
2
3
4
6
5
3
3
4
2
3
5
3
5
6
8
9
7
8
11
10
12
13
15
15
14
15
16
15
15
17
16
14
11
11
11
8
7
6
7
7
6
7
7
7
8
10
6
8
8
6
8
5
7
5
4
2
1
-1
-2
-3
-4
-7
-9
-11
-13
-13
-13
-15
-15
-14
-15
-15
-17
-17
-16
-17
-18
-17
-15
-14
-12
-11
-10
-8
-8
-9
-9
-9
-10
-10
-9
-9
-7
-7
-7
-5
-5
-4
-6
-6
-3
-3
-3
-4
-4
-3
-3
-1
-2
-1
-1
-2
-4
-5
-4
-6
-5
-7
-8
-5
-7
-5
-1
-1
-3
-3
-2
0
1
2
2
4
3
1
1
3
4
3
4
5
4
4
3
4
6
6
7
9
6
6
7
5
6
6
5
4
5
2
2
1
1
0
-2
-1
-1
-1
-1
0
0
4
3
3
3
5
6
6
9
10
10
12
13
13
14
14
13
13
13
14
13
12
13
13
12
10
10
9
7
8
9
8
9
10
10
9
9
8
9
8
6
4
3
0
0
0
-2
-2
-3
-3
-4
-5
-5
-5
-5
-4
-4
-3
-3
-3
0
-1
0
-2
0
-1
-3
-4
-5
-9
-8
-10
-10
-11
-11
-13
-12
-11
-15
-15
-15
-15
-16
-14
-11
-14
-16
-17
-17
-16
-12
-13
-14
-15
-14
-15
-16
-15
-16
-18
-18
-16
-16
-16
-16
-14
-14
-11
-8
-7
-6
-4
-2
-2
1
1
2
4
5
6
6
6
7
6
7
7
6
6
6
6
6
5
7
8
8
9
8
7
8
7
6
7
7
9
10
8
10
9
8
7
6
7
7
8
9
7
7
8
10
10
12
13
13
13
16
16
15
12
11
12
11
8
8
8
8
7
6
7
6
6
6
6
3
3
3
2
-2
-1
1
-1
0
2
2
0
-2
1
2
-3
-3
-2
-2
-2
-2
0
-1
2
3
3
2
4
3
3
5
4
5
6
8
8
6
7
6
5
5
2
-1
-4
-3
-4
-6
-5
-4
-3
-6
-4
-7
-6
-6
-6
-6
-8
-9
-11
-10
-10
-10
-10
-11
-11
-12
-14
-19
-19
-20
-22
-22
-22
-23
-25
-24
-21
-20
-21
-19
-16
-16
-16
-15
-12
-12
-12
-10
-10
-11
-8
-7
-7
-6
-5
-6
-4
-3
-4
-1
-1
2
4
4
3
3
4
6
6
5
7
8
8
8
10
10
10
11
11
10
11
9
11
10
8
7
7
10
9
10
13
13
15
20
15
14
14
11
10
9
12
13
10
12
11
10
10
8
8
7
8
9
11
12
14
15
15
15
15
13
13
12
11
10
7
6
5
5
5
4
5
5
4
3
2
1
1
2
3
1
2
3
3
3
3
3
3
5
2
1
-1
-3
-5
-7
-7
-9
-10
-10
-9
-10
-11
-10
-12
-13
-12
-12
-11
-11
-9
-8
-9
-7
-8
-10
-11
-13
-13
-14
-17
-16
-16
-19
-16
-15
-14
-14
-15
-13
-11
-9
-9
-9
-5
-6
-6
-5
-5
-4
-3
-2
-2
-1
-2
-5
-4
-5
-8
-7
-6
-7
-6
-7
-7
-8
-8
-6
-5
-7
-6
-7
-5
-3
-1
-3
-4
-3
-5
-4
-2
-3
-3
0
-3
-1
-1
-1
1
3
3
6
8
8
10
10
12
13
13
15
15
14
15
16
14
12
10
9
9
6
5
4
4
6
2
2
5
4
4
6
8
9
12
16
13
14
15
16
17
17
17
16
15
16
14
12
10
12
10
9
11
11
12
12
15
16
17
18
17
17
16
15
12
10
9
6
4
2
-1
-3
-6
-9
-11
-14
-16
-17
-16
-15
-16
-14
-14
-12
-11
-12
-9
-10
-10
-8
-7
-8
-8
-7
-9
-11
-10
-13
-15
-17
-18
-16
-17
-15
-13
-12
-12
-10
-9
-9
-6
-5
-4
-2
0
2
1
4
2
2
-1
-4
-8
-11
-16
-19
-19
-21
-20
-21
-19
-18
-16
-14
-13
-11
-11
-10
-8
-6
-4
-5
-3
-1
-1
-1
-1
-2
-3
-4
-4
-5
-6
-5
-5
-4
-4
0
1
3
5
7
8
11
12
13
12
14
14
15
15
16
16
12
10
6
3
-1
-1
0
-3
0
4
5
4
6
10
12
13
15
17
18
17
19
18
17
16
14
11
12
9
7
6
5
5
7
6
9
10
10
12
12
15
17
17
19
21
20
22
23
21
20
16
17
12
12
8
6
3
-1
-2
-4
-5
-6
-5
-5
-6
-4
-3
-3
-2
0
2
2
0
0
-1
-4
-8
-10
-11
-13
-17
-18
-19
-20
-20
-21
-22
-19
-18
-16
-14
-12
-11
-10
-10
-13
-9
-8
-10
-10
-9
-9
-11
-13
-14
-14
-16
-17
-16
-18
-16
-18
-18
-18
-15
-14
-12
-10
-9
-8
-7
-7
-7
-6
-6
-6
-6
-7
-7
-8
-8
-9
-10
-10
-9
-9
-8
-8
-9
-7
-6
-4
-3
0
3
5
8
9
8
7
5
4
3
3
3
2
3
4
3
2
2
3
4
7
7
10
11
11
13
16
18
20
22
23
25
22
24
21
19
17
17
14
14
15
15
14
15
14
16
18
19
19
22
23
22
25
25
24
22
21
18
17
14
12
10
5
1
0
-4
-7
-11
-11
-11
-9
-8
-6
-4
-4
-5
-4
0
3
5
6
7
8
7
7
2
1
-3
-6
-8
-12
-13
-15
-16
-15
-17
-16
-16
-15
-13
-12
-11
-9
-8
-7
-7
-9
-9
-7
-10
-10
-11
-13
-15
-17
-19
-20
-23
-24
-23
-26
-25
-24
-24
-21
-19
-14
-13
-11
-7
-5
-5
-6
-5
-3
-2
-2
-2
-4
-5
-4
-6
-8
-6
-9
-9
-7
-6
-6
-3
-2
-3
-1
0
1
2
4
4
3
3
4
5
4
4
6
5
5
2
2
3
1
3
2
3
6
8
8
11
13
16
18
17
18
17
20
20
18
16
14
14
14
14
13
15
15
13
12
12
11
12
12
12
10
8
8
8
6
4
6
5
6
4
0
0
0
-2
-1
-2
-2
-3
-4
-2
-2
-4
-1
1
1
4
3
5
7
7
7
8
6
6
8
6
4
7
8
7
4
4
3
0
1
1
-2
-2
1
-1
0
0
0
-1
0
-4
-6
-5
-4
-5
-6
-6
-9
-12
-12
-13
-13
-11
-11
-11
-12
-15
-15
-14
-16
-13
-10
-8
-6
-7
-6
-9
-8
-9
-9
-9
-9
-10
-11
-7
-9
-6
-4
-6
-5
-5
-5
-4
-5
-7
-6
-5
-5
-6
-5
-6
-5
-5
-7
-6
-6
-7
-7
-6
-8
-9
-9
-8
-8
-8
-6
-5
-2
-1
0
0
1
4
5
3
5
8
9
10
11
10
9
8
8
8
8
7
6
7
6
8
8
8
8
7
7
8
9
7
4
4
3
3
2
0
1
3
2
3
2
1
0
0
0
0
0
2
3
3
4
4
3
4
5
6
7
8
11
14
15
15
17
16
15
14
12
11
12
10
9
11
11
12
12
11
11
11
10
13
13
10
9
8
8
6
7
6
6
8
6
5
5
4
3
1
0
-1
-2
-2
-1
-4
-3
-3
-4
-3
-2
-5
-7
-5
-5
-7
-8
-9
-10
-9
-11
-12
-14
-16
-17
-18
-19
-22
-23
-24
-26
-27
-27
-26
-26
-29
-26
-24
-26
-25
-24
-24
-23
-23
-21
-21
-20
-16
-15
-15
-12
-12
-12
-12
-11
-11
-10
-8
-7
-6
-4
-2
-4
-3
0
1
1
3
4
6
8
8
8
7
10
11
13
15
15
13
13
14
14
13
14
13
13
13
14
15
14
14
13
14
16
17
17
18
20
19
19
21
19
19
19
21
19
20
22
19
17
15
16
13
12
12
10
7
7
7
7
6
4
2
1
2
0
-3
-3
-1
-3
-4
-1
-3
-3
0
0
-1
-2
-1
-1
-1
-2
-3
-3
-4
-3
-2
-2
-2
-1
1
0
0
1
5
4
4
6
5
6
5
5
6
5
5
3
1
-1
-2
-4
-4
-6
-11
-10
-10
-10
-11
-13
-14
-15
-17
-18
-21
-21
-20
-20
-21
-22
-19
-20
-20
-21
-21
-21
-22
-23
-24
-22
-23
-26
-22
-19
-19
-20
-17
-15
-12
-9
-7
-4
-2
-1
0
3
4
5
8
10
10
9
10
9
9
8
7
4
2
2
0
-1
-1
0
0
3
3
3
4
5
6
6
5
5
5
6
8
10
10
10
11
11
9
10
10
8
9
10
13
15
17
18
20
17
17
18
21
19
19
22
19
21
19
18
16
15
15
13
10
6
5
5
2
0
0
1
0
0
0
-3
-1
-1
-2
-1
-1
-1
0
2
1
0
2
1
-2
-4
-4
-3
-4
-6
-5
-4
-4
-3
-2
-3
-2
-4
-4
-5
-6
-5
-5
-7
-7
-5
-4
-7
-8
-8
-7
-9
-11
-11
-14
-15
-14
-15
-13
-12
-12
-12
-11
-10
-10
-9
-9
-8
-8
-6
-6
-8
-6
-5
-4
-5
-3
-4
-3
-3
-1
-2
-3
-1
-3
-3
-5
-4
-4
-5
-3
-2
0
-2
1
1
1
1
-1
3
2
3
2
3
2
0
0
0
-3
-4
-6
-4
-5
-4
-3
-3
-2
-1
0
1
0
-1
0
1
-1
0
1
0
3
0
2
0
2
3
2
4
3
5
5
5
2
4
4
4
6
5
6
7
8
9
9
7
9
10
10
8
9
11
9
10
11
8
9
10
13
13
13
12
12
12
13
14
11
10
11
9
11
11
12
10
10
9
7
6
6
5
2
1
1
2
1
1
2
1
-1
-3
-3
-6
-8
-7
-9
-9
-8
-8
-6
-8
-8
-7
-6
-9
-9
-8
-10
-11
-10
-9
-11
-10
-10
-10
-10
-9
-9
-7
-9
-9
-8
-8
-9
-8
-8
-9
-7
-9
-9
-9
-9
-9
-10
-11
-10
-9
-8
-9
-10
-8
-8
-8
-8
-6
-8
-5
-5
-5
-4
-2
-4
-3
-2
-1
0
3
4
2
3
4
3
2
1
0
0
1
1
3
3
6
6
6
5
6
6
6
6
5
6
9
7
7
9
8
8
5
5
5
1
1
2
-1
-1
0
0
0
1
0
-1
1
0
-1
0
-1
0
0
2
4
6
6
5
7
8
7
6
8
9
7
8
10
9
8
10
9
9
10
12
13
12
12
11
11
12
9
8
8
7
5
3
1
-1
0
-1
-1
-3
-1
-1
0
0
-3
-3
-2
-4
-4
-5
-5
-5
-3
-5
-2
-2
-2
0
-2
-3
-3
-4
-4
-7
-6
-7
-6
-5
-6
-4
-4
-5
-7
-5
-6
-5
-6
-5
-5
-5
-3
-6
-4
-5
-6
-9
-9
-9
-9
-12
-12
-11
-13
-14
-13
-14
-14
-16
-14
-12
-14
-11
-10
-8
-7
-7
-4
-2
-2
-1
0
1
0
2
2
3
4
3
4
1
3
3
2
4
6
7
8
10
12
9
8
8
5
4
3
4
5
3
4
4
1
3
4
3
5
2
3
4
2
3
3
1
1
2
2
2
1
3
4
5
4
4
6
7
7
8
10
11
10
12
12
12
13
11
10
9
6
7
7
6
7
6
7
6
5
4
4
2
1
0
-1
-1
0
-2
0
2
3
3
3
1
1
-2
-3
-5
-5
-6
-7
-7
-8
-8
-11
-8
-8
-10
-9
-8
-6
-6
-6
-5
-5
-6
-4
-3
-5
-2
-1
-1
1
1
0
-1
0
-3
-3
-3
-3
-3
-7
-5
-4
-5
-6
-5
-5
-5
-5
-5
-3
-4
-2
-1
0
-1
-1
-1
-2
-3
-4
-6
-8
-7
-7
-8
-9
-8
-9
-6
-9
-9
-8
-8
-5
-6
-5
-5
-4
-2
-1
1
4
4
5
5
4
4
4
3
2
1
1
-2
-2
-2
-2
-3
-4
-3
-2
-1
2
1
5
5
3
4
7
7
6
10
12
13
13
12
12
10
8
8
6
6
6
6
5
6
6
7
7
6
7
7
7
7
8
10
11
10
11
13
9
11
10
8
9
8
7
5
5
4
2
2
2
0
-3
-1
-4
-5
-4
-2
-3
-1
2
2
2
3
4
4
2
1
2
1
-2
-5
-5
-6
-7
-8
-7
-7
-8
-7
-9
-10
-11
-12
-13
-14
-14
-13
-12
-11
-10
-9
-10
-13
-11
-13
-13
-11
-13
-12
-12
-11
-10
-11
-12
-12
-14
-12
-11
-9
-6
-4
-4
-2
-1
1
0
1
1
0
3
3
3
5
6
6
5
7
6
4
4
5
5
5
5
2
1
0
0
-1
-1
0
0
3
5
6
7
10
12
12
12
13
12
12
12
12
10
8
7
8
6
6
6
5
5
6
5
4
4
3
2
5
7
6
8
8
7
6
8
5
4
4
2
2
2
0
-1
-2
-3
-3
-5
-4
-6
-7
-6
-5
-5
-4
-1
-1
0
2
1
3
4
5
6
6
6
3
0
-1
-3
-3
-4
-4
-4
-3
-3
-6
-4
-4
-4
-2
-4
-2
-2
-2
-1
0
0
-1
0
0
-3
-2
-3
-3
-4
-7
-9
-9
-10
-10
-10
-10
-9
-10
-11
-9
-8
-9
-10
-10
-8
-6
-6
-5
-2
-2
-2
-4
-2
-2
-5
-5
-5
-4
-5
-5
-4
-4
-4
-3
-2
-1
1
2
4
5
5
7
7
6
7
8
8
10
9
11
11
11
10
7
6
5
4
2
3
1
2
3
3
4
2
5
6
6
5
5
6
6
5
4
2
3
3
1
1
2
1
0
-1
-3
-4
-5
-6
-6
-4
-4
-2
0
0
2
2
3
3
1
1
0
0
1
0
0
-1
-1
0
2
1
1
2
1
0
-1
2
1
2
4
4
5
5
5
8
8
9
9
8
6
6
4
3
3
2
2
1
2
3
1
2
2
1
-1
-2
-2
-1
-1
0
2
1
-1
-2
-4
-6
-7
-7
-6
-7
-8
-8
-7
-8
-10
-8
-9
-10
-10
-9
-9
-8
-7
-6
-7
-9
-7
-6
-8
-6
-5
-5
-6
-6
-5
-7
-9
-8
-6
-8
-9
-8
-11
-12
-9
-9
-10
-7
-6
-6
-4
-5
-3
-2
0
1
2
3
3
5
4
6
8
7
10
13
13
14
14
15
14
13
12
9
11
12
11
13
10
9
6
5
4
3
4
4
0
1
0
0
-1
-2
-2
-2
-3
-2
-2
-4
-6
-5
-4
-3
-2
0
2
3
4
4
5
4
5
4
3
5
6
7
9
9
8
8
7
7
6
6
7
9
10
10
7
5
5
3
2
1
4
4
3
4
3
1
3
3
3
4
0
-1
1
0
-2
-4
-3
-4
-4
-5
-5
-8
-6
-5
-6
-4
-4
-2
-2
-4
-4
-1
-3
-4
-2
-4
-6
-7
-7
-9
-10
-11
-12
-13
-16
-17
-19
-18
-16
-17
-15
-14
-14
-14
-14
-12
-12
-11
-9
-8
-8
-8
-8
-5
-4
-6
-6
-6
-8
-8
-11
-11
-12
-10
-10
-10
-5
-6
-5
-3
-2
2
4
6
8
11
12
13
14
17
19
16
16
18
17
17
15
14
12
11
12
13
10
11
11
12
13
13
12
11
12
12
12
11
12
12
14
12
14
13
12
12
9
8
6
5
3
2
0
1
0
0
1
2
1
2
2
1
0
-3
-1
-2
-3
-3
-2
-2
-2
-1
-2
-2
-4
-7
-6
-9
-11
-11
-10
-10
-11
-8
-9
-9
-8
-6
-6
-5
-4
-1
-2
-3
-2
-2
0
0
0
2
2
3
2
1
-1
-3
-5
-6
-4
-3
-3
-2
-1
-1
-3
-2
-3
-3
-2
-2
-1
-2
-2
-2
-2
-2
-2
-3
-2
-1
-2
-4
-4
-5
-8
-10
-9
-10
-9
-8
-7
-5
-6
-4
-6
-6
-5
-6
-6
-4
-2
-2
-2
-2
-5
-7
-7
-8
-9
-8
-7
-9
-8
-8
-10
-10
-7
-6
-5
-4
-1
2
1
0
1
1
2
1
0
-1
3
2
1
1
1
5
4
5
6
8
7
10
11
11
13
13
15
17
18
19
22
25
24
21
21
20
19
19
17
15
13
13
13
13
13
12
12
9
9
9
10
8
7
8
6
6
5
4
6
4
4
5
4
2
0
0
-2
-5
-4
-5
-6
-6
-7
-7
-8
-11
-11
-10
-11
-10
-10
-8
-5
-6
-4
-4
-4
-5
-5
-5
-6
-7
-9
-9
-9
-12
-13
-14
-16
-17
-16
-15
-17
-17
-15
-14
-14
-13
-10
-11
-7
-4
-5
-2
2
2
5
5
5
1
2
-1
-3
-3
-4
-6
-9
-10
-13
-12
-11
-11
-10
-10
-7
-5
-4
-1
0
1
4
3
5
5
7
8
6
4
3
2
-1
-2
-5
-8
-12
-12
-14
-15
-14
-14
-12
-10
-9
-5
-2
0
4
4
7
9
11
14
15
16
18
17
18
18
15
14
10
8
5
3
2
0
0
1
2
4
6
8
11
13
15
15
17
19
22
24
25
24
24
24
23
21
18
17
15
10
7
5
2
-1
-4
-3
-2
-2
1
4
6
8
11
10
10
12
13
14
15
15
14
15
12
8
6
3
-1
-3
-7
-13
-15
-17
-18
-20
-21
-20
-20
-20
-17
-18
-17
-16
-16
-16
-15
-15
-15
-12
-11
-11
-14
-15
-17
-19
-23
-26
-27
-29
-30
-30
-28
-28
-27
-23
-22
-19
-15
-15
-12
-11
-6
-3
-2
1
3
5
6
7
6
4
3
3
2
2
2
0
0
-1
2
2
1
3
4
4
4
5
8
10
10
11
13
14
15
15
17
13
10
10
11
8
9
9
11
10
8
7
5
5
4
4
4
4
6
6
6
8
9
10
10
9
7
3
3
3
0
-1
-1
-1
-3
-3
-4
-4
-5
-4
-4
-2
-2
-1
0
1
2
2
5
6
7
9
9
10
11
10
9
9
6
5
6
5
5
4
6
7
7
7
7
7
5
5
7
8
9
11
12
13
14
14
14
12
9
5
4
1
-1
-1
-4
-5
-6
-6
-6
-7
-7
-7
-7
-7
-7
-8
-9
-10
-8
-5
-5
-5
-5
-6
-6
-9
-9
-9
-13
-13
-15
-16
-17
-19
-20
-21
-20
-21
-19
-21
-20
-18
-17
-15
-14
-14
-13
-12
-13
-10
-12
-10
-10
-12
-13
-12
-14
-15
-15
-14
-15
-14
-12
-12
-10
-9
-8
-5
-3
-2
0
2
4
6
9
12
14
15
17
15
15
15
14
13
12
13
11
11
9
10
9
8
8
12
10
10
12
11
13
15
15
16
17
15
14
15
14
11
8
9
9
5
2
2
1
0
0
-2
-3
-2
-1
-1
1
3
4
7
9
9
11
13
15
17
16
17
16
14
15
12
12
12
8
8
9
5
3
4
2
2
-1
-1
-1
-1
2
1
1
2
4
4
6
6
2
1
-1
-3
-4
-3
-5
-6
-5
-7
-7
-9
-11
-12
-13
-13
-14
-13
-10
-10
-11
-9
-10
-8
-9
-8
-8
-9
-8
-10
-10
-9
-9
-12
-14
-17
-17
-17
-18
-18
-18
-16
-16
-17
-18
-19
-19
-18
-18
-16
-13
-11
-8
-8
-6
-6
-7
-3
-2
-2
-2
-2
-2
-4
-4
-4
-5
-3
-4
-3
-2
-1
-1
-2
-1
0
1
1
1
3
4
3
5
5
5
6
7
6
7
7
9
10
11
13
11
10
10
9
9
12
13
14
15
14
14
12
13
13
13
11
13
13
13
15
14
13
12
12
12
11
11
9
8
9
8
8
8
9
8
8
9
6
6
6
5
4
4
5
6
6
7
8
7
7
8
7
7
5
6
6
5
3
3
4
2
3
0
1
1
1
2
0
-1
-1
1
0
-1
1
0
1
2
0
0
-3
-2
-3
-7
-4
-7
-7
-10
-14
-15
-17
-15
-16
-16
-17
-17
-18
-19
-19
-17
-19
-19
-19
-19
-19
-20
-21
-23
-21
-19
-20
-19
-19
-21
-17
-18
-18
-20
-19
-18
-17
-15
-15
-12
-9
-10
-8
-5
-5
-3
-4
-3
-1
-4
-2
0
1
-1
-1
1
2
2
2
3
4
3
4
5
6
7
7
10
11
12
14
16
17
17
18
17
17
17
17
17
16
19
21
20
21
20
21
20
18
18
15
16
16
15
15
15
13
11
11
8
5
4
4
1
1
2
-1
0
-2
-2
-2
-3
-1
0
0
0
0
1
2
4
3
2
5
6
7
5
5
6
5
6
2
2
2
3
2
1
4
2
5
5
5
2
1
1
0
-1
0
2
2
0
1
-1
-1
-2
-3
-4
-6
-9
-10
-11
-10
-10
-10
-9
-9
-8
-9
-9
-10
-10
-9
-8
-8
-7
-6
-5
-8
-6
-5
-6
-7
-10
-10
-12
-13
-15
-16
-15
-16
-16
-17
-16
-16
-13
-12
-11
-11
-13
-11
-7
-7
-6
-6
-6
-5
-6
-7
-7
-6
-6
-5
-4
-7
-9
-8
-9
-11
-10
-11
-8
-6
-5
-5
-2
-1
-1
2
5
7
7
9
10
9
10
7
7
9
9
