-5
-5
-5
-5
-5
-4
-4
-5
-4
-5
-8
-7
-7
-9
-7
-9
-10
-9
-10
-10
-10
-10
-10
-10
-10
-10
-11
-9
-8
-8
-8
-7
-5
-5
-1
1
1
4
2
5
4
3
5
4
5
5
5
5
5
4
5
6
5
5
6
7
7
6
6
6
6
5
6
8
9
11
11
12
15
15
13
12
13
12
12
9
9
11
8
13
12
14
12
11
12
11
10
9
10
8
7
8
8
7
8
7
5
4
3
4
2
3
2
0
2
2
2
-1
-1
-2
-3
-5
-6
-7
-8
-11
-11
-12
-11
-11
-11
-11
-14
-15
-16
-17
-17
-19
-19
-17
-17
-17
-16
-13
-13
-12
-11
-11
-11
-13
-13
-13
-14
-12
-10
-10
-9
-11
-10
-10
-11
-11
-10
-11
-12
-10
-11
-7
-5
-3
-2
-1
2
1
0
3
5
6
7
9
10
12
11
12
12
12
13
14
13
13
14
15
14
13
13
13
13
12
12
10
12
10
10
10
6
6
5
7
7
8
6
6
6
6
6
6
7
6
6
4
4
2
0
0
0
0
-2
-5
-3
-4
-4
-4
-6
-5
-5
-6
-5
-7
-7
-7
-8
-7
-8
-9
-8
-8
-6
-6
-7
-7
-5
-6
-4
-3
-3
0
0
0
0
2
3
3
2
3
4
2
2
2
3
3
2
4
3
2
2
4
6
7
6
9
9
10
8
9
10
8
10
10
8
7
5
5
3
2
-1
-2
-3
-3
-3
-5
-6
-6
-7
-7
-9
-10
-8
-9
-7
-7
-6
-4
-6
-4
-4
-5
-6
-5
-7
-7
-6
-5
-5
-6
-6
-3
-3
-2
-4
-3
-2
-4
-5
-4
-4
-3
-5
-4
-2
-2
-2
0
0
0
0
-1
1
1
1
0
2
2
2
4
4
3
1
1
0
-2
-2
-3
-2
-4
-3
-2
-1
1
1
2
3
3
3
3
3
3
1
1
1
0
0
-2
-2
-2
-3
-2
-2
-1
-2
-2
-3
-1
-3
-2
-2
-5
-3
-4
-5
-4
-4
-4
-4
-3
-4
-3
-3
0
-1
0
2
4
5
6
8
8
10
9
11
11
13
14
14
13
12
15
13
15
16
18
17
18
18
17
18
20
19
16
16
14
13
11
11
12
8
9
8
7
6
3
4
2
-1
-2
-4
-8
-8
-9
-12
-11
-12
-11
-10
-12
-13
-14
-14
-17
-16
-18
-19
-17
-19
-18
-19
-18
-17
-16
-17
-15
-16
-15
-14
-14
-14
-13
-14
-11
-12
-11
-11
-11
-11
-13
-13
-13
-14
-11
-8
-8
-8
-8
-5
-4
-3
-1
-2
-1
0
1
2
3
3
5
6
6
7
8
8
11
10
10
15
14
15
15
13
15
15
17
18
18
21
20
18
18
15
14
10
10
8
7
7
4
2
2
1
0
-1
-2
-3
-6
-5
-6
-8
-8
-8
-6
-7
-7
-5
-5
-4
-5
-6
-7
-7
-7
-7
-9
-8
-7
-6
-5
-3
-1
-1
0
-1
-1
-2
-2
-3
-3
0
1
2
3
7
7
8
9
9
8
8
8
8
9
9
11
10
11
11
11
13
11
13
12
13
13
13
12
14
14
14
14
12
14
13
12
10
7
6
2
3
4
2
2
4
3
1
0
-3
-3
-5
-6
-7
-7
-7
-11
-9
-11
-12
-13
-13
-14
-13
-14
-13
-14
-15
-16
-17
-18
-20
-21
-21
-21
-22
-20
-22
-22
-22
-21
-21
-20
-20
-21
-19
-19
-16
-16
-13
-11
-11
-8
-7
-7
-6
-6
-5
-2
-3
-3
-4
-2
-1
-2
-2
-1
2
1
4
3
7
7
5
6
4
6
6
7
7
9
10
9
11
11
10
12
11
11
9
9
13
9
12
14
14
16
15
16
16
17
18
17
15
17
16
16
16
16
16
18
19
19
17
18
16
15
14
12
11
10
12
10
9
10
7
7
7
5
3
3
2
3
5
6
5
5
4
3
2
0
0
1
1
0
0
1
0
-2
-1
-3
-2
-3
-3
-4
-6
-8
-9
-9
-10
-10
-11
-10
-10
-13
-14
-15
-16
-18
-19
-20
-18
-20
-22
-20
-18
-19
-19
-20
-22
-21
-21
-19
-20
-21
-20
-18
-18
-18
-18
-18
-16
-15
-15
-15
-14
-13
-12
-12
-12
-11
-10
-7
-8
-6
-6
-6
-4
-2
-2
0
2
4
4
6
7
7
8
9
9
11
13
13
15
14
16
18
17
19
19
18
19
19
19
19
19
20
19
19
20
20
18
18
18
15
14
13
15
13
11
10
9
8
8
6
4
3
2
0
-3
-3
-5
-5
-5
-4
-5
-7
-6
-7
-6
-5
-5
-4
-4
-3
-3
-5
-4
-2
-3
-2
-4
-3
-2
-1
-1
-1
2
0
1
3
4
3
3
4
3
1
3
3
4
0
1
2
1
2
3
1
2
2
1
2
1
3
4
3
5
3
1
2
3
4
5
5
6
3
4
3
2
3
3
3
-1
0
-1
-3
-3
-3
-4
-7
-7
-7
-9
-10
-10
-12
-15
-14
-14
-14
-15
-16
-15
-17
-17
-19
-15
-17
-16
-17
-19
-17
-16
-15
-14
-12
-15
-14
-13
-11
-11
-13
-9
-9
-10
-8
-6
-6
-4
-4
-2
0
1
1
1
1
0
0
1
2
2
4
6
7
8
8
8
8
9
10
10
12
10
12
14
14
13
15
15
14
12
12
10
11
11
9
10
10
11
11
12
14
12
12
12
11
9
10
8
9
9
9
9
8
9
10
10
9
12
10
9
9
7
7
7
9
8
8
8
7
4
3
3
2
-2
-4
-4
-5
-3
-4
-6
-6
-5
-4
-4
-4
-2
-4
-5
-3
-3
-6
-6
-7
-6
-6
-6
-7
-6
-7
-7
-9
-8
-7
-9
-7
-7
-6
-7
-5
-5
-2
-5
-5
-5
-7
-6
-7
-7
-5
-4
-7
-5
-6
-5
-6
-4
-4
-5
-3
-4
-3
-5
-5
-7
-6
-5
-6
-7
-6
-7
-9
-7
-8
-8
-9
-8
-9
-9
-8
-8
-6
-8
-6
-8
-7
-3
-4
-6
-6
-6
-7
-7
-6
-4
-4
-3
-1
-1
1
-1
0
1
1
2
3
3
3
3
4
4
5
4
6
3
6
7
5
5
7
6
5
6
10
10
11
15
14
14
14
13
10
11
10
10
7
7
7
7
8
10
10
10
11
10
11
12
12
11
10
10
10
10
10
10
10
9
11
9
7
6
6
6
5
3
1
-1
0
-1
-2
0
-1
-1
-3
-2
-4
-6
-7
-6
-9
-8
-8
-8
-8
-7
-6
-5
-5
-5
-5
-6
-4
-5
-7
-5
-5
-3
-5
-3
-3
-4
-2
-1
-1
-2
0
1
1
2
0
1
1
1
3
2
2
2
2
1
1
1
-2
-2
-2
-3
-3
-3
-5
-6
-9
-12
-11
-12
-13
-12
-11
-12
-12
-10
-10
-12
-13
-14
-15
-15
-17
-19
-19
-20
-19
-17
-19
-17
-15
-15
-13
-12
-9
-8
-6
-4
-5
-4
-3
-1
-2
1
-1
3
4
3
3
2
4
4
2
5
5
7
7
9
10
10
11
11
13
11
13
13
12
12
11
14
15
16
15
16
15
15
14
14
15
13
14
14
15
16
16
17
16
17
15
16
14
12
11
11
12
12
11
12
13
12
11
12
11
12
10
9
9
7
6
4
4
2
2
1
2
-1
-2
-1
-2
-1
-1
-2
-4
-4
-6
-8
-9
-8
-8
-11
-11
-11
-10
-11
-12
-11
-11
-10
-11
-10
-12
-11
-12
-11
-13
-12
-11
-11
-11
-12
-11
-11
-10
-12
-12
-13
-12
-13
-12
-13
-11
-9
-11
-11
-10
-13
-12
-11
-10
-12
-11
-9
-10
-11
-10
-11
-11
-10
-8
-9
-9
-9
-8
-8
-7
-7
-4
-3
-4
-3
-2
-4
-4
-1
0
2
1
3
3
4
7
5
5
6
7
7
7
5
7
10
9
10
11
11
11
10
8
5
5
5
3
3
3
0
0
3
4
4
3
7
6
3
6
5
8
9
10
12
12
13
13
14
15
14
15
14
13
14
13
12
12
11
11
9
9
8
9
8
8
5
6
5
7
8
8
10
9
10
10
12
12
10
12
11
11
11
9
10
10
9
8
9
8
4
3
1
-3
-3
-6
-7
-9
-9
-7
-7
-8
-6
-8
-9
-9
-11
-10
-11
-13
-13
-14
-14
-13
-14
-14
-13
-14
-14
-17
-18
-19
-20
-20
-20
-20
-17
-16
-16
-17
-18
-20
-20
-20
-22
-19
-19
-16
-17
-15
-13
-15
-14
-14
-12
-11
-10
-9
-10
-9
-7
-9
-9
-9
-7
-5
-6
-4
-4
-1
2
3
0
2
4
6
8
6
10
9
10
10
12
11
11
12
13
15
14
14
15
13
14
14
12
12
10
11
10
6
9
6
5
5
4
4
5
4
7
8
6
8
6
8
7
6
7
8
8
9
11
11
10
9
9
9
9
7
9
8
8
9
10
13
11
12
12
13
13
10
11
12
12
12
13
12
12
13
10
10
10
7
5
6
6
7
7
6
7
9
7
5
3
2
1
-3
-4
-6
-9
-8
-5
-6
-9
-9
-9
-12
-14
-15
-15
-15
-15
-14
-15
-17
-18
-20
-20
-21
-20
-18
-18
-16
-18
-15
-19
-18
-19
-18
-18
-17
-15
-16
-15
-15
-14
-15
-14
-17
-17
-16
-17
-15
-14
-13
-13
-12
-13
-10
-9
-7
-3
-5
-3
-3
-3
-5
-4
-4
-5
-3
-1
3
3
5
6
5
2
3
3
4
4
6
8
7
12
12
11
11
11
12
11
10
11
12
10
10
9
8
8
8
6
7
7
7
7
6
6
6
5
9
7
8
11
10
13
10
12
12
10
11
12
10
8
11
10
11
12
13
14
15
14
14
13
12
13
11
11
10
9
11
11
11
11
10
10
10
9
8
9
7
7
5
7
7
7
7
7
5
5
4
6
4
2
1
-1
-1
-4
-3
-4
-5
-3
-4
-6
-7
-9
-10
-12
-14
-14
-17
-17
-16
-17
-16
-16
-16
-18
-17
-17
-20
-19
-20
-18
-20
-20
-18
-17
-17
-16
-16
-16
-16
-15
-16
-17
-17
-15
-16
-13
-12
-11
-9
-10
-8
-9
-7
-6
-7
-7
-8
-8
-8
-7
-5
-5
-5
-4
-4
-4
-4
-4
-1
-3
-3
-4
-6
-1
0
-1
2
2
2
2
2
1
1
3
2
2
4
4
7
6
8
9
7
9
10
9
9
10
11
13
13
11
12
11
13
15
16
16
17
17
16
17
18
20
18
18
22
20
19
20
21
21
18
19
19
20
19
19
17
16
14
12
12
11
10
6
8
5
2
4
5
5
4
2
2
1
-1
0
0
-1
-1
-1
-1
-2
-2
-3
-3
-6
-7
-8
-8
-9
-8
-8
-7
-5
-6
-5
-4
-6
-5
-7
-6
-8
-9
-9
-11
-9
-10
-9
-9
-10
-8
-11
-12
-14
-17
-17
-17
-19
-17
-16
-16
-16
-17
-18
-17
-18
-18
-20
-21
-21
-18
-17
-15
-12
-10
-7
-8
-6
-7
-7
-8
-9
-8
-6
-5
-4
-1
0
1
1
2
1
2
2
0
0
-1
-1
1
1
-1
0
0
0
-1
0
0
-1
-3
-2
-2
-2
0
1
5
4
5
7
7
6
6
7
7
8
7
10
10
12
15
14
16
17
16
17
17
15
16
17
15
17
17
17
17
18
18
16
15
16
15
14
15
15
15
17
14
16
15
14
12
10
6
7
5
2
1
1
2
1
3
3
1
0
1
-2
-3
-3
-5
-4
-5
-5
-3
-3
-2
-2
-4
-1
-3
-3
-5
-5
-3
-6
-7
-7
-6
-7
-7
-6
-7
-6
-8
-7
-6
-8
-5
-6
-8
-8
-7
-7
-8
-6
-6
-6
-8
-7
-8
-9
-8
-7
-6
-6
-5
-7
-6
-8
-9
-11
-11
-13
-15
-13
-14
-12
-13
-11
-11
-12
-10
-11
-11
-11
-11
-12
-12
-11
-10
-10
-10
-6
-6
-6
-5
-4
-5
-3
-4
-2
-2
-3
-3
-3
-2
-2
1
1
3
0
1
2
2
3
2
2
2
4
7
8
9
10
9
9
10
8
8
8
8
8
7
9
8
10
11
9
9
10
10
10
11
12
11
12
13
13
13
12
10
12
12
13
11
12
15
13
14
12
13
13
12
12
12
12
14
13
13
14
13
12
9
9
7
5
4
3
1
-1
-2
-2
-1
0
1
2
0
1
-1
-1
-1
-5
-7
-6
-5
-4
-2
-3
-3
-4
-6
-5
-8
-10
-11
-13
-15
-13
-13
-12
-12
-10
-9
-11
-13
-11
-13
-12
-15
-14
-12
-13
-10
-9
-9
-10
-10
-11
-12
-15
-14
-15
-15
-13
-13
-9
-9
-7
-7
-7
-8
-10
-10
-12
-11
-13
-14
-13
-10
-9
-7
-4
-2
-2
-4
-4
-2
-3
-3
-2
-1
2
2
4
8
9
11
11
11
9
9
7
8
8
9
12
12
15
15
17
15
15
16
14
13
11
12
10
8
8
10
10
10
10
10
7
5
3
0
-1
-3
-3
-3
-2
-3
0
2
-1
-1
-2
-3
-5
-1
-2
-1
-2
1
2
3
3
2
3
3
4
3
2
1
3
3
5
5
8
9
10
9
8
7
5
6
6
4
5
5
6
8
9
8
7
7
7
5
3
4
2
3
3
2
2
4
3
4
4
2
-1
0
-3
-3
-5
-7
-8
-7
-6
-7
-8
-9
-9
-9
-11
-13
-15
-15
-15
-14
-15
-14
-12
-12
-14
-13
-12
-13
-13
-15
-13
-12
-11
-9
-9
-7
-7
-3
-2
0
-2
-4
-3
-3
-6
-5
-6
-6
-3
-3
-3
-2
-4
-4
-5
-3
-1
-1
0
3
1
2
2
1
3
2
3
1
0
0
1
1
3
4
3
5
6
5
5
7
6
7
6
6
5
6
5
6
6
7
6
5
4
3
3
4
4
4
6
4
4
6
5
5
4
5
5
5
5
4
5
5
7
8
10
10
8
9
9
11
9
8
7
7
7
5
7
8
10
6
5
5
3
2
-1
1
-1
-2
-3
1
1
1
0
0
-2
-1
-2
-1
-3
-3
-4
-4
-3
-5
-4
-4
-3
-3
-1
-4
-4
-7
-7
-7
-10
-7
-5
-5
-5
-3
-4
-4
-4
-6
-7
-8
-9
-7
-6
-5
-3
-2
-1
0
-1
-1
-2
-4
-4
-5
-6
-4
-1
-3
-1
-3
-1
-3
-5
-5
-7
-8
-7
-7
-8
-6
-6
-4
-2
-1
-2
-2
-3
-4
-8
-8
-7
-8
-9
-6
-6
-4
-4
-4
-4
-6
-7
-7
-7
-6
-5
-4
-2
-1
-2
1
2
3
4
4
5
5
3
3
2
5
5
7
8
12
11
9
11
8
9
9
7
11
12
11
11
11
10
8
8
8
6
5
7
8
12
13
13
15
16
15
15
16
15
14
14
13
11
11
10
9
6
5
4
3
5
4
2
1
1
-1
0
-2
0
0
-1
-2
-4
-5
-9
-9
-12
-15
-14
-16
-16
-18
-16
-15
-16
-16
-17
-16
-18
-17
-17
-16
-18
-17
-17
-17
-14
-13
-11
-9
-10
-7
-5
-7
-7
-6
-7
-5
-2
0
3
3
5
7
6
8
10
8
8
8
8
8
7
7
8
9
10
10
11
11
11
9
7
6
2
3
4
4
1
1
1
-2
0
0
-1
-2
-4
-4
-6
-6
-6
-3
-3
-3
-2
-2
0
-3
-3
-3
-7
-7
-5
-3
-3
-3
-4
-2
-2
-1
-1
-1
-2
-3
-4
-3
-4
-2
-1
1
-1
0
0
1
2
-2
0
1
3
1
3
5
5
6
9
8
5
6
5
5
2
3
3
1
4
4
5
6
7
6
7
8
9
9
8
8
9
10
9
9
11
12
11
11
11
8
8
9
8
6
6
6
6
4
4
4
3
3
3
3
1
0
-1
-2
-5
-3
-5
-4
-7
-8
-9
-12
-11
-14
-13
-15
-16
-14
-15
-13
-13
-12
-14
-13
-14
-14
-12
-11
-11
-14
-14
-14
-12
-12
-12
-8
-8
-7
-7
-7
-6
-5
-3
-2
-3
-2
0
-2
-2
-2
-2
-4
-3
-3
-5
-3
-5
-2
-1
0
4
3
3
6
4
5
7
5
6
5
5
5
4
6
7
5
4
5
5
8
9
10
9
9
8
9
9
11
11
10
13
13
11
12
10
10
10
8
10
8
8
9
8
8
7
6
6
5
3
4
2
3
2
1
1
1
0
-2
-2
-1
0
-1
-1
-2
-2
-2
-4
-4
-6
-6
-5
-5
-3
-3
-3
-3
-2
-4
-5
-6
-8
-7
-7
-6
-8
-6
-2
-2
-2
0
0
2
4
3
2
3
0
0
-1
-1
-1
0
2
2
1
1
0
2
3
1
-1
0
-2
-4
-4
-3
-3
-7
-5
-4
-3
-2
-4
-4
-3
-4
-6
-7
-7
-7
-9
-7
-9
-9
-9
-8
-8
-9
-8
-10
-10
-11
-10
-10
-8
-9
-7
-7
-8
-7
-7
-7
-6
-6
-5
-5
-4
-2
-3
-1
1
0
3
3
3
6
7
7
7
8
13
14
13
15
17
15
17
19
19
15
15
15
13
15
16
14
13
13
12
10
8
8
8
6
6
3
1
1
2
1
-1
0
1
-2
0
0
1
1
-1
0
0
-1
-1
1
-1
1
-3
-4
-3
-5
-6
-5
-4
-5
-3
-3
0
-4
-3
-2
-4
-3
-2
-3
-2
0
-2
-2
-2
-2
-3
-3
-2
-2
-2
-2
-2
-3
-2
-3
-3
-4
-5
-4
-2
-2
-1
0
-1
-1
0
-2
0
0
1
-1
-2
0
-1
0
-1
0
-1
1
-2
-1
-3
-4
0
-2
-2
-1
-1
-1
-2
-2
-3
-4
-4
-3
-5
-4
-2
-5
-6
-5
-3
-6
-7
-9
-8
-9
-9
-10
-8
-7
-8
-6
-7
-5
-8
-8
-8
-8
-9
-7
-6
-6
-4
-1
2
1
1
1
3
3
3
6
5
8
6
6
7
6
11
10
12
11
9
11
13
8
6
5
7
7
7
8
8
10
8
8
7
6
5
3
5
3
4
4
6
6
8
7
7
6
4
5
3
4
4
3
4
5
5
5
5
6
6
5
6
6
7
8
7
6
5
3
4
4
3
1
0
2
3
3
3
2
2
1
-2
-3
-3
-2
-4
-5
-6
-7
-6
-8
-7
-9
-9
-7
-10
-6
-10
-11
-9
-11
-9
-10
-10
-10
-11
-9
-11
-10
-11
-8
-7
-8
-8
-6
-6
-8
-8
-6
-6
-6
-4
-4
-5
-5
-4
-4
-4
-6
-6
-4
-5
-5
-6
-4
-5
-5
-4
-4
-4
-6
-7
-7
-9
-10
-9
-9
-9
-10
-8
-7
-7
-6
-4
-2
0
0
1
1
3
4
5
7
9
8
9
10
11
11
9
10
11
11
13
13
13
14
13
15
14
14
14
15
15
15
14
15
13
14
12
10
12
10
9
9
9
10
8
5
6
6
6
5
4
4
4
4
4
2
1
1
1
2
2
2
1
3
2
2
4
4
6
4
4
6
4
3
3
2
-1
-2
-2
-3
-4
-3
-4
-5
-7
-5
-7
-9
-10
-11
-12
-14
-15
-14
-14
-14
-12
-14
-12
-11
-13
-14
-15
-15
-17
-15
-14
-14
-13
-11
-11
-10
-9
-9
-8
-9
-8
-8
-7
-6
-4
-3
-3
-1
-2
-2
-2
-1
-2
0
0
1
2
-1
0
2
3
4
2
3
7
5
6
6
6
6
7
6
6
7
8
8
6
6
4
4
5
4
1
-1
0
1
-4
-3
-1
0
2
2
3
3
4
3
4
3
4
2
5
4
3
1
2
3
1
1
3
3
-1
-2
-2
-3
-3
-2
-1
-1
0
3
4
2
1
0
0
0
-1
-1
-1
2
3
5
6
7
5
5
6
6
6
6
7
7
5
7
6
6
7
5
8
8
6
7
5
8
6
6
7
6
8
7
6
8
7
7
7
6
8
7
6
5
6
4
4
3
3
3
1
3
0
-3
-2
-3
-4
-4
-8
-11
-12
-15
-14
-16
-17
-16
-18
-18
-20
-21
-19
-17
-21
-18
-17
-14
-12
-11
-9
-10
-10
-10
-11
-10
-8
-8
-6
-7
-6
-5
-6
-5
-6
-7
-8
-8
-10
-7
-7
-6
-5
-4
-3
-2
-3
-3
-1
-1
0
0
2
4
4
6
8
8
9
10
10
8
8
8
9
7
8
9
10
10
12
13
11
10
9
8
9
10
9
11
9
9
10
12
12
11
11
8
8
8
9
7
5
6
3
3
0
1
-1
-2
-3
-6
-7
-6
-5
-3
-2
-2
-2
-3
-2
-2
-2
-1
-2
0
-1
1
2
1
1
1
0
-2
-2
0
0
1
2
2
5
6
8
6
5
8
8
9
11
11
11
10
9
12
11
11
12
7
6
4
2
3
4
5
2
-3
0
-3
-10
-9
-6
-12
-15
-12
-10
-14
-16
-12
-13
-14
-13
-11
-15
-14
-12
-12
-11
-14
-13
-12
-13
-13
-13
-12
-11
-12
-11
-11
-10
-6
-5
-5
-4
-4
-5
-5
-6
-3
-4
-4
-2
-2
-1
0
0
-1
-1
-2
-2
-3
-1
-2
-4
-2
1
3
3
4
6
6
2
2
0
-2
-1
-2
-1
0
1
4
5
5
5
4
4
6
7
8
11
11
12
12
11
11
10
8
7
5
4
4
3
2
3
4
6
6
6
7
5
3
5
6
3
6
11
7
6
11
10
9
8
9
7
9
11
7
8
5
6
4
2
3
2
1
2
0
1
3
0
4
2
0
0
0
-1
-4
-4
-4
-4
-4
1
1
-1
2
3
0
0
0
-1
1
0
0
0
1
0
-1
-6
-6
-3
-4
-4
-6
-4
-6
-4
-1
0
-1
0
2
0
-1
-1
-3
-3
-5
-7
-7
-8
-6
-4
-9
-10
-10
-13
-14
-15
-14
-14
-14
-14
-13
-12
-12
-12
-13
-13
-12
-13
-14
-11
-14
-13
-13
-12
-11
-11
-11
-11
-10
-11
-10
-9
-6
-6
-6
-4
-3
-2
-1
-1
1
0
2
5
6
8
10
11
11
14
11
13
13
12
11
11
13
13
11
11
13
11
13
14
13
15
15
16
14
14
14
16
15
16
15
15
14
15
14
13
13
12
11
10
12
12
9
8
7
3
3
2
2
1
2
3
1
0
-2
-1
-2
-3
-5
-4
-3
-4
-4
-5
-3
-1
-3
-3
-4
-5
-6
-7
-6
-7
-9
-7
-5
-7
-5
-5
-3
-5
-5
-5
-5
-6
-6
-6
-7
-5
-6
-6
-6
-7
-6
-5
-6
-6
-5
-3
-3
-4
-6
-7
-6
-5
-3
-4
-2
-3
-2
-1
-1
-1
-2
-2
-3
-2
-2
-2
-1
-2
-3
-1
0
-1
-1
0
-1
-1
0
0
0
1
0
1
2
2
3
2
-1
-3
-5
-3
-5
-6
-5
-2
-4
-4
-6
-4
-6
-7
-7
-8
-9
-10
-10
-11
-9
-7
-6
-6
-5
-4
-4
-5
-2
-3
-4
-4
-1
-1
-1
2
4
5
6
8
8
5
4
3
2
4
5
7
7
8
9
9
10
10
9
9
11
10
10
8
11
11
10
10
8
11
9
9
9
9
11
9
8
9
8
8
10
10
10
10
12
12
14
13
13
11
13
13
11
11
11
11
11
10
9
8
7
6
6
3
1
3
1
0
0
-2
-3
-5
-6
-7
-7
-7
-9
-10
-12
-13
-12
-13
-13
-15
-14
-12
-15
-15
-15
-18
-19
-19
-21
-18
-20
-17
-16
-18
-15
-18
-17
-18
-18
-15
-14
-15
-13
-11
-9
-11
-8
-8
-9
-7
-6
-6
-5
-4
-3
-2
-1
-1
-2
-1
1
2
2
3
3
3
5
4
4
5
6
7
6
8
6
6
8
8
7
6
5
5
8
7
7
8
6
7
7
6
4
4
5
5
5
6
6
7
7
8
9
6
6
7
7
5
4
5
4
2
0
0
-3
-3
-1
0
-1
1
-1
0
-1
-2
-2
-1
-2
3
5
7
7
3
5
4
4
2
1
0
3
2
2
3
1
3
2
4
5
6
7
7
9
10
8
7
7
7
9
9
8
7
4
4
6
4
4
1
1
1
0
0
-2
-2
-1
-1
-1
-1
2
1
0
0
-1
0
-3
-2
-2
-1
-4
-4
-3
-4
-1
-2
0
0
-1
-3
-3
-5
-7
-9
-8
-6
-6
-6
-6
-5
-5
-6
-8
-10
-11
-10
-11
-10
-8
-6
-5
-5
-4
-5
-7
-8
-8
-11
-14
-13
-11
-13
-13
-12
-9
-10
-10
-8
-9
-9
-11
-9
-10
-9
-10
-10
-8
-8
-7
-8
-8
-8
-7
-8
-7
-8
-7
-6
-6
-3
0
1
1
2
4
6
5
6
6
5
4
6
9
9
9
8
9
10
9
11
12
12
12
11
12
11
11
12
15
14
14
16
16
15
16
17
16
15
14
16
14
14
15
14
14
14
13
14
14
15
14
14
12
13
11
8
11
9
9
10
11
11
10
8
8
7
7
6
6
5
5
2
2
2
1
1
-2
-2
-7
-7
-9
-10
-9
-10
-8
-10
-12
-12
-14
-12
-15
-14
-14
-14
-14
-14
-15
-15
-15
-16
-16
-18
-18
-17
-16
-17
-21
-18
-18
-17
-17
-15
-13
-14
-12
-11
-11
-11
-9
-7
-7
-7
-6
-4
-5
-6
-4
-3
-3
-4
-3
-4
-4
-3
-3
-5
-4
-4
-7
-6
-6
-6
-7
-5
-3
-3
-3
-4
-3
-5
-3
-1
-3
1
1
1
2
1
0
2
1
3
5
5
7
7
6
8
7
8
9
8
10
12
11
10
13
12
14
13
13
15
13
14
11
12
9
10
12
11
10
10
13
12
13
13
12
11
11
11
11
12
10
12
9
10
10
10
12
10
8
7
8
6
4
3
4
4
4
4
3
2
2
2
3
6
5
7
6
4
7
6
6
6
5
5
4
1
3
1
0
1
-1
-2
-2
-5
-4
-7
-8
-9
-10
-10
-10
-11
-9
-12
-13
-14
-15
-16
-18
-17
-16
-16
-18
-19
-20
-21
-21
-21
-21
-23
-23
-22
-20
-19
-17
-18
-17
-14
-14
-11
-9
-8
-9
-8
-6
-6
-6
-7
-5
-5
-5
-4
-4
-3
-3
-3
-4
-5
-3
-3
-1
0
1
0
3
4
3
5
3
3
5
7
6
7
9
10
11
12
12
11
9
10
9
9
7
7
6
5
6
5
7
6
7
6
6
7
7
8
8
9
9
6
6
6
6
6
5
5
1
3
4
4
4
5
6
5
5
5
4
4
5
8
5
6
7
7
8
8
6
7
6
7
8
8
7
7
7
6
4
4
6
8
9
9
10
12
10
9
8
8
7
8
8
8
7
9
7
7
7
6
6
9
7
6
6
4
3
1
-1
-1
-5
-6
-5
-6
-6
-9
-9
-12
-13
-14
-16
-15
-17
-16
-16
-15
-15
-16
-16
-19
-19
-21
-20
-21
-21
-21
-19
-21
-22
-21
-23
-22
-20
-20
-19
-18
-18
-16
-17
-16
-14
-17
-14
-12
-9
-8
-7
-7
-5
-7
-7
-4
-8
-6
-5
-3
-5
-2
0
1
3
1
2
4
5
5
5
4
7
7
9
10
7
8
11
12
12
14
14
16
15
15
15
16
17
17
15
13
14
13
14
13
12
12
12
11
11
12
13
12
13
13
12
11
10
11
9
12
13
14
14
12
13
11
11
12
8
8
7
6
8
6
5
3
3
2
1
1
2
2
1
0
0
-1
-1
-1
-1
-2
-4
-3
-2
-4
-5
-5
-5
-2
-3
-3
-3
-5
-5
-7
-7
-5
-7
-7
-6
-7
-7
-5
-2
-3
-2
-1
0
0
-1
-3
-2
-2
-2
-2
-4
-6
-7
-7
-5
-9
-7
-8
-9
-9
-8
-8
-11
-10
-11
-12
-11
-11
-12
-11
-11
-10
-10
-12
-14
-11
-11
-12
-12
-10
-9
-9
-9
-8
-9
-7
-8
-7
-7
-8
-8
-10
-8
-10
-9
-11
-9
-8
-8
-7
-7
-8
-7
-6
-2
-2
-2
-2
0
3
2
3
5
6
4
6
5
5
5
4
4
5
7
5
7
10
12
12
13
14
13
13
13
14
12
14
13
15
12
12
14
12
12
13
13
12
14
15
16
18
18
20
19
19
21
20
22
21
19
19
16
16
14
13
12
11
9
8
6
3
3
0
1
0
1
0
0
-1
-2
-4
-4
-6
-7
-7
-7
-5
-7
-8
-10
-11
-11
-10
-11
-11
-10
-9
-8
-7
-7
-8
-6
-5
-5
-6
-7
-7
-7
-7
-9
-10
-13
-11
-12
-10
-11
-10
-12
-12
-11
-9
-8
-8
-8
-9
-7
-7
-8
-9
-10
-9
-9
-10
-9
-9
-9
-9
-11
-11
-13
-11
-13
-14
-13
-13
-11
-11
-10
-10
-11
-10
-8
-7
-10
-6
-5
-4
-2
-2
-3
-1
0
0
0
-1
-1
-1
0
0
1
1
5
7
7
9
10
10
8
8
6
6
8
12
11
11
13
13
14
14
15
14
14
15
15
15
13
15
16
16
17
18
16
15
15
14
14
12
11
9
7
7
7
6
4
7
6
7
7
4
4
3
5
5
7
4
6
5
6
6
4
5
3
2
2
-1
0
-2
-3
-3
-5
-2
-2
-3
-3
-4
-4
-6
-6
-8
-6
-8
-8
-7
-10
-9
-10
-10
-9
-9
-8
-5
-8
-6
-4
-4
-3
-3
-4
-3
-2
-3
-1
-2
0
1
-1
-1
-1
-3
-1
0
-1
0
0
0
-2
-4
-3
-5
-6
-5
-6
-6
-7
-7
-7
-8
-8
-9
-8
-10
-12
-11
-10
-10
-12
-8
-10
-10
-11
-10
-10
-10
-7
-10
-9
-9
-9
-7
-7
-9
-7
-9
-6
-6
-7
-7
-7
-6
-6
-3
-5
-4
-2
-1
1
-1
0
0
-1
0
2
2
5
7
9
11
11
13
11
13
12
13
12
14
15
17
18
18
19
19
18
15
14
15
16
17
16
14
15
15
14
14
12
13
12
12
10
9
7
6
8
6
6
4
5
3
2
1
3
3
0
0
-2
-1
-2
-1
-2
-3
-1
0
-1
-2
-3
1
1
2
1
1
3
2
0
-1
-3
-3
-4
-4
-4
-6
-8
-9
-7
-8
-11
-12
-11
-9
-11
-13
-13
-13
-11
-10
-10
-8
-8
-8
-7
-4
-5
-5
-6
-4
-7
-8
-10
-11
-10
-11
-13
-12
-11
-11
-11
-9
-9
-8
-7
-9
-7
-7
-6
-4
-3
-4
-2
0
-1
0
-3
-1
-1
0
-2
-1
-2
0
1
0
2
2
6
4
5
2
0
1
2
2
3
4
3
3
2
4
3
3
4
4
3
4
5
3
3
1
1
2
3
3
1
0
1
3
1
0
-1
2
2
5
7
6
8
9
10
9
10
10
12
12
12
15
13
14
11
14
12
12
13
11
11
10
10
8
7
7
7
4
5
4
5
4
6
7
4
5
3
1
0
-1
-4
-5
-7
-8
-7
-7
-8
-6
-7
-7
-7
-9
-8
-10
-11
-10
-11
-10
-8
-8
-7
-8
-7
-6
-8
-8
-9
-10
-7
-5
-5
-5
-6
-4
-4
-6
-4
-5
-4
-4
-3
-1
-1
-1
-1
0
-2
0
-1
-1
0
-1
0
1
3
2
1
3
3
4
2
2
2
3
5
5
4
4
5
4
2
-4
-3
-3
-3
-4
-4
-4
-4
-4
-5
-4
-4
-4
-4
-4
-4
-3
-6
-3
-2
0
0
0
3
3
0
-2
-5
-5
-5
-2
0
-2
0
-1
-2
-2
-4
-3
-4
-3
-4
-3
-1
0
3
1
3
2
2
3
2
4
3
2
2
1
2
4
6
5
5
5
6
5
7
7
5
8
7
8
8
9
9
10
11
9
11
10
12
12
11
11
9
10
10
11
8
11
10
7
5
6
7
7
5
6
4
3
3
0
-1
-2
-2
-2
-3
-2
-3
-4
-3
-4
-6
-8
-10
-9
-11
-12
-13
-13
-13
-15
-16
-16
-16
-16
-17
-17
-15
-14
-13
-12
-10
-9
-6
-5
-2
-5
-5
-3
-3
-1
-3
-1
-1
2
2
3
3
2
4
1
3
-1
1
2
3
4
4
3
1
2
1
1
-2
0
0
1
1
2
1
4
3
1
2
2
1
1
2
1
2
2
4
2
1
1
1
2
1
3
3
4
4
6
5
4
6
5
5
3
4
1
1
0
0
0
-2
0
-1
1
0
-2
-1
-1
0
-1
0
-1
0
0
-1
-2
-3
-5
-4
-3
-3
-2
-4
-5
-6
-6
-5
-6
-4
-3
-5
-4
-4
-1
-1
1
3
1
3
2
4
4
5
7
6
8
9
10
11
12
12
13
13
11
9
8
9
10
10
9
8
7
7
5
2
4
3
1
-1
-1
-3
-2
-2
0
0
-1
0
-3
-2
-4
-2
-2
-2
-3
-3
-3
-4
-2
-5
-5
-4
-4
-8
-8
-10
-9
-9
-8
-7
-7
-8
-9
-9
-11
-11
-10
-11
-11
-11
-12
-11
-9
-8
-7
-7
-6
-7
-7
-5
-3
-3
-5
-3
-1
-1
-2
-1
2
0
1
2
5
2
4
7
8
6
9
11
11
9
9
13
10
12
13
15
14
14
14
15
14
12
14
13
11
10
12
11
13
12
12
12
9
11
9
3
3
2
-3
-4
-8
-10
-13
-19
-20
-21
-26
-26
-23
-25
-27
-28
-29
-27
-30
-29
-25
-25
-22
-19
-19
-20
-17
-16
-14
-11
-7
0
6
8
11
10
12
16
18
20
22
26
30
32
34
35
36
37
37
37
37
41
42
44
41
38
36
34
31
25
21
16
15
14
9
7
3
1
-2
-4
-5
-9
-9
-6
-6
-4
-1
3
2
1
-2
2
4
3
5
0
1
-1
-4
-5
-6
-6
-2
-1
-3
0
-7
-11
-20
-26
-33
-41
-44
-44
-48
-59
-62
-70
-76
-87
-93
-93
-94
-94
-90
-86
-87
-77
-73
-68
-67
-68
-63
-64
-68
-72
-74
-73
-68
-70
-69
-73
-70
-65
-57
-53
-44
-34
-14
5
25
43
61
80
96
108
119
145
157
183
201
215
223
231
236
235
237
231
233
229
220
203
182
159
137
112
84
55
21
-9
-47
-77
-109
-142
-174
-200
-225
-254
-277
-297
-310
-324
-330
-325
-325
-315
-303
-289
-267
-247
-221
-192
-164
-130
-99
-68
-35
8
51
101
153
207
264
316
369
420
466
514
559
595
629
653
670
685
686
680
660
629
590
532
455
374
283
185
75
-36
-156
-282
-403
-515
-624
-733
-829
-907
-977
-1028
-1065
-1084
-1086
-1070
-1031
-986
-926
-841
-745
-636
-526
-411
-296
-182
-66
49
162
268
371
471
563
648
732
810
886
957
1021
1056
1074
1098
1124
1144
1152
1146
1117
1082
1012
933
822
694
559
412
239
49
-155
-371
-587
-809
-999
-1188
-1343
-1478
-1593
-1692
-1760
-1802
-1810
-1786
-1731
-1618
-1485
-1333
-1149
-950
-753
-550
-356
-180
-13
162
332
477
597
692
759
809
838
843
849
857
860
856
851
854
850
818
784
775
790
844
928
991
1020
1060
1107
1147
1184
1212
1215
1196
1143
1051
896
717
522
302
86
-117
-318
-533
-759
-990
-1219
-1435
-1587
-1699
-1787
-1812
-1788
-1754
-1710
-1640
-1547
-1404
-1214
-1005
-801
-586
-374
-194
-45
102
246
390
541
676
768
813
824
779
676
563
465
376
294
236
159
98
68
2
-121
-201
-190
-129
12
177
304
414
554
702
862
1023
1206
1374
1479
1531
1492
1370
1208
1035
847
651
462
275
30
-261
-559
-883
-1200
-1438
-1637
-1771
-1841
-1899
-1952
-1994
-2018
-1983
-1888
-1713
-1504
-1279
-1021
-781
-593
-418
-229
-16
218
442
646
818
922
955
930
866
810
743
682
633
577
536
527
457
269
98
31
46
167
323
440
538
662
788
907
1054
1241
1410
1535
1630
1595
1465
1288
1094
871
657
474
273
-14
-327
-626
-977
-1310
-1564
-1776
-1929
-1982
-1996
-2039
-2064
-2050
-2012
-1920
-1719
-1499
-1273
-952
-625
-369
-143
83
310
554
818
1059
1222
1366
1484
1492
1389
1305
1204
1091
1001
874
738
640
621
517
247
-1
-99
-118
-12
150
217
287
401
501
588
710
884
1079
1221
1329
1326
1171
1001
805
562
360
214
29
-245
-572
-892
-1258
-1602
-1840
-2060
-2214
-2241
-2247
-2301
-2348
-2365
-2350
-2253
-2024
-1758
-1503
-1166
-836
-582
-361
-142
96
374
671
944
1143
1309
1449
1447
1354
1258
1154
1057
990
890
761
690
685
568
284
53
-32
-16
147
342
400
459
566
678
790
942
1166
1377
1546
1685
1687
1516
1326
1091
832
652
519
334
39
-296
-653
-1071
-1432
-1687
-1932
-2079
-2101
-2133
-2210
-2257
-2287
-2302
-2218
-2009
-1784
-1524
-1159
-843
-635
-431
-216
-5
272
576
810
961
1142
1305
1278
1172
1091
995
919
897
814
667
601
631
547
239
9
-52
-40
154
391
468
533
676
800
910
1075
1332
1590
1796
1977
1984
1814
1649
1452
1206
1025
894
674
338
-13
-402
-880
-1281
-1554
-1812
-1977
-2002
-2037
-2149
-2251
-2284
-2336
-2314
-2122
-1923
-1693
-1352
-1041
-806
-599
-379
-118
148
438
714
869
1026
1169
1099
961
874
774
696
631
506
348
250
256
109
-265
-530
-623
-609
-407
-165
-64
34
194
367
518
743
1081
1372
1615
1809
1812
1672
1507
1304
1088
948
870
692
362
20
-381
-855
-1219
-1510
-1768
-1903
-1934
-1992
-2104
-2172
-2179
-2193
-2121
-1919
-1732
-1491
-1111
-813
-612
-386
-160
71
344
651
926
1127
1329
1461
1352
1184
1094
977
887
814
652
497
482
536
370
-47
-315
-370
-338
-98
141
179
291
501
677
833
1058
1434
1772
2003
2229
2250
2071
1919
1704
1410
1197
1103
931
565
160
-266
-778
-1210
-1520
-1849
-2073
-2125
-2196
-2371
-2498
-2547
-2597
-2536
-2342
-2188
-1934
-1511
-1147
-908
-711
-470
-216
35
381
694
895
1195
1387
1242
1071
1001
926
840
756
654
491
433
562
402
-92
-308
-300
-317
-115
207
346
429
655
890
974
1115
1555
1934
2110
2363
2469
2281
2042
1802
1547
1310
1152
970
561
62
-396
-889
-1352
-1747
-2131
-2389
-2473
-2537
-2688
-2835
-2911
-2992
-2974
-2790
-2622
-2386
-1974
-1550
-1242
-999
-752
-529
-269
70
405
599
787
982
981
839
706
595
480
395
306
176
117
356
581
294
-174
-280
-220
-98
308
699
824
971
1388
1651
1522
1631
2231
2677
2849
3011
2864
2345
1938
1817
1595
1176
984
849
345
-252
-750
-1305
-1850
-2155
-2258
-2412
-2441
-2146
-2031
-2316
-2532
-2440
-2210
-1994
-1567
-1031
-814
-630
-314
-373
-565
-250
376
674
625
697
740
434
115
-56
-209
-230
-155
-256
-649
-869
-79
1364
1805
913
343
722
1157
1742
2657
2688
1768
1862
2864
2667
1989
2766
3571
2851
2114
1909
843
-397
-273
-39
-882
-1457
-1403
-2089
-3128
-3227
-2984
-3076
-2902
-2602
-2791
-2767
-1968
-1307
-1142
-761
-290
-123
164
595
826
991
1369
1529
1128
899
1022
848
621
540
-13
-798
-1054
-993
-1378
-2030
-2161
-2226
-2660
-2868
-2812
-2966
-2895
-1645
513
1627
792
44
1002
2461
3519
4767
5050
3395
2363
3909
5154
4328
4120
4714
3445
1538
1247
831
-730
-1323
-984
-2123
-3789
-4119
-4529
-5469
-5082
-3846
-3758
-4269
-4210
-4110
-3656
-1751
166
345
15
565
1269
1718
2484
3038
2972
2988
3002
2276
1449
1523
1815
1540
887
-187
-1452
-1850
-1472
-1732
-2598
-2849
-2918
-3707
-3984
-3436
-3093
-1784
1265
2601
442
-754
1472
3548
4571
6468
6242
2938
2265
5423
6454
5012
5382
5566
2831
1069
1744
1008
-577
-488
-864
-3150
-4473
-4425
-5070
-5310
-4033
-3495
-4385
-4682
-4520
-4383
-2729
-78
599
-645
-874
406
1587
2359
2827
2341
1805
2131
2324
1712
1132
1181
1102
353
-681
-1556
-1695
-1158
-1366
-2468
-3172
-3377
-3653
-3515
-3118
-2572
-454
2399
2041
-929
-803
2275
4087
5475
6484
3663
402
2708
6470
5637
4079
4806
3279
265
616
1612
113
-949
-1064
-3029
-5092
-4637
-4047
-4753
-4487
-3642
-4230
-4777
-4211
-3834
-3003
-538
1069
-85
-1203
-11
1727
2468
2774
2281
1218
1536
2603
2231
1135
886
954
257
-549
-1032
-1704
-1687
-1246
-1967
-3197
-3289
-2996
-3220
-3115
-2578
-1600
1132
3606
1754
-1184
439
4014
5347
6665
6666
2332
88
4366
7316
5053
4029
4535
1590
-692
1196
1541
-659
-1370
-2000
-4539
-5319
-3770
-3858
-4756
-3994
-3786
-4507
-3743
-2741
-2743
-1368
1082
1032
-500
134
2214
3097
3050
2546
1319
1359
2914
3061
1407
288
281
125
-448
-1065
-1921
-2172
-1706
-2234
-3327
-3372
-3097
-3339
-3198
-3000
-2243
1251
4720
2575
-1635
138
4667
6111
7355
7392
2091
-714
4833
8854
5672
3466
3746
856
-561
2473
2241
-1511
-2624
-3238
-5450
-4965
-2937
-4444
-6447
-5229
-4444
-4711
-3161
-2374
-3768
-2877
472
1359
-12
432
2203
2544
2381
2459
1687
1307
2270
2300
634
-341
280
374
-903
-2004
-2383
-2300
-1984
-2363
-3413
-3905
-3774
-3409
-3339
-2916
192
4361
3967
-567
-1215
3188
6269
7511
7804
3210
-1273
3064
9292
7469
3254
2811
1513
-42
2430
3099
-1235
-3457
-2985
-4357
-4987
-3348
-4058
-6431
-5865
-4305
-4431
-3818
-2702
-3408
-3217
-529
1199
989
1307
2054
2110
2435
2996
2691
2436
2542
1533
316
565
1321
1179
7
-1761
-3010
-2504
-1072
-1240
-2992
-4172
-4215
-3716
-2812
-2556
-2991
-766
3900
4431
-227
-1082
3597
6034
6726
8357
4511
-1453
2701
10484
8259
2811
3134
2198
-291
3064
4829
-1194
-4574
-2544
-3171
-4775
-3238
-3996
-7374
-6414
-3495
-3999
-4436
-3196
-3512
-3492
-432
2074
1234
231
1254
2632
3470
3883
3360
2332
1814
1578
1346
1392
1326
529
-939
-2367
-2713
-1930
-1247
-1946
-3711
-4525
-4215
-3812
-3200
-3179
-2697
1057
4663
2318
-1866
395
5416
6358
7125
6996
1002
-1164
6794
10930
5073
1738
3253
1271
621
4631
2493
-4104
-4044
-1744
-3735
-4699
-3608
-5657
-7369
-4552
-3072
-4838
-4549
-3424
-3909
-2635
304
1145
607
1063
1391
1600
3116
3967
2779
1859
1405
324
546
2051
1436
-1065
-2439
-2613
-2286
-1254
-1146
-3524
-5424
-4391
-3166
-3242
-3300
-3700
-2591
2193
5139
1446
-1792
1856
5845
6310
7707
6047
-348
779
9273
9737
3343
2396
3326
691
2032
5110
232
-4959
-2673
-1350
-3949
-4247
-3915
-6237
-6281
-3176
-3068
-4690
-3837
-3046
-2942
-904
1308
1215
709
1810
2957
3077
3247
3343
2940
2713
2331
1443
878
1135
1279
195
-1564
-2720
-2519
-1611
-1648
-3162
-4552
-4528
-3934
-3516
-3149
-3634
-2990
1563
4804
1316
-2007
1609
5521
5728
7453
6643
-139
9
9089
10410
3391
2040
3676
957
1743
5477
936
-5206
-3081
-935
-3691
-4612
-4100
-6296
-6610
-3457
-3296
-5168
-4064
-3012
-3482
-1911
753
1411
1162
1531
1561
2155
4013
4396
2796
1763
1184
832
1912
2770
843
-1819
-2277
-1902
-1707
-1060
-1672
-4154
-5179
-3940
-3348
-3600
-3439
-3525
-1661
3104
3995
-789
-1663
3312
5664
5870
7323
3630
-2094
2778
10936
7767
1379
2102
2401
632
3701
4471
-2502
-5390
-1455
-1277
-4333
-4465
-4908
-6719
-4968
-2558
-4444
-5796
-3744
-2743
-2823
-881
1099
673
283
1467
2283
2762
3726
3594
2051
1235
1995
2611
2210
1382
-49
-1216
-1048
-944
-1694
-2262
-2524
-3218
-3820
-3431
-3539
-4191
-3515
-2892
-1839
1968
3884
59
-2112
2189
5475
5481
7197
5207
-1433
969
10179
9443
2406
1961
3037
1102
3677
5962
-793
-5550
-1562
57
-3234
-4331
-4666
-6411
-5138
-2290
-3607
-5524
-3841
-2564
-2734
-1366
718
1453
1242
1290
1780
2754
4046
4384
3171
1333
712
2135
3313
2334
193
-1502
-1942
-1362
-641
-1042
-2739
-4079
-4174
-3712
-3316
-3343
-3750
-3048
403
3427
1253
-1844
545
4307
5161
6312
5775
361
-544
7414
10466
4022
827
2828
2358
2559
4859
1279
-4815
-3289
648
-1554
-4993
-5444
-5849
-5327
-2914
-3195
-5959
-5673
-3147
-2348
-2039
-619
269
482
1080
1612
2159
3300
3877
2926
1570
1146
1947
2855
2231
215
-1260
-1293
-829
-1126
-2059
-2882
-3454
-3721
-3742
-3851
-4189
-4187
-3860
-3337
-767
2820
1808
-2036
-884
3215
4673
6080
6464
888
-2068
5758
11288
5648
1055
2355
2077
2679
6189
3168
-4480
-4023
906
-247
-3562
-4347
-5680
-5851
-2697
-2031
-5165
-5597
-3103
-2336
-2123
-353
464
69
865
2075
2525
3280
4147
3643
2278
1876
2608
3114
2666
1382
86
-617
-632
-538
-1188
-2014
-2468
-3081
-3703
-3646
-3557
-3880
-3904
-3784
-2672
1061
3118
-190
-2374
1000
4247
5364
6927
4314
-1568
1257
10053
9639
3198
2152
2886
2312
5255
6312
-451
-4655
-779
1165
-1937
-3793
-4772
-6099
-4258
-1898
-4036
-6434
-4760
-2891
-2881
-1934
-552
-514
-122
1149
1762
2250
3408
3600
2295
1473
1975
2824
3061
1883
-126
-970
-374
33
-764
-2193
-3130
-3216
-3099
-3391
-4025
-4619
-4631
-3898
-2528
-434
927
-470
-2029
-106
2781
4028
5265
4384
109
301
6926
9167
4639
2405
2942
2465
4252
6238
1819
-3271
-1444
1189
-790
-3036
-4069
-5489
-4699
-2364
-3517
-6290
-5710
-3619
-3115
-2657
-1614
-1497
-1210
311
1305
1497
2165
2469
1846
1807
2517
2788
2720
2223
777
-56
793
1014
-484
-1647
-1917
-2130
-2125
-2210
-3143
-4055
-3845
-3244
-3188
-2699
-742
952
-86
-1812
-440
2355
3885
5090
4390
610
460
6542
9363
5383
2798
3493
3477
4888
6833
3288
-1689
-607
2039
425
-1903
-2936
-4473
-4194
-1958
-2843
-5756
-5491
-3554
-3251
-2897
-1809
-1973
-1899
-13
1104
922
1599
2244
1478
1263
2575
3213
2733
2196
1113
183
1005
1953
726
-1380
-2142
-2021
-1803
-1611
-2610
-4410
-4528
-3184
-2713
-2427
-898
-436
-2100
-2096
229
1346
2024
3773
2656
-362
1811
6885
6727
3829
3715
3610
3144
5564
6244
1676
-862
1430
1884
-257
-1157
-2632
-4569
-3202
-1672
-4081
-6157
-4933
-4016
-4095
-2953
-2415
-3342
-2559
-459
-117
-270
801
1149
579
1400
2892
2910
2303
2030
1497
1342
2181
2380
849
-789
-1094
-789
-648
-1083
-2421
-3606
-3271
-2340
-2578
-3469
-3038
-1599
-1157
-1812
-2032
-1372
-135
1766
2825
1274
-136
2004
5114
5527
4392
3611
3174
4030
5817
5260
2416
1186
1834
1682
778
-242
-1999
-2995
-2143
-2030
-3655
-4520
-4055
-3937
-3912
-3233
-3090
-3388
-2576
-1458
-1225
-895
-45
407
638
1374
1916
1935
2260
2455
2103
2176
2594
2308
1617
1323
1048
442
78
-154
-684
-1029
-1047
-1406
-2128
-2505
-2140
-1192
-811
-1884
-2778
-1894
-566
309
1219
963
-435
307
3265
4332
3261
2975
3178
3143
4298
5114
3262
1592
2354
2861
1867
1030
-46
-1396
-988
-123
-1355
-3016
-3072
-2814
-2971
-2668
-2581
-3305
-3266
-2382
-2272
-2230
-1486
-1214
-1402
-1013
-445
-104
531
989
509
243
1027
1621
1452
1106
683
400
760
1072
530
-61
-161
-387
-695
-761
-1113
-1606
-1551
-1462
-1836
-1708
-1002
-911
-1169
-924
-447
6
703
1036
738
931
1831
2369
2324
2260
2245
2396
2819
2818
2157
1713
1769
1708
1390
1011
433
-159
-382
-524
-987
-1438
-1627
-1913
-2371
-2460
-2301
-2340
-2368
-2334
-2327
-2134
-1705
-1377
-1266
-1137
-907
-615
-148
218
150
173
599
898
933
1021
1022
829
822
935
652
281
347
331
5
-60
103
81
57
143
-7
-159
131
521
487
358
487
623
783
1070
1106
955
1122
1406
1439
1309
1275
1314
1367
1384
1197
885
661
544
414
217
-158
-599
-822
-903
-1085
-1325
-1504
-1643
-1748
-1777
-1713
-1606
-1560
-1556
-1514
-1449
-1221
-846
-631
-587
-430
-170
53
333
538
522
514
652
675
600
637
671
581
584
739
788
773
762
611
526
701
789
658
561
555
554
640
762
630
386
424
578
559
467
384
323
392
533
420
122
-41
-117
-210
-275
-479
-834
-985
-909
-966
-1194
-1374
-1446
-1472
-1400
-1340
-1426
-1465
-1353
-1280
-1303
-1237
-1021
-801
-699
-584
-438
-338
-204
21
162
102
91
206
241
243
352
440
463
513
578
644
741
803
775
755
792
870
944
962
884
826
906
913
819
735
693
664
757
765
540
437
532
576
380
170
71
14
9
-80
-367
-618
-559
-454
-537
-739
-890
-915
-788
-637
-680
-790
-760
-591
-500
-530
-502
-367
-210
-108
-67
-51
-35
-18
78
181
101
-39
-41
31
56
49
81
105
121
207
272
284
321
365
376
401
499
574
566
603
648
599
590
690
722
664
669
722
662
595
626
593
412
298
278
154
-7
-149
-343
-543
-577
-543
-707
-935
-1033
-1054
-1064
-990
-938
-1012
-995
-852
-760
-712
-604
-472
-370
-259
-135
-89
-76
-36
18
22
40
80
37
-71
-110
-45
9
38
34
-18
-46
56
212
222
134
86
160
328
459
425
342
364
456
546
616
622
599
656
753
768
703
694
662
526
438
382
192
11
-44
-159
-365
-465
-506
-676
-777
-762
-803
-886
-851
-758
-762
-731
-637
-576
-501
-385
-307
-250
-150
-23
36
85
93
59
101
175
151
38
-2
45
60
49
63
51
33
84
152
163
155
180
225
267
298
304
303
344
393
411
428
489
570
646
704
712
695
693
666
613
561
447
290
174
93
-2
-80
-142
-277
-457
-538
-552
-590
-607
-587
-624
-643
-554
-469
-434
-367
-295
-276
-237
-102
2
14
65
78
26
19
92
85
-16
-40
-45
-92
-83
-61
-111
-147
-139
-127
-119
-111
-152
-143
-52
14
13
32
94
150
209
277
311
346
456
531
534
509
501
466
444
442
370
201
68
0
-79
-131
-179
-306
-489
-565
-564
-583
-569
-558
-592
-623
-544
-468
-432
-347
-272
-259
-238
-152
-79
-46
-12
29
-16
-28
14
4
-23
-10
2
-21
-25
-10
-16
-11
50
73
48
52
101
151
218
273
290
323
358
404
454
490
494
526
590
632
626
602
554
478
450
417
337
217
117
19
-66
-87
-140
-272
-396
-450
-471
-464
-467
-491
-512
-490
-466
-433
-365
-304
-262
-218
-170
-139
-92
-63
-44
-60
-49
-54
-73
-99
-144
-148
-102
-65
-88
-145
-154
-94
-45
-41
-75
-107
-73
4
92
134
124
152
242
331
377
385
403
462
548
606
600
585
589
601
585
540
456
384
338
281
197
114
45
-20
-87
-191
-284
-279
-252
-287
-323
-368
-386
-361
-291
-275
-338
-365
-318
-273
-243
-243
-287
-330
-317
-272
-276
-335
-393
-407
-366
-286
-288
-377
-437
-388
-323
-268
-254
-288
-302
-214
-81
-63
-76
-49
14
90
181
227
231
280
375
457
485
490
486
501
547
532
451
412
407
376
352
321
248
169
151
129
65
33
43
19
-7
10
-2
-49
-24
39
22
-19
-36
-39
-52
-55
-72
-120
-129
-112
-104
-129
-162
-204
-217
-155
-136
-208
-258
-241
-220
-196
-167
-193
-245
-197
-97
-58
-58
-47
-40
-12
79
137
141
154
196
234
287
309
261
233
269
271
198
162
136
72
62
82
19
-66
-104
-115
-133
-134
-113
-146
-179
-153
-148
-166
-176
-161
-138
-143
-132
-92
-73
-68
-59
-28
10
48
59
46
40
41
67
111
137
112
80
107
140
135
110
79
57
80
116
115
102
93
115
158
189
193
188
221
244
239
251
248
203
196
189
153
103
64
18
-54
-102
-129
-177
-238
-294
-364
-394
-367
-362
-391
-420
-434
-438
-444
-424
-402
-408
-415
-408
-388
-353
-320
-309
-311
-302
-262
-206
-164
-171
-177
-121
-50
-22
-34
-34
-9
49
97
91
78
103
169
242
259
236
242
311
398
416
396
412
464
505
544
562
534
517
552
559
527
496
475
431
372
332
283
264
244
189
111
97
103
70
25
-27
-76
-110
-147
-181
-210
-252
-292
-318
-335
-362
-363
-354
-382
-421
-414
-380
-367
-381
-385
-368
-325
-283
-276
-258
-211
-150
-105
-83
-82
-82
-27
38
51
35
36
76
126
148
147
131
150
203
231
247
238
218
224
251
240
223
219
200
178
173
171
151
139
121
98
92
115
109
77
63
58
52
44
12
-32
-74
-119
-158
-196
-232
-282
-310
-315
-342
-362
-349
-337
-350
-350
-321
-285
-259
-241
-217
-193
-142
-113
-100
-86
-82
-61
-20
7
-24
-49
-31
-1
1
-13
-24
-33
-21
12
36
20
20
28
65
86
89
76
60
66
78
96
89
95
90
113
155
182
206
220
226
224
235
246
248
226
201
162
117
98
95
46
-16
-35
-56
-79
-86
-76
-104
-118
-71
-41
-45
-32
7
46
91
140
176
188
227
270
290
286
275
269
270
263
242
216
181
161
148
128
98
72
53
37
14
-38
-44
-65
-97
-134
-157
-153
-151
-159
-174
-171
-132
-79
-62
-68
-72
-68
-63
-32
-28
-37
-49
-88
-105
-137
-171
-208
-259
-292
-310
-343
-379
-372
-370
-378
-361
-324
-326
-333
-285
-250
-243
-195
-148
-132
-102
-21
39
55
70
122
159
183
199
189
205
191
230
265
263
243
228
238
208
212
225
211
175
175
148
132
155
120
71
56
73
61
37
60
67
29
28
29
9
6
-30
-78
-116
-157
-191
-240
-259
-279
-307
-318
-328
-363
-373
-360
-322
-304
-317
-300
-269
-211
-183
-147
-107
-85
-74
11
77
76
80
100
139
155
199
213
175
168
224
248
253
259
269
283
303
339
350
323
328
362
366
367
373
374
358
382
402
374
348
338
342
317
296
278
223
194
174
146
97
52
8
-28
-71
-105
-148
-213
-254
-280
-327
-351
-340
-333
-319
-316
-313
-322
-338
-306
-285
-290
-286
-265
-218
-199
-204
-203
-173
-170
-156
-144
-147
-166
-145
-96
-86
-64
-44
-25
-30
5
29
19
36
56
63
100
141
135
127
160
184
180
174
162
124
109
151
143
90
53
17
12
34
-7
-54
-119
-129
-109
-121
-150
-196
-208
-200
-183
-158
-135
-149
-126
-97
-131
-149
-125
-95
-81
-72
-33
-46
-47
-47
-43
-55
-49
-42
-79
-73
-56
-13
-27
-14
-24
-14
-2
12
30
15
45
45
82
87
100
103
110
146
205
224
257
275
217
175
124
143
150
135
120
104
102
178
114
243
196
-15
-71
-407
-536
-775
-687
-427
-405
-73
108
163
283
248
168
20
-174
-227
-290
-202
-10
188
461
698
817
819
748
606
355
211
75
21
97
192
365
418
504
497
450
326
153
-30
-130
-71
-24
127
217
319
393
349
299
163
15
-87
-132
-136
-127
-87
-5
3
-5
-17
-76
-246
-355
-461
-544
-584
-586
-551
-555
-552
-546
-505
-585
-626
-742
-774
-771
-765
-662
-591
-472
-356
-252
-204
-186
-182
-161
-133
-102
-84
-26
28
58
137
201
276
318
295
296
264
278
305
233
220
182
243
247
293
206
154
171
168
189
161
162
147
234
259
225
202
194
141
138
94
65
-19
42
95
109
103
81
45
-10
-47
-105
-206
-132
-83
-231
43
-143
55
-92
-163
-91
-543
-243
-449
-433
-344
-331
-135
-44
63
140
68
30
-1
-145
-83
-126
-67
2
196
289
535
638
712
754
576
659
227
198
-26
-191
-110
-225
-42
-35
61
210
244
206
124
-14
-63
-172
-100
-133
-79
12
80
311
260
387
325
235
249
127
189
127
76
126
4
49
48
64
1
-114
-128
-258
-238
-262
-118
-159
-103
28
66
169
71
147
15
-42
-64
-83
-112
-221
-79
-45
78
187
135
169
190
50
17
-67
-245
-168
-426
-234
-159
-196
87
-110
138
-115
-49
-221
-302
-134
-592
-293
-281
-305
-147
-495
84
-257
-797
139
-530
-231
-497
-580
-18
-945
-218
-224
-302
-357
-522
-137
-420
-538
-172
-229
-273
-73
-10
158
127
162
74
-72
312
241
181
551
388
260
442
722
702
238
697
491
-22
478
237
174
589
168
522
91
322
743
-405
892
227
-341
373
64
82
-158
348
519
4
250
558
70
-248
245
327
-201
142
317
-59
151
-609
269
-70
-626
479
-772
-183
-588
-922
12
-803
-124
-313
-400
-17
-664
14
-385
-53
87
-752
686
-419
240
396
33
1576
-610
1243
504
-509
760
-90
715
184
415
739
-201
425
800
-325
546
412
-157
103
-217
373
-214
-263
682
-142
-80
689
-227
125
-46
-2
357
-438
637
-414
-364
481
-258
137
-429
-83
-749
-557
-172
-691
-463
-611
-285
-1004
-284
-968
-944
-515
-675
-487
-1025
-341
-609
-608
-160
-348
70
-570
147
-142
-94
141
-461
585
-88
408
94
552
153
144
133
109
666
-591
534
274
-160
681
-240
277
434
-599
165
71
211
-312
66
583
205
-110
501
539
24
400
20
747
7
31
256
434
53
-222
583
187
-264
-226
278
-699
183
-561
55
-365
-681
74
-809
387
-465
77
-481
423
-128
-98
440
-317
638
-248
816
-333
933
-367
437
833
372
446
-161
1127
-116
233
268
838
-725
667
107
150
-39
-155
741
-374
359
374
-220
101
457
-575
1054
-574
469
366
-738
1070
-569
240
644
-1000
1015
-335
-576
863
-1076
172
-602
102
-879
-286
-116
-990
297
-946
5
-650
-685
707
-1489
541
-220
-826
873
-1072
767
-423
-230
873
-1026
1025
-80
-431
1010
-730
1047
-484
139
654
-704
434
-166
375
-651
220
-630
609
-996
-34
421
-802
468
-889
634
-679
-504
470
-652
455
-24
-513
1320
-1392
409
-173
-203
673
-985
524
-528
-805
170
-578
3
-126
-747
135
-1318
346
-814
-9
-414
206
5
-969
956
-521
131
-133
721
114
125
251
939
-181
443
1051
-316
1110
82
454
514
225
847
196
-84
1359
-935
860
146
138
632
-1194
1473
-74
-714
907
-43
35
29
180
650
-638
477
502
-367
543
-5
180
329
-294
761
-765
612
-70
-497
498
-1120
569
-751
-192
271
-1196
187
-371
-725
203
-733
517
-1042
159
567
-1296
888
62
-316
257
-120
547
-439
170
1010
-815
771
391
-16
723
-666
1211
-945
791
162
-383
1092
-1241
844
-233
9
597
-345
170
187
-670
731
-318
-69
269
-451
887
-658
-37
459
-632
188
308
-579
524
-1079
-64
107
-1280
380
-506
-653
307
-1057
51
-384
-1016
635
-1629
536
-928
-595
377
-1319
940
-1495
475
-86
-1042
1366
-1231
812
-308
-508
1195
-1421
872
-98
-511
954
-344
442
-77
182
-119
253
169
229
-163
199
603
-475
396
658
-767
697
195
63
735
-410
828
-59
-247
734
-158
427
212
319
-15
230
-42
30
746
-1115
1402
-776
35
729
-1239
1065
-1194
808
-374
-101
-162
220
-306
-2
698
-1142
1271
-1573
1143
-230
-502
1164
-1152
1032
-776
308
416
-386
853
-566
644
-344
104
377
-422
1083
-1018
744
-66
-262
343
209
-169
599
-113
-4
557
-828
1793
-1847
1587
-547
-180
851
-597
1180
-1032
933
-500
220
-93
-396
463
-775
435
-677
151
-27
-537
394
-817
272
-712
88
162
-203
-359
26
-31
-523
570
-886
871
-1083
440
92
-563
575
-458
517
-448
417
-409
0
-110
-216
172
-490
528
-624
144
94
-218
241
-131
322
-439
139
-151
27
-14
-373
511
-555
739
-607
323
127
-410
340
-202
446
-694
23
61
-41
-770
477
-278
-689
506
-810
540
-856
-343
706
-1710
1093
-907
-192
379
-1286
1215
-1443
622
-446
-60
-77
-258
384
-138
38
19
641
-700
886
-611
1117
-566
239
868
-686
1426
-721
933
693
-870
1294
-341
184
654
-473
1046
-304
122
796
-401
672
834
-681
1259
-629
587
256
-215
1095
-818
935
-433
580
-536
1023
-674
352
103
-371
702
-1305
1430
-1385
583
-163
11
92
-511
280
-609
-42
-39
8
-530
321
-395
-475
452
-209
-396
691
-921
479
-516
98
362
-940
1253
-840
348
204
-282
427
-569
667
-679
415
60
-281
412
-369
544
-699
1048
-332
-380
930
-1307
1324
-1311
898
-104
-993
1457
-1194
546
-398
273
-400
121
-105
-172
86
-893
997
-1293
633
-73
-683
468
-432
-441
372
-537
210
-383
-447
812
-1839
1367
-617
-436
390
-498
247
-833
81
885
-1221
322
316
-641
445
-560
999
-582
-238
1008
-966
430
327
-904
950
-533
35
244
-239
456
-287
-198
698
-492
-228
1194
-1578
1271
-1011
777
36
-369
916
-299
122
109
713
-865
1085
-729
821
-800
665
220
-386
313
500
-347
48
597
-329
343
-445
650
-300
-297
137
406
-609
279
109
-58
6
204
-256
355
-467
528
-252
-301
1039
-1401
1090
-428
703
-668
566
131
-321
239
437
148
-441
1223
-1157
756
175
-73
299
110
107
137
-554
1377
-975
344
834
-1212
1022
-902
924
-540
212
127
-133
-358
565
-461
-141
677
-1166
946
-870
384
-294
-378
796
-765
-462
926
-1004
-187
191
-447
187
-1053
991
-840
-383
347
-59
-633
481
-432
10
-594
838
-687
-51
-10
293
-219
-644
1503
-1527
1536
-1384
1512
-1541
1206
-1148
1023
-623
-456
1652
-2752
2995
-2839
1477
-981
276
-292
-608
906
-1267
544
-559
245
-656
32
562
-784
-434
1143
-1835
1407
-442
-220
559
-1388
1501
-1511
1071
-115
-450
845
-933
1042
-1016
1454
-1004
563
271
-600
938
-1345
2135
-2143
2455
-1628
1389
-358
-161
1495
-1972
2966
-2493
2086
-878
318
567
-526
1101
-469
634
253
30
-170
1350
-1437
1079
-316
305
-317
-168
1105
-1091
507
409
-5
-562
543
91
-813
477
120
-436
-12
479
-120
-274
150
957
-1540
982
61
-642
575
-921
1375
-1621
808
278
-143
-214
436
-85
-563
558
-812
1325
-1655
649
594
-1456
1239
-887
1126
-852
-395
1078
-1163
270
-112
334
-958
757
-480
-134
246
-418
203
-375
397
-402
-509
490
-291
-615
866
-714
267
-603
453
-77
-744
1282
-1020
-96
421
-390
-42
39
362
-449
149
-259
756
-1609
1107
-60
-554
593
-570
936
-1455
876
-139
-108
-382
1089
-875
-192
395
-70
-244
-200
1172
-1522
1073
-750
698
-815
383
437
-564
304
-180
289
-433
467
-111
-5
400
-613
589
-692
538
-198
17
521
-867
709
-586
666
-763
785
-458
398
-574
482
-63
-504
709
-461
824
-1357
1578
-1170
539
-247
493
59
-520
549
-161
141
-50
889
-927
940
-662
411
634
-1136
1393
-786
431
221
-254
862
-1211
1872
-1665
1495
-760
-67
1144
-2101
2822
-2227
1453
-396
-388
1044
-1254
1214
-779
954
-1189
591
308
-1075
1382
-819
604
-266
-385
310
-150
7
376
-572
303
-120
-720
1449
-1434
1273
-825
219
210
-730
1109
-1500
1599
-1314
875
-836
694
-753
209
-45
-53
358
-1068
1078
-1793
1424
-1157
787
-649
37
-143
-860
1500
-1610
761
-235
-564
958
-1852
2012
-1810
750
326
-1175
1573
-1594
1371
-877
160
205
-469
556
111
-853
892
-1062
428
242
-575
879
-903
685
-473
-94
851
-1346
1035
-119
-1037
1624
-2441
2596
-1905
164
1800
-2440
1632
-137
-1022
1012
-514
112
700
-1537
1846
-1345
-54
1334
-897
333
124
-138
81
-331
143
621
-640
352
208
-281
514
-328
487
-268
-4
-87
441
-395
30
1078
-1909
2538
-1522
594
238
-535
901
-1077
869
-374
325
-940
1754
-1489
949
-406
459
336
-1274
1865
-1656
941
-722
815
-145
-152
206
-10
160
-538
1033
-901
1020
-1222
573
376
-711
798
-756
1193
-1050
601
-18
-271
526
-923
1055
-715
207
23
203
-83
332
-637
442
618
-1594
2195
-2141
1719
-1556
814
408
-1568
2307
-2017
1644
-1448
794
-123
-419
-31
438
-627
-276
779
-1342
1354
-1607
1346
-1099
187
45
-572
366
-802
770
-1175
567
-219
-11
130
-762
803
-534
-274
126
183
-445
-103
-176
707
-958
297
579
-1030
744
-679
638
-829
705
-703
524
-163
-223
312
-647
955
-779
747
-590
732
-850
1053
-750
353
392
-819
1210
-894
702
-724
371
341
337
-822
798
-50
-637
1002
-516
509
-556
70
1261
-1510
963
80
-910
944
-287
121
-306
249
449
-750
484
193
-906
598
418
-537
144
138
-314
-75
182
90
-262
272
-1
-181
275
-371
188
442
-754
662
-63
-48
5
-42
-120
884
-904
1140
-196
-963
1586
-1509
1758
-1226
263
1177
-1603
1257
-163
-615
649
-201
595
-412
-656
1202
-893
-199
835
-383
-362
219
243
-290
-266
332
123
-431
164
598
-840
401
15
-75
-234
44
807
-1452
1276
-849
762
-342
-794
1277
-1005
335
206
-161
-528
676
-1095
1045
-277
-535
532
-661
776
-1151
566
132
-435
-182
249
297
-1245
1106
-482
-111
129
-109
151
-532
115
-275
434
-608
22
191
-329
-163
-90
136
-101
-443
175
408
-894
341
-130
149
-103
-615
1020
-471
-339
647
-419
300
-365
504
-32
-327
327
-201
329
-364
634
-62
-262
420
-207
-69
491
-244
370
-384
56
542
-576
419
-46
35
233
64
163
89
-486
769
-304
136
123
-102
301
-500
1086
-732
384
-185
323
-218
-62
525
-726
708
-681
741
-422
-28
219
-115
129
-196
430
-535
156
-260
758
-558
-219
690
-714
585
-447
525
-65
-530
606
-266
273
-298
151
326
-554
118
400
-376
440
-367
67
173
-386
553
-318
-117
229
82
-456
350
-198
-84
407
-661
709
-620
108
341
-238
381
-636
344
150
-166
-195
313
-83
-218
255
-127
97
-250
227
-121
137
-441
187
39
-336
375
-475
314
-229
-227
323
-311
24
-163
-109
51
-144
-213
254
-323
-213
227
-48
-119
-4
-119
-108
-108
-66
227
-366
39
5
-362
402
-180
36
95
-183
118
-174
260
-118
-74
144
-252
333
-20
-161
318
-199
201
-29
-36
349
-268
181
130
-186
136
5
32
180
-175
90
36
-107
108
-131
110
8
-4
-84
33
-201
265
-57
-68
188
-423
382
-268
350
-134
-120
301
-287
335
-63
80
76
-2
50
112
33
120
-34
52
147
-163
314
-11
124
76
-258
396
-71
116
91
-15
186
-245
247
216
-175
116
75
-31
242
-166
256
-34
-22
70
-123
297
-178
31
5
-82
51
-102
37
60
-181
-15
-27
-74
84
-231
81
-53
-171
144
-179
-8
-26
-182
40
-56
-61
-12
-185
115
-64
-141
67
-112
-74
-88
54
-150
-36
-122
-30
-14
-125
11
-120
-55
-21
-45
-50
-42
-82
-57
18
-62
-13
-26
-46
26
-34
26
-67
25
-30
-13
39
-75
58
-69
25
3
-52
4
5
-39
41
-17
12
-10
-44
77
-20
-47
76
2
-56
144
-88
127
-40
17
57
1
37
-43
99
-30
32
10
30
33
-70
80
21
-35
6
10
8
-35
80
-102
111
-67
15
45
-3
70
-16
83
58
70
-44
188
-79
157
-15
101
45
32
62
41
98
-43
134
-34
97
15
73
10
42
73
13
28
55
10
-7
32
55
9
42
-16
55
11
12
67
-18
96
-85
130
-51
68
-25
48
18
23
41
-1
45
-12
59
-38
69
-48
59
-25
5
2
-29
0
-59
14
-105
-19
-35
-68
-44
-95
-25
-117
-30
-95
-82
-74
-81
-58
-79
-78
-112
-29
-136
-74
-96
-87
-26
-167
-7
-79
-111
-16
-98
-45
-72
-83
-41
-57
-78
-36
-84
13
-108
-25
-18
-23
-25
-33
14
-15
24
13
41
8
40
33
55
45
54
63
38
75
37
71
48
52
105
5
141
29
85
60
78
58
25
86
0
72
27
43
29
38
9
72
8
63
10
15
75
-21
42
31
-21
13
-24
17
-7
-9
-14
3
-1
-30
7
-33
2
-68
16
-28
4
-24
14
-8
-6
19
-27
50
-55
32
7
3
-12
22
1
4
17
10
27
-32
73
-24
20
14
2
31
16
30
22
45
20
21
25
46
-16
30
40
30
18
24
72
-46
43
23
37
8
24
49
6
20
30
1
-12
-5
-6
-7
-41
-35
3
-83
22
-70
-44
-39
-74
-11
-93
18
-131
-8
-63
-53
-66
-81
-43
-73
-39
-72
-36
-92
-3
-105
-29
-72
-50
-39
-68
5
-90
-12
-46
-11
-18
-47
6
-6
-8
-9
15
-38
41
-9
24
16
-25
65
-70
73
-23
11
-16
10
26
-20
43
-19
62
-45
68
-9
37
24
20
69
17
43
24
48
-10
32
26
38
4
17
18
6
31
16
44
18
17
30
41
23
22
23
15
8
-3
35
-2
11
40
4
47
31
19
25
16
0
27
-4
5
8
6
18
17
8
12
19
6
38
10
16
2
-6
21
-16
-5
-28
26
-29
19
9
-2
22
9
26
5
19
-5
21
-9
31
8
-1
19
13
-4
3
3
-10
5
-29
24
-13
-8
-2
5
-21
14
-10
-12
10
6
23
-22
14
-7
-27
19
-12
5
-36
14
-27
-20
15
-36
1
-53
-5
-60
-26
-53
-27
-47
-50
-25
-59
-43
-67
-29
-79
-42
-54
-36
-56
-43
-33
-67
-38
-37
-62
-47
-33
-35
-53
-29
-26
-40
-37
-24
-11
-38
-11
5
-1
4
10
-6
43
-25
21
29
11
36
5
51
13
46
-3
70
7
45
37
38
65
13
85
30
56
29
48
61
54
79
46
71
51
45
51
51
24
46
37
33
37
30
27
17
39
13
28
36
9
17
-2
31
-6
5
0
-13
-18
13
6
-19
26
-26
25
-40
-11
-13
-41
-17
-11
-7
-30
2
-22
-1
-41
-6
-10
-41
2
-36
-17
-9
-25
6
-16
9
-17
-10
13
-23
1
-11
-14
-20
-36
-10
-19
-41
7
-3
3
21
-6
50
-21
0
-7
3
-37
-18
4
-29
-1
-24
25
-4
-4
9
9
17
14
-2
9
21
-9
9
12
1
-16
-19
8
2
-30
-26
-13
-27
-58
-26
-33
-38
-61
-13
-15
-9
-43
-12
-29
-52
-29
-35
-25
-59
-15
-40
-1
-56
25
-42
15
-27
-6
33
-47
27
-37
1
-32
-22
-11
-13
-45
-13
-22
-39
-27
-38
11
-46
-23
-36
-29
-41
-37
-25
-47
-19
-41
-23
-58
-16
10
-4
28
32
93
21
96
77
112
62
162
135
99
134
71
187
92
165
119
178
128
172
122
105
133
6
111
22
90
51
45
72
62
49
35
58
15
26
-4
52
-30
-25
2
-47
-28
-74
-46
-47
-111
-37
-104
-47
-55
-112
-49
-104
-81
-38
-75
-38
-48
-80
4
-69
-8
-34
6
0
-12
1
78
-9
1
56
33
43
14
70
10
11
9
39
-30
-56
-20
-17
-71
-95
-74
-73
-99
-106
-78
-100
-95
-112
-60
-128
-87
-88
-98
-72
-99
-29
-46
-103
-23
-22
-37
-4
-29
45
-53
40
57
2
-10
-28
21
-12
-53
-6
10
-29
-33
-26
-12
41
-63
23
-3
-62
58
7
45
-23
32
40
16
-6
-4
31
-13
28
-34
-52
-45
-13
-30
-33
-4
4
-74
-69
22
-56
-24
6
64
39
48
156
94
154
102
163
137
143
191
73
159
166
186
128
216
172
174
153
180
222
107
241
155
133
140
204
138
37
172
92
89
42
136
53
-4
80
46
-20
-2
45
18
-19
20
-30
-139
-12
-19
-132
-114
-81
-15
-240
-140
-117
-148
-154
-204
-90
-175
-89
-165
-140
-162
-74
-103
-131
-92
-65
-28
-96
7
59
62
944
1287
-459
-1408
-1042
-424
-707
-398
44
-1199
-1951
-544
110
-627
-14
-60
-247
-949
-639
170
-565
-271
717
401
809
1064
510
1299
702
1139
944
100
868
131
374
832
-414
-129
-586
-62
914
-1325
237
-37
-1776
-187
-800
718
50
-1100
1501
-545
-473
411
742
741
-958
787
1724
84
-639
1610
1314
-529
-434
1360
630
-367
-249
623
-1347
-2449
1776
655
-1329
-358
1060
-1075
-2154
358
421
-1722
-311
2133
-846
-2069
943
1015
-1602
1272
1158
-54
-847
1335
1499
-3262
1303
2115
-1627
-650
1698
829
-1800
-1461
2282
-750
-2300
2071
256
-1597
-1216
602
253
-266
-217
-1044
600
562
-859
-365
1908
566
-1693
1167
2961
-1049
-2892
2799
1926
-1648
241
1262
648
-1728
1574
1970
-2175
-295
1110
10
-48
-19
-28
-1966
224
2689
-2465
-1110
1985
158
-2475
-665
2060
-550
-1692
714
1694
-2415
-1010
2313
-516
-209
-638
190
1471
-1926
835
440
-209
145
-1599
1133
656
-1019
-100
83
249
-557
-1205
1538
-525
-921
278
268
-400
-1116
1474
498
-1937
-407
2270
-959
-669
645
171
-593
-777
2565
-636
-1239
1185
1143
-344
-1679
861
448
-276
780
-119
55
-507
-329
510
623
-196
-262
1079
334
-898
-1740
675
505
-603
101
221
678
-746
-1389
605
708
-995
-94
1697
1428
-3246
-1589
2913
-56
-1709
1640
2639
-1427
-2543
1401
1327
-1934
487
2252
312
-1459
-1494
864
928
-1694
276
1886
656
-1924
-2580
2016
272
-1325
483
1338
152
-2795
-417
1931
-573
-1459
1524
1839
-1033
-2099
1661
1402
-1760
-150
2083
1155
-2168
223
1774
-1252
-402
1047
1187
-1364
-222
1842
-1472
-163
496
107
227
358
521
-1062
140
1117
-735
-338
1084
-3
-21
420
425
-999
-137
1103
-513
-514
985
545
-396
-510
226
46
-725
807
429
-74
-40
-266
-275
-668
-336
-68
440
413
-446
-1194
-165
-157
-886
4
73
-275
-499
144
-53
-736
160
132
-265
-56
31
38
-57
48
68
-723
-404
79
182
-83
-218
670
-381
-9
64
-447
232
-137
37
-66
309
177
-881
-39
707
-318
-81
767
487
-1215
-192
1415
-97
-391
6
636
-180
-645
1604
321
-1042
388
443
191
-206
223
516
-788
-154
736
-125
-68
-265
-52
6
-866
-12
344
-670
167
261
37
-333
-815
300
99
80
383
412
271
-38
-70
424
39
114
759
271
47
-108
117
251
-130
-271
-44
236
225
55
-122
-382
-433
-216
422
-222
543
196
-423
439
-885
548
721
-54
345
-770
482
285
-90
895
-535
134
87
-33
544
-910
307
436
-235
124
-325
4
-284
-145
329
-87
53
286
-307
-347
-597
553
416
-330
346
-309
-297
-293
57
350
-133
-8
330
-547
-537
-127
277
670
-473
-63
249
-269
-207
-38
151
-135
154
361
-414
-480
-459
-37
264
49
-164
-586
-341
-307
-437
50
53
35
226
-118
-260
-553
43
8
-440
175
275
10
-460
-68
114
-350
-269
482
609
-245
91
469
-278
-106
-119
290
662
-223
444
147
-90
-3
-183
673
-171
18
277
-455
268
-203
-251
552
-147
-186
-116
-99
-83
76
388
283
205
-377
-273
294
-109
514
477
150
167
-548
139
-304
67
1016
-282
-180
325
-275
-196
-142
-153
149
-417
89
637
94
-219
140
591
-433
-511
863
316
-376
437
165
-462
-532
366
673
-592
73
645
-617
-793
457
453
-502
-187
702
-382
-711
744
737
-160
-186
677
-36
-636
288
631
129
-78
482
246
-516
-201
312
320
46
318
271
-242
-346
-204
180
-114
35
44
-58
-233
-481
36
39
-396
-103
261
-250
-148
-115
-242
-152
-231
-2
-41
-537
-112
-152
-316
84
-498
-87
-314
-502
16
-388
-195
-240
-283
-291
-292
-240
-366
-111
-16
91
-69
-38
-26
153
41
-83
626
-65
39
543
314
-15
-194
65
-109
38
431
202
-180
-21
92
-378
-189
630
-137
-217
493
34
-167
-245
384
566
-130
491
572
-342
-12
372
502
173
258
563
-118
129
38
53
427
201
115
113
81
-414
-424
203
-30
-82
388
40
-303
-277
148
379
109
404
145
-520
-90
170
-73
-12
216
142
-182
59
304
-415
-201
194
-366
-171
50
-70
-408
-158
175
-218
-310
-5
123
-146
41
364
-128
-531
137
102
-139
227
254
-10
-238
260
-4
-565
-101
187
-66
-4
369
202
-529
-529
177
120
-349
240
788
-225
-403
246
51
-372
76
714
200
-268
-12
-43
-169
-73
-55
221
-230
-303
283
146
-5
-107
7
61
-131
53
-6
-51
174
70
243
129
-268
-185
32
-6
-120
59
-89
-237
-166
-274
-286
-89
0
-89
98
-61
-365
-225
-88
-178
-157
117
177
-248
-228
61
-113
-357
57
326
-55
-149
138
183
-429
-111
271
-61
-76
112
145
-153
-326
68
75
-13
292
172
226
186
-13
103
194
212
257
70
411
55
-249
408
244
255
152
192
187
-401
-11
175
-127
75
-48
49
11
-81
205
-42
-119
50
47
188
152
70
21
-168
113
113
50
216
238
236
86
54
-27
-138
-93
20
145
31
-160
-5
-120
-250
-70
125
-71
-126
119
-55
-285
-92
-15
-185
-86
128
20
-265
-67
87
-45
-86
35
30
-208
-365
165
249
-41
161
-47
-297
-271
-38
295
228
255
166
-203
-162
-303
-83
414
264
140
77
-199
-260
-150
2
211
151
15
40
-217
-363
-165
21
121
125
185
-139
-224
84
-113
-252
163
164
-145
-140
-122
-173
-319
-42
305
29
-273
-236
-283
-382
-184
51
188
29
-81
-295
-355
21
-8
61
419
239
-165
-259
-69
51
-128
286
549
-9
-385
-122
79
-169
19
384
233
-231
-182
29
-172
62
260
180
71
-125
-91
38
49
1
50
202
147
-23
17
9
74
123
85
168
192
9
-47
169
152
-41
3
240
188
47
144
268
73
-111
171
337
-29
-110
229
76
-78
292
404
-16
-88
157
65
-139
141
278
-3
-28
28
-77
-278
-110
197
82
-93
-84
-143
-243
-142
-41
-72
-37
-18
-154
-133
-15
-55
-83
9
-13
-74
-68
36
55
-148
-189
-74
-56
-21
-65
41
86
-155
-104
-80
-158
-88
-101
0
124
-95
-169
-76
-102
-137
-63
166
233
51
-53
-61
-183
-214
-20
279
209
-23
-48
-146
-253
-159
118
207
57
-54
-17
-108
-86
52
146
114
-130
-21
-7
-166
-22
99
53
-42
-80
8
-61
-237
-81
107
-28
-193
-19
-3
-318
-237
242
253
-141
-46
79
-238
-289
131
256
37
-76
68
-16
-191
89
202
118
141
63
-82
-148
-52
90
107
164
259
29
-115
-25
48
117
166
208
159
37
-70
22
127
64
49
179
240
67
63
121
32
-68
70
238
112
104
140
22
-68
16
106
37
51
76
-4
-41
45
-4
-131
-43
99
113
12
54
63
-66
-60
109
88
-100
-59
-2
-75
-101
27
33
-15
20
-5
-88
-108
-60
-115
-69
-1
-31
-143
-124
-29
-8
25
62
89
-112
-215
-143
-78
-16
-19
-20
13
-30
-104
-40
-20
-38
-71
-2
69
-142
-256
-83
-7
-80
-48
63
52
-8
110
200
43
-91
-27
46
-14
54
91
-41
-84
-81
24
17
48
118
-72
-106
-72
-187
-140
-46
17
-6
-68
-47
-48
-80
-41
-18
-20
-16
-87
-82
-24
-40
-63
-55
37
-29
-134
8
95
-79
-127
-1
50
-81
-146
-2
-45
-128
22
129
40
-33
36
83
3
5
90
-10
20
116
16
14
118
76
12
61
184
121
8
129
148
-47
-11
259
247
75
129
257
96
-9
163
217
119
93
141
71
-35
-2
145
203
160
148
159
70
-30
-58
16
88
66
62
58
-21
-78
-48
67
87
9
33
15
-93
-111
-58
-29
-59
-55
52
-35
-95
-78
-146
-154
-149
-50
11
-83
-74
-10
-92
-127
-123
-105
-72
-100
-77
-85
-183
-229
-150
-24
-33
-51
-15
-74
-202
-138
34
-20
-77
-20
-34
-70
-75
-1
10
-25
31
52
10
-6
1
-10
17
50
65
2
-48
1
26
33
74
74
1
-74
-64
26
-15
-37
49
66
-36
-70
-10
8
-21
18
138
61
-89
-47
24
-35
-47
69
73
-26
-58
-34
-11
-6
33
68
37
-41
-93
-76
-17
-14
-4
76
27
-96
-87
-44
-43
-30
15
3
-43
-57
41
26
-33
41
15
-41
-24
36
28
27
66
36
-24
34
115
104
104
164
112
9
66
76
45
41
162
203
117
83
123
117
46
137
222
132
57
90
74
33
19
88
125
73
71
85
60
-1
-12
33
52
15
0
40
11
-54
-48
19
16
-18
41
53
-14
-89
-78
-77
-100
-49
13
-2
-78
-113
-136
-154
-119
-31
-12
-53
-118
-174
-221
-218
-136
-74
-46
-90
-136
-146
-156
-156
-118
-52
-84
-136
-102
-111
-167
-105
-13
12
-46
-79
-21
-30
-66
-30
3
-28
-56
0
31
-8
-13
66
69
-11
-3
24
36
48
61
83
68
12
25
45
54
99
125
136
121
59
44
50
48
62
82
126
100
28
13
24
-4
27
73
84
34
4
1
-17
-11
46
67
10
-8
-10
-22
-62
-56
-7
-1
-28
-11
-32
-82
-73
-53
-24
-18
-24
-20
-42
-62
-48
0
29
40
18
-3
-11
-2
30
44
66
63
53
59
38
38
74
85
82
59
65
56
13
36
64
49
41
59
66
52
56
91
67
13
7
43
65
44
49
52
7
-39
-11
18
1
32
53
34
-5
-41
-32
-21
-21
9
9
-9
-37
-69
-63
-25
-18
-8
5
-21
-68
-109
-72
-45
-34
-10
8
-52
-120
-115
-91
-72
-70
-45
-38
-102
-135
-94
-82
-77
-49
-19
-50
-85
-66
-50
-64
-71
-37
-38
-69
-86
-61
-20
-22
-2
35
21
-31
-51
-18
-8
-30
25
59
-2
-12
21
44
15
19
55
25
3
9
27
-8
-7
47
63
34
43
65
45
39
64
83
44
31
43
31
37
66
93
99
72
45
29
23
44
36
33
47
34
11
7
25
25
13
49
50
2
1
0
-1
-16
16
47
37
24
22
22
-6
5
21
22
12
2
0
-19
-21
-6
22
11
3
7
-18
-29
-29
-21
-7
-1
9
6
-15
-26
-12
-22
-16
-17
-8
-14
-33
-35
-35
-20
-15
-16
-16
-13
-27
-18
-29
-21
-20
-12
-1
-19
-30
-41
-34
-32
-21
-3
-10
-17
-16
-32
-30
-6
3
0
7
6
5
-20
-8
-3
3
-2
32
28
7
-2
0
7
-32
-20
-8
-2
-8
1
-4
-9
-30
-29
-29
-37
-36
-37
-12
-13
-11
-28
-26
-7
-23
-16
12
21
-7
-34
-20
-39
-43
9
56
49
23
21
8
-23
-7
27
26
23
23
23
-18
-26
-2
32
35
56
64
24
-6
-14
11
16
29
48
46
28
17
14
15
22
27
44
35
6
-10
-14
-1
18
23
39
9
-16
-11
-17
-12
-8
17
10
-12
-11
-19
-9
-4
26
32
13
8
-23
-15
2
4
9
12
-6
-13
-25
-14
1
5
9
7
-3
-28
-26
-9
4
4
9
17
-5
-13
-4
16
15
23
44
20
3
-1
6
7
9
7
5
-5
-17
-22
-19
-8
-7
-9
-14
-21
-27
-21
-17
-8
-8
4
5
-2
-1
-2
10
3
-1
-7
-23
-19
-6
-8
-6
-8
-9
-8
-14
-9
-12
-13
-22
-20
-13
-25
-22
-17
-11
-6
-3
7
-8
-13
-8
-8
-4
-7
-3
1
-8
-13
-15
-17
-8
-3
4
3
-13
-15
-16
-11
3
-7
6
7
-3
2
-1
0
4
5
12
15
14
18
17
21
25
30
28
19
18
12
24
27
35
37
28
21
18
21
14
12
11
20
7
5
9
6
10
15
17
13
9
7
6
-1
1
4
2
9
9
1
-6
-7
-3
-8
-6
-9
-12
-18
-21
-15
-13
-4
4
8
3
-2
-11
-12
-14
-15
-12
-9
-9
-1
-1
-2
0
-8
-5
-7
-5
-7
-6
-2
-9
-15
-5
-4
-7
4
4
6
3
8
5
-3
2
12
9
6
5
7
2
-4
2
4
2
6
9
4
-3
-8
2
-2
-2
1
5
1
-6
-10
-14
-16
-14
-11
-19
-17
-23
-26
-30
-33
-28
-20
-21
-12
-5
-8
-3
-15
-15
-16
-15
-13
-4
-4
-10
-7
-3
5
-1
7
5
-1
-2
-7
-11
-9
-3
-3
2
4
-1
1
1
12
10
5
15
14
14
15
26
24
28
31
32
29
20
23
16
12
13
20
14
20
23
21
24
21
23
24
19
12
12
0
1
2
-2
5
4
7
1
2
0
-6
2
6
4
-3
1
-3
-8
-7
-2
-5
-10
-4
-8
-8
-10
-7
-6
-2
-1
0
-5
-8
-5
-9
-7
-8
-6
-9
-8
-5
-9
-7
-2
-3
-6
-6
-7
-4
-4
6
2
4
12
5
2
-8
-10
-10
-10
-12
-8
-9
-7
-5
-8
-6
-1
-2
-2
-6
-7
-13
-12
-10
-11
-14
-9
-3
-8
-10
-10
-7
-11
-7
-5
-4
-11
-6
-3
-6
-5
-1
0
-1
-2
-2
-5
-3
5
4
4
5
6
3
4
8
3
2
1
1
-1
0
7
9
9
9
6
6
-2
1
-1
4
-1
2
5
1
2
0
4
-1
5
-2
1
-7
-5
1
-1
-4
-5
-2
-2
0
-2
2
1
7
6
8
5
10
13
14
13
6
10
4
5
10
8
11
10
12
4
4
2
8
8
12
17
14
13
13
15
14
21
20
28
20
20
19
12
12
13
11
10
11
6
12
7
11
12
5
4
5
-2
-6
-1
-3
-3
-6
-4
-6
-10
-8
-8
-13
-15
-11
-14
-17
-16
-20
-16
-19
-17
-19
-23
-21
-24
-26
-26
-27
-31
-27
-24
-24
-25
-23
-19
-21
-18
-15
-12
-10
-14
-13
-17
-17
-12
-12
-12
-10
-11
-10
-7
-11
-8
-10
-5
-3
-5
-2
-4
0
-1
0
1
0
2
3
4
7
9
8
13
13
9
10
10
12
14
16
18
15
20
16
16
11
11
7
4
8
9
9
9
15
15
19
14
18
18
13
12
6
8
3
3
4
6
10
8
12
13
15
10
14
11
10
8
7
11
6
12
10
5
8
4
1
-1
-1
0
-1
-3
2
1
1
7
4
3
3
3
1
5
3
3
1
1
1
-5
-3
0
2
-1
5
5
7
8
8
9
5
4
5
-3
-6
-6
-8
-10
-6
-8
-11
-10
-13
-10
-14
-11
-13
-16
-17
-12
-16
-14
-10
-7
-8
-8
-7
-11
-14
-17
-18
-21
-22
-20
-17
-19
-17
-21
-22
-24
-24
-23
-23
-21
-21
-21
-19
-13
-12
-7
-8
-4
-4
-4
-5
-6
-2
-6
-3
-2
1
3
3
3
1
2
7
6
5
8
8
9
7
13
13
11
12
15
14
9
10
13
10
10
17
18
13
14
18
16
17
19
22
20
19
21
23
17
17
18
15
12
10
11
8
8
8
11
8
6
5
3
1
-1
-1
-2
-5
-4
-2
-1
1
3
5
4
4
3
4
2
3
3
3
0
1
2
3
4
3
5
2
1
0
0
-2
-3
-3
0
0
0
1
0
-2
-5
-5
-8
-8
-5
-5
-4
-1
1
3
4
3
1
-2
0
-1
-6
-6
-5
-8
-11
-9
-12
-14
-11
-9
-7
-10
-8
-8
-10
-9
-9
-8
-11
-11
-11
-13
-14
-12
-13
-14
-12
-12
-13
-12
-10
-11
-11
-11
-8
-7
-8
-7
-7
-9
-7
-8
-10
-9
-10
-7
-6
-4
-4
-4
-1
1
2
5
5
7
2
4
2
-1
-2
-3
-2
-1
3
3
4
6
7
4
4
4
5
6
6
10
7
8
9
9
8
9
10
10
11
16
14
12
15
14
12
16
20
18
19
20
20
18
15
16
18
17
17
20
20
21
19
16
16
13
9
6
3
-1
-4
-4
-3
-4
-6
-8
-7
-11
-13
-14
-14
-12
-12
-10
-8
-8
-8
-6
-9
-10
-7
-8
-10
-8
-8
-11
-9
-9
-7
-8
-5
-3
1
0
0
0
0
-3
-4
-4
-3
-4
-4
-1
-2
1
0
0
0
-2
-3
-1
-3
-2
-2
0
-2
-3
0
-2
1
-1
3
-1
-1
4
2
-1
-1
-3
-2
-7
-5
-5
-5
-6
-7
-6
-8
-6
-7
-6
-7
-5
-7
-6
-7
-9
-6
-8
-6
-9
-9
-10
-9
-11
-11
-8
-8
-7
-7
-6
-4
-4
-4
-2
0
1
-1
1
1
0
-2
2
1
0
3
4
4
5
6
7
8
10
13
11
11
12
13
11
11
11
12
12
13
14
12
13
13
14
15
14
14
13
12
11
10
10
9
7
7
7
5
4
4
2
3
5
6
8
7
8
9
8
9
6
5
2
-2
-4
-5
-7
-8
-11
-10
-11
-13
-12
-12
-13
-15
-15
-15
-16
-16
-15
-15
-15
-15
-13
-13
-13
-11
-11
-9
-7
-6
-4
-7
-4
-3
-3
-1
1
2
0
1
3
3
3
4
7
7
5
8
11
11
10
12
13
10
11
13
13
14
11
11
9
8
7
3
3
4
3
5
5
8
6
6
4
2
-1
0
-1
-3
-2
-4
-6
-8
-8
-8
-8
-9
-6
-7
-6
-6
-6
-6
-8
-9
-11
-11
-12
-13
-12
-11
-13
-14
-12
-12
-13
-14
-13
-13
-13
-12
-12
-12
-12
-7
-7
-8
-5
-4
-5
-6
-4
-3
-2
-3
-3
-1
-2
-2
2
1
3
5
5
6
5
5
4
4
7
10
11
16
14
16
17
17
18
17
16
16
15
18
16
13
14
14
13
12
12
11
11
10
10
8
4
3
5
3
1
2
1
1
-2
-1
-3
-5
-3
-3
-5
-6
-6
-7
-7
-9
-9
-6
-4
-2
-1
-2
0
0
1
3
3
3
2
2
0
1
-1
-1
-1
0
0
0
1
3
3
1
3
2
3
5
8
6
5
8
7
6
4
5
5
4
3
4
4
3
4
2
3
1
-1
-1
-1
-3
-2
-6
-6
-3
-7
-7
-6
-7
-7
-8
-7
-7
-9
-11
-10
-11
-13
-15
-15
-15
-16
-15
-12
-13
-15
-12
-12
-9
-12
-11
-10
-10
-9
-9
-10
-10
-8
-7
-8
-8
-8
-9
-9
-9
-8
-10
-10
-7
-7
-9
-7
-5
-5
-3
-1
-1
0
-1
2
1
3
4
4
4
6
5
3
7
7
9
9
12
13
11
13
12
13
11
14
14
13
14
13
12
13
14
17
17
18
19
19
18
18
17
14
16
18
16
16
18
16
13
10
12
8
7
8
8
8
9
8
6
4
3
2
0
1
-1
0
0
0
-1
-2
-1
-3
-3
-3
-4
-4
-4
-3
-6
-5
-3
-7
-8
-6
-6
-9
-9
-5
-7
-7
-5
-5
-5
-7
-5
-5
-5
-6
-7
-6
-6
-8
-10
-9
-9
-7
-8
-5
-6
-8
-9
-9
-11
-12
-11
-11
-11
-10
-7
-8
-8
-4
-5
-6
-5
-3
-4
-2
0
-1
-2
0
0
-2
0
1
-2
-3
-3
-3
-7
-7
-8
-10
-10
-10
-9
-9
-8
-10
-9
-8
-8
-10
-11
-9
-11
-11
-8
-7
-9
-8
-4
-7
-5
-3
-1
-3
-2
-1
0
1
3
3
3
6
7
6
6
3
3
7
6
7
8
6
11
9
12
12
12
15
15
14
12
14
13
14
14
13
14
15
16
17
20
18
21
19
20
19
16
19
20
21
21
20
19
18
16
18
16
15
12
13
10
7
8
7
9
8
8
10
5
1
1
-2
-3
-2
-2
-3
-5
-6
-4
-6
-7
-6
-9
-9
-11
-11
-12
-12
-12
-15
-12
-13
-15
-16
-16
-17
-18
-17
-16
-17
-18
-15
-15
-16
-14
-14
-16
-17
-16
-16
-18
-17
-13
-12
-13
-12
-9
-9
-9
-7
-10
-11
-11
-8
-8
-10
-10
-9
-8
-10
-9
-8
-7
-8
-6
-6
-8
-9
-8
-8
-8
-8
-7
-7
-9
-6
-5
-6
-7
-7
-4
-2
-2
3
7
6
9
12
11
9
11
13
12
12
16
17
14
17
19
16
14
14
14
15
13
12
13
13
11
12
10
10
10
9
12
11
13
12
12
10
9
8
8
9
8
8
10
10
8
9
7
7
7
9
8
6
9
7
10
9
8
9
6
6
7
5
3
3
2
1
-1
0
-1
1
2
2
0
-2
-1
-3
-4
-4
-4
-3
-3
-4
-5
-6
-6
-4
-5
-6
-6
-7
-8
-7
-8
-9
-6
-8
-6
-6
-7
-6
-6
-8
-7
-6
-9
-6
-5
-6
-5
-3
-5
-4
-2
0
-3
-4
-2
-3
-5
-5
-4
-7
-7
-5
-3
-5
-5
-4
-5
-8
-10
-10
-12
-13
-13
-11
-10
-12
-9
-10
-10
-6
-7
-5
-5
-3
-3
-6
-5
-7
-8
-7
-6
-4
-5
-4
-5
-6
-4
-4
-3
-2
-1
2
2
1
2
2
1
1
-1
1
-2
-2
0
0
-1
-1
1
1
-1
1
4
4
5
8
10
10
9
13
15
12
15
15
12
12
12
13
12
12
14
14
12
15
15
14
15
17
16
14
12
11
10
8
11
12
9
11
10
9
9
7
7
6
4
2
4
3
3
3
3
2
0
4
0
0
-1
0
2
-1
-1
-1
-2
-3
-2
-4
-4
-3
-2
-4
-5
-3
-4
-3
-4
-4
-6
-7
-6
-6
-6
-6
-4
-5
-4
-4
-3
-5
-6
-7
-9
-8
-7
-5
-4
-4
-3
-4
-2
-5
-3
-5
-6
-6
-7
-8
-9
-9
-10
-11
-10
-8
-9
-9
-9
-11
-11
-14
-13
-12
-14
-10
-9
-9
-8
-7
-7
-9
-8
-9
-6
-8
-7
-8
-7
-7
-6
-5
-5
-2
-4
-2
-2
-2
-3
-2
0
0
-1
-1
2
0
3
3
3
1
1
3
3
3
4
6
6
8
8
9
8
10
14
15
14
14
14
15
12
11
10
11
10
10
13
12
12
14
15
13
11
10
8
7
6
6
6
6
4
4
4
3
4
5
3
1
4
2
0
1
2
3
3
3
4
2
4
6
7
6
6
4
4
3
2
4
5
6
3
3
2
0
0
-1
0
0
2
1
0
0
0
-1
-1
1
-1
0
-2
-1
-3
-2
0
1
2
1
2
3
3
1
0
-1
-3
-3
-7
-8
-8
-9
-10
-11
-11
-12
-13
-14
-17
-18
-17
-20
-21
-21
-18
-16
-15
-10
-13
-10
-9
-8
-9
-8
-8
-7
-5
-5
-4
-6
-6
-5
-8
-10
-11
-13
-13
-13
-13
-11
-13
-11
-11
-10
-7
-5
-3
-1
-1
-1
0
-3
-2
-2
-1
1
5
6
6
5
7
7
4
6
4
5
5
7
6
6
6
8
11
9
12
13
15
16
14
16
14
12
13
14
13
13
14
14
13
11
10
9
8
8
7
8
7
7
10
10
11
11
11
12
11
11
9
9
8
9
7
8
7
7
9
9
9
7
6
5
4
0
-1
0
-2
1
-1
1
1
2
4
3
1
2
3
0
-1
0
-1
-2
1
0
-2
-1
-3
-3
-5
-6
-7
-8
-7
-10
-9
-11
-9
-12
-13
-13
-14
-13
-16
-13
-13
-13
-12
-10
-10
-12
-10
-10
-12
-10
-10
-10
-10
-9
-5
-6
-7
-8
-7
-8
-7
-7
-10
-11
-9
-8
-8
-9
-7
-5
-5
-6
-7
-7
-9
-8
-8
-8
-8
-9
-8
-9
-9
-7
-9
-11
-10
-10
-8
-7
-9
-5
-4
-3
0
-1
-2
-2
0
2
3
3
3
3
5
6
6
6
10
11
12
14
14
14
15
14
15
14
14
15
14
14
18
18
19
21
19
19
20
18
20
21
21
23
21
23
21
21
18
16
14
11
10
8
10
8
7
4
2
1
1
-2
-2
-1
-2
0
-1
-4
-4
-5
-1
-3
-3
-1
-1
-3
-2
-3
-4
-5
-8
-6
-8
-9
-6
-7
-9
-7
-6
-8
-7
-9
-8
-7
-9
-7
-7
-9
-9
-11
-10
-11
-12
-13
-14
-13
-13
-12
-13
-12
-12
-8
-9
-10
-7
-5
-7
-5
-5
-4
-5
-4
-3
-2
-2
0
2
0
0
1
2
-2
-1
1
-1
0
0
0
1
-1
-1
-2
-3
-6
-6
-7
-6
-8
-9
-9
-11
-10
-12
-10
-10
-8
-8
-6
-5
-5
-3
-1
1
1
2
3
4
2
3
4
1
1
0
0
0
0
2
0
-2
1
-2
0
2
2
5
6
8
7
7
8
9
8
9
8
9
12
12
14
13
14
15
16
16
14
14
14
14
12
13
13
14
13
14
16
18
18
16
13
11
12
10
12
12
11
12
12
9
8
9
8
8
4
3
1
0
2
0
0
-1
-1
-6
-7
-7
-7
-8
-8
-9
-8
-12
-10
-11
-10
-12
-11
-11
-16
-16
-17
-17
-18
-18
-18
-17
-18
-18
-18
-18
-17
-16
-14
-11
-10
-12
-7
-7
-7
-5
-4
-2
-1
-2
-1
0
-1
2
1
1
2
1
5
5
5
3
2
-1
0
-1
-2
0
-2
-2
1
0
-1
-1
-3
-2
-2
-3
-2
1
2
3
1
1
0
-2
0
0
-3
-1
0
0
-2
-2
-2
-3
-3
-4
-5
-7
-7
-4
-4
-4
-2
-4
-3
-1
0
-1
1
1
2
1
5
4
2
1
3
2
0
4
1
3
2
1
-1
1
2
7
7
9
12
10
11
10
10
11
10
11
11
10
10
11
11
13
14
12
12
15
15
16
16
17
17
18
19
16
14
14
13
13
12
11
11
11
11
9
7
7
6
4
1
2
1
1
-1
0
0
-1
-4
-7
-8
-9
-13
-13
-14
-16
-17
-18
-17
-20
-22
-22
-24
-26
-24
-23
-22
-20
-18
-18
-17
-16
-15
-16
-18
-17
-17
-19
-19
-16
-17
-17
-15
-14
-13
-12
-11
-9
-7
-7
-5
-4
-3
1
1
3
6
6
7
8
9
9
9
9
8
10
9
8
7
8
7
6
9
7
6
7
6
6
5
7
6
7
7
6
8
6
10
8
10
9
7
9
8
7
6
8
7
6
7
6
4
4
4
2
2
1
0
1
1
0
1
0
1
0
0
-1
1
1
3
1
1
3
2
5
1
1
1
0
2
1
0
0
1
-1
1
-1
1
1
0
2
5
7
8
9
8
9
6
6
5
4
3
2
0
1
2
0
0
-3
-3
-3
-4
-3
-2
-3
-3
-2
-1
-3
-4
-2
-1
-1
-1
-1
-2
-4
-4
-4
-6
-7
-4
-5
-4
-5
-5
-5
-5
-7
-9
-9
-12
-10
-10
-8
-6
-8
-7
-7
-8
-10
-6
-7
-6
-4
-5
-4
-5
-7
-6
-6
-6
-5
-5
-3
-3
-3
-3
-2
0
-1
0
1
-1
1
0
0
1
1
2
1
4
5
4
4
5
5
4
5
6
7
5
5
4
5
4
3
4
2
1
1
1
4
4
5
6
3
4
5
5
2
2
1
2
0
1
2
3
5
6
6
4
6
4
2
1
1
-1
-2
-1
0
1
0
3
3
2
3
3
4
2
4
6
6
6
8
10
11
10
12
13
10
11
9
8
7
4
2
1
-2
-2
-3
-2
0
-3
-2
-1
-1
-4
-2
-3
-6
-5
-6
-5
-6
-2
-2
-3
-2
-1
-3
-6
-4
-2
-3
-4
-3
-2
-5
-3
-2
-3
-6
-5
-5
-7
-6
-5
-5
-7
-6
-9
-8
-10
-13
-12
-11
-11
-13
-12
-11
-13
-14
-13
-11
-10
-11
-8
-6
-8
-6
-8
-9
-11
-10
-8
-7
-6
-5
-1
-1
2
2
2
1
3
3
4
4
7
6
8
8
9
9
9
12
13
13
13
14
13
15
13
13
13
15
14
15
16
15
12
7
6
5
3
4
4
3
3
4
4
2
0
1
1
0
4
3
2
3
3
2
2
2
4
2
0
3
2
2
1
0
-1
-3
-4
-4
-3
-5
-3
-3
-1
0
0
1
2
4
4
4
6
7
5
5
5
5
4
3
2
-2
-3
-3
-4
-3
-3
-3
-4
-4
-3
-1
-4
-4
-4
-6
-7
-7
-7
-9
-10
-8
-8
-6
-6
-4
-3
-4
-2
-4
-3
-3
-5
-5
-7
-5
-7
-9
-14
-13
-14
-15
-13
-14
-14
-12
-11
-11
-12
-10
-7
-7
-5
-4
0
0
2
3
3
2
2
2
4
1
0
0
0
3
1
0
1
-2
0
-1
-5
-4
-3
-2
-3
-2
-2
-1
-1
2
4
5
8
10
9
11
9
9
11
10
11
14
17
16
18
16
18
17
17
16
14
16
14
16
13
12
10
8
8
5
4
4
4
4
5
4
3
4
4
2
0
1
1
3
1
1
0
-2
0
-1
-1
-3
-6
-6
-7
-6
-4
-5
-4
-5
-6
-7
-7
-7
-6
-6
-5
-4
-5
-4
-7
-8
-7
-7
-6
-5
-6
-5
-4
-4
-2
-3
-3
-1
-2
-2
-1
0
0
1
0
1
1
1
4
3
2
3
2
2
-2
-2
-3
-5
-3
-3
-2
-2
-2
-5
-6
-7
-6
-8
-9
-9
-10
-10
-10
-8
-9
-6
-6
-8
-6
-6
-7
-8
-5
-6
-7
-6
-4
-7
-6
-4
-6
-5
-4
-6
-6
-6
-4
-3
-6
-5
-3
-4
-2
0
-1
-1
-1
1
1
-2
2
2
3
5
5
5
6
10
10
10
10
11
11
10
9
9
10
11
13
13
15
14
13
15
16
17
19
19
18
17
19
19
18
19
18
16
15
16
13
11
11
10
7
7
7
6
6
5
5
6
3
2
2
0
0
-2
-1
-1
-3
0
-1
-3
-3
-5
-7
-11
-11
-11
-12
-11
-13
-14
-13
-15
-16
-17
-15
-15
-17
-16
-16
-18
-17
-15
-15
-13
-12
-9
-9
-6
-6
-7
-9
-7
-9
-8
-7
-6
-6
-4
-3
-5
-5
-6
-6
-5
-5
-7
-5
-6
-6
-3
-5
-4
-4
-3
-4
-3
0
1
2
2
2
1
1
-1
0
0
0
-1
-1
-1
-2
-3
-5
-5
-6
-7
-6
-8
-5
-6
-3
-1
-1
2
3
4
4
4
1
2
3
3
5
5
5
6
7
8
10
8
11
9
10
11
10
9
9
8
9
9
10
9
9
13
12
11
12
13
10
11
13
12
13
12
14
12
12
13
11
11
12
11
10
13
12
11
11
10
11
9
9
8
5
6
5
3
3
3
2
2
1
2
1
4
4
3
2
1
-2
-5
-6
-8
-9
-8
-8
-8
-10
-10
-11
-11
-12
-12
-12
-12
-15
-16
-16
-16
-16
-17
-16
-18
-16
-18
-19
-20
-20
-20
-21
-20
-18
-18
-20
-16
-15
-16
-13
-11
-14
-14
-13
-13
-12
-14
-11
-9
-8
-5
-4
-3
-1
-1
-1
-1
-1
1
1
2
3
6
4
5
8
8
8
8
10
10
10
11
11
10
9
10
9
12
9
9
12
12
14
15
14
14
14
14
12
10
11
8
7
9
8
7
8
6
8
5
4
4
2
1
0
1
1
0
-1
0
0
1
2
2
2
2
2
0
-1
0
1
2
0
5
4
1
3
4
0
2
2
4
3
2
3
3
3
2
3
2
0
1
3
3
3
3
5
5
5
8
5
5
3
3
2
1
2
2
1
0
-1
-3
-4
-2
-2
-1
-1
1
-1
-2
0
1
1
