-35
-40
-41
-44
-39
-35
-28
-26
-27
-31
-39
-41
-39
-35
-26
-16
-10
-9
-13
-10
-11
-9
-2
7
17
25
24
23
19
16
23
35
48
53
52
44
33
20
19
27
40
53
57
52
38
25
19
26
36
45
43
32
14
1
2
10
27
35
36
27
10
-3
-3
7
20
29
20
2
-16
-22
-14
6
26
30
19
-3
-20
-22
-8
16
33
31
13
-15
-30
-29
-8
21
44
40
19
-10
-33
-32
-11
16
31
24
0
-28
-42
-32
-4
23
36
24
-7
-35
-42
-30
-2
19
23
10
-19
-35
-35
-15
16
30
22
-6
-36
-56
-50
-22
12
34
32
15
-17
-36
-34
-13
15
27
20
-4
-32
-43
-36
-13
20
38
38
17
-15
-36
-44
-33
-17
-5
-1
-3
-11
-14
-16
-9
-5
-4
-3
-8
-15
-19
-19
-21
-21
-21
-17
-11
0
8
7
-4
-19
-38
-47
-46
-37
-20
-6
-1
-4
-14
-20
-18
-11
-3
0
2
-2
-8
-12
-8
-1
11
21
25
26
21
15
8
-1
-5
-6
-2
6
15
21
25
25
22
19
19
21
29
31
29
18
6
7
11
25
40
53
53
45
28
15
11
12
22
28
24
15
3
-5
-1
11
26
35
30
11
-7
-21
-23
-15
-2
8
13
9
2
-2
1
11
16
17
12
1
-12
-17
-12
-2
9
16
19
14
8
3
2
-2
-5
-9
-17
-22
-22
-15
-6
2
4
2
-5
-9
-10
-12
-13
-15
-19
-26
-31
-28
-15
-6
4
6
0
-12
-23
-27
-30
-26
-23
-20
-18
-18
-14
-8
1
9
10
5
-6
-18
-22
-23
-16
-9
-2
1
-1
-2
-7
-6
-5
-5
-5
-6
-11
-15
-18
-17
-15
-10
-4
5
9
10
6
-4
-16
-23
-28
-21
-9
0
8
11
5
-3
-10
-8
2
12
24
26
21
8
-9
-12
-9
7
23
34
34
20
-2
-19
-23
-17
-2
13
21
20
9
-3
-10
-11
-3
8
17
20
12
7
1
-7
-6
-1
10
17
21
18
16
9
1
-1
-2
4
11
16
23
24
15
10
3
0
6
16
25
27
23
14
0
-3
-1
6
21
31
31
23
12
0
-6
-2
8
19
21
18
10
-6
-10
-12
-4
5
10
13
8
2
-4
-5
-4
2
4
7
5
3
-4
-8
-9
-11
-10
-10
-8
-9
-5
-6
-7
-9
-11
-13
-13
-11
-6
-3
-4
-4
-10
-16
-19
-19
-15
-10
-6
-6
-9
-14
-20
-23
-23
-22
-18
-20
-19
-22
-24
-23
-23
-18
-18
-15
-15
-15
-12
-12
-12
-13
-13
-17
-19
-21
-20
-14
-16
-13
-18
-22
-26
-29
-25
-18
-6
1
4
2
0
-2
-2
1
9
15
22
23
18
11
5
6
10
14
18
20
19
17
15
13
15
17
21
27
31
33
29
21
16
13
8
11
14
16
19
16
12
6
2
4
11
15
23
24
23
19
16
13
17
22
26
28
24
21
12
4
2
3
6
8
10
7
2
-1
-2
0
3
7
6
6
3
3
-1
-1
-1
-3
-5
-10
-14
-14
-13
-15
-12
-13
-13
-14
-12
-11
-8
-6
-4
-2
-5
-6
-7
-7
-9
-10
-8
-11
-13
-16
-18
-17
-20
-17
-12
-12
-12
-10
-9
-8
-6
-2
-1
-4
-4
-4
-7
-9
-11
-12
-13
-13
-12
-11
-10
-8
-8
-7
-6
-6
-5
0
4
6
7
7
5
1
-1
-5
-6
-12
-11
-14
-15
-18
-16
-12
-15
-9
-6
-1
1
5
7
8
9
8
10
8
9
8
7
5
5
3
-2
-1
-4
0
-2
0
2
4
6
8
12
12
13
11
11
11
8
5
2
-2
-4
-5
-6
-5
-5
-2
0
2
4
4
8
8
12
12
16
15
16
14
11
8
6
5
2
0
-1
0
1
1
7
9
10
15
19
20
23
23
21
17
15
16
11
10
10
9
7
6
7
2
4
0
0
0
1
2
4
7
8
8
7
8
5
1
-1
-5
-9
-7
-9
-10
-11
-11
-11
-11
-9
-6
-4
-4
-1
-4
-6
-5
-7
-7
-6
-5
-5
-6
-8
-10
-12
-15
-17
-18
-18
-16
-16
-14
-15
-13
-11
-10
-8
-8
-7
-7
-7
-9
-11
-13
-14
-17
-16
-16
-14
-16
-16
-17
-16
-14
-12
-11
-9
-9
-6
-5
-4
-3
-2
-2
0
-2
-3
-4
-5
-4
-6
-6
-7
-5
-6
-4
-3
-2
2
4
8
9
9
10
11
13
11
12
13
11
9
8
8
7
6
8
10
11
14
15
14
16
16
19
18
19
21
22
20
21
17
15
13
13
15
13
12
11
11
10
11
11
13
13
14
13
15
13
10
10
8
8
3
5
1
3
3
2
3
2
0
-2
-1
-3
0
-1
-2
-1
0
0
1
1
-1
-2
-2
-2
-7
-9
-7
-7
-8
-7
-8
-6
-8
-8
-7
-5
-7
-5
-7
-7
-10
-9
-11
-10
-10
-13
-11
-11
-11
-14
-14
-14
-15
-15
-15
-15
-12
-12
-13
-13
-10
-10
-10
-8
-8
-8
-11
-9
-10
-9
-9
-8
-4
-5
-4
-5
-7
-9
-9
-10
-8
-5
-6
-2
-1
-2
-2
-3
-3
-2
-1
0
3
1
3
3
3
3
1
3
1
4
5
6
7
4
7
7
5
7
7
7
8
10
13
14
12
11
12
12
13
13
13
15
14
12
12
11
9
10
10
9
9
7
8
7
6
5
5
5
3
3
3
2
0
0
0
-2
-3
-3
-2
-3
1
1
0
-1
0
1
2
1
1
-1
0
2
3
4
5
7
5
4
0
0
-3
-1
0
0
1
1
3
1
0
1
1
1
2
3
2
2
2
4
4
1
3
2
2
3
1
1
1
1
0
0
-2
-2
-2
-1
-3
-3
-6
-6
-6
-8
-10
-10
-12
-12
-12
-12
-11
-12
-10
-9
-9
-10
-9
-9
-10
-9
-8
-6
-7
-6
-6
-5
-6
-8
-8
-8
-8
-7
-6
-5
-4
-3
-4
-1
-3
-3
-3
-2
-1
-3
-4
-5
-5
-4
-4
-6
-5
-5
-4
-5
-4
-4
-4
-3
-3
-2
-2
-1
0
0
-1
-1
0
0
-1
0
0
-1
-1
-1
-2
-1
-1
2
3
5
7
9
10
10
13
14
15
15
16
18
17
16
17
16
16
13
12
13
13
12
13
14
13
13
13
12
14
12
12
11
11
9
8
7
7
8
6
9
6
5
6
3
5
5
5
4
1
0
-1
-1
-2
-2
-1
-3
-3
-4
-3
-6
-7
-8
-9
-10
-9
-8
-9
-8
-8
-6
-6
-6
-6
-7
-5
-6
-6
-8
-10
-11
-12
-12
-14
-13
-12
-12
-13
-13
-12
-10
-10
-6
-7
-6
-4
-5
-4
-6
-5
-5
-5
-5
-3
-4
-1
0
-1
0
1
-1
-1
-2
-3
-3
-4
-2
-3
-3
-4
-1
0
0
-1
-2
-1
-3
-3
-4
-3
-4
-1
-2
-4
-3
-3
-3
-4
-3
-5
-4
-3
-4
-6
-7
-2
-3
-2
-1
1
1
0
1
-1
0
2
5
3
7
5
4
5
4
4
3
4
3
4
5
6
7
7
9
10
12
13
11
11
10
10
8
9
10
11
13
15
16
16
15
15
12
13
13
10
10
11
10
11
10
12
10
11
11
10
6
6
4
5
3
2
6
5
5
5
8
7
6
5
4
2
0
-3
-4
-5
-4
-6
-8
-7
-10
-11
-13
-16
-17
-17
-17
-18
-17
-18
-14
-15
-13
-13
-14
-12
-12
-12
-14
-11
-12
-10
-9
-7
-7
-6
-7
-7
-8
-9
-9
-9
-11
-12
-12
-10
-9
-8
-6
-4
-4
-2
-2
-1
-1
-1
-4
-3
-4
-3
-2
-2
-2
-1
0
-1
-3
-1
-3
-3
-3
-2
0
-2
1
1
1
1
5
4
8
9
8
8
8
9
6
6
5
6
7
8
7
7
7
8
5
4
3
1
2
2
3
4
7
11
11
13
12
12
12
12
13
14
11
13
12
11
9
6
4
2
0
-1
-2
-4
-6
-7
-6
-7
-8
-7
-7
-5
-3
0
0
2
2
2
3
3
5
3
5
6
5
4
1
4
3
0
-1
-1
-4
-5
-3
-4
-2
-1
0
1
2
5
6
8
8
10
10
13
14
12
14
16
15
14
14
14
10
9
6
2
-3
-6
-10
-16
-18
-19
-21
-23
-23
-23
-22
-23
-20
-21
-18
-16
-15
-14
-12
-11
-12
-10
-9
-6
-9
-7
-8
-8
-10
-11
-11
-13
-14
-18
-18
-17
-16
-18
-17
-17
-18
-15
-10
-10
-8
-3
0
4
5
8
11
15
17
18
18
20
22
21
20
19
18
16
14
12
11
10
7
6
3
-2
-1
-1
-2
-1
0
3
5
7
8
11
12
14
13
12
12
13
13
11
9
10
9
7
6
4
3
1
-1
-2
-6
-6
-7
-7
-6
-6
-3
-3
-4
-2
-2
0
0
2
3
5
4
6
6
7
9
9
9
6
5
4
1
-2
-2
-3
-3
-5
-7
-6
-7
-7
-7
-5
-6
-3
-3
-1
-1
-2
0
1
5
7
9
9
11
11
11
11
10
9
5
4
2
0
-1
-3
-6
-7
-9
-10
-12
-12
-11
-12
-9
-7
-8
-9
-9
-7
-7
-8
-6
-6
-6
-4
-4
-4
-5
-6
-7
-6
-5
-5
-6
-6
-5
-7
-8
-8
-9
-10
-8
-9
-11
-11
-12
-11
-9
-4
-5
-6
-3
-1
-5
-1
1
0
-1
-2
0
-1
0
-2
1
1
1
0
-1
-1
-6
-3
-4
-7
-6
-5
-3
-3
0
-2
-2
0
-1
1
1
5
7
11
14
14
16
18
18
19
23
23
23
24
23
22
21
21
16
15
16
14
12
12
12
12
10
10
10
8
8
8
7
5
5
2
5
4
5
3
5
6
5
4
0
1
-2
2
0
-2
-3
-1
-5
-6
-4
-9
-11
-13
-15
-13
-14
-15
-11
-12
-12
-10
-8
-6
-7
-9
-5
-8
-8
-7
-7
-5
-6
-4
-3
-4
-5
-6
-9
-11
-10
-11
-14
-11
-10
-11
-11
-10
-10
-11
-10
-9
-7
-5
-1
-1
-1
-1
-1
-1
-3
-2
-4
-4
-4
-4
-5
-3
-3
-3
-4
-4
-4
-6
-4
-4
-2
-3
-1
1
2
5
7
10
10
11
13
14
13
13
15
16
17
16
16
14
13
12
13
10
10
8
8
3
2
2
0
0
-3
-3
-2
-2
-4
-4
-4
-3
-2
-3
-3
-6
-5
-5
-5
-5
-5
-7
-5
-4
-4
-4
-4
-2
1
2
3
3
3
2
3
3
5
7
8
9
10
9
10
12
10
10
11
12
13
12
10
10
9
7
4
1
1
0
0
1
3
1
2
3
2
1
1
0
-2
-3
-4
-3
-6
-7
-6
-6
-4
-5
-6
-7
-8
-10
-10
-11
-12
-12
-11
-10
-12
-10
-8
-8
-5
-7
-7
-7
-6
-7
-5
-4
-3
-3
-3
-1
-1
-2
-2
-4
-3
-2
-2
-1
0
-1
-1
0
1
1
0
0
3
3
2
3
3
5
3
4
3
2
2
1
2
0
0
-1
-3
-4
-5
-3
-4
-5
-8
-9
-10
-7
-8
-8
-8
-7
-5
-5
-3
-3
-2
-3
1
3
3
6
6
7
7
8
8
7
6
7
5
5
4
3
4
4
3
1
1
-1
0
2
1
2
2
4
7
9
11
11
10
10
11
10
11
10
13
11
9
9
9
5
4
6
4
4
4
2
4
3
3
3
3
3
1
0
1
2
1
1
3
3
5
4
3
2
3
1
2
0
-2
-4
-6
-9
-10
-10
-9
-11
-11
-9
-11
-11
-11
-14
-14
-13
-11
-11
-11
-10
-9
-9
-8
-7
-9
-10
-12
-10
-10
-10
-6
-7
-7
-5
-6
-7
-8
-9
-6
-7
-6
-4
-3
1
0
0
2
2
3
5
6
6
5
7
8
6
6
7
7
8
9
9
7
7
7
5
4
3
3
4
4
3
3
3
3
3
3
4
4
4
3
4
4
3
3
0
1
1
0
2
2
2
3
2
5
3
2
5
4
4
3
4
4
3
2
1
3
3
0
-4
-4
-6
-4
-4
-4
-4
-2
-3
-3
-4
-3
-2
-3
-2
-3
-3
-3
0
1
3
2
3
3
3
4
4
4
1
0
1
1
4
3
3
3
2
3
-2
-2
-2
0
-1
0
1
0
1
1
1
2
1
1
1
2
3
3
3
4
3
2
3
0
-1
-1
-3
-4
-5
-6
-6
-9
-8
-7
-8
-8
-7
-8
-9
-7
-6
-7
-6
-7
-5
-6
-6
-5
-4
-3
-2
-3
-1
-1
-1
-3
-1
-1
-2
1
-1
-1
1
0
-1
-1
-1
1
0
2
4
3
3
4
3
3
2
2
3
2
5
4
2
4
4
3
1
3
3
2
2
2
2
0
0
3
1
0
0
0
1
0
-1
-1
-1
-1
-1
0
2
3
2
2
4
1
2
3
1
4
3
3
4
2
2
4
3
3
3
2
2
1
2
2
0
3
1
0
-1
0
-3
-2
-2
-1
1
-2
-1
-3
-3
-5
-4
-3
-2
-2
1
-1
0
1
4
3
4
5
5
5
4
5
3
4
5
3
4
4
6
4
4
6
5
3
5
3
3
6
6
4
3
4
3
2
3
1
0
0
2
0
-2
-3
-4
-6
-8
-10
-12
-12
-13
-11
-10
-12
-11
-12
-12
-12
-13
-14
-13
-12
-11
-10
-8
-5
-5
-4
-3
-2
-2
-4
-4
-6
-6
-5
-6
-7
-8
-6
-8
-9
-9
-10
-10
-9
-10
-7
-8
-5
-3
-3
0
-1
2
5
5
6
8
7
8
7
8
9
9
11
10
11
13
14
14
14
15
14
13
13
13
12
12
12
12
11
12
14
13
12
11
11
10
10
9
10
11
11
11
11
12
11
9
8
5
2
1
2
2
0
-1
1
-1
2
2
1
2
0
1
-3
-4
-3
-3
-4
-5
-6
-6
-7
-6
-8
-8
-8
-8
-10
-10
-11
-13
-12
-12
-11
-11
-9
-7
-10
-12
-12
-9
-9
-10
-9
-9
-9
-10
-9
-10
-10
-9
-9
-9
-11
-9
-8
-8
-8
-7
-6
-6
-6
-5
-3
-5
-4
-2
-2
-5
-2
-2
-1
1
1
1
1
1
1
1
3
3
3
3
4
2
2
3
2
4
0
3
1
2
4
3
3
4
4
4
5
5
3
2
3
3
3
4
6
5
3
4
3
2
1
3
2
3
2
2
3
3
5
5
5
6
10
9
10
8
11
11
9
12
12
10
11
13
13
13
9
8
7
5
5
3
3
4
3
3
1
-1
-1
-2
-3
-3
-3
-3
0
0
0
0
1
3
2
0
2
1
2
4
2
2
1
2
0
-1
-1
-4
-2
-3
-3
-4
-6
-3
-3
-3
-4
-4
-4
-3
-4
-4
-5
-3
-1
-1
-2
-5
-5
-7
-7
-8
-7
-10
-10
-10
-10
-12
-13
-10
-12
-13
-12
-12
-11
-11
-11
-9
-9
-8
-7
-7
-8
-6
-6
-5
-4
-5
-4
-4
-4
-3
-4
-5
-5
-6
-8
-7
-9
-7
-7
-9
-5
-7
-6
-6
-4
-3
-3
-2
-1
0
2
2
4
5
7
9
11
15
15
14
15
15
15
13
14
12
12
13
12
11
12
13
13
12
13
12
12
12
13
11
12
12
10
9
8
9
7
8
6
4
6
7
6
5
5
4
3
3
2
1
-1
1
-1
-3
-2
-3
-3
-2
-1
0
0
0
1
2
0
3
3
1
3
3
1
1
1
1
1
-1
1
-1
-3
-3
-3
-4
-3
-6
-5
-4
-6
-6
-6
-6
-6
-7
-5
-2
-3
-3
-1
-1
0
-3
-3
-5
-6
-4
-5
-4
-6
-6
-8
-8
-9
-9
-9
-11
-13
-13
-14
-14
-15
-16
-15
-12
-12
-12
-10
-9
-8
-8
-9
-9
-9
-8
-8
-8
-8
-6
-5
-3
-3
-2
-2
-2
-2
-2
-1
0
-1
-2
0
1
3
3
4
4
5
5
6
6
6
7
7
9
6
8
9
9
10
9
10
10
10
10
9
10
11
11
10
10
8
8
8
6
8
8
6
6
6
7
9
8
10
10
11
12
9
9
9
8
9
8
12
9
10
11
10
8
8
7
5
4
4
4
2
1
1
-3
-4
-2
-6
-7
-8
-7
-9
-11
-10
-11
-11
-12
-11
-12
-12
-10
-11
-9
-9
-7
-5
-2
-2
-1
-1
-3
-1
-1
0
1
0
1
1
-1
-2
-1
-2
-2
-1
-2
0
1
0
0
-3
-2
-1
-2
-1
1
2
1
1
2
0
-1
-1
-1
-2
-3
-1
-1
-2
-2
-2
-3
-2
-2
-6
-5
-8
-8
-8
-9
-9
-8
-9
-7
-4
-6
-4
-3
-2
-1
-1
-2
0
-1
0
-2
-3
-3
-4
-4
-6
-4
-5
-4
-5
-6
-7
-7
-7
-7
-6
-6
-6
-5
-4
-4
-6
-2
-3
-3
-2
0
0
0
3
3
4
6
6
7
5
7
7
9
6
5
7
7
7
8
10
8
9
9
8
8
8
9
8
7
9
9
9
11
11
11
14
14
12
14
12
12
9
8
8
7
7
8
8
8
8
6
8
8
8
9
8
7
6
6
6
4
3
5
5
5
6
7
5
5
7
4
5
3
3
1
0
-2
-5
-5
-7
-9
-12
-14
-15
-13
-15
-17
-18
-18
-18
-18
-20
-20
-20
-19
-19
-18
-18
-16
-15
-14
-14
-13
-12
-12
-10
-8
-6
-6
-6
-4
-3
-5
-5
-3
-6
-3
-1
0
1
-1
1
2
2
3
0
-1
-1
-3
-3
-3
-1
-1
2
1
2
1
1
2
1
1
0
1
-1
0
-1
-2
-2
-2
-1
-3
-3
-3
-5
-3
-4
-4
-4
-2
0
1
2
4
4
9
12
10
11
11
11
12
13
13
14
13
14
13
11
12
10
8
8
8
8
6
5
4
2
2
2
2
-1
0
2
-1
1
2
2
0
1
1
1
3
4
5
3
4
4
3
4
6
6
6
7
8
7
10
9
8
6
6
5
2
1
0
1
1
3
3
3
2
1
0
1
-1
-4
-5
-6
-6
-5
-6
-6
-6
-5
-3
-6
-6
-5
-5
-3
-4
-4
-3
-2
-2
-1
-2
-2
-1
-1
-4
-3
-3
-6
-5
-4
-5
-6
-8
-5
-7
-6
-4
-5
-7
-7
-7
-8
-7
-8
-7
-5
-4
-5
-5
-6
-5
-6
-6
-4
-5
-4
-3
-4
-3
-3
-3
-2
-1
-2
-2
-3
-5
-4
-5
-5
-5
-8
-9
-9
-7
-8
-9
-6
-6
-7
-7
-9
-7
-7
-6
-3
-3
-1
0
1
3
2
2
4
3
0
0
1
0
1
3
6
5
3
6
3
5
6
7
7
7
8
9
10
10
11
11
11
12
11
12
17
14
16
16
16
16
16
17
15
15
15
16
16
16
14
11
9
8
7
6
5
5
4
4
5
7
7
6
8
8
8
6
6
6
5
3
4
2
1
2
1
-1
-2
-2
-3
-3
-3
-3
-4
-4
-6
-6
-7
-8
-6
-8
-7
-9
-9
-9
-8
-11
-9
-7
-7
-9
-9
-9
-13
-13
-13
-12
-12
-14
-13
-16
-16
-16
-16
-17
-16
-15
-15
-15
-15
-14
-13
-12
-15
-14
-14
-13
-13
-10
-8
-6
-4
-2
-3
-2
-1
0
-1
-1
-2
-1
-3
-1
0
-1
0
1
0
1
1
0
0
-3
-2
-2
-1
-1
-1
1
1
4
1
3
0
1
3
3
7
7
8
8
8
7
9
6
8
11
10
9
10
10
8
9
10
8
11
11
11
10
12
15
14
16
19
15
17
18
17
18
17
15
14
14
13
11
9
9
8
9
7
6
4
0
2
-3
-1
-2
-4
-2
-3
-6
-4
-7
-9
-9
-8
-9
-7
-6
-6
-7
-6
-4
-5
-5
-3
-1
-3
-1
-2
0
1
2
4
3
2
4
4
5
2
3
3
3
4
3
4
3
4
0
-1
-4
-7
-7
-9
-10
-14
-15
-14
-13
-15
-16
-14
-14
-13
-14
-12
-12
-12
-11
-14
-12
-12
-11
-9
-8
-5
-5
-3
-1
0
0
0
1
-1
1
0
0
1
1
3
3
2
3
5
5
4
3
2
2
2
2
2
0
0
0
-2
-3
-6
-6
-6
-9
-9
-10
-11
-10
-11
-11
-12
-12
-11
-9
-9
-7
-7
-6
-4
-3
-2
0
3
4
9
12
14
16
15
15
15
18
18
18
20
21
19
20
20
18
17
14
13
8
5
4
4
4
3
4
4
4
3
0
-2
-1
-3
-6
-5
-6
-5
-6
-7
-6
-5
-5
-3
-3
0
-2
-2
2
-1
-1
1
1
2
5
8
12
14
15
17
17
19
18
19
21
21
20
20
20
19
20
18
15
14
14
10
7
5
2
-2
-5
-8
-13
-18
-17
-19
-22
-22
-23
-26
-28
-30
-33
-35
-33
-32
-32
-27
-27
-26
-24
-25
-22
-21
-20
-16
-15
-10
-5
-4
1
4
7
10
10
13
13
13
14
16
17
15
19
18
16
16
15
13
14
12
10
6
3
3
-2
-6
-7
-11
-13
-15
-17
-22
-25
-28
-26
-27
-31
-31
-31
-31
-29
-26
-25
-23
-21
-17
-17
-15
-11
-5
-3
0
4
4
5
8
14
21
24
28
34
38
40
46
52
57
57
57
58
57
57
59
57
54
53
53
49
43
40
31
24
20
10
-3
-10
-10
-12
-17
-16
-16
-21
-22
-19
-24
-24
-19
-13
-13
-14
-12
-11
-9
-2
6
5
8
9
7
6
9
14
18
24
32
38
45
50
51
55
56
56
62
63
67
66
73
79
72
67
61
46
28
27
17
8
-1
-12
-30
-49
-59
-78
-100
-122
-132
-150
-160
-162
-171
-173
-173
-172
-182
-183
-181
-178
-171
-156
-133
-120
-108
-106
-102
-95
-73
-67
-61
-45
-34
-14
1
13
16
33
54
80
96
114
141
159
168
171
175
168
172
177
173
172
173
162
133
101
74
30
-4
-35
-69
-104
-120
-146
-180
-202
-214
-232
-252
-263
-281
-288
-282
-264
-262
-254
-235
-224
-221
-217
-209
-208
-184
-161
-135
-115
-87
-53
-17
25
70
102
143
203
257
306
367
418
457
497
539
578
604
628
642
637
639
635
602
570
537
482
423
366
286
193
112
36
-65
-157
-235
-322
-400
-460
-526
-594
-628
-662
-714
-751
-759
-770
-759
-708
-668
-628
-564
-485
-420
-369
-295
-229
-154
-50
45
120
209
308
395
504
622
731
835
933
1021
1091
1153
1217
1263
1294
1313
1312
1273
1217
1128
1015
870
692
471
230
-6
-257
-517
-793
-1041
-1275
-1490
-1692
-1889
-2045
-2145
-2205
-2248
-2256
-2206
-2108
-1967
-1775
-1566
-1335
-1088
-839
-613
-385
-141
105
354
590
801
997
1184
1363
1565
1808
1996
2036
1983
1961
2005
2104
2186
2166
2068
1957
1855
1726
1537
1321
1137
922
671
367
-11
-407
-752
-1033
-1303
-1549
-1764
-1996
-2252
-2390
-2444
-2514
-2540
-2479
-2371
-2170
-1895
-1699
-1535
-1276
-959
-678
-386
-90
126
335
593
749
802
883
990
1044
1087
1094
985
849
726
553
375
285
227
199
244
270
167
2
-52
14
149
335
489
603
749
941
1100
1228
1320
1429
1529
1568
1540
1406
1189
982
811
616
410
189
-75
-386
-644
-878
-1174
-1432
-1580
-1696
-1760
-1742
-1755
-1769
-1676
-1530
-1406
-1259
-1049
-852
-638
-364
-153
-18
151
324
453
630
766
791
800
818
786
702
639
603
606
709
780
584
291
198
247
346
469
499
495
560
690
798
832
888
1021
1085
1063
988
788
540
376
254
77
-123
-294
-535
-881
-1128
-1343
-1647
-1823
-1858
-1962
-1988
-1858
-1841
-1896
-1773
-1584
-1488
-1342
-1089
-910
-735
-406
-166
-87
61
287
476
699
909
915
861
903
905
811
731
650
506
415
359
265
232
331
300
50
-88
-23
148
393
610
725
840
1023
1276
1497
1638
1864
2092
2181
2197
2077
1789
1505
1298
1081
817
565
289
-170
-670
-1038
-1458
-1868
-2059
-2252
-2459
-2470
-2498
-2659
-2746
-2642
-2456
-2278
-2037
-1783
-1588
-1269
-879
-696
-517
-193
80
376
718
868
900
991
1089
1083
986
900
803
676
630
646
712
790
603
221
65
132
300
544
676
747
868
1009
1169
1291
1436
1749
1996
2056
2024
1815
1497
1249
1052
818
570
383
146
-333
-794
-1107
-1550
-1929
-2056
-2203
-2313
-2213
-2164
-2286
-2320
-2155
-1973
-1762
-1414
-1146
-967
-576
-193
-112
13
318
546
778
1082
1224
1168
1173
1214
1092
892
760
597
395
255
127
79
192
102
-356
-697
-700
-484
-182
46
164
257
408
666
866
1045
1436
1846
2045
2139
2068
1747
1446
1227
1012
759
585
457
-15
-597
-931
-1372
-1861
-2037
-2171
-2320
-2236
-2142
-2285
-2430
-2334
-2153
-2003
-1655
-1276
-1132
-816
-370
-236
-142
143
403
668
1001
1188
1148
1127
1170
1091
911
798
679
496
385
211
-9
66
277
93
-393
-655
-589
-316
53
269
337
437
612
886
1117
1323
1701
2019
2172
2243
2105
1807
1536
1323
1099
845
705
480
-160
-727
-1033
-1522
-1936
-2049
-2272
-2442
-2283
-2212
-2423
-2579
-2448
-2241
-2019
-1652
-1362
-1199
-809
-373
-277
-163
172
484
836
1182
1275
1244
1294
1314
1210
1069
946
818
673
523
353
321
582
552
-21
-404
-429
-289
102
438
498
584
751
978
1192
1346
1763
2212
2408
2564
2504
2159
1836
1577
1337
1091
906
778
260
-470
-856
-1323
-1910
-2124
-2333
-2591
-2507
-2372
-2537
-2814
-2836
-2651
-2492
-2159
-1763
-1653
-1381
-859
-701
-695
-394
-35
313
736
989
990
1019
1126
1051
800
662
577
425
312
111
-81
113
267
-174
-731
-915
-831
-498
-73
95
149
292
594
894
1048
1432
2022
2369
2560
2627
2434
2112
1825
1646
1415
1130
1089
824
63
-435
-791
-1396
-1772
-1932
-2201
-2312
-2153
-2119
-2433
-2625
-2416
-2284
-2126
-1669
-1420
-1264
-781
-455
-469
-364
-39
342
736
1027
1138
1112
1148
1149
920
715
562
386
298
151
-31
144
430
139
-469
-726
-685
-414
96
473
545
641
967
1269
1359
1658
2296
2699
2877
3061
2949
2508
2100
1859
1557
1176
1095
992
246
-480
-849
-1479
-2108
-2380
-2602
-2737
-2558
-2328
-2543
-2929
-2847
-2593
-2507
-2189
-1764
-1471
-990
-511
-415
-431
-239
191
683
987
1167
1323
1386
1254
974
718
470
280
310
252
-2
227
720
377
-514
-899
-828
-686
-158
549
645
532
957
1357
1172
1232
2042
2647
2671
2837
2940
2340
1659
1493
1240
661
516
718
158
-904
-1389
-1755
-2516
-3006
-3046
-3052
-2973
-2628
-2492
-2913
-3152
-2817
-2473
-2304
-1966
-1390
-783
-386
-297
-289
-208
5
622
1174
1160
1169
1457
1421
940
563
474
231
59
212
256
578
1241
1052
17
-529
-370
-74
515
1349
1629
1454
1847
2320
1887
1632
2475
3261
3273
3174
3122
2495
1496
1042
845
222
-130
8
-377
-1369
-2146
-2568
-3030
-3582
-3726
-3369
-2944
-2535
-2337
-2455
-2549
-2405
-1963
-1402
-1140
-759
119
715
665
417
464
647
904
1311
1504
1290
1080
985
604
-17
-530
-782
-831
-957
-1010
-168
1008
667
-673
-1010
-637
-467
220
1634
2073
1449
1899
2882
2295
1568
2672
3993
3822
3182
3078
2559
1269
545
607
145
-559
-650
-778
-1627
-2837
-3425
-3383
-3720
-4178
-3721
-2784
-2231
-2150
-2117
-1855
-1643
-1299
-532
-19
118
671
1415
1528
1057
770
1056
1388
1322
1211
1052
625
125
-361
-898
-1542
-2080
-2069
-2028
-2203
-1088
833
656
-1128
-1425
-515
-140
547
2346
2951
1895
2309
3772
3114
1924
3090
4734
4442
3252
2748
2181
859
-124
-267
-701
-1496
-1876
-1991
-2595
-3897
-4613
-4142
-4032
-4451
-3822
-2520
-1939
-1996
-1677
-896
-407
14
804
1147
1153
1748
2470
2449
1903
1625
1798
1757
1334
1048
732
185
-302
-728
-1373
-2151
-2669
-2718
-2783
-2331
-62
1987
923
-1027
-682
445
674
1736
3814
3856
2589
3524
4710
3087
1951
3831
5311
4108
2376
1746
965
-627
-1588
-1627
-2066
-2795
-3064
-3116
-3899
-5225
-5372
-4398
-4226
-4262
-3177
-2000
-1570
-1384
-742
212
842
1339
1765
1633
1704
2386
2715
2397
1876
1507
1355
934
420
33
-664
-1252
-1522
-2136
-2985
-3590
-3782
-3678
-3436
-1399
2157
2727
-41
-919
859
1631
1822
4076
5567
3623
2950
5251
4900
2169
2783
5402
5191
2644
995
499
-568
-2009
-2541
-2595
-3087
-3957
-4326
-4163
-5012
-6039
-5039
-3549
-3595
-3741
-2623
-1098
-387
-54
995
2196
2544
2405
2285
2394
2842
3140
3236
2950
1926
963
734
671
25
-1144
-1648
-1495
-2253
-3629
-4270
-4359
-4413
-4165
-2104
1822
3180
441
-1103
703
1835
1781
4028
6362
4355
2328
4635
5588
2630
2099
5005
5499
2565
261
-195
-916
-2371
-3009
-2854
-3274
-4409
-4961
-4505
-4784
-5793
-4972
-2983
-2635
-3086
-2254
-566
434
866
1960
3212
3454
3117
2807
2714
3013
3319
3313
2832
1863
925
344
-87
-695
-1709
-2473
-2564
-3005
-4119
-4889
-5005
-4938
-4740
-2784
1609
3941
1213
-1284
415
2387
2527
4240
6568
4793
2298
4339
5937
3188
1931
4515
5491
2608
-509
-1372
-1362
-2288
-3470
-3691
-3827
-4941
-5813
-5290
-5107
-5888
-5034
-2717
-2255
-3134
-2611
-671
965
1682
2423
3411
3694
3209
2729
2745
3265
3736
3740
2942
1585
617
378
252
-422
-1662
-2544
-2614
-2876
-3795
-4481
-4502
-4500
-3959
-565
4307
4521
102
-1177
2028
3571
3451
5739
6496
2614
1438
5155
5530
2139
2404
5177
4066
-68
-2225
-1800
-1448
-2585
-3953
-4257
-4574
-5771
-5871
-4600
-4647
-5229
-3693
-1941
-2349
-2913
-1553
753
2001
2258
2742
3465
3631
2937
2262
2590
3116
3050
2582
1550
378
-231
-373
-582
-1520
-2880
-3375
-3182
-3584
-4456
-4904
-4695
-4380
-3306
823
5393
4241
-297
-332
3283
4457
4561
6812
6249
2005
2112
5805
5041
2095
3110
4995
3007
-913
-2737
-2226
-1715
-2853
-4406
-4656
-4697
-5726
-5866
-4642
-4329
-4099
-2390
-1270
-1734
-2063
-1016
1256
2922
3130
3149
3769
4031
2972
1925
2531
3371
2990
2061
1051
48
-716
-1149
-1342
-2102
-3448
-3840
-3484
-3921
-4840
-5110
-4689
-4384
-2834
2418
6566
3296
-1560
105
4032
4477
5228
7473
4783
158
2342
6086
3752
1314
3406
4386
1193
-2471
-3425
-2228
-1798
-3481
-4885
-4668
-4957
-6111
-5469
-3997
-4150
-3350
-946
-757
-2048
-1551
540
2515
3443
3613
3538
3737
4046
3387
2428
2707
3309
2925
1844
689
32
-211
-764
-1741
-2757
-3355
-3233
-3229
-3859
-4460
-4745
-4609
-3408
729
6227
5987
37
-1668
2588
5020
4969
6733
6123
728
-283
4715
5445
1837
1962
3823
1908
-1905
-3802
-3188
-1827
-2553
-4918
-5606
-4943
-5591
-6014
-4570
-3801
-3538
-1502
-178
-1544
-2286
-449
2200
3750
3742
3118
3083
3656
3552
2619
2318
2699
2677
2070
853
-408
-628
-419
-1125
-2630
-3624
-3413
-3035
-3663
-4484
-4427
-3929
-3321
-312
5254
6687
1314
-1838
2131
5517
4837
5628
6169
1502
-1265
3261
6019
2714
1210
2922
1947
-1586
-3657
-3397
-2110
-2239
-4466
-5813
-5084
-5019
-5590
-4553
-3607
-3414
-1698
-176
-991
-1441
172
2208
3417
3808
3358
2946
3805
4216
2859
1920
2247
2426
2012
970
-390
-927
-747
-1183
-2466
-3476
-3675
-3638
-3981
-4415
-4442
-4199
-3731
-979
4954
7648
2355
-2431
818
5606
6057
6373
6470
1444
-2374
2277
6765
4047
1353
2226
1579
-1431
-3372
-3320
-2070
-1909
-4409
-6370
-5486
-4770
-5147
-4181
-3160
-3623
-2755
-382
-8
-824
67
2195
3679
3853
3220
3195
4235
4654
3349
2117
2124
2368
2418
1885
372
-1035
-1145
-856
-1538
-2955
-3710
-3505
-3596
-4485
-4854
-4104
-3532
-2023
3279
7867
4232
-2237
-684
5351
6811
6262
6679
2745
-2579
442
6608
5474
1614
1506
1353
-1149
-3050
-3193
-2287
-1901
-4186
-6928
-6381
-4832
-5092
-4795
-3762
-4199
-3613
-1076
-485
-1358
-99
2129
2890
2856
3065
3320
3962
4591
3530
1740
1540
2466
2895
2171
406
-941
-970
-838
-1530
-2419
-3005
-3510
-4167
-4700
-4631
-3964
-3371
-2735
821
6554
6579
-195
-2456
3358
7443
6570
6330
4284
-1765
-1909
5594
7774
2617
229
936
-324
-2147
-2470
-2355
-2257
-3603
-6500
-7064
-4852
-4225
-4867
-4090
-3910
-4291
-2388
-91
286
662
1408
1712
2532
3888
4339
4386
4769
3681
1526
1440
2939
3396
2628
1033
-729
-1348
-907
-655
-1219
-2514
-4031
-4817
-4504
-3860
-3497
-3437
-3410
-987
4799
7395
2120
-2407
1460
6889
7160
6197
4851
-295
-2377
4131
8430
3776
-451
287
498
-1029
-1814
-2269
-2860
-3698
-5734
-6901
-5258
-4130
-4950
-4802
-4289
-4566
-3082
-276
546
86
719
1822
2694
3607
4206
4538
4873
3997
2173
1784
2963
3674
3292
1804
-406
-1402
-713
35
-659
-2496
-4161
-4701
-4323
-3827
-3642
-3566
-3970
-2999
2346
7311
4415
-1930
-1173
4858
7202
6196
5385
1493
-2642
1274
7680
5878
288
-757
377
-189
-1255
-1905
-2741
-3649
-5259
-6706
-5586
-3981
-4850
-5439
-4634
-4705
-3829
-956
391
-417
-238
1559
2829
3185
3957
4709
4810
4071
2598
2128
2955
3505
3370
2271
46
-1304
-828
-66
-403
-1923
-3700
-4699
-4708
-4143
-3774
-3805
-4032
-4466
-2012
4412
7280
1913
-2984
546
6260
6823
5931
4798
-218
-2254
4262
8604
3880
-761
18
869
-410
-1219
-1745
-2883
-4074
-5491
-5996
-4489
-3952
-5235
-5137
-4419
-4363
-2614
-79
-71
-1135
88
2983
4415
4003
3607
4168
5057
4506
2876
2567
3023
3047
3092
2218
87
-1101
-372
373
-659
-2689
-3979
-4185
-3910
-3781
-4055
-4134
-3929
-3453
-321
5018
6062
758
-2262
2096
6700
6472
5675
4098
-540
-837
5831
8444
3169
-604
274
582
-345
-300
-1127
-3414
-5008
-5452
-4980
-4040
-4522
-5665
-5316
-4716
-4290
-2292
-436
-1035
-1785
-132
2528
3603
3615
3918
4203
3866
3150
2973
3508
3321
2645
2309
1172
-228
-300
109
-517
-1941
-3064
-3637
-3991
-3968
-4061
-4659
-4858
-4300
-3696
-1796
2588
5364
2098
-2269
-36
5205
6361
5687
5045
966
-1834
3399
8962
5679
9
-483
398
-78
505
305
-2795
-5224
-5277
-4799
-4248
-4154
-5166
-5639
-5152
-4604
-3181
-1060
-789
-1894
-1235
1095
2832
3860
4467
3959
3380
3723
4062
3847
3491
2993
2523
1992
1112
239
-129
-338
-1040
-1993
-2739
-3365
-3683
-3673
-3996
-4439
-4052
-3222
-2532
-97
3780
3925
-204
-1189
3005
5828
5371
5473
3849
-439
682
7477
8478
2526
-513
755
1270
1282
1581
-695
-3995
-4619
-3813
-3552
-3516
-4387
-5517
-5260
-4326
-3486
-2146
-1208
-1847
-2115
-394
1879
3244
3783
3464
3107
3527
3814
3405
3200
3083
2470
1857
1316
390
-296
-305
-561
-1616
-2749
-3333
-3566
-3748
-4032
-4238
-3964
-3482
-3457
-2134
1755
3902
981
-1698
745
4197
4697
4862
4440
815
-325
5149
8591
4381
31
631
1923
1633
1542
462
-2491
-4248
-3705
-2983
-3160
-4244
-5353
-5355
-4675
-3954
-2935
-2162
-2593
-3018
-1625
653
1980
2635
2906
2597
2456
3107
3705
3291
2629
2442
2044
1334
1101
837
-128
-947
-1079
-1574
-2769
-3507
-3537
-3483
-3491
-3550
-3668
-3717
-2791
217
2824
1404
-1374
-323
2963
4103
4250
4530
2315
365
3832
7815
5624
1740
1708
2663
2255
2383
2156
-562
-3063
-2788
-1914
-2265
-3474
-4714
-5112
-4717
-4011
-3286
-2990
-3296
-3501
-2408
-553
568
1421
2178
2159
2218
2918
3422
3220
2968
2962
2315
1682
1895
1568
471
-133
-213
-589
-1541
-2377
-2635
-2633
-2688
-3063
-3514
-3502
-3038
-1635
554
1136
-413
-1035
666
2555
3355
3930
3531
1646
1877
5091
6212
4225
2984
2786
2392
2850
3556
1840
-1185
-1944
-1283
-1579
-2268
-3262
-4482
-4688
-4181
-3954
-3850
-3718
-3834
-3597
-2474
-1338
-549
383
910
956
1329
2033
2497
2706
2701
2275
2081
2345
2048
1282
778
406
160
-144
-969
-1797
-1919
-1855
-2380
-2888
-2832
-3109
-3009
-1347
-174
-952
-1692
-980
91
905
1991
2347
1153
952
2816
4014
3541
3029
2851
2657
3077
3559
2465
658
147
387
7
-797
-1790
-2698
-2801
-2588
-2734
-3083
-3386
-3651
-3539
-2760
-2056
-1827
-1350
-800
-422
187
751
1032
1229
1518
1797
1881
1933
1892
1583
1468
1496
1208
831
684
639
416
-168
-642
-759
-1094
-1528
-1685
-1698
-1658
-1512
-1148
-1049
-1516
-1470
-616
-96
-20
207
515
732
1027
1592
2079
2117
2287
2506
2342
2343
2360
2123
1889
1453
1007
857
794
574
-28
-586
-841
-1074
-1135
-1221
-1662
-2022
-2018
-1773
-1414
-1186
-1344
-1531
-1326
-897
-499
-296
-284
-244
-7
309
465
561
810
951
1058
1164
981
856
962
794
319
29
-22
-178
-402
-456
-778
-1208
-1192
-1040
-1170
-1433
-1487
-1178
-845
-774
-822
-589
-111
234
482
722
845
1065
1588
1977
1904
1761
1837
2227
2579
2394
1878
1551
1513
1460
1237
835
190
-363
-399
-351
-671
-1176
-1656
-1969
-1998
-1914
-1977
-2143
-2208
-2183
-2110
-1858
-1473
-1148
-886
-727
-676
-451
-34
315
344
154
195
455
557
567
599
437
185
191
333
137
-303
-466
-380
-377
-455
-521
-556
-584
-619
-500
-258
-123
-65
95
279
378
478
760
1204
1454
1415
1347
1427
1576
1734
1770
1542
1161
952
999
1004
821
463
17
-266
-300
-368
-608
-868
-1059
-1150
-1177
-1107
-991
-873
-788
-837
-851
-663
-402
-234
-251
-357
-336
-139
53
135
106
7
-53
119
316
202
-13
-62
-28
-1
32
13
-83
-122
-121
-122
-8
118
128
139
251
319
336
475
705
814
784
764
787
849
927
932
767
538
457
490
451
316
114
-159
-366
-361
-302
-420
-601
-671
-734
-754
-600
-371
-316
-429
-512
-497
-377
-172
-88
-197
-344
-342
-172
-39
-46
-131
-231
-289
-203
-41
-59
-228
-289
-255
-219
-96
-18
-120
-222
-176
-104
8
174
175
89
162
314
383
442
553
603
579
604
611
568
532
449
343
251
149
57
-27
-162
-319
-470
-601
-641
-611
-634
-721
-772
-794
-754
-554
-320
-277
-350
-376
-322
-194
-41
22
-56
-156
-179
-97
15
29
-83
-181
-194
-190
-127
-66
-103
-166
-192
-165
-37
62
65
37
72
179
311
426
463
434
499
643
734
806
867
861
883
969
970
879
818
775
690
585
472
309
129
19
-45
-165
-303
-387
-416
-391
-408
-494
-545
-486
-352
-233
-187
-235
-278
-232
-144
-109
-112
-107
-133
-190
-168
-89
-125
-241
-304
-312
-294
-256
-195
-206
-260
-273
-237
-139
-69
-65
-74
-64
8
101
154
199
246
287
338
421
537
568
542
601
672
625
533
500
489
454
400
307
153
10
-58
-115
-190
-265
-340
-381
-365
-358
-404
-419
-407
-365
-277
-249
-290
-328
-346
-339
-348
-335
-315
-366
-427
-395
-347
-372
-468
-512
-469
-431
-425
-418
-382
-359
-324
-241
-145
-101
-81
-47
5
71
139
184
222
287
316
346
447
565
567
538
588
648
598
479
444
472
474
406
315
222
141
95
68
39
-47
-131
-135
-103
-96
-102
-89
-75
-46
13
56
38
-1
-38
-106
-144
-118
-97
-155
-222
-247
-231
-233
-301
-346
-324
-313
-332
-304
-232
-187
-143
-20
95
139
182
265
340
390
405
424
448
477
474
453
495
545
533
471
456
449
348
212
163
163
84
-64
-172
-235
-325
-378
-377
-419
-476
-471
-441
-394
-333
-264
-200
-149
-82
-18
66
152
162
103
56
41
74
90
49
-57
-176
-193
-179
-234
-303
-330
-343
-382
-396
-333
-268
-227
-141
-41
2
24
146
326
386
368
390
455
479
488
478
482
510
494
431
404
397
282
153
156
143
-31
-172
-211
-298
-461
-521
-472
-518
-578
-527
-464
-439
-370
-255
-153
-64
-12
22
84
130
115
73
40
22
4
-7
-38
-168
-304
-351
-361
-396
-499
-578
-627
-668
-674
-609
-530
-472
-376
-231
-87
-2
143
343
452
484
522
595
661
691
697
698
709
697
663
638
569
420
320
300
214
70
-47
-98
-154
-274
-337
-305
-304
-311
-255
-186
-144
-86
46
179
247
290
350
407
412
398
386
365
298
218
175
138
1
-171
-257
-283
-370
-493
-569
-640
-732
-726
-615
-545
-499
-388
-223
-89
17
156
296
397
467
531
591
636
629
612
606
552
496
471
415
264
113
52
-26
-166
-253
-317
-416
-462
-495
-539
-528
-477
-421
-347
-256
-165
-52
103
260
350
398
474
552
565
546
555
525
426
316
262
219
84
-83
-200
-308
-434
-518
-587
-691
-794
-812
-746
-718
-677
-552
-403
-284
-188
-103
18
167
260
288
308
317
302
296
265
207
156
130
64
-83
-203
-240
-330
-439
-483
-544
-623
-636
-612
-620
-594
-514
-443
-343
-188
-103
5
171
314
415
508
618
678
659
674
700
654
584
504
449
368
225
67
-64
-169
-257
-368
-433
-485
-594
-609
-533
-471
-399
-232
-71
-3
69
210
375
540
687
756
747
737
773
792
768
736
671
547
430
331
222
120
13
-92
-168
-243
-321
-359
-359
-369
-362
-319
-278
-208
-93
20
102
192
292
399
467
497
516
501
446
428
438
342
196
95
16
-128
-299
-398
-485
-644
-769
-815
-887
-960
-946
-884
-830
-754
-608
-465
-386
-306
-172
-31
170
343
315
317
413
463
475
483
487
387
209
186
174
6
-95
-157
-276
-369
-428
-450
-445
-454
-477
-480
-425
-336
-269
-169
-1
97
152
291
436
508
561
624
642
590
560
585
550
407
275
170
43
-71
-148
-231
-350
-490
-560
-555
-582
-611
-568
-508
-444
-323
-194
-103
-63
7
159
297
363
359
353
405
433
431
428
350
221
139
115
60
-55
-164
-242
-350
-424
-441
-454
-458
-455
-456
-441
-358
-262
-200
-117
10
102
152
287
414
475
516
567
597
568
535
565
570
460
335
241
181
96
-16
-71
-169
-309
-347
-287
-269
-317
-280
-149
-84
-44
70
177
223
283
401
499
493
475
506
532
526
477
445
395
294
201
157
83
-38
-156
-260
-308
-346
-403
-422
-406
-423
-474
-452
-359
-313
-313
-238
-135
-97
-37
54
122
138
166
222
228
184
148
110
49
-14
-128
-240
-322
-412
-536
-608
-637
-684
-711
-682
-662
-692
-626
-478
-404
-386
-284
-145
-62
17
111
187
222
263
333
355
347
334
301
265
215
173
128
83
5
-72
-85
-86
-95
-115
-108
-71
-86
-72
36
114
125
147
244
322
365
439
547
564
543
571
612
597
523
465
411
329
246
179
70
-20
-147
-259
-316
-349
-409
-454
-456
-472
-485
-430
-287
-245
-219
-133
-28
25
90
163
169
171
170
229
220
168
142
114
45
8
2
-51
-134
-240
-297
-296
-316
-303
-275
-279
-247
-212
-136
-36
43
76
129
207
309
402
457
539
592
608
654
676
627
569
491
429
321
192
127
40
-97
-220
-288
-344
-368
-388
-410
-466
-497
-457
-377
-317
-294
-221
-140
-53
9
112
202
184
170
219
269
231
178
146
94
-5
-41
-55
-137
-267
-385
-441
-509
-540
-525
-530
-574
-591
-548
-498
-427
-345
-316
-279
-172
-50
50
115
174
245
297
335
377
373
351
308
278
215
165
145
92
-23
-145
-159
-201
-212
-181
-181
-228
-211
-117
0
20
65
183
267
306
348
455
517
503
482
564
544
462
422
394
291
165
100
28
-72
-208
-322
-430
-516
-518
-477
-497
-555
-537
-507
-430
-376
-310
-250
-231
-104
61
155
217
307
423
515
530
543
527
458
390
352
287
223
204
107
-1
-102
-154
-195
-204
-205
-239
-310
-291
-190
-166
-129
-39
62
115
143
209
292
276
298
334
342
355
340
328
299
226
158
94
28
-84
-237
-319
-388
-430
-401
-375
-384
-492
-469
-327
-240
-204
-76
38
109
213
286
658
443
354
235
-83
-159
-313
-62
141
138
312
473
283
355
4
-244
-544
-822
-917
-974
-795
-654
-388
-137
135
124
127
77
11
-147
-100
-129
-159
-38
107
293
369
504
503
374
187
59
-102
-198
-214
-234
-236
-150
-123
-110
-112
-149
-201
-324
-264
-193
-116
-68
114
212
254
346
435
473
431
408
379
326
324
397
357
379
284
198
155
74
-31
-232
-336
-442
-499
-446
-403
-366
-347
-267
-186
-217
-188
-104
-61
-40
-3
131
210
192
270
386
355
348
397
453
387
307
270
228
99
9
-58
-161
-229
-312
-300
-328
-336
-382
-373
-381
-299
-310
-285
-163
-129
-61
-10
106
157
239
280
321
340
366
429
462
419
362
275
253
196
65
-3
-145
-191
-239
-87
23
-59
78
-5
-53
-220
-432
-481
-673
-685
-467
-237
118
487
694
960
990
940
842
555
280
-209
-409
-476
-455
-332
-136
105
249
257
163
-89
-428
-641
-908
-989
-1043
-949
-696
-316
27
250
363
451
381
178
105
46
98
213
341
446
471
529
494
472
350
4
-202
-519
-715
-741
-574
-345
-377
-221
-15
-259
-330
-232
-440
-541
-511
-278
-432
-271
124
279
271
387
512
353
257
134
274
20
8
160
248
167
69
225
474
14
-168
-74
-394
-418
-406
-238
-309
-46
179
246
343
267
236
-26
187
367
184
156
731
451
244
545
389
515
221
335
439
73
-43
39
-273
-133
-50
-212
-22
93
-207
-398
-132
-396
-168
-347
-31
92
-315
28
98
5
-72
184
399
44
33
-34
-32
107
11
77
209
-227
-11
168
-261
141
-250
-129
-42
-495
-374
243
-635
-62
241
-556
467
-295
186
262
-307
316
202
-128
457
213
144
192
-358
357
165
-180
248
-322
-100
-5
34
359
-352
-101
145
-506
215
-183
-165
-21
-677
370
-315
215
52
118
137
-522
219
210
-469
-26
-329
103
200
-633
777
-543
-380
414
-673
-156
-126
-706
17
-819
81
-41
-656
236
305
-91
-860
658
-98
-424
324
197
677
-291
-259
1153
-593
-90
1029
-206
745
-416
146
372
-513
294
236
54
-40
-272
130
309
-384
-604
601
124
-448
334
544
247
-440
353
996
-918
-7
827
-173
684
-337
887
198
-776
1071
-941
645
273
-1111
1290
-769
-321
598
-446
770
-847
212
741
-1110
561
103
207
-111
39
849
-741
666
109
-392
884
-532
260
396
-495
548
-613
-36
418
-1002
204
-244
-173
-251
-167
-63
-132
-236
-287
-265
110
-241
-106
228
65
-152
274
226
-244
502
-280
499
-248
-252
458
-280
-219
951
-550
-166
408
-450
4
-202
-417
-122
-241
-831
655
-164
-433
800
-637
114
437
-747
805
93
-862
913
-312
-115
808
-636
620
-222
-496
155
-186
-297
-345
71
-154
-652
-122
244
-698
109
-305
274
-69
-787
871
-755
86
928
-619
669
300
-257
628
-155
477
161
-266
975
-507
0
710
-433
151
42
-146
-244
-243
8
270
-843
159
145
-701
229
153
45
-158
39
167
-246
238
-57
608
-291
-244
1035
-692
-82
644
-251
72
-307
-50
726
-954
369
281
-558
-152
-332
556
-595
80
436
-581
814
-378
7
1136
-824
1132
182
-409
1587
-778
780
648
-385
898
-119
196
569
-79
179
61
21
-250
-56
164
-423
80
-185
-207
108
-65
-375
-49
-337
-145
427
-460
296
358
-668
1126
-571
-107
1171
-972
745
75
-514
747
-770
202
73
-891
396
-735
-280
25
-773
-333
-332
-578
-184
-1035
166
-412
-465
60
-405
346
-54
-445
565
-17
-150
675
-395
453
-102
-128
319
-46
332
182
-255
-253
358
-742
483
-412
-440
56
-493
-137
-60
101
-373
-287
465
-164
64
-47
592
184
-922
1161
-39
-534
1114
-70
223
544
-483
1208
-394
-562
1333
-884
-118
575
-713
152
-42
-647
893
-937
113
940
-1271
666
47
63
-364
619
389
-316
502
368
411
194
-340
1578
-750
346
568
-539
925
-826
496
-11
54
-247
-308
-83
327
-1409
695
-456
-535
254
-1392
1654
-1452
452
429
-598
856
-791
418
493
-881
1134
-155
-389
1450
-1882
2119
-1124
-98
1802
-2362
2050
-1190
-158
367
-397
250
-586
45
221
-147
-332
789
-359
166
-220
483
-449
198
424
-512
1344
-656
420
217
410
-146
219
427
-192
-155
-190
307
-854
575
-799
243
-1070
792
-737
-1221
1811
-1933
307
441
-1304
668
-792
-75
1200
-1704
879
893
-2132
2172
-762
-609
2081
-2143
1261
78
-1112
1222
-1156
678
361
-1753
1326
-665
-685
185
-233
234
-1504
704
-186
-500
17
-182
438
-652
25
435
-20
-261
534
257
-288
576
-301
845
-83
-320
926
-20
-91
74
500
-585
717
-962
859
205
-1170
1284
-492
-25
-157
195
-122
615
-1091
1249
-38
-812
1425
-644
509
-105
668
-324
236
141
703
-322
-150
1108
-979
468
-348
719
-903
279
-65
-103
-749
855
-888
-503
1354
-2196
1803
-1470
353
764
-2506
2916
-1378
-735
2038
-1773
805
192
-984
1890
-1289
151
1527
-2392
2211
-581
-507
1421
-1141
451
356
-963
1086
-114
-1114
1826
-1639
511
467
-774
1252
-740
296
60
220
-545
988
-276
-363
1066
-973
499
242
-653
886
-354
-948
1501
-1803
796
122
-1451
1711
-1625
-200
949
-1630
881
-741
-659
1555
-2292
1195
237
-1527
1357
-974
221
344
-1129
1437
-1073
-312
1448
-1720
1191
-174
-352
976
-1259
899
-9
-488
453
-319
-119
130
-544
37
752
-939
237
970
-1538
958
-33
-626
1011
-951
78
937
-1515
1460
-395
-361
1233
-1326
1305
-220
-749
761
-83
-550
164
46
24
-223
-517
1140
-1397
864
-402
263
-614
191
378
-786
1207
-1201
1137
-781
511
274
-333
589
-93
221
-308
1136
-822
1048
-663
512
54
89
46
646
-420
-271
1206
-1668
1555
-995
598
297
-868
765
-70
-439
140
426
-796
1112
-1201
946
-189
-632
931
-1001
1448
-1144
3
665
-298
283
-589
713
-298
-252
-210
901
-1050
234
247
-743
741
-613
369
95
-382
14
469
-1135
1538
-1085
-66
761
-1147
811
-531
295
-289
448
-276
382
-170
-194
825
-1283
891
-105
-334
-30
346
-946
876
-697
790
-412
-573
1631
-2160
2058
-1598
1316
-570
-1023
1774
-1582
831
13
-259
483
-968
698
143
-1084
1297
-1335
522
-576
-502
1167
-2151
1421
-547
-618
637
-773
872
-1150
585
-324
-683
444
-809
549
-412
-525
951
-1162
410
440
-1223
1903
-1343
1
1417
-1217
502
481
-586
1056
-1067
756
327
-391
552
-185
425
-135
671
-484
907
-238
-395
567
546
-603
717
-1
3
-283
601
255
-435
1017
-332
215
-407
519
268
-1096
1008
-80
-875
888
-602
177
-226
90
108
-415
530
-786
374
5
-450
388
-343
119
419
-1315
1485
-351
-943
1198
-873
415
38
-594
989
-350
-786
1335
-518
-71
465
-432
647
-421
-12
917
-772
542
136
-493
1046
-734
532
28
-375
570
-644
446
726
-1639
1391
-163
-729
430
12
0
-321
-786
1059
-736
-897
1395
-1197
-203
290
46
-155
-489
659
-920
-148
418
-374
134
-446
596
-323
-827
1236
-669
-126
780
-834
310
-341
199
-271
-631
1008
-976
22
-5
256
-503
-436
510
-23
-1378
1260
-409
-548
489
-548
1066
-1337
760
308
-691
642
-118
76
73
-257
927
-681
413
525
-658
720
-334
4
404
-455
285
505
-623
160
494
-312
82
-567
1058
-201
-1004
1202
-348
-212
-378
864
-31
-854
905
264
-895
627
63
36
107
-67
578
-624
719
-86
419
-465
795
-391
-162
1097
-1175
1033
-521
856
-708
301
923
-995
836
-522
685
-334
-9
604
-2
-778
1009
-221
-438
651
-565
336
-198
-412
286
61
-1003
1091
-1243
238
538
-1331
1240
-821
6
-49
-478
671
-1042
313
50
-414
-35
-427
514
-425
-561
946
-813
109
353
-1381
1917
-2235
822
776
-1696
1760
-1769
998
569
-1942
1771
-215
-1109
1057
-384
328
-249
-239
1407
-1376
497
491
287
-1131
1154
496
-1051
323
825
-86
-917
1311
-430
360
-753
811
135
-1169
1001
178
-961
758
-384
90
-229
-49
358
-374
-110
360
-419
58
-115
189
-226
-264
432
-460
27
-455
477
-172
-1002
907
-105
-999
500
-230
188
-278
-997
1989
-1572
-496
1748
-1822
1354
-510
-707
2189
-2003
522
902
-947
991
-912
295
1033
-919
-334
1694
-895
-353
880
-101
208
-183
-309
1705
-1668
16
2107
-2706
2011
-531
-213
1185
-2083
2529
-876
-1403
2598
-1661
37
1018
-913
1024
-1041
499
945
-1689
811
880
-1149
140
679
-152
-804
944
-357
319
-832
590
784
-1749
1432
53
-830
713
-217
185
-168
-14
1243
-1645
584
1174
-1793
1034
-571
610
-398
-793
1551
-1049
-865
1327
-529
-653
354
-273
420
-1153
113
845
-1456
774
-390
182
-68
-404
772
-567
-176
822
-1131
697
161
-1078
1294
-980
836
-132
-948
1763
-1213
-86
868
-814
737
-1199
941
-401
-724
590
-323
130
-542
168
461
-1139
498
145
-828
925
-830
347
78
-1044
1956
-1799
483
769
-868
320
-11
259
-86
-35
-226
1284
-1858
1245
561
-1403
1183
-48
-356
267
-26
181
161
-881
1666
-577
-1161
2186
-1285
275
246
38
215
-382
210
495
-692
-286
1642
-2092
1441
-556
-53
145
-99
66
-543
869
-985
675
-773
602
-85
-1098
1823
-1160
-282
1130
-634
-346
769
-601
1020
-1470
1201
547
-2179
2559
-1218
198
390
-573
1146
-883
-274
2178
-2695
1788
407
-1793
2422
-1684
788
938
-2574
3623
-2503
58
2207
-2539
1824
-801
169
552
-862
-164
1677
-2095
745
439
-597
-145
231
-542
965
-1145
-422
2019
-2461
1303
-591
245
-44
-578
6
924
-935
-590
1394
-1004
634
-1150
1049
-283
-144
-1035
1486
-299
-1280
1114
-585
800
-1717
1047
349
-761
-285
313
449
-1222
119
616
-574
-581
852
-474
48
-370
264
438
-1431
1625
-1063
223
348
-591
1208
-1478
1390
-479
-150
450
-177
453
-100
52
-41
690
-915
832
-323
631
-516
243
316
-108
122
-447
713
-351
140
-140
94
129
-76
-107
-146
667
-606
-612
1249
-1169
452
-285
-284
760
-1016
43
816
-929
408
-320
145
540
-1350
1169
-465
225
-446
62
1047
-1409
1053
-113
-412
1011
-1057
554
718
-990
836
-449
366
794
-1831
2000
-376
-778
1195
-621
643
-422
-187
1276
-1107
141
787
-721
463
-115
-130
544
-557
222
20
-66
73
-256
216
50
47
-476
426
130
-552
129
265
-237
-140
171
-241
378
-621
272
85
-420
227
-86
-37
-4
-88
-79
208
-354
256
-234
280
-233
-226
423
-243
-135
-99
86
152
-676
356
184
-498
91
-176
377
-443
-250
520
-432
-7
-1
-85
94
-298
131
-167
48
-343
229
-46
-351
355
-314
97
54
-294
432
-253
-229
594
-468
57
274
-230
43
202
-222
307
-99
-18
363
-305
200
265
-310
241
150
-158
195
40
1
213
-141
124
110
-163
190
61
-225
384
-236
-43
254
-207
95
-55
6
134
-245
47
206
-405
305
-157
-111
220
-295
160
-1
-241
213
-77
-196
240
-259
150
-59
-140
212
-205
-10
26
-30
-19
-52
85
4
-121
204
-126
81
101
-148
303
-126
65
167
-96
177
68
-20
208
21
68
125
82
7
154
9
75
124
-18
144
-2
141
-2
84
38
70
7
63
30
-48
164
-76
33
49
4
16
-11
-31
96
-74
-97
169
-191
57
-73
-7
-21
-105
62
-189
23
-126
-73
-77
-136
-3
-188
-81
-39
-177
-126
1
-188
-89
-38
-205
30
-181
-43
-69
-74
-66
-61
-25
-101
18
-178
109
-82
-99
81
-42
-71
28
-38
14
-42
-48
114
-111
13
52
-30
-16
10
14
4
-52
51
10
-4
37
43
3
92
-21
40
138
-81
144
-7
45
109
-48
99
73
-35
87
37
41
8
26
108
-70
68
-4
64
-3
-21
120
-63
41
28
22
-1
-17
40
-31
2
39
7
-48
91
-11
25
-20
43
45
-59
77
-5
17
41
-21
39
37
-27
45
5
9
7
-11
25
5
-5
10
-7
-37
126
-126
44
90
-114
117
-87
97
-12
-24
89
-13
51
19
83
-5
65
74
-17
108
80
-15
122
37
57
93
6
129
16
67
65
27
69
32
44
2
55
13
-12
51
-33
14
-48
-19
-43
-36
-70
-78
-28
-113
-68
-95
-41
-149
-96
-79
-131
-114
-125
-125
-75
-194
-86
-102
-183
-89
-122
-139
-72
-119
-96
-29
-151
-11
-66
-78
-10
-71
-39
-40
-77
-8
-43
-46
5
-22
17
-46
44
-14
-5
46
-42
45
51
-7
38
38
24
39
6
111
6
36
85
46
53
57
70
72
52
92
69
58
88
66
57
60
66
43
70
26
124
1
89
82
31
94
-14
121
4
23
89
24
-3
90
-11
46
24
-12
70
-59
43
11
-31
12
10
-37
-1
-29
-27
28
-76
-2
-2
-58
-9
-52
6
-23
-58
22
-32
-7
14
-2
1
29
9
4
62
-27
23
24
0
22
17
13
25
-5
14
25
-29
33
3
14
1
15
18
16
-6
15
33
-29
33
3
48
-7
11
52
-25
25
36
-23
40
4
15
33
-44
42
-20
-45
7
-26
-12
-43
-28
-3
-65
-4
-41
-33
-30
-39
-46
-37
-34
-39
-58
-64
-2
-117
-42
-54
-72
-59
-86
-50
-88
-65
-87
-92
-73
-98
-72
-93
-82
-57
-92
-69
-41
-73
-24
-49
-41
-9
-53
-14
-32
-4
-22
-1
-7
5
14
40
9
45
64
13
61
31
63
20
37
56
35
43
13
79
22
51
56
47
60
27
64
36
69
63
76
66
75
88
86
60
103
64
44
83
32
54
28
30
36
42
16
34
28
5
27
-7
22
-2
44
1
3
30
-27
42
-17
54
-9
25
34
-11
58
-20
25
34
4
45
6
30
35
-14
32
19
-29
33
-5
-14
6
-41
17
-21
-25
-21
-4
-54
-10
-29
9
-35
-42
16
-44
-21
-18
-32
-21
-40
-20
-17
-66
-17
-39
-37
-13
-26
-22
-20
-40
-26
-50
-44
-14
-27
-39
-11
-19
-26
-1
-16
-4
1
-46
26
-18
-44
22
-45
-13
-12
-51
-12
-37
-21
-40
-41
-32
-40
-39
-43
-27
-46
-35
-25
-54
-23
-63
-39
-55
-39
-41
-28
-21
-22
-15
-29
-5
-35
30
-33
17
26
-11
34
-4
32
-17
22
14
-10
21
-8
34
-5
16
2
41
-6
37
17
28
6
19
30
9
35
26
54
12
99
50
68
68
72
62
40
72
54
53
41
63
51
21
71
18
48
45
42
33
68
24
44
56
5
62
14
39
30
32
15
23
3
28
-7
-5
19
-20
19
1
9
-5
7
-17
-9
-8
-16
3
-35
-10
-29
-9
-46
-10
-16
-35
-22
-35
-3
-52
-1
-23
-25
-17
-16
-18
-7
0
-40
-11
-14
-54
-26
-4
-34
-22
-31
-12
-27
-37
-21
-32
-32
-19
-35
-23
-21
-24
-40
0
-23
-31
13
-30
2
-1
-23
-12
1
-8
18
-24
33
6
-20
6
-4
-11
-32
-11
-14
-25
-2
-7
-13
8
-31
-10
-41
0
-34
-21
-12
-27
-26
-25
-21
-35
-2
-38
3
-35
-12
-22
-20
-28
-15
-19
-28
-12
-40
-9
-30
-23
-52
-25
-28
-70
-11
-42
-4
-31
-6
-2
-3
30
-34
53
3
34
22
75
31
53
48
59
105
-14
99
9
43
48
23
76
74
69
59
100
25
96
71
62
75
38
55
51
61
50
114
69
127
85
28
139
36
65
89
41
68
36
66
35
52
2
57
81
-10
35
2
26
24
-23
20
10
5
-7
-14
-6
-36
-34
-28
-65
-55
-48
-95
-37
-80
-40
-76
-77
-34
-102
-70
-94
-29
-107
-86
-21
-61
-51
-31
-38
-59
-11
-81
-19
-62
-56
36
-47
-5
22
-5
24
15
-51
26
-64
-21
-2
-66
49
-48
-10
-37
-9
-44
-56
26
-27
-12
18
2
-27
32
-40
-3
-20
-29
-76
-82
-22
-107
-63
-60
-18
-61
-55
-17
-10
-61
-33
2
-88
18
-76
0
-27
-65
-40
-7
-10
-78
-46
-65
-3
-88
9
-2
26
-26
21
48
-27
59
-22
-23
-5
-25
-22
15
36
46
69
23
86
21
21
92
17
54
76
69
76
63
120
95
62
114
56
73
47
100
77
82
122
139
87
93
104
36
100
58
142
47
69
126
6
60
55
84
153
114
127
152
111
101
59
73
109
12
47
27
49
-7
-13
28
-53
56
-90
-36
-1
-100
-24
-12
-27
9
-7
-97
0
-145
-63
-142
-244
-18
-116
-105
-111
16
-26
-94
-82
-58
-60
-57
-117
-84
19
-45
55
-4
-70
-33
-90
-186
-125
18
-63
-129
4
40
107
205
1049
744
-837
-925
-534
-671
-538
-30
91
-520
-666
371
245
-30
909
912
-753
-1597
-1015
-1151
-881
435
1310
223
-606
-156
-30
-461
142
862
285
-436
-709
-736
-525
166
1073
698
924
853
-202
185
-342
-733
840
1005
-268
973
484
597
-1389
-305
2655
-780
-1325
1380
79
-2336
-117
2375
558
-2214
343
1259
-1380
-1899
904
565
-1980
-878
1242
-277
154
-406
539
1564
-1735
1181
1071
-373
931
-623
821
1867
-315
1278
852
684
1775
-1334
1067
415
-1060
1175
-1499
1547
-789
-1593
1766
-1810
-636
354
-1915
341
-84
-1909
1310
-1986
1123
-193
-2808
2220
781
-985
-313
1395
8
-1686
1046
1739
-276
-1309
1577
1987
-2243
-125
1827
-345
14
-596
512
1076
-2116
518
673
-730
732
-957
635
346
-2612
810
1302
-1392
-668
-284
640
155
-930
1317
423
-1442
543
414
288
-756
-57
1530
-172
-2116
616
1391
-1506
-480
1203
504
-1381
-1234
1437
-379
-1631
1169
228
-254
-1177
-481
1064
-946
-853
1272
313
-1045
-385
58
104
-732
908
1429
-1116
-963
803
666
-1062
-884
1614
952
-1264
-124
639
-317
-952
201
1355
-423
-1473
720
631
-1442
-1097
1308
498
-923
161
584
-419
-1254
979
625
-1146
555
582
-361
-277
433
95
-168
425
1252
-935
-277
1774
-797
-774
799
895
-368
-489
1160
627
-1136
549
796
-740
314
719
340
-630
-92
509
-1043
419
1530
-613
-394
697
292
-1114
-313
1297
510
-215
304
393
-307
-339
16
318
542
846
-60
-473
-243
-435
-271
169
942
509
-853
-649
422
-657
-576
879
1017
-156
-487
-422
-148
-312
311
1100
-570
54
-243
-333
249
-413
493
509
-72
-159
-620
-223
397
-831
319
575
-538
-529
-810
463
151
-876
516
818
-664
-1028
-414
248
-231
-535
883
980
-479
-1196
-713
372
-487
-436
1798
589
-849
-169
217
-405
-900
439
1446
-510
-412
1214
-759
-949
90
207
399
-119
744
168
-1223
-520
320
-266
-19
278
-98
-345
-839
48
-20
-578
-106
292
262
-450
-717
132
-155
-449
527
987
37
-676
-424
-40
-538
-395
1242
459
-166
-302
-119
-173
-542
299
990
562
110
270
-369
-545
-183
511
1061
659
444
26
136
11
-99
394
666
260
-84
335
143
-486
-392
518
802
269
62
385
97
-515
183
862
270
184
-309
133
-146
-354
315
183
411
339
-353
-335
418
-244
-339
294
258
152
-426
365
289
-533
-499
397
160
-238
480
493
9
-415
-381
-278
-218
-179
333
160
-364
-260
-433
-410
-196
37
63
-121
-296
-167
-589
-488
157
187
-191
-24
66
-382
-297
118
339
353
192
-439
-162
-403
-449
-335
-265
651
22
-793
-165
-138
-692
-402
367
625
-422
-449
270
-197
-515
137
675
391
-183
149
508
-108
-201
325
275
81
99
146
158
-211
-165
37
-269
-148
-129
-424
-52
167
-137
2
117
-76
-119
-258
66
195
-45
353
289
-131
175
-75
62
446
247
-53
-63
305
163
-253
59
437
-273
-628
-59
415
75
-140
333
148
-624
-461
87
191
306
184
480
574
-283
-374
-196
230
513
-42
468
651
-129
-216
-30
380
189
-19
523
504
-247
-351
134
54
-155
54
426
152
-292
-49
88
-123
165
354
86
-87
-79
-36
-147
-13
162
-18
114
49
-179
-266
-23
46
-250
-15
221
-36
-433
-283
-67
-451
-378
244
223
-252
-60
119
-165
-403
-151
385
129
3
155
-82
-340
-264
77
26
-2
70
58
-76
-363
-342
-261
-173
-53
18
-148
-190
-506
-523
-144
-171
184
166
-58
-195
-428
-117
147
114
191
137
-143
-76
-110
-125
125
190
433
322
74
169
-63
-72
176
73
257
181
148
172
-100
127
56
43
335
14
-49
-40
-143
62
-20
194
335
-58
-141
-222
-99
14
64
173
140
-14
-318
-116
-59
19
261
279
186
39
-47
-36
-20
-6
84
35
86
173
-29
-122
-23
-157
-271
47
113
-80
109
227
64
-224
45
169
-171
-101
186
157
-156
108
285
-60
-98
164
190
23
195
363
134
-135
-31
76
-52
-40
148
150
-82
-93
-44
-101
-66
-96
58
33
-144
-71
-36
124
140
-6
70
86
-127
-164
-22
140
72
67
279
85
-218
-203
-16
-78
-91
188
189
-92
-272
-256
-190
-122
36
142
-5
-188
-309
-303
-264
-204
-37
23
-87
-187
-252
-255
-160
-124
121
141
-82
-41
-115
-123
-141
-111
22
23
-190
-94
-27
-247
-219
-114
113
24
-75
7
-75
-217
-190
79
140
135
89
138
117
75
161
174
287
236
225
305
344
275
124
65
148
175
82
319
342
146
31
-70
-105
-172
-95
134
100
-56
-5
-75
-103
-8
67
138
8
-36
-33
-145
-33
138
195
111
43
87
4
-99
1
159
100
83
140
71
-90
-199
-44
78
64
159
131
2
-213
-275
-92
-32
-29
30
49
-90
-156
-87
-85
-106
-48
-17
-42
-144
-181
-6
-17
27
130
12
-4
-121
-131
12
16
67
75
7
-92
-183
-131
25
30
-28
-37
-92
-149
-205
-87
-4
-14
0
-44
-72
-143
-49
87
104
99
94
29
-41
66
173
206
178
215
159
57
-16
57
106
3
38
70
38
-58
-144
-64
-28
-50
16
-9
-154
-247
-198
-124
-92
-117
-86
-82
-149
-122
-12
-4
-90
-124
-68
-54
-68
-16
51
24
-78
-73
45
48
-61
5
30
25
-6
53
139
-1
-86
-12
15
31
87
162
149
46
38
17
3
51
53
113
82
44
99
71
133
129
67
94
82
62
85
110
95
-7
-46
21
4
-66
39
142
59
-22
37
68
-53
-38
61
79
39
79
120
27
-18
28
65
77
24
81
139
23
-2
-5
6
40
-1
45
26
-54
-96
-123
-20
-37
-43
51
63
-23
-131
-101
-17
-95
-117
-11
49
32
-21
-57
-58
-81
-114
-75
-23
-84
-165
-97
-66
-144
-186
-103
-49
-161
-199
-138
-147
-130
-103
-70
-74
-131
-128
-102
-96
-55
-19
-10
18
43
-35
-58
46
0
-38
63
120
105
74
59
77
9
-37
77
141
95
65
104
141
53
25
128
161
119
93
118
51
-16
5
60
62
62
95
75
22
-43
-47
-52
5
81
92
49
-65
-95
-78
-57
-6
63
104
33
-34
-52
-78
-89
-45
112
137
-7
-57
-31
-116
-171
-53
87
71
24
74
59
-60
-88
26
59
35
32
64
71
-19
-50
37
96
41
2
52
44
-8
8
99
113
-10
-44
-3
-23
-67
21
117
82
7
-34
-55
-93
-116
-2
91
67
66
42
-13
-53
-51
10
31
4
44
29
2
21
4
-25
-31
-30
-39
11
45
-11
-55
-60
-77
-90
-65
34
72
6
-12
-47
-121
-131
-90
-40
-48
-44
5
-2
-55
-58
-35
-18
3
0
24
-1
-87
-68
34
15
-31
36
78
-5
-79
-46
7
-31
-55
-8
-14
-111
-168
-61
-18
-15
43
71
47
-54
-103
-21
14
-1
11
18
-7
-20
6
8
-32
-7
33
45
42
5
-19
-50
-33
12
54
80
77
46
-26
-70
-47
17
45
95
100
67
17
-17
23
24
45
94
145
130
46
26
45
17
1
77
125
69
3
13
5
-48
-17
59
90
45
31
38
-16
-40
-3
25
30
29
45
20
-28
-49
-48
-59
-44
-28
-16
-19
-85
-100
-94
-71
-42
-4
23
17
-51
-59
-19
-30
26
77
91
64
40
27
37
42
90
162
146
93
52
12
-13
3
54
77
50
21
-6
-60
-92
-49
0
11
3
-22
-77
-129
-116
-57
-27
-5
10
-10
-73
-123
-94
-34
-19
-30
-17
-16
-76
-92
-62
-35
-13
-20
3
-2
-58
-83
-62
-47
-43
-37
-9
0
-33
-57
-38
-17
-33
-49
-33
-34
-23
-27
-8
-22
-64
-64
-28
-33
-49
-36
-5
7
-25
-22
-44
-49
-38
19
41
21
17
-8
-18
-9
19
48
92
67
55
48
24
35
32
42
62
87
66
74
66
60
72
87
114
105
122
112
92
70
68
61
37
37
50
46
29
42
67
48
21
3
-16
-28
-39
-19
2
0
-11
-6
-23
-49
-27
-21
-18
10
18
2
-16
-28
-33
-28
-32
6
31
46
31
9
-1
-18
-32
-12
29
27
22
10
16
-7
-17
-9
22
23
19
26
28
1
-30
-33
-28
-16
-1
49
37
8
-19
-43
-86
-94
-51
-6
1
-35
-36
-75
-98
-82
-57
-28
-38
-37
-29
-55
-92
-79
-55
-27
-22
-3
-17
-5
5
-10
9
3
12
-3
1
8
3
-2
23
25
7
13
5
8
1
-8
-12
-13
0
8
-16
-21
-21
-16
-26
-5
9
-3
-2
-8
-2
-1
-9
13
5
9
0
-7
-12
-33
-18
-26
-5
-17
-24
-23
-17
1
-4
-1
-1
-3
6
7
17
23
12
31
32
28
20
20
40
38
41
56
64
33
9
13
13
20
20
45
47
23
12
24
35
25
39
31
15
-7
-20
2
10
27
53
40
27
-4
-11
4
9
42
62
53
42
23
-4
8
25
41
82
58
40
17
-15
-7
-12
10
23
34
22
-10
-33
-38
-21
-14
11
9
6
-16
-25
-44
-37
-16
-5
10
-13
-33
-48
-36
-32
-12
-10
-18
-24
-42
-42
-31
-23
-17
-1
3
-21
-33
-50
-32
-23
-6
4
-4
14
-14
-30
-35
-21
-4
-5
1
-13
-43
-71
-64
-54
-41
-34
-13
-10
-40
-61
-60
-57
-50
-54
-38
-32
-46
-39
-43
-40
-35
-34
-31
-36
-32
-21
-24
-20
-5
7
12
22
36
33
10
10
24
26
25
26
32
29
35
40
48
44
49
50
54
43
34
43
38
37
38
40
31
36
37
34
33
25
31
19
9
11
4
8
15
18
19
30
23
28
13
14
17
7
9
7
9
11
15
16
13
12
12
11
24
17
18
22
9
18
16
12
27
31
35
25
31
39
19
21
28
39
18
9
15
9
-4
-2
12
8
-8
-14
-19
-44
-50
-38
-32
-38
-43
-33
-41
-59
-51
-46
-47
-33
-24
-29
-38
-43
-39
-41
-38
-27
-17
-7
-5
-7
-16
-18
-16
-20
-16
-8
-6
-14
-11
-15
-14
-10
-7
-8
-6
-4
-3
-15
-13
-10
-17
-1
-2
-3
-2
3
-3
1
0
-11
-11
-21
-13
-26
-23
-15
-9
-1
-1
-2
-10
-16
-18
-14
-5
-3
-1
-6
-1
-4
-6
2
16
12
11
12
10
12
13
21
16
28
24
26
30
21
30
31
20
20
11
3
6
9
22
29
22
36
28
9
9
15
21
20
21
20
18
10
10
10
20
20
22
19
20
17
11
14
10
11
5
7
9
8
3
4
7
7
8
1
-7
-10
-7
-1
2
10
10
10
13
6
2
-3
5
7
7
9
1
-11
-8
-6
-8
-2
-9
0
-8
-14
-23
-25
-22
-15
-16
-14
-15
-20
-12
-8
-13
-13
-14
-12
-10
-18
-7
-7
-2
-5
3
9
5
3
-2
-4
-2
3
5
-4
-4
-9
-12
-11
-9
-1
-9
-2
-12
-9
-21
-18
-16
-18
-11
-8
-1
-8
-3
-10
-3
-13
-12
-12
-7
-10
-6
-9
-9
-9
-10
0
-6
-3
-6
-5
-13
-11
-8
-7
-13
-13
-2
-3
-5
0
2
-4
-7
-8
-1
-9
0
2
11
15
17
17
18
19
11
14
11
11
7
13
7
9
3
6
7
4
9
6
12
4
7
-8
-2
-11
8
2
-3
0
2
2
-4
5
2
10
7
19
6
10
8
7
11
13
10
7
17
3
7
1
2
2
2
7
7
5
6
14
13
11
18
19
18
14
21
23
18
23
27
21
21
28
22
19
20
16
17
9
12
6
6
8
9
8
1
8
1
-2
-5
-3
-13
-16
-15
-16
-13
-21
-14
-19
-18
-21
-21
-21
-24
-20
-30
-26
-27
-25
-24
-28
-24
-26
-27
-19
-19
-26
-23
-21
-18
-21
-22
-19
-20
-19
-12
-15
-17
-20
-19
-8
-13
-12
-6
-7
-6
-9
-2
1
3
-2
3
5
-3
2
-6
3
-1
1
7
5
4
3
3
-6
1
-6
1
0
-4
2
-4
6
-1
10
4
4
8
10
16
14
18
13
22
17
23
17
20
17
15
18
16
23
9
18
13
12
6
11
10
9
13
16
16
10
7
7
1
10
5
9
2
3
9
3
5
-6
5
0
4
-2
8
2
1
2
-3
3
-9
-6
-7
-9
-10
-13
-10
-10
-11
-11
-12
-11
-13
-7
-6
0
-5
1
-4
-1
2
6
10
10
17
12
15
10
12
9
13
13
16
15
11
7
5
10
5
8
5
9
8
2
5
0
7
5
9
5
5
5
4
12
5
8
1
0
0
-4
-7
-11
-7
-10
-6
-14
-13
-14
-18
-16
-19
-19
-23
-26
-31
-29
-33
-29
-31
-28
-28
-30
-29
-28
-29
-26
-29
-29
-19
-20
-18
-17
-12
-11
-12
-10
-4
-5
-1
0
-2
1
2
10
7
14
14
15
15
12
17
11
15
13
9
12
12
12
12
15
11
12
13
16
16
13
19
15
20
15
15
11
10
12
10
14
9
11
6
7
5
1
2
1
1
-2
0
3
4
6
3
6
2
-3
0
-4
-1
5
1
5
1
6
1
3
6
5
3
5
7
1
3
-4
1
-3
0
3
2
3
-3
5
-1
4
4
5
8
5
8
4
6
7
7
7
7
5
0
0
-4
1
0
2
4
1
3
0
0
-3
0
-5
1
-3
-1
-4
-4
-1
1
2
0
3
-4
-2
-7
-3
-6
-3
-4
-2
-11
-10
-7
-11
-2
-8
-5
-8
-5
-6
-4
-6
-5
-4
-9
-5
-10
-6
-10
-7
-7
-7
-10
-12
-16
-16
-16
-23
-14
-16
-19
-20
-23
-22
-22
-19
-16
-14
-15
-13
-10
-11
-9
-8
-9
-4
-7
-3
-1
-4
-2
-3
-3
4
-1
5
6
5
8
7
7
8
12
7
14
10
14
14
14
18
20
23
20
22
17
21
18
25
22
22
25
23
20
20
17
14
12
14
8
7
5
5
1
-1
6
1
4
2
7
5
5
4
10
6
6
9
7
9
5
5
4
2
2
-1
-6
-4
-4
-4
-6
-5
-6
-5
-6
-8
-8
-6
-5
-7
-3
-4
-2
-4
0
-4
0
-3
2
3
2
3
3
1
-2
1
-5
-3
-8
-6
-10
-7
-10
-13
-17
-12
-12
-12
-10
-12
-12
-13
-13
-11
-7
-9
-3
-7
-4
-9
-6
-7
-4
-3
-1
1
-3
-1
-7
-3
-6
-5
-7
-6
-5
-8
-8
-8
-6
-8
-7
-7
-4
-4
-5
-1
-1
3
3
0
1
1
4
2
5
2
1
3
-2
0
-2
-2
1
3
3
1
1
3
3
3
4
12
12
10
8
6
7
7
11
13
14
8
9
9
11
9
7
9
9
10
0
8
2
7
3
7
7
3
2
3
10
4
9
4
5
0
0
2
4
7
4
4
-1
-1
-3
-3
-1
1
1
-6
-2
-4
-8
-6
-5
1
-6
-3
-2
-4
-6
-1
1
-2
1
0
1
-2
2
-3
4
1
-2
0
-3
3
1
1
-2
-5
-5
-3
-4
-8
-5
-6
-4
-2
-2
-1
1
0
2
2
0
1
4
2
3
-1
-2
0
1
-1
-2
-1
-1
0
-3
1
-6
-3
1
-1
3
2
2
0
0
-2
-1
2
1
4
0
2
0
0
0
-2
0
0
1
-4
-1
-7
-5
-6
-8
-9
-12
-10
-10
-9
-10
-10
-11
-6
-6
-3
-2
-5
-1
-3
-4
-4
-3
-3
0
1
1
2
1
1
2
-1
-1
-1
-3
2
-3
0
3
4
4
5
2
1
5
3
9
4
4
7
5
8
5
8
4
9
7
8
7
7
9
7
10
6
4
4
4
5
2
5
3
4
3
4
7
4
6
3
3
1
0
2
0
2
2
-1
-4
1
-4
2
-1
-1
0
-4
0
-5
-3
-2
1
-3
-3
-4
-7
-6
-5
-5
-6
-3
-2
-1
-6
-3
-7
-4
-4
-5
-5
-4
-1
-6
-1
-7
2
1
0
1
1
4
3
10
2
9
0
7
4
4
8
1
8
2
8
3
5
4
4
3
1
5
-1
-1
-1
-1
-1
-6
-3
-6
-7
-6
-4
-3
-5
-3
-7
-3
-5
0
2
1
1
-1
0
-4
1
-2
-1
-3
-6
-4
-6
-5
-8
-6
-7
-5
-2
-6
-3
-10
-4
-7
-7
-9
-12
-10
-10
-4
-7
0
-1
2
0
2
3
3
5
3
7
2
2
1
-4
3
-1
4
6
3
1
-2
1
-1
6
4
9
5
5
6
5
4
5
4
5
9
3
10
11
9
10
10
11
11
8
11
10
6
9
6
8
6
2
2
1
1
-1
0
-5
-4
-7
-7
-7
-5
-6
-7
-6
-4
-4
-9
-3
-6
-5
-7
-7
-4
-6
-6
-8
-8
-9
-7
-7
-1
-2
-2
-2
-3
-2
-4
-2
-1
-2
0
2
0
4
6
6
8
10
15
14
17
12
13
12
11
16
11
13
8
12
10
7
4
2
5
3
5
0
-2
-1
-2
-4
-6
-9
-6
-4
-5
-1
-7
-5
-4
-6
-7
-6
-6
-5
-6
-8
-10
-12
-13
-10
-11
-13
-11
-10
-8
-8
-7
-10
-10
-12
-14
-16
-10
-7
-6
-1
-2
2
0
4
0
1
1
5
9
4
2
0
-1
-1
0
-1
-3
-3
-2
-4
-6
-3
-2
-1
1
0
0
0
1
2
0
2
1
3
5
6
5
7
8
9
10
8
10
5
6
5
3
3
2
5
2
4
3
10
6
7
9
4
6
4
11
6
6
7
7
6
3
7
7
7
4
3
3
0
-1
-1
-2
-1
0
0
-2
2
1
3
3
3
1
2
5
-1
0
-2
1
1
4
4
-1
-1
1
-3
-1
0
-1
-3
-5
-5
-6
-7
-6
-4
-5
-4
-6
-8
-6
-5
-3
-6
-5
-4
-2
-2
-3
-2
-4
-3
-2
2
2
1
0
-2
0
-4
-1
0
3
0
2
0
-2
-1
-5
-2
-7
-6
-4
-4
-5
-4
-2
-3
-5
-4
-3
-9
-11
-9
-12
-10
-10
-6
-7
-8
-5
-6
-3
-8
-2
-1
1
2
1
1
-1
4
3
8
3
10
10
8
10
7
8
7
8
5
2
1
2
2
3
5
4
7
6
7
7
7
7
4
6
4
2
2
2
4
6
3
2
4
4
2
2
2
2
1
0
-3
-5
-3
-2
0
-3
-2
-2
2
1
5
1
4
5
0
5
1
5
5
4
3
1
2
0
3
1
-1
-1
-8
-8
-10
-11
-10
-6
-8
-7
-7
-5
-4
-6
-7
-7
-5
-3
-1
-1
1
2
5
5
7
7
6
5
6
4
4
4
1
0
-1
1
1
2
0
-2
-4
-3
-6
-6
-6
-7
-4
-5
-2
-1
-1
-1
-2
-3
0
-2
0
-3
0
-2
1
2
0
-1
-1
1
1
1
-1
-2
-2
-4
-4
-1
-3
-1
1
1
1
1
2
7
5
7
9
7
6
10
6
8
7
6
9
5
9
7
6
6
5
3
0
2
0
-1
-2
-2
-3
-6
-8
-8
-8
-6
-5
-6
-6
-8
-8
-7
-9
-9
-9
-7
-9
-7
-6
-8
-7
-6
-7
-6
-8
-9
-6
-6
-4
-6
-6
-4
-6
-5
-3
2
4
7
3
5
4
3
6
4
4
5
7
6
6
5
6
6
5
4
2
4
3
4
4
7
5
5
4
3
3
1
5
3
1
2
0
0
0
-1
1
3
5
7
9
9
9
8
10
6
7
6
8
10
8
11
8
11
8
8
4
3
4
2
1
0
-1
-3
-3
-5
-1
-5
-1
-5
-6
-2
-5
-7
-5
-6
-9
-7
-5
-5
-4
-2
-5
-6
-8
-10
-11
-10
-8
-10
-5
-3
-8
-8
-9
-7
-10
-10
-9
-8
-6
-9
-7
-6
-7
-6
-7
-5
-6
-5
-3
2
-2
-1
-1
-1
-2
-3
-2
-1
-2
-3
-4
-5
-5
-8
-5
-1
-1
1
2
5
6
8
9
10
9
10
11
8
11
12
10
13
14
14
13
10
11
13
9
11
9
11
8
7
9
9
9
12
8
6
5
3
3
2
2
0
0
-2
0
-1
0
3
2
-1
-2
-2
-1
-2
-6
-6
-10
-4
-7
-9
-9
-9
-10
-12
-13
-15
-10
-10
-8
-5
-6
-6
-4
-3
-2
-5
-6
-5
-8
-6
-4
-6
-8
-7
-7
-3
-2
-4
-1
-2
-1
-6
-5
-3
-3
-4
-2
3
5
6
9
9
8
9
8
5
7
6
8
9
7
7
7
7
9
11
10
12
12
10
10
9
7
6
3
6
4
6
6
5
2
2
0
-1
2
0
1
-1
-3
-4
-4
-5
-4
-6
-7
-10
-11
-10
-14
-11
-11
-8
-7
-9
-4
-9
-6
-8
-6
-7
-8
-7
-7
-5
-7
0
-3
2
-1
2
-1
0
-2
-1
-1
0
3
1
2
0
6
2
8
5
8
6
7
6
6
6
4
7
5
6
4
4
3
5
4
3
0
2
0
2
2
2
0
-1
1
-2
-2
0
1
-1
-4
-1
-1
0
-1
-2
-2
0
-1
-1
-2
-2
-4
-5
-1
-6
-4
-7
-7
-7
-7
-10
-8
-10
-6
-8
-10
-12
-11
-11
-10
-8
-7
-5
-6
-6
-5
-7
-4
-3
-1
0
-1
3
3
8
9
10
10
12
8
8
7
9
11
8
11
9
8
8
8
10
10
11
11
11
12
10
9
6
7
8
4
7
5
9
6
7
6
4
4
8
10
8
10
9
8
5
5
5
4
5
1
0
-3
1
-4
-1
-4
-4
-5
-8
-7
-11
-8
-11
-11
-9
-8
-5
-6
-8
-11
-13
-12
-12
-16
-14
-13
-10
-9
-11
-10
-11
-8
-7
-6
-6
-7
-8
-6
-8
-10
-11
-10
-9
-9
-7
-9
-6
-4
-3
-1
2
2
2
3
4
3
2
7
9
7
10
11
8
6
9
6
9
8
6
10
5
8
7
5
8
6
2
3
-2
-4
-3
-1
3
3
2
6
6
4
5
4
4
4
1
3
2
2
1
2
4
4
3
4
4
1
1
1
-1
-4
-6
-2
-3
-3
0
-4
-3
-7
-6
-10
-8
-10
-8
-9
-9
-8
-5
-5
-6
-5
-7
-3
-3
-3
-3
-1
0
-1
-2
0
1
-2
3
5
8
7
8
10
8
7
5
8
8
12
12
14
15
18
19
17
15
14
14
15
13
10
12
10
12
11
7
8
6
5
3
2
2
-1
1
-3
-5
-5
-5
-7
-11
-9
-12
-12
-13
-9
-11
-13
-11
-12
-13
-15
-15
-16
-10
-10
-9
-13
-12
-12
-10
-9
-8
-7
-9
-7
-8
-9
-9
-6
-6
-6
-3
-5
-3
-7
-3
-4
-4
-1
-4
-2
-2
-2
0
-1
0
0
1
2
-1
0
0
2
3
3
4
4
5
5
6
4
8
5
3
4
2
7
1
1
2
1
-2
3
2
4
3
0
5
4
5
7
5
4
3
3
3
0
-4
1
0
0
1
-3
-3
-4
-3
-2
-3
-3
-1
-2
1
1
1
4
0
-2
2
1
4
0
3
4
6
8
9
11
11
11
13
13
11
10
11
13
10
12
9
11
11
8
10
8
9
10
10
8
7
4
2
3
1
2
0
0
1
0
2
2
2
0
0
1
1
0
-3
-3
-4
-4
-3
-2
-3
-6
-4
-5
-8
-8
-8
-9
-9
-12
-12
-13
-15
-11
-15
-15
-16
-18
-16
-15
-12
-11
-12
-11
-11
-11
-12
-13
-16
-14
-14
-13
-12
-12
-13
-15
-11
-10
-9
-9
-7
-8
-2
-7
-4
-5
-4
-1
0
3
5
7
7
8
10
10
9
9
7
12
8
12
12
12
12
12
15
12
11
10
11
8
6
6
7
8
8
8
6
2
3
3
5
6
4
5
2
0
2
-4
-3
-2
-3
-1
-3
-2
-3
-3
-2
1
0
3
2
2
5
3
3
6
6
5
4
2
5
5
5
5
5
5
5
2
2
0
-2
-3
-2
-3
-6
-5
-6
0
-2
-1
0
0
-1
3
6
1
4
-1
2
2
5
5
3
6
7
4
8
7
5
7
7
6
7
6
6
6
5
8
4
7
7
8
7
7
4
5
5
3
4
0
1
-3
-3
-6
-3
-2
-4
-6
-5
-7
-10
-11
-11
-14
-14
-14
-17
-16
-21
-21
-23
-27
-28
-26
-24
-25
-24
-22
-20
-20
-19
-19
-18
-16
-15
-12
-10
-7
-9
-5
-4
-3
0
2
2
2
3
2
2
0
7
3
7
6
7
7
10
12
10
13
11
12
11
11
9
13
10
14
10
9
10
12
13
14
12
11
12
12
13
15
14
13
11
12
12
9
9
6
6
5
8
2
4
3
4
1
2
-1
-4
-5
-9
-6
-7
-4
-5
-2
-2
-3
-2
-3
-1
1
1
3
1
0
2
2
3
2
0
0
-1
0
0
-3
-3
0
4
4
4
3
2
0
-1
2
0
0
0
3
3
9
9
14
8
10
12
11
11
8
10
10
11
11
12
7
6
5
3
2
-1
-4
-4
-7
-8
-5
-8
-4
-4
-7
-9
-9
-9
-10
-11
-10
-12
-15
-16
-17
-19
-18
-16
-17
-17
-18
-19
-20
-20
-19
-16
-18
-17
-16
-16
-15
-17
-14
-14
-9
-11
-7
-6
-6
-4
-6
-4
-10
-6
-10
-7
-3
-3
0
-3
-3
-2
-5
-4
-4
-2
0
3
8
7
7
7
6
9
4
9
7
8
12
12
11
14
17
17
19
16
19
22
21
15
20
14
17
17
17
19
15
17
19
18
13
15
8
8
4
4
6
3
5
5
8
5
7
4
4
1
3
3
1
4
0
-1
-2
-3
-2
-3
-5
-6
-5
-11
-8
-9
-5
-5
-7
-6
-6
-8
-5
-4
-4
-1
-2
-2
-3
-1
-3
0
-3
2
4
-2
6
1
3
5
7
9
10
8
9
12
10
14
11
7
5
5
6
6
7
1
3
1
-3
-4
-12
-11
-15
-13
-13
-14
-17
-18
-17
-22
-19
-21
-15
-15
-16
-12
-12
-11
-11
-10
-12
-14
-12
-12
-12
-11
-13
-9
-12
-10
-11
-15
-12
-13
-9
-10
-7
-9
-7
-8
-5
-5
-4
-1
1
-3
-5
-3
-4
3
0
4
2
5
7
7
5
6
4
2
5
5
4
2
5
4
5
4
5
4
1
1
0
-1
2
2
4
6
9
13
17
16
19
16
19
19
15
16
18
19
16
18
17
18
16
17
18
15
15
13
12
14
15
15
13
11
10
9
8
9
9
5
8
9
7
4
1
-1
-4
