5
7
7
8
7
7
7
8
6
8
8
7
8
9
9
8
10
11
9
9
11
9
8
9
7
6
7
6
4
4
6
7
5
6
8
7
6
8
10
10
9
9
11
12
12
12
12
12
11
12
11
10
9
8
5
6
6
4
5
6
7
7
6
6
3
3
1
1
-1
-4
-4
-6
-5
-6
-8
-8
-9
-10
-10
-11
-11
-14
-14
-15
-13
-13
-13
-12
-14
-13
-13
-11
-10
-11
-12
-13
-10
-11
-12
-12
-11
-10
-13
-13
-12
-12
-12
-12
-12
-13
-14
-13
-13
-13
-12
-10
-9
-11
-12
-12
-12
-12
-11
-10
-10
-9
-9
-9
-9
-8
-8
-7
-6
-4
-4
-3
-5
-3
-2
-4
-5
-3
0
-1
0
1
3
4
6
6
3
6
9
11
11
13
13
13
13
14
15
13
15
16
16
16
15
13
13
14
13
15
16
16
15
15
16
16
14
14
12
15
13
13
14
12
12
13
12
14
12
13
13
12
10
8
8
7
7
6
5
6
6
6
6
2
0
0
-1
0
-2
-2
-1
-4
-3
-1
-2
-4
-4
-3
-3
-3
-6
-9
-10
-10
-10
-9
-7
-6
-6
-5
-4
-4
-4
-4
-4
-4
-3
-1
0
1
0
1
1
0
0
0
-2
-2
-3
-5
-5
-6
-8
-8
-8
-8
-9
-9
-10
-11
-11
-12
-13
-13
-13
-13
-15
-14
-15
-15
-15
-15
-14
-13
-15
-15
-16
-15
-14
-13
-14
-12
-11
-8
-9
-9
-6
-8
-7
-7
-7
-6
-5
-4
-7
-7
-7
-7
-8
-9
-10
-9
-5
-4
-4
-2
-2
-1
2
2
2
3
5
6
6
7
6
7
8
10
11
11
16
16
16
18
19
18
18
20
22
21
21
20
22
19
20
20
20
20
19
21
18
21
21
20
20
21
21
18
18
17
18
16
15
15
12
12
11
10
10
9
7
6
5
4
1
-2
0
-1
-3
-2
-2
-4
-4
-3
-2
-3
-4
-6
-6
-7
-6
-7
-7
-10
-10
-8
-8
-8
-8
-6
-7
-9
-10
-13
-14
-16
-16
-17
-16
-17
-16
-13
-13
-13
-14
-13
-14
-15
-15
-15
-16
-16
-15
-14
-14
-14
-13
-13
-12
-12
-10
-10
-9
-10
-7
-6
-5
-4
-2
-3
-4
0
-2
-1
1
1
0
0
1
1
-1
0
-2
0
1
1
1
0
1
0
0
-2
-2
-2
-2
-4
-4
-5
-6
-6
-7
-6
-5
-4
-3
-1
-1
-1
-1
-1
-1
-3
-3
-3
0
0
3
4
4
7
8
8
8
10
10
12
12
13
13
14
14
16
14
14
14
14
14
15
15
16
16
15
15
13
13
14
13
14
15
13
13
15
14
12
13
13
13
11
10
9
9
8
8
6
5
6
6
5
4
4
4
2
2
1
-1
0
-1
-3
-2
-1
-1
-3
-6
-4
-6
-5
-5
-7
-7
-9
-9
-9
-9
-9
-7
-9
-10
-10
-10
-9
-9
-10
-8
-8
-9
-9
-10
-11
-12
-11
-11
-9
-8
-7
-7
-8
-8
-10
-9
-11
-10
-8
-9
-9
-10
-9
-10
-10
-10
-10
-9
-7
-6
-7
-5
-6
-6
-4
-4
-4
-6
-4
-3
-4
-5
-5
-4
-4
-5
-2
-5
-3
-2
-2
-3
-4
-3
-5
-3
-2
-3
-1
0
-1
-1
-1
0
1
2
3
3
1
1
1
2
2
1
3
3
4
5
4
2
2
2
3
3
2
2
2
1
3
3
4
5
8
8
7
10
8
8
10
9
10
9
12
13
12
12
13
13
12
13
12
13
13
11
11
10
13
12
11
12
14
15
14
13
11
10
10
12
12
10
11
11
12
11
11
9
7
9
7
6
5
4
2
4
4
2
-1
0
0
-1
-1
-1
-1
-3
-2
-2
-5
-5
-5
-7
-7
-7
-7
-9
-9
-10
-10
-11
-12
-14
-16
-16
-16
-16
-15
-15
-17
-16
-17
-19
-17
-20
-19
-20
-21
-21
-21
-20
-19
-19
-19
-18
-18
-17
-17
-17
-16
-16
-14
-14
-12
-11
-8
-8
-7
-5
-5
-5
-3
-2
-2
-2
-4
-2
-1
1
2
3
5
5
6
6
5
6
5
3
3
5
6
6
6
4
6
4
5
3
5
2
3
5
6
5
5
9
9
9
9
10
10
9
10
10
10
9
11
12
12
15
15
13
14
14
13
13
13
13
12
12
11
12
12
9
9
8
8
8
8
8
7
9
12
10
10
11
11
10
11
9
10
9
8
10
9
10
9
10
10
8
8
7
5
5
3
4
2
1
2
2
-1
-1
0
-1
-1
-2
-3
-5
-5
-4
-5
-7
-5
-8
-8
-10
-9
-11
-10
-11
-11
-12
-13
-13
-14
-15
-16
-14
-17
-16
-16
-16
-15
-15
-16
-18
-17
-17
-19
-19
-18
-18
-15
-15
-15
-16
-15
-13
-12
-13
-14
-12
-13
-12
-13
-12
-13
-11
-11
-9
-8
-8
-8
-8
-9
-8
-7
-7
-7
-7
-5
-5
-4
-3
-1
-1
0
0
1
3
5
8
9
8
7
8
10
9
10
10
12
11
12
11
12
10
11
12
10
11
11
10
10
10
10
9
8
11
10
12
11
10
10
10
12
13
12
12
14
15
18
16
15
16
15
16
17
14
15
15
15
15
14
12
11
11
11
12
11
10
9
8
10
11
9
7
6
5
4
3
1
1
1
-1
1
0
-1
1
-1
-1
-2
0
-2
-4
-4
-4
-5
-4
-6
-6
-6
-6
-9
-9
-8
-11
-9
-11
-11
-11
-12
-10
-12
-13
-14
-15
-15
-17
-19
-18
-17
-18
-18
-17
-19
-20
-20
-18
-19
-20
-21
-20
-19
-16
-17
-18
-16
-16
-14
-14
-12
-12
-12
-12
-11
-10
-9
-8
-8
-6
-5
-5
-6
-5
-4
-3
-1
1
3
2
2
3
3
5
5
5
6
7
8
10
11
10
12
14
16
14
14
14
13
14
14
14
15
15
15
15
14
16
15
13
12
11
10
10
10
8
10
9
8
6
5
6
4
3
2
1
1
0
-1
1
1
0
1
2
1
-1
0
2
0
0
1
0
0
0
2
3
4
3
3
4
5
3
3
3
4
3
2
3
2
3
3
4
5
4
4
5
6
7
6
7
9
8
7
9
9
8
7
8
8
6
7
5
6
6
6
2
2
2
0
1
0
-1
-3
-3
-3
-6
-8
-9
-8
-10
-10
-12
-12
-13
-15
-14
-14
-15
-15
-16
-16
-17
-18
-18
-19
-17
-18
-18
-19
-20
-21
-20
-19
-18
-17
-17
-17
-16
-16
-15
-16
-14
-15
-14
-13
-12
-10
-8
-8
-7
-7
-5
-3
-3
-2
1
4
5
6
6
7
7
8
8
8
8
11
12
13
13
13
13
13
13
13
13
13
14
13
12
12
11
10
12
12
12
12
11
11
10
7
6
4
2
1
2
4
5
3
4
5
3
3
0
1
-1
0
2
0
1
3
5
5
4
6
8
7
6
4
4
3
2
3
4
5
7
7
7
7
5
7
6
5
6
8
7
7
8
6
7
8
8
6
7
8
7
8
8
8
7
9
9
8
7
5
4
4
4
3
2
2
0
-1
-3
-3
-2
-3
-3
-4
-5
-8
-7
-7
-10
-11
-11
-10
-11
-13
-11
-12
-14
-14
-16
-15
-17
-17
-18
-19
-18
-19
-19
-21
-21
-22
-22
-21
-23
-21
-19
-19
-18
-18
-15
-12
-12
-10
-8
-7
-6
-3
-4
-3
-2
-2
-1
0
1
0
1
2
4
3
4
3
2
4
2
1
3
1
3
4
4
3
4
6
5
3
3
6
7
6
5
8
7
7
8
6
5
4
6
4
4
6
7
6
5
7
7
8
9
9
10
9
10
11
9
8
10
12
13
13
13
14
13
13
13
14
13
13
14
13
12
11
11
13
13
10
9
9
9
9
8
7
9
9
10
10
7
6
6
7
6
5
2
0
-1
-1
0
-1
-2
-3
-1
-2
-1
-2
-2
-2
-2
-3
-1
-4
-5
-3
-3
-3
-5
-5
-6
-5
-7
-8
-9
-10
-10
-12
-11
-11
-12
-12
-13
-13
-15
-15
-16
-17
-17
-18
-17
-17
-19
-15
-16
-16
-15
-17
-17
-18
-17
-14
-14
-15
-15
-15
-14
-15
-14
-14
-13
-10
-12
-8
-8
-6
-8
-5
-2
-2
-2
0
-2
-2
-1
0
1
0
2
3
3
4
3
4
2
3
5
5
2
2
3
3
4
3
4
6
6
6
7
7
6
8
9
8
12
12
13
13
14
15
15
14
15
14
14
13
13
14
14
12
13
13
12
12
12
11
11
12
12
9
8
10
12
11
12
12
11
12
14
12
10
13
13
14
15
14
14
12
11
13
10
7
4
4
4
4
4
3
2
2
4
4
4
2
0
1
-1
-2
-4
-4
-6
-6
-4
-6
-9
-9
-10
-11
-14
-15
-17
-19
-18
-16
-18
-18
-18
-19
-19
-17
-17
-19
-19
-18
-18
-17
-17
-18
-18
-20
-16
-16
-18
-17
-18
-15
-15
-16
-17
-17
-17
-17
-16
-16
-15
-13
-14
-11
-10
-9
-8
-7
-7
-7
-5
-6
-5
-3
0
-2
-2
-3
0
0
1
1
2
2
5
8
7
6
7
9
11
10
12
13
13
13
15
15
13
16
17
16
16
17
17
17
17
19
17
14
14
14
12
13
14
13
14
14
14
12
11
11
11
10
10
9
10
12
12
13
13
11
10
10
9
7
8
8
6
5
5
6
3
4
4
3
1
-1
-1
-3
-2
-3
-3
-5
-4
-1
-2
-5
-5
-7
-6
-4
-5
-5
-7
-7
-6
-6
-5
-4
-5
-6
-5
-7
-8
-7
-9
-9
-8
-10
-10
-9
-9
-8
-9
-9
-11
-10
-9
-9
-10
-10
-8
-9
-9
-9
-9
-7
-8
-7
-7
-6
-4
-5
-5
-4
-4
-2
-2
-3
-2
-2
-3
-3
-2
-2
-4
-1
1
0
1
0
2
1
0
0
0
0
0
-2
-3
-2
-3
0
0
0
1
0
1
1
0
-1
0
-2
0
-1
-2
-2
-1
-4
-4
-4
-5
-8
-8
-6
-8
-11
-8
-8
-7
-5
-3
-2
-1
1
3
5
5
6
5
7
8
9
10
12
12
13
15
15
14
14
14
16
14
16
15
15
16
16
16
18
17
17
17
17
15
14
13
11
10
8
9
8
7
6
5
5
4
3
0
0
-2
-2
-4
-4
-4
-4
-4
-4
-6
-9
-9
-10
-9
-11
-8
-10
-10
-9
-9
-10
-12
-9
-8
-8
-7
-7
-7
-6
-8
-6
-8
-10
-8
-7
-6
-5
-5
-6
-6
-6
-3
-2
-4
-4
-1
-3
-2
-3
-4
-4
-2
2
1
-1
1
2
2
5
4
3
3
3
4
7
6
6
6
9
9
6
3
1
0
-1
0
0
-2
-4
-2
0
0
-3
-4
-6
-6
-7
-6
-6
-5
-7
-6
-3
-4
-6
-7
-7
-8
-7
-8
-8
-9
-7
-7
-7
-6
-9
-8
-9
-8
-10
-10
-7
-10
-9
-11
-7
-7
-8
-6
-6
-7
-4
-4
-5
-5
-3
-2
-2
-1
2
4
5
6
8
9
11
12
12
11
13
16
18
17
18
18
17
18
19
20
19
20
20
21
22
21
19
19
21
21
22
21
22
19
19
19
18
15
13
14
13
12
10
8
5
4
4
1
0
-2
-4
-3
-7
-9
-13
-11
-12
-12
-12
-15
-16
-18
-18
-18
-19
-21
-20
-20
-18
-19
-18
-18
-16
-15
-15
-14
-14
-14
-13
-11
-12
-10
-8
-10
-9
-9
-8
-10
-11
-9
-6
-6
-6
-5
-7
-7
-8
-6
-7
-6
-6
-6
-2
0
0
0
1
3
3
6
6
5
5
8
6
6
7
5
5
6
8
6
5
5
5
5
5
4
3
6
5
3
2
2
0
-2
0
1
-4
-4
-4
-3
-6
-6
-4
-8
-8
-6
-5
-8
-8
-7
-7
-5
-5
-5
-5
-2
3
3
2
4
5
5
5
6
5
6
5
6
7
5
5
5
6
8
8
6
8
7
7
9
9
8
8
10
11
13
13
15
14
13
15
16
15
15
14
15
16
14
13
13
12
11
13
11
10
10
11
9
7
10
6
7
9
8
4
5
5
4
3
2
2
-1
-2
-3
-4
-7
-8
-10
-11
-13
-14
-15
-16
-17
-18
-18
-19
-21
-23
-23
-22
-23
-23
-22
-24
-24
-26
-25
-29
-28
-27
-27
-25
-23
-22
-22
-19
-19
-16
-15
-11
-11
-8
-7
-6
-2
-2
0
0
-1
2
3
4
7
6
8
8
7
9
9
9
8
9
7
7
8
5
5
5
6
6
7
7
7
6
8
9
8
9
11
11
10
11
12
13
14
12
13
12
12
13
12
13
14
16
15
13
14
12
11
12
11
11
10
10
9
7
5
5
5
5
6
3
3
3
1
2
3
2
-1
0
0
-1
-4
-4
-3
-3
-3
-4
-4
-4
-3
-2
-1
-1
-2
-2
0
1
3
2
2
4
3
4
3
3
4
2
2
3
2
0
-1
-1
-2
-3
-1
-1
-2
-3
-4
-4
-5
-4
-5
-4
-2
-3
-6
-6
-6
-6
-6
-7
-8
-10
-9
-9
-11
-12
-11
-12
-14
-16
-14
-18
-20
-20
-21
-21
-20
-19
-20
-21
-20
-16
-14
-16
-14
-15
-12
-10
-9
-9
-10
-7
-4
-3
-3
-4
-3
-2
0
0
0
1
4
6
6
7
7
8
9
11
11
9
12
13
13
11
9
9
11
10
10
11
10
13
14
15
14
16
15
16
16
15
16
18
20
17
16
17
18
18
19
15
14
15
13
10
6
7
9
10
11
9
8
10
10
10
7
5
5
5
5
4
0
0
3
3
1
-1
-1
0
-2
-3
-5
-8
-7
-7
-8
-12
-11
-11
-8
-9
-11
-13
-11
-10
-8
-8
-12
-11
-11
-8
-11
-13
-16
-13
-10
-8
-8
-11
-8
-6
-3
-3
-4
-7
-5
-2
-4
-3
-7
-4
-3
-2
-2
-5
-7
-5
-5
-6
-8
-9
-10
-9
-9
-9
-9
-9
-8
-7
-10
-10
-11
-9
-8
-7
-5
-6
-6
-4
-3
-4
-5
-5
-3
-3
-3
-1
-3
-5
-2
-1
-3
-2
-3
-3
-1
0
0
-1
-1
2
4
4
6
6
6
8
10
9
6
6
8
8
9
6
6
10
10
11
10
10
11
12
15
13
13
13
16
16
14
14
13
14
15
14
16
16
16
17
14
12
13
14
12
13
11
11
13
14
14
12
9
10
9
9
7
4
3
4
3
3
0
-2
-3
-3
-4
-8
-10
-12
-14
-15
-16
-16
-17
-18
-16
-13
-14
-14
-14
-14
-14
-13
-11
-13
-14
-11
-8
-7
-6
-6
-7
-4
-2
-3
-5
-7
-5
-4
-5
-4
-4
-3
-4
-1
-3
-6
-8
-8
-8
-8
-9
-8
-9
-9
-5
-5
-6
-6
-4
-5
-4
-6
-6
-7
-4
-4
-6
-3
-4
-3
-3
-4
-4
-3
0
0
-1
-3
1
2
2
2
2
2
3
3
1
-2
-2
-1
0
0
0
-3
-5
0
1
-2
-3
-2
-1
-2
0
-2
-4
-2
0
1
1
2
2
3
3
5
5
4
7
9
12
14
14
15
17
18
19
15
13
13
13
12
13
12
9
10
14
13
12
12
12
14
14
15
13
10
13
13
13
13
13
13
13
12
13
11
9
8
8
7
5
5
3
2
2
-1
-1
0
-1
-2
-5
-5
-5
-5
-6
-8
-7
-8
-8
-6
-8
-10
-11
-11
-14
-15
-12
-13
-13
-11
-9
-15
-20
-19
-17
-17
-16
-20
-19
-18
-14
-12
-15
-15
-16
-12
-11
-12
-13
-12
-8
-6
-5
-3
-5
-4
-3
-2
-1
-4
-4
-6
-6
-4
-3
-3
-3
-2
-1
1
-1
-2
-3
-6
-4
-1
-4
-5
-3
0
1
0
0
-3
-5
-1
1
2
-2
0
1
3
6
7
3
3
7
4
4
1
2
3
4
7
5
0
1
3
1
2
1
1
2
6
8
5
5
6
9
13
11
9
9
9
11
10
8
7
9
11
13
11
11
10
11
14
12
12
13
15
18
19
18
15
14
16
17
16
13
11
11
12
14
12
11
9
10
11
10
8
6
6
6
6
4
1
-1
0
0
0
-3
-4
-3
-1
-4
-8
-8
-9
-10
-10
-12
-14
-17
-15
-14
-17
-19
-19
-19
-19
-18
-19
-22
-20
-17
-16
-19
-18
-17
-17
-14
-13
-13
-15
-14
-11
-10
-11
-10
-11
-11
-8
-7
-7
-9
-9
-7
-6
-6
-5
-9
-11
-9
-8
-7
-8
-7
-6
-4
-1
-2
-6
-5
-2
-1
-2
-2
-1
0
1
4
3
2
3
4
3
4
7
7
6
8
11
10
10
13
16
13
9
9
8
7
6
6
7
8
3
6
7
6
8
5
2
1
1
3
5
1
-1
5
6
8
8
7
5
7
8
7
5
4
7
10
12
12
14
12
13
13
12
12
9
11
13
12
11
10
9
9
8
5
4
4
4
5
3
1
1
0
1
-1
-1
2
1
1
1
2
1
1
0
0
0
0
1
1
0
0
-1
-3
-2
-5
-5
-3
-2
-4
-5
-3
-3
-2
-1
2
0
-2
-1
0
-2
-2
-1
0
-2
0
1
-2
-3
-3
-4
-7
-10
-9
-11
-14
-13
-16
-18
-18
-21
-20
-24
-24
-26
-30
-30
-29
-27
-29
-29
-28
-28
-27
-24
-24
-24
-24
-20
-18
-17
-16
-15
-12
-8
-5
-2
0
2
6
8
7
8
9
11
12
12
14
14
14
13
15
14
14
14
14
16
14
12
13
14
12
16
17
14
14
15
16
14
15
14
13
13
18
20
18
18
17
19
19
19
17
13
12
13
12
10
9
9
8
7
7
5
2
2
4
2
2
2
1
0
-1
0
0
2
1
2
2
3
3
-1
0
1
1
1
3
2
-2
1
1
2
-1
-1
0
-1
-2
-3
-3
-2
-1
0
2
1
2
2
2
3
2
1
0
-1
-1
-1
-2
-2
-3
-1
-2
-2
-2
-4
-7
-7
-4
-8
-12
-11
-10
-10
-9
-12
-14
-14
-13
-12
-14
-19
-19
-18
-17
-16
-21
-22
-21
-18
-17
-18
-21
-19
-17
-17
-17
-18
-19
-19
-16
-15
-15
-17
-17
-14
-12
-11
-9
-11
-10
-8
-7
-6
-7
-6
-3
-2
-1
-1
1
0
4
6
9
11
13
12
10
13
15
15
12
14
17
18
21
23
20
19
20
20
19
17
15
15
14
16
17
17
16
16
18
16
14
13
12
11
12
13
13
11
13
13
13
13
11
11
11
12
14
12
10
11
12
12
14
14
11
10
13
10
8
6
6
7
8
7
7
4
3
5
3
2
-4
-4
-5
-5
-6
-8
-8
-8
-9
-9
-8
-9
-12
-12
-12
-15
-15
-16
-18
-20
-19
-18
-19
-21
-21
-19
-18
-18
-19
-19
-19
-19
-18
-19
-18
-16
-15
-11
-10
-9
-8
-9
-9
-6
-7
-8
-8
-7
-7
-5
-1
-1
-2
-1
3
1
-1
-2
-2
-2
-1
-2
-2
-2
-1
2
2
1
-2
-2
-2
-2
-3
-6
-6
-5
-3
-3
-2
-1
-1
-2
0
-1
-1
-1
-1
0
2
3
3
3
4
6
7
8
9
7
9
10
10
10
13
14
13
16
16
15
13
12
12
12
10
11
11
10
9
12
8
8
6
10
12
9
11
10
9
9
9
8
5
4
6
6
7
6
5
1
1
3
1
0
0
0
0
-1
-2
-3
-1
0
0
-2
-1
-2
-2
-3
-3
-4
-8
-4
-5
-5
-6
-6
-5
-5
-4
-1
-3
-3
-1
0
0
-1
0
1
0
2
4
1
-2
-1
-1
0
1
1
-1
1
2
3
4
5
3
4
4
2
-2
-1
-2
-5
-6
-9
-10
-10
-11
-10
-9
-11
-13
-13
-14
-14
-15
-15
-17
-17
-13
-12
-11
-9
-9
-9
-5
-4
-4
-1
-1
-1
-1
1
0
0
1
1
2
1
2
3
2
0
0
-1
-1
-2
-4
-3
-3
-4
-5
-6
-5
-3
-4
-5
-7
-6
-4
-3
0
-1
-2
-1
2
4
0
-1
-1
1
0
1
-1
-3
0
3
3
4
2
4
5
6
8
6
9
8
10
12
12
12
13
14
13
13
14
14
13
11
12
13
13
14
12
12
12
11
8
10
8
6
9
7
6
3
3
3
5
3
3
3
2
2
2
2
1
2
4
5
5
3
3
2
0
-2
-1
-2
-3
-3
-1
-2
-2
-1
-3
-2
-3
-1
0
-1
0
-3
-3
-2
-2
-3
-5
-6
-5
-1
-2
-5
-4
-6
-4
-7
-8
-9
-9
-8
-6
-5
-8
-8
-9
-6
-4
-4
-6
-8
-9
-7
-7
-8
-8
-9
-7
-4
-4
-6
-9
-9
-6
-6
-8
-11
-10
-10
-8
-8
-10
-11
-9
-7
-8
-11
-12
-12
-13
-11
-13
-14
-12
-10
-7
-6
-8
-7
-6
-7
-5
-7
-5
-3
-2
1
3
4
5
5
5
7
6
6
5
5
3
5
5
3
5
6
6
7
8
7
6
7
9
10
10
11
13
16
14
18
18
19
18
18
20
16
18
19
19
20
20
20
18
16
18
17
14
16
14
14
15
13
12
8
7
6
4
7
5
4
4
1
2
1
2
1
0
0
-2
-3
-5
-4
-6
-6
-3
-5
-6
-6
-7
-6
-8
-10
-9
-9
-8
-8
-8
-10
-10
-10
-9
-9
-10
-12
-12
-10
-10
-9
-11
-10
-11
-9
-8
-8
-9
-10
-10
-7
-6
-7
-7
-5
-3
-2
-1
-1
-4
-5
-5
-4
-3
-3
-5
-5
-4
-2
-1
-3
-5
-4
-1
-2
-4
-5
-4
-3
-1
-1
-2
-3
-4
-2
0
-2
-4
-3
-3
-2
0
-1
-4
-7
-8
-7
-8
-8
-13
-13
-13
-11
-11
-15
-17
-16
-14
-13
-13
-14
-15
-15
-10
-8
-8
-9
-6
-5
-1
1
2
1
0
3
7
9
7
7
10
15
18
20
17
14
15
19
21
21
20
19
22
24
25
21
19
19
22
25
24
22
21
24
26
28
27
26
26
28
30
29
25
22
24
24
24
23
20
18
19
19
17
15
12
8
8
8
6
1
-1
0
0
0
-1
-3
-6
-7
-6
-8
-13
-15
-16
-18
-20
-19
-22
-26
-29
-32
-33
-35
-41
-46
-49
-48
-49
-52
-54
-56
-60
-61
-62
-67
-72
-73
-72
-68
-69
-73
-75
-73
-71
-65
-61
-59
-55
-49
-38
-30
-26
-19
-13
0
10
16
22
27
34
44
53
56
58
62
67
72
74
74
70
68
70
70
66
64
59
58
58
53
48
41
35
28
23
17
11
2
-6
-10
-16
-25
-33
-42
-50
-51
-51
-54
-62
-63
-59
-56
-51
-47
-41
-36
-27
-13
-3
7
16
32
46
61
72
84
93
102
112
120
127
131
136
144
150
150
147
150
152
154
150
146
140
135
134
132
123
112
106
101
94
85
73
60
46
40
27
14
0
-11
-18
-28
-33
-42
-50
-54
-57
-57
-58
-57
-54
-49
-41
-35
-29
-27
-21
-14
-6
0
3
5
6
8
13
17
16
14
10
7
6
2
-5
-11
-17
-21
-23
-32
-44
-58
-73
-86
-100
-119
-142
-166
-192
-217
-241
-269
-299
-327
-349
-370
-394
-411
-425
-432
-434
-430
-424
-416
-401
-379
-352
-324
-291
-260
-224
-184
-146
-105
-68
-32
5
40
75
105
133
159
188
216
244
268
292
317
345
372
394
418
442
466
485
499
512
515
519
518
506
486
456
423
383
336
282
219
151
81
9
-68
-146
-227
-295
-361
-423
-478
-530
-569
-598
-613
-623
-627
-620
-602
-570
-536
-496
-453
-403
-342
-276
-214
-151
-88
-22
50
127
194
261
331
402
478
546
617
683
744
811
868
904
937
963
982
994
989
974
940
892
834
753
653
539
420
290
157
14
-141
-294
-440
-579
-709
-833
-945
-1037
-1107
-1156
-1199
-1223
-1224
-1200
-1160
-1096
-1020
-931
-822
-702
-571
-442
-316
-188
-58
71
191
302
412
510
603
692
768
834
900
958
993
1000
991
981
976
966
942
893
827
753
660
549
419
276
137
-16
-174
-344
-523
-704
-874
-1030
-1162
-1278
-1380
-1463
-1526
-1568
-1586
-1566
-1516
-1435
-1322
-1176
-1021
-862
-695
-517
-332
-150
29
202
368
526
664
768
848
903
940
952
933
892
833
754
657
548
421
300
183
72
-28
-119
-198
-259
-300
-312
-300
-264
-193
-103
4
136
272
405
547
694
840
966
1075
1168
1223
1254
1258
1221
1153
1057
942
798
621
433
242
32
-178
-382
-585
-757
-910
-1049
-1172
-1273
-1333
-1364
-1379
-1365
-1321
-1249
-1137
-1006
-876
-741
-605
-464
-320
-166
-5
142
266
363
431
481
523
551
576
603
655
713
740
719
675
647
660
700
756
798
825
864
887
883
875
855
839
827
792
725
597
439
265
84
-80
-221
-369
-534
-695
-861
-1026
-1176
-1304
-1400
-1468
-1480
-1458
-1435
-1396
-1332
-1251
-1154
-1018
-873
-712
-541
-365
-199
-57
103
257
384
497
613
698
759
806
801
751
673
585
490
377
257
138
-19
-179
-323
-490
-632
-719
-783
-808
-784
-732
-670
-604
-511
-372
-208
5
243
453
646
837
1001
1140
1268
1373
1428
1456
1459
1401
1283
1126
942
737
531
338
130
-101
-334
-553
-762
-943
-1082
-1199
-1284
-1329
-1342
-1327
-1281
-1212
-1121
-1013
-872
-703
-520
-321
-130
32
169
300
400
488
574
655
701
708
678
598
512
427
352
314
312
331
317
236
148
97
101
180
307
410
516
626
707
786
831
875
926
968
1002
987
891
760
599
432
305
170
4
-169
-362
-562
-751
-922
-1066
-1180
-1246
-1263
-1284
-1296
-1270
-1238
-1178
-1099
-997
-874
-726
-538
-350
-196
-26
135
271
413
543
668
757
838
889
885
841
795
723
629
545
422
278
123
-47
-230
-406
-545
-637
-691
-709
-698
-725
-749
-712
-632
-501
-296
-72
149
390
613
793
934
1059
1178
1253
1306
1329
1265
1162
1042
856
630
420
205
-39
-273
-521
-799
-1064
-1289
-1483
-1659
-1776
-1833
-1860
-1863
-1811
-1737
-1656
-1528
-1363
-1188
-991
-763
-520
-303
-81
154
332
451
571
664
735
800
837
826
754
666
563
439
346
332
347
345
263
115
15
8
107
273
426
574
759
918
1085
1230
1348
1477
1591
1685
1729
1702
1606
1475
1292
1124
979
820
615
381
141
-130
-397
-625
-845
-1051
-1169
-1250
-1352
-1422
-1455
-1488
-1503
-1478
-1421
-1328
-1167
-962
-805
-664
-491
-321
-147
34
203
358
494
594
633
601
554
513
462
396
327
222
71
-79
-215
-344
-422
-436
-471
-547
-573
-531
-458
-316
-137
30
213
455
699
925
1141
1330
1474
1559
1605
1593
1515
1431
1330
1178
1016
828
576
278
-5
-289
-581
-835
-1069
-1304
-1512
-1662
-1809
-1936
-2001
-2019
-2014
-1967
-1888
-1790
-1645
-1458
-1276
-1078
-851
-608
-359
-127
84
260
411
533
598
625
656
660
649
606
508
369
230
110
36
25
22
-32
-185
-287
-289
-230
-77
102
244
409
627
850
1044
1206
1379
1553
1698
1809
1812
1708
1592
1459
1301
1147
978
757
499
223
-60
-381
-660
-900
-1152
-1326
-1449
-1594
-1699
-1753
-1780
-1794
-1756
-1668
-1574
-1402
-1154
-943
-732
-465
-211
42
319
568
781
980
1150
1229
1221
1239
1246
1218
1209
1163
1008
828
659
509
403
334
256
67
-125
-171
-168
-119
16
117
225
417
630
805
952
1110
1275
1361
1422
1429
1293
1160
1049
879
700
527
294
-27
-361
-656
-999
-1325
-1545
-1780
-2001
-2115
-2229
-2372
-2435
-2413
-2367
-2308
-2199
-2059
-1899
-1680
-1416
-1205
-952
-626
-335
-27
259
493
705
867
953
993
1019
1060
1079
1061
1010
880
708
542
382
262
226
189
28
-177
-297
-327
-286
-151
-21
84
262
485
663
810
960
1129
1275
1413
1521
1479
1383
1312
1177
1018
887
720
456
164
-99
-413
-719
-932
-1139
-1344
-1479
-1586
-1736
-1842
-1851
-1834
-1802
-1736
-1639
-1518
-1302
-1035
-821
-614
-366
-112
154
419
630
808
972
1090
1152
1184
1184
1174
1158
1095
960
770
592
420
278
262
237
81
-110
-198
-227
-182
2
167
263
435
688
892
1054
1267
1477
1606
1758
1875
1811
1681
1580
1409
1204
1067
906
580
216
-78
-451
-815
-1057
-1321
-1596
-1745
-1858
-2019
-2149
-2196
-2189
-2185
-2103
-1983
-1884
-1715
-1455
-1250
-1038
-735
-438
-159
137
402
602
765
888
944
946
943
956
952
897
789
615
397
209
72
19
-18
-211
-447
-589
-681
-706
-584
-431
-319
-145
128
341
454
630
864
1036
1185
1343
1362
1282
1209
1110
939
820
741
523
242
6
-315
-664
-865
-1082
-1335
-1476
-1543
-1663
-1802
-1856
-1845
-1840
-1802
-1690
-1594
-1433
-1186
-969
-790
-521
-208
87
373
624
843
1045
1200
1281
1301
1293
1326
1340
1270
1142
1006
823
658
570
505
439
266
11
-133
-229
-263
-107
3
71
275
509
693
816
970
1215
1369
1453
1596
1581
1428
1337
1183
970
835
717
454
160
-118
-473
-816
-1047
-1280
-1529
-1674
-1753
-1903
-2082
-2126
-2118
-2112
-2018
-1884
-1775
-1557
-1279
-1055
-829
-551
-276
-20
257
536
782
993
1151
1232
1242
1221
1230
1256
1231
1091
886
694
521
358
304
306
135
-115
-263
-345
-360
-279
-137
15
156
361
570
690
817
1014
1173
1325
1448
1430
1321
1206
1053
828
675
573
328
8
-255
-597
-954
-1172
-1413
-1675
-1813
-1891
-2015
-2193
-2279
-2254
-2235
-2198
-2114
-1989
-1755
-1478
-1249
-1023
-778
-525
-229
80
344
591
829
994
1053
1086
1123
1175
1215
1148
1007
859
695
506
372
383
384
140
-93
-205
-355
-351
-141
29
134
316
570
770
863
1079
1354
1484
1652
1854
1849
1727
1630
1462
1245
1093
993
776
449
118
-260
-629
-850
-1088
-1404
-1605
-1685
-1805
-1949
-2017
-2058
-2080
-2013
-1885
-1786
-1599
-1298
-1049
-847
-604
-356
-95
209
473
717
966
1145
1194
1140
1154
1221
1237
1167
945
717
618
477
369
428
317
-61
-308
-339
-415
-457
-251
-87
-105
93
508
650
607
875
1224
1328
1526
1737
1611
1446
1428
1252
944
868
872
575
173
-56
-373
-771
-1000
-1244
-1594
-1785
-1775
-1840
-2049
-2161
-2115
-2138
-2194
-2062
-1780
-1520
-1267
-1015
-858
-729
-489
-137
192
458
772
972
930
896
926
962
973
887
742
617
374
-17
-290
157
1016
972
55
-532
-611
-493
82
863
913
586
1042
1527
964
621
1594
2292
1998
1823
1481
439
-118
241
187
-381
-403
-469
-1483
-2400
-2476
-2318
-2042
-1713
-1966
-2607
-2607
-2007
-1671
-1394
-625
-17
-62
-191
-66
194
792
1658
1943
1424
1103
1213
1061
851
1016
1118
778
227
-469
-1151
-1202
-712
-778
-1524
-2054
-2206
-2331
-2129
-836
1253
2285
1101
-442
-69
1785
3753
5180
4595
2378
1978
3995
4799
3769
3682
3937
2377
764
309
-465
-1107
-972
-2038
-4350
-5099
-4334
-4297
-4669
-4519
-4531
-4282
-3323
-2985
-3082
-1904
-149
397
486
1417
2357
2668
2967
2949
2507
2757
3444
3207
2306
1746
1304
686
376
163
-552
-1322
-1719
-2272
-2855
-2924
-2843
-3194
-3483
-3313
-3097
-1791
1251
3136
1360
-871
225
2962
4969
6334
5302
2140
1842
5176
6375
4594
3785
3310
1196
116
509
-327
-1479
-2000
-4008
-6359
-5907
-4434
-4651
-5358
-5617
-5911
-4953
-3016
-2709
-3189
-2011
-391
72
733
2102
2857
2963
2884
2276
2064
3126
3840
2917
1598
966
725
776
789
-143
-1536
-1896
-1822
-2431
-3106
-3153
-3354
-3911
-3866
-3466
-2239
980
3535
1625
-1643
-709
2978
5361
6515
5396
1677
938
5247
7612
5375
3737
3367
1393
343
1406
830
-1004
-1918
-3682
-5848
-4985
-3009
-3617
-5000
-5162
-5008
-3715
-1450
-1345
-2617
-1769
202
910
1667
3095
3485
3008
2819
2447
2462
3703
4273
2776
1118
749
842
940
929
-118
-1779
-2293
-1919
-2060
-2522
-2850
-3540
-4278
-3961
-3093
-1803
1207
3642
1722
-1727
-910
2968
5532
6632
5434
1254
20
4652
7717
5468
3140
2343
584
21
1417
590
-1918
-3130
-4746
-6492
-5143
-3123
-4213
-5950
-6082
-5667
-3875
-1069
-1082
-3117
-2585
-245
913
1876
3176
3146
2310
2163
2193
2423
3602
3932
2015
263
281
728
697
308
-873
-2459
-2742
-1984
-1983
-2588
-3104
-3820
-4410
-3859
-2746
-1860
492
3406
2513
-1048
-1020
2721
5465
6616
6196
2132
-539
3860
8439
6309
2913
2150
821
79
1907
1369
-2229
-3622
-4149
-6115
-5487
-2838
-3642
-6159
-6178
-5256
-3945
-964
-79
-2779
-3397
-189
2059
2404
3095
3246
2265
2286
3144
3136
3157
3613
2538
500
350
1343
1111
105
-797
-2077
-2682
-1548
-922
-2206
-3306
-3367
-3633
-3463
-2148
-1590
-860
2426
4212
1049
-1274
1650
5102
6200
6916
4584
-16
1639
8028
8271
3680
2122
1810
470
1710
2709
-1003
-4025
-3708
-4651
-5679
-3593
-3011
-5674
-6522
-5109
-4146
-2191
-238
-1902
-3958
-1909
1355
2175
2289
2721
2168
1681
2489
3023
2771
2642
2230
846
4
665
974
-25
-1132
-1869
-2445
-2267
-1530
-1807
-2996
-3727
-3913
-3922
-3047
-2037
-2170
-707
2894
3244
-536
-1297
2333
4878
6038
6593
2488
-1399
3445
9430
6586
2006
2024
1323
293
2786
2276
-3045
-4539
-2986
-4614
-5371
-2859
-3712
-6924
-6294
-4130
-3468
-1633
-551
-3130
-4169
-363
2687
2240
1904
2264
1967
2274
3388
3330
2488
2358
2179
1014
592
1210
948
-232
-1035
-1650
-2213
-1781
-1107
-1984
-3507
-3782
-3488
-3232
-2367
-1944
-1604
1317
3936
1412
-1835
406
4378
5811
6596
4710
-458
489
8146
9281
3408
1392
2234
948
1903
3698
-402
-4737
-3425
-2732
-4725
-3764
-2664
-5448
-6749
-4506
-3114
-2320
-897
-2034
-3988
-1767
2111
2617
1574
1856
2194
2342
3130
3364
2476
2047
2280
1781
831
896
1095
201
-815
-1301
-1736
-1798
-1328
-1600
-2911
-3636
-3374
-3184
-2590
-1957
-1908
206
3763
2868
-1354
-939
3334
5305
6108
5861
1001
-1330
5487
10112
5060
896
1904
1327
972
3411
1269
-4327
-4557
-2510
-4105
-4754
-3230
-4829
-7010
-5445
-3472
-2957
-1880
-1970
-3889
-3163
681
2456
1271
712
1420
2063
2585
2762
1990
1134
1425
1866
1134
345
299
-161
-1080
-1357
-1365
-1863
-1971
-1914
-2679
-3494
-3183
-2827
-2977
-2705
-2181
-269
3299
3793
-310
-1849
2025
5360
6221
6387
2796
-1254
3215
10051
7481
1844
1887
2332
1157
3082
3247
-2156
-4706
-2504
-2828
-4376
-3155
-3581
-6276
-5885
-3440
-2639
-1966
-1567
-3135
-3439
-123
2566
1844
799
1374
2278
2919
3207
2500
1445
1481
2257
2044
996
393
78
-430
-727
-923
-1491
-1861
-1848
-2271
-3139
-3301
-3045
-3027
-2885
-2460
-810
2559
3815
278
-2282
879
5011
6162
6098
3247
-1044
1832
9465
8849
2221
1000
2658
1873
2731
3511
-1271
-5100
-2981
-1991
-4157
-3938
-3503
-5890
-6334
-3753
-2621
-2651
-2175
-3003
-3773
-1136
2258
2019
238
574
2275
3239
3279
2541
1258
904
2012
2551
1320
-31
-434
-638
-831
-865
-1448
-2188
-2381
-2621
-3309
-3511
-3262
-3376
-3370
-2946
-1631
1646
3828
886
-2509
-79
4436
5821
5935
4021
-501
759
8596
9737
2972
685
2913
2428
2494
3734
-296
-5032
-3368
-1443
-3731
-4497
-3642
-5429
-6464
-4115
-2755
-3162
-2685
-2766
-3594
-1787
1654
2121
368
443
2285
3470
3522
2878
1687
1102
2122
3170
2239
486
-250
-317
-341
-268
-700
-1848
-2544
-2427
-2586
-3062
-3084
-3188
-3544
-3337
-1916
1124
3615
1747
-2220
-1436
3485
6217
6147
4470
425
-160
6963
11109
5293
299
2170
3471
2970
3821
1272
-4204
-4313
-1125
-2253
-4712
-4508
-5135
-6377
-4793
-2969
-3484
-3800
-3371
-3546
-2479
556
1727
97
-457
1518
3468
3768
2864
1572
944
2022
3535
3062
964
-425
-295
280
442
-277
-1660
-2415
-2190
-2004
-2401
-2892
-3268
-3357
-2926
-2180
-169
2766
2627
-1072
-1892
2143
5392
5917
5294
1932
-606
4515
10709
7526
1371
1542
3448
3273
4049
2680
-2822
-4670
-1422
-1134
-4035
-4856
-5071
-6180
-5188
-3270
-3821
-4776
-4098
-3564
-3099
-879
889
-21
-965
575
2838
3521
2948
1828
831
1347
3194
3666
1676
-448
-827
-85
651
373
-1412
-3026
-2868
-1987
-2115
-2955
-3635
-4073
-3840
-2975
-1580
995
2530
30
-2824
-649
3881
5721
5592
3300
-622
1098
8793
10383
3865
683
2842
3771
4260
4576
175
-4481
-2552
366
-1822
-4462
-4755
-5453
-5442
-3387
-2839
-4351
-4556
-3485
-2873
-1558
481
585
-625
-12
2335
3869
3694
2615
1409
1280
2999
4431
3242
575
-820
-193
1074
1383
-167
-2571
-3347
-2163
-1363
-2188
-3580
-4245
-3999
-3207
-2208
-436
1424
761
-1882
-1959
1449
4453
5443
4369
804
-363
5307
10269
6934
1743
1719
3437
4267
5055
2619
-2636
-3474
-125
-32
-3095
-4677
-5132
-5242
-3795
-2737
-4066
-5163
-4165
-2925
-2100
-804
-160
-784
-507
1460
3049
3279
2771
1854
1181
2060
3782
3844
1951
53
-566
425
1919
1544
-1184
-3375
-2785
-1071
-891
-2378
-4145
-4644
-3460
-2147
-1537
-434
651
-550
-2339
-985
2176
3846
4455
3257
-96
428
6764
9388
4656
1250
2441
3435
4145
4872
1405
-3451
-2594
618
-684
-3745
-4770
-5227
-5000
-3274
-3014
-5102
-5747
-4111
-2958
-2360
-1412
-1395
-1873
-612
1646
2234
1649
1693
1641
1246
2064
3487
3098
1146
126
419
1038
1710
1284
-1089
-2892
-1832
-47
-650
-2587
-3635
-3672
-2842
-1739
-1122
-427
221
-638
-1692
-283
2363
3836
4361
3032
494
1959
7280
8539
4740
2592
3191
3788
5066
5355
1509
-2219
-1068
991
-277
-2555
-3996
-4874
-4180
-2656
-3177
-5089
-5445
-4173
-3082
-2360
-1985
-2381
-2230
-432
1338
1526
1088
1217
1477
1624
2381
3217
2691
1266
752
1264
1735
1823
1155
-660
-1961
-1178
59
-631
-2336
-3277
-3364
-2803
-2060
-1640
-1010
-521
-1429
-2184
-699
1546
2690
3329
2483
356
1586
6228
7535
4574
2856
3240
3643
4989
5563
2143
-1381
-461
1361
226
-1847
-3276
-4375
-3978
-2557
-3141
-5281
-5711
-4446
-3570
-3120
-2891
-3310
-3161
-1294
512
550
-123
1
827
1780
2539
2554
1696
1034
1417
2207
2361
1689
709
56
-29
6
-288
-834
-1520
-2295
-2679
-2567
-2712
-2911
-1985
-843
-1531
-2908
-2276
-294
1076
2124
2194
321
-110
3416
6436
5323
3123
2688
3085
4246
5642
4123
455
-362
1464
1645
-39
-1585
-2835
-3259
-2198
-1821
-3516
-4859
-4206
-3226
-2999
-2865
-2958
-3170
-2225
-454
175
-409
-449
376
1127
1855
2564
2337
1561
1649
2456
2835
2655
2234
1597
1023
994
1152
838
0
-904
-1329
-1322
-1522
-2071
-2279
-1629
-995
-1406
-2094
-1865
-770
541
1472
978
-351
239
3032
4514
3472
2405
2377
2720
3754
4415
2852
817
897
1714
1247
280
-604
-1735
-2068
-1376
-1585
-2914
-3499
-3227
-3208
-3124
-2772
-3006
-3342
-2550
-1575
-1572
-1641
-1073
-648
-397
313
874
742
825
1436
1682
1565
1811
2008
1621
1339
1455
1291
802
556
363
-191
-705
-835
-1110
-1549
-1636
-1675
-1574
-817
-337
-990
-1527
-1055
-249
646
1475
915
-251
618
2714
3194
2500
2181
1849
1868
3088
3611
2049
739
955
1068
689
545
-195
-1420
-1588
-1133
-1604
-2534
-2795
-2840
-3035
-2851
-2718
-3173
-3197
-2313
-1699
-1783
-1808
-1584
-1280
-667
93
316
125
313
876
1274
1587
1833
1565
1070
1182
1517
1374
978
572
184
90
335
307
-137
-294
-30
-23
-260
-334
-339
-255
144
411
280
299
701
1095
1282
1410
1471
1500
1731
2059
2046
1816
1684
1563
1490
1528
1359
914
551
316
-33
-396
-602
-859
-1320
-1773
-2042
-2120
-2052
-1941
-2024
-2288
-2331
-2005
-1626
-1488
-1441
-1323
-1107
-687
-228
-18
68
222
469
731
909
960
816
646
724
838
808
708
559
591
824
848
673
447
251
351
544
604
477
205
234
527
666
733
685
508
482
647
834
777
386
42
50
176
193
23
-301
-548
-599
-628
-733
-933
-1221
-1456
-1528
-1478
-1424
-1502
-1600
-1566
-1548
-1420
-1119
-988
-952
-863
-788
-558
-291
-124
39
72
113
372
649
799
706
494
443
546
693
784
603
394
566
790
785
765
663
498
544
732
799
619
473
521
549
589
704
655
454
417
554
610
491
190
-38
27
118
30
-173
-393
-495
-435
-381
-445
-600
-791
-872
-829
-753
-721
-756
-782
-780
-710
-531
-357
-315
-318
-297
-230
-31
130
115
26
-36
31
186
271
202
5
-77
23
83
114
94
-15
54
259
280
221
255
336
388
444
576
679
664
720
845
828
822
900
889
824
826
857
813
673
508
375
300
269
186
-6
-233
-385
-495
-613
-708
-818
-975
-1049
-1050
-988
-879
-921
-1000
-942
-829
-694
-531
-458
-473
-443
-260
-27
77
87
62
51
128
240
212
59
-55
-38
34
65
17
-22
69
182
180
111
69
105
207
262
274
308
400
490
541
569
599
649
737
745
674
659
695
650
521
423
320
202
190
157
-55
-238
-328
-436
-529
-575
-698
-827
-858
-833
-791
-770
-810
-881
-871
-782
-647
-543
-534
-562
-524
-372
-206
-163
-195
-228
-203
-80
-17
-96
-171
-192
-134
-49
-79
-143
-122
-44
42
48
-2
17
95
198
254
259
285
345
399
456
512
554
590
602
635
696
744
739
656
566
517
498
513
478
324
177
152
110
41
-1
-119
-243
-259
-226
-212
-212
-211
-223
-243
-222
-157
-57
18
-16
-55
45
165
219
213
124
53
129
235
216
108
38
29
65
109
61
-17
25
111
106
63
41
35
79
147
137
120
141
157
165
175
179
181
191
190
184
209
206
113
33
-28
-85
-92
-66
-164
-318
-347
-326
-370
-396
-442
-566
-607
-501
-450
-506
-547
-542
-517
-499
-489
-444
-387
-378
-392
-358
-283
-259
-250
-213
-201
-195
-100
-28
-69
-100
-35
38
70
80
73
83
169
257
263
221
193
239
323
343
309
303
316
341
347
320
259
243
272
263
239
226
180
124
106
39
-42
-20
-25
-152
-225
-206
-217
-240
-228
-275
-362
-321
-211
-214
-270
-283
-274
-245
-213
-192
-188
-193
-190
-159
-85
-46
-60
-65
-53
-27
41
103
83
60
103
162
206
239
228
210
269
337
378
376
341
347
418
474
450
407
434
472
502
538
510
453
481
537
522
495
456
401
373
344
293
249
233
194
105
41
20
-15
-60
-122
-221
-255
-197
-178
-260
-334
-368
-372
-379
-397
-420
-461
-475
-465
-446
-434
-435
-452
-466
-452
-400
-369
-365
-394
-398
-354
-314
-282
-279
-296
-276
-186
-118
-96
-119
-150
-93
21
58
15
-8
23
79
130
161
135
128
168
227
260
268
256
236
230
231
228
236
206
143
103
106
143
128
44
-34
-38
-1
-6
-32
-72
-100
-101
-102
-152
-220
-214
-212
-235
-235
-212
-203
-210
-219
-212
-169
-111
-70
-82
-106
-80
-23
31
47
35
49
76
103
127
117
75
65
104
130
105
71
69
103
141
136
121
109
144
173
176
173
169
200
211
186
168
187
189
154
116
110
120
126
95
22
-11
58
127
75
8
0
-4
-27
-25
-50
-101
-104
-74
-81
-91
-45
-9
-40
-55
-6
46
112
146
127
99
139
203
222
202
194
203
222
253
245
186
148
167
164
117
75
60
45
44
45
-1
-41
-9
16
0
-15
-25
-40
-32
-21
-53
-54
-22
-56
-120
-136
-117
-120
-147
-201
-276
-289
-223
-221
-312
-368
-355
-365
-385
-390
-416
-455
-459
-440
-450
-445
-409
-379
-378
-339
-267
-209
-155
-105
-93
-87
-22
31
52
77
105
132
160
180
151
126
158
194
160
126
127
106
111
150
120
64
96
152
159
157
162
156
156
194
188
163
209
240
207
176
202
213
211
206
174
147
164
187
154
93
79
77
30
-17
-56
-89
-126
-158
-183
-209
-217
-197
-195
-214
-203
-161
-121
-92
-63
-64
-50
0
37
55
87
121
127
150
175
147
117
145
167
129
97
100
104
104
108
83
76
101
109
118
123
111
106
127
128
113
131
149
126
103
120
123
114
108
80
43
61
121
98
22
4
18
-4
-52
-99
-140
-176
-210
-233
-257
-291
-314
-315
-307
-317
-320
-290
-244
-214
-201
-189
-144
-83
-44
-6
26
48
52
86
113
95
92
109
114
95
80
74
65
53
35
7
8
-11
-31
-40
-51
-81
-92
-94
-127
-121
-109
-114
-132
-138
-122
-99
-91
-90
-103
-80
-18
23
19
-15
-12
11
13
-8
-21
-35
-72
-99
-93
-115
-159
-171
-164
-175
-198
-180
-141
-118
-125
-125
-84
-36
-13
6
48
78
109
148
169
160
178
213
226
214
213
210
211
219
205
181
169
168
155
150
133
109
87
83
73
44
52
62
57
60
69
88
102
98
88
95
128
173
192
177
157
166
171
163
132
102
76
48
24
-16
-66
-106
-127
-153
-188
-213
-208
-184
-184
-206
-209
-173
-136
-130
-120
-100
-79
-26
21
18
16
53
77
88
82
84
93
113
133
113
78
74
77
63
58
30
-2
-6
-6
-17
-32
-49
-64
-72
-77
-81
-84
-73
-84
-109
-86
-39
-21
-23
-31
-41
-34
-12
-11
-41
-72
-77
-80
-106
-155
-204
-229
-225
-235
-272
-302
-285
-241
-243
-269
-273
-244
-211
-175
-147
-149
-111
-30
2
6
51
98
113
130
167
188
195
235
263
252
257
271
269
267
273
269
241
228
228
199
168
177
174
131
108
119
116
78
38
25
20
26
28
2
-22
-32
-30
-29
-28
-64
-124
-130
-103
-130
-184
-195
-175
-175
-186
-210
-216
-195
-164
-159
-179
-191
-173
-119
-75
-80
-96
-31
31
39
65
108
123
143
174
192
203
239
273
261
259
277
274
271
288
278
241
236
245
223
196
175
154
109
93
83
59
28
-6
-19
-35
-43
-43
-55
-70
-70
-88
-124
-135
-135
-162
-182
-159
-148
-176
-204
-187
-189
-205
-217
-232
-237
-227
-210
-209
-230
-243
-234
-184
-174
-222
-199
-134
-107
-103
-56
-24
-22
9
50
64
64
100
115
111
141
153
129
146
165
157
138
133
131
109
102
86
45
3
1
24
14
-20
-45
-29
5
21
7
-15
-4
21
20
-13
-8
-16
-44
-38
-23
-56
-103
-83
-87
-124
-152
-152
-167
-173
-180
-192
-170
-185
-190
-193
-158
-147
-111
-44
-23
-9
49
115
130
150
173
199
220
266
282
280
318
322
308
311
296
262
239
231
213
187
179
154
114
89
87
81
73
12
-25
-17
16
21
6
14
25
62
72
64
51
73
48
52
62
38
-8
-28
-8
-43
-82
-120
-101
-127
-202
-213
-254
-241
-268
-279
-232
-296
-268
-217
-190
-166
-171
-102
-57
-42
11
17
27
75
110
143
138
158
145
125
107
114
112
90
76
20
24
24
-8
-40
-33
-45
14
-95
137
158
59
73
-326
-322
-613
-432
-228
-351
23
22
171
317
160
195
-171
-215
-301
-448
-381
-416
-218
-129
111
153
210
196
108
0
-170
-271
-379
-417
-280
-141
-66
94
168
328
362
318
207
97
75
125
132
232
322
368
412
387
353
233
209
126
67
47
-36
12
98
97
128
29
368
159
-662
-250
165
113
-43
31
182
-468
-114
615
208
-85
30
100
-39
-121
50
22
-101
-15
-46
28
52
-50
-151
-160
-186
-167
-131
-199
-238
-327
-117
43
-88
-72
28
46
61
47
135
129
127
118
113
132
125
136
128
173
149
125
96
74
4
-26
-7
-36
-92
-149
-123
-111
-228
-203
-126
-135
-94
-48
-90
-104
-51
5
10
32
39
-3
59
106
57
41
48
53
38
35
19
-33
-69
-85
-90
-146
-238
-275
-274
-225
-219
-214
-228
-195
-165
-171
-139
-187
-105
-58
-2
93
136
296
335
342
277
292
276
208
184
142
129
194
224
238
145
85
169
35
-39
-99
-245
-187
-282
-198
-10
-226
37
-125
-31
-33
-233
-42
-389
-189
-137
-137
63
49
353
233
303
400
-83
113
-187
72
-213
-203
59
-251
65
18
73
-147
-237
-163
-282
-269
-395
-199
-90
-127
85
-22
309
-126
248
271
-15
190
178
483
163
541
507
277
596
356
404
117
219
222
-276
450
-43
252
131
-101
433
-287
247
-105
-113
-44
-409
225
95
-195
252
-13
235
-145
0
232
-245
-93
3
-43
-37
-191
-100
72
-273
-212
-240
-325
-508
-465
-327
-416
-359
-457
-159
-453
-219
-70
-317
-69
-200
-130
-165
-73
134
23
163
441
-133
245
226
190
43
158
388
-205
364
-69
64
-38
96
315
-329
261
-161
-467
468
-611
238
-282
-187
471
-983
747
-465
189
209
-314
318
-84
-93
69
100
133
42
6
1
25
-365
184
321
-827
522
-736
175
-177
-402
454
-818
115
150
-286
298
-173
-148
406
-289
582
266
157
387
-65
450
425
77
592
235
21
565
-118
922
10
136
565
-133
447
-274
572
-132
-251
228
10
-40
-419
221
-38
-264
183
-163
281
-315
-215
484
-559
528
-597
508
21
-550
511
-350
-49
-177
-339
263
-557
-113
-16
-365
-272
-335
29
-468
-358
-265
-215
-298
-194
62
-284
-217
298
-134
-4
17
70
169
-156
351
70
70
310
79
235
192
72
207
228
-70
110
75
126
-114
-113
195
-249
-30
-13
35
-1
-424
544
-371
38
151
-205
536
-591
515
238
-503
606
-397
382
-201
-71
594
-687
-3
194
-575
184
-460
-74
-150
-653
214
-569
-248
32
-681
241
-305
-281
124
-434
437
-536
291
237
-476
719
-366
487
6
-198
1040
-627
860
72
-50
761
-621
932
-126
-110
610
-507
623
-430
129
351
-546
689
-423
313
34
-60
379
-344
505
31
-234
792
-295
28
390
-18
587
-704
794
81
-425
296
-144
207
-469
54
28
-462
-2
-410
99
-335
-331
136
-638
453
-592
187
-199
-231
353
-507
106
34
-24
95
-50
420
-18
-308
714
-108
163
150
327
-32
-171
137
529
-843
202
386
-504
244
-429
654
-590
-377
846
-556
-144
365
-408
387
-666
450
-38
-342
604
-645
562
-164
38
27
-68
132
-142
46
-177
-30
-162
-186
-19
-126
-40
-429
118
59
-489
242
-422
117
-134
-348
505
-474
351
-249
444
-241
181
253
-82
668
-491
395
308
-410
429
-189
377
69
-814
1414
-768
82
138
57
-15
-764
960
-387
-236
138
174
-406
46
173
169
-484
234
7
-28
-185
142
17
-106
-84
-20
248
-479
392
-497
205
-265
-30
-266
112
-410
-24
-104
-222
325
-557
354
-336
162
-131
223
-167
-56
258
-263
625
-466
501
149
-455
920
-427
474
-10
116
612
-642
906
-251
137
255
79
134
115
179
-109
298
51
78
40
227
48
-481
756
-243
-185
207
155
-111
-100
589
-511
313
-373
541
-402
-105
678
-786
33
47
-390
2
-149
-127
-79
-294
123
-182
-243
147
-360
-135
125
-283
77
-302
204
-374
263
-262
-133
510
-549
340
-240
551
-617
228
635
-966
568
221
-251
-157
139
786
-1420
811
513
-1192
835
-347
275
-311
-328
859
-1059
601
52
-877
1022
-588
187
44
61
284
-650
703
-218
22
-216
-101
547
-937
596
-243
16
-72
-710
1134
-807
-371
880
-917
198
-96
-296
593
-947
534
21
-820
849
-477
113
252
-525
642
-344
-181
684
-372
96
81
510
-159
-159
234
361
-235
114
411
-241
128
-97
119
319
-457
252
227
-328
258
-89
443
-376
157
505
-565
450
150
-250
110
401
-224
151
-37
207
-219
-8
454
-332
24
71
-91
91
-176
207
-178
112
-59
-220
444
-697
690
-814
441
75
-628
860
-1047
820
-296
-293
630
-363
534
-584
250
518
-788
488
228
-13
-583
582
153
-689
486
-257
423
-1022
722
204
-1083
838
-338
19
-144
-97
382
-547
-76
744
-963
341
138
-120
-213
294
-100
-122
-111
199
210
-821
760
-233
-519
649
-423
120
41
-650
1113
-1220
601
-68
-613
671
-947
536
-251
-102
316
-578
586
-327
-206
428
-223
152
-393
580
-96
-409
669
-83
-290
237
533
-289
-25
347
26
-435
185
407
-503
170
248
-314
152
45
105
-483
650
-263
-310
300
-154
139
-463
632
-391
7
99
-217
413
-610
284
-8
-200
89
-457
502
-297
-398
337
38
-574
313
-130
-126
124
-928
1492
-1356
397
334
-696
944
-1073
1002
-241
-616
1018
-628
528
-285
357
279
-490
904
-393
174
675
-402
464
-183
633
-102
-299
875
-263
-19
241
373
-154
-196
617
-189
48
-25
140
56
-234
618
-501
321
-77
-145
60
142
-128
-306
473
-248
-50
-212
709
-752
73
102
-9
-445
-111
510
-442
-645
906
-735
109
41
-309
392
-1090
1039
-1013
448
-161
-258
61
-293
514
-681
352
-41
-110
-222
84
-139
244
-209
-95
70
162
-187
240
-644
998
-855
-391
1037
-809
176
-282
341
141
-922
647
498
-1079
555
-102
-66
173
-658
822
-189
-439
436
-76
330
-357
-33
334
-256
-13
-216
531
-158
-192
-52
237
435
-983
592
470
-1079
495
83
377
-785
328
881
-1477
755
172
-26
-497
361
780
-1514
899
439
-483
-46
249
671
-1100
469
464
-478
10
68
72
-129
-121
473
-456
67
274
-294
88
60
-9
-305
-122
725
-319
-158
272
183
-410
108
497
-254
189
-256
538
-220
-241
841
-706
744
-412
357
148
-517
716
-259
-329
768
-764
836
-766
536
378
-793
852
-192
-314
343
-262
393
-380
-53
828
-951
448
139
-80
-219
212
175
-388
120
-6
195
-817
1004
-658
-60
470
-446
-130
245
-454
399
-530
458
-156
-741
725
-168
-552
585
-479
90
-188
-218
271
-301
-217
130
255
-911
773
-782
211
118
-855
948
-908
263
353
-1126
1061
-652
167
43
-124
33
-164
104
100
45
-278
517
-291
18
174
-120
160
-71
166
-209
134
64
-20
55
293
-354
320
-518
786
-640
-61
715
-900
590
-247
180
314
-713
854
-425
-117
255
-366
564
-551
336
-151
170
-225
185
315
-371
203
-29
282
-443
281
118
-191
-392
985
-613
-87
442
-370
351
-721
920
-455
-247
330
-81
-79
-401
1187
-1078
457
36
-102
429
-914
1509
-885
-114
919
-561
315
-197
414
-8
-505
838
-409
199
-559
702
-350
-112
633
-417
337
-20
-18
199
8
-156
489
-1107
1518
-754
-472
1479
-894
383
-45
436
190
-1103
1122
-129
-704
628
183
-503
-63
343
-150
14
-155
327
-466
196
15
-768
839
-914
496
-193
-74
329
-632
761
-852
14
553
-992
558
-98
2
-365
124
308
-835
261
-86
-169
-486
426
-378
-170
124
34
-413
-301
351
-689
627
-429
-143
58
-502
639
-643
150
46
-550
445
-664
646
33
-790
906
-737
585
-493
18
819
-1332
936
79
-904
1207
-1340
921
-45
-748
1701
-1547
877
235
-1060
1666
-1221
379
549
-772
965
-490
155
1189
-1512
1354
-144
-490
865
-911
822
-125
-322
1047
-678
488
23
-392
807
-499
321
392
-248
5
-55
254
-172
-83
585
-234
-233
393
-384
519
-660
412
318
-989
1267
-1192
1028
-428
-842
1517
-1357
471
247
-1310
1904
-2141
1386
-88
-1203
2188
-2552
2403
-968
-781
1778
-2422
2510
-1817
336
1309
-2095
2165
-1218
574
729
-1476
1840
-1101
99
392
-523
694
-556
403
280
-416
-115
575
-484
-108
385
-244
215
-550
257
121
-1023
836
-223
-316
187
-193
169
-173
-287
42
234
-629
257
-192
130
-20
-847
1395
-770
-645
591
-34
-56
-846
739
408
-1665
960
-45
29
-1014
591
803
-1652
645
760
-962
-334
370
238
-537
-379
1583
-1404
115
755
-66
-750
73
648
-951
420
116
407
-904
262
524
-675
219
246
-50
-183
-93
521
-1053
1199
-553
-287
696
-439
462
-419
518
200
-843
394
480
-830
485
345
-232
500
-335
-60
863
-1484
1373
-104
-950
1465
-1370
1395
-344
-583
1384
-1163
755
-151
-212
760
-784
591
-104
515
-495
-96
1319
-1588
1357
-800
496
507
-1311
1586
-780
-352
1463
-1656
1219
-324
-640
1598
-1814
1399
-227
-846
1082
-893
400
135
-1006
1232
-824
-74
343
297
-384
-345
418
28
-386
-339
1209
-1157
-5
500
-246
232
-637
700
-175
-526
174
85
581
-1185
1002
-669
-352
585
-574
1317
-1519
584
-202
-481
1013
-945
556
-263
-152
277
-51
821
-1678
976
32
-309
213
-124
472
-1024
396
527
-677
304
-35
-249
-126
242
-66
-90
-5
115
-144
-667
710
-108
-470
507
-401
147
217
-1025
1236
-1020
100
555
-852
853
-1092
676
21
-944
1069
-646
-337
586
-455
211
-719
512
106
-640
488
-237
-281
161
28
89
-107
16
57
-74
316
-207
403
-282
187
89
161
-62
60
61
170
-97
487
-22
-279
625
-569
445
-233
147
161
-233
458
-569
505
-53
14
196
-127
210
-81
6
332
-326
129
119
-31
467
-187
124
206
-207
178
-234
16
557
-828
756
-284
212
-231
37
370
-434
284
-193
586
-805
447
-133
-125
232
-404
628
-179
24
-31
172
61
-167
40
126
85
-207
76
364
-278
33
-231
390
31
-599
748
-453
41
-226
46
565
-600
20
359
-537
238
-39
30
-30
-372
658
-505
-134
157
-158
-70
77
-278
289
-485
333
-13
-305
324
-435
494
-606
65
111
-394
207
-205
122
-167
-101
326
-584
180
-74
44
-103
-140
47
-260
240
-215
83
-206
116
-185
76
-172
-15
4
-314
290
-309
-108
118
-179
83
-159
191
-307
-256
259
-158
15
-239
226
-229
46
17
57
-157
-28
112
29
140
-255
243
102
-152
290
-70
235
-10
78
325
-416
354
-21
217
-23
45
447
-276
140
118
26
231
-104
135
106
-80
314
-71
415
-29
-99
350
-35
154
170
59
-34
230
-56
273
-7
48
161
-105
363
-129
149
102
-56
10
137
37
-81
207
-66
-27
80
-233
206
-126
-55
17
-172
78
-96
-66
101
-195
-33
-81
-136
137
-245
4
-12
-198
-43
-71
6
-110
-110
-59
19
-161
-97
-5
-170
9
-255
195
-119
-64
56
-19
-126
-41
107
-123
102
-158
56
-101
53
56
-169
162
-102
-7
45
-119
74
-34
-91
42
-77
43
-50
21
-37
-97
-11
-13
-47
-121
30
-127
-6
-55
-68
-14
-113
-10
-5
-74
-63
-6
-44
-56
-42
-34
-32
-12
-50
16
-12
-78
28
-26
-66
55
-32
49
-76
38
66
-22
33
37
61
20
59
39
67
32
36
95
13
67
39
71
48
-28
166
2
68
97
-18
114
-8
36
51
22
28
40
61
46
6
59
75
44
58
82
39
33
64
-2
93
32
15
33
27
60
61
30
74
33
70
52
26
15
45
10
10
83
-11
53
11
55
17
18
21
-12
28
1
10
-30
37
-12
-3
4
-3
-43
11
-24
-25
-22
-21
-46
-39
2
-54
-35
-46
-13
-60
-21
-56
-46
-24
-80
-47
-35
-79
-11
-71
-65
-21
-77
14
-82
-37
-5
-92
-5
-53
-17
-30
-50
10
-62
-9
-52
-27
-29
-35
-49
-12
-29
-45
-29
-51
-3
-66
-20
-13
-25
-47
21
-48
-16
-2
-51
20
-33
-14
-19
-16
-1
-38
35
-36
28
-1
2
6
-24
28
-34
-1
-9
-6
-40
7
-5
-38
12
-49
19
-42
-26
4
-18
-16
-6
-5
6
-18
30
6
-27
55
-18
30
22
36
13
-2
37
29
-1
35
47
42
43
52
44
29
84
13
86
35
82
40
58
83
53
48
79
90
52
103
52
100
51
95
74
58
94
38
78
68
63
72
71
27
52
50
29
56
-12
71
-9
33
24
0
47
-14
55
-11
21
-24
16
-4
-27
4
-37
28
-74
38
-54
-29
-38
-35
-49
-64
-34
-91
-53
-76
-39
-89
-30
-78
-53
-72
-61
-77
-87
-25
-82
-62
-38
-62
-45
-48
-42
-37
-48
-50
-31
-48
-46
-47
-61
-13
-84
-33
-35
-55
-41
-32
-29
-54
-16
-49
-28
-34
-11
-16
-3
-7
3
-33
-15
-10
-30
-10
-42
4
-10
-32
13
-20
-19
2
-42
25
-51
-4
-1
-38
5
-14
11
-41
20
-26
7
2
4
29
-2
49
11
32
32
52
32
34
45
35
55
30
40
43
40
29
70
21
36
44
48
51
13
76
25
56
30
55
47
40
74
26
75
28
64
47
49
41
42
59
41
47
37
64
36
39
43
43
28
22
48
16
44
12
22
2
11
27
5
11
6
29
6
28
19
0
22
31
6
-4
1
16
-28
15
1
-18
17
-33
4
-24
-21
-15
-21
-34
-15
-32
-32
-27
-64
-4
-60
-37
-40
-63
-24
-64
-33
-73
-54
-53
-63
-51
-62
-37
-63
-46
-66
-55
-41
-77
-71
-43
-66
-61
-47
-64
-54
-74
-34
-77
-50
-69
-52
-55
-70
-2
-85
-8
-67
-42
-35
-72
-16
-56
-31
-9
-12
-21
29
-55
55
-6
24
52
-35
85
-45
57
37
2
38
21
22
41
2
17
57
-28
69
-8
41
30
-5
54
8
68
26
63
49
42
48
48
83
58
62
80
86
89
61
88
81
54
45
84
37
61
52
50
63
16
44
66
22
42
30
50
40
79
88
56
73
72
64
69
89
60
70
58
138
64
83
98
42
74
45
41
74
12
39
19
37
-9
-3
-17
-8
-57
-26
-34
-81
-31
-94
-14
-135
-6
-70
-74
-33
-113
-26
-98
-71
-101
-94
-119
-85
-119
-80
-129
-99
-94
-146
-119
-164
-127
-168
-146
-146
-128
-137
-98
-146
-75
-114
-94
-92
-153
-33
-104
-55
-78
-70
-19
-43
-18
11
2
42
35
19
15
11
82
6
57
-8
-3
33
10
17
56
24
-5
7
-28
-10
-37
12
-23
-25
31
5
21
-27
63
44
41
49
21
95
25
89
5
46
82
60
30
47
78
64
138
56
90
102
75
86
47
90
62
84
96
48
57
78
24
59
46
46
101
53
64
99
48
76
61
-6
63
25
28
30
-25
30
19
44
-23
-21
38
18
-41
-20
-4
-12
-31
-3
-20
45
-58
1
87
-33
42
-14
66
62
36
82
7
10
48
64
89
-5
36
50
-1
71
-43
-57
59
-22
73
-112
76
-27
-92
42
-99
-22
-29
-96
-85
-35
-73
-42
-135
-32
-77
-123
-118
-100
-5
-97
-118
-25
-155
-87
-72
-39
-113
-170
-27
-129
-134
-134
-71
-36
-74
-87
112
661
103
-1279
-966
51
46
-108
162
-89
-680
-55
561
-90
-375
663
550
-586
-796
-753
-445
42
674
297
-85
242
203
224
327
305
226
-88
326
311
-39
797
-15
897
2046
583
-840
-707
-214
-848
-133
919
-529
-1656
15
210
-735
-823
502
-524
-318
-86
-1136
-12
93
84
2130
1612
731
371
828
1145
-243
1800
771
-584
1029
-59
474
359
5
-201
-706
157
-1156
-2048
1840
-2883
-1274
1602
-1609
481
-1143
934
-965
-1695
1555
-253
-1176
683
618
35
-1284
1938
989
-1030
1235
1661
-988
-226
800
1181
-2390
676
2902
-3548
2262
-1424
-672
655
-2443
2669
-3071
63
1119
-2424
826
-1221
1080
-824
-1505
1555
-406
-353
130
354
304
-1254
869
1476
-813
796
241
-590
1724
-776
-47
2151
-1161
233
-894
459
1254
-2879
1219
2331
-2657
-95
-146
512
53
-1932
2206
549
-1896
92
693
-948
168
-365
1746
1356
-2926
1710
273
-1813
1995
-1664
1191
1267
-2072
1885
-1452
-944
1012
-1313
836
197
-52
383
-1952
499
1053
-2626
872
1981
-1090
-924
-223
1720
-1276
-1782
3013
634
-2145
-290
2306
-296
-2521
2914
694
-725
-1392
1450
1817
-4711
1997
2502
-1234
-748
-574
1535
-1515
-1842
3357
-185
-1557
1281
277
-1076
-1654
2647
955
-2213
2405
1145
-2648
-449
3413
652
-4318
2236
3330
-2692
-2439
2852
1317
-3449
462
3110
-909
-3361
2042
1435
-1732
312
-510
-148
442
-671
230
-211
598
-518
-616
1741
-647
-1738
922
906
-1026
-755
1768
-195
-953
309
-723
489
-37
1195
-1579
-1843
3894
-1184
-1949
1058
-413
4
-1794
1916
697
-3497
887
2132
-1653
-2232
983
2624
-1223
-2360
2457
-285
-2475
1295
3031
-1702
-2623
3869
1152
-4231
1113
2971
-55
-2119
942
2663
-3325
-361
2398
117
-693
-1044
1670
205
-1962
2618
-197
-654
392
-844
1325
-1090
868
682
-1260
1442
148
-975
176
38
483
-2213
229
2321
-1233
-1870
251
802
-2296
-285
2373
-341
-1409
534
664
-2277
-365
1475
-688
1054
365
-653
-352
219
1040
-1469
-132
2080
151
-1237
-681
1281
-611
-1783
732
2665
-709
-2684
1713
1098
-1989
-2774
1971
3264
-2776
-1874
2132
936
-2272
-1181
3573
1055
-4135
424
4866
-835
-3510
1962
3293
-914
-3473
3688
3441
-3653
-501
2430
1077
-2223
-1483
3519
-233
-2190
1069
826
-1228
-2037
1172
1551
-1242
-118
1200
-828
-747
749
78
-496
1054
1162
-652
-639
1147
110
-1090
1078
855
-713
-93
173
185
-1406
-293
633
-382
519
-1146
-707
-632
-1217
325
176
727
-1038
-1790
206
-173
-726
-128
623
491
-1580
-19
573
-292
-85
472
1691
-914
-869
933
-343
-151
45
981
-491
-1340
537
-510
510
260
669
74
-1039
-25
-312
220
283
494
898
-511
-226
347
-405
323
309
1598
-31
-698
447
-495
-571
-60
620
761
71
842
287
-1196
-242
33
635
74
341
388
-459
103
14
46
-100
305
1701
-441
-1712
-186
140
-320
-829
1844
462
-2200
-312
538
-212
-1262
1060
1065
-1491
-443
178
126
-826
-68
1652
163
452
187
-725
-518
-797
918
306
105
1025
-450
-663
-1016
-111
584
-747
823
569
-1042
-842
-20
950
-970
-183
2247
255
-940
-136
1142
-655
-1642
1635
1961
-378
-479
528
453
-1192
-368
2302
893
-1186
-174
594
-480
-1083
539
1443
-206
-945
325
558
-965
-10
779
215
-405
-313
500
-489
-737
185
43
-67
3
-9
-370
-220
-70
150
233
-386
41
-449
-456
-18
-252
249
-189
-291
-3
-647
4
-93
-288
222
-276
-486
-621
-167
177
-359
345
868
-581
-380
-110
325
54
-742
1289
349
-1404
76
501
23
-180
273
820
-536
-296
626
17
-130
666
221
-234
90
203
133
-298
427
430
-36
341
121
-661
-497
301
16
-121
33
-130
-278
-670
4
96
-110
820
-43
-144
81
-104
441
92
709
656
233
216
104
77
-132
213
560
34
-150
-118
-257
-321
-256
-107
138
340
-427
-518
-184
-579
-440
96
703
154
-380
209
-122
-363
0
597
415
-107
11
6
-240
-124
598
394
14
21
-58
-326
-459
187
417
111
276
56
-293
-235
-400
-78
610
333
400
201
-418
-488
-393
357
384
210
887
401
-448
-569
-250
56
63
533
779
3
-671
-42
-278
-561
271
387
-163
-690
-356
13
-655
-131
396
-505
-301
177
-32
-553
-568
361
-33
-573
497
359
-468
-252
219
93
-393
268
788
-501
-523
220
-187
-371
265
543
-322
-344
-28
-316
-542
-235
253
-147
-46
-76
-147
-200
-248
178
180
280
161
271
-150
-281
130
-167
210
610
408
357
158
-25
-179
-185
385
413
72
307
-12
-536
-8
45
299
234
52
469
-403
-408
300
-20
130
214
438
28
-421
415
53
119
595
524
292
-497
112
16
-484
300
541
341
-203
-283
-91
-668
-430
211
192
99
-241
-209
-362
-675
-121
43
172
336
84
217
-127
-216
-3
142
669
283
129
344
-153
-287
-239
230
201
-406
69
-124
-378
-106
-32
279
49
-102
-118
-409
-162
84
432
473
34
19
-445
-350
325
205
349
552
332
-499
-707
246
173
-486
308
760
-265
-714
88
3
-779
-122
901
211
-733
26
89
-548
-277
437
223
-461
-143
-64
-389
-180
237
347
-122
-285
-17
-361
-477
79
266
64
-162
-27
-218
-533
-72
156
119
153
215
38
-547
-586
-308
-189
274
237
122
1
-693
-285
157
249
395
270
326
-513
-634
343
-119
-117
673
682
-9
-223
416
0
-523
487
778
-276
-49
441
-148
-377
97
563
272
-62
521
365
-337
-65
220
205
-56
66
613
-11
-399
286
183
-190
211
430
54
-328
-55
385
-33
-10
537
163
-256
-76
151
-93
-271
407
696
-202
-322
191
-391
-646
-55
441
173
-326
145
-136
-993
-468
326
470
-18
-41
280
-553
-734
135
241
-24
44
136
-73
-341
-100
-20
23
113
-153
-122
-45
-105
-444
-339
198
30
-59
47
-45
-144
-286
283
480
-44
81
85
-117
-82
-98
251
366
33
186
131
-133
-99
-100
164
151
-106
55
91
-130
-353
-98
133
-30
126
268
68
-431
-335
299
20
-102
261
221
-179
-362
199
234
-151
147
216
-177
-301
-101
145
-185
-191
222
-172
-355
-85
-157
-116
113
49
-131
-189
-53
-12
-142
-1
-12
-210
-132
-97
-65
124
-76
-189
117
109
-273
-247
29
-59
-216
90
390
8
-267
266
215
-113
241
521
439
-56
-47
399
45
16
420
206
171
184
54
-2
-18
18
-93
-24
172
-156
-186
187
85
-168
-38
348
95
-170
270
226
-144
18
369
200
-179
226
350
-185
-107
294
45
-225
186
272
-472
-450
151
-99
-275
153
271
-144
-320
191
103
-429
32
306
-21
-75
158
190
-319
-187
280
-105
-143
268
196
-139
-223
-47
-253
-385
53
140
-137
-100
116
-130
-427
-105
91
-46
-5
192
39
-345
-101
255
30
-137
44
158
-196
-280
169
195
-86
-60
157
-30
-450
17
359
-119
-83
95
62
-211
-372
148
194
-89
141
107
-98
-276
-204
35
-105
24
214
25
-127
-146
-100
-29
72
133
75
-33
-210
-120
-80
-119
149
92
-46
-50
23
120
-85
-39
89
-133
-106
72
68
-3
-118
-68
-25
-125
16
230
81
-26
-55
-57
7
-54
139
209
82
37
-57
18
44
-28
179
213
10
-60
-64
-3
28
107
250
267
94
-20
-87
-58
125
194
302
136
-107
-92
-55
97
146
129
329
266
-105
-34
-23
-48
3
192
381
-130
-207
158
-39
-202
10
248
98
-188
11
59
-340
-237
324
316
-46
21
66
-184
-262
82
409
109
-36
79
-173
-303
-143
73
111
-117
-59
-86
-378
-301
-141
-28
87
97
63
-142
-189
-162
-149
-27
7
70
40
-19
17
-4
-37
57
133
144
37
-84
-88
-133
-101
18
26
-147
-234
-102
-2
-33
-36
13
-125
-285
-90
90
14
-5
78
11
-143
-92
141
145
49
127
98
33
-9
-102
-51
12
12
36
2
-99
-266
-276
-16
161
-108
-118
65
-184
-257
-75
133
130
-14
137
19
-198
41
161
245
273
129
-22
-66
-32
0
96
239
150
-115
-59
-24
-140
-139
16
68
-57
30
114
-116
-147
-45
124
214
178
238
58
-28
69
46
75
122
87
155
70
30
-27
-83
14
5
30
-73
-132
-71
-12
66
59
58
5
-88
91
169
168
229
76
121
-13
-65
236
144
84
189
88
-19
-128
95
146
-117
-47
92
-22
-211
57
214
-104
-128
87
11
-221
-98
182
66
-104
57
80
-186
-237
-6
0
-94
68
124
-144
-301
-169
-77
-86
65
187
-16
-215
-131
-82
-89
28
149
113
-68
-96
-47
-109
-21
158
147
-74
-231
-180
-165
-154
77
143
-52
-232
-195
-171
-211
53
189
56
-88
-161
-222
-267
-41
187
122
66
-9
-186
-269
-158
114
110
7
-13
-104
-208
-229
-79
80
64
70
129
56
-98
-111
20
77
124
136
73
40
-118
-132
66
166
216
122
125
66
-200
-78
167
130
97
115
109
-33
-101
54
138
121
166
184
39
3
-11
-31
99
165
194
163
20
37
29
-2
75
108
88
-8
-37
50
8
-58
78
151
30
-67
2
34
-67
17
62
-6
-28
-20
75
22
33
109
-9
-20
29
-11
18
13
54
101
-20
-36
-12
-8
-46
7
92
-68
-124
-64
-58
-58
-33
-7
-1
-9
-6
-38
-65
-53
-60
-92
-12
57
-78
-126
-84
-107
-101
-65
6
19
-148
-136
-47
-151
-72
-3
-34
14
-69
-32
19
-58
5
15
-21
40
60
22
-8
-13
4
-19
-22
93
67
-107
-66
-43
-87
-29
-15
46
2
-128
-93
-49
-43
-54
-23
89
-11
-95
-35
3
-28
-37
104
109
-49
-101
-23
-48
-90
53
154
41
-33
-23
-87
-131
-35
88
40
10
40
-59
-148
-67
82
87
60
161
76
-75
-43
32
93
75
145
153
-33
-67
33
33
57
114
107
61
-21
-33
15
44
85
122
65
-8
-21
-26
5
57
96
108
68
10
-15
6
59
107
125
108
65
-2
-51
-3
75
102
100
94
36
-38
-56
-38
47
64
64
74
-13
-100
-95
6
52
37
45
-1
-46
-83
-29
14
-32
17
1
-59
-59
-86
-50
-11
-21
17
-21
-77
-72
-75
-26
-19
-8
47
-40
-134
-131
-62
-33
-54
15
30
-121
-155
-34
-43
-90
-20
29
-71
-160
-58
0
-30
11
59
-17
-96
-18
43
19
31
78
26
-51
-78
-23
2
-15
76
104
-7
-58
-82
-101
-72
9
137
96
24
-17
-83
-88
-46
89
144
72
61
21
-63
-84
0
120
88
2
37
-17
-116
-56
42
56
-21
-23
-3
-70
-95
7
98
33
6
13
-65
-105
-27
90
99
65
85
0
-91
-62
1
32
71
112
45
-80
-113
-54
-20
11
81
99
-18
-114
-99
-80
-26
64
126
77
-30
-23
-8
5
51
106
111
81
53
11
15
59
68
83
66
43
28
-18
44
94
55
55
31
-10
-38
-9
69
75
79
99
57
-41
-46
39
40
34
84
85
-8
-65
-27
-8
-33
-12
88
61
-64
-68
-9
-47
-103
-33
45
-10
-45
14
-25
-121
-109
-23
3
-13
-1
31
-32
-81
-93
-109
-48
-6
31
50
-9
-90
-136
-122
-88
-28
39
49
-42
-115
-144
-165
-97
26
83
34
-20
-53
-134
-145
1
110
103
57
47
-32
-141
-88
49
88
73
74
38
-82
-137
-34
47
53
61
68
-14
-124
-96
-10
31
69
80
23
-70
-73
-43
7
83
97
59
-18
-57
-57
-53
24
94
50
5
-33
-73
-73
-40
50
79
30
12
-17
-67
-65
17
83
94
68
37
-5
-52
-3
96
105
75
58
24
-39
-36
47
96
75
53
40
-25
-63
0
74
74
72
71
25
-26
-23
41
92
74
90
72
-4
-25
3
62
64
69
76
10
-44
-29
-2
14
14
31
17
-66
-72
-43
-14
7
8
23
-40
-90
-54
-21
-11
19
31
-2
-69
-72
-36
-33
4
57
26
-48
-76
-71
-60
-28
35
42
-8
-61
-45
-47
-61
6
30
8
-37
-60
-45
-69
-39
14
5
-36
-58
-60
-74
-55
6
23
-13
-23
-63
-79
-67
-2
45
19
19
-13
-65
-77
-40
21
48
47
34
-20
-71
-90
-25
45
57
70
38
-16
-60
-54
12
51
57
74
38
-19
-52
-28
14
32
56
45
-2
-38
-51
-27
-4
23
39
9
-17
-22
-19
5
42
43
29
6
-6
2
7
32
56
51
42
27
24
6
9
42
36
23
13
3
-10
-22
-2
34
29
26
21
0
-2
14
33
35
35
42
44
33
26
45
49
36
47
55
34
19
30
18
-1
-3
25
19
-11
-2
2
-20
-36
-14
-12
-21
-8
2
-9
-31
-22
-17
-16
-2
14
6
-17
-17
-24
-25
-14
0
4
-18
-33
-36
-42
-35
-22
-9
-7
-25
-31
-44
-49
-31
-10
5
10
-10
-19
-18
-11
2
23
32
8
-10
-18
-19
-23
-6
14
4
-6
-13
-26
-38
-26
7
1
-5
-2
-14
-38
-37
-3
10
1
16
12
-11
-31
-14
4
-9
0
10
-7
-38
-34
-24
-22
-10
6
1
-19
-26
-22
-23
-12
3
-1
-4
-3
-10
-17
-10
-2
-1
7
11
7
2
3
2
-2
2
10
9
6
6
7
0
1
10
16
23
25
32
30
27
26
34
30
34
40
34
38
29
25
22
22
23
32
34
29
19
13
11
6
12
20
27
16
13
15
14
7
18
34
27
20
26
26
11
11
27
23
9
17
19
-1
-7
7
8
-1
4
4
-11
-19
-14
-11
-14
-13
0
-9
-25
-22
-11
-19
-15
-4
-13
-21
-26
-15
-19
-21
-8
-4
-12
-28
-30
-32
-32
-26
-23
-22
-33
-43
-44
-46
-39
-30
-20
-17
-27
-37
-43
-43
-29
-17
-6
-1
-5
-18
-29
-20
-13
-5
4
11
-3
-18
-18
-16
-8
4
17
20
12
2
-9
-4
7
22
24
29
23
2
-2
7
14
17
26
25
8
-7
2
0
2
11
17
11
-4
-7
-12
-16
-2
15
17
12
9
4
-1
0
13
21
22
19
13
3
-1
4
2
10
18
19
14
3
-5
-1
-1
3
8
9
7
4
6
11
8
14
20
19
17
12
17
20
18
17
21
16
10
13
11
11
11
17
13
2
4
0
-7
-5
5
-4
-5
-2
-7
-14
-17
-4
-1
-6
-3
4
-9
-15
-7
-4
-6
-4
2
-5
-11
-14
-10
-14
-5
-2
-3
-6
-9
-11
-17
-11
-7
-1
-1
-7
-7
-9
-8
-1
3
6
4
5
4
-5
-2
1
7
2
-4
-4
-11
-12
-5
-2
-7
-9
-11
-13
-18
-17
-5
-5
-6
-6
-11
-10
-10
-5
-1
3
7
4
-1
0
-4
-2
2
4
4
3
-4
-5
-11
-9
-2
-5
0
-5
-11
-12
-12
-9
-9
-5
-6
-9
-13
-15
-15
-17
-8
-2
-6
-3
-6
-7
-9
-9
-4
-4
-2
-5
-6
-8
-7
-2
6
5
5
4
5
2
5
15
16
19
22
21
18
22
24
24
24
26
29
20
21
25
25
24
21
22
19
16
18
20
19
15
17
15
9
8
8
10
10
9
15
10
9
9
6
7
4
5
6
3
3
5
2
3
3
-1
-5
-4
-5
-5
-4
-5
-4
-9
-14
-14
-13
-13
-9
-11
-9
-12
-14
-13
-15
-15
-15
-11
-12
-13
-14
-15
-16
-16
-12
-13
-14
-15
-16
-13
-13
-11
-12
-10
-10
-12
-9
-8
-9
-9
-7
-10
-10
-7
-6
-7
-7
-7
-7
-6
-1
-1
-3
-3
-2
-6
-5
-8
-7
-6
-9
-4
-4
-3
-5
0
3
3
3
3
2
1
3
4
6
2
6
7
7
4
3
3
5
7
7
8
7
6
5
3
4
10
10
10
10
6
4
4
3
3
4
3
1
-1
0
1
0
-1
1
2
1
4
2
-1
2
4
7
11
6
5
7
7
11
9
11
9
9
10
9
8
8
8
9
9
7
9
10
11
11
14
11
10
9
9
6
9
11
10
7
6
6
7
6
6
6
3
2
0
1
-3
-3
-3
-3
-3
-3
-2
-3
-4
-4
-4
-6
-7
-8
-12
-11
-14
-10
-11
-13
-8
-8
-11
-12
-10
-11
-11
-11
-13
-15
-17
-15
-14
-17
-17
-14
-17
-19
-18
-18
-19
-18
-16
-16
-17
-18
-13
-12
-12
-13
-11
-8
-7
-9
-9
-5
-6
-6
-2
-1
-1
0
0
2
1
1
1
-2
-2
-1
2
2
5
7
9
8
10
9
11
10
13
15
10
8
8
12
10
14
15
17
14
15
17
15
17
15
17
13
13
14
13
16
19
16
14
12
10
11
11
15
15
12
9
8
4
3
4
3
4
2
2
-1
-5
-6
-4
-6
-5
-8
-8
-7
-7
-7
-9
-7
-10
-8
-10
-12
-11
-9
-7
-9
-5
-8
-9
-6
-5
-3
-1
0
1
2
0
0
0
-1
0
2
3
2
2
4
4
4
4
3
4
6
8
7
6
7
4
2
0
1
0
1
2
2
1
-1
1
-3
-1
-1
1
-2
-6
-6
-10
-10
-9
-8
-8
-8
-9
-9
-12
-11
-12
-12
-13
-12
-12
-16
-13
-14
-16
-15
-12
-13
-13
-15
-14
-13
-12
-11
-8
-8
-8
-5
-4
-1
-1
2
5
3
4
5
9
8
9
10
9
7
6
11
9
7
7
7
6
6
5
8
9
8
13
10
10
9
10
12
13
13
12
14
13
12
14
15
16
13
13
13
8
6
7
8
8
6
3
1
0
-1
2
5
2
1
1
-2
-2
0
0
1
-2
-2
0
-3
-4
-3
-3
-4
-5
-6
-10
-11
-10
-7
-8
-8
-9
-10
-11
-11
-12
-11
-10
-10
-11
-11
-9
-6
-4
1
2
3
2
1
2
2
2
3
2
4
3
3
4
6
7
8
8
5
5
5
7
8
8
6
5
4
3
3
4
4
6
5
6
3
2
1
2
3
2
3
3
0
-2
-3
-5
-5
-5
-8
-9
-10
-11
-9
-8
-11
-11
-12
-15
-14
-14
-13
-14
-14
-10
-12
-11
-13
-12
-11
-11
-10
-10
-9
-11
-9
-10
-9
-8
-6
-7
-8
-9
-10
-7
-7
-6
-6
-4
-2
-2
1
0
3
4
5
8
8
8
8
11
11
12
13
12
12
13
13
13
14
14
17
17
15
17
16
17
17
16
17
16
17
17
19
17
17
17
20
19
16
17
16
14
11
11
10
8
6
6
4
2
1
2
1
-1
-1
-2
-3
-6
-7
-7
-8
-8
-9
-10
-8
-8
-7
-6
-6
-8
-10
-10
-11
-13
-12
-12
-14
-15
-16
-15
-16
-16
-16
-16
-15
-17
-15
-13
-13
-13
-9
-8
-6
-7
-3
-3
-3
-1
0
0
0
1
-1
0
0
0
1
0
1
1
-2
-3
-2
-4
-4
-4
-1
-1
-1
2
3
0
2
2
1
2
1
1
-1
-1
0
-1
-1
0
2
2
2
1
-1
-2
-1
0
-2
-2
0
-2
-5
-2
-2
-1
0
2
0
-2
-2
-3
-1
-3
-1
1
-1
-1
1
0
-2
1
5
2
1
3
3
0
3
5
5
5
6
6
4
6
8
10
7
9
11
10
12
13
15
15
13
11
11
10
13
15
12
14
12
11
11
12
10
7
8
7
7
3
4
5
1
3
5
5
4
2
2
1
0
1
0
-1
-3
-5
-5
-5
-7
-8
-7
-9
-10
-10
-7
-10
-9
-10
-10
-12
-12
-10
-9
-9
-6
-1
-3
-3
-3
-5
-5
-2
-4
-5
-5
-5
-5
-6
-6
-8
-10
-8
-9
-11
-9
-8
-8
-8
-7
-6
-7
-7
-6
-7
-6
-8
-6
-6
-9
-8
-8
-9
-8
-5
-5
-4
-4
-3
-1
-1
-1
-1
0
2
1
-1
0
0
-2
-2
-2
-2
-3
-4
-5
-5
-6
-7
-4
-3
0
2
3
8
7
7
10
9
11
9
10
12
11
9
9
9
7
6
4
7
4
3
4
5
4
4
6
7
7
6
7
8
9
11
14
13
14
15
15
14
14
16
15
13
15
16
14
13
15
13
11
14
14
13
11
11
13
11
12
12
10
8
7
4
3
4
0
-2
-3
-6
-6
-6
-7
-6
-10
-7
-7
-7
-7
-5
-3
-5
-7
-10
-11
-13
-14
-16
-16
-18
-17
-18
-20
-21
-24
-23
-24
-25
-26
-27
-26
-26
-25
-24
-21
-18
-16
-16
-14
-10
-10
-8
-3
-5
-5
-4
-4
-4
-5
-5
-4
-5
-4
-3
-3
-4
-2
0
0
2
3
5
2
1
5
6
6
8
7
8
8
9
12
10
10
13
11
12
13
12
12
10
10
9
9
10
9
10
9
9
8
8
8
7
9
7
7
8
7
6
5
5
6
6
6
8
6
7
6
7
8
8
7
6
4
3
1
4
3
5
5
1
0
0
0
-2
-2
1
2
1
1
2
1
4
4
5
6
6
7
7
5
4
2
4
3
0
0
-1
-2
-3
-3
-4
-5
-6
-5
-5
-5
-4
-4
-4
-3
-4
-4
-2
-2
-3
-3
0
-2
-2
-2
-3
-5
-5
-2
-4
-7
-5
-5
-7
-7
-7
-8
-9
-10
-13
-14
-13
-11
-9
-11
-9
-9
-10
-9
-10
-12
-12
-11
-10
-14
-13
-10
-11
-10
-10
-9
-9
-8
-8
-8
-5
-5
-5
-3
-3
-1
0
2
2
1
4
6
4
5
6
4
7
6
8
8
9
11
12
13
16
16
14
14
14
14
14
12
12
10
9
8
7
5
4
4
3
1
0
3
1
1
0
0
0
1
4
5
5
4
5
3
3
3
3
4
5
4
5
5
3
3
2
0
-1
-3
-4
-5
-5
-6
-6
-5
-4
-4
-2
0
0
-2
-1
-3
-5
-6
-4
-3
-3
-2
-3
-2
-4
-2
-1
-1
1
0
3
3
3
4
6
6
7
9
9
8
9
9
10
10
9
10
9
9
7
7
7
5
6
3
4
1
-1
2
1
0
1
-1
-1
-2
-6
-5
-6
-7
-9
-9
-11
-12
-10
-10
-12
-10
-12
-13
-11
-10
-10
-9
-8
-7
-11
-13
-13
-14
-14
-12
-11
-11
-10
-9
-9
-11
-11
-9
-8
-10
-7
-8
-7
-7
-6
-5
-4
-3
-3
-2
-5
-3
-3
-4
-4
-4
-5
-4
-3
-3
-2
-1
1
1
1
1
2
4
6
6
5
7
5
7
8
5
6
7
8
10
11
12
11
11
12
13
12
13
12
11
10
11
10
10
11
10
11
10
11
10
11
12
13
12
11
12
9
10
7
7
7
6
4
5
3
2
1
0
2
1
2
0
-1
-2
-1
3
3
2
4
4
3
6
6
6
7
9
7
3
5
2
1
1
1
-1
-3
-3
-3
-3
-2
-2
-4
0
-3
-4
-3
-4
-5
-5
-6
-7
-7
-8
-9
-11
-12
-11
-15
-13
-13
-17
-16
-11
-13
-13
-13
-14
-13
-11
-10
-9
-8
-8
-7
-9
-8
-8
-8
-8
-8
-8
-8
-6
-6
-8
-6
-7
-7
-10
-11
-10
-13
-12
-11
-12
-12
-11
-13
-12
-11
-11
-9
-8
-8
-7
-7
-5
-4
-2
-3
-1
0
2
4
5
6
8
7
8
9
11
12
13
14
16
16
16
17
15
13
12
10
12
13
12
12
13
14
11
12
11
12
12
11
10
10
10
11
9
9
9
8
8
9
12
9
11
10
10
9
10
10
10
10
9
11
12
11
9
11
10
9
9
8
7
7
5
2
2
2
4
3
4
2
3
5
2
2
3
4
3
6
5
4
4
3
3
1
2
1
-2
-3
-4
-6
-9
-9
-12
-14
-14
-15
-18
-19
-19
-17
-20
-21
-20
-19
-22
-19
-18
-18
-17
-16
-15
-17
-20
-21
-19
-19
-18
-19
-17
-17
-18
-16
-16
-15
-14
-11
-12
-11
-9
-10
-11
-11
-9
-7
-8
-8
-6
-6
-7
-5
-4
-3
-3
-2
0
-2
-1
1
2
0
1
0
1
2
2
3
4
5
5
7
4
4
4
4
5
5
7
7
7
9
11
11
12
11
13
16
17
19
20
20
22
22
20
20
20
18
18
20
16
14
13
15
13
11
13
12
11
12
12
11
9
10
10
10
13
10
11
12
13
12
12
12
13
12
13
14
10
9
9
6
4
1
1
0
-1
-1
-3
-2
-3
-3
-3
-2
-1
-4
-4
-4
-5
-6
-4
-4
-5
-5
-4
-5
-6
-6
-5
-5
-8
-10
-11
-13
-14
-15
-15
-14
-13
-13
-12
-14
-14
-14
-15
-17
-17
-19
-17
-15
-16
-15
-16
-16
-16
-17
-18
-18
-18
-16
-17
-17
-15
-14
-14
-12
-11
-10
-9
-7
-6
-5
-4
-2
-2
-3
-2
-4
-4
-4
-5
-5
-6
-7
-8
-9
-8
-9
-7
-5
-2
-2
-1
0
1
3
5
6
7
9
8
7
8
7
9
8
10
9
8
8
7
4
3
3
1
0
0
1
3
8
9
14
14
16
16
15
17
19
20
22
22
22
20
20
19
20
18
17
17
15
14
15
14
14
14
13
12
11
12
14
15
14
15
16
16
16
13
13
12
12
12
10
8
8
6
5
3
2
2
0
-2
0
-1
1
2
-1
-2
-3
-5
-6
-10
-12
-13
-15
-18
-17
-18
-18
-20
-21
-18
-19
-16
-14
-17
-17
-17
-17
-15
-12
-13
-13
-14
-13
-11
-11
-12
-11
-12
-11
-10
-9
-11
-12
-12
-13
-15
-14
-14
-15
-14
-13
-12
-10
-10
-9
-7
-7
-6
-7
-5
-4
-3
-3
-2
-3
-6
-4
-7
-8
-7
-9
-10
-9
-9
-8
-7
-8
-7
-6
-4
-2
-4
-2
-2
-1
-1
-1
0
-1
3
6
3
2
4
5
5
3
4
5
6
7
10
10
9
13
15
13
15
16
16
15
18
19
16
17
17
16
14
15
16
14
14
17
16
15
13
13
12
12
11
11
14
16
17
19
19
18
20
19
16
14
13
13
13
11
11
10
10
9
8
6
5
7
7
7
7
6
5
5
7
7
6
8
7
6
2
-1
-4
-8
-9
-11
-14
-14
-16
-18
-19
-21
-20
-19
-20
-19
-21
-21
-18
-19
-18
-15
-15
-15
-14
-13
-12
-13
-11
-10
-11
-10
-8
-7
-8
-9
-10
-9
-9
-6
-7
-8
-10
-9
-9
-10
-7
-7
-6
-6
-6
-6
-5
-5
-5
-4
-4
-6
-6
-5
-6
-6
-8
-9
-12
-12
-10
-11
-11
-8
-7
-9
-9
-9
-8
-9
-5
-4
-5
-3
-5
-4
-5
-7
-6
-7
-5
-3
-3
-1
-3
-1
-3
0
-1
0
0
2
2
3
7
8
10
10
10
11
11
12
12
11
14
13
12
12
12
11
11
13
14
15
16
18
19
19
19
20
21
22
23
26
25
26
26
27
27
25
25
24
23
22
21
20
19
17
16
17
15
13
9
10
8
9
10
8
7
6
6
5
4
3
1
2
1
-1
-2
-4
-5
-7
-7
-7
-8
-9
-9
-10
-10
-10
-12
-11
-11
-14
-14
-13
-13
-13
-15
-17
-19
-19
-20
-20
-19
-22
-22
-22
-23
-25
-26
-25
-24
-26
-25
-26
-24
-23
-22
-19
-18
-17
-15
-14
-12
-12
-12
-10
-8
-8
-9
-7
-8
-9
-9
-8
-10
-14
-13
-15
-16
-14
-14
-12
-13
-11
-10
-8
-4
-3
-2
-1
0
2
3
3
4
6
8
6
10
10
12
12
11
11
12
12
12
12
11
10
11
14
13
14
14
15
16
14
14
16
14
15
16
16
16
13
14
14
14
13
14
14
12
12
10
10
8
8
11
10
12
15
15
14
16
15
15
13
14
14
13
14
13
14
14
10
6
7
7
6
6
7
9
8
9
10
9
10
11
10
11
10
7
5
3
2
3
1
1
2
0
1
-1
-2
-4
-6
-5
-6
-9
-7
-6
-7
-6
-6
-6
-7
-9
-9
-11
-12
-13
-13
-15
-16
-18
-21
-21
-22
-23
-23
-24
-25
-27
-26
-26
-25
-24
-24
-23
-23
-21
-21
-20
-20
-18
-17
-18
-15
-15
-14
-15
-13
-12
-14
-12
-12
-15
-14
-13
-13
-12
-12
-12
-7
-7
-4
-4
-3
-3
-3
-3
0
0
0
2
2
3
3
4
5
6
6
8
10
11
11
12
13
13
13
13
14
15
17
18
20
22
22
20
20
19
16
15
15
16
13
16
15
15
14
14
15
15
16
16
16
16
15
15
15
15
17
17
15
17
17
18
15
15
15
12
11
11
8
7
7
5
6
5
5
3
4
3
3
3
3
3
2
3
2
3
1
0
0
-1
-1
-2
-2
-3
-4
-6
-8
-10
-9
-10
-13
-13
-11
-12
-13
-11
-11
-10
-11
-10
-10
-8
-6
-8
-8
-7
-8
-7
-6
-5
-8
-7
-8
-10
-12
-11
-14
-16
-15
-15
-14
-13
-12
-12
-12
-12
-11
-12
-12
-13
-12
-12
-11
-12
-14
-13
-14
-14
-15
-15
-15
-14
-16
-14
-14
-14
-13
-13
-10
-9
-7
-6
-4
-4
-2
0
0
1
2
2
1
2
2
2
3
2
3
1
1
2
2
1
3
2
3
3
6
7
8
11
11
12
14
13
12
15
13
12
13
12
13
14
12
13
14
12
13
10
12
12
10
12
12
13
14
16
17
17
18
19
19
18
18
16
13
12
11
11
9
10
9
9
9
8
7
7
8
8
8
8
6
8
5
5
6
8
7
7
8
8
6
4
2
1
-3
-4
-5
-8
-9
-8
-7
-10
-11
-10
-11
-12
-13
-12
-12
-10
-10
-9
-10
-9
-9
-8
-7
-8
-6
-5
-6
-4
-3
-5
-5
-8
-10
-12
-11
-10
-12
-13
-13
-14
-16
-15
-17
-16
-17
-16
-16
-16
-13
-14
-14
-14
-16
-16
-17
-16
-14
-13
-13
-11
-12
-12
-12
-11
-11
-11
-9
-6
-6
-6
-4
-2
0
-1
-1
1
2
2
4
1
3
3
4
3
2
2
3
3
4
5
5
7
6
6
8
8
9
8
10
10
9
11
12
12
14
14
14
13
13
14
11
11
11
11
11
12
12
11
11
12
11
12
11
12
10
10
12
12
13
13
12
12
10
12
12
11
11
9
10
8
7
6
6
8
8
8
8
9
10
9
8
7
7
5
3
2
2
2
2
4
2
2
-3
-3
-6
-7
-8
-8
-9
-9
-10
-10
-8
-10
-8
-7
-6
-6
-8
-7
-8
-8
-8
-6
-5
-7
-5
-4
-5
-5
-5
-7
-8
-9
-11
-10
-11
-10
-10
-10
-10
-8
-9
-7
-8
-8
-8
-7
-8
-8
-10
-10
-10
-10
