-9
-10
-9
-8
-8
-8
-10
-7
-7
-6
-4
-5
-3
-1
-1
0
2
2
4
4
5
4
4
6
4
4
4
4
2
2
2
3
5
4
6
5
7
7
5
5
5
6
5
4
5
7
7
9
10
10
11
11
12
14
14
12
12
12
12
12
13
14
15
15
13
14
14
15
15
17
17
15
17
17
17
14
15
13
11
11
9
8
7
7
8
9
7
5
5
3
-1
0
-1
-2
0
0
-1
-3
-2
-2
-2
-3
-4
-5
-6
-6
-8
-9
-9
-10
-11
-15
-16
-14
-16
-17
-17
-19
-20
-23
-22
-23
-24
-24
-23
-23
-24
-21
-19
-20
-18
-16
-16
-12
-13
-13
-11
-11
-11
-10
-12
-11
-11
-9
-8
-4
-2
-3
-2
-4
-2
-4
-5
-5
-4
-3
0
0
1
2
1
2
0
-2
-3
-3
-2
0
-1
0
-1
0
1
1
3
1
2
4
3
4
5
5
7
10
11
11
13
12
10
11
11
10
11
10
12
12
12
15
16
16
17
14
14
14
14
14
14
14
14
14
13
17
17
16
16
15
12
12
10
8
9
5
5
3
4
4
3
6
6
5
4
5
2
2
1
-1
-1
0
1
-1
0
0
1
0
0
-1
-2
-2
-2
0
-3
0
0
-1
0
1
1
0
-1
-1
-2
-5
-4
-4
-6
-7
-5
-4
-5
-4
-6
-5
-7
-7
-7
-8
-9
-10
-10
-13
-13
-15
-14
-15
-15
-17
-16
-19
-16
-16
-15
-14
-13
-11
-11
-9
-8
-7
-7
-7
-7
-8
-8
-9
-8
-7
-8
-6
-7
-5
-6
-6
-8
-7
-8
-8
-6
-5
-5
-5
-4
-3
-3
-2
-1
-2
0
-1
1
-1
0
-1
0
2
1
1
1
2
2
1
1
3
6
7
9
11
10
7
7
7
9
8
7
9
10
10
11
11
10
8
8
8
6
6
6
7
9
10
12
13
12
12
12
13
13
12
13
14
11
12
12
13
11
11
13
13
12
13
13
13
10
12
10
8
9
9
10
10
8
10
7
7
7
8
6
4
5
3
2
2
0
1
-1
-3
-1
-3
-3
-4
-5
-6
-7
-8
-10
-10
-13
-15
-15
-14
-13
-17
-16
-14
-16
-14
-15
-14
-12
-13
-11
-10
-12
-11
-9
-10
-11
-12
-10
-10
-11
-10
-10
-12
-9
-10
-12
-12
-15
-14
-15
-15
-15
-12
-11
-9
-8
-10
-10
-9
-8
-10
-10
-9
-10
-9
-8
-5
-6
-1
1
-1
2
1
2
-2
-2
-1
-2
0
4
6
5
6
8
9
7
8
9
9
7
8
7
8
7
9
9
10
11
12
13
11
9
6
7
6
3
5
5
5
7
6
7
7
8
7
7
7
6
6
7
8
10
9
10
12
10
11
8
6
8
8
8
9
6
4
6
3
5
4
5
8
8
9
10
10
8
8
7
9
9
7
11
8
8
9
8
7
5
6
7
6
4
5
5
4
6
4
2
4
2
1
0
-2
-4
-7
-6
-8
-10
-9
-8
-11
-8
-9
-11
-10
-11
-13
-15
-15
-14
-16
-17
-14
-15
-14
-15
-18
-15
-17
-18
-18
-17
-18
-17
-16
-14
-15
-16
-14
-14
-15
-15
-11
-11
-9
-9
-8
-7
-9
-8
-8
-9
-7
-4
-3
-3
-2
-1
0
-1
0
1
-2
-2
-1
-3
-2
-2
-3
-3
-1
1
3
5
5
5
6
5
3
4
5
8
9
12
14
15
15
15
13
14
15
14
14
15
17
16
15
14
14
12
12
13
11
10
8
7
6
5
5
6
5
4
4
3
2
3
3
1
2
-3
-2
-4
-2
-2
-3
-2
-3
-3
-4
-3
-3
-4
1
-1
1
0
-1
0
1
2
3
5
5
6
6
6
5
7
6
6
8
7
6
5
6
5
5
5
6
6
3
5
6
5
7
5
5
4
4
2
1
-1
1
-1
-1
-1
-3
1
1
0
-1
-1
-1
-3
-6
-5
-6
-4
-5
-5
-8
-10
-9
-9
-10
-12
-10
-10
-11
-12
-13
-15
-13
-13
-14
-15
-15
-12
-13
-14
-14
-15
-16
-15
-17
-16
-17
-14
-13
-14
-13
-12
-11
-11
-9
-12
-12
-9
-8
-7
-8
-5
-2
-3
-2
-1
-2
-2
0
-1
-1
-4
-1
0
1
2
4
6
5
4
3
4
2
2
5
5
5
7
10
10
9
9
11
13
12
13
12
10
12
10
12
13
14
16
16
17
16
16
14
16
14
13
13
12
12
11
13
10
12
11
13
12
11
13
12
12
10
10
8
7
7
6
7
6
5
6
3
3
3
3
3
2
2
-2
-1
-1
-1
-1
-1
-2
-1
-2
-2
-3
-2
-3
-2
-2
-2
-3
-3
-1
-1
-1
0
1
1
1
0
2
0
-2
-2
-3
-4
-5
-7
-6
-8
-10
-11
-12
-15
-14
-14
-15
-14
-14
-14
-13
-13
-12
-12
-13
-13
-13
-16
-16
-17
-16
-16
-21
-22
-20
-21
-21
-19
-20
-16
-14
-13
-13
-13
-10
-9
-9
-8
-7
-9
-7
-5
-5
-4
-4
0
-1
-2
0
0
-2
0
1
1
2
2
4
6
6
7
8
7
7
6
6
7
5
6
7
9
12
11
11
9
8
8
9
10
9
10
10
12
12
15
16
17
18
18
19
18
17
15
15
15
13
13
14
15
14
15
16
14
13
14
13
14
13
14
13
12
10
10
8
10
10
9
10
9
8
7
6
7
6
6
2
3
2
0
-1
-3
-1
-2
-1
-2
1
-1
-2
-4
-5
-8
-9
-9
-10
-8
-10
-9
-9
-10
-8
-8
-8
-7
-7
-9
-11
-12
-13
-14
-13
-13
-12
-13
-13
-13
-13
-14
-14
-13
-13
-13
-15
-10
-12
-10
-8
-9
-11
-12
-11
-10
-9
-9
-10
-11
-11
-9
-10
-9
-10
-10
-10
-10
-11
-13
-12
-12
-14
-14
-16
-15
-13
-13
-13
-12
-10
-10
-6
-5
-4
-5
-6
-2
-3
-3
1
1
3
5
7
7
6
7
8
7
7
7
9
8
8
11
10
15
14
15
16
15
14
13
12
13
10
13
12
13
14
15
16
14
15
14
13
14
12
12
12
14
15
15
16
15
16
16
16
15
13
15
13
14
14
13
13
14
16
17
15
15
15
11
11
9
10
9
6
6
4
2
1
1
0
1
-1
0
3
1
0
-4
-4
-5
-7
-8
-10
-11
-9
-10
-10
-12
-12
-12
-13
-12
-12
-15
-16
-12
-14
-16
-14
-14
-15
-17
-13
-13
-14
-17
-16
-18
-20
-20
-19
-15
-15
-15
-15
-15
-15
-18
-17
-17
-15
-15
-15
-14
-13
-12
-11
-10
-8
-7
-8
-7
-6
-6
-5
-5
-2
-3
-3
1
-1
-1
0
0
1
3
2
0
0
1
-1
0
1
1
1
1
3
2
3
3
3
3
5
6
7
7
8
7
10
12
13
14
13
13
13
13
13
11
8
9
8
8
7
9
9
11
10
11
11
11
12
9
9
8
8
7
9
5
7
9
9
12
9
9
6
5
4
4
2
5
7
6
7
8
7
9
10
7
8
7
10
9
7
7
9
7
6
7
6
6
4
6
5
5
3
4
5
2
1
1
2
0
-1
-1
-3
-3
-3
-5
-4
-4
-4
-5
-5
-5
-7
-7
-8
-8
-9
-12
-10
-10
-10
-11
-11
-12
-12
-12
-13
-13
-12
-12
-14
-13
-13
-16
-16
-15
-16
-14
-13
-13
-14
-12
-12
-11
-12
-12
-10
-10
-10
-10
-11
-11
-9
-11
-10
-12
-13
-14
-15
-13
-15
-13
-11
-9
-8
-6
-5
-3
-3
-1
-2
-2
1
-3
1
-1
0
1
2
3
2
2
3
5
5
6
7
8
7
9
8
11
12
13
13
14
13
10
12
13
13
12
14
14
15
15
14
13
12
13
13
12
11
12
14
14
15
13
14
13
14
14
10
10
10
10
7
9
10
7
8
10
9
6
7
9
8
6
6
6
7
8
6
6
3
5
3
3
2
0
1
2
4
2
3
1
1
0
-1
-4
-3
-4
-5
-7
-7
-7
-7
-7
-6
-5
-8
-5
-5
-6
-7
-9
-11
-9
-9
-8
-9
-8
-8
-12
-11
-11
-12
-12
-10
-11
-11
-9
-10
-9
-11
-10
-10
-11
-8
-8
-9
-5
-6
-5
-4
-3
-4
-3
-3
-4
-4
-7
-9
-9
-9
-10
-9
-9
-9
-10
-8
-9
-12
-10
-9
-10
-11
-11
-7
-8
-7
-7
-6
-5
-9
-8
-7
-7
-5
-4
-1
-1
-1
1
2
1
2
1
3
3
4
7
8
9
7
9
9
9
9
8
9
10
11
10
11
11
12
11
8
7
6
7
6
7
9
9
10
10
12
13
10
13
13
13
16
15
18
19
20
21
21
19
17
17
17
15
13
12
13
13
12
13
10
8
9
5
5
3
2
4
1
1
1
1
3
2
1
1
-1
-3
-4
-7
-8
-7
-5
-5
-5
-4
-4
-5
-4
-5
-7
-8
-9
-11
-11
-12
-11
-11
-11
-11
-12
-10
-10
-11
-11
-12
-13
-13
-13
-15
-15
-14
-12
-12
-10
-9
-9
-9
-8
-8
-9
-10
-9
-8
-9
-8
-8
-6
-6
-5
-4
-4
-3
-1
-3
-3
-4
-6
-6
-5
-4
-7
-6
-6
-4
-3
-5
-5
-5
-6
-5
-5
-4
-4
-2
0
1
0
0
0
-2
-3
-5
-3
-3
-2
-4
-1
-2
-4
-2
0
1
3
2
1
2
4
4
3
4
5
8
9
9
10
9
9
7
7
7
9
10
11
12
9
9
9
10
12
11
13
12
14
13
10
12
12
11
12
14
15
16
16
18
17
16
13
11
12
10
10
12
9
10
10
13
12
12
13
13
11
10
10
8
5
4
3
0
-1
-2
-5
-6
-5
-5
-6
-8
-6
-5
-8
-9
-11
-12
-14
-13
-11
-12
-14
-12
-14
-15
-16
-16
-15
-15
-14
-14
-13
-13
-13
-12
-10
-12
-12
-9
-10
-8
-7
-5
-5
-6
-5
-7
-7
-7
-7
-8
-6
-5
-4
-6
-4
-3
-2
-3
-6
-4
-5
-5
-7
-6
-8
-9
-7
-6
-4
-6
-4
-5
-6
-6
-6
-5
-5
-4
-3
-3
-2
-2
-4
-3
-4
-5
-4
-5
-3
-1
0
3
5
4
3
1
2
2
0
1
-2
-3
-1
1
2
5
4
5
5
6
5
7
8
7
8
8
9
7
11
10
11
11
13
13
10
12
13
13
14
15
16
15
16
19
19
18
17
20
19
19
18
16
18
17
16
17
15
16
17
15
14
11
11
10
10
10
7
6
5
2
1
0
0
-1
-2
-3
-6
-6
-9
-13
-13
-16
-16
-15
-12
-14
-15
-14
-17
-17
-18
-19
-19
-21
-17
-15
-15
-15
-13
-14
-15
-15
-15
-16
-15
-14
-14
-13
-13
-10
-8
-7
-5
-6
-5
-7
-5
-6
-7
-8
-8
-6
-5
-3
-3
-3
-4
-5
-6
-6
-7
-5
-4
-5
-4
-3
-2
-2
0
0
1
3
2
3
4
5
4
4
5
6
5
6
8
6
6
4
6
5
4
5
6
6
5
8
7
7
5
4
3
3
0
2
2
0
1
-2
-2
-4
-3
-3
-3
-2
-4
-2
-2
-1
-2
0
-1
-1
2
4
5
5
7
7
6
7
8
7
10
10
11
13
14
13
14
15
16
16
15
12
12
10
10
9
8
9
9
7
7
8
9
8
7
6
5
4
6
6
4
3
5
4
3
2
3
2
3
2
3
3
3
1
-2
-3
-3
-4
-6
-6
-8
-12
-12
-13
-14
-13
-14
-13
-11
-13
-13
-14
-14
-16
-20
-20
-18
-19
-17
-17
-15
-13
-12
-12
-10
-12
-11
-9
-10
-11
-10
-10
-8
-6
-7
-4
-4
-3
-2
-2
-3
-3
-4
-6
-5
-3
2
2
3
3
3
3
5
5
8
8
9
10
11
9
7
7
6
4
5
5
6
6
8
10
9
10
7
8
7
5
5
3
1
3
1
1
0
-1
2
0
1
-1
-3
-4
-4
-5
-4
-4
-3
-3
-2
0
-2
-2
-3
-2
-1
-2
0
0
1
1
0
0
2
0
3
3
4
6
7
9
9
9
9
9
7
9
8
8
12
12
11
11
12
13
12
11
11
10
8
8
8
9
7
7
6
5
5
5
4
4
1
1
1
0
0
-1
-1
-3
-4
-7
-8
-12
-13
-13
-14
-11
-13
-11
-10
-10
-10
-9
-10
-11
-13
-12
-13
-14
-13
-13
-11
-11
-10
-12
-10
-8
-8
-7
-7
-7
-7
-7
-5
-4
-3
-2
-2
-4
-3
-3
-4
-5
-6
-7
-6
-5
-4
-3
-2
0
0
0
0
0
2
0
2
3
2
4
3
6
7
7
8
8
6
5
6
7
9
8
8
9
8
9
7
8
8
8
7
8
6
8
6
4
4
3
5
3
4
4
2
2
1
1
-1
-2
-2
-3
-2
-3
-4
-3
-3
-4
-3
-1
-2
-2
-1
-1
-3
-3
-1
-1
0
-1
1
1
3
4
4
3
6
6
3
5
3
4
4
5
7
6
4
4
5
3
2
-2
-2
-3
-5
-2
-1
-1
-2
-2
-2
-1
0
1
1
0
0
-2
-2
-1
-2
-2
-4
-1
0
1
0
-1
1
-2
-1
1
2
3
4
5
4
3
3
2
0
0
-1
-2
0
1
-1
-1
-3
-5
-5
-6
-4
-1
-2
-2
-2
-6
-7
-10
-9
-10
-7
-6
-11
-10
-8
-8
-12
-6
-4
-7
-6
-2
-1
-2
-2
0
0
-1
1
0
2
2
1
4
4
1
2
2
3
3
4
4
2
1
3
0
-1
0
-1
-4
-4
-1
-2
-4
-3
-3
-4
-3
-2
-1
-1
-1
-2
0
0
1
2
3
4
5
6
5
5
7
9
9
9
10
10
11
11
10
9
10
10
9
6
5
3
4
5
5
3
2
2
-1
2
0
-1
0
0
0
-2
-2
-1
-1
-2
-2
-1
0
2
2
2
3
4
5
6
2
3
1
0
1
-1
-2
-2
-2
-5
-4
-4
-3
-1
-4
-4
-2
2
-2
-3
0
0
-3
1
3
-2
-1
0
-2
-1
-2
-2
-2
-4
-2
-3
-3
-2
-3
-8
-3
-6
-7
-4
-6
-7
-7
-8
-9
-8
-9
-7
-9
-9
-8
-9
-6
-5
-7
-6
-5
-6
-2
-2
-2
-2
-2
-2
-1
-2
-4
-4
-3
0
-3
-3
-1
-2
-3
-2
-2
-2
0
1
2
-1
2
3
2
3
3
4
6
7
10
11
9
11
9
8
7
7
5
5
4
2
3
2
5
5
3
5
3
4
6
7
8
8
8
10
9
11
11
8
9
8
8
7
4
3
1
2
2
0
3
2
2
1
0
0
-1
-2
0
0
1
2
2
2
0
1
1
4
2
3
0
1
2
2
1
0
1
-1
-1
0
1
-2
-3
-1
-3
-4
-3
-5
-5
-5
-4
-4
-4
-4
-5
-5
-4
-5
-6
-6
-8
-9
-10
-8
-8
-10
-9
-9
-11
-11
-10
-11
-11
-12
-10
-9
-9
-9
-10
-8
-10
-8
-6
-6
-6
-4
-4
-3
-4
-4
-5
-5
-4
-4
-4
-3
-5
-6
-6
-6
-6
-6
-4
-4
-2
-2
0
1
1
2
2
2
3
3
2
4
5
6
7
9
8
9
10
10
8
8
7
8
9
8
10
10
11
10
11
10
13
14
13
14
16
16
14
12
12
13
10
11
10
10
11
13
13
10
9
9
8
7
9
10
8
9
7
7
7
5
3
4
5
4
6
4
2
3
1
-1
-2
-1
-3
-2
-5
-5
-8
-10
-6
-10
-12
-12
-13
-11
-11
-12
-15
-13
-15
-14
-16
-16
-16
-14
-11
-10
-8
-11
-10
-11
-8
-10
-12
-10
-12
-12
-11
-12
-13
-13
-13
-11
-11
-10
-12
-8
-10
-9
-8
-7
-5
-4
-4
-4
-1
1
2
1
1
1
0
2
1
4
3
4
3
3
2
0
1
3
4
-1
2
1
1
1
2
2
1
1
2
1
0
0
-1
3
4
6
5
6
8
9
8
9
9
9
9
8
9
7
8
7
8
7
7
7
6
8
7
8
8
9
10
7
7
9
10
11
8
8
7
6
8
7
5
6
3
3
4
2
4
5
4
3
5
6
5
4
6
4
4
5
6
4
5
6
5
7
4
5
3
4
6
3
3
1
0
-2
-1
-2
-4
-5
-5
-4
-6
-6
-7
-8
-9
-9
-9
-12
-12
-11
-11
-13
-12
-12
-12
-11
-12
-12
-12
-13
-14
-13
-12
-11
-10
-11
-10
-8
-8
-5
-5
-5
-5
-4
-3
-3
-2
-3
-4
-4
-1
-1
0
-2
-2
-3
-2
-5
-5
-6
-4
-3
-4
-4
-7
-6
-8
-7
-10
-10
-9
-9
-9
-9
-7
-4
-3
-2
0
1
2
4
4
4
3
3
5
4
2
4
6
8
6
7
5
7
4
4
4
5
3
3
4
3
2
3
6
7
8
9
9
9
8
9
9
8
7
9
8
9
11
11
12
14
13
12
13
12
11
11
10
9
11
10
11
12
13
13
12
12
11
12
11
10
10
9
11
9
10
9
8
8
7
8
5
4
3
1
-1
-2
-2
-3
-4
-6
-5
-7
-5
-6
-4
-6
-6
-6
-10
-9
-9
-10
-10
-8
-10
-10
-10
-11
-11
-14
-12
-15
-15
-15
-16
-16
-16
-17
-17
-19
-18
-17
-20
-18
-17
-16
-16
-15
-13
-12
-13
-10
-11
-10
-10
-10
-9
-8
-9
-11
-9
-8
-8
-7
-4
-3
-1
1
1
1
0
3
0
1
2
2
5
3
5
4
4
6
5
4
3
2
4
3
3
3
4
4
6
6
7
9
9
8
9
13
13
12
12
13
13
10
12
8
9
8
9
7
4
3
3
2
2
3
2
1
1
1
1
3
3
2
3
4
6
7
6
7
9
6
7
5
6
7
7
8
8
6
6
5
5
5
8
9
10
8
7
6
6
6
7
9
8
9
9
10
8
8
8
6
5
5
4
5
3
2
3
1
2
-2
-1
-1
-3
-6
-4
-7
-9
-10
-9
-10
-11
-9
-9
-7
-10
-11
-11
-11
-13
-14
-12
-10
-11
-10
-11
-12
-12
-12
-11
-15
-16
-15
-14
-14
-13
-14
-13
-14
-12
-11
-11
-9
-7
-8
-7
-7
-7
-6
-4
-5
-3
-4
-2
-2
1
0
-2
-1
-3
-1
-2
-2
-2
-2
0
1
-1
-2
0
1
0
0
0
0
2
2
1
0
-3
-3
-2
-3
-1
-2
-1
0
0
0
-2
-1
-1
0
-1
2
2
5
8
8
8
9
9
10
11
11
11
11
12
11
11
10
8
10
8
9
10
11
12
10
11
8
10
10
11
10
9
10
8
6
5
6
8
7
6
10
11
10
11
9
9
10
10
11
11
12
13
15
14
13
11
10
8
9
7
5
4
7
7
5
6
4
3
3
2
3
0
-2
-3
-4
-5
-4
-3
-3
-2
-2
-5
-7
-9
-10
-10
-11
-12
-14
-16
-15
-17
-19
-21
-20
-22
-24
-25
-26
-26
-22
-23
-21
-20
-19
-17
-18
-16
-18
-17
-19
-18
-19
-18
-14
-14
-13
-12
-11
-10
-7
-9
-8
-8
-10
-8
-7
-6
-6
-5
-4
-2
-2
-2
-1
-2
2
1
2
3
4
5
9
11
10
10
12
14
15
12
12
10
10
11
10
10
7
8
8
8
6
4
3
5
5
5
5
6
7
8
7
7
8
7
7
8
7
8
6
7
6
3
5
4
7
9
10
11
10
9
8
8
9
7
7
7
8
6
7
10
8
10
8
9
8
8
10
10
9
10
14
13
14
14
13
15
12
12
11
9
10
9
7
9
8
9
9
8
10
10
8
7
7
5
7
5
5
2
3
2
0
-3
-6
-7
-7
-9
-11
-13
-15
-15
-16
-17
-19
-21
-23
-21
-21
-24
-20
-23
-23
-25
-25
-24
-26
-24
-23
-24
-24
-22
-23
-21
-19
-21
-21
-21
-22
-22
-21
-22
-21
-23
-21
-19
-20
-19
-17
-17
-16
-14
-14
-11
-12
-8
-7
-3
-3
1
3
3
5
5
7
8
10
9
9
8
8
8
11
10
9
11
12
15
14
17
15
17
17
17
19
18
18
17
18
19
19
19
19
19
20
20
19
18
17
15
14
14
13
11
9
9
8
7
6
6
6
6
8
9
9
9
12
13
14
14
15
13
13
17
15
14
12
10
10
6
7
8
5
3
4
3
2
0
1
2
-1
1
0
-1
-2
-2
-3
-1
-1
-2
-2
-1
-2
-3
-4
-5
-5
-5
-2
-5
-2
-1
-2
-4
-5
-7
-9
-10
-12
-13
-14
-14
-12
-11
-12
-11
-9
-10
-11
-11
-11
-12
-12
-13
-12
-15
-15
-18
-20
-21
-21
-20
-21
-20
-21
-22
-21
-20
-22
-20
-20
-18
-19
-19
-16
-15
-14
-14
-13
-14
-12
-12
-10
-11
-11
-9
-8
-7
-7
-6
-4
-2
-1
0
1
0
0
1
2
1
1
3
6
7
8
10
11
11
13
16
16
17
15
16
16
16
17
15
15
13
15
14
14
14
14
14
13
14
14
13
13
15
16
15
17
18
19
18
18
16
18
18
18
18
20
19
18
19
20
18
16
17
15
14
14
12
12
10
11
8
7
7
6
6
5
3
3
2
-1
1
-2
-2
-2
-3
-3
-3
-4
-3
-4
-8
-9
-8
-10
-12
-12
-11
-10
-10
-10
-9
-12
-13
-12
-12
-13
-13
-14
-13
-16
-18
-16
-14
-15
-16
-15
-15
-13
-13
-11
-12
-11
-10
-10
-7
-6
-4
-7
-6
-6
-8
-10
-10
-13
-13
-10
-9
-7
-10
-10
-9
-11
-12
-11
-11
-10
-8
-9
-7
-9
-11
-8
-8
-8
-9
-10
-8
-7
-8
-7
-7
-9
-8
-9
-8
-10
-9
-8
-7
-6
-4
-3
-2
-1
0
1
4
2
4
4
1
2
2
4
5
4
7
8
10
12
10
14
13
14
15
15
17
15
16
18
17
15
15
17
19
20
19
21
22
24
22
23
23
23
22
20
21
22
20
20
20
18
19
17
19
18
17
17
16
17
14
14
12
12
12
10
9
6
4
3
2
-1
-4
-5
-6
-7
-7
-7
-8
-7
-9
-11
-12
-12
-11
-13
-12
-12
-11
-10
-13
-10
-13
-13
-12
-12
-13
-14
-15
-14
-12
-13
-13
-12
-11
-14
-13
-13
-14
-15
-14
-12
-14
-14
-15
-14
-12
-13
-13
-14
-14
-14
-12
-10
-11
-11
-9
-8
-7
-5
-7
-6
-8
-8
-7
-8
-8
-8
-9
-7
-8
-10
-9
-10
-10
-9
-9
-6
-7
-8
-6
-5
-4
-3
-4
-3
0
0
2
3
0
1
2
1
2
3
4
5
4
6
6
5
8
8
9
8
9
8
11
11
13
13
11
14
12
13
12
14
14
14
14
13
11
11
11
10
12
11
12
10
10
11
12
11
11
11
12
10
11
9
11
10
10
9
10
11
12
11
12
12
13
13
12
11
11
11
11
13
10
11
11
11
11
9
8
5
3
2
2
-1
-3
-3
-3
-2
-2
-5
-5
-7
-5
-4
-7
-8
-9
-7
-8
-9
-10
-10
-9
-9
-8
-10
-9
-9
-10
-11
-10
-12
-13
-14
-11
-11
-13
-13
-11
-13
-13
-14
-16
-18
-18
-18
-18
-17
-16
-16
-16
-16
-15
-17
-18
-16
-16
-13
-15
-16
-10
-9
-9
-7
-7
-6
-7
-7
-5
-5
-7
-6
-7
-4
-5
-4
-1
-1
-1
-1
0
-1
-1
-2
-2
1
1
2
1
2
5
4
4
3
3
6
6
5
4
5
7
8
9
10
10
9
11
11
10
7
7
8
10
12
10
9
10
12
12
13
12
13
13
14
13
12
11
12
12
13
13
14
14
14
15
17
15
13
13
14
15
15
16
14
13
15
15
13
12
11
12
12
10
10
8
9
6
6
5
5
2
2
2
1
1
-2
-2
-4
-5
-6
-7
-9
-9
-9
-11
-10
-12
-13
-13
-12
-10
-10
-12
-13
-11
-9
-9
-7
-10
-9
-10
-9
-9
-10
-12
-11
-11
-11
-8
-10
-8
-6
-4
-4
-7
-8
-7
-6
-6
-5
-8
-7
-9
-9
-9
-10
-12
-11
-11
-11
-11
-11
-11
-12
-10
-10
-8
-11
-9
-11
-11
-10
-11
-11
-12
-11
-11
-8
-6
-5
-5
-5
-4
-4
-1
-4
-4
-3
-3
-2
-3
-3
-4
-5
-5
-2
-1
-4
-3
-3
-2
0
1
4
3
5
8
6
6
9
8
9
10
9
11
12
15
15
16
19
20
22
22
25
26
29
32
33
33
34
35
34
34
33
32
33
32
31
26
24
23
23
22
22
19
18
18
16
15
11
10
5
5
3
1
-2
-5
-6
-7
-6
-7
-7
-9
-9
-11
-12
-16
-17
-21
-20
-20
-21
-23
-23
-26
-26
-27
-28
-27
-30
-30
-29
-29
-27
-27
-31
-29
-30
-29
-28
-28
-29
-30
-30
-29
-28
-28
-26
-25
-23
-21
-16
-16
-15
-13
-10
-6
-5
-2
1
7
10
13
16
17
21
20
22
25
26
29
32
31
33
32
34
35
32
31
31
27
27
25
22
19
15
13
11
8
4
4
1
-2
-4
-7
-9
-12
-13
-15
-18
-20
-25
-29
-31
-31
-34
-36
-37
-37
-37
-39
-38
-38
-41
-39
-37
-35
-35
-34
-29
-28
-24
-21
-21
-19
-15
-13
-11
-9
-8
-4
-2
3
8
11
15
18
22
25
25
28
31
32
35
39
39
44
45
48
50
53
56
59
60
62
63
61
64
66
65
67
65
64
62
60
57
56
52
49
47
44
43
38
35
30
28
27
21
18
12
11
6
3
-2
-7
-13
-21
-26
-34
-41
-49
-55
-60
-68
-75
-78
-83
-84
-90
-91
-94
-94
-94
-95
-94
-93
-90
-86
-82
-76
-71
-65
-56
-49
-43
-36
-31
-24
-15
-6
4
13
22
29
36
43
51
55
59
64
67
71
73
74
77
78
77
75
73
70
65
61
56
48
39
31
25
16
9
-2
-13
-21
-29
-38
-49
-60
-66
-70
-73
-79
-89
-97
-101
-103
-101
-101
-104
-102
-97
-90
-85
-81
-77
-70
-58
-45
-35
-25
-15
-3
11
23
35
45
56
67
78
91
99
106
114
119
127
133
137
141
143
147
151
149
145
139
136
133
129
123
112
100
86
73
65
51
35
18
2
-11
-26
-40
-56
-74
-84
-88
-94
-100
-110
-113
-115
-109
-108
-109
-109
-98
-85
-73
-60
-51
-41
-31
-12
2
13
28
47
68
83
97
105
118
134
152
164
175
185
192
199
204
202
196
187
182
171
163
149
129
109
83
58
27
-8
-44
-84
-122
-156
-194
-235
-274
-313
-348
-376
-402
-433
-465
-494
-504
-510
-509
-511
-508
-491
-468
-448
-428
-403
-376
-331
-287
-245
-208
-173
-129
-81
-37
6
51
99
154
206
249
290
334
381
432
479
522
565
601
646
682
706
730
735
741
746
739
724
687
638
580
504
421
326
219
116
8
-106
-228
-361
-491
-612
-721
-818
-914
-990
-1047
-1094
-1133
-1154
-1154
-1132
-1082
-1020
-956
-886
-786
-662
-538
-415
-299
-184
-56
75
197
313
429
543
645
735
811
879
951
1017
1087
1161
1226
1272
1287
1287
1288
1308
1335
1340
1305
1242
1169
1077
977
847
706
563
407
228
10
-231
-467
-686
-898
-1089
-1272
-1456
-1614
-1751
-1858
-1937
-1976
-1964
-1906
-1821
-1713
-1590
-1457
-1283
-1079
-851
-621
-407
-209
-1
207
408
595
744
879
1018
1145
1231
1276
1305
1353
1423
1509
1545
1487
1413
1381
1372
1375
1362
1294
1212
1130
1039
912
765
630
488
330
152
-63
-333
-601
-863
-1106
-1315
-1490
-1661
-1857
-2028
-2149
-2246
-2298
-2280
-2235
-2143
-1975
-1792
-1638
-1456
-1214
-958
-686
-413
-165
68
334
580
744
870
984
1062
1131
1198
1203
1143
1061
964
836
690
553
429
320
261
218
149
84
55
54
77
137
229
340
502
706
873
1016
1163
1311
1448
1565
1647
1657
1642
1614
1495
1291
1072
841
595
332
47
-280
-624
-936
-1236
-1547
-1828
-2042
-2185
-2265
-2287
-2304
-2322
-2283
-2186
-2016
-1776
-1512
-1273
-1039
-760
-464
-201
37
246
438
636
833
953
970
976
966
906
848
776
670
565
472
388
331
347
371
297
190
180
250
399
601
755
884
1074
1279
1442
1568
1701
1842
1949
1984
1915
1714
1481
1256
983
682
387
83
-298
-692
-1087
-1516
-1901
-2174
-2391
-2568
-2650
-2679
-2723
-2730
-2633
-2498
-2316
-2046
-1754
-1467
-1124
-786
-514
-240
57
338
586
820
988
1090
1179
1222
1179
1072
954
837
717
585
405
208
66
8
-6
-46
-151
-263
-269
-163
3
189
352
514
729
951
1171
1386
1588
1801
1945
1987
1945
1816
1645
1446
1208
955
690
392
32
-368
-785
-1195
-1556
-1841
-2072
-2260
-2355
-2402
-2463
-2498
-2441
-2321
-2131
-1834
-1529
-1237
-900
-569
-291
-2
320
633
931
1194
1391
1503
1582
1618
1542
1398
1281
1179
1038
843
601
339
148
101
100
-29
-242
-370
-410
-349
-164
-22
58
253
506
705
915
1163
1401
1601
1773
1831
1722
1575
1410
1183
949
751
498
144
-236
-612
-1006
-1405
-1722
-2020
-2269
-2360
-2389
-2505
-2608
-2565
-2447
-2319
-2128
-1928
-1735
-1387
-980
-714
-480
-182
139
464
803
1071
1214
1343
1462
1458
1377
1284
1149
994
898
768
512
216
-17
-170
-195
-137
-228
-439
-497
-366
-203
-13
175
345
609
984
1306
1512
1753
2039
2234
2330
2354
2247
2065
1889
1650
1306
967
661
247
-258
-722
-1171
-1616
-2000
-2327
-2621
-2802
-2850
-2943
-3066
-3045
-2909
-2735
-2496
-2229
-1957
-1617
-1186
-825
-571
-231
155
493
820
1073
1226
1362
1494
1541
1463
1324
1221
1102
935
738
449
141
-40
-30
30
-70
-294
-459
-481
-310
-48
141
296
564
911
1243
1561
1879
2188
2468
2699
2771
2721
2606
2409
2135
1807
1496
1195
788
303
-193
-711
-1189
-1626
-2078
-2459
-2667
-2773
-2905
-3055
-3093
-3013
-2871
-2674
-2484
-2259
-1884
-1467
-1145
-846
-535
-174
200
508
759
980
1196
1335
1338
1268
1159
1020
888
736
526
259
-13
-226
-354
-310
-249
-424
-618
-642
-540
-293
-3
197
411
730
1113
1432
1691
2025
2354
2588
2746
2728
2576
2407
2180
1881
1548
1262
970
537
25
-527
-1088
-1560
-1958
-2361
-2690
-2862
-2963
-3121
-3256
-3293
-3252
-3043
-2732
-2471
-2172
-1786
-1434
-1134
-844
-476
-60
342
703
949
1129
1334
1462
1456
1410
1336
1272
1198
1037
796
507
262
114
90
139
46
-189
-307
-271
-138
124
351
529
792
1156
1519
1806
2120
2480
2738
2934
3032
2925
2753
2552
2256
1891
1534
1204
749
182
-381
-981
-1538
-1952
-2394
-2841
-3119
-3296
-3455
-3594
-3612
-3578
-3503
-3240
-2929
-2671
-2302
-1889
-1574
-1203
-742
-314
82
484
869
1204
1483
1676
1700
1641
1629
1581
1457
1310
1106
820
533
336
238
254
241
5
-234
-250
-137
52
257
443
705
1028
1393
1704
1933
2290
2664
2860
2941
2903
2737
2542
2305
1960
1561
1217
852
302
-305
-910
-1543
-2096
-2579
-3019
-3364
-3565
-3690
-3879
-4012
-3978
-3928
-3731
-3422
-3150
-2784
-2327
-1904
-1529
-1145
-690
-197
237
696
1069
1319
1572
1732
1758
1728
1671
1595
1482
1302
1071
774
543
488
560
573
359
101
-3
56
252
474
648
862
1144
1458
1762
2031
2378
2747
2974
3067
3039
2900
2679
2372
1991
1562
1203
853
338
-275
-922
-1539
-2041
-2529
-2994
-3349
-3586
-3705
-3837
-3928
-3887
-3824
-3626
-3281
-2987
-2611
-2145
-1763
-1382
-976
-519
-28
414
849
1237
1508
1755
1927
1948
1899
1836
1757
1606
1417
1184
863
614
542
594
574
276
-42
-111
-54
156
378
457
657
981
1279
1567
1854
2220
2619
2877
3009
2962
2804
2661
2386
1952
1550
1220
837
327
-305
-1015
-1652
-2106
-2551
-3051
-3431
-3653
-3803
-3946
-4015
-4029
-4021
-3788
-3416
-3148
-2780
-2280
-1870
-1469
-997
-523
-93
369
833
1207
1501
1779
1961
1957
1883
1850
1784
1661
1516
1240
923
713
650
710
612
263
12
-44
-13
173
334
426
641
965
1272
1498
1769
2170
2512
2697
2802
2735
2555
2374
2088
1648
1251
972
564
-33
-656
-1320
-1952
-2421
-2858
-3314
-3657
-3782
-3894
-4100
-4145
-4061
-3999
-3731
-3310
-2993
-2581
-2023
-1581
-1235
-764
-235
211
665
1167
1540
1793
2053
2224
2187
2100
2071
1939
1737
1582
1345
986
770
780
831
649
264
-13
-110
-12
271
447
526
771
1082
1370
1643
1948
2376
2791
3034
3114
3016
2841
2636
2302
1886
1495
1180
786
187
-488
-1166
-1757
-2193
-2652
-3193
-3584
-3730
-3814
-3977
-4066
-4086
-4066
-3776
-3309
-2984
-2609
-2081
-1637
-1248
-800
-377
33
528
1064
1462
1672
1879
2037
2003
1957
1964
1793
1573
1458
1211
896
822
990
884
404
70
-44
-122
76
389
413
478
821
1150
1320
1611
2075
2450
2687
2871
2846
2630
2413
2132
1682
1259
1047
724
136
-523
-1192
-1840
-2344
-2822
-3348
-3733
-3852
-3901
-4072
-4190
-4174
-4160
-3963
-3578
-3256
-2890
-2310
-1748
-1376
-986
-501
-38
405
899
1344
1686
1981
2189
2181
2053
1992
1865
1633
1436
1228
943
790
912
888
401
-79
-166
-187
-107
272
529
549
799
1257
1442
1547
2050
2626
2882
3090
3223
2998
2654
2453
2103
1545
1223
1066
577
-119
-720
-1378
-2050
-2565
-3039
-3500
-3661
-3579
-3659
-3849
-3903
-3839
-3650
-3320
-3012
-2669
-2121
-1496
-1027
-690
-348
-15
402
905
1311
1646
1974
2181
2115
1936
1792
1595
1349
1185
1007
739
690
1122
1477
1010
278
118
164
155
578
1148
1161
1075
1575
1908
1500
1553
2503
2988
2816
2842
2717
1897
1202
1132
820
198
122
82
-797
-1817
-2298
-2728
-3297
-3498
-3466
-3563
-3466
-3142
-3087
-3225
-3043
-2570
-2201
-1875
-1305
-797
-543
-210
79
79
194
724
1144
1143
1150
1211
930
595
414
69
-260
-318
-540
-1063
-1477
-1514
-688
1167
2137
776
-443
323
1210
1725
3084
3582
2044
1593
3399
3688
2298
3061
4541
3540
2221
2185
1030
-941
-825
30
-1091
-2357
-2456
-3292
-4597
-4576
-4028
-4229
-4307
-3861
-3981
-4087
-3085
-2176
-1913
-1068
252
706
372
540
1300
1839
2339
2867
2712
2237
2201
2225
1869
1479
1365
1164
622
-13
-771
-1612
-1898
-1830
-2135
-2612
-2796
-3051
-3279
-1976
834
2165
770
-173
1215
2613
3487
5335
5813
3412
2675
5360
6139
4127
4508
6041
4245
2085
2170
1018
-1299
-940
-64
-2390
-4677
-4759
-5468
-6281
-5205
-4523
-5575
-5831
-5091
-5232
-4663
-2336
-984
-940
-179
520
345
976
2581
3130
2945
3279
2843
1694
1838
2604
2320
1663
1274
291
-913
-957
-976
-1920
-2344
-2462
-3486
-4140
-3652
-2966
-1205
1926
2393
-932
-1789
1352
3434
4616
6475
4905
852
1848
6425
6532
4418
5517
5209
1846
1266
2321
447
-1106
48
-847
-4288
-5240
-4716
-5567
-5143
-3734
-4761
-6390
-5747
-4814
-4634
-2958
-874
-972
-1191
-24
497
663
1886
2712
2295
2246
2491
1822
1508
2284
2214
1071
554
102
-1036
-1367
-934
-1571
-2649
-2855
-3132
-3808
-3541
-2847
-2227
421
3361
1890
-1387
-191
3277
4590
6271
7396
3213
-240
3993
8118
5851
4208
5479
3163
99
1901
2534
-705
-1273
-155
-2932
-5925
-5086
-4497
-5164
-4028
-3740
-5894
-6177
-4256
-3555
-2892
-641
182
-906
-433
1022
1410
2169
3341
2937
1851
1959
2300
2051
2303
2394
1001
-375
-639
-748
-844
-741
-1447
-2805
-3249
-3086
-3391
-3257
-2643
-1993
525
3633
2549
-1114
-333
3821
5620
6697
7490
3509
-375
3572
8688
6651
3628
4416
2906
53
1532
2426
-857
-2345
-1291
-3156
-6040
-5426
-4409
-4997
-4485
-4376
-6080
-6048
-3865
-2728
-2407
-1375
-861
-763
549
1551
1278
1876
2732
2087
1634
2180
1868
1107
1620
1697
-41
-1018
-646
-1162
-2078
-1981
-2080
-3084
-3535
-3383
-3955
-4136
-3178
-2456
-629
2983
3646
-52
-1156
2689
5415
6468
8241
5577
-281
1265
8122
8614
4594
3960
3095
50
1094
3416
382
-2829
-2074
-2703
-5572
-5702
-4452
-4976
-4865
-4321
-5803
-6289
-3814
-2048
-2179
-1785
-792
-28
1311
2358
1875
1686
2493
2693
2529
2570
1650
633
1347
1844
349
-1000
-1209
-1519
-1827
-1820
-2335
-3241
-3342
-3297
-3637
-3490
-2880
-646
3564
4618
486
-1672
1963
5778
7163
8238
5520
-165
1088
8028
9023
4707
3185
2606
464
1429
3478
597
-2757
-2218
-2404
-4868
-5406
-4431
-4643
-4584
-4274
-5557
-5902
-3590
-1950
-2173
-1690
-294
360
1168
2365
2192
1731
2841
3628
2567
1675
1866
1549
972
1164
699
-739
-1352
-1385
-2238
-2895
-2414
-2356
-3330
-3936
-4103
-4120
-3400
-2341
-348
3053
3959
458
-1162
2372
5767
7286
8552
5243
-847
1299
9146
9578
4364
2533
1701
129
2352
4165
-302
-4331
-3189
-2803
-4871
-5314
-5111
-5800
-5392
-4977
-6019
-5626
-3319
-2429
-2962
-2220
-416
907
1970
2259
1351
1403
3101
4035
3179
1900
1262
1004
987
1233
656
-833
-1906
-2549
-3042
-2822
-2239
-2602
-4027
-4922
-4810
-4008
-2899
-2550
-1162
2564
3807
580
-539
2863
5577
7483
9242
4844
-1333
2580
10468
9401
4130
2547
1208
829
4637
4667
-1783
-4593
-2429
-2290
-3801
-4420
-5707
-6335
-4609
-4124
-5276
-4363
-2842
-3142
-2847
-860
818
1855
2464
1615
904
2669
4700
4097
2124
1067
897
1393
2173
1426
-816
-2178
-2209
-1942
-1852
-2170
-3041
-3961
-4352
-4208
-3337
-2825
-2561
779
4777
2809
-1201
850
5263
6772
8481
7630
381
-1474
7542
11945
5952
1360
1036
821
3476
5866
460
-5605
-4025
-1262
-2298
-3951
-5902
-7577
-5618
-3115
-4515
-5636
-3789
-2998
-3542
-2117
591
1844
1606
1070
984
2471
5039
5357
2306
-342
870
3551
3380
778
-1593
-2257
-1154
-326
-1795
-4117
-4537
-3513
-3510
-4585
-5275
-4644
-3470
-3246
-1796
2163
3631
601
-503
2556
5086
7255
9024
4036
-2289
2624
11257
9323
2609
782
800
2044
5659
3568
-4300
-5885
-1671
-1252
-3846
-5531
-7228
-6898
-3848
-3720
-6107
-5124
-2779
-3158
-3114
-331
1793
1664
1376
1467
2115
4317
6017
4110
646
587
3362
4083
1906
-477
-1653
-1410
-561
-1000
-3051
-4374
-3934
-3606
-4171
-4588
-4307
-4025
-3537
-655
3351
3288
-90
-78
3583
6212
8343
8698
2762
-1474
5343
12429
8575
2289
1317
1824
3730
6576
2765
-4728
-4689
-264
-703
-3844
-5763
-7135
-6127
-3291
-3680
-5810
-4888
-3035
-3192
-2589
49
1860
1902
1348
1109
2574
5392
6050
3193
526
1335
3712
4166
1960
-1081
-2135
-696
51
-1798
-3989
-4609
-4315
-4169
-4710
-5667
-5429
-4272
-4055
-2437
1835
2970
-436
-945
2604
4993
7180
8655
3292
-2029
4141
12029
8727
2294
1303
1576
3098
6385
3246
-4744
-5342
-579
-703
-4113
-6098
-7389
-6521
-3545
-3827
-6487
-5807
-3504
-3188
-2337
-73
677
416
1186
1930
2684
4840
5722
3064
772
2183
4359
4005
1866
-351
-1431
-687
84
-1196
-3408
-4451
-4248
-4077
-4470
-5101
-5223
-4909
-4716
-2625
1731
2831
-820
-1946
1962
5365
7253
8165
3415
-1863
3726
12294
9564
2426
1612
2695
3485
6385
4450
-3382
-5007
-120
165
-3632
-5416
-6490
-6569
-3891
-3105
-5664
-5934
-3568
-2938
-2918
-825
1190
1341
1190
1832
2988
4366
5328
4474
2378
2051
3922
4635
2701
430
-334
-306
-310
-740
-2328
-4204
-4662
-4230
-4558
-5178
-4999
-4959
-4468
-1005
2261
183
-2679
-231
3468
5075
7130
5922
-315
-23
8954
11397
5087
2008
2415
2366
5303
6723
-62
-5347
-1766
1051
-1737
-4203
-5843
-7272
-4995
-2326
-4398
-6610
-4916
-3443
-3490
-1739
854
1028
47
434
2276
4530
5760
4840
2219
981
3510
6383
4709
363
-1506
-68
1403
699
-1867
-4508
-4930
-3540
-3390
-5111
-6324
-5966
-5143
-4258
-2066
151
-498
-2028
-916
1521
3701
6216
5812
829
-280
6405
10369
6686
2860
1960
2246
4869
6606
1885
-3820
-2818
231
-663
-3118
-5313
-6911
-5622
-3219
-4087
-6162
-5474
-4044
-3539
-2056
-532
-447
239
1648
2161
3057
4687
4409
3061
3537
4448
4236
4061
2994
839
787
1918
518
-1803
-2325
-2730
-3738
-3802
-4115
-5491
-5658
-4770
-3923
-1806
-149
-1728
-3058
-882
1815
3628
5319
3531
-392
1856
8229
8790
4931
3195
2749
3378
6276
5872
196
-2510
21
985
-944
-2933
-5121
-5950
-3829
-2794
-5042
-6352
-5062
-4077
-3571
-2194
-1061
-761
-269
560
1599
3186
4475
4107
2942
2919
4393
5873
5225
2577
869
1643
2834
2052
-398
-2507
-3077
-2405
-2158
-3370
-5105
-5883
-5255
-3989
-2543
-1448
-2054
-3467
-2676
-146
1759
3339
3665
949
-80
4600
8243
6123
3753
3517
3017
4254
6437
3746
-970
-727
1205
92
-1471
-2808
-5016
-4985
-2878
-3463
-5678
-5596
-4818
-4703
-3311
-1888
-2339
-2245
-581
449
1208
2835
3264
2168
2452
4070
4774
4507
3690
2277
1620
2440
2792
1219
-854
-1744
-1594
-1396
-2034
-3561
-4993
-5252
-4112
-2555
-2133
-3234
-4393
-3768
-1656
171
1167
1015
-358
-287
2783
5312
4731
3372
3072
3164
4101
5319
3978
1241
814
1603
1135
112
-1125
-2729
-3055
-2010
-2198
-3660
-4148
-3906
-3832
-3088
-2146
-2290
-2417
-1372
-148
538
1166
1511
1517
2142
3290
3930
3813
3239
2773
3016
3349
2819
1822
1013
174
-230
127
-221
-1668
-2572
-2683
-2936
-2726
-1588
-1559
-3286
-3909
-2678
-1809
-1188
83
-88
-1692
-724
2321
2932
2015
2392
2350
1735
3065
4244
2565
1258
2042
1903
969
1080
419
-1061
-726
10
-1058
-1976
-1769
-2046
-2159
-1216
-1084
-1931
-1673
-741
-429
-6
390
-20
-50
1053
1859
1761
1540
1283
1153
1768
2294
1652
657
251
221
301
347
-221
-1207
-1466
-1165
-1401
-2012
-2293
-1961
-1416
-1655
-2625
-3030
-2409
-1377
-280
-53
-1530
-2285
-348
1423
1265
1026
718
9
967
2773
2203
743
1188
1643
1122
1448
1567
389
225
1118
556
-531
-218
94
-358
-281
-223
-942
-998
-231
-180
-541
-464
-548
-709
-198
239
17
-30
88
-243
-251
291
321
5
-24
-155
-400
-182
123
-118
-500
-635
-767
-741
-540
-677
-1049
-1214
-1190
-1015
-742
-674
-784
-801
-707
-467
-213
-184
-227
-32
228
311
456
711
803
982
1374
1517
1482
1696
1955
1959
1863
1766
1605
1525
1589
1470
1134
901
797
708
619
437
176
5
-83
-192
-329
-495
-672
-770
-797
-904
-1065
-1084
-959
-857
-814
-846
-917
-806
-462
-276
-458
-657
-558
-335
-190
-106
-229
-473
-401
-63
68
-47
-165
-244
-202
-90
-141
-264
-203
-148
-182
-100
-28
-74
1
255
435
537
707
881
956
975
989
1050
1139
1156
1102
1039
936
828
776
703
579
415
193
16
-44
-146
-341
-573
-798
-925
-879
-899
-1137
-1298
-1243
-1184
-1157
-1130
-1175
-1186
-1064
-946
-955
-928
-772
-619
-519
-444
-420
-348
-232
-113
7
0
-31
77
82
-112
-94
140
140
-85
-149
-74
-32
102
168
26
45
352
608
648
560
508
668
989
1103
930
798
870
1017
1084
988
781
736
847
826
683
577
478
379
320
198
-47
-198
-168
-219
-420
-567
-637
-699
-671
-628
-729
-912
-928
-828
-827
-862
-794
-703
-645
-569
-540
-531
-416
-236
-126
-111
-178
-213
-60
168
205
80
16
86
281
457
421
294
351
553
707
735
652
557
668
926
976
812
712
752
834
874
798
638
548
573
589
474
377
384
364
291
205
90
12
26
7
-150
-332
-404
-411
-410
-426
-545
-716
-756
-687
-682
-757
-811
-816
-734
-622
-625
-676
-646
-534
-434
-363
-393
-501
-451
-267
-229
-321
-329
-277
-221
-90
12
-31
-12
161
265
270
307
343
386
510
577
506
454
489
524
527
493
411
317
298
273
185
149
141
90
44
-9
-77
-99
-87
-150
-296
-390
-432
-501
-543
-541
-601
-696
-709
-670
-674
-698
-685
-640
-589
-503
-384
-331
-311
-245
-125
11
70
38
38
124
207
217
192
165
163
236
317
300
258
298
367
441
470
413
358
435
533
485
437
487
486
451
514
542
439
406
480
472
433
480
489
385
329
378
387
360
324
201
68
27
-17
-110
-171
-220
-330
-402
-391
-408
-432
-388
-368
-390
-330
-233
-207
-165
-80
-41
22
106
106
86
153
202
146
105
88
32
38
92
40
-52
-66
-25
2
-3
-42
-102
-96
-41
-59
-87
-61
-61
-111
-101
-30
20
34
46
49
66
153
209
164
89
98
152
143
48
-78
-136
-145
-193
-309
-406
-471
-504
-523
-571
-642
-681
-660
-617
-615
-605
-513
-379
-285
-205
-109
-20
32
75
149
204
208
202
176
127
130
174
165
92
52
64
80
81
43
-48
-75
-3
37
-17
-55
-35
-10
2
5
8
25
76
130
171
188
232
319
363
344
363
447
462
389
315
272
249
229
150
37
-50
-125
-191
-242
-295
-354
-373
-393
-452
-442
-329
-221
-153
-105
-53
57
182
233
248
328
383
380
381
338
304
351
406
355
230
184
203
216
179
76
-5
15
45
-7
-84
-109
-105
-112
-102
-99
-96
-56
4
44
89
177
284
324
314
336
415
474
433
330
236
222
210
142
39
-70
-157
-199
-222
-305
-406
-464
-473
-503
-546
-512
-435
-356
-299
-237
-151
-86
-58
25
139
165
132
104
68
60
73
79
-4
-138
-208
-219
-224
-303
-433
-503
-470
-446
-484
-530
-531
-505
-464
-415
-382
-361
-282
-154
-66
-3
100
235
320
354
417
524
578
571
536
477
450
447
395
272
181
104
23
-55
-128
-213
-272
-305
-357
-397
-353
-259
-208
-177
-131
-17
108
161
174
246
364
420
414
373
328
343
371
331
187
53
29
57
-18
-183
-305
-295
-257
-327
-430
-502
-500
-443
-389
-403
-439
-396
-268
-139
-68
15
124
220
305
396
491
559
577
566
559
559
557
516
434
347
259
188
130
37
-52
-109
-146
-194
-215
-184
-149
-114
-75
-29
51
134
187
235
320
427
474
476
453
443
476
474
391
259
144
110
96
8
-152
-277
-294
-286
-333
-430
-540
-590
-559
-531
-541
-572
-549
-467
-376
-283
-197
-106
-47
-7
54
137
202
197
166
144
133
116
74
21
-43
-115
-200
-272
-338
-407
-457
-493
-545
-571
-548
-485
-449
-434
-369
-259
-156
-94
-40
44
154
253
297
286
294
350
407
383
301
240
237
272
212
74
-40
-59
-34
-59
-136
-215
-241
-204
-146
-160
-199
-176
-72
26
91
163
237
315
393
465
525
582
606
608
596
598
585
522
440
369
292
212
124
30
-59
-132
-168
-229
-286
-317
-311
-307
-317
-291
-254
-198
-158
-106
-26
40
84
102
109
105
125
140
81
-19
-76
-64
-63
-138
-258
-348
-357
-343
-370
-453
-524
-533
-483
-429
-416
-408
-357
-261
-160
-86
1
105
205
272
328
420
498
527
545
561
578
594
591
549
479
428
383
316
238
157
95
35
-19
-68
-78
-64
-73
-89
-83
-45
-15
-4
19
61
90
111
121
102
81
89
90
20
-78
-129
-111
-104
-176
-308
-409
-403
-387
-418
-501
-576
-575
-526
-485
-494
-527
-522
-455
-370
-301
-269
-203
-122
-60
14
93
137
158
178
208
237
262
255
225
200
181
172
127
72
25
14
8
-33
-65
-63
-30
0
12
27
65
107
134
156
195
231
244
251
247
245
262
284
236
148
127
150
142
85
2
-63
-70
-49
-49
-119
-176
-167
-140
-116
-126
-146
-142
-132
-84
-39
-7
24
49
75
114
186
229
226
196
191
212
220
202
159
122
95
81
58
9
-44
-60
-62
-90
-122
-122
-107
-91
-69
-65
-34
5
28
39
71
96
89
89
90
86
68
67
45
-12
-53
-50
-67
-121
-181
-208
-222
-244
-251
-260
-274
-276
-241
-218
-181
-143
-117
-103
-57
16
71
100
129
152
174
230
269
267
236
225
219
206
186
159
122
85
49
26
3
-27
-61
-101
-112
-104
-87
-89
-81
-50
-17
4
10
15
23
45
63
39
17
22
23
-4
-45
-101
-155
-180
-191
-230
-313
-367
-385
-403
-425
-442
-450
-443
-423
-395
-364
-323
-256
-202
-176
-131
-59
32
99
156
199
230
279
325
365
367
357
346
354
362
342
314
263
236
221
202
163
118
90
83
96
91
87
110
171
210
214
206
241
291
322
309
260
247
268
293
242
161
106
81
45
-7
-78
-164
-214
-249
-301
-365
-390
-379
-379
-385
-378
-352
-299
-245
-225
-222
-167
-80
-7
40
86
133
162
195
179
169
191
223
191
131
120
127
124
84
24
-27
-26
-9
-42
-118
-140
-105
-57
-56
-60
-22
38
87
92
107
143
201
220
187
141
137
164
154
100
6
-45
-81
-108
-172
-271
-328
-339
-366
-410
-420
-412
-381
-373
-353
-339
-308
-260
-224
-181
-117
-46
2
36
76
116
158
177
148
122
135
149
100
25
-23
-41
-39
-51
-96
-152
-159
-139
-131
-133
-140
-111
-79
-52
-19
45
118
167
205
252
342
402
417
392
365
373
376
346
258
166
114
92
35
-62
-144
-189
-202
-241
-287
-326
-320
-287
-262
-245
-221
-176
-110
-52
-1
73
150
216
242
288
318
338
352
334
321
294
291
242
185
149
118
79
-2
-60
-90
-97
-121
-151
-158
-124
-67
-29
-9
0
72
146
192
185
203
282
359
392
349
329
337
343
300
218
120
71
29
-48
-173
-267
-295
-346
-392
-474
-522
-525
-491
-487
-508
-480
-419
-347
-300
-262
-202
-126
-52
-12
-14
14
51
87
82
34
27
17
-11
-62
-97
-125
-165
-188
-229
-261
-274
-250
-225
-231
-206
-144
-88
-42
17
101
171
226
294
338
404
460
497
472
465
491
497
461
394
317
277
246
164
48
-64
-124
-186
-224
-320
-400
-412
-373
-352
-379
-368
-356
-305
-279
-227
-204
-149
-81
-54
-13
-11
13
60
98
89
37
8
-30
-92
-107
-136
-182
-216
-214
-192
-211
-184
-164
-136
-106
-68
-24
3
82
211
291
344
392
449
549
594
635
612
619
679
699
656
593
531
477
452
358
208
94
82
62
16
-64
-108
-125
-109
-118
-219
-279
-265
-153
-88
-2
51
198
222
352
386
87
19
-269
-381
-567
-584
-366
-365
-116
104
65
106
-11
-197
-413
-686
-808
-919
-848
-649
-448
-190
82
243
352
357
238
47
-97
-156
-202
-131
-29
131
293
400
423
290
167
20
-146
-291
-400
-416
-330
-182
-92
-102
-128
-156
-174
-267
-331
-415
-393
-265
-115
6
91
201
346
386
360
296
183
201
175
197
160
178
196
193
182
84
-10
-137
-191
-241
-301
-330
-270
-204
-150
-97
-58
-19
-17
45
98
57
144
294
261
379
383
403
417
379
528
308
317
313
234
242
147
117
4
-13
-64
-134
-256
-288
-362
-338
-329
-340
-368
-317
-234
-258
-184
-219
-162
-131
-71
-7
-30
24
117
184
227
210
168
176
165
191
110
74
24
30
19
23
30
-3
73
63
117
100
108
144
147
203
168
207
263
307
325
377
394
411
440
440
427
292
270
217
126
98
-19
-70
-87
-74
-55
-228
-217
-330
-320
-399
-485
-527
-510
-453
-209
-128
-192
91
-125
141
-255
-240
-370
-708
-399
-625
-483
-454
-299
-152
-108
-98
-148
-356
-379
-537
-643
-644
-627
-381
-164
106
145
374
371
280
212
211
8
-19
202
152
282
380
570
596
560
510
351
161
129
39
13
21
44
166
207
277
184
134
51
10
-3
-328
7
41
-16
380
176
397
272
329
353
73
28
-163
49
9
70
-37
50
168
-59
-14
-171
-370
-395
-563
-393
-360
-612
-451
-328
-178
-326
32
-57
-61
-122
-120
36
-101
102
126
115
462
274
249
581
152
552
-45
427
151
-200
154
-449
288
-534
-25
-116
-206
121
-141
219
87
-118
165
-45
89
182
-308
529
23
421
317
452
388
3
532
-28
231
260
136
68
178
-26
-81
-249
1
-369
-540
-30
-272
-387
-135
-301
-73
-120
-241
597
-413
291
-8
21
266
33
188
68
258
319
-63
654
62
-33
-9
-594
982
-1192
893
-157
-343
89
-1314
1140
-885
-800
423
-706
-188
-80
-15
415
-1197
791
-258
-423
734
-713
370
-204
53
-66
-275
-76
516
-1050
582
-376
-737
739
-1452
454
-707
-543
-270
-362
105
-483
-383
-119
21
-836
615
99
47
193
-235
1054
-417
497
727
-270
1148
-345
650
794
-807
1351
-501
245
444
-940
1148
-538
24
618
-710
494
-579
245
187
-189
533
-295
753
-131
272
488
157
127
327
272
522
-258
-34
583
-581
820
-776
613
-174
-515
-265
-293
-194
-872
-57
-310
-416
-504
-253
-80
430
-1632
582
50
-966
910
-474
953
-283
29
1063
-708
327
939
-192
359
750
-699
1305
-740
301
749
-9
166
-38
964
-717
-357
547
492
-808
769
442
294
-374
883
538
-505
967
210
48
696
-367
1074
-3
-753
2119
-1038
295
76
-201
454
-1429
367
-152
-989
-625
-440
-37
-1134
-797
157
-684
-686
-972
69
-789
-907
-67
-531
-258
-156
-932
-71
381
-1155
776
-812
445
-1015
116
-117
-861
1222
-1198
337
-516
-278
-135
-585
643
-204
-904
906
-799
243
822
-969
1072
-583
1092
-302
164
898
59
209
249
1147
11
521
-47
1411
-552
161
685
265
270
-713
1140
-524
-9
179
45
301
-618
440
-407
-102
613
-674
209
456
-638
78
390
254
269
-244
146
739
-1275
1426
213
-627
1541
-1773
1653
-726
-559
1475
-1629
1495
-609
-308
1288
-1986
1678
-949
-32
1076
-1536
1674
-1148
600
809
-940
1038
254
-373
686
-222
760
-157
-546
1603
-807
180
456
-195
661
-991
627
180
-1271
293
-374
-99
-662
-242
141
-268
-536
-122
605
-1585
412
611
-1151
844
-832
1174
-278
-946
1911
-1619
678
-115
-44
694
-1067
417
-105
-671
518
-524
296
-88
-450
149
-556
324
-400
-333
681
-399
-566
1118
-880
25
305
-395
470
-441
809
-542
24
98
-422
51
-144
-222
-113
109
-1214
-117
450
-1491
-14
441
-1323
-131
-921
252
-673
-579
72
-9
-775
204
-320
69
575
-1174
1283
-260
-193
362
668
-354
570
74
459
459
-114
623
-162
343
586
-270
446
557
-337
1021
-656
1439
-984
668
1026
-903
1866
-1135
1759
-584
338
1618
-1455
1853
151
-427
1581
-1048
1683
-402
-132
1475
-1752
2063
-1363
413
315
-422
-380
297
-739
-110
332
-1401
1799
-2538
893
-1283
573
-178
-1123
1147
-955
-193
-459
609
84
-737
464
427
-1057
312
-297
400
-932
1101
-967
517
-622
68
-58
-902
1849
-2118
585
-94
92
-1142
1210
-301
-197
87
139
541
-1006
1301
-526
171
436
484
-533
473
726
-669
526
123
282
-206
-642
1835
-1671
534
352
-1953
2456
-2336
1057
512
-1499
1295
-1234
233
628
-1209
-168
1213
-1458
566
-212
-543
1041
-1654
804
591
-1189
137
760
-1034
513
-441
-230
586
-1063
414
98
-898
318
0
-1140
932
-930
257
-30
-895
1433
-1291
93
316
-391
-212
320
60
-74
290
-802
1008
-353
-355
1056
-948
673
148
-887
1301
-775
-213
1012
-1169
668
115
-1120
1454
-866
222
680
-792
825
37
-125
568
417
-349
656
-306
857
158
-98
685
77
312
-152
994
-150
200
378
4
528
-519
459
301
-94
445
356
-231
316
20
21
866
-1276
1511
-755
178
323
-494
1196
-1071
733
-19
13
-146
-412
870
-729
54
-552
296
-348
-400
517
-907
195
-801
123
-473
-5
-740
-119
-87
-832
240
-567
-11
-447
-35
-128
-652
246
180
-773
763
-306
-159
-5
174
-134
-143
118
-232
621
-1188
1262
-433
-131
899
-801
547
-97
-334
730
-452
-5
763
-843
814
303
-837
1025
44
-671
1173
-815
453
-93
-243
1024
-764
243
532
-450
-23
423
-817
925
-719
44
387
-565
6
223
-338
274
-290
-1
-106
-433
471
-648
411
-826
883
-959
-231
732
-1170
446
-566
284
11
-1276
1102
-255
-775
542
-420
147
-354
-240
1001
-1345
694
-44
-691
805
-1012
948
-862
767
119
-823
1360
-1158
612
-134
284
107
-581
1279
-779
374
405
135
113
242
128
817
-912
951
351
-798
1503
-1363
1804
-1062
796
893
-1457
2295
-1375
777
426
-406
828
-633
809
-40
-167
753
-137
159
-78
486
115
-657
1018
-374
-483
601
-278
191
-733
307
440
-976
33
544
-377
-263
-18
33
31
-758
293
-31
-125
-875
810
-566
24
-40
-938
1379
-1734
612
-395
31
-312
-647
666
-657
-121
244
-461
543
-573
-278
354
-738
753
-1036
996
-663
-78
21
-195
666
-1278
1485
-883
-50
257
-650
917
-998
687
-73
-558
808
-704
233
-331
162
177
-664
386
-172
-350
225
128
-3
-138
73
34
57
-264
231
-105
-283
1045
-1235
624
562
-1108
1201
-734
537
18
-835
1177
-1015
399
206
-700
792
-680
541
-259
-493
1289
-1506
627
543
-1035
862
-1277
1677
-1071
-37
1048
-995
784
-694
1421
-1053
402
630
-1043
864
-440
-45
822
-1012
1236
-809
231
816
-1391
1722
-921
326
391
-754
885
-449
256
527
-234
718
-837
1035
-45
-409
1251
-885
679
-157
-28
275
-123
526
-401
701
-227
386
83
-140
714
-895
650
-310
444
-459
121
210
-292
462
-464
878
-969
605
-305
-73
-27
-155
-125
-110
277
-573
593
-727
381
-145
-414
666
-984
351
-451
-534
479
-753
70
-158
-58
-213
283
-874
287
-115
-829
827
-1387
614
-550
-532
857
-620
-323
202
-23
-346
23
-61
197
-396
-56
116
-49
-783
772
36
-184
-48
417
-177
-840
942
-387
301
29
-119
528
-1090
550
229
-445
843
-555
469
-822
967
-715
347
681
-1173
1650
-1671
1116
-84
-804
1157
-331
-62
308
-909
1532
-1426
1111
204
-1300
2032
-2084
1245
247
-1322
1801
-1194
382
985
-1848
1498
-406
79
120
-112
242
5
-335
475
419
-633
263
422
125
-626
863
-60
-121
-84
495
60
-172
-36
1033
-1149
685
154
-158
355
-278
830
-1166
811
-147
-368
732
-461
58
690
-1559
2074
-1649
445
862
-1460
1401
-1636
2067
-1819
804
-104
-80
574
-918
664
27
-139
-673
1528
-1331
1103
-1594
1452
3
-1617
2125
-992
175
-745
1173
-944
155
325
-447
462
-1225
1367
-1307
631
-483
354
-421
-456
702
-1134
564
-346
155
-249
-537
611
-840
165
-36
-285
468
-663
425
-915
817
-648
-197
872
-901
-150
185
-367
489
-841
980
-153
-1073
1279
-824
97
-81
-150
502
-477
-312
729
-322
-257
317
376
-719
647
-651
336
304
-749
715
-711
1087
-708
207
408
-187
-213
100
993
-1588
1235
-683
461
288
-776
1182
-625
430
-778
1310
-681
285
-532
531
677
-2362
2766
-1236
172
316
-964
1742
-1160
-718
2148
-1455
-676
1471
-954
730
-810
1020
-85
-1005
1256
-116
-323
284
49
45
-497
727
-392
223
535
-838
1167
-199
-509
305
444
-254
-57
353
68
9
-642
1198
-58
-661
1262
-928
696
-686
334
818
-1287
1209
-1037
575
-203
453
350
-1130
905
-226
-488
334
481
-700
-270
106
774
-1459
1033
-148
-223
136
-1076
2129
-2574
1769
-625
-210
261
-939
1184
-1685
1289
-494
-409
333
-334
-101
-467
785
-797
178
-289
-6
-176
-497
1441
-1564
504
460
-845
453
-182
251
-520
-190
328
-247
-255
141
126
-254
-82
675
-937
656
-699
-22
883
-1960
1796
-1067
-35
829
-1359
1497
-628
5
511
-820
575
-658
-299
1494
-1684
1108
-57
-576
1123
-1167
1052
-504
-63
442
-451
47
455
-869
812
-244
128
631
-995
960
-650
213
200
-269
876
-1464
943
301
-689
1309
-1182
932
-133
-812
1720
-1339
538
-166
-59
1068
-1388
805
542
-1103
1080
-364
325
0
-571
1004
-775
164
448
-309
153
468
-487
190
378
-599
1030
-1379
1641
-786
-651
1426
-1251
995
-376
122
-11
-445
1237
-1081
174
816
-830
-7
193
938
-1222
-367
1722
-884
-388
404
323
-530
-371
561
657
-1542
931
206
-840
1030
-994
913
-359
-352
715
-826
273
230
-695
643
-267
-391
258
-87
82
-399
254
-183
-383
500
-652
385
-653
330
135
-1035
1272
-905
231
190
-520
161
69
-357
433
-802
720
-810
-58
1298
-1994
1520
-672
-85
224
-466
864
-1245
284
485
-1043
592
125
-539
309
-145
447
-353
-494
861
-892
55
728
-787
212
72
71
66
-359
640
-561
226
484
-784
-129
458
-47
-618
739
-25
-467
279
534
-446
50
134
149
-237
-75
699
-599
-372
1452
-1167
490
752
-934
739
-549
683
-344
-115
691
-535
-262
1250
-1125
690
-11
144
45
-217
718
-792
737
-526
895
-1084
1194
-614
109
439
-203
519
-644
771
-342
446
-703
947
-454
-177
467
-14
72
-56
53
79
148
-361
557
12
-914
1428
-1562
960
88
-1197
1722
-1607
1097
-570
233
-177
134
-156
-322
943
-1521
1219
-847
543
-159
-701
1247
-950
183
-84
384
-611
-120
712
-984
690
-706
240
317
-960
835
-553
107
-447
628
-736
246
264
-848
816
-642
312
-359
275
-196
-245
-52
598
-876
243
419
-698
304
-412
645
-658
-76
431
-597
99
-17
-198
484
-1026
949
-544
-153
218
-122
163
-520
353
-155
95
-527
750
-521
21
65
215
89
-514
387
-46
4
-297
442
30
-305
216
69
199
-306
131
516
-652
300
169
-239
462
-374
251
175
-510
793
-248
83
-25
-12
379
-458
637
-535
748
-752
460
466
-630
540
-242
436
-560
811
-550
498
-295
-32
837
-1014
776
-201
63
187
-266
689
-233
-286
510
-187
333
-361
254
402
-493
204
327
-208
388
-492
413
284
-568
433
-201
-15
248
-422
259
194
-564
236
341
-850
1013
-746
-67
427
-522
219
-533
583
-180
-638
414
196
-523
1
262
15
-578
190
190
-460
-16
99
-45
-255
-17
57
-37
-304
293
-600
335
-194
-178
358
-720
389
-63
-467
678
-304
-444
635
-794
657
-583
169
583
-1052
578
17
-105
-88
187
-64
113
-337
276
202
-662
418
-334
421
-284
-44
282
-303
128
-249
270
212
-533
288
98
-437
287
96
-1
-54
-70
277
-176
-15
314
-134
-280
376
-33
-284
93
249
-151
-296
340
-13
-255
169
160
-72
-181
123
177
-90
-79
306
-178
175
-119
258
113
-285
396
-240
399
-301
271
28
-117
415
-461
537
-117
-101
145
38
285
-229
95
294
-203
-39
383
-240
110
6
24
153
-200
378
-384
236
30
-135
189
-150
393
-517
347
72
-85
1
104
224
-457
381
-92
3
-192
212
46
-278
257
-179
97
-50
63
16
-57
-14
4
-17
-14
-66
74
-99
-24
50
-49
-48
-19
23
-253
151
-165
-12
-108
-162
92
-287
106
-137
-3
-199
60
-152
-97
71
-316
160
-239
95
-173
60
-71
-58
23
-90
66
-166
41
-160
70
-180
62
-40
-94
89
-201
122
-99
44
-52
41
-61
-71
70
-144
118
-93
38
-34
61
12
18
88
-16
114
-61
123
29
-2
47
40
-25
109
39
-55
214
-136
136
-12
97
-23
-24
76
-6
58
-99
236
-149
110
2
82
20
-5
79
-38
107
-110
111
-55
80
-10
82
45
59
22
-8
153
-72
96
0
78
-25
39
69
3
111
-49
172
-42
47
58
-32
39
-56
64
-39
48
-45
110
-35
15
105
-31
71
-56
78
-120
74
-136
53
-37
-121
145
-174
132
-117
87
11
-52
64
-78
54
-94
37
-18
-18
18
8
-11
57
-6
-15
39
-69
57
-126
31
-44
-61
-17
-24
-19
-61
-34
-36
-34
-73
14
-123
23
-139
-9
-33
-152
95
-98
-68
17
-44
-71
10
-104
-8
-112
-91
12
-178
71
-125
8
-27
-29
46
-102
117
-123
24
-39
-26
-13
-37
-22
11
-40
-2
69
-101
92
-80
63
-65
1
42
-40
61
-18
88
-15
100
-1
114
-11
71
21
-10
94
-75
129
-30
117
-10
128
60
17
139
-36
132
-33
80
-17
68
-46
51
44
-75
122
-68
88
-19
15
39
-17
-7
8
0
-12
13
-8
40
-17
19
18
21
0
-12
64
-15
-6
28
24
7
49
9
83
36
6
113
-2
40
19
40
7
-6
10
37
-4
9
59
-2
20
16
10
-33
16
-50
-28
-35
-61
-12
-97
45
-71
13
-45
-5
-20
-83
33
-89
8
-78
11
-28
-26
-7
-38
10
-61
17
-66
-13
-56
-45
-30
-74
-1
-76
-13
-29
-13
-36
-4
-12
-26
-6
-72
45
-63
-13
-13
-30
31
-58
44
-30
-8
-26
0
-33
-19
-22
-8
10
-25
17
-29
15
-5
13
-11
32
4
-13
36
-18
13
-33
33
-6
18
34
1
28
4
11
27
-10
10
-19
18
-15
-19
-11
31
-17
21
32
5
27
-3
53
0
38
9
42
-3
44
-1
48
2
49
37
4
62
-11
60
-24
50
8
18
30
32
3
28
8
16
26
-17
57
-41
58
-22
9
23
-15
37
-16
20
-6
2
0
-10
-9
-7
-31
15
-8
0
31
-12
25
16
0
18
13
11
4
0
13
26
-24
19
-6
-7
-4
-23
-8
-24
-10
-38
25
-38
13
0
-18
44
-50
12
-15
8
7
-24
14
-7
-4
23
-2
-23
29
-34
22
-17
5
-25
-6
-6
-25
-1
-29
15
-29
-6
-20
-11
-30
3
-33
-6
-19
-24
-12
-33
-31
-36
-12
-36
-15
-15
-22
-24
-15
-33
-9
-34
-48
-19
-66
-20
-71
-38
-17
-61
-6
-27
-14
-14
-21
10
-30
5
-22
3
-11
-20
19
-14
15
19
19
5
54
-12
31
15
-19
24
-25
43
4
15
34
30
2
29
26
-6
53
1
42
13
42
24
26
35
31
52
33
56
32
61
19
52
47
29
50
30
42
23
40
18
49
28
36
46
6
53
4
20
12
8
17
-22
20
-3
10
-8
11
-1
-6
0
-7
-6
-28
-12
-23
10
-26
-13
-8
-9
-30
-21
3
-26
-6
-13
-5
-13
-2
8
15
-9
6
5
-12
16
-17
-8
-9
-8
-26
6
-20
-24
-4
-36
-7
-40
-36
-6
-38
-31
-18
-38
-38
-28
-25
-28
-11
-31
-17
-33
-31
-30
-32
-29
-38
-27
-48
-30
-54
-40
-34
-51
-13
-50
-19
-18
-9
-25
-11
13
-24
-4
-9
-11
-3
-28
-4
-8
-13
-9
4
-7
-2
-16
3
3
-16
29
6
47
23
47
46
45
70
22
67
43
37
51
35
35
18
21
42
7
6
35
-6
10
12
15
16
28
45
14
38
21
19
36
24
43
25
9
28
-18
21
42
42
66
37
67
28
29
53
26
66
35
48
57
38
54
46
74
52
76
21
63
-12
3
10
-23
-4
-24
-5
-54
-1
-45
-41
-39
-41
-77
-90
-88
-90
-102
-122
-47
-100
-68
-57
-70
-56
-60
-41
-55
-54
-39
-56
-25
-73
-11
-49
-29
24
-27
19
23
0
50
52
5
86
44
25
31
-10
22
4
12
34
15
30
31
6
4
-6
-59
-12
-21
-34
-1
18
-9
5
63
-17
18
4
19
-17
-4
-1
-46
-54
-37
-3
-15
-27
-30
-1
-62
-38
-67
-102
-68
-55
-67
-74
-62
-44
-70
-24
-25
-89
-15
-53
-98
-68
-71
-67
-51
-30
-39
-14
-56
13
61
17
37
18
3
-20
13
-11
37
15
63
49
32
57
28
65
16
150
44
14
26
50
53
-4
68
30
71
102
103
83
105
185
81
142
115
64
177
107
222
166
175
182
140
126
160
101
99
143
127
68
65
42
49
24
337
981
40
-504
-339
-341
-384
-168
252
-477
-787
-66
80
-546
-226
17
-61
104
-333
-374
-522
-338
77
222
291
191
194
-281
660
787
-1018
1587
368
-737
690
-53
869
-783
455
846
-1104
101
713
-1151
-32
113
-1077
551
-379
-829
316
-719
-642
547
-1207
83
205
-945
499
-805
470
231
-874
947
89
-699
426
703
-978
601
910
-926
712
-32
643
-396
-709
1928
-1991
-280
1814
-1338
-367
205
496
-589
-798
1114
-735
-623
428
-186
230
-466
70
573
-595
44
300
321
637
-21
311
-430
-403
715
391
-192
220
244
-906
211
569
-629
-449
454
283
-298
-70
200
-185
57
1156
693
-476
538
-64
-193
331
-193
498
-405
926
745
-665
-57
485
456
-29
265
425
-877
-1071
-10
-653
-36
-299
-266
591
-635
-750
433
-166
123
-100
161
708
-422
768
-8
412
339
28
1275
-453
260
1469
-578
149
381
642
222
-110
587
-320
-267
-944
1040
-455
-1220
-323
-711
459
-1388
-799
1252
-1254
-638
253
-240
-198
-1019
62
828
-725
-729
1453
-132
-370
-119
193
-349
836
106
-704
1035
-422
85
-604
453
-204
-805
744
539
-1040
-930
654
-427
-564
111
-427
577
-851
-619
1537
-1670
301
802
-102
344
-744
1302
-517
-631
1212
-1165
1420
740
-1520
829
-315
984
-357
-40
1892
-2245
-32
1788
-627
-695
-671
2110
-230
-2080
2669
-551
-1372
564
-67
936
-526
646
-144
-648
794
-631
773
1295
-494
-198
88
594
-1123
-428
1606
-482
-33
123
208
-925
-110
1024
-1229
-466
148
627
-812
-533
1036
-1476
-194
831
580
228
-1647
1493
1416
-1800
572
1131
-217
-659
-7
1955
-840
-994
1134
-8
-75
-1216
563
759
-1465
475
421
-54
-553
-338
1243
-581
-779
490
-388
55
162
861
971
-2080
-409
1447
272
-225
381
978
-500
-1399
171
783
-951
228
1394
-84
-797
-443
360
901
-792
-644
501
339
-598
-932
331
275
-979
-618
1243
-509
-1046
835
442
-559
-830
386
228
-273
178
215
-146
620
-57
-958
412
755
67
7
193
-587
-927
-50
1327
233
-1107
27
261
-568
-867
342
678
-894
-42
606
-285
-750
-588
691
-23
344
323
-143
512
-661
-96
318
445
715
-1044
193
1430
-1167
-385
891
380
-305
-1126
821
567
-941
305
657
-358
-730
-763
905
827
-706
300
213
262
-799
-665
1408
164
-376
760
494
-409
-865
845
831
-406
490
-100
-526
-132
75
103
-65
168
68
-799
223
268
-652
219
-205
26
-287
-371
143
-912
-285
626
-16
-217
45
-302
-9
563
97
183
-111
-86
775
-169
388
393
-501
869
-97
-375
425
-242
485
113
95
112
-664
173
601
330
-32
-10
-15
-54
333
288
26
-256
88
366
293
322
29
-55
93
162
477
-39
-215
374
-257
-147
35
-190
-183
-552
9
222
-630
-210
-238
-423
-365
-386
-224
-288
-301
-30
-53
-426
-153
-792
-92
643
-190
159
-216
-406
-147
-103
561
-60
0
132
-242
-19
-511
92
-67
-198
458
-335
-109
-441
-429
249
-502
415
402
-650
289
7
-187
224
127
391
-181
137
862
-146
-299
760
448
-90
292
498
-226
-318
517
324
-301
-94
229
-21
85
129
107
-132
-208
-124
-283
43
89
150
-65
-141
-91
-143
-58
193
462
1
146
222
-199
-376
-167
312
277
258
107
-53
-60
-407
127
245
-180
89
165
243
-346
-191
140
-373
-222
344
485
-289
-320
380
-227
-615
462
509
-185
94
547
12
-793
-44
568
-368
-116
787
55
-611
114
451
-394
-108
960
304
-630
247
569
-601
-129
801
86
-380
93
559
-221
-563
605
223
-427
-105
204
145
-456
185
287
-401
-76
19
6
120
-158
80
113
-102
2
-124
343
262
-519
82
72
-672
-211
-16
-101
-357
-50
378
-627
-453
24
-504
-333
66
191
-399
-721
196
-66
-625
183
350
-212
-225
406
-68
-509
186
41
-235
53
178
-32
-216
164
51
-596
-227
219
131
-56
146
255
-526
-373
411
180
-59
228
233
-189
-130
343
107
-13
235
224
276
126
13
131
-45
26
442
154
-256
-86
284
5
-36
432
46
-323
79
296
62
83
216
52
-124
67
-61
101
352
12
141
267
-78
-183
123
310
111
-31
178
-24
-176
-32
203
224
-170
-123
97
69
-135
117
216
-173
-95
139
-19
-94
125
131
-125
-109
-65
-74
-123
-22
207
-211
-266
-15
-163
-119
-52
194
60
-419
-9
-133
-175
320
118
334
103
-164
107
-19
36
137
206
267
-87
-6
94
-134
31
141
167
60
141
108
-133
-170
-213
-54
38
-13
172
-34
-405
-205
47
-157
-218
174
188
-314
-407
92
-63
-503
140
366
-232
-380
-112
-2
-324
-235
300
-52
-438
-119
-144
-285
-237
-64
71
-150
-196
-211
-379
-268
-94
-15
-32
84
-111
-431
-140
-30
-113
98
219
168
-56
-139
144
-13
-112
211
257
202
160
116
152
118
54
124
131
250
269
85
69
10
-28
23
154
200
69
84
213
130
-22
-23
24
1
81
164
37
146
80
-50
143
158
-18
-6
277
229
-40
67
132
31
69
341
455
123
-43
190
203
1
146
363
156
-71
189
262
10
32
175
194
157
-56
99
164
-168
42
225
59
-135
-197
37
-37
-336
-22
2
-205
-235
-171
-56
-333
-304
-57
-166
-353
-293
-217
-304
-366
-183
-159
-208
-117
-130
-240
-297
-179
-33
-89
-27
126
-107
-240
-104
-70
-91
29
79
121
-44
-144
-71
-103
49
132
141
165
58
-120
-34
101
180
8
-40
189
-25
-183
137
190
13
40
150
235
-110
-144
91
-40
-85
108
200
29
-119
-45
21
-140
-103
108
67
55
90
-140
-144
-104
-227
50
246
71
-61
-84
-65
-231
-279
105
235
11
12
111
-143
-295
-36
164
163
47
24
65
-192
-162
110
55
78
24
20
24
-196
-142
19
-33
36
86
62
81
-28
7
49
-20
92
110
4
79
87
-20
-45
41
140
51
89
254
77
-24
75
120
144
132
144
214
112
-3
137
156
38
175
342
144
27
72
79
61
109
331
253
-4
70
77
-69
-42
97
135
22
-65
75
-22
-308
20
150
-229
-29
32
-232
-204
-158
-43
-87
-168
4
-87
-306
-137
-36
-174
-147
-68
-92
-212
-195
7
-135
-191
38
9
-173
-115
-12
-34
-51
-65
25
-10
-119
-3
116
-71
-119
56
25
-43
9
62
-1
-111
14
80
-75
-57
-12
-4
-46
-61
13
-44
-170
-13
107
-14
0
-5
-10
-64
-76
72
42
-27
101
58
-84
-79
-111
-16
72
67
100
4
-134
-42
-16
-24
72
58
48
-49
-139
-56
-85
-124
46
142
8
-100
-42
-48
-89
-17
126
76
-41
-10
-26
-137
19
83
4
120
112
-24
-53
16
-38
-95
53
192
35
-54
63
49
-64
-23
110
101
57
127
159
-23
-102
17
59
165
218
130
114
-23
-98
47
165
206
224
146
103
86
59
109
159
169
181
188
168
66
-78
81
197
152
184
177
103
-5
-20
126
149
-18
65
191
12
-139
-16
38
-47
-8
134
111
-117
-135
-17
-122
-183
-15
67
-98
-179
-88
-189
-280
-161
-36
-74
-130
-125
-184
-275
-205
-65
-70
-113
-137
-147
-210
-230
-145
-71
-62
-58
5
-88
-270
-202
-73
-39
34
50
-38
-206
-200
-101
-59
29
63
-23
-89
-101
-123
-120
-34
30
-5
-55
-62
-43
-87
-84
20
42
-57
-12
49
-55
-61
30
18
-34
-32
-18
22
-22
-14
-2
-65
-34
39
22
34
67
68
41
35
63
29
15
87
178
106
79
153
112
59
128
166
146
94
131
184
50
19
156
126
69
177
205
128
61
100
131
74
95
204
167
53
87
91
12
44
147
147
74
53
66
-59
-56
81
87
60
66
23
-68
-92
-31
33
7
13
35
-31
-105
-81
-13
47
97
88
37
-36
-93
-81
2
71
50
18
-4
-96
-100
-42
-26
4
43
-18
-90
-102
-153
-153
-77
-25
-58
-83
-130
-152
-192
-167
-48
-52
-71
-53
-117
-175
-183
-134
-47
-61
-32
9
-83
-173
-133
-77
-46
-25
1
-16
-108
-120
-80
-79
-67
-10
15
1
-53
-69
-53
-35
-12
28
10
-18
-34
-46
-5
27
19
20
35
7
-26
-33
26
38
21
60
68
1
-20
8
60
44
21
95
57
-35
-17
61
34
32
107
131
63
0
41
52
13
41
108
77
12
35
47
22
8
55
96
40
34
77
61
25
23
38
45
40
67
83
76
40
39
67
29
41
66
59
54
52
58
29
-2
33
39
7
32
56
17
-18
19
36
27
22
46
40
-2
0
24
6
-7
27
29
27
-3
-8
-5
-20
2
6
-23
-3
3
-37
-5
11
-30
-26
9
24
7
-31
0
-1
-50
-22
-7
-3
-25
-33
9
-40
-88
-58
-35
-34
-22
-24
-34
-68
-92
-67
-42
-48
-51
-5
-40
-82
-96
-97
-75
-77
-39
-14
-60
-80
-81
-90
-68
-72
-18
-13
-56
-44
-35
-40
-50
-17
10
0
-19
-2
-12
-38
-21
9
21
4
10
32
-2
-12
16
11
4
6
33
9
-25
9
9
11
31
34
40
-5
2
20
-1
13
17
26
13
-9
15
-5
-6
40
15
23
9
-9
-2
-6
19
19
27
32
15
4
-5
-4
19
27
40
39
27
16
5
22
37
43
45
52
43
41
38
41
46
62
63
66
54
55
43
34
52
48
52
51
54
44
33
29
39
36
29
45
55
42
16
23
15
25
32
31
41
12
2
-12
-33
-19
-13
-10
-2
-15
-34
-42
-37
-31
-31
-36
-21
-24
-34
-44
-56
-67
-49
-28
-31
-25
-31
-41
-51
-48
-34
-46
-35
-19
-32
-49
-43
-51
-53
-41
-38
-28
-47
-52
-46
-47
-33
-16
-21
-22
-25
-36
-32
-28
-29
-28
-18
-18
-24
-30
-27
-31
-22
-1
5
-7
-16
-13
-22
-18
-3
13
23
14
29
19
-3
11
16
25
32
32
30
-2
-3
12
-3
7
22
23
16
4
4
-6
-15
-2
10
9
-3
-11
0
-6
-14
-6
2
-4
-15
-2
-4
-19
-14
2
5
-6
-7
-2
0
3
12
9
14
12
16
17
24
15
17
34
38
42
30
38
39
31
32
43
46
40
38
43
27
25
34
36
43
35
35
31
26
22
30
39
36
37
34
24
18
17
23
30
27
18
18
7
4
8
11
12
18
8
2
4
-13
-5
-2
1
-2
-6
-19
-22
-33
-25
-15
-18
-10
-18
-16
-25
-33
-34
-24
-32
-24
-13
-17
-30
-39
-36
-45
-39
-42
-31
-32
-47
-43
-42
-54
-43
-32
-28
-22
-29
-30
-29
-33
-27
-14
-12
-3
2
0
-3
-4
-2
3
4
12
19
8
6
7
0
-8
8
3
3
5
-1
-4
-9
-11
-9
-10
-10
-10
-20
-22
-22
-25
-19
-22
-19
-23
-26
-28
-27
-23
-27
-21
-20
-18
-17
-17
-14
-12
-16
-12
-1
-10
7
4
9
16
7
13
14
27
28
33
42
45
42
38
41
41
38
42
47
49
46
43
49
55
39
42
52
47
43
35
43
43
32
40
43
36
41
33
34
29
21
22
25
25
17
19
13
12
6
9
11
20
11
14
10
-5
-3
-5
-3
-5
-7
-9
-6
-20
-17
-19
-24
-19
-21
-19
-20
-24
-27
-26
-27
-21
-17
-20
-17
-15
-26
-24
-23
-24
-24
-17
-16
-18
-26
-20
-18
-27
-13
-17
-13
-12
-13
-15
-18
-15
-10
-8
-8
-3
-11
-14
-16
-18
-21
-26
-22
-22
-27
-22
-28
-25
-29
-30
-30
-37
-33
-31
-28
-25
-23
-26
-24
-27
-24
-28
-24
-20
-25
-16
-12
-13
-4
-8
-3
0
1
7
2
5
4
8
10
13
19
23
25
30
31
29
30
31
31
27
35
33
35
40
41
44
37
41
37
39
35
39
36
33
35
29
31
29
28
28
35
28
28
27
20
19
16
13
13
11
8
11
6
7
4
4
-3
-5
-5
-8
-8
-11
-9
-15
-17
-17
-19
-19
-19
-16
-20
-21
-21
-21
-21
-24
-21
-18
-14
-12
-9
0
-7
-7
-1
-2
-8
-7
-5
-8
-6
-11
-6
-7
-7
-6
-9
-7
-12
-17
-13
-14
-13
-7
-6
-5
-8
-9
-3
-6
-8
1
-5
-4
-3
-5
-6
-9
-4
1
2
-1
-1
4
-2
-4
-3
-5
-6
-5
0
0
-7
0
0
0
-5
-5
3
-1
-3
-3
-2
-6
-4
-6
-3
-2
-4
4
2
4
4
3
1
2
2
-1
2
1
7
1
0
3
-1
0
-3
-1
0
-3
-4
-2
-1
-3
-2
3
4
4
0
4
2
-2
1
-2
1
-1
1
-3
-2
0
-1
1
2
0
1
4
7
10
13
13
12
16
16
15
14
17
18
15
11
14
11
7
9
13
6
7
6
7
7
4
7
5
4
1
6
2
4
1
0
3
-3
-4
-3
-2
-6
-4
-7
-6
-5
-10
-6
-3
-6
-2
-1
2
7
2
3
4
4
-1
-1
5
3
2
1
4
2
1
4
6
6
4
6
2
5
4
5
7
3
2
3
3
1
2
-1
1
-2
-5
-3
-7
-5
-7
-4
-7
-8
-10
-12
-11
-10
-7
-9
-11
-11
-12
-14
-13
-15
-15
-15
-16
-19
-18
-17
-17
-15
-15
-14
-12
-12
-11
-10
-11
-10
-8
-8
-6
-6
-7
-11
-11
-12
-12
-8
-10
-4
-5
-6
-5
-8
-6
-3
-1
0
-1
1
3
1
4
8
11
14
12
17
15
17
15
16
17
16
17
18
19
18
19
18
21
17
19
17
18
18
17
21
19
20
17
17
16
16
17
16
18
19
20
21
18
17
16
14
13
12
10
5
5
3
4
-2
-1
-1
-1
-7
-4
-8
-12
-11
-12
-9
-15
-8
-11
-14
-17
-17
-16
-19
-18
-17
-17
-21
-19
-21
-23
-25
-20
-20
-23
-23
-22
-21
-22
-22
-19
-19
-17
-12
-9
-8
-6
-3
-3
-4
1
2
3
7
7
9
9
8
8
8
6
10
6
6
6
4
5
1
5
5
4
5
8
7
6
8
6
8
7
10
8
8
9
10
10
11
12
12
14
11
12
9
6
6
7
4
1
1
-1
-4
-7
-6
-5
-7
-6
-5
-6
-7
-7
-8
-7
-9
-12
-9
-13
-13
-10
-15
-16
-16
-17
-19
-18
-17
-19
-20
-17
-16
-18
-16
-12
-12
-13
-9
-6
-3
-3
1
3
6
9
10
12
13
14
15
17
16
15
16
18
19
19
19
23
23
24
24
25
25
22
23
24
23
24
27
27
23
24
24
20
20
17
14
11
8
8
4
1
4
2
1
0
-3
-5
-8
-9
-12
-13
-15
-16
-17
-19
-19
-18
-19
-20
-22
-24
-21
-22
-21
-20
-19
-15
-17
-17
-19
-20
-18
-16
-15
-14
-12
-11
-13
-12
-12
-13
-11
-11
-10
-9
-9
-8
-6
-4
-4
-2
-1
0
2
4
3
7
6
6
6
6
5
7
6
6
10
9
9
7
6
7
4
3
3
0
-1
-1
-4
-4
-4
-5
-4
-4
-2
-1
-2
-3
-2
-3
-1
1
1
3
1
2
3
1
1
1
2
1
0
3
4
1
2
5
5
3
6
9
10
8
10
15
13
14
17
18
16
15
14
15
14
15
16
14
13
14
12
13
12
12
11
12
10
8
7
4
5
3
4
3
-1
2
2
2
0
-1
-3
-8
-9
-8
-7
-10
-11
-10
-10
-11
-10
-13
-14
-12
-13
-12
-14
-14
-15
-16
-17
-12
-11
-10
-8
-9
-10
-11
-9
-8
-8
-6
-5
-4
-4
-4
-5
-3
-3
-4
-2
0
-2
0
0
2
1
0
2
-2
-3
-5
-6
-7
-4
-4
-2
-3
-3
-4
-4
-3
-2
-1
-2
0
-1
0
0
0
1
2
4
4
5
4
3
1
0
1
0
2
4
5
9
10
7
6
2
3
1
1
0
1
1
-1
1
1
1
-1
2
2
3
3
2
3
2
2
1
2
0
1
1
1
2
2
5
3
3
4
3
4
4
3
4
3
0
0
1
0
0
2
3
1
1
1
3
2
3
4
4
2
2
1
2
1
1
2
3
3
4
6
5
6
6
8
8
9
13
13
12
10
10
10
9
8
7
9
10
8
7
5
6
3
-1
0
0
-3
-2
0
-2
-2
-1
-1
-2
-3
1
-1
-2
-2
-2
-3
-4
-5
-4
-4
-7
-9
-10
-11
-15
-14
-15
-18
-16
-18
-16
-19
-21
-17
-18
-16
-15
-16
-16
-14
-16
-14
-14
-15
-14
-15
-18
-19
-22
-23
-21
-26
-23
-23
-21
-19
-18
-14
-13
-15
-14
-9
-10
-7
-1
3
7
10
11
12
13
14
17
17
20
21
19
19
17
17
20
22
25
28
28
26
27
24
24
24
24
25
25
24
26
27
24
24
21
18
14
12
11
9
8
8
6
5
5
2
3
3
1
-1
0
0
2
-2
-1
-2
-3
-2
1
-2
-1
-2
-3
-2
-3
-1
-3
-3
-4
-2
-5
-7
-5
-6
-6
-5
-5
-6
-8
-7
-6
-8
-6
-6
-5
-3
-3
-2
0
0
-1
0
-1
-3
-2
-1
-2
0
-3
-2
-3
-3
-4
-5
-6
-8
-10
-13
-13
-14
-13
-13
-14
-10
-10
-9
-7
-9
-8
-9
-9
-9
-10
-6
-7
-6
-6
-6
-10
-10
-9
-10
-10
-13
-15
-17
-16
-17
-15
-13
-9
-8
-7
-5
-8
-7
-10
-7
-8
-7
-5
-4
0
0
-1
-1
-2
-1
-1
-3
-1
-2
-2
0
0
1
4
5
7
8
10
9
11
10
12
12
13
16
17
20
23
25
25
24
25
27
24
25
24
23
23
21
21
19
18
18
14
14
14
11
7
8
6
8
9
10
12
11
11
12
14
15
13
12
10
7
4
3
3
0
-1
-3
-3
-6
-7
-9
-9
-11
-13
-13
-15
-12
-13
-11
-9
-9
-7
-4
-3
-5
-4
-5
-6
-8
-7
-8
-9
-7
-5
-7
-5
-6
-9
-11
-15
-16
-15
-12
-10
-11
-7
-7
-4
-3
-2
-4
-6
-8
-9
-12
-13
-13
-12
-11
-10
-9
-10
-9
-12
-15
-16
-18
-17
-15
-15
-13
-11
-7
-6
-6
-4
-3
-4
-3
-5
-2
-2
-2
0
-2
-2
-1
0
-3
-6
-7
-7
-6
-8
-8
-10
-6
-4
-3
0
0
2
4
5
6
8
7
7
6
6
8
8
9
10
10
10
10
8
8
6
4
3
2
1
3
1
3
5
6
10
12
13
15
18
17
17
18
20
22
21
25
28
29
29
29
28
24
24
20
20
19
18
17
14
18
20
18
19
20
19
19
17
16
14
11
11
13
12
9
10
11
8
3
1
-1
-6
-10
-13
-13
-17
-16
-18
-18
-22
-22
-23
-26
-28
-31
-29
-28
-29
-29
-28
-28
-27
-28
-27
-27
-23
-20
-20
-22
-22
-23
-25
-22
-22
-22
-22
-20
-18
-20
-20
-18
-17
-15
-14
-11
-9
-8
-7
-4
-5
-4
-2
1
3
4
2
4
3
2
3
2
2
2
3
4
2
1
2
4
4
2
4
5
5
6
5
5
6
4
5
6
7
8
9
10
11
10
8
10
11
11
13
11
12
12
10
12
13
11
10
11
11
11
10
12
12
11
13
15
13
14
12
11
10
10
8
8
9
7
5
2
1
-3
-3
-1
1
0
1
2
0
1
-2
0
3
3
4
5
5
4
7
9
7
9
8
8
11
8
8
3
3
5
4
5
6
8
5
8
6
5
5
3
5
3
2
1
2
0
-1
-2
-3
-3
-7
-7
-8
-11
-12
-14
-16
-16
-16
-16
-13
-11
-14
-16
-16
-16
-16
-18
-17
-15
-16
-16
-13
-12
-14
-14
-16
-15
-13
-14
-10
-11
-11
-14
-14
-9
-9
-10
-9
-6
-7
-6
-2
-4
-3
-3
1
0
2
3
7
6
5
6
6
6
5
5
2
2
2
1
-1
-3
-1
-4
-6
-7
-8
-9
-6
-8
-9
-6
-5
-5
-3
-1
0
0
1
2
6
7
12
12
12
11
8
9
9
8
7
8
8
9
10
9
10
10
9
10
10
11
12
13
12
12
14
13
14
15
15
14
11
12
13
14
14
12
11
9
12
11
8
7
5
4
1
1
1
-1
0
-1
-1
-4
-4
-4
-4
-4
-2
0
1
0
1
4
4
5
1
0
2
3
2
3
1
2
1
2
0
-1
-1
-1
1
-2
-2
0
-2
-2
-3
-5
-5
-4
-3
-2
-4
-5
-3
-4
-5
-6
-9
-7
-9
-11
-12
-12
-12
-14
-13
-14
-15
-17
-16
-16
-17
-19
-19
-16
-15
-12
-13
-10
-12
-13
-9
-8
-6
-6
-3
-3
-3
-1
-2
-2
-3
-5
-4
-2
-4
-2
-5
-6
-7
-8
-7
-8
-8
-4
-4
-4
-3
-2
-1
-1
-2
-5
-3
-3
-1
0
-1
0
1
3
1
1
-1
1
-1
-1
-2
1
2
5
8
10
10
11
12
13
15
15
17
20
17
14
14
13
12
10
12
12
11
10
10
11
12
12
10
13
16
15
17
17
16
14
13
14
16
15
16
16
12
12
12
13
12
11
8
6
7
7
3
1
1
-3
-5
-6
-3
-4
-3
-1
-4
-2
-1
0
0
-1
-3
-3
-3
-3
-4
-4
-1
0
-2
-3
-2
-3
0
-2
-4
-5
-4
-6
-7
-5
-4
-6
-6
-6
-8
-8
-8
-7
-9
-9
-7
-8
-10
-9
-7
-11
-12
-11
-13
-15
-21
-22
-23
-28
-27
-25
-23
-22
-20
-20
-19
-20
-18
-16
-15
-14
-13
-13
-11
-8
-9
-6
-6
-7
-7
-8
-6
-8
-8
-8
-9
-8
-6
-4
-2
-1
2
3
2
2
2
5
6
7
10
11
14
13
14
15
14
16
18
19
16
14
10
10
10
6
6
7
6
6
6
3
5
6
5
7
6
9
9
10
10
9
11
10
14
16
16
16
17
19
16
15
14
12
10
12
14
14
14
16
16
13
16
14
13
15
16
17
18
18
17
16
16
16
14
13
12
10
10
4
2
0
-2
-3
-7
-5
-6
-8
-10
-12
-15
-16
-15
-15
-17
-17
-16
-16
-15
-15
-13
-11
-9
-7
-6
-8
-8
-7
-7
-7
-8
-8
-8
-9
-11
-11
-13
-13
-13
-13
-13
-13
-13
-13
-14
-16
-16
-15
-14
-13
-11
-9
-9
-10
-10
-11
-15
-14
-14
-14
-14
-16
-15
-14
-15
-19
-17
-19
-17
-14
-15
-11
-13
-12
-11
-11
-9
-5
-4
-4
1
1
2
0
1
2
1
1
0
3
5
8
8
9
7
9
8
9
9
10
11
13
15
17
19
18
23
21
23
23
23
21
20
20
20
17
15
16
14
11
11
9
7
6
6
7
6
5
7
3
5
6
6
8
8
10
8
8
9
7
10
9
8
8
7
8
9
9
7
7
9
9
10
10
12
12
10
12
11
9
11
12
12
13
12
14
12
11
9
6
4
3
3
-1
-2
-4
-4
-6
-8
-10
-12
-12
-14
-18
-19
-19
-19
-19
-19
-19
-22
-20
-20
-19
-20
-19
-18
-16
-16
-14
-12
-14
-13
-14
-14
-14
-16
-15
-14
-15
-16
-16
-18
-18
-17
-14
-17
-17
-16
-15
-14
-16
-14
-11
-11
-11
-11
-10
-11
-10
-11
-12
-13
-12
-12
-10
-9
-6
-5
-4
-5
-5
-4
-2
-1
-2
0
1
2
4
7
7
8
9
9
9
10
9
12
13
11
14
15
15
16
15
14
17
16
17
17
18
20
20
18
19
20
19
20
16
16
16
14
18
19
18
19
20
20
20
16
15
17
13
13
11
10
8
6
7
5
6
3
3
1
2
1
0
1
1
2
4
5
5
9
6
6
7
4
4
3
5
4
3
4
4
3
2
-1
-1
-1
-2
-1
0
-1
-2
-4
-5
-7
-10
-11
-9
-9
-10
-11
-12
-13
-13
-11
-10
-12
-14
-14
-17
-17
-18
-17
-19
-19
-16
-16
-17
-17
-18
-16
-14
-15
-13
-13
-14
-10
-10
-11
-11
-9
-9
-11
-10
-10
-12
-14
-15
-14
-16
-16
-13
-12
-12
-10
-10
-8
-7
-7
-6
-4
-3
2
4
4
1
-1
0
1
1
0
3
1
2
2
2
4
4
4
6
7
5
8
8
8
7
8
7
9
10
10
11
11
13
11
12
13
11
14
16
16
16
15
14
13
14
13
13
17
17
16
15
14
13
12
12
12
10
11
12
13
11
10
9
10
11
8
8
7
5
3
4
4
2
2
3
2
-1
0
-1
-4
-2
-1
0
1
3
1
4
6
4
2
1
3
1
1
2
0
-1
-1
-3
-2
-3
-4
-3
-3
-4
-6
-5
-6
-7
-6
-4
-4
-6
-5
-4
-6
-10
-11
-12
-8
-10
-9
-10
-12
-14
-13
-13
-15
-13
-15
-12
-13
-12
-12
-10
-9
-8
-9
-7
-7
-7
-8
-6
-6
-8
-7
-7
-6
-8
-10
-11
-11
-11
-14
-14
-13
-13
-11
-10
-10
-12
-11
-11
-9
-7
-6
-6
-4
-2
-2
-1
0
2
3
3
4
2
1
3
3
3
2
4
3
4
8
7
7
8
10
9
11
10
9
9
8
10
10
10
12
11
12
12
13
11
10
10
10
9
10
11
11
13
11
13
11
10
9
8
8
7
8
8
8
10
8
10
9
7
9
7
8
9
8
11
9
9
9
8
8
8
7
5
3
1
1
-1
-1
0
0
0
0
0
-1
0
-1
1
-1
-3
-2
-2
-1
-1
-3
-2
-3
-2
0
-2
-2
0
-2
-1
-1
-3
-3
-2
-2
-3
-5
-4
-5
-5
-3
-5
-8
-8
-6
-8
-9
-9
-11
-9
-10
-8
-10
-10
-11
-9
-10
-9
-9
-9
-8
-8
-7
-12
-11
-11
-12
-15
-17
-18
-19
-18
-19
-20
-21
-18
-18
-16
-14
-14
-14
-10
-9
-8
-7
-5
-2
0
-1
-3
-4
-4
-5
-3
-2
-1
-3
-1
-2
-5
-6
-6
-3
-1
0
0
5
6
7
10
11
10
11
13
16
15
13
15
16
16
15
17
15
13
13
10
10
12
12
12
12
15
14
14
16
16
14
18
19
18
20
20
20
23
23
22
23
24
23
22
19
19
16
14
14
10
10
9
7
6
4
1
-3
-1
-3
-5
-4
-5
-5
-9
-10
-12
-14
-14
-15
-15
-15
-11
-12
-10
-9
-9
-9
-12
-11
-12
-13
-13
-14
-14
-12
-14
-13
-12
-12
-13
-14
-13
-14
-14
-15
-12
-11
-9
-6
-3
1
-1
-2
-2
-3
-5
-4
-3
-2
-2
-2
-2
-2
-1
-3
-2
-2
-3
-2
-2
-2
-2
-3
-2
-1
-2
-1
1
1
1
-3
-2
-4
-4
-6
-4
-2
-2
-3
-4
-3
-3
-2
-2
-2
-2
0
-2
-2
-4
-3
-4
-3
0
0
1
2
2
3
2
0
-2
-1
0
-1
-2
0
0
0
0
0
0
1
1
1
-1
-1
-1
-2
-2
-3
-2
-3
0
1
2
2
3
7
7
8
8
10
8
9
12
12
14
14
16
13
14
13
12
12
14
12
13
15
17
17
17
18
18
18
19
18
17
19
17
17
15
15
14
13
12
10
9
7
5
3
2
0
-2
-1
-4
-4
-5
-4
-6
-6
-5
-9
-10
-13
-13
-14
-14
-13
-12
-14
-12
-14
-15
-15
-15
-14
-15
-16
-16
-16
-17
-16
-17
-18
-16
-16
-16
-14
-13
-11
-14
-13
-13
-14
-13
-15
-12
-12
-11
-10
-10
-10
-9
-10
-9
-10
-9
-6
-7
-6
-5
-5
-5
-4
-5
-3
-2
-1
0
0
1
4
7
7
7
7
8
7
7
7
9
10
9
7
7
8
7
9
11
10
11
13
13
10
8
8
7
7
7
7
5
7
6
3
2
-1
-1
1
-1
0
1
2
2
3
2
2
2
1
1
0
1
0
1
1
2
4
5
8
8
8
8
12
10
10
10
11
12
11
11
11
10
10
12
11
10
12
13
12
12
10
9
7
8
6
5
6
5
4
2
2
2
0
-1
-3
-6
-6
-7
-6
-7
-7
-7
-6
-6
-6
-6
-6
-6
-8
-9
-12
-12
-11
-10
-10
-8
-8
-9
-10
-11
-13
-14
-13
-12
-12
-11
-12
-14
-12
-15
-16
-15
-15
-13
-14
-13
-13
-12
-10
-10
-10
-10
-10
-11
-9
-8
-10
-7
-5
-4
-4
-5
-2
-1
-1
2
0
3
4
5
5
6
6
8
8
8
7
7
6
8
9
8
8
7
10
5
6
6
3
5
3
4
5
3
3
3
4
5
4
4
5
5
4
4
6
4
4
6
7
8
6
9
8
7
8
9
8
8
7
7
5
4
4
5
5
6
7
6
9
9
8
10
10
7
6
5
5
4
4
6
4
4
4
5
5
5
3
2
2
-1
-1
0
-1
-1
-2
-1
0
-4
-2
-2
-4
-3
-3
-2
-3
-3
-3
-3
-4
-5
-5
-2
-2
-2
-4
-4
-6
-7
-7
-6
-9
-8
-9
-8
-6
-8
-8
-6
-5
-7
-7
-10
-8
-9
-9
-8
-9
-8
-10
-9
-11
-12
-13
-12
-13
-14
-15
-14
-16
-15
-14
-13
-10
-11
-9
-8
-6
-7
-6
-3
-3
-2
-2
0
2
3
3
5
3
3
3
3
4
3
5
6
5
4
5
7
10
10
12
13
12
12
13
12
13
12
11
13
14
15
15
14
13
12
10
10
8
9
9
9
8
8
9
9
10
9
9
7
7
7
5
6
6
7
7
7
10
12
12
10
9
8
5
5
4
1
2
1
0
-2
-2
-1
-3
-2
-4
-6
-8
-8
-11
-13
-12
-13
-12
-11
-10
-11
-11
-8
-9
-8
-8
-8
-8
-10
-10
-10
-8
-8
-7
-6
-7
-6
-5
-7
-9
-9
-11
-8
-7
-5
-4
-2
0
-4
-4
-2
-2
-1
0
1
0
-1
1
1
-2
-1
3
4
2
1
2
1
-1
-2
-3
-2
-2
-1
1
0
0
1
0
-1
-2
-1
0
-4
-6
-7
-5
-6
-4
-4
-2
-1
-2
-1
-2
-5
-4
-6
-6
-5
-4
-1
-1
-2
-1
-2
-1
0
0
2
1
3
4
4
4
5
7
9
10
11
14
11
14
12
12
12
9
10
11
12
11
9
10
10
11
11
10
12
11
10
6
6
5
4
6
6
7
8
9
8
7
5
5
3
2
1
0
-1
-2
-2
-1
-1
-1
-2
-2
-3
-5
-4
-5
-4
-5
-4
-4
-3
-4
-4
-6
-7
-7
-6
-5
-8
-6
-6
-5
-6
-7
-6
-7
-10
-11
-10
-10
-12
-11
-10
-10
-10
-8
-8
-6
-4
-4
-2
-2
1
0
3
4
4
2
1
1
-1
-2
-2
-5
-4
-3
-5
-3
-3
-3
-5
-6
-5
-5
-5
-3
-4
-5
-4
-4
-5
-2
-2
-4
-3
-5
-5
-4
-3
-2
-2
0
0
-1
-3
-1
0
0
-1
-1
-3
0
0
1
0
0
2
4
5
5
5
5
3
3
2
1
0
1
1
1
1
2
3
3
5
6
7
8
11
10
9
8
9
12
11
10
13
13
12
14
13
14
14
14
15
14
13
14
13
12
12
10
10
8
6
6
1
1
2
0
1
-3
-1
-3
-2
-1
-1
-2
-3
-1
-3
-3
-3
-1
-2
-2
-3
-4
-3
-1
-2
-6
-6
-8
-9
-9
-11
-11
-9
-11
-12
-13
-13
-13
-15
-12
-13
-14
-10
-8
-7
-7
-7
-6
-5
-5
-5
-6
-5
-6
-8
-7
-6
-4
-3
-2
-2
-2
-3
-1
-1
0
2
0
1
1
1
2
3
2
1
0
-2
0
-2
-2
-1
-3
-1
-4
-4
-4
-5
-4
-3
-3
-6
-5
-4
-6
-6
-5
-6
-6
-4
-2
-3
-3
-1
-1
-1
0
0
0
3
4
6
7
7
9
9
9
8
7
6
6
5
4
5
4
5
6
8
10
10
10
10
8
10
10
9
8
10
11
11
10
9
10
10
11
11
8
7
6
5
6
6
4
4
4
5
6
8
8
7
6
5
2
2
2
1
1
-1
-2
-3
-4
-3
-3
-3
-4
-4
-5
-5
-7
-5
-7
-6
-5
-5
-1
-1
0
0
-1
0
0
1
0
1
0
-1
-2
-4
-8
-9
-9
-10
-11
-12
-10
-9
-9
-10
-7
-8
-8
-8
-8
-8
-10
-9
-8
-8
-7
-7
-7
-6
-3
-4
-6
-5
-7
-6
-5
-7
-7
-7
-5
-6
-5
-6
-4
-5
-3
-5
-4
-3
-3
-2
-2
0
1
2
2
3
3
1
1
2
-1
-2
-2
2
0
1
-2
0
-1
-2
1
0
-1
-1
-2
-1
-1
2
4
7
10
10
11
11
11
11
11
13
14
15
16
15
16
15
13
12
9
7
4
3
3
3
1
1
2
4
3
6
5
6
6
4
5
1
3
1
1
4
3
4
5
4
3
3
4
3
1
2
1
2
-1
-2
-1
-1
0
0
0
-1
-3
-2
-2
-3
-2
-1
-1
-3
-2
-4
-3
-3
-5
-3
-3
-4
-5
-4
-3
-1
0
2
3
3
3
5
2
1
3
1
1
-1
-3
-3
-4
-2
-3
-3
-4
-6
-6
-6
-8
-11
-9
-11
-10
-11
-10
-11
-10
-10
-11
-11
-10
-9
-10
-9
-8
-6
-7
-5
-7
-5
-8
-6
-5
-7
-4
-5
-5
-4
-5
-4
-3
-1
1
1
2
2
2
3
3
4
2
4
3
2
3
2
5
4
4
5
6
6
6
6
7
5
5
6
6
5
4
5
4
3
4
6
5
4
6
7
7
7
7
4
5
5
4
5
5
5
5
4
3
2
2
0
0
-2
-3
-2
-3
-2
-1
-1
0
2
3
3
2
0
2
1
3
5
4
5
8
8
7
5
2
5
2
3
3
5
4
2
1
1
1
-1
1
1
0
-1
-1
-2
-1
-3
-3
-3
-3
0
0
0
0
0
-2
0
-1
-3
-5
-5
-4
-5
-4
-3
-3
-2
0
0
1
0
1
0
-1
0
-2
-1
1
-1
-1
1
-1
0
-2
-2
-2
-5
-3
-2
0
0
1
1
3
3
1
0
1
0
-2
-4
-6
-6
-6
-5
-4
-4
-4
-6
-5
-6
-7
-9
-8
-8
-10
-9
-9
-10
-11
-9
-11
-8
-11
-10
-11
-10
-11
-12
-11
-10
-8
-7
-5
-4
-4
-7
-8
-5
-6
-8
-7
-4
-3
-1
2
4
4
5
6
5
7
5
5
4
4
4
7
10
12
13
16
18
16
16
14
14
12
12
12
13
13
14
15
11
13
12
11
11
9
9
10
9
8
10
11
11
11
9
8
4
3
4
1
1
0
1
0
-1
-1
1
1
0
0
0
1
0
2
1
2
4
4
4
5
4
4
3
4
3
4
3
-1
0
0
