-3
-3
-2
-3
-1
0
5
6
5
6
4
3
3
4
4
5
4
5
6
6
7
9
12
12
10
10
9
8
7
8
9
12
13
17
19
19
19
18
15
15
15
12
10
9
12
12
12
12
11
10
10
9
7
8
8
10
10
9
4
1
0
2
0
0
0
-2
-4
-4
-5
-6
-8
-11
-12
-13
-15
-16
-14
-12
-13
-14
-15
-17
-20
-21
-20
-16
-16
-15
-15
-14
-17
-17
-18
-17
-16
-16
-15
-15
-15
-18
-16
-16
-12
-10
-10
-8
-12
-8
-9
-8
-7
-7
-4
-2
-3
-1
-2
-3
-4
-1
2
2
4
6
6
5
6
6
10
12
15
16
14
13
9
11
12
11
11
15
15
14
17
15
14
12
9
6
5
6
7
8
12
14
10
7
3
-2
-1
-2
-1
1
-1
-1
1
5
5
5
5
4
5
6
5
3
1
4
2
3
2
0
-1
1
3
7
7
7
4
-1
-1
-4
-4
-2
-2
-3
-4
-5
-6
-7
-5
-1
-1
-3
-4
-6
-7
-7
-4
-4
-4
-3
-3
-2
-3
-5
-6
-5
-5
-3
-3
0
2
2
3
2
4
3
0
-1
-1
1
2
3
2
4
3
1
-1
-4
-3
-4
-4
-2
-3
-2
0
-4
-7
-9
-6
-6
-6
-5
-5
-7
-8
-8
-7
-5
-3
-2
-2
-4
-5
-4
-6
-5
-4
-3
-3
-4
-4
-3
-3
-4
-4
-4
-5
-4
-2
-1
2
2
5
4
4
5
1
3
5
6
4
4
4
4
4
5
6
6
6
7
7
6
8
6
7
7
7
6
5
2
1
3
5
7
6
8
7
5
3
2
1
1
4
6
7
5
4
4
4
2
3
4
3
4
4
4
3
1
1
-2
-3
-1
-2
-2
0
-2
-3
-4
-5
-6
-6
-5
-4
-5
-5
-4
-5
-7
-7
-7
-8
-8
-9
-9
-10
-8
-8
-8
-8
-6
-5
-6
-4
-5
-3
-3
-1
0
-2
-1
1
2
6
5
4
4
6
6
7
6
7
4
2
5
3
5
5
4
2
2
2
2
4
6
7
6
6
7
5
6
4
6
8
10
9
7
6
3
2
3
2
1
0
-2
-4
-6
-7
-10
-12
-10
-11
-11
-10
-11
-12
-12
-13
-15
-16
-16
-16
-14
-13
-9
-10
-9
-8
-11
-13
-13
-10
-6
-3
-1
0
1
-1
-2
-1
-1
2
4
6
6
6
6
7
5
4
6
8
10
12
13
13
12
13
12
14
12
12
12
10
11
8
8
8
9
8
8
8
5
9
11
13
10
9
8
5
3
3
4
5
6
6
8
7
2
2
-2
-4
-5
-5
-2
-2
0
1
0
0
-1
-2
-4
-8
-7
-7
-7
-7
-4
-4
-5
-9
-10
-13
-13
-12
-11
-10
-12
-14
-14
-14
-14
-12
-12
-10
-10
-10
-8
-8
-7
-7
-4
-5
-3
-4
-4
-4
-4
-3
-2
0
4
5
4
6
4
7
6
4
6
6
7
10
11
13
14
15
13
12
11
11
12
10
10
10
7
5
1
1
4
1
3
0
-3
-3
-5
-8
-10
-7
-7
-7
-7
-9
-11
-10
-8
-8
-10
-9
-9
-10
-11
-10
-10
-8
-6
-4
-1
-2
-5
-3
-6
-2
-2
-2
-1
1
4
6
5
5
4
1
0
0
-1
-1
2
3
6
5
4
6
3
4
4
6
6
6
8
8
8
10
12
10
11
10
8
6
4
4
3
4
6
10
9
9
11
6
4
4
6
7
8
11
10
10
10
9
5
7
6
4
3
0
2
1
4
4
2
-2
-6
-8
-9
-10
-10
-9
-10
-11
-11
-10
-13
-14
-14
-13
-14
-12
-12
-11
-10
-12
-12
-15
-16
-14
-11
-7
-7
-8
-7
-9
-12
-9
-7
-4
0
1
-1
-2
-2
-3
-1
0
5
6
8
9
8
8
6
3
2
-1
0
2
3
3
5
5
3
4
0
-1
-3
-6
-6
-6
-8
-8
-6
-4
-2
-1
5
4
4
1
1
0
-1
1
4
2
0
2
1
2
3
4
3
3
4
3
3
3
1
-1
-2
-1
1
1
2
5
5
2
0
0
-2
-1
2
3
1
2
4
3
4
4
5
3
4
3
4
2
3
5
7
11
11
12
11
9
10
8
8
8
9
10
9
9
11
10
11
11
9
7
7
8
6
6
5
4
4
2
4
4
4
5
5
2
0
-1
0
-2
-5
-5
-7
-8
-10
-10
-10
-11
-11
-10
-12
-16
-20
-20
-18
-17
-15
-14
-13
-14
-13
-13
-14
-15
-13
-12
-11
-12
-9
-10
-9
-8
-8
-7
-5
-3
-5
-4
-3
-3
-6
-3
-4
-3
-2
0
0
-1
-1
-2
-3
-2
-2
1
3
2
0
-1
0
0
2
6
2
3
-1
-2
-1
-2
2
0
4
4
6
6
4
3
4
4
5
5
4
4
4
4
3
6
9
10
9
10
7
5
4
3
4
4
4
5
5
3
3
1
0
0
2
4
4
3
2
0
-2
-1
-3
-1
0
2
5
8
7
8
9
8
10
11
10
9
9
11
12
12
15
15
15
15
15
14
12
11
11
9
10
12
11
10
9
7
7
7
6
4
2
2
4
2
3
6
4
4
-1
-6
-10
-13
-14
-13
-14
-12
-10
-11
-10
-13
-14
-17
-16
-18
-19
-21
-21
-21
-21
-18
-16
-16
-19
-18
-22
-21
-23
-23
-22
-19
-19
-16
-16
-18
-18
-20
-20
-19
-18
-18
-15
-14
-12
-11
-8
-5
-6
-2
-3
-4
-5
-3
-3
-1
3
6
12
12
12
9
9
10
11
13
16
17
18
20
17
17
17
18
19
19
19
20
19
18
20
21
21
21
20
17
13
13
11
11
12
14
14
11
10
7
5
3
5
1
-3
-2
3
1
1
8
4
0
-4
-1
-4
-7
-2
-2
-4
-3
-4
-2
-3
-4
-4
-5
-9
-12
-14
-10
-8
-8
-3
-4
-4
-6
-4
-6
-6
-2
-1
2
3
1
3
-1
1
0
-3
0
-3
1
2
2
4
5
6
6
9
8
9
10
11
11
9
8
6
4
5
7
7
8
6
4
1
0
0
1
0
-1
0
-3
-5
-5
-7
-9
-8
-9
-7
-9
-7
-8
-11
-10
-13
-16
-17
-18
-17
-15
-15
-14
-16
-19
-19
-22
-19
-18
-16
-14
-16
-14
-15
-14
-15
-14
-14
-11
-10
-11
-9
-9
-7
-4
-1
-4
-5
-1
2
0
5
8
5
3
2
0
-3
1
4
6
11
12
9
9
10
5
4
6
8
11
14
15
17
17
17
14
12
12
10
8
9
10
13
15
16
16
14
12
12
12
9
9
8
9
10
12
12
13
11
11
12
12
13
13
10
8
9
7
6
7
6
4
3
6
5
3
1
1
-4
-5
-2
-3
-5
-6
-4
-5
-6
-5
-6
-6
-5
-2
-2
-1
0
2
1
1
1
-1
-3
-4
-4
-4
-3
-2
-2
-2
-4
-8
-11
-9
-7
-5
-5
-1
-2
-1
-2
-5
-7
-8
-8
-6
-5
-4
-3
-5
-6
-6
-8
-10
-10
-11
-11
-13
-14
-13
-12
-12
-11
-11
-11
-12
-13
-12
-13
-11
-12
-12
-16
-16
-14
-12
-12
-12
-12
-13
-14
-16
-16
-15
-13
-12
-11
-10
-10
-8
-6
-8
-7
-5
-3
-3
-3
-1
0
2
5
7
9
10
9
9
8
9
11
13
17
19
18
21
21
19
17
14
16
16
18
19
21
21
21
19
16
15
14
12
12
11
11
12
12
12
13
15
14
16
17
15
12
12
11
10
13
15
14
14
15
14
12
9
8
7
6
8
8
5
6
7
4
5
5
6
3
1
3
0
-1
-2
-2
-5
-4
-3
-6
-7
-10
-10
-13
-13
-13
-11
-9
-10
-9
-11
-13
-13
-16
-17
-17
-19
-20
-19
-17
-18
-17
-19
-17
-16
-14
-14
-14
-14
-13
-13
-12
-11
-12
-11
-11
-9
-8
-9
-9
-7
-7
-6
-6
-5
-3
-3
-4
-3
-3
-2
-1
-3
-4
-4
-6
-6
-5
-3
-3
-5
-2
-4
-5
-6
-8
-9
-11
-10
-9
-10
-10
-9
-8
-7
-3
-5
-6
-5
-3
-4
0
0
1
2
2
5
6
8
8
8
7
8
10
11
10
8
11
11
14
16
16
16
14
15
15
16
17
15
13
12
12
12
11
12
12
10
10
12
12
9
9
9
8
8
11
13
12
13
15
17
20
22
21
20
21
19
16
15
16
16
19
18
16
17
13
13
12
12
12
9
11
10
9
7
5
3
2
0
-2
-3
-5
-5
-6
-9
-10
-13
-16
-18
-19
-19
-20
-19
-21
-23
-24
-25
-27
-27
-28
-27
-25
-25
-22
-21
-19
-17
-17
-14
-14
-15
-15
-16
-17
-14
-14
-12
-11
-12
-11
-11
-8
-10
-10
-10
-10
-10
-9
-7
-6
-8
-7
-7
-5
-7
-10
-11
-12
-11
-10
-9
-8
-9
-9
-9
-9
-11
-10
-8
-7
-7
-7
-3
-3
-1
-2
-2
-5
-4
-5
-4
-1
-1
2
5
8
10
12
12
12
13
13
12
15
15
15
15
16
16
15
15
15
16
18
20
19
21
21
18
20
20
21
20
21
22
20
21
21
22
23
23
24
23
23
21
19
19
20
18
15
14
14
14
14
16
18
17
17
14
13
10
9
7
7
6
4
4
2
1
-2
-1
-3
-5
-6
-8
-8
-11
-9
-8
-7
-6
-7
-9
-12
-12
-13
-14
-12
-13
-13
-15
-16
-18
-16
-13
-14
-17
-19
-21
-24
-25
-23
-24
-25
-22
-21
-19
-20
-18
-19
-19
-20
-20
-21
-20
-19
-18
-17
-15
-14
-11
-11
-12
-11
-11
-8
-10
-9
-9
-9
-8
-8
-7
-10
-7
-8
-6
-6
-3
-3
-2
0
-1
-1
-1
-1
1
1
1
3
4
3
3
3
3
2
4
6
5
5
6
6
9
10
10
10
13
11
13
13
13
13
14
13
13
15
15
16
17
18
14
12
11
11
10
11
11
12
13
10
7
8
10
11
12
14
12
11
11
10
12
12
13
13
14
13
12
11
11
10
8
8
7
6
8
11
10
12
13
12
9
7
7
11
8
12
10
6
5
1
1
1
1
2
1
-2
-1
-4
-3
-5
-3
-5
-7
-6
-6
-6
-7
-8
-10
-11
-13
-13
-13
-12
-13
-14
-14
-16
-14
-16
-15
-14
-15
-15
-16
-14
-16
-17
-17
-15
-15
-15
-15
-15
-16
-18
-18
-16
-16
-15
-12
-12
-11
-10
-12
-10
-9
-10
-11
-11
-12
-10
-11
-10
-11
-10
-8
-7
-8
-8
-8
-7
-4
-6
-3
-4
-4
-6
-4
-3
-1
0
1
2
0
1
-1
-1
-3
1
2
6
7
7
6
5
6
6
7
7
7
8
7
8
9
11
12
13
16
15
15
15
16
15
13
11
12
12
14
14
15
14
13
15
13
13
13
13
14
17
16
14
14
12
12
10
11
12
11
11
11
11
10
11
12
11
11
11
13
14
13
13
12
12
10
10
12
12
13
12
12
10
7
6
3
3
2
4
2
2
-2
-3
-3
-6
-7
-8
-10
-9
-12
-12
-13
-16
-15
-17
-18
-21
-20
-19
-19
-20
-21
-21
-23
-22
-22
-23
-22
-21
-20
-18
-19
-16
-19
-19
-17
-18
-17
-16
-16
-14
-11
-10
-10
-11
-9
-9
-11
-10
-8
-8
-7
-6
-6
-5
-7
-4
-6
-8
-7
-6
-6
-6
-6
-4
-5
-4
-2
-1
1
0
2
5
3
2
2
3
2
5
7
9
9
11
11
9
10
11
12
12
13
12
11
10
9
8
8
8
10
10
10
9
9
9
9
9
9
7
7
8
8
9
7
8
9
6
5
5
5
6
4
5
3
5
4
4
3
4
6
8
9
9
7
4
3
2
2
2
4
7
6
9
11
12
10
9
8
8
7
7
10
9
9
11
7
8
10
9
8
8
8
7
4
5
5
4
6
8
5
4
2
0
0
0
-2
-3
-2
-3
-5
-4
-5
-6
-10
-10
-10
-11
-12
-13
-14
-13
-12
-11
-12
-13
-15
-16
-16
-16
-17
-18
-18
-18
-16
-15
-12
-10
-11
-13
-15
-17
-18
-17
-17
-13
-15
-13
-12
-10
-10
-9
-9
-10
-11
-11
-9
-8
-8
-8
-8
-6
-7
-7
-5
-5
-4
-3
-1
-2
-3
-4
-6
-5
-4
-3
-2
1
2
4
4
3
5
6
7
7
8
7
7
8
8
9
9
10
12
9
9
7
7
8
7
10
7
9
9
12
11
11
13
11
11
8
9
9
9
8
8
7
7
9
11
11
11
12
10
11
10
10
12
9
9
8
8
10
12
14
14
15
14
13
10
10
9
10
8
9
9
7
9
6
5
4
6
7
7
7
8
5
2
2
-2
-1
-4
-3
-2
0
-2
-1
-2
-4
-3
-2
-2
-4
-5
-4
-6
-8
-9
-10
-11
-10
-9
-10
-11
-8
-8
-8
-11
-11
-13
-15
-15
-14
-14
-14
-11
-11
-11
-14
-16
-14
-14
-15
-16
-18
-19
-19
-21
-20
-21
-21
-19
-17
-16
-16
-18
-18
-16
-19
-17
-15
-14
-13
-14
-11
-10
-10
-8
-8
-7
-7
-6
-4
-4
-2
0
2
4
4
7
8
11
10
10
10
9
11
11
12
15
13
11
11
9
8
11
9
9
11
11
11
10
10
8
9
10
12
13
11
12
12
11
11
10
12
12
13
15
14
15
16
16
15
13
14
16
15
15
14
13
14
12
14
12
11
12
11
11
10
9
8
4
3
3
2
4
4
4
4
4
4
3
3
3
3
1
1
1
-3
-1
0
-2
0
-2
-3
-5
-6
-5
-5
-6
-4
-4
-4
-2
-3
-5
-5
-7
-7
-9
-9
-9
-10
-7
-10
-10
-11
-11
-11
-13
-14
-17
-19
-19
-19
-21
-20
-19
-18
-16
-13
-11
-13
-13
-13
-15
-16
-15
-15
-17
-16
-15
-14
-12
-13
-12
-11
-12
-9
-10
-10
-10
-11
-7
-8
-7
-6
-5
-6
-5
-4
-4
-1
-1
1
2
4
8
6
6
8
8
8
8
10
11
13
13
14
13
13
14
11
13
13
12
13
13
13
12
13
13
14
11
12
11
7
8
9
8
9
10
10
8
10
9
9
8
7
7
6
8
6
5
4
4
4
5
5
4
3
4
4
3
1
0
1
2
4
5
5
5
4
3
3
4
2
5
5
5
4
4
4
3
4
4
3
6
5
4
4
3
3
2
4
5
0
1
2
-1
-1
1
1
-1
-1
-1
-2
-4
-4
-5
-5
-7
-8
-7
-8
-9
-11
-9
-10
-14
-13
-12
-12
-11
-9
-9
-9
-12
-10
-11
-10
-8
-10
-12
-11
-12
-17
-15
-12
-12
-11
-12
-10
-10
-10
-11
-11
-8
-8
-9
-10
-9
-9
-9
-7
-4
-5
-4
-5
-4
-5
-6
-4
-2
-1
-3
-1
-2
-1
0
0
3
2
0
2
1
-1
2
2
4
8
9
11
8
11
9
5
4
7
6
5
11
13
12
13
14
13
10
11
13
11
11
14
12
14
14
13
12
10
11
11
9
11
11
11
12
10
9
8
8
7
6
7
5
3
3
4
2
3
5
3
3
1
3
2
1
3
0
0
3
1
3
3
1
1
-1
0
-2
-5
-4
-5
-6
-2
-4
-5
-6
-8
-8
-8
-5
-7
-6
-6
-6
-6
-8
-6
-6
-5
-6
-5
-8
-7
-6
-10
-7
-5
-5
-5
-2
-3
-3
-1
0
1
0
-1
0
-1
-1
-1
-2
-3
-3
-6
-4
-4
-5
-4
-5
-5
-4
-6
-7
-8
-9
-10
-10
-9
-7
-6
-7
-4
-5
-8
-8
-8
-7
-10
-9
-7
-5
-3
-3
-1
0
0
1
1
1
0
1
-1
2
3
2
4
2
3
3
5
6
4
5
4
2
2
2
1
4
6
6
5
6
4
4
4
2
2
4
6
4
7
8
8
7
7
7
8
8
8
7
8
8
6
7
6
8
8
9
11
9
7
6
6
6
4
3
6
4
6
5
5
4
1
3
2
0
1
1
2
2
2
1
-2
-1
-1
0
-1
-3
-1
-4
-2
-4
-4
-5
-4
-3
0
0
-2
-2
-4
-4
-6
-6
-7
-7
-6
-7
-7
-7
-7
-7
-7
-7
-8
-6
-6
-5
-7
-7
-5
-5
-6
-8
-6
-4
-3
-1
-5
-4
-3
-3
-3
-1
0
0
0
1
1
1
-2
-1
-2
-2
0
2
1
1
1
1
2
2
2
3
4
4
3
3
3
4
4
2
5
2
1
1
2
1
-2
-1
-3
-3
-3
-3
-4
-4
-3
-4
-2
-1
-3
-3
-2
-1
-2
-3
-3
0
-1
1
1
0
1
-1
-2
-3
-5
-5
-5
-4
-3
-4
-3
-3
-1
-4
-3
-2
-1
0
2
2
2
1
2
0
2
3
3
6
8
10
7
9
10
9
8
8
8
6
9
9
9
9
9
11
10
9
9
7
8
9
8
9
8
8
8
5
3
2
1
3
2
3
5
3
1
2
1
1
2
2
1
2
1
0
-3
-4
-5
-7
-9
-9
-12
-12
-12
-12
-10
-12
-9
-9
-9
-8
-9
-10
-10
-10
-10
-10
-9
-10
-12
-10
-8
-8
-10
-7
-6
-5
-7
-4
-4
-4
-2
-2
-5
-5
-1
0
1
3
3
4
3
3
2
2
3
4
5
7
10
10
9
7
6
7
6
4
6
7
6
5
5
2
1
1
3
1
0
2
0
-2
-1
-2
-1
-1
0
0
2
1
2
2
0
-2
-2
-3
-3
-2
-1
0
1
3
3
2
1
1
0
1
0
0
-1
0
1
0
0
0
1
0
0
-2
-2
0
0
0
-2
-2
-2
-1
-1
-1
0
0
0
1
-1
-2
-1
1
2
1
-2
-1
-1
-2
-2
-2
-2
-3
-3
-4
-1
-2
0
2
3
3
0
0
3
4
2
6
6
6
4
7
7
6
5
6
7
5
5
5
5
5
4
5
4
3
4
1
0
0
-1
-1
2
3
0
-1
-1
-3
-4
-2
-2
-6
-5
-2
-2
-5
-5
-5
-6
-7
-4
-4
-5
-4
-4
-7
-7
-4
-3
-3
-4
-4
-4
-2
-3
-6
-5
-4
-2
-1
-1
-2
-1
-3
-2
-4
-3
-5
-2
-3
-6
-8
-6
-4
-5
-4
-4
-5
-6
-3
-2
-2
-3
-2
0
-1
-1
1
2
3
4
5
5
5
8
8
7
8
9
9
9
10
12
11
9
6
6
6
7
8
10
10
7
9
7
4
4
1
0
-1
0
0
-2
-2
-1
-3
-5
-4
-5
-6
-4
-3
-3
-2
-1
-1
-1
0
1
0
0
2
4
0
1
3
3
5
5
6
4
4
3
3
2
3
2
-1
-2
-2
-2
-1
-1
-1
-3
-4
-4
-5
-5
-7
-5
-5
-5
-3
-2
-2
-2
-3
-2
-5
-5
-6
-6
-5
-4
-4
-4
-5
-3
-4
-3
-2
-1
0
0
0
0
-2
-1
-1
0
1
1
2
0
1
0
-2
-2
-4
-4
-5
-4
-5
-6
-5
-4
-5
-4
-2
0
-2
-2
0
-2
-2
-2
-3
-4
-2
-2
-1
-1
2
1
1
0
-1
-2
-2
0
0
2
1
4
5
5
6
7
10
9
10
10
10
10
10
10
10
10
13
13
11
10
8
9
6
7
5
5
6
6
5
5
4
4
3
0
1
-1
-1
2
2
4
3
3
2
3
2
2
2
1
5
4
4
2
1
-1
-2
-4
-5
-7
-8
-7
-8
-10
-10
-10
-9
-8
-8
-9
-11
-10
-12
-13
-12
-11
-11
-12
-12
-9
-9
-11
-9
-7
-6
-6
-5
-2
-2
-4
-3
-3
-4
-4
-3
-2
-2
-2
-2
1
2
1
3
1
3
3
1
3
4
2
2
2
2
4
2
0
-1
-2
-1
-2
-3
-2
-1
1
4
4
5
4
4
3
2
1
3
2
3
4
4
4
4
5
5
6
6
6
6
4
2
1
1
0
2
2
3
3
4
4
5
5
3
4
5
6
7
9
9
8
8
7
6
7
6
5
7
4
5
4
6
4
4
2
0
2
1
1
-1
1
0
0
1
-2
-2
-1
1
-1
-1
-2
-1
-2
-2
-4
-4
-3
-3
-3
-2
-4
-5
-4
-6
-6
-6
-7
-6
-6
-6
-4
-4
-3
-3
-4
-4
-5
-5
-2
-5
-3
-5
-4
-5
-6
-6
-7
-8
-7
-7
-6
-5
-4
-6
-5
-5
-6
-5
-7
-5
-7
-8
-6
-4
-5
-5
-4
-2
-2
-3
-1
-3
-5
-5
-4
-3
-3
-2
-1
1
-2
2
2
3
4
5
5
5
5
4
5
6
6
7
9
10
9
9
10
11
9
9
9
9
8
10
9
8
6
5
5
4
4
1
3
1
3
-1
-1
0
-1
-2
-1
1
-1
-1
-2
-1
-2
-1
0
-2
-3
-2
-2
-4
-3
-4
-4
-4
-4
-2
-4
-3
-1
-2
-2
0
-1
1
2
3
5
1
3
2
2
2
1
2
1
2
2
1
1
2
3
4
2
2
1
1
2
2
3
5
4
6
6
8
8
5
7
7
6
8
7
8
7
7
5
7
6
5
5
4
4
5
2
1
3
0
1
0
-4
-5
-7
-8
-8
-10
-8
-10
-10
-8
-13
-17
-14
-16
-18
-17
-17
-18
-20
-18
-18
-18
-17
-14
-12
-13
-12
-14
-15
-16
-15
-14
-12
-10
-7
-6
-6
-3
-2
-3
-3
-3
-3
-3
-1
-1
-1
0
2
3
3
2
4
6
5
7
8
10
9
9
10
10
11
12
15
13
12
12
11
9
9
10
10
11
12
13
14
14
15
13
12
11
10
9
7
9
7
7
7
7
6
5
7
6
5
3
3
-1
-2
-2
-1
-2
-2
-2
-1
0
-2
-1
-1
-2
-3
-4
-4
-4
-2
-2
1
0
1
2
1
0
-1
-2
0
-1
0
2
2
5
6
6
6
7
7
5
4
6
5
4
5
4
3
5
7
5
7
7
7
5
5
5
5
4
4
2
4
4
2
0
0
-2
-4
-3
-8
-10
-11
-9
-9
-10
-14
-14
-15
-18
-22
-27
-33
-35
-37
-41
-44
-45
-45
-45
-46
-47
-49
-49
-45
-44
-45
-45
-43
-43
-40
-41
-39
-34
-30
-28
-25
-20
-15
-13
-14
-9
-5
-2
3
8
13
19
26
31
35
38
42
47
53
56
61
62
67
70
74
73
75
78
79
82
79
78
75
73
74
74
71
74
75
75
74
73
69
66
66
60
53
51
52
46
36
31
27
22
19
17
7
2
-1
-4
-7
-12
-14
-11
-13
-17
-16
-19
-19
-27
-30
-37
-42
-45
-48
-55
-53
-50
-53
-56
-58
-58
-64
-59
-61
-62
-67
-60
-55
-58
-59
-57
-52
-48
-42
-29
-26
-18
-2
11
19
33
53
66
85
98
110
120
133
145
149
161
170
175
173
172
169
164
161
149
133
116
102
82
64
37
10
-16
-45
-72
-101
-129
-160
-186
-220
-250
-276
-304
-321
-344
-364
-378
-389
-392
-405
-415
-418
-413
-403
-388
-370
-347
-323
-294
-266
-230
-188
-143
-93
-51
-2
46
100
156
214
267
316
371
416
458
492
525
548
565
573
572
554
527
496
450
389
317
246
156
62
-32
-132
-232
-331
-422
-514
-603
-670
-723
-777
-812
-828
-830
-821
-796
-755
-708
-647
-571
-482
-399
-306
-203
-107
-7
95
200
299
409
518
618
714
809
902
984
1077
1168
1236
1295
1349
1390
1425
1450
1453
1429
1383
1317
1225
1103
959
796
610
401
198
-37
-297
-549
-798
-1038
-1262
-1456
-1638
-1806
-1918
-1998
-2067
-2088
-2058
-2000
-1902
-1761
-1607
-1428
-1217
-984
-756
-526
-292
-53
163
374
579
752
921
1068
1201
1323
1461
1606
1678
1666
1662
1670
1680
1719
1718
1655
1592
1531
1432
1296
1137
975
797
606
406
139
-165
-441
-733
-1030
-1276
-1483
-1682
-1865
-2011
-2132
-2258
-2306
-2278
-2252
-2153
-1956
-1783
-1617
-1381
-1146
-933
-674
-386
-153
64
328
543
675
791
910
967
1019
1064
1026
929
871
804
683
533
345
157
-13
-109
-189
-289
-326
-335
-388
-408
-363
-293
-168
21
227
395
583
801
966
1106
1279
1429
1520
1593
1612
1531
1409
1287
1101
868
673
477
210
-70
-324
-626
-911
-1110
-1304
-1474
-1560
-1591
-1650
-1691
-1662
-1624
-1563
-1415
-1241
-1064
-844
-602
-408
-222
-5
185
337
515
681
756
805
863
832
759
733
693
668
740
826
727
515
407
360
374
523
639
659
749
896
988
1026
1090
1194
1263
1338
1408
1315
1140
997
803
575
379
165
-116
-413
-659
-939
-1274
-1536
-1742
-1940
-2005
-1982
-2029
-2036
-1949
-1894
-1866
-1740
-1564
-1395
-1130
-781
-516
-316
-76
106
239
445
666
782
873
991
1041
993
923
831
658
510
422
277
96
19
27
-40
-230
-428
-522
-494
-287
-10
160
306
512
693
853
1017
1185
1384
1570
1758
1832
1703
1518
1295
1001
731
509
247
-45
-360
-708
-1117
-1531
-1841
-2129
-2368
-2411
-2385
-2408
-2405
-2396
-2418
-2341
-2139
-1914
-1671
-1304
-874
-550
-290
-22
172
395
735
996
1170
1400
1611
1680
1623
1487
1308
1131
1071
1061
1052
1137
1093
723
341
143
57
192
433
551
604
717
866
915
932
1113
1319
1462
1690
1760
1599
1430
1231
924
607
410
228
-76
-339
-566
-1002
-1397
-1621
-1926
-2151
-2119
-2060
-2077
-2026
-1935
-1950
-1918
-1697
-1517
-1344
-930
-507
-261
-34
169
290
477
742
942
1022
1150
1349
1325
1155
1013
758
520
465
394
294
366
484
285
-161
-419
-473
-442
-118
227
301
438
725
857
904
1103
1397
1630
1851
2072
2010
1758
1556
1253
838
597
456
165
-191
-506
-938
-1462
-1840
-2135
-2474
-2605
-2504
-2513
-2580
-2506
-2500
-2573
-2415
-2190
-2063
-1730
-1215
-843
-608
-357
-141
12
296
641
766
908
1236
1342
1215
1104
881
633
538
500
439
460
648
622
132
-272
-391
-443
-186
213
331
441
679
841
877
965
1279
1567
1756
2074
2133
1867
1691
1403
939
645
544
378
72
-203
-506
-1042
-1475
-1748
-2143
-2335
-2153
-2030
-2029
-1961
-1932
-2013
-1945
-1679
-1509
-1277
-735
-243
12
227
392
497
700
1012
1211
1295
1566
1783
1600
1383
1190
885
706
648
548
482
619
764
413
-146
-342
-393
-298
132
390
464
692
916
966
973
1216
1596
1824
2105
2340
2175
1928
1706
1252
809
642
539
244
-128
-449
-963
-1549
-1885
-2266
-2642
-2627
-2475
-2464
-2472
-2445
-2511
-2560
-2357
-2132
-1987
-1546
-956
-620
-395
-170
-55
102
432
725
857
1063
1360
1316
1039
845
601
364
306
246
142
232
445
299
-274
-633
-675
-623
-252
157
273
447
742
880
890
1043
1436
1753
2010
2312
2299
2033
1828
1489
982
707
635
431
64
-269
-702
-1323
-1770
-2088
-2485
-2627
-2452
-2382
-2425
-2384
-2409
-2540
-2439
-2176
-2024
-1681
-1110
-709
-506
-353
-218
-76
187
548
765
932
1253
1366
1161
961
727
497
429
428
403
451
688
792
390
-54
-155
-151
108
592
857
1005
1263
1481
1533
1607
1955
2337
2570
2860
2975
2732
2466
2134
1610
1195
1033
889
541
121
-260
-847
-1454
-1844
-2273
-2596
-2511
-2340
-2359
-2416
-2447
-2539
-2573
-2342
-2060
-1813
-1314
-757
-496
-365
-219
-107
86
431
734
919
1169
1379
1231
933
721
475
300
259
168
91
192
398
243
-324
-639
-653
-558
-126
335
477
642
907
1048
1099
1309
1790
2165
2407
2733
2728
2386
2130
1743
1194
895
814
603
180
-248
-736
-1440
-2016
-2384
-2814
-3018
-2810
-2686
-2835
-2922
-2987
-3128
-3017
-2652
-2386
-2063
-1469
-983
-788
-658
-494
-331
-82
366
729
915
1228
1396
1171
954
828
629
520
508
445
389
537
695
333
-216
-337
-302
-147
374
751
809
993
1246
1306
1350
1693
2174
2438
2736
3022
2836
2474
2232
1777
1252
1077
1008
661
188
-228
-839
-1570
-2001
-2328
-2748
-2801
-2577
-2574
-2701
-2722
-2829
-2958
-2713
-2349
-2141
-1711
-1077
-719
-578
-410
-244
-69
289
760
1022
1228
1543
1533
1206
990
806
630
630
663
604
587
758
752
191
-281
-297
-263
26
579
818
897
1142
1357
1428
1585
2063
2541
2771
3103
3238
2880
2582
2315
1810
1438
1389
1270
833
336
-182
-966
-1681
-2062
-2512
-2864
-2748
-2591
-2756
-2950
-3050
-3263
-3319
-2968
-2676
-2505
-2007
-1499
-1300
-1184
-1026
-826
-548
-83
383
606
886
1167
1000
738
648
488
406
450
429
375
490
733
508
-132
-382
-359
-269
209
639
703
838
1112
1238
1255
1529
2092
2431
2693
3012
2858
2445
2213
1830
1275
1015
999
733
221
-219
-840
-1662
-2159
-2471
-2916
-3047
-2793
-2739
-2938
-3019
-3127
-3303
-3079
-2644
-2411
-2063
-1451
-1031
-875
-707
-474
-240
116
619
954
1156
1430
1439
1135
924
772
646
653
653
589
623
839
866
346
-150
-201
-160
115
646
884
959
1232
1461
1513
1686
2165
2668
2968
3284
3403
3100
2771
2445
1885
1449
1393
1295
870
353
-196
-990
-1711
-2132
-2560
-2915
-2866
-2692
-2809
-3026
-3112
-3229
-3219
-2863
-2534
-2276
-1752
-1184
-881
-737
-558
-332
-68
378
856
1126
1390
1597
1439
1116
908
766
655
582
518
468
604
754
421
-153
-393
-411
-235
271
655
737
909
1209
1286
1264
1658
2240
2540
2833
3116
2940
2516
2209
1748
1153
922
951
634
73
-416
-1083
-1910
-2444
-2787
-3182
-3292
-3034
-2957
-3219
-3370
-3417
-3449
-3202
-2848
-2578
-2144
-1584
-1129
-896
-813
-606
-323
-9
447
833
1100
1314
1282
1026
773
570
502
472
402
423
609
832
692
142
-266
-297
-107
330
815
1065
1219
1494
1692
1693
1910
2467
2887
3179
3488
3474
3118
2743
2325
1750
1265
1182
1059
489
-108
-665
-1491
-2196
-2615
-3061
-3339
-3223
-3001
-3060
-3249
-3346
-3425
-3375
-3064
-2700
-2345
-1771
-1159
-873
-771
-598
-403
-45
433
816
1138
1320
1275
1172
996
710
565
547
535
521
730
1157
1046
414
73
-56
-122
323
989
1249
1364
1747
2043
1932
2003
2569
2974
3137
3499
3589
3126
2683
2348
1747
1099
903
852
364
-203
-676
-1414
-2181
-2705
-3119
-3406
-3315
-2922
-2726
-2881
-3073
-3139
-3003
-2734
-2484
-2166
-1647
-1105
-680
-490
-589
-581
-261
108
382
727
988
901
707
483
-19
-491
-496
-252
-28
672
1742
1785
729
128
139
163
812
1942
2277
1789
1806
2283
1857
1310
2177
3100
2860
2668
2659
1711
444
214
292
-418
-865
-527
-895
-2045
-2505
-2510
-3066
-3360
-2839
-2632
-2686
-2108
-1450
-1633
-1871
-1217
-552
-472
-205
126
-144
-199
490
565
101
500
801
-6
-1080
-865
-491
-1020
-780
-930
-2519
-3618
-3060
-2408
-2400
-873
1851
3140
2009
341
405
1631
3620
6004
6689
4744
2310
2875
4335
4035
4456
5551
4285
1328
102
-221
-1487
-1407
-376
-1693
-4160
-4902
-5012
-5605
-4476
-2604
-2795
-3843
-3938
-3705
-3059
-533
1944
2103
1611
1727
1670
1661
2512
3173
2984
2836
2362
1180
321
373
429
-63
-437
-1028
-1902
-2335
-2675
-3230
-3521
-3403
-3453
-3736
-3679
-2815
-372
3151
4182
1507
74
2187
4509
6190
7612
5926
2042
2050
5538
5894
3947
4038
3309
394
-238
738
-716
-2564
-2512
-3363
-5350
-5402
-4714
-5346
-5222
-4057
-4221
-4638
-3734
-2854
-2125
-554
728
719
1072
2353
2915
2832
2590
1891
1923
2930
2897
1466
325
-205
-926
-1242
-900
-1310
-2433
-3180
-3717
-4175
-4053
-3742
-3820
-4202
-3836
-1091
3016
4085
1197
-28
2283
4250
5743
7342
5346
1425
2385
6185
5619
3293
3905
3287
542
634
1438
-866
-2493
-1907
-3055
-5034
-4576
-4005
-4921
-4557
-3371
-3802
-3835
-2511
-2096
-1863
-24
1685
1659
1925
3116
3112
2522
2549
2332
2385
2958
2639
1186
-19
-327
-575
-542
-231
-1181
-3020
-3831
-3778
-3944
-3790
-3188
-3680
-4319
-1888
2918
4606
1510
-316
1787
4184
6044
7328
4623
49
975
6118
6894
3832
2745
1786
-157
477
1667
-443
-2824
-2938
-3528
-4834
-4386
-3985
-4796
-4498
-3683
-3879
-3516
-2298
-1843
-1309
200
1152
1394
2309
3360
3492
3453
3099
2036
2068
3248
3014
1177
-149
-526
-928
-784
-97
-833
-2707
-4072
-4311
-3853
-3669
-3688
-3847
-4682
-4227
-296
4400
4162
4
-337
3147
5345
6992
7448
3099
-892
2360
7222
6004
3254
2874
891
-901
783
1104
-1788
-3306
-3364
-4758
-5522
-4366
-4437
-5294
-4557
-4162
-4514
-3256
-1715
-1662
-1178
416
1484
2018
3113
4024
3660
3069
2782
2572
3213
3635
2330
548
-347
-289
-150
-244
-566
-1921
-3429
-3983
-3909
-3743
-4054
-4208
-4277
-4893
-3037
2337
5472
2047
-1776
656
4571
6224
7957
6259
-2
-1111
5518
8497
4532
2497
2332
-279
-373
2221
520
-3202
-3495
-3399
-5158
-4878
-3309
-4399
-5463
-4289
-3964
-3876
-1899
-765
-1552
-1012
1339
2759
3054
3770
3787
2691
2675
3470
3537
3294
2608
1241
248
330
508
-224
-650
-1076
-2865
-4210
-3928
-3642
-3946
-3962
-4100
-4854
-2916
2694
5456
1827
-1670
360
4252
6750
7912
4687
-1269
-936
5564
7893
4318
1817
556
-1137
166
2118
-490
-3761
-3674
-3749
-5029
-4467
-3734
-4870
-4915
-3720
-3917
-3715
-1868
-1111
-1261
-196
1197
2107
3433
4396
3521
2497
2769
3010
3264
3562
2461
599
71
767
620
-320
-456
-771
-2335
-3708
-3845
-3510
-3754
-3949
-4070
-5018
-3755
1650
5545
2694
-1795
-485
3672
6128
7888
5790
-892
-2424
4147
8258
5086
1916
767
-1373
-703
2209
544
-3291
-3992
-3926
-4955
-4660
-3679
-4489
-5014
-4085
-4142
-3900
-1876
-707
-840
-468
589
2149
3874
4641
3844
2717
2615
3101
3860
4081
2444
564
244
738
863
192
-584
-1139
-2083
-3177
-3594
-3286
-3523
-4334
-4224
-4391
-4233
104
5455
4079
-1533
-1555
3227
5817
7544
7424
815
-3722
2321
8898
6451
2222
1397
-708
-1313
2475
2217
-2930
-4546
-3469
-4357
-4714
-3318
-3965
-5519
-4556
-3794
-4069
-2477
-890
-1217
-1041
362
1675
3205
4562
4036
2772
3070
3729
3687
3879
3280
1179
223
1108
1358
283
-675
-1104
-1816
-2763
-3367
-3509
-3814
-4636
-5013
-4741
-4696
-2348
3001
4829
233
-2696
1043
5247
6763
7353
3596
-2711
-1165
6800
8594
3508
616
-47
-1112
915
3034
-649
-5024
-4801
-3664
-4147
-4114
-4070
-5293
-5360
-3968
-3614
-3126
-1650
-1156
-1279
-350
1282
2781
4048
4240
3081
2766
3903
4334
3980
3363
1906
828
1449
2114
1069
-638
-1108
-1037
-1639
-2444
-3148
-3746
-4300
-4553
-4164
-4361
-3992
374
5046
3073
-2013
-1055
3886
6123
7330
6545
-153
-3682
3514
9789
5872
804
448
-569
-478
2952
1573
-4494
-5707
-3304
-3708
-4863
-4308
-4984
-6028
-4599
-3591
-3919
-2634
-1138
-1349
-1208
582
2726
4147
4401
3122
2243
3531
4823
4575
3483
1832
784
1523
2608
1691
-525
-1296
-816
-1097
-2252
-3353
-3795
-4145
-4450
-4093
-4291
-3874
639
5292
3050
-2213
-1152
4105
6531
7560
6072
-970
-3775
4027
9911
5574
428
7
-684
-57
3255
1308
-4860
-5788
-3157
-3508
-4919
-4672
-5228
-6057
-4463
-3262
-3843
-3036
-1571
-1602
-1193
1027
3049
3502
3402
3122
2865
3831
4946
4218
2663
1767
1635
2014
2212
1287
-643
-1610
-897
-715
-2046
-3381
-3934
-4446
-4948
-4349
-3725
-3959
-1523
3433
3965
-497
-1589
2613
5706
6855
7184
2448
-3069
806
8513
8008
2385
-74
-679
-426
2611
2755
-2967
-6294
-4298
-3128
-4277
-4911
-5496
-6203
-4954
-3452
-3958
-3941
-2297
-1321
-1049
268
2299
3378
3382
3115
3117
4012
5150
4915
3223
1733
1840
2868
3093
1794
-95
-1093
-831
-156
-546
-2460
-4130
-4274
-4039
-4202
-3984
-3845
-3559
-237
4231
3267
-1178
-694
3631
5805
7027
6507
487
-2927
3714
9662
6015
1025
343
-88
762
3440
958
-5138
-5763
-2694
-2909
-4971
-5654
-6161
-5915
-4119
-3788
-4812
-3867
-1996
-1547
-1062
731
2305
3074
3558
3110
2780
4295
5357
3909
2295
2206
2384
2437
2440
1010
-1011
-1034
-78
-690
-2352
-3479
-3878
-4139
-4389
-4238
-4095
-3976
-1476
3074
3723
-370
-1386
2234
4763
6387
7383
2497
-3269
875
8540
7546
2339
429
-696
-367
3281
2759
-3786
-6405
-3385
-2327
-4088
-5324
-6459
-6626
-4277
-3070
-4704
-4834
-2603
-1588
-1549
-14
2020
2815
3048
3065
2929
4017
5725
5203
2606
1426
2692
3943
3483
1479
-657
-1020
126
453
-1129
-3058
-3617
-3323
-3521
-4294
-4484
-3998
-3223
-552
3025
2818
-260
-166
2776
4644
6487
7305
2435
-2356
1859
8317
7262
2897
759
-648
65
3328
2264
-3630
-5691
-3202
-2525
-4176
-5582
-6692
-6309
-4036
-3438
-4961
-4779
-2743
-1737
-1378
170
2100
2949
2917
2680
3221
4766
5594
4498
2445
1652
2898
4238
3364
559
-1149
-359
406
-461
-1922
-3235
-3902
-3585
-3446
-4647
-5153
-3752
-2613
-911
2420
2736
-516
-683
2506
4253
5880
6921
1997
-2711
2184
8604
6821
2598
689
-1075
192
4133
2091
-4483
-5544
-2482
-2239
-3899
-5289
-6816
-6161
-3386
-3215
-5248
-4910
-2771
-1798
-1310
-31
1307
2316
2883
2669
2819
4256
5179
4098
2370
1815
2680
3848
3278
560
-1173
-225
553
-531
-1867
-2848
-3652
-3513
-3183
-4217
-4793
-3279
-2104
-1312
1268
2672
627
-206
2113
3806
4931
6364
3871
-667
1228
6929
7169
3488
1404
298
450
2838
2586
-2212
-4824
-2810
-1741
-3424
-5086
-5941
-5721
-4021
-3086
-4353
-5039
-3325
-1689
-1319
-464
844
1716
2435
2772
2816
3705
4941
4660
3183
2412
2689
3316
3309
1653
-333
-531
-71
-671
-1540
-2352
-3392
-3698
-3277
-3716
-4444
-3732
-3025
-2893
-553
2319
1346
-777
199
2128
3565
5997
5804
954
-529
4400
7110
5013
3109
1437
-101
1748
3647
434
-3310
-2714
-1714
-2864
-3893
-5003
-6189
-5028
-3149
-3923
-5333
-4440
-2820
-2047
-1082
79
567
1071
1986
2608
3150
4004
4357
3688
2833
2858
3493
3506
2462
1103
215
-102
-324
-902
-1825
-2714
-3160
-3346
-3559
-3764
-3798
-3523
-3169
-2234
-85
1211
133
-774
205
1883
3929
5616
4038
832
1594
5114
6009
4796
3560
1747
1075
2664
2841
193
-1504
-1307
-1792
-2860
-3570
-4592
-4997
-3988
-3640
-4758
-5107
-4027
-3122
-2411
-1410
-898
-357
981
1780
1704
2360
3569
3874
3580
3372
2764
2461
3144
3094
1581
306
-124
-415
-850
-1363
-2047
-2691
-2826
-2814
-3240
-3815
-3962
-3293
-1833
-414
-163
-1102
-1467
-367
1372
3296
4323
2891
1146
2074
4151
4926
4930
4282
2448
1764
3085
3070
1307
427
-99
-1294
-1884
-2143
-3319
-3933
-3167
-3212
-4333
-4549
-4154
-3867
-2838
-1741
-1629
-1335
-350
300
756
1798
2633
2677
2823
2917
2389
2393
3111
3015
2054
1266
782
357
79
-67
-448
-947
-1310
-1806
-2330
-2673
-2736
-2410
-1953
-1422
-1068
-1306
-1480
-990
-199
853
2027
2108
966
694
1975
3042
3509
3748
2909
1938
2434
2920
2019
1248
1093
390
-409
-642
-1343
-2153
-1732
-1409
-2489
-3414
-3245
-2993
-2691
-2086
-2033
-2393
-1855
-696
-129
-15
249
548
979
1480
1436
1088
1192
1575
1602
1370
937
401
495
1104
1007
227
-361
-719
-935
-971
-1232
-1721
-1892
-1850
-1777
-1473
-1272
-1579
-1530
-945
-680
-250
510
361
-208
382
1417
1889
2317
2396
1609
1485
2498
2767
2031
1542
1152
785
1143
1355
403
-534
-553
-626
-905
-890
-1117
-1733
-1842
-1495
-1434
-1370
-1141
-1266
-1381
-945
-535
-506
-486
-413
-349
67
661
600
295
599
1097
1304
1235
1039
815
760
872
710
197
-80
35
94
-229
-770
-1026
-1002
-926
-825
-941
-1231
-1187
-817
-667
-714
-375
100
300
506
732
793
1103
1700
1910
1871
2030
2102
2088
2204
2095
1695
1470
1464
1196
718
393
27
-317
-350
-496
-1048
-1622
-1760
-1596
-1520
-1602
-1883
-2236
-2140
-1552
-1204
-1233
-1146
-887
-644
-301
26
63
134
422
487
388
485
651
636
550
420
243
203
233
11
-386
-592
-586
-525
-555
-766
-1023
-987
-708
-584
-633
-646
-510
-280
-35
166
349
607
924
1160
1226
1269
1381
1559
1717
1644
1395
1176
1099
1124
1028
736
281
-138
-302
-340
-492
-801
-1144
-1460
-1562
-1432
-1343
-1346
-1269
-1162
-1171
-1127
-886
-664
-490
-307
-338
-406
-165
186
324
283
219
221
363
547
504
278
171
200
297
344
169
-63
-79
45
77
77
79
16
28
219
360
454
568
673
737
753
831
905
967
1025
1003
896
782
756
790
728
537
297
85
-38
-82
-205
-419
-600
-714
-754
-754
-742
-752
-674
-537
-564
-626
-599
-497
-368
-317
-362
-411
-327
-101
-22
-133
-222
-171
2
108
72
-42
-116
-6
178
191
24
-68
41
206
317
371
344
288
362
519
578
574
645
731
743
748
782
730
696
697
603
462
379
374
243
4
-177
-332
-416
-428
-525
-747
-922
-927
-878
-894
-926
-958
-956
-816
-691
-680
-696
-675
-607
-530
-469
-459
-451
-387
-327
-340
-410
-417
-332
-239
-215
-240
-253
-226
-124
0
14
-106
-136
-17
105
191
239
248
289
399
577
664
646
715
813
859
908
910
850
801
789
713
590
574
562
383
149
-21
-119
-161
-168
-265
-476
-597
-575
-514
-496
-494
-489
-402
-293
-221
-226
-254
-194
-93
-25
-5
-13
12
93
117
58
-8
-1
72
81
20
-48
-62
-2
77
101
16
-58
-17
101
179
199
246
319
386
463
542
592
634
720
777
797
808
806
822
788
695
578
515
520
429
208
19
-130
-184
-220
-358
-518
-618
-611
-565
-566
-596
-639
-600
-465
-404
-446
-439
-394
-398
-385
-341
-369
-393
-323
-296
-367
-441
-431
-418
-422
-407
-476
-539
-475
-390
-355
-308
-269
-252
-162
-39
21
20
98
237
301
333
364
427
538
644
675
631
617
624
634
599
474
364
343
317
194
18
-107
-176
-210
-243
-398
-531
-502
-432
-409
-422
-447
-458
-354
-196
-187
-252
-213
-153
-127
-125
-145
-220
-243
-165
-190
-275
-319
-330
-311
-296
-319
-386
-413
-331
-259
-248
-184
-83
-6
110
250
337
396
519
638
647
640
705
780
824
857
832
789
785
802
734
618
538
475
414
317
170
6
-109
-157
-174
-232
-325
-368
-362
-313
-228
-198
-195
-150
-47
87
142
136
124
129
182
179
111
80
41
-13
-70
-143
-228
-284
-291
-329
-429
-492
-501
-476
-415
-365
-303
-213
-111
-32
67
196
323
424
460
463
487
560
637
674
651
606
574
574
517
389
260
213
142
6
-150
-325
-414
-482
-537
-612
-703
-715
-699
-705
-664
-583
-499
-416
-302
-205
-141
-37
29
35
5
17
40
27
20
-26
-138
-224
-277
-342
-399
-489
-621
-722
-726
-712
-721
-701
-634
-535
-374
-225
-152
-77
85
278
383
425
437
480
590
696
717
677
642
643
642
565
434
322
258
198
96
-21
-119
-209
-247
-259
-310
-371
-360
-321
-289
-208
-87
20
102
219
330
409
506
581
595
585
552
495
467
445
363
236
116
6
-79
-169
-276
-435
-559
-609
-631
-622
-614
-569
-470
-334
-205
-107
13
161
326
423
469
515
581
668
733
741
693
670
690
660
532
398
320
244
141
16
-119
-213
-248
-281
-347
-428
-449
-420
-359
-300
-244
-158
-17
119
187
253
340
401
452
471
426
354
325
311
241
116
-14
-150
-268
-344
-472
-656
-805
-900
-960
-982
-977
-953
-886
-745
-597
-506
-397
-236
-65
104
214
258
312
406
521
583
569
508
466
443
396
277
138
26
-70
-174
-308
-459
-537
-559
-591
-622
-663
-677
-624
-524
-433
-353
-241
-80
63
174
293
392
472
528
560
557
543
544
508
412
302
206
100
-26
-150
-284
-427
-519
-558
-625
-662
-630
-575
-488
-354
-221
-136
-42
111
290
432
538
588
640
734
821
865
831
775
704
659
602
468
308
191
123
42
-107
-254
-346
-378
-396
-431
-496
-538
-477
-365
-272
-208
-92
54
193
319
412
483
554
606
603
592
599
585
524
458
362
234
124
16
-132
-306
-445
-555
-655
-723
-749
-750
-724
-656
-561
-438
-333
-259
-171
-28
134
245
304
341
397
492
571
558
502
457
438
412
321
173
34
-41
-106
-233
-371
-447
-499
-528
-539
-569
-582
-512
-409
-347
-275
-158
-27
68
165
263
346
427
485
487
492
525
509
420
317
206
109
25
-105
-288
-449
-539
-612
-697
-734
-732
-723
-685
-619
-548
-473
-369
-285
-205
-90
36
149
222
265
315
403
465
443
371
326
319
295
219
104
9
-39
-75
-158
-259
-333
-361
-373
-396
-422
-412
-353
-293
-219
-147
-35
97
203
273
347
448
511
552
539
558
570
551
508
437
355
264
190
71
-89
-233
-306
-374
-457
-473
-439
-388
-344
-291
-234
-158
-64
20
74
142
249
316
363
409
439
459
472
485
438
392
413
409
316
232
179
98
22
-49
-121
-176
-185
-197
-227
-241
-183
-136
-99
-59
-19
56
162
235
232
282
366
393
410
405
385
352
332
284
151
35
-29
-127
-247
-353
-477
-560
-624
-642
-654
-626
-560
-528
-495
-431
-351
-281
-178
-114
-45
22
79
106
121
150
150
151
113
99
85
86
69
-39
-93
-113
-160
-198
-243
-275
-275
-264
-244
-255
-254
-187
-123
-76
-18
53
139
225
277
304
353
406
428
426
432
405
375
335
237
126
53
-23
-152
-297
-390
-466
-540
-566
-573
-584
-580
-513
-454
-402
-353
-255
-157
-95
5
100
172
188
207
227
238
235
197
185
161
131
104
51
-38
-109
-142
-173
-233
-272
-236
-228
-213
-187
-153
-87
-11
96
165
229
347
407
470
526
604
653
679
708
685
685
671
634
546
454
381
303
210
82
-57
-146
-254
-333
-385
-404
-401
-387
-319
-259
-201
-127
-50
-13
54
137
241
296
327
362
386
399
379
344
278
242
189
118
30
-47
-134
-238
-314
-356
-383
-378
-387
-368
-356
-371
-297
-310
-278
-263
-189
-74
8
80
179
229
341
383
384
805
550
457
57
-471
-660
-859
-357
-274
-110
120
21
-131
-261
-558
-799
-986
-1070
-981
-834
-457
-121
177
375
514
486
362
222
6
-149
-152
-56
114
247
424
439
348
194
-85
-305
-579
-771
-862
-752
-520
-269
-87
-23
-22
-120
-221
-388
-496
-430
-264
35
348
493
656
732
711
644
547
468
411
351
329
346
412
484
448
325
169
-8
-177
-258
-376
-456
-423
-319
-209
-146
-45
26
37
40
41
18
79
157
316
416
488
587
559
563
473
352
263
122
110
44
35
-17
-79
-128
-171
-156
-274
-329
-380
-367
-301
-248
-241
-208
-102
23
213
248
342
363
406
480
446
470
433
468
465
426
420
382
352
223
115
-63
-152
-217
-263
-279
-383
-347
-357
-334
-346
-332
-207
-154
-111
-47
-26
63
58
129
122
58
128
74
91
42
-18
15
-65
-64
-110
-283
-326
-418
-527
-516
-607
-633
-649
-678
-543
-499
-371
-343
-332
-290
-251
-167
-159
-59
113
105
184
170
243
318
260
671
566
714
640
298
65
-684
-764
-891
-913
-445
-344
-86
74
27
49
-328
-383
-445
-581
-490
-326
-181
104
512
830
1403
1170
1714
1164
676
470
-513
-89
-687
-152
-1
-145
434
-52
-86
-420
-792
-1109
-1262
-1252
-1103
-849
-358
77
235
593
656
559
463
439
425
410
609
1011
1194
1386
1524
1436
1135
912
731
260
-90
-288
-455
-396
-137
-29
-227
-138
-98
-552
-671
-960
-766
-992
-405
-164
-221
58
93
483
94
279
244
200
97
483
609
510
745
636
443
-108
170
-155
-222
-259
-498
-225
-353
101
-432
-375
-298
-992
-301
-655
-627
-255
-798
520
-57
56
941
-170
221
84
-41
755
110
486
852
-581
456
631
-587
760
-229
-50
80
-1307
555
-842
-307
77
-754
171
-840
-453
-265
-622
-417
-314
319
103
-355
9
69
-40
-514
-44
250
139
-28
216
246
-552
-62
-46
239
-143
-917
-62
-698
-310
263
-383
495
-79
-719
436
-178
-258
104
-659
683
187
331
1193
-421
797
477
-167
1307
-251
-19
750
-416
627
246
220
701
-470
269
-78
-318
184
38
-177
155
-278
67
292
-541
304
175
33
137
-75
525
115
14
384
-477
514
-291
656
330
-759
569
-1127
559
-501
-542
-81
-409
-272
-551
-35
-373
-172
-632
471
-217
-996
1029
-386
-274
506
-626
1492
-850
892
1185
-863
931
-14
214
342
-212
898
290
-578
1009
-311
408
211
-484
727
-788
483
-1
-366
675
-402
404
13
397
-282
-533
852
-374
225
-452
1166
117
-864
1413
-471
299
-822
286
732
-1154
-6
559
-1188
-36
-636
406
17
-1330
905
-1394
-241
-329
-798
207
-398
-333
210
-560
775
-405
-440
745
-820
226
-72
370
-292
-83
-38
-183
205
-709
825
-727
14
34
-570
720
-1152
733
-48
-476
-166
185
266
-910
798
85
145
-498
468
402
-262
259
-31
774
-954
748
182
-398
662
-571
687
-96
-498
791
-804
281
250
-888
812
-733
701
-414
-67
346
-303
819
-673
950
-126
-325
694
-380
363
-153
-183
964
-818
739
252
-1032
1341
-1247
951
-223
-611
1100
-1411
1145
-533
126
442
-712
1017
-741
831
-276
320
234
-492
865
-439
282
359
-35
-87
22
18
262
-376
-100
380
-324
-337
323
-274
-297
-249
23
391
-548
-192
786
-841
72
276
-669
1037
-1014
476
355
-617
627
-399
-177
838
-978
828
-190
-370
862
-1619
1291
-325
-795
389
-154
263
-532
238
279
10
-493
621
-13
-359
424
-276
553
33
-195
696
42
-128
611
-301
490
-14
-273
348
-498
228
-343
440
-671
314
-355
-415
268
-650
421
-759
-43
321
-695
233
-62
-357
550
-732
627
-150
-420
796
-1094
1099
-445
-128
500
-977
1091
-1300
95
512
-1381
542
-936
-95
417
-1433
738
-407
-596
653
-992
484
-262
-897
1007
-337
51
709
-485
700
118
-237
1114
-443
547
771
-908
1170
-416
111
700
-768
1115
-861
360
385
-983
1071
-656
-133
171
-67
50
-619
1023
-26
-162
117
716
70
55
469
502
296
-238
776
10
247
-6
8
977
-971
543
-290
-478
609
-966
150
-285
-227
-61
-620
247
-382
-659
282
-254
-183
-116
-156
496
-23
112
237
207
173
2
282
294
-389
527
-231
416
-387
521
-98
-546
895
-1039
231
-387
281
-823
-97
168
-208
-335
-128
643
-1006
688
-374
651
-396
-137
1023
-949
1473
-1109
1008
246
-663
1103
-1288
1474
-705
-338
1204
-1101
259
-369
-2
-157
-696
21
315
-1077
290
54
-555
249
-415
762
-756
298
293
-151
50
-51
592
-395
135
633
-615
684
-558
298
153
-911
954
-1176
207
-164
-690
487
-975
349
-287
-1058
899
-599
-474
657
-580
444
-511
143
763
-921
531
458
-185
412
-67
530
-48
77
323
-357
433
-315
133
-31
-341
557
-914
261
296
-790
120
191
-291
128
-249
356
-269
-58
983
-698
590
700
-558
922
-237
937
-89
-261
1423
-397
381
-138
912
-274
-120
-47
853
-738
-29
583
-119
-48
-663
1254
-1372
944
-271
-530
1231
-1341
555
311
-619
910
-624
305
355
-654
882
-767
14
209
-588
178
-216
196
-869
91
-254
-432
94
-775
-208
120
-673
-389
350
-887
386
-774
525
-96
-582
858
-419
152
453
-434
608
118
-100
689
-666
792
-144
-42
487
-322
478
-111
-494
928
-444
-502
437
-397
212
-422
210
603
-1252
808
-230
296
8
-402
1020
-742
553
-452
1143
-1280
894
33
-288
827
-1262
1747
-1949
1306
-539
-245
549
-1506
1442
-1580
778
-778
-198
328
-909
619
-137
102
-687
175
-13
110
-316
-31
878
-828
125
692
-113
153
-239
577
-250
-112
236
-35
-169
88
53
-517
516
-31
-670
674
-535
129
-395
60
453
-648
823
-1021
1305
-653
254
409
-492
898
-1117
1498
-504
141
367
-88
97
-12
523
-509
514
-277
-100
-77
239
-280
-35
-44
124
96
-505
839
-736
62
416
-275
370
-423
455
448
-963
1416
-248
-902
1694
-1212
1011
-691
541
862
-1963
2030
-1185
-10
418
-648
487
-705
220
-76
-322
392
-479
-326
817
-1202
788
-724
-166
693
-1131
659
237
-450
299
168
-158
811
-1261
884
151
-1312
1593
-1185
405
60
-713
900
-1019
590
-293
-440
186
-121
-289
-78
229
-615
680
-643
206
353
-903
927
-628
206
629
-965
936
14
-55
-30
186
-77
-195
424
-106
809
-1621
1302
-121
-1600
2400
-2177
1310
-657
-210
1336
-2428
2179
-1264
-148
952
-1036
780
-235
13
21
196
-312
664
-679
714
133
-1037
1513
-1143
531
52
-544
784
-752
234
276
-357
-338
352
-464
165
-23
-376
1070
-1966
1785
-902
-122
1124
-1542
1793
-1604
1547
-506
-147
1049
-1600
1801
-1519
2014
-1261
46
1302
-1946
2513
-2145
2007
-1328
130
887
-1582
1801
-1887
1372
-975
816
-418
-155
577
-791
1102
-1558
2398
-2031
1003
657
-1484
1821
-1692
2030
-1244
2
1121
-1012
708
-569
559
-420
-178
60
341
-548
-122
494
-714
-62
-89
-178
-95
-30
-462
568
-1388
1082
-729
-433
1294
-1979
1865
-1340
272
582
-1143
975
-874
914
-477
-31
61
190
-419
472
-104
-19
293
-1051
1807
-1809
842
480
-1123
1036
-792
967
-1169
277
1270
-1154
69
631
-174
-488
156
1096
-820
-372
683
-193
-91
-324
1120
-753
35
-127
329
-194
74
318
-842
1239
-1255
709
-148
-317
724
-1555
2042
-1333
352
-24
333
-8
-1033
1725
-1567
1375
-1892
2426
-1348
-966
2272
-1875
1512
-1396
1156
-392
-672
1016
-697
1070
-1121
487
190
-95
215
-584
1283
-1183
504
277
-417
167
80
-244
721
-964
606
-332
-278
989
-1793
1787
-1227
74
614
-666
371
-509
680
-257
-166
2
224
-435
151
578
-915
1326
-1077
-38
881
-1040
1508
-1773
1276
435
-1690
1102
-224
377
-1315
645
1183
-1175
-322
599
436
-1664
840
674
-462
-399
192
508
-1084
1011
-283
18
246
-415
320
-243
436
139
-1226
1645
-828
-133
618
-679
481
-828
492
-300
286
-659
450
-240
-374
1123
-2197
2234
-1674
181
1154
-1659
1825
-1926
1190
-950
851
-505
1081
-626
-293
823
-1418
1583
-1702
2257
-1309
499
-311
370
58
-1004
2071
-1535
1132
-794
760
-474
123
-65
164
822
-1033
1390
-1771
1408
-418
-756
1854
-1503
621
-492
182
974
-2025
1804
170
-1523
938
-1
-766
110
-462
1700
-2258
975
538
-1564
1224
-1134
1078
-426
-523
770
-671
-76
384
-585
971
-653
-236
1471
-1840
1219
-191
-821
1158
-1052
535
298
-608
679
-339
-409
731
-477
20
607
-1499
1279
-627
-600
1789
-2195
1583
-441
-112
972
-1693
1242
-462
-786
1636
-1007
540
61
-959
1771
-1420
619
625
-733
688
-980
413
793
-1729
1608
-602
535
-356
-273
1085
-1110
614
-394
593
-616
27
399
-38
-275
399
-62
-331
759
-568
434
-947
1526
-860
-905
1699
-1376
683
-429
127
857
-1856
1074
-86
-291
236
-784
1119
-517
-594
380
299
-582
-276
472
548
-719
49
-449
545
-400
291
158
-114
-314
137
-349
186
509
-1609
1934
-689
-327
370
-852
1338
-1294
89
1683
-1915
769
346
-932
855
-1105
1312
-188
-754
964
-661
375
-579
751
-304
224
17
-413
718
-427
-227
248
365
-130
-245
272
247
-464
-356
1282
-612
-232
580
-762
1244
-1358
1005
14
-308
318
-235
529
-640
695
-654
624
-352
94
533
-677
565
-213
-221
1061
-845
99
573
-1020
1050
-610
210
-55
-512
574
48
-872
883
-363
-302
402
-451
455
-1082
578
203
-450
335
-855
1048
-985
230
432
-1108
1556
-2346
1998
-722
-575
730
-1045
1695
-1834
928
347
-894
413
305
-519
374
-319
233
614
-1710
2210
-1323
96
629
-753
881
-1247
1273
-114
-456
182
215
-72
-417
372
76
70
-139
-286
338
-220
23
15
327
-160
-582
658
260
-844
220
-174
842
-942
385
482
-1013
284
206
259
-324
250
-380
428
-877
771
-253
-313
1226
-1540
1213
-1044
607
58
-752
1684
-1771
942
-299
346
-229
-369
927
-832
813
-509
574
-789
687
-458
-259
1686
-1920
983
-90
15
-107
-516
1485
-837
-854
1606
-918
124
-127
70
706
-1296
1215
-656
378
-403
118
368
-459
424
-526
516
-357
128
-204
440
41
-605
420
0
-213
-208
703
-472
-52
-5
-42
487
-1148
1221
-288
-600
1149
-1361
1123
-870
155
998
-1552
1730
-1126
-25
851
-1316
1590
-1258
487
794
-1781
1751
-1127
368
354
-1297
1943
-1493
342
516
-1251
1631
-1766
1356
-319
-565
839
-1417
1438
-802
2
365
-66
-372
-268
492
174
-133
-662
1047
-667
14
-33
134
347
-932
533
346
-634
-90
190
220
9
-639
655
-231
-226
155
-195
243
-92
-275
273
132
-197
-182
270
-130
36
-350
549
28
-597
600
-280
457
-676
643
-105
-330
676
-395
88
-201
435
-442
288
140
-4
-514
348
202
-529
284
266
-241
-632
886
-480
232
-239
-32
288
-497
578
-300
95
-66
-309
503
-225
86
-173
127
52
-189
423
-345
143
-143
3
422
-248
206
-237
1
181
-5
173
-65
-137
211
-46
35
156
-202
348
-22
-186
443
-446
319
75
-168
449
-563
632
-400
290
-109
-161
491
-436
282
-297
169
-75
-57
173
-111
-94
190
-181
-34
61
-174
320
-58
-36
-20
-119
114
94
-152
175
-55
-119
106
-63
-28
-181
234
-58
-3
-34
-59
6
-187
217
-383
231
-192
76
-148
-45
163
-350
318
-237
109
-90
-122
197
-324
148
-45
-82
127
-91
126
-301
189
4
-91
2
7
-133
-217
206
-78
-111
33
-13
-132
-45
-29
22
-93
8
79
-222
-71
79
-37
-77
66
-15
-27
-32
26
28
-151
44
-14
58
-32
28
1
22
-58
-37
60
30
-27
-20
62
-4
-72
153
24
30
49
-72
279
-138
62
162
108
-69
173
9
127
151
-152
361
-149
203
-66
77
192
-159
221
-45
158
-87
16
189
-43
43
37
-35
127
-41
105
-10
68
11
21
132
-33
82
-99
130
-19
42
19
64
-39
18
49
-13
-9
15
-2
-84
41
-73
36
-98
38
-58
-23
11
-65
-18
-43
-6
-67
12
-6
-82
-79
54
-68
-23
-31
35
-54
-15
-36
24
-81
-38
59
-108
2
-110
38
-110
5
-82
-53
-28
-127
32
-121
-32
-64
-77
-44
-73
-55
-82
-44
-107
-18
-60
-31
-20
-107
42
-151
76
-116
-7
-35
-113
50
-93
34
-53
-22
4
6
13
-27
-3
23
-110
84
-2
-15
39
4
80
-25
77
64
46
-10
99
3
-18
168
-50
74
44
1
130
-57
150
-43
57
33
7
105
-96
135
-40
75
13
36
19
30
19
6
39
-31
111
-65
87
-17
67
-9
21
78
-30
54
47
-8
27
8
2
80
-69
104
2
-29
96
-25
97
-20
62
33
21
59
10
52
1
82
-23
80
29
37
49
38
99
-27
48
51
-19
68
-10
12
30
2
29
-31
24
5
-39
-5
-13
-40
-43
-57
-8
-68
-59
-5
-58
-31
-52
-72
-1
-92
-9
-41
-97
5
-83
-35
-76
-21
-48
-66
13
-80
-23
-49
-49
-40
-48
-26
-28
4
-38
-31
-21
14
-70
-8
-26
-56
13
-90
36
-80
-10
-6
-54
24
-64
-12
-2
-57
-5
-21
-24
16
-34
-13
8
-16
11
-27
-12
9
-19
-14
-28
-15
-19
-19
0
-30
15
-34
-13
37
-42
-19
-5
29
-31
-8
30
-18
-14
33
6
5
-13
43
2
8
48
18
63
-7
53
37
11
55
20
40
33
42
42
28
75
21
51
68
38
39
69
57
42
58
54
79
6
100
23
56
63
34
65
47
22
62
2
33
26
-1
52
3
46
15
27
21
7
29
41
-9
45
-12
41
33
-2
71
-28
22
43
-16
66
-24
37
41
3
28
-38
40
-34
-2
-10
6
-31
-38
-1
-18
-76
-21
-26
-55
-12
-44
-25
-39
-42
-26
-30
-30
-14
-53
-15
-69
-42
-46
-72
-18
-94
-43
-64
-84
-21
-118
-39
-80
-101
-18
-115
-46
-70
-103
-53
-84
-61
-45
-81
-38
-79
-51
-40
-47
-106
-18
-46
-42
-53
-34
-31
-60
-27
-3
-54
-54
-23
-34
-28
-70
14
-34
-8
7
-12
22
-4
32
-15
10
16
17
26
32
34
26
106
12
93
49
75
45
60
70
-3
58
23
61
30
45
33
74
75
62
80
67
85
60
77
67
19
74
36
51
59
75
30
39
75
36
79
46
65
30
65
53
65
54
56
51
63
92
31
83
39
83
30
66
80
36
66
72
66
59
85
41
74
23
44
59
61
78
0
56
34
70
44
11
12
-61
-36
-31
-30
-36
-54
-42
-38
-57
-36
-80
-43
-34
-82
-43
-111
-67
-98
-97
-64
-99
-43
-50
-36
-71
0
-68
-44
-117
-70
-83
-139
-34
-138
-84
-157
-72
-125
-78
-74
-92
-93
-119
-24
-134
-88
-87
-40
-35
-58
27
-32
-44
-58
-10
-48
1
-92
-44
-14
12
3
-70
60
-67
-10
-53
-72
-11
-91
42
-30
-16
3
-2
-53
-61
-23
1
-84
-69
107
-18
115
-11
70
60
-98
1181
774
-662
-655
-473
-126
-310
395
323
-1078
-293
607
45
114
51
-115
-34
-65
107
-138
-112
101
145
404
576
292
157
339
473
208
109
391
230
139
429
358
130
140
966
774
-269
-741
-1060
-700
-439
346
275
-488
-333
-180
146
579
579
-312
-217
-202
-463
23
180
-174
-1003
116
897
132
-141
491
827
398
559
245
-778
-811
205
1421
-252
-292
224
-803
-70
332
565
-440
295
335
-48
-539
754
710
-866
-155
-457
-778
-64
-71
-288
-431
-400
-203
-293
67
-3
-132
-356
564
-506
-1134
679
-35
-703
211
398
-30
156
232
520
-314
-368
273
195
311
573
-580
173
755
-1286
801
155
-800
-88
-302
698
-945
-20
129
-344
22
-776
360
-446
-271
-161
-546
534
-839
212
-52
-99
-288
-446
1407
-985
73
365
-210
-123
99
475
-248
940
306
-564
910
-565
-94
562
-523
1206
-1087
489
256
-1437
1834
-265
-641
1351
-1304
287
985
-1242
1093
-729
109
694
22
70
-357
-16
709
347
-542
661
-370
741
-617
260
1086
-1217
362
992
-462
-566
664
192
-254
81
9
344
-227
301
-259
39
688
-600
287
-162
188
-242
160
844
-599
-140
115
683
101
-608
-142
1191
-1142
441
796
-1391
702
-639
740
117
-1556
773
849
-1050
229
420
-1124
719
202
-645
413
-892
571
-315
-374
813
-1433
736
141
-276
-40
-819
1124
-717
-541
586
-443
16
-793
724
-183
-1272
925
433
-468
-572
76
197
-730
-180
635
453
-1231
-635
1457
-1211
-355
990
65
-36
-1345
1495
-437
-1494
1651
-171
323
-1115
248
528
-465
291
-314
840
-295
358
-714
709
354
-2138
2539
34
-1073
165
87
181
-601
-359
1011
608
-1702
1100
-651
141
319
-1234
2535
-1065
-218
710
-1221
1962
-1126
-779
1423
956
-1024
-858
2213
-883
-361
-14
1399
-98
-2177
2195
-136
-661
-585
28
1998
-2346
750
1286
-1010
203
-204
608
-648
-692
817
-139
-59
500
-1363
1186
69
-1062
1160
-215
69
27
3
634
-428
-273
836
395
-679
-520
708
290
-977
848
369
-974
277
214
-50
-289
-341
64
384
379
-528
-471
502
-621
131
822
-700
527
160
-538
500
-800
80
601
-381
319
-460
569
112
-1194
1463
-1092
-841
2126
-654
38
-538
-268
611
-1215
601
51
-389
535
68
-386
-544
505
750
-839
-523
573
-209
60
1046
-801
-1665
473
989
-429
-383
382
126
-256
337
-117
-1151
614
348
-1
107
-395
5
-212
-397
445
363
-309
-327
547
1121
-1354
-81
1090
-270
-304
-257
921
-55
-868
549
389
733
-1222
-343
1576
-891
-528
-74
1170
-25
-2346
1378
820
-1001
706
-610
88
-558
-211
998
-358
310
40
-839
186
-117
-1395
664
1149
1021
-1146
-1416
568
-149
186
745
1062
-677
-765
721
-194
-715
-407
755
950
-577
-179
-225
-230
245
-35
228
420
-227
315
-278
-128
815
-1100
868
251
-513
570
-160
-50
-861
1114
825
-594
331
92
-713
6
474
281
-162
155
730
-799
-799
-141
108
551
-218
779
464
-903
-376
-391
258
-155
416
1624
-291
-973
-560
-512
306
373
477
916
-281
74
-633
-1079
851
-135
511
967
-226
-536
-738
175
-20
-835
813
1378
-162
-360
-959
-965
-302
1134
1355
-722
-65
-308
-909
-208
393
668
-682
728
1253
-1596
-1055
164
633
342
-324
509
-86
-329
137
-423
-345
-4
243
158
-194
30
-304
-401
660
-93
-372
438
103
-451
-594
547
584
-744
481
-6
-429
-23
136
781
-154
332
81
-333
-456
-304
-342
-119
638
699
-425
-766
96
-638
-225
699
139
-202
51
279
-323
-706
-109
151
321
264
84
-147
-366
4
429
-374
-286
229
-128
643
-110
-403
28
-275
323
-214
-123
511
85
-403
491
-46
-420
35
-176
422
215
89
635
-515
-634
286
439
631
-48
23
72
-65
-465
586
435
-64
466
213
46
-683
138
302
-140
688
512
-436
-337
127
45
-242
484
531
-241
-540
-85
-193
-426
536
975
-35
-379
128
-99
-40
5
646
162
-381
154
-331
-293
295
188
158
77
71
332
-228
-376
-283
-678
497
719
-128
-280
-368
-384
-625
274
544
-447
52
218
-435
-517
4
409
-244
-64
455
-445
-500
254
134
-530
-379
39
141
-46
127
174
-605
-513
51
-285
219
65
-171
-237
-325
334
-434
-304
417
76
29
247
160
-243
-421
717
498
-628
366
656
-297
-39
471
154
-577
-152
776
-222
-419
502
160
-712
90
354
-449
-140
187
199
-279
102
586
-608
-228
295
-212
-116
394
547
-319
-437
538
-76
-568
415
357
-269
-189
398
-1
-650
122
489
-448
-247
450
-37
-308
202
229
-223
-280
356
308
-236
73
337
-30
-178
168
114
-19
17
184
-32
-168
116
-105
106
38
89
71
-160
205
-130
-128
132
219
171
-74
61
72
-107
85
263
199
-99
-152
341
2
-99
235
77
212
-72
42
377
31
-350
-64
223
-123
-2
214
-48
-211
12
395
118
-227
246
-194
-180
270
14
117
-184
-99
66
-222
-47
-3
47
-149
-44
46
-286
-299
-293
-81
175
-87
-301
1
-241
-561
-194
402
77
-463
111
78
-628
-205
412
246
-322
-177
347
-288
-249
315
146
-113
-136
161
-134
-229
322
-44
-78
325
64
-334
-163
288
-5
-337
376
289
-429
-187
-30
108
-242
-132
523
-188
-297
207
-86
-68
-87
-96
201
-54
142
182
-185
115
-117
-109
197
146
231
14
-99
94
-48
-99
249
232
22
1
11
-46
-44
132
196
171
31
-84
41
-2
89
81
47
-12
-287
-91
158
-88
-52
176
54
-270
-88
133
82
-69
-23
372
-81
-315
278
189
-134
-20
290
282
-210
-65
320
5
-189
185
273
30
-106
148
264
-140
-83
266
272
-94
-191
161
-22
-155
145
140
91
-63
-114
129
5
-187
173
150
-132
-2
-33
0
-106
-213
140
116
-71
45
43
12
-161
-138
132
91
-117
-52
122
-120
-270
34
25
-19
-78
-86
60
-175
-160
72
8
-165
-189
-17
-22
-148
-62
-131
-42
-81
-170
-40
-134
-48
-59
-124
141
-50
-295
-60
-104
-196
-62
46
18
-179
-272
-42
-32
-156
37
150
-236
-226
137
74
-28
-19
27
42
-231
75
299
-10
77
115
15
-82
-38
256
189
-130
92
134
-89
-91
105
153
-76
6
175
37
-9
85
91
137
13
50
169
28
-21
78
133
337
191
-87
135
8
-223
48
253
334
59
-5
202
-235
-314
84
195
166
199
156
-104
-306
-95
165
134
104
161
226
-148
-320
72
-5
-32
197
216
50
-239
-207
36
-112
-76
329
187
-155
-262
-84
-100
-225
87
221
14
-73
-98
-223
-263
-35
94
73
109
-19
-159
-153
-108
6
48
78
132
30
-21
-1
-71
-114
-44
124
102
159
157
-120
-78
-38
-55
85
211
196
-54
-80
-12
-102
-163
64
144
-146
-30
67
-184
-160
-26
15
-84
-104
70
-89
-264
-102
-138
-65
97
-10
4
-125
-126
-119
-159
121
101
-43
55
-5
-207
-263
-53
165
-45
18
297
-20
-343
-221
-31
22
32
308
222
-176
-296
-200
-8
4
233
262
4
-16
-121
-196
-89
64
208
235
161
107
-140
-274
-8
47
84
160
258
101
-217
-115
32
76
117
203
178
-11
-88
39
32
40
168
144
170
73
-98
43
50
64
149
172
102
-86
29
133
-51
-59
153
63
-54
91
53
-128
-183
8
57
-104
67
112
-134
-142
-8
-1
-77
28
171
-87
-123
119
-34
-180
64
154
62
-33
22
66
-189
-23
192
-10
-37
33
-40
-52
-131
-32
9
-43
116
0
-105
-50
-87
-83
30
108
34
-24
4
-41
-152
-60
108
163
114
-17
4
-88
-224
-82
134
112
-22
52
12
-202
-192
-29
18
-34
-1
120
3
-213
-255
-111
14
-20
56
151
-29
-168
-110
-59
-19
15
58
90
-28
-156
-41
37
-39
-54
54
71
-100
-196
-53
-24
-134
68
127
-22
-128
-143
-43
-82
-55
186
169
-37
-89
-67
-58
-52
150
280
165
35
-38
-86
-80
28
114
202
112
53
59
-34
-57
-48
46
177
127
56
68
-62
-89
28
59
100
46
53
153
-5
23
158
14
-56
57
121
38
32
141
73
-44
62
113
-29
-43
76
71
20
10
-52
-26
14
-34
3
-10
-73
20
92
39
-73
-133
-27
12
-38
14
12
-57
-80
-52
2
11
0
46
-42
-93
-48
-77
-38
40
-10
-48
3
-22
-103
-110
15
21
-50
11
14
-86
-98
17
52
-91
-39
143
24
-150
-15
91
-73
-81
95
40
-159
-77
145
-8
-104
43
36
-80
-67
61
8
-66
-3
5
-100
-109
13
37
-11
48
39
-101
-75
6
-16
-5
17
45
-18
-117
-91
-46
17
78
84
60
-31
-109
-62
52
60
35
51
34
-49
-116
-3
87
28
49
134
-1
-103
-42
-2
38
62
91
74
14
-88
-88
5
51
61
45
43
25
-50
-37
8
2
60
83
117
30
-85
-31
34
74
97
43
53
55
-44
21
106
77
30
44
78
10
-23
67
114
35
19
70
0
-61
-11
78
88
16
1
-15
-62
-60
39
46
33
26
-28
-44
-81
-55
2
0
-8
0
-62
-86
-95
-125
-52
3
19
-7
-97
-132
-126
-98
-39
-9
-4
-14
-46
-59
-77
-101
-37
27
4
21
-12
-92
-71
-35
8
25
16
-5
-36
-51
-6
5
-5
36
5
-16
-32
-32
48
67
36
47
12
-54
-51
1
52
62
66
65
-24
-109
-68
22
53
60
94
69
-50
-94
-21
0
2
72
124
60
-45
-27
-11
-34
8
124
112
14
-5
-3
-37
-58
55
105
51
6
27
-18
-74
-8
54
55
25
14
1
-43
-34
40
32
21
28
31
-33
-33
18
-14
-6
26
38
1
-56
-31
-16
-5
45
75
34
-25
-33
-17
-5
8
23
51
29
-11
14
9
12
46
44
60
37
30
17
-9
22
34
41
51
39
5
-6
27
17
-12
16
5
-26
-17
-55
-40
-29
-44
-7
-31
-43
-56
-69
-69
-70
-66
-47
-30
-54
-54
-67
-67
-60
-52
-22
-22
-26
-23
-41
-43
-38
-36
-15
-3
9
15
-24
-36
-9
-39
-20
15
24
5
-13
10
0
-41
-15
20
-17
-19
6
-10
-36
-59
-21
7
-22
-2
0
-25
-42
-6
14
-1
26
9
27
6
-20
17
31
36
38
35
33
27
14
60
74
67
83
66
63
43
40
67
76
86
95
92
56
17
29
44
56
68
69
49
18
-4
-8
-10
25
53
45
24
3
-27
-46
-36
-1
27
23
31
1
-36
-48
-28
6
32
23
23
18
-34
-55
-49
-14
-4
2
23
-3
-50
-71
-50
-37
-23
1
20
-8
-65
-71
-63
-57
-34
3
8
-11
-34
-76
-78
-61
-36
-5
4
9
-31
-62
-68
-76
-58
-20
13
10
-21
-36
-48
-51
-54
-6
35
15
13
-4
-33
-46
-26
21
52
36
31
15
-33
-27
-15
30
44
45
52
17
-31
-36
-20
-5
37
42
21
-13
-41
-47
-40
-23
20
31
10
-3
-32
-50
-52
-16
18
23
23
20
-13
-44
-19
7
28
52
59
30
-2
-2
14
3
34
71
58
42
21
5
-1
8
36
55
40
42
42
15
2
8
30
43
41
51
17
-3
7
0
11
29
28
9
1
-5
-9
-15
7
35
18
18
7
9
0
-1
34
29
27
33
26
3
4
26
36
32
36
35
11
10
14
4
1
18
21
12
-10
-6
-5
-20
-11
-5
-8
-21
-26
-34
-38
-42
-41
-27
-32
-45
-43
-44
-59
-56
-51
-44
-55
-58
-45
-48
-64
-49
-38
-43
-38
-33
-18
-32
-30
-21
-15
-18
-6
-2
-13
-6
-12
-10
-9
4
2
-1
7
0
4
-11
2
15
7
7
10
7
-2
-2
9
6
1
2
12
5
-6
-1
7
7
-4
2
-3
-6
-7
2
4
-3
7
13
4
9
9
16
22
15
25
20
21
18
19
18
25
35
33
37
36
33
28
25
31
21
24
27
27
15
4
16
2
18
12
15
11
-4
0
-11
-6
-11
-2
-8
-2
-7
-11
-10
-13
-3
-8
-4
-4
3
-3
-7
4
6
15
21
19
32
22
29
27
27
29
32
35
31
27
23
27
22
24
17
17
16
14
3
-1
-2
-10
-9
-13
-16
-20
-14
-18
-25
-20
-25
-20
-30
-27
-31
-31
-29
-27
-28
-32
-21
-27
-26
-36
-33
-26
-32
-31
-38
-38
-33
-30
-28
-25
-22
-23
-16
-16
-16
-17
-15
-9
-15
-13
-8
-3
-8
-6
-5
-2
-6
-9
-4
-6
-6
-1
3
-1
-4
1
-1
-3
-3
-4
-6
-6
-5
-5
-8
-8
-6
-7
-5
-2
3
4
8
6
6
4
8
5
12
16
16
16
20
26
24
26
31
33
31
26
33
31
32
31
35
30
25
27
20
21
20
20
16
15
11
5
1
3
0
-2
-2
0
-3
-9
-8
-11
-9
-9
-5
-4
-10
-12
-5
-9
-6
-5
-2
3
0
3
-1
1
-1
4
1
6
8
11
12
11
12
11
12
14
13
10
8
6
9
7
11
8
13
8
5
0
-5
-4
-7
-1
-9
-12
-13
-16
-18
-22
-20
-16
-17
-19
-21
-23
-21
-12
-13
-10
-10
-6
-3
-7
-1
-6
-3
2
0
3
1
4
6
2
8
9
10
7
5
5
0
1
1
5
4
3
2
1
-2
-1
-1
-5
-3
-9
-7
-7
-14
-12
-14
-17
-14
-17
-16
-18
-21
-22
-24
-25
-24
-18
-23
-15
-19
-21
-19
-18
-19
-17
-8
-14
-9
-11
-11
-10
-12
-6
-7
-5
1
1
6
6
7
10
11
15
14
11
10
12
13
12
12
11
8
10
10
8
9
10
12
9
13
9
9
10
10
13
13
13
13
10
10
17
11
15
17
16
18
17
19
19
16
19
17
13
15
17
19
20
24
25
23
23
21
22
21
20
26
23
23
21
21
22
20
24
22
22
18
17
12
8
7
4
6
1
0
-4
-8
-11
-16
-16
-18
-22
-22
-23
-24
-29
-27
-26
-28
-25
-26
-24
-28
-32
-27
-33
-30
-27
-25
-27
-27
-24
-22
-22
-19
-17
-21
-17
-18
-20
-17
-15
-17
-15
-16
-12
-14
-15
-11
-12
-14
-11
-11
-10
-6
-11
-7
-11
-7
-7
-7
-5
-3
-2
-4
0
-3
-2
-2
0
-1
-2
-3
0
1
0
2
-3
-4
1
0
-2
4
1
4
3
6
8
6
12
13
14
13
18
17
21
20
23
22
25
27
25
29
25
25
23
23
22
20
19
18
17
15
16
13
12
11
8
9
5
5
4
2
1
0
-2
-1
-1
0
-4
-3
-1
-4
-4
-6
-2
-3
-2
-1
0
-2
0
2
0
4
3
8
6
5
8
5
10
12
13
12
11
11
10
10
9
10
10
10
7
6
3
1
1
2
1
-2
-2
-2
-3
-6
-7
-8
-10
-9
-10
-9
-12
-15
-13
-13
-15
-14
-11
-11
-12
-10
-9
-11
-9
-10
-10
-12
-11
-9
-10
-14
-14
-11
-15
-13
-17
-18
-20
-19
-21
-20
-23
-21
-21
-19
-17
-16
-14
-15
-13
-17
-17
-18
-16
-17
-15
-17
-11
-12
-10
-8
-10
-7
-11
-9
-8
-7
-10
-7
-3
-2
-3
3
3
4
7
8
13
10
13
15
15
16
21
22
26
26
27
29
28
28
28
27
24
26
26
26
24
26
24
26
26
23
20
22
20
18
18
16
14
11
12
10
8
8
7
7
5
4
2
0
-1
-1
-3
-4
-3
-2
-3
-1
-1
-3
-2
-4
-2
-7
-5
-8
-8
-5
-7
-5
-6
-4
-3
-2
-2
-1
-3
-3
-3
-5
-5
-3
-2
-2
0
-1
0
0
1
0
0
-4
-2
-3
-3
-5
-3
-3
-5
-3
-7
-7
-9
-10
-11
-13
-13
-12
-14
-15
-13
-13
-10
-11
-9
-8
-10
-12
-9
-10
-8
-7
-6
-5
-5
-5
-4
-4
-3
-2
-5
-5
-4
-6
-6
-4
-7
-5
-3
-3
-1
-3
-1
-3
-5
-5
-7
-5
-5
-7
-4
-4
-4
-3
-2
-2
0
0
0
3
1
0
2
2
4
4
6
6
7
7
9
9
9
9
8
12
11
11
13
14
12
14
14
15
14
12
11
10
12
10
11
10
9
6
6
5
5
4
4
3
3
4
1
3
2
2
3
-1
0
-2
-3
-3
-2
-3
-5
-1
-4
-3
-5
-5
-6
-6
-5
-4
-4
-4
-4
-5
-3
-3
-3
-3
-3
-1
1
1
2
0
2
2
4
4
3
6
7
8
6
8
8
8
7
7
6
6
6
5
4
5
2
2
0
-1
-2
-3
-4
-6
-4
-4
-4
-1
0
-1
-1
-2
-2
-2
-4
0
-2
0
1
1
3
2
0
0
-1
0
-2
-4
-4
-4
-5
-7
-7
-8
-6
-7
-6
-4
-5
-6
-7
-7
-9
-12
-12
-11
-11
-9
-9
-9
-9
-12
-11
-13
-13
-12
-16
-14
-15
-14
-14
-12
-12
-11
-11
-11
-7
-10
-6
-5
-2
-2
0
-1
0
3
4
4
2
6
7
6
5
5
6
6
8
6
8
8
8
11
9
11
11
11
11
11
10
12
14
11
14
12
13
14
14
12
11
12
12
13
11
12
13
10
9
10
8
9
7
3
1
-1
-2
-2
-6
-6
-7
-7
-5
-3
-4
-3
-2
-1
-3
-1
-2
-1
-1
0
3
4
5
5
6
3
4
4
6
6
7
10
7
7
6
5
5
5
3
2
3
3
2
1
-1
-1
-1
-1
-3
-2
-4
-3
-2
-2
-2
-4
-2
-4
-5
-4
-3
-3
-4
-3
-4
-4
-4
-5
-4
-3
-3
-3
-5
-3
-4
-4
-3
-4
-3
-3
-5
-4
-6
-6
-6
-6
-8
-7
-7
-7
-8
-7
-9
-9
-11
-14
-14
-16
-14
-16
-17
-15
-18
-18
-17
-18
-16
-18
-16
-16
-18
-15
-14
-15
-14
-13
-12
-13
-10
-8
-7
-3
0
-1
0
3
1
3
3
5
6
9
10
10
12
12
14
14
13
14
15
15
17
17
18
16
17
18
16
15
15
17
15
15
15
17
16
17
16
15
14
13
14
12
11
11
10
11
8
7
8
6
6
6
6
7
7
8
7
6
6
8
6
7
10
9
8
10
9
8
8
8
7
8
8
7
4
5
4
-1
0
-1
-3
-4
-3
-3
-7
-6
-6
-7
-9
-10
-9
-11
-10
-9
-11
-10
-9
-8
-11
-10
-11
-9
-12
-12
-11
-11
-11
-12
-11
-11
-13
-12
-13
-14
-14
-14
-15
-15
-14
-10
-10
-10
-7
-8
-6
-8
-8
-10
-9
-8
-10
-8
-9
-9
-10
-11
-9
-11
-11
-12
-13
-13
-12
-15
-14
-13
-12
-11
-11
-11
-11
-12
-10
-8
-7
-6
-5
-4
-5
-1
1
2
4
6
7
8
10
11
11
11
13
14
13
16
15
15
16
16
17
18
17
19
18
18
19
19
20
20
18
20
19
18
18
18
19
16
16
18
15
12
12
11
11
11
11
10
11
9
10
8
8
6
5
6
4
3
4
5
2
3
2
2
3
1
0
-2
-3
-1
-4
-2
-3
-4
-4
-4
-5
-8
-7
-7
-9
-8
-7
-9
-9
-6
-5
-7
-7
-5
-6
-7
-7
-9
-7
-8
-10
-10
-9
-8
-8
-8
-9
-8
-8
-6
-7
-8
-8
-8
-8
-7
-7
-6
-4
-5
-6
-6
-5
-6
-8
-7
-7
-5
-6
-6
-6
-5
-6
-7
-8
-7
-7
-6
-6
-9
-6
-5
-5
-3
-3
-4
-5
-3
-2
-4
-3
-1
-1
-3
-1
-2
1
-3
-2
-3
-4
-6
-4
-3
-6
-4
-4
-3
-3
-5
-5
-6
-5
-4
-6
-6
-6
-5
-3
-3
0
-1
1
1
2
2
3
4
5
9
7
10
11
11
10
10
10
12
12
12
14
16
18
17
17
18
19
18
19
19
18
19
18
17
18
18
18
18
18
15
13
12
13
12
10
10
10
10
8
8
7
6
5
5
4
3
3
2
2
0
-2
-2
-4
-3
-4
-5
-1
-2
-2
-2
-4
-4
-4
-6
-8
-7
-11
-10
-9
-10
-10
-9
-9
-9
-11
-11
-13
-12
-11
-12
-12
-14
-13
-11
-13
-12
-11
-11
-11
-12
-11
-13
-16
-15
-13
-14
-14
-13
-12
-10
-13
-11
-11
-11
-9
-8
-9
-7
-4
-4
-1
-1
0
1
0
1
2
1
0
1
3
4
3
5
7
5
4
5
3
2
0
0
0
-1
-2
-1
0
-1
-2
-1
-2
-3
-7
-8
-7
-6
-5
-5
-5
-5
-4
-1
-1
-2
-1
0
-1
-3
-3
0
0
2
3
5
6
9
8
10
11
11
12
12
14
12
12
12
13
11
13
12
13
12
13
13
13
14
15
14
15
11
12
11
10
9
9
11
10
11
10
12
11
12
13
11
11
10
8
7
8
7
6
6
6
5
6
4
5
4
5
4
4
4
2
2
0
1
-1
-2
-1
-3
-4
-6
-6
-7
-9
-9
-9
-11
-12
-11
-12
-15
-13
-14
-16
-14
-15
-16
-17
-16
-17
-19
-19
-20
-20
-19
-18
-21
-19
-18
-19
-20
-19
-19
-18
-17
-15
-15
-13
-12
-11
-9
-8
-7
-8
-4
-2
-1
2
5
5
6
7
9
8
9
10
7
6
5
3
2
3
2
3
2
4
5
3
4
1
-1
-2
-3
-4
-4
-2
-2
0
1
0
1
-2
0
-2
-3
-1
0
3
4
5
6
9
10
12
13
13
13
11
11
9
10
12
12
15
14
14
16
15
14
12
10
12
11
10
10
10
10
9
8
9
6
6
6
4
4
1
3
1
3
4
2
2
2
3
4
3
3
6
4
7
7
6
6
9
9
8
9
8
9
10
10
9
10
10
9
8
8
9
8
6
5
2
2
0
-2
-5
-8
-8
-9
-11
-13
-13
-16
-16
-18
-18
-21
-22
-22
-22
-23
-24
-26
-27
-26
-28
-26
-26
-25
-24
-25
-24
-25
-25
-24
-24
-22
-20
-19
-18
-16
-14
-16
-13
-11
-11
-9
-9
-7
-4
-2
1
3
6
8
9
9
10
9
8
10
8
8
7
9
11
11
13
13
12
12
9
8
8
6
6
6
7
9
10
10
11
11
11
10
9
9
9
10
11
14
13
16
16
17
15
13
12
12
10
12
12
10
12
11
13
11
11
10
10
10
9
9
8
8
8
7
7
7
5
5
5
5
1
1
0
-2
-1
-1
-1
-1
-2
-3
-3
-5
-4
-4
-5
-4
-5
-3
-4
-2
-2
-2
-2
-1
0
-2
-1
-1
-1
-3
-4
-4
-3
-3
-6
-6
-6
-9
-8
-8
-10
-10
-10
-9
-8
-11
-10
-9
-12
-13
-11
-11
-10
-10
-11
-12
-12
-12
-10
-13
-11
-11
-11
-11
-14
-13
-13
-12
-12
-11
-11
-10
-8
-8
-7
-6
-4
-5
-4
-4
-1
-1
-1
2
0
0
0
4
7
6
10
9
9
9
10
9
10
9
9
11
10
11
11
13
10
8
8
7
5
3
3
3
1
2
2
3
2
1
1
2
0
1
2
1
2
3
4
6
7
10
11
10
10
10
8
8
10
7
7
8
8
9
8
7
8
6
6
6
3
3
2
1
2
1
0
0
-1
0
0
-1
-3
-2
-3
-5
-3
-5
-4
-3
-3
-4
-4
-5
-3
-3
-5
-4
-6
-5
-3
-2
1
0
0
1
3
3
5
8
6
7
6
5
3
3
3
3
4
3
3
3
1
-1
-1
-2
-3
-4
-4
-6
-8
-7
-8
-8
-8
-8
-10
-8
-10
-10
-8
-9
-11
-10
-10
-12
-10
-10
-9
-9
-9
-9
-10
-11
-11
-10
-9
-6
-7
-5
-5
-4
-3
-4
-5
-4
-2
-4
-4
-4
-3
-3
-3
-1
-2
-2
-2
-2
-1
1
1
1
2
3
3
4
6
7
5
6
6
6
5
5
8
8
7
10
10
9
10
10
9
9
10
10
10
9
11
10
9
9
11
9
8
7
8
9
7
7
8
6
6
5
6
5
2
1
1
1
1
1
1
2
1
2
3
3
3
2
4
4
2
2
4
2
4
4
2
3
2
0
0
-1
-3
-3
-4
-5
-4
-7
-5
-5
-5
-5
-4
-4
-3
-5
-5
-4
-5
-4
-3
-4
-3
0
-2
-3
-4
-7
-7
-8
-9
-8
-9
-8
-8
-7
-9
-8
-10
-9
-8
-9
-8
-9
-9
-6
-4
-6
-6
-5
-3
-2
-3
-2
-2
0
0
2
1
3
3
2
4
2
0
3
2
1
-1
0
1
2
-1
-3
0
-2
-2
-2
-4
-1
-3
-2
-3
-4
-2
-3
-3
-2
-3
-2
-1
1
1
-1
1
-1
-1
0
-3
0
-2
-2
-1
-1
1
1
3
3
3
4
4
6
6
6
9
9
10
11
11
13
13
13
12
11
10
9
9
8
8
10
9
9
7
7
7
5
5
4
4
4
5
5
2
4
5
5
2
-1
1
1
1
2
3
3
2
4
5
4
6
6
4
3
3
2
3
2
1
0
-1
0
-3
-2
-3
-5
-4
-6
-6
-8
-10
-10
-11
-10
-12
-10
-13
-13
-14
-15
-14
-14
-15
-14
-13
-13
-12
-12
-12
-11
-10
-11
-10
-10
-9
-7
-7
-6
-4
-8
-8
-4
-7
-7
-6
-4
-4
-3
-4
-2
-1
-1
3
2
3
5
5
5
7
7
7
9
9
8
8
9
10
9
8
7
6
4
4
4
4
4
1
2
2
0
2
2
2
2
0
1
2
-1
-1
-2
-4
-3
-3
-4
-2
0
0
1
1
1
-1
1
-1
-1
0
-1
1
2
2
4
3
4
6
5
6
7
5
6
3
4
5
7
9
9
10
7
8
6
7
6
6
8
5
6
6
6
4
3
3
3
2
4
5
4
7
6
7
7
8
8
7
8
6
4
4
4
3
4
3
5
4
2
0
0
0
-3
-2
-3
-3
-3
-3
-5
-5
-5
-7
-7
-10
-11
-13
-13
-12
-13
-15
-14
-13
-14
-15
-16
-17
-17
-18
-21
-20
-21
-22
-21
-20
-18
-16
-15
-11
-13
-13
-12
-13
-12
-9
-8
-7
-5
-5
-4
-2
-1
-1
-1
-2
0
0
1
2
0
2
4
6
8
8
9
10
12
10
12
12
12
11
11
10
12
12
15
16
14
18
17
16
16
13
12
13
9
11
10
11
11
11
11
7
8
6
4
3
1
3
2
0
2
2
3
3
4
5
3
3
2
3
2
1
1
1
1
2
1
3
1
2
0
1
-1
-5
-3
-3
-2
-1
0
0
2
0
-1
-1
-2
-2
-3
-3
-1
-1
-1
2
1
-1
1
1
4
4
2
3
2
0
2
1
-1
-2
-2
0
-2
-3
-3
-5
-7
-6
-8
-9
-9
-8
-8
-8
-9
-10
-9
-10
-12
-14
-15
-13
-11
-9
-8
-10
-11
-9
-9
-9
-10
-7
-8
-7
-6
-6
-7
-5
-4
-5
-3
-5
-4
-4
-4
-5
-4
-3
-3
1
-1
0
0
-3
-2
-4
-2
-3
-3
-2
-3
-2
0
-1
-2
0
1
-1
3
4
5
7
5
4
6
6
8
9
8
12
13
14
15
15
15
14
14
13
12
13
12
13
14
13
15
13
14
12
12
11
9
8
7
6
5
7
6
5
4
5
5
4
3
3
1
-2
-1
0
-2
-1
-1
-1
-1
-2
-1
0
-3
-3
-2
-2
-3
-2
-1
-2
-3
-3
-3
-3
-3
-4
-6
-3
-4
-6
-4
-5
-3
-4
-4
-2
-3
-3
-2
-3
-2
-5
-4
-3
-2
-2
-3
-2
-3
-3
-4
-4
-6
-7
-6
-6
-6
-5
-5
-6
-4
-7
-7
-8
-9
-9
-9
-9
-7
-8
-8
-8
-8
-8
-6
-7
-6
-7
-5
-6
-7
-8
-8
-7
-6
-5
-5
-3
-3
-2
-3
-2
-4
-3
0
-1
1
2
3
5
5
4
7
4
6
7
7
7
8
8
8
9
7
7
6
6
5
4
4
4
3
2
2
2
2
3
3
3
6
4
3
3
2
1
3
3
2
4
5
6
6
7
7
5
7
8
6
4
5
3
2
3
3
6
7
8
10
9
9
7
7
4
3
1
2
2
4
4
3
4
3
2
-1
0
-1
-1
-2
-1
-2
-4
-1
-3
-3
-4
-4
-3
-1
-2
-2
-2
-2
-2
-3
-2
-2
-2
-1
-2
-2
-1
-1
-1
0
-2
-3
-2
-3
-1
-4
-4
-1
-2
-4
-1
-3
-3
-3
-3
-3
-2
-1
-1
-2
-1
-3
-6
-5
-5
