19
12
-7
-12
-25
-47
-41
-19
-12
-10
7
9
0
1
24
46
39
19
22
20
10
13
20
15
11
25
35
37
37
47
50
35
18
9
10
2
-1
12
25
14
4
24
33
16
10
21
23
14
5
16
24
9
9
22
15
-5
-3
4
-7
-26
-17
8
7
1
12
16
-1
-14
1
11
-16
-32
-15
-9
-26
-32
-19
-7
-21
-26
-13
-17
-32
-25
-13
-26
-43
-39
-37
-44
-45
-18
-2
-7
2
30
39
15
11
14
6
-9
-18
-2
2
-1
5
6
-3
-16
-5
3
-3
-4
7
5
-26
-45
-37
-24
-20
-7
18
17
-1
-8
-8
-19
-33
-29
-13
-6
-11
2
14
11
4
9
-2
-18
-20
-23
-15
-14
-1
20
28
23
26
36
35
33
32
29
21
6
10
14
13
15
15
24
29
35
42
44
43
29
23
10
-7
-7
3
11
9
13
15
10
8
5
8
10
3
3
-7
-21
-22
-15
-9
-18
-27
-10
7
7
-4
-7
-17
-37
-40
-31
-36
-40
-19
-2
4
-5
-15
-22
-34
-37
-34
-29
-29
-25
-18
-13
-8
4
20
25
22
14
7
11
19
22
30
32
20
13
13
26
34
44
52
46
40
36
28
19
11
18
13
-7
-19
-21
-15
-21
-23
-22
-25
-34
-40
-46
-58
-59
-51
-45
-43
-43
-37
-39
-37
-32
-39
-46
-27
-8
-6
-3
1
15
12
21
34
32
36
52
56
48
51
56
48
50
50
52
46
37
31
28
29
31
41
41
31
18
11
8
-1
-10
-7
-17
-29
-31
-27
-9
-2
-5
-2
-8
-24
-37
-28
-30
-43
-50
-61
-67
-65
-49
-26
-19
-24
-32
-34
-41
-44
-38
-31
-17
-3
8
3
-8
-14
-2
10
12
5
-2
-6
-12
-2
5
13
19
21
37
47
41
42
52
50
41
41
44
46
51
59
54
38
27
18
9
-1
-10
-17
-17
-8
-9
-7
-2
-7
-4
-6
-14
-25
-25
-13
-8
-11
-3
14
22
20
20
20
-4
-19
-18
-19
-38
-54
-50
-39
-36
-32
-15
-11
-18
-15
0
8
-1
5
20
24
27
33
24
17
15
12
10
13
23
34
38
34
23
13
11
17
17
19
22
16
15
8
11
21
23
29
14
-15
-29
-32
-37
-35
-24
-19
-27
-37
-41
-42
-43
-37
-34
-34
-36
-37
-38
-41
-32
-23
-34
-43
-63
-71
-63
-67
-72
-71
-47
-37
-34
-15
-3
8
13
20
30
23
30
45
56
56
59
61
44
49
65
84
88
89
93
82
72
67
63
47
28
12
4
0
2
15
29
42
44
40
28
9
-2
-7
-18
-30
-28
-30
-42
-49
-44
-39
-35
-34
-35
-43
-45
-41
-26
-15
-10
-12
-18
-27
-32
-36
-33
-22
-11
-7
3
14
4
2
5
10
-1
-17
-27
-37
-57
-58
-39
-30
-19
-3
12
18
17
17
30
19
8
21
29
31
40
42
32
24
31
32
29
22
25
19
10
11
20
24
27
33
28
29
35
35
26
16
14
11
3
-5
-6
-14
-33
-32
-21
-20
-30
-29
-26
-23
-20
-22
-32
-41
-39
-39
-47
-48
-31
-19
-25
-40
-33
-27
-31
-29
-10
-3
-10
-7
9
3
-18
-15
-4
-10
-11
15
35
28
22
37
39
34
39
55
54
32
28
30
16
3
6
14
-6
-22
-9
-6
-20
-9
10
3
-12
1
20
4
-9
2
8
-4
-15
4
13
8
22
39
37
34
44
35
17
9
6
-10
-26
-25
-27
-37
-44
-37
-39
-30
-13
-7
-12
-13
-10
-23
-35
-37
-35
-44
-45
-17
-2
-1
4
20
39
41
38
35
12
-11
-8
1
-1
1
19
19
8
17
36
34
23
33
40
12
-11
-2
-1
-17
-18
-2
-12
-26
-9
13
2
-19
-14
1
-19
-22
13
15
-19
-17
11
6
-19
-5
25
13
-5
18
29
7
-3
25
29
-4
-10
7
6
-14
-11
4
-10
-22
-11
-3
-11
-6
19
29
33
33
29
27
20
19
23
22
13
4
-11
-23
-21
-8
-1
0
-8
-17
-27
-33
-27
-28
-29
-38
-51
-57
-37
-20
-19
-4
20
13
-16
-17
-5
-9
-19
-5
11
-10
-30
-20
-13
-31
-25
6
13
-2
-4
20
13
-7
8
22
-2
-25
-5
5
-20
-13
14
13
-4
15
44
35
26
41
56
47
44
54
45
18
5
10
13
1
3
19
20
12
13
20
6
-11
-12
-17
-26
-31
-31
-28
-25
-19
-10
-6
0
9
10
6
12
19
15
10
3
-1
-8
0
6
-2
-8
-13
-26
-29
-14
-2
-3
-2
21
25
11
11
25
10
-15
-5
12
2
-12
1
11
0
-10
1
-8
-37
-33
-13
-22
-49
-35
-13
-26
-31
-16
-6
-22
-20
16
16
-6
-6
10
8
4
25
37
31
33
52
46
22
18
28
18
8
22
24
7
5
19
17
10
20
25
15
-8
-6
-8
-21
-19
-14
-15
-35
-29
-23
-36
-39
-26
-16
-22
-22
-13
-18
-32
-24
-11
-22
-30
-10
1
-13
-15
-1
-2
-16
4
33
31
24
41
44
1
-20
-2
-6
-38
-32
3
1
-19
10
47
32
23
38
17
-27
-30
-5
-11
-16
7
19
-11
-31
-7
5
-15
4
44
32
3
23
42
11
-2
22
18
-10
-9
16
6
-23
-11
-8
-30
-44
-21
0
-14
-16
8
12
-13
-18
0
3
-4
9
14
-8
-13
5
14
-1
-3
16
21
18
37
45
32
25
27
26
11
17
37
33
24
25
35
31
31
45
33
3
-10
5
-8
-34
-21
-12
-34
-35
-3
-7
-35
-32
-12
-26
-44
-26
-8
-23
-28
-7
-14
-36
-28
-6
-21
-35
-11
3
-13
-13
4
-2
-22
-16
2
2
-13
-9
1
-13
-21
-3
11
1
4
14
7
-8
-5
8
2
-20
-22
-14
-19
-26
-18
-13
-5
11
24
26
25
39
47
33
16
19
25
18
28
32
21
20
27
25
4
-3
4
-5
-20
-13
-10
-26
-24
-13
-12
-12
9
28
11
-6
10
2
-31
-27
-3
-12
-30
-8
16
-10
-37
-29
-34
-55
-50
-25
-26
-43
-31
-17
-32
-38
7
36
20
25
45
36
17
28
40
23
10
24
31
24
30
55
50
32
35
33
6
-7
7
17
16
25
38
21
2
3
2
-9
4
23
19
6
12
28
20
17
32
31
17
20
25
1
-31
-31
-23
-25
-12
11
7
-12
-16
-4
-23
-54
-46
-42
-46
-42
-32
-30
-35
-8
11
8
-8
-7
-2
-15
-12
-16
-43
-63
-49
-35
-29
-7
15
24
19
25
37
12
-6
10
7
-20
-20
-3
-6
-16
0
10
-8
-15
7
11
-16
-15
9
4
-23
-8
15
-5
-18
2
9
-26
-45
-15
-1
-21
-13
16
0
-23
3
34
26
17
45
41
9
3
25
21
11
36
50
21
-2
23
41
13
7
28
9
-19
-18
-2
-13
-19
9
18
6
8
29
16
-18
-10
1
-26
-38
-10
-5
-41
-31
9
0
-14
3
22
-5
-10
22
5
-21
-9
17
-9
-35
-4
19
2
13
64
54
13
37
84
58
30
75
77
23
10
39
5
-55
-30
17
-18
-51
-4
11
-37
-40
12
-13
-67
-34
5
-38
-61
-4
2
-61
-52
4
-17
-52
-15
6
-28
-32
19
13
-24
19
56
7
-33
-5
-8
-53
-31
24
10
-24
12
41
-17
-36
18
12
-40
-16
34
4
-25
10
15
-27
-29
9
-2
-45
-18
24
-2
-20
9
14
-16
-1
39
27
19
53
73
42
22
35
28
4
11
29
16
-8
-4
6
-12
-17
4
-2
-26
-34
-30
-24
-23
-10
3
-8
-16
-17
-18
-6
-3
-4
-1
-4
-10
-12
-13
-14
-7
1
3
5
5
15
16
12
21
31
17
5
15
7
-18
-21
5
-1
-24
-5
29
20
0
16
11
-28
-22
16
-3
-29
9
55
32
23
62
43
-5
9
44
15
-27
5
20
-25
-13
28
9
-29
-5
32
-5
-35
1
0
-54
-53
-14
-38
-66
-20
14
-5
-10
24
13
-30
-11
32
18
6
54
53
5
15
58
30
-22
5
25
-25
-39
5
-2
-46
-14
33
-7
-28
17
21
-42
-45
7
-16
-51
-6
23
-27
-32
26
30
-5
25
66
27
-18
7
15
-51
-62
-18
-25
-51
-1
39
-17
-41
-9
-16
-69
-59
-9
-34
-52
-6
12
-21
-7
43
46
18
22
27
2
-5
20
42
41
50
69
41
16
20
16
6
8
16
10
3
12
3
-21
-25
-14
-33
-42
-24
-24
-32
-22
-2
-21
-39
-11
-1
-24
-27
-9
-15
-20
-1
9
-3
3
41
47
24
37
51
23
-9
4
4
-17
4
42
40
30
54
57
12
-10
8
-5
-39
-14
17
-3
-8
27
32
-1
10
43
30
-7
-10
-7
-40
-47
-13
-17
-45
-15
16
-7
-30
-3
15
-5
-3
30
30
3
31
54
23
15
46
41
4
7
12
-24
-54
-32
-21
-49
-39
-13
-27
-54
-35
-17
-53
-54
-15
-24
-56
-42
1
-5
-17
10
32
0
-9
19
11
-23
-5
27
10
1
22
35
10
12
30
14
0
20
27
6
5
23
12
-4
21
42
30
28
44
29
-5
0
8
-19
-42
-29
-34
-48
-35
-12
-22
-35
-12
-5
-24
-25
-9
-22
-43
-31
-21
-30
-22
-7
-17
-35
-10
28
33
43
69
54
11
4
17
4
1
30
33
4
14
36
17
-3
16
29
1
11
43
34
9
12
9
-29
-36
-10
-16
-43
-21
18
-7
-27
5
21
-15
-16
23
4
-33
-3
28
-11
-32
19
32
-5
-3
36
15
-20
11
22
-21
-32
11
5
-45
-23
22
3
-14
34
43
-8
-9
38
29
-15
7
34
2
-24
11
22
-13
-4
31
13
-18
2
15
-12
-21
1
-6
-19
16
38
18
0
13
4
-18
-8
-16
-35
-31
-3
4
-13
-2
8
-14
-26
-10
-19
-45
-31
-7
-17
-24
2
13
-20
-25
-3
-14
-42
-14
16
-15
-34
1
7
-31
-18
28
24
-2
35
51
2
-9
23
11
-29
-2
36
4
-15
30
37
-2
15
47
11
-31
-15
-2
-41
-40
9
8
-18
10
36
-5
-29
9
10
-30
-11
29
11
-24
-8
5
-24
-17
31
20
-27
-1
37
17
-1
37
45
-2
-5
29
12
-28
-6
16
-15
-7
39
30
-11
11
51
30
3
18
25
-17
-30
-6
-15
-46
-30
-3
-22
-37
-9
0
-12
15
45
27
8
35
41
-1
-5
28
19
-12
-1
14
-16
-30
6
22
-4
-4
20
-3
-37
-28
-13
-34
-31
2
4
-6
0
12
-10
-23
-3
8
3
12
30
13
-4
-1
7
-7
-15
4
10
-5
2
13
5
-4
2
6
-6
-4
0
-8
-22
-28
-23
-21
-22
-25
-27
-27
-13
10
10
1
-4
-1
-1
-7
-9
-1
2
2
6
7
-5
-10
4
19
18
6
5
14
16
13
12
-5
-35
-33
-21
-26
-36
-37
-23
-25
-18
10
16
10
6
10
8
3
9
7
-1
14
40
45
31
40
48
24
14
37
36
8
-2
13
10
-4
2
11
-1
-15
3
10
-18
-26
-2
-2
-22
-8
17
8
3
30
31
-10
-18
4
-10
-40
-18
-9
-54
-60
-12
2
-32
-11
33
3
-31
8
22
-31
-33
27
27
-10
16
49
10
-25
26
52
7
16
61
38
-6
25
43
-7
-24
20
19
-29
-9
38
16
-11
20
18
-41
-56
-4
3
-34
-3
24
-1
-2
29
19
-21
-14
5
-17
-31
-16
-30
-70
-58
-23
-32
-36
10
22
-13
-8
9
-15
-30
12
32
-6
-5
25
-12
-52
-21
-2
-34
-36
15
21
-14
16
48
18
3
54
56
-2
4
42
7
-26
28
59
7
-2
43
10
-47
-14
19
-37
-52
9
11
-35
7
60
9
-27
29
37
-56
-57
7
-17
-58
-10
21
-42
-55
11
9
-62
-25
35
-10
-43
19
35
-35
-31
30
6
-37
11
45
-4
-14
37
21
-24
9
53
12
-1
49
37
-8
15
50
13
1
58
71
17
12
49
25
-2
37
60
16
9
74
67
8
29
56
-2
-25
25
25
-27
-20
9
-34
-68
-21
-20
-81
-78
-35
-71
-116
-71
-42
-96
-95
-17
-17
-65
-19
33
-25
-49
20
19
-41
-20
40
13
-22
42
72
3
-5
66
51
-13
16
56
3
-33
23
30
-30
-15
31
9
-19
25
43
-7
-13
26
12
-30
-4
25
-11
-20
34
37
-13
7
50
10
-20
31
45
-5
-2
23
-10
-48
3
38
-18
-27
28
30
-6
25
50
-17
-52
4
6
-54
-43
0
-35
-71
-17
5
-64
-76
-11
-17
-54
-1
42
-6
-23
39
34
-24
0
50
23
-7
28
44
5
7
79
78
16
33
63
0
-47
-9
-1
-53
-36
34
14
-31
2
32
-15
-36
9
6
-41
-32
-1
-38
-73
-28
-21
-63
-45
-2
-12
-31
3
27
-12
-14
36
30
-13
2
33
10
-10
31
54
10
10
43
26
-9
13
43
20
18
52
36
-11
5
35
9
0
53
59
6
11
43
12
-18
27
43
-12
-12
28
-1
-43
-9
23
-31
-52
3
4
-47
-33
12
-14
-42
5
21
-36
-31
29
18
-31
-6
13
-52
-66
-5
-4
-54
-35
9
-34
-77
-32
-5
-44
-30
39
10
-51
-13
34
-6
-36
15
23
-28
-12
29
-10
-42
1
23
-22
-21
15
-6
-25
17
44
15
21
66
56
20
33
54
21
9
47
41
5
21
61
26
-16
18
25
-15
-17
22
9
-24
-1
8
-42
-65
-25
-24
-59
-33
0
-38
-67
-25
-4
-43
-36
-2
-27
-61
-32
-2
-35
-41
7
13
-20
-2
38
24
10
43
52
3
1
34
24
6
28
49
29
31
67
68
45
60
80
46
24
49
52
31
38
55
22
-4
24
36
6
10
19
-10
-27
-3
2
-33
-33
8
3
-48
-48
-29
-54
-67
-32
-12
-36
-34
2
-8
-45
-51
-40
-55
-77
-52
-33
-40
-28
4
7
-6
18
36
23
7
7
2
-19
-19
-6
-15
-30
-28
-21
-23
-15
1
11
9
7
5
-2
4
16
25
19
21
31
38
31
30
34
17
-2
-16
-24
-24
-11
-13
-27
-36
-46
-51
-56
-51
-36
-33
-19
0
5
13
40
56
42
33
35
51
52
42
46
28
14
25
33
20
23
54
51
24
21
18
-1
-15
-14
-24
-43
-41
-31
-23
-17
-1
12
2
-7
-1
-3
-13
-8
13
11
-4
-6
-9
-11
-8
11
18
18
12
2
-12
-19
-12
-6
-10
-21
-20
-9
1
13
24
27
22
24
25
26
15
2
7
15
17
11
5
-8
-22
-12
12
11
-3
-6
-6
-2
11
29
29
23
22
4
-27
-39
-32
-47
-57
-31
-15
-34
-30
-7
2
-6
-3
8
-11
-32
-24
-22
-49
-42
-4
-12
-29
-12
-5
-30
-21
21
26
-7
-12
19
1
-24
12
29
-1
11
51
33
-9
9
43
32
28
61
64
19
13
27
-4
-49
-41
-23
-38
-34
2
17
-6
1
19
-9
-46
-33
-12
-33
-36
-2
4
-21
-5
24
8
-10
12
39
11
-18
0
20
11
14
62
78
54
54
70
51
14
16
30
-1
-36
-29
-12
-32
-46
-25
-7
-26
-25
9
-6
-45
-37
-14
-34
-56
-30
2
-14
-17
19
31
13
28
53
30
-4
1
16
-11
-27
-3
7
-13
-19
-5
-22
-45
-31
2
7
-3
19
43
28
29
62
59
29
25
31
3
-14
2
23
17
12
31
35
8
-7
9
2
-28
-22
0
-29
-58
-23
-4
-35
-38
6
12
-32
-19
20
-12
-52
-21
3
-48
-63
-4
13
-24
-9
36
0
-53
-20
14
-18
-21
28
32
0
11
31
-10
-49
-20
-4
-25
-25
4
0
-28
-11
7
-17
-34
0
22
2
2
27
24
6
26
47
40
42
64
73
61
58
59
59
56
56
45
21
-4
-13
-24
-42
-51
-44
-41
-48
-33
-8
-4
-9
-9
-12
-20
-24
-23
-17
-34
-51
-35
-21
-30
-35
-10
0
-27
-22
-3
-21
-31
0
22
-5
-7
21
14
-26
-28
1
-14
-30
2
36
15
9
44
38
-2
6
39
28
7
20
39
16
9
36
30
-2
10
36
5
-28
-11
10
-8
-7
28
29
1
8
29
9
-10
20
40
12
13
30
24
3
9
26
0
-29
-18
-3
-19
-17
-2
-12
-37
-25
10
12
-1
15
20
-9
-17
-14
-23
-43
-42
-34
-51
-60
-38
-7
-7
-11
8
17
19
37
48
36
24
18
11
-8
-6
3
-2
2
16
20
5
-10
-8
-9
-15
-7
9
2
-11
-17
-9
-8
-13
1
-2
-12
-15
-5
-1
-24
-29
-12
-6
-24
-28
-11
-19
-40
-30
-17
-28
-35
-20
-14
-27
-21
-4
-2
-15
-3
25
26
18
28
33
13
5
12
25
28
41
62
53
24
23
34
21
6
10
11
-3
-13
-18
-15
0
22
30
12
-5
0
4
9
18
25
28
26
13
7
-1
-1
2
-7
-26
-31
-22
-10
4
13
17
5
4
6
-8
-26
-30
-26
-34
-29
-16
2
17
8
8
5
-5
-9
-10
-16
-13
9
22
20
16
22
36
28
22
31
34
26
27
37
23
1
12
32
16
-7
2
9
-21
-41
-27
-25
-40
-38
-41
-64
-80
-56
-33
-53
-68
-48
-49
-63
-43
-16
-10
-7
25
37
17
13
29
29
25
39
43
30
25
45
55
45
50
56
31
7
19
26
11
8
9
1
-12
-14
-4
-16
-24
-5
-5
-33
-45
-38
-46
-54
-40
-25
-24
-26
-15
1
-3
-20
-23
-26
-38
-40
-28
-22
-15
8
17
16
21
29
35
31
23
11
3
-7
3
29
39
26
15
24
17
-4
-4
6
10
4
14
28
13
-10
-1
6
-5
-7
0
-19
-44
-34
-10
-9
-13
12
22
14
11
16
21
17
23
44
46
36
41
44
24
9
20
29
24
18
28
32
19
11
15
7
-14
-19
-10
-22
-35
-15
-7
-20
-27
-11
-1
-12
-10
-12
-20
-22
-9
-7
-27
-33
-34
-51
-56
-29
-14
-16
-26
-14
-3
-7
3
24
16
-2
2
-2
-10
2
27
24
7
4
19
14
-3
8
13
1
-6
7
6
-11
-14
-10
-19
-23
-7
-5
-18
-25
-8
4
1
3
9
6
-2
13
22
10
7
14
6
4
25
30
14
10
9
-1
-15
-32
-44
-44
-40
-29
-30
-30
-26
-24
-33
-36
-27
-28
-32
-21
-6
-6
3
18
17
18
29
41
39
37
40
41
27
34
44
35
25
27
32
26
29
34
22
15
21
19
11
9
16
11
-7
-10
-8
-24
-37
-24
-32
-47
-34
-15
-16
-31
-22
-15
-30
-29
-7
-6
-15
3
23
20
15
32
40
29
32
35
16
-4
14
36
24
17
26
16
-11
-23
-12
-15
-18
0
23
21
9
16
4
-20
-16
-2
1
8
20
18
11
5
-2
-11
-31
-32
-21
-18
-24
-14
-9
-16
-19
-11
-7
-19
-8
9
1
-4
6
4
-10
-7
8
8
-7
-15
-14
-18
-29
-29
-9
-7
-23
-19
-7
-16
-27
-18
-24
-43
-45
-24
-12
-20
-18
-8
-16
-25
-15
1
7
20
44
42
22
19
43
56
63
75
69
48
26
23
12
-7
-8
7
4
-15
-11
-1
-13
-16
10
11
-14
-13
3
-1
-14
-15
-6
-30
-39
-17
-11
-16
-9
7
2
-15
2
21
4
-8
8
26
14
7
25
22
15
28
48
44
26
32
32
10
6
19
7
-15
-16
-6
-6
-15
-4
10
-10
-34
-30
-27
-34
-27
-27
-34
-39
-35
-34
-39
-39
-27
-14
-17
-12
9
18
12
15
24
27
17
13
20
19
23
37
42
38
36
38
38
27
24
21
17
11
9
4
-24
-41
-32
-19
-20
-23
-31
-54
-62
-48
-34
-24
-20
-16
-8
-3
1
7
15
20
22
29
18
16
19
15
18
29
30
23
22
17
10
10
12
25
37
30
22
26
32
31
33
35
32
14
-5
-19
-27
-33
-38
-42
-45
-38
-24
-17
-22
-31
-43
-51
-64
-69
-56
-37
-24
-10
-16
-34
-42
-46
-41
-40
-26
-8
4
11
6
-7
-18
-27
-32
-31
-18
-10
-17
-21
-9
3
7
17
22
22
16
12
13
8
12
28
39
26
21
38
57
60
67
77
65
49
42
41
31
23
30
40
42
53
72
75
67
66
58
44
37
34
15
-8
-10
-18
-30
-29
-8
-9
-38
-52
-56
-65
-73
-67
-61
-65
-64
-51
-52
-55
-46
-15
5
4
-2
-6
-14
-24
-11
10
20
22
27
25
6
1
21
28
21
9
0
-4
-14
-13
-3
4
2
10
11
11
-4
-17
-27
-36
-30
-23
-15
-13
-9
-10
1
15
30
35
29
22
12
8
12
20
19
15
15
16
13
19
25
24
14
3
-9
-38
-64
-82
-80
-60
-33
-26
-17
-8
-15
-22
-31
-37
-53
-62
-55
-46
-37
-22
-3
3
6
16
21
15
22
35
32
22
35
52
52
52
56
63
50
40
41
21
-4
0
17
18
26
28
17
8
6
3
-11
-17
-12
-9
-7
1
10
6
6
14
12
4
7
13
-3
-14
-12
-16
-18
-5
4
-7
-13
-10
-18
-27
-25
-8
-10
-19
-12
-7
-15
-12
3
-4
-15
2
15
-3
-10
4
-2
-12
2
18
4
-5
9
3
-10
4
25
30
28
38
56
52
48
67
69
48
55
53
28
27
41
40
21
10
7
-6
-14
-3
-11
-41
-50
-32
-45
-73
-72
-74
-90
-93
-84
-94
-104
-83
-57
-52
-57
-54
-50
-65
-70
-46
-35
-37
-13
20
23
15
25
32
17
21
44
40
21
22
35
33
31
53
56
54
65
71
59
38
38
38
22
12
20
20
2
-1
6
18
20
20
34
33
27
29
24
14
2
3
5
-14
-21
-11
0
-4
-12
-3
-3
-9
-15
-27
-42
-57
-54
-40
-33
-27
-19
-16
-23
-33
-25
-19
-16
-11
-11
-26
-37
-20
-3
0
8
13
13
14
13
15
5
-6
6
15
8
4
6
10
15
23
34
29
18
29
38
29
18
28
30
20
19
25
22
10
22
39
26
19
26
9
-10
-8
-11
-16
-22
-14
-16
-30
-30
-26
-38
-49
-45
-47
-53
-55
-40
-29
-27
-22
-13
-8
-6
2
6
6
17
30
26
20
28
22
17
22
19
7
4
14
19
18
29
36
33
25
19
12
-7
-18
-9
-6
-17
-19
-13
-20
-17
2
3
-9
-12
-3
-12
-30
-29
-28
-42
-38
-16
-11
-7
7
11
-4
-6
17
31
28
31
36
20
5
13
5
-10
-6
-3
-10
-16
-12
-10
-21
-19
-2
-12
-34
-27
-20
-37
-48
-30
-22
-27
-11
9
0
-7
11
25
14
12
19
15
11
19
29
30
35
42
46
39
37
34
30
33
34
37
38
37
38
30
23
12
10
14
-4
-32
-49
-61
-75
-81
-65
-40
-27
-21
-17
-17
-33
-49
-50
-60
-71
-55
-26
-20
-10
21
40
35
38
61
59
34
27
27
18
10
37
69
65
66
80
81
58
39
44
28
16
19
9
-5
-12
-12
-23
-37
-22
-15
-28
-27
-27
-36
-56
-64
-64
-68
-75
-63
-35
-19
2
25
54
59
59
71
67
42
10
-15
-35
-39
-21
-11
-16
-15
2
4
-15
-17
-13
-14
-21
-22
-25
-50
-59
-58
-47
-48
-50
-37
-43
-39
-24
-14
-21
-38
-40
-39
-42
-51
-35
-1
7
13
37
63
81
78
76
71
60
47
46
36
18
28
49
42
41
60
64
51
45
49
39
17
25
41
21
8
18
21
28
27
23
11
-3
3
-3
-32
-47
-32
-34
-55
-47
-22
-22
-41
-28
-6
-19
-45
-44
-44
-62
-65
-38
-33
-40
-2
38
36
14
41
58
13
-21
-15
-12
-44
-52
-31
-25
-35
-6
22
10
-6
-2
10
-14
-21
-6
-14
-20
-2
20
5
4
27
33
16
6
28
27
18
24
37
28
12
22
21
19
17
22
3
-8
3
7
13
4
5
3
-7
-15
-18
-7
3
13
14
8
10
-2
-2
8
15
8
-9
-9
3
2
-7
17
29
26
27
20
18
-3
-13
-31
-59
-59
-45
-32
-26
1
24
21
20
17
7
-19
-27
-13
-5
-5
-7
-3
-22
-16
19
23
23
28
36
9
-25
-41
-38
-57
-72
-55
-50
-45
-35
-11
2
1
-1
-4
-6
-9
1
9
13
31
40
31
22
30
36
15
-4
-8
-25
-48
-50
-38
-40
-43
-22
-17
-15
6
19
13
26
40
23
2
-13
5
9
20
60
62
52
56
66
49
30
29
25
16
11
28
24
0
3
12
-3
-28
-32
-23
-28
-37
-20
2
0
9
26
21
12
25
40
21
3
6
8
1
-6
-4
-14
-9
13
36
27
9
2
-10
-22
-32
-29
-35
-45
-29
-15
-7
8
13
10
1
-6
-26
-42
-44
-32
-23
-18
3
20
20
26
34
28
29
15
-5
-19
-35
-36
-26
-26
-20
-3
-3
-4
0
2
1
2
10
0
-24
-40
-61
-75
-74
-61
-53
-48
-32
-23
-15
-10
12
23
31
60
69
59
44
35
26
14
5
-4
3
6
5
14
21
20
21
22
12
1
3
3
-1
3
2
-11
-11
-8
-6
2
19
31
31
46
51
48
55
61
57
45
43
30
-5
-26
-29
-46
-71
-66
-54
-63
-58
-33
-12
-15
-10
4
-16
-41
-36
-20
-35
-51
-29
-6
0
16
45
55
59
81
86
72
60
53
31
8
0
1
-14
-23
-1
10
5
4
12
6
-13
-7
-6
-25
-48
-46
-50
-49
-28
-13
-5
-20
-6
7
7
-2
-6
-17
-34
-25
-12
1
24
45
43
41
45
37
26
29
25
29
34
42
53
56
72
75
86
99
97
81
73
56
28
9
-10
-7
-2
-8
-16
-32
-34
-35
-60
-85
-115
-134
-155
-165
-165
-184
-205
-212
-212
-237
-244
-227
-210
-207
-196
-169
-175
-179
-182
-178
-157
-138
-97
-46
-25
-5
35
70
105
138
171
192
193
220
256
275
295
338
370
380
381
376
368
367
377
357
329
316
314
303
279
255
211
163
136
89
28
-43
-109
-168
-223
-259
-304
-353
-380
-393
-429
-488
-523
-544
-569
-580
-581
-572
-563
-553
-530
-492
-446
-366
-280
-221
-151
-83
-20
33
92
180
274
345
420
502
558
595
668
736
768
803
842
848
835
828
821
801
778
762
722
640
557
480
388
298
209
107
-3
-109
-225
-350
-471
-580
-690
-786
-845
-914
-989
-1004
-1009
-1031
-1038
-1017
-978
-936
-868
-797
-743
-677
-579
-461
-353
-253
-135
-4
129
262
387
480
562
667
762
820
866
931
971
984
993
970
920
888
852
764
652
562
481
390
275
144
18
-100
-218
-343
-488
-641
-772
-886
-973
-1079
-1167
-1222
-1275
-1304
-1321
-1323
-1317
-1283
-1216
-1152
-1081
-959
-823
-699
-551
-393
-266
-112
92
268
447
664
870
1044
1218
1408
1576
1717
1816
1860
1917
2007
2015
1960
1911
1815
1713
1662
1517
1234
1014
868
644
406
199
-57
-323
-501
-707
-1004
-1251
-1440
-1599
-1738
-1858
-2001
-2104
-2150
-2175
-2188
-2188
-2161
-2107
-1993
-1882
-1824
-1742
-1535
-1319
-1165
-947
-722
-521
-245
47
207
386
685
980
1302
1587
1740
1890
2164
2423
2607
2730
2770
2873
3068
3139
2997
2845
2752
2656
2591
2392
2047
1794
1621
1343
973
584
227
-42
-288
-633
-1029
-1383
-1692
-1956
-2213
-2481
-2688
-2848
-2958
-3040
-3189
-3276
-3249
-3257
-3267
-3143
-3058
-3055
-2906
-2701
-2605
-2442
-2103
-1859
-1724
-1482
-1156
-808
-446
-126
120
391
862
1454
1752
1788
2036
2483
2853
3149
3303
3279
3488
3833
3851
3723
3645
3512
3505
3586
3240
2752
2588
2379
1937
1593
1185
608
352
261
-205
-758
-1003
-1276
-1607
-1835
-2109
-2409
-2518
-2523
-2688
-2935
-3019
-2932
-2832
-2744
-2687
-2680
-2540
-2300
-2248
-2222
-2040
-1841
-1608
-1326
-1249
-1230
-898
-557
-443
-281
37
413
879
1159
1126
1253
1638
1971
2241
2302
2241
2552
3000
3023
2839
2761
2707
2806
2920
2606
2185
2102
1993
1675
1335
912
487
393
263
-207
-622
-826
-1074
-1318
-1473
-1733
-1945
-1932
-1934
-2157
-2391
-2437
-2462
-2489
-2393
-2301
-2299
-2205
-1979
-1910
-1904
-1704
-1482
-1357
-1245
-1082
-858
-605
-348
-110
86
328
854
1419
1387
1265
1677
2115
2367
2617
2559
2344
2720
3222
3089
2788
2690
2647
2756
2795
2348
1846
1693
1516
1257
977
458
17
26
-110
-647
-1006
-1158
-1437
-1662
-1729
-2022
-2380
-2353
-2293
-2569
-2729
-2586
-2574
-2648
-2505
-2419
-2482
-2400
-2322
-2406
-2328
-2094
-1971
-1842
-1740
-1677
-1389
-1028
-959
-901
-593
-132
529
1069
1095
1094
1570
2124
2582
2851
2773
2989
3661
3946
3707
3572
3513
3538
3829
3714
3026
2667
2607
2210
1696
1238
655
343
390
96
-538
-946
-1224
-1657
-2035
-2250
-2516
-2597
-2386
-2352
-2667
-2734
-2588
-2715
-2737
-2472
-2406
-2340
-2026
-1991
-2121
-1905
-1713
-1715
-1547
-1357
-1194
-828
-455
-409
-342
-108
295
888
1186
1190
1485
1981
2374
2761
2787
2607
3070
3662
3613
3538
3593
3422
3544
3785
3198
2517
2548
2426
1915
1589
1124
471
224
78
-498
-1078
-1259
-1465
-1888
-2256
-2575
-2884
-2967
-2880
-3094
-3367
-3270
-3231
-3455
-3419
-3307
-3381
-3164
-2843
-2862
-2757
-2375
-2244
-2187
-1920
-1679
-1315
-706
-330
-128
299
823
1399
1810
1866
1987
2497
3028
3445
3648
3508
3697
4264
4245
3856
3761
3608
3532
3785
3463
2501
2146
2128
1615
1103
688
-1
-391
-385
-820
-1496
-1806
-2054
-2436
-2627
-2765
-3006
-3018
-2880
-3041
-3272
-3155
-3027
-3092
-2918
-2615
-2545
-2327
-2000
-2044
-2059
-1636
-1404
-1503
-1388
-1176
-997
-585
-259
-334
-228
441
1187
1501
1502
1603
2016
2562
3085
3183
2903
3161
4038
4287
3960
3864
3735
3656
4003
3891
2935
2525
2681
2247
1705
1429
760
176
171
-192
-1043
-1387
-1559
-2104
-2431
-2574
-3079
-3378
-3234
-3369
-3640
-3486
-3323
-3570
-3649
-3435
-3452
-3381
-2961
-2846
-2888
-2396
-1924
-1962
-1847
-1375
-1046
-690
-236
-184
-106
823
1982
2269
2051
2204
2582
3093
3806
3876
3468
3942
4912
4833
4343
4205
3885
3941
4543
4154
3036
2847
2865
2126
1571
1137
144
-311
-111
-701
-1654
-1939
-2383
-3136
-3316
-3393
-3895
-3998
-3812
-4166
-4372
-4034
-4079
-4309
-3994
-3710
-3700
-3313
-2895
-2998
-2961
-2432
-2198
-2215
-1835
-1412
-1140
-621
-213
-283
-175
759
1863
2241
2186
2309
2723
3342
4022
4034
3637
4177
5161
5114
4614
4448
4241
4406
5011
4570
3424
3217
3202
2418
1706
1146
150
-383
-234
-722
-1630
-1921
-2148
-2739
-3134
-3377
-3793
-3905
-3645
-3703
-3973
-3841
-3594
-3618
-3563
-3293
-3260
-3148
-2663
-2599
-2755
-2197
-1592
-1602
-1423
-926
-743
-549
-150
-148
-101
908
2042
2010
1615
1866
2394
3043
3738
3681
3377
4266
5264
4870
4171
3872
3605
3935
4506
3833
2774
2905
2925
2048
1490
1034
17
-324
-43
-681
-1594
-1767
-2147
-2783
-2861
-2888
-3398
-3531
-3204
-3266
-3458
-3317
-3323
-3524
-3315
-3009
-3075
-2981
-2681
-2712
-2680
-2139
-1938
-2177
-1890
-1278
-1031
-914
-694
-674
-43
1430
2094
1578
1564
2289
2816
3377
3631
3193
3398
4607
4834
4089
3762
3506
3419
4060
4079
2852
2272
2422
1775
884
478
-317
-1144
-986
-1021
-1922
-2375
-2331
-2871
-3413
-3268
-3378
-3826
-3696
-3231
-3184
-3085
-2723
-2721
-2709
-2281
-2015
-2046
-1811
-1574
-1490
-1100
-734
-835
-783
-297
-164
-161
176
332
595
1878
2969
2447
1720
1963
2345
2880
3552
3300
3041
4133
4981
4248
3488
3238
2968
3263
3634
2740
1691
1825
1688
830
298
-354
-1353
-1346
-884
-1474
-2237
-2272
-2596
-3196
-3252
-3237
-3540
-3352
-2724
-2819
-3060
-2749
-2651
-2919
-2714
-2394
-2442
-2122
-1672
-1686
-1652
-1222
-1228
-1400
-1005
-684
-738
-566
-339
-310
690
2328
2367
1404
1460
2103
2476
3031
3138
2699
3479
4910
4725
3637
3384
3333
3361
4000
3885
2818
2626
2913
2194
1251
837
120
-687
-967
-1251
-1653
-1750
-2117
-2872
-3217
-3173
-3409
-3542
-2868
-2549
-2890
-2788
-2528
-3042
-3276
-2753
-2733
-2835
-2295
-1980
-2082
-1771
-1640
-2131
-2233
-1776
-1700
-1756
-1549
-1171
888
4711
6287
4379
3202
4082
4366
3894
3593
3449
4571
6044
4921
2062
793
859
766
1087
1124
343
113
220
-950
-2202
-2043
-1799
-1711
-1031
-1083
-2148
-2381
-1965
-2148
-2418
-2277
-2232
-1993
-1396
-1391
-1708
-1012
-307
-655
-799
-272
-239
-533
-326
-501
-835
-602
-543
-1095
-1477
-1627
-1684
-1323
-1105
-1467
-1302
1349
5957
8496
6475
3705
3623
4552
4038
2841
2162
2912
4306
3243
156
-1319
-581
176
607
617
-246
-509
-324
-1199
-2378
-2152
-1583
-1809
-2409
-3161
-3507
-3167
-2796
-2822
-2741
-2584
-2672
-2754
-2513
-2193
-1769
-1124
-620
-659
-783
-842
-1126
-1185
-950
-987
-1092
-595
-409
-966
-1241
-867
-514
-130
232
250
2342
7653
11805
9893
5771
4489
4937
4415
3604
3038
3025
4063
3425
137
-2006
-1335
-56
829
1338
353
-537
-293
-1114
-2578
-2213
-1537
-2290
-2854
-2570
-2760
-2917
-2897
-3062
-2593
-1876
-2751
-3797
-3099
-2328
-2537
-2349
-1905
-1825
-1454
-1488
-1877
-1632
-1190
-1566
-2023
-1674
-1245
-1259
-1967
-2383
-1453
-359
-145
-667
952
6394
12517
12587
7155
3676
4139
4662
3696
2387
1712
2579
3211
754
-2211
-1990
276
1829
2224
1216
0
-157
-514
-2142
-2698
-1982
-1768
-2012
-2380
-3176
-3584
-2495
-1553
-1634
-2343
-2997
-3206
-2775
-2399
-2295
-1718
-1233
-1372
-1557
-1296
-1000
-882
-967
-1077
-1151
-1425
-1693
-1549
-1530
-1830
-1119
-27
62
-672
269
5566
12786
14192
8226
3163
2786
3456
2992
1983
1070
1927
3243
1163
-2056
-2306
-358
1466
2539
1834
226
-106
-419
-2067
-2730
-1862
-1448
-1459
-1337
-1835
-2594
-2394
-1469
-512
-472
-1792
-3045
-2631
-1959
-2355
-2867
-2725
-2134
-1596
-1509
-1517
-991
-644
-775
-1123
-1336
-1572
-1573
-2035
-2713
-2307
-1235
-691
-1200
372
6871
14702
15107
8177
2944
2433
3306
3357
2189
540
1061
2393
529
-2439
-2703
-964
1037
2441
1563
-424
-1159
-1702
-3071
-3338
-2480
-2301
-2744
-3062
-2725
-1829
-1584
-2056
-1584
-1048
-1932
-2998
-3081
-2682
-2141
-1885
-1996
-1554
-678
-361
-378
40
720
1055
264
-1202
-1797
-1600
-1851
-2591
-2541
-1714
-898
-862
-148
5238
13642
16493
10571
3932
1829
2154
2561
2108
487
218
1931
1732
-989
-2484
-1406
667
2505
2208
136
-1404
-2126
-3092
-3480
-2799
-2635
-2912
-2924
-2623
-1740
-929
-876
-1166
-1568
-2351
-2806
-2819
-2920
-2592
-2036
-1715
-1149
-788
-710
-82
780
1232
1558
1119
-504
-1682
-1865
-2097
-2593
-2707
-2291
-1277
-356
-252
2838
10668
16724
13698
6425
2240
1527
2196
2721
1200
-524
643
1944
298
-1821
-1644
234
2607
3817
2254
-536
-2204
-3014
-3496
-3323
-3060
-3383
-3409
-2875
-2575
-2012
-1363
-1031
-937
-1288
-2294
-3133
-3192
-3116
-2923
-2348
-1578
-958
-488
16
496
824
1056
659
-766
-2065
-2335
-2573
-3343
-3672
-2916
-1475
-41
272
2264
9520
17742
17319
9387
2647
690
1459
2668
1445
-1480
-1595
755
1058
-942
-2196
-1317
1356
3809
3018
-611
-3404
-4273
-4410
-4343
-4269
-4509
-4315
-3240
-2209
-1584
-1106
-571
-374
-1204
-2364
-2970
-3104
-3326
-3136
-2619
-1685
-635
136
823
1623
2145
2201
1696
337
-935
-1400
-1758
-2474
-2714
-2192
-1103
161
843
2288
8269
17038
18885
11162
2669
-700
-453
1050
1023
-1645
-2762
-201
1526
-238
-2410
-2251
390
3534
3708
122
-3443
-4423
-4157
-3872
-3842
-4267
-3971
-2099
-376
-233
-693
-439
747
1013
-1076
-3801
-4848
-4504
-3862
-3098
-2288
-1243
-43
680
1038
1292
1450
1305
443
-1292
-2462
-2750
-3314
-3753
-3264
-2192
-610
1200
1854
4530
12655
20384
18010
8672
1521
-571
401
2097
964
-2068
-1751
1677
2808
606
-1306
-700
2520
5110
3408
-1590
-5037
-5579
-5018
-4720
-5230
-5573
-4012
-1439
-487
-1137
-1692
-1225
308
589
-2045
-5462
-6686
-5695
-4095
-2949
-2339
-1223
731
2117
2391
1800
1266
1117
334
-1380
-2676
-3256
-3602
-3511
-2805
-1660
-26
1326
2134
6315
14851
20179
15275
5511
-824
-1887
9
1312
-1125
-3972
-2057
1933
2436
-299
-1978
-284
3666
5524
2785
-2162
-4862
-4704
-3844
-4015
-5011
-5083
-3099
-701
-241
-1293
-1813
-504
1047
91
-3491
-6588
-7126
-5417
-3601
-2914
-2150
-308
1632
2754
2724
1948
1724
1780
361
-1942
-3238
-3422
-3219
-2517
-1481
-252
1488
2719
4367
10558
19241
20466
11989
2338
-2179
-1926
407
685
-2255
-3200
495
3736
2466
-738
-1553
1259
4967
4833
-20
-5039
-6354
-5440
-4669
-4763
-5187
-4196
-1376
466
-108
-1334
-1663
-876
690
614
-3313
-7587
-8421
-6121
-3533
-1728
-1180
-227
2148
3997
3417
1666
845
590
-554
-2308
-3691
-4451
-4068
-2721
-1800
-900
640
1733
5183
13719
21452
18989
8812
-284
-3618
-2221
156
-726
-3566
-2861
1592
3969
1891
-1120
-978
2725
5815
4031
-1665
-5897
-6379
-5279
-4632
-4803
-4925
-3335
-567
619
-233
-1472
-1325
613
1555
-1657
-6821
-8869
-7099
-3833
-2124
-1614
-574
1701
3704
3994
2386
1030
1137
652
-1900
-4613
-5320
-4399
-2814
-1611
-1037
80
2019
2595
5068
13571
22014
19697
8840
-807
-4533
-3158
-212
-887
-4080
-2980
2497
5022
2243
-1005
-909
2742
5932
4011
-2166
-6682
-7046
-5528
-4626
-4842
-4931
-3117
-263
701
-182
-928
-1155
-296
1349
-185
-5640
-9439
-8555
-4931
-1510
176
324
1547
4060
5097
3393
1363
799
311
-1599
-3916
-5221
-4946
-3335
-1801
-1181
-236
1611
2263
4645
12719
21594
20952
10860
-226
-6035
-5282
-1528
-991
-3625
-3035
1676
4527
2749
-137
-326
2989
6411
5436
-22
-5094
-6551
-5597
-4504
-4339
-4262
-2781
-318
895
433
-539
-746
653
1191
-2064
-7177
-9693
-8288
-4822
-2167
-1312
-541
1550
3877
4199
2261
668
550
-107
-2521
-5162
-6157
-5139
-2903
-1128
-331
399
1387
1730
4953
14321
23082
20327
8151
-3296
-7872
-5762
-1669
-1862
-4536
-2738
3007
5439
2427
-1129
-875
3446
6943
4987
-1445
-6560
-7398
-5782
-4486
-4495
-4467
-2638
280
1622
875
-265
-728
134
1378
107
-4460
-8357
-8362
-5284
-1387
1038
1466
2261
4319
5242
3615
1311
-155
-882
-2031
-3883
-5391
-5402
-3622
-1422
-488
-57
791
1431
4926
14342
23253
20977
8705
-3693
-9302
-7740
-3435
-2791
-5013
-3552
1968
4987
2937
-50
-16
3602
7013
5676
-543
-6283
-7965
-6715
-4951
-3958
-3594
-2044
712
2308
1981
1074
238
500
1534
366
-3702
-7653
-8448
-6221
-2516
315
1669
2484
3811
4578
3389
1113
-465
-1512
-2930
-4524
-5690
-5478
-3846
-1763
-538
481
1620
1880
4340
12927
22317
21352
9799
-3039
-9656
-8610
-3852
-2481
-4640
-3754
1574
5041
3536
464
-103
2829
6315
5826
79
-6092
-8396
-7179
-5235
-4167
-3698
-2133
737
2843
2919
1590
207
77
1639
1297
-3422
-8596
-9323
-5779
-1000
2421
2962
3100
4608
5606
4056
1191
-655
-1372
-2420
-4654
-6675
-6711
-4663
-2020
-768
-457
502
957
1807
7864
18342
22367
13803
-384
-10306
-11746
-6677
-2257
-3230
-4431
-525
4426
4804
1884
-278
644
4375
6487
2636
-4398
-8412
-7881
-5431
-3445
-2690
-2115
123
3090
4180
3038
1355
642
1560
1241
-3029
-7856
-8507
-5136
-794
2182
2883
3121
4399
5160
3875
1354
-6
-515
-1744
-3976
-5848
-5716
-3602
-1149
-144
-291
135
1132
1430
4608
13758
21287
17052
4085
-7703
-12254
-9241
-3626
-2308
-3985
-2120
2986
5274
3380
604
160
3085
6187
4362
-1995
-7378
-8446
-6422
-3899
-2597
-2080
-264
2801
4737
4211
2368
693
-166
-836
-2360
-4862
-6836
-6684
-4399
-967
2294
3645
3437
3455
3813
2998
1275
-851
-2995
-4495
-5006
-4819
-4185
-2804
-1028
176
1145
2095
1608
2898
11036
20765
20040
8003
-5723
-12822
-11161
-4739
-1952
-4111
-3843
1594
5784
4634
868
-1031
1104
4907
5125
-318
-7023
-9584
-7845
-5045
-3589
-3259
-1915
1450
4430
4651
2795
509
-805
-776
-1017
-3482
-6013
-5920
-3301
202
3324
4351
4078
4566
5277
4368
2049
-334
-2126
-3304
-4193
-4789
-4596
-3242
-1241
164
481
1070
1155
774
5028
15367
21503
14498
104
-10982
-13267
-7843
-1802
-1695
-3659
-609
5030
6284
2785
-669
-691
2939
6039
3393
-3761
-8639
-8434
-5610
-3096
-2208
-1773
495
3757
4886
3200
470
-1420
-1697
-1460
-2280
-4012
-5442
-5244
-2815
749
3431
3920
3238
2880
2907
1799
34
-1642
-3088
-3939
-3925
-3800
-3125
-1624
-168
626
1053
1331
310
265
6932
18005
20652
10465
-3564
-12197
-11928
-5204
-755
-2580
-3479
1102
5290
4259
535
-1494
231
4817
7030
2508
-4935
-8430
-7083
-4438
-2663
-2000
-1331
908
3561
4070
2631
883
-323
-431
-401
-2274
-4744
-5197
-3910
-1374
1567
2820
2299
1929
2093
1914
1181
-21
-1605
-3003
-3702
-3640
-3512
-2975
-1491
-41
630
939
-61
-833
5146
16956
22033
13338
-1182
-11162
-11879
-5719
-969
-2575
-4506
-648
4470
4259
71
-2540
-497
4908
8083
4358
-3421
-8050
-7248
-4348
-2703
-2694
-2022
799
4036
4772
2693
193
1
1551
1731
-985
-4183
-4777
-2628
-20
1377
1794
2054
2595
2763
2000
648
-299
-1193
-2543
-3980
-4654
-4426
-3552
-2331
-1538
-1236
-717
-185
-1279
-647
7041
17703
19106
8476
-5226
-12918
-11405
-4269
-489
-2772
-3530
836
4388
3167
100
-856
2019
6940
8242
2652
-4968
-8246
-6872
-4311
-2709
-2145
-1095
1386
3490
3445
1670
509
1545
2855
2029
-1453
-4824
-5424
-2895
-17
1753
2064
1849
2416
3224
2844
1509
237
-842
-1672
-2925
-4220
-4857
-4434
-3334
-2062
-1588
-1279
-1107
-1820
987
10415
18998
16406
4773
-7129
-12242
-8781
-2139
-661
-2935
-1796
2384
4070
2373
202
113
3597
7816
7041
527
-5645
-7287
-5634
-3295
-1692
-973
327
2649
4301
4318
3361
2381
2033
2248
1454
-1225
-3901
-4720
-3198
-635
1170
862
105
709
1765
1732
644
-624
-1738
-2461
-3330
-4733
-5581
-4893
-3388
-2190
-1642
-1762
-2260
-2587
1022
10403
18442
15518
3806
-7490
-11591
-7683
-1490
-528
-3260
-2832
548
1998
959
-28
941
4723
8421
6484
-655
-6344
-7336
-5558
-3027
-1347
-1081
-385
1643
2964
2866
2272
2413
4057
4563
2019
-1738
-4310
-5114
-3341
-1108
-184
546
1474
2066
2588
2732
2451
2050
685
-1414
-3337
-4997
-5606
-5033
-4293
-3668
-3051
-2250
-1888
-2073
2100
12355
19559
14618
2319
-8312
-11209
-6224
-316
-904
-4579
-3838
113
2211
1910
1405
2729
6786
9735
6517
-723
-5381
-5817
-3778
-1276
-262
-846
-155
2134
3520
3585
3469
3572
4997
5789
2369
-3460
-6539
-5758
-2728
-394
-985
-1981
-581
1683
2546
2021
1079
708
260
-1538
-4591
-7335
-7788
-6178
-4925
-4714
-4415
-3654
-2745
-1910
2258
11289
17879
13324
2157
-7098
-9773
-5595
-465
-1489
-5013
-3857
353
2780
2918
2351
2906
6203
8830
5678
-1131
-5277
-5653
-3939
-1705
-796
-1195
-188
2101
3385
3694
4044
3890
3906
4562
3288
-643
-4175
-5314
-4064
-1288
201
111
480
2077
3756
4269
2865
747
-611
-1589
-3380
-6149
-7813
-7042
-5189
-4005
-3527
-3313
-2440
-1020
2842
10469
15980
11991
2353
-5755
-8789
-6037
-1650
-2453
-5653
-4476
-225
2328
2945
2781
3079
5446
7478
4828
-692
-3936
-4345
-3458
-1947
-1200
-1531
-649
1633
3135
3534
3487
2933
3161
4132
3009
-1182
-4849
-5726
-4171
-1799
-487
-556
481
3212
4820
3925
2144
1155
730
-41
-2540
-6095
-7742
-6490
-4982
-4336
-3735
-2860
-1583
-600
2010
8761
15393
13265
4152
-4326
-8058
-5997
-1349
-1550
-5218
-5150
-1427
1002
1517
1414
1788
4247
6789
5047
10
-3305
-3889
-3122
-1889
-1361
-1872
-1120
959
2424
2972
3342
3531
3385
3694
4155
2424
-1605
-4736
-5016
-3081
-422
489
-94
708
2638
3600
2878
1049
-543
-1288
-2768
-5416
-7305
-7201
-5984
-4863
-3925
-2632
-1254
-881
1628
8791
15676
14191
5929
-2359
-6151
-3973
665
265
-3961
-4479
-1224
1228
2331
2506
2419
4746
7487
5757
930
-2098
-3159
-3202
-2314
-1717
-2230
-1727
-25
970
1196
1528
1484
1222
1894
1654
-649
-3017
-4916
-6178
-4735
-1925
-485
404
1366
1670
2188
2328
1310
131
-729
-2233
-4462
-6127
-6281
-5698
-5205
-3872
-2232
-877
79
887
4742
12318
14886
8531
578
-4031
-4462
-670
1360
-2134
-4447
-1847
918
1707
1871
1692
2672
5338
5836
2500
-875
-2187
-2460
-1745
-379
-234
-648
-381
-308
-475
200
1074
1497
1910
2721
2502
-92
-3715
-5309
-3833
-858
916
64
-1204
-684
659
1239
1104
520
42
-880
-3335
-5771
-6205
-5245
-4200
-3299
-2632
-1854
-664
-256
1347
7532
14147
12760
5302
-1383
-4265
-2363
1659
877
-3306
-3672
-937
676
1306
1423
1553
3963
6677
5383
1548
-813
-1269
-479
1081
1489
400
-455
-784
-1055
-571
861
2094
2461
2239
1627
33
-2792
-4832
-4397
-2086
-115
-338
-2273
-3328
-2574
-1209
-361
-211
-751
-1705
-3242
-5074
-5955
-5492
-4870
-4384
-3901
-3742
-2988
-2076
-1825
1889
10561
15217
10345
2802
-2095
-2925
937
3977
646
-3104
-1885
275
896
1418
1567
2646
6254
7868
4668
846
-413
-76
1290
2404
1299
-906
-2104
-2704
-2841
-1363
842
1944
2223
1854
-140
-2811
-3800
-3154
-1225
660
-7
-2913
-4307
-3605
-2243
-810
358
580
-299
-2212
-4129
-5070
-4756
-3742
-3522
-4256
-4504
-3730
-2285
-1501
-120
5944
13709
13630
6386
88
-2643
-837
3897
3739
-1813
-3931
-1983
-695
287
1593
2295
4591
7442
6016
1709
-191
545
1827
3103
2896
564
-1464
-1918
-1871
-1182
667
1963
1646
1080
462
-1000
-2085
-1703
-551
697
446
-2112
-4306
-3861
-2502
-1195
-192
-154
-1015
-2001
-2955
-3812
-3878
-3327
-3307
-4382
-5120
-4791
-3967
-2600
-1623
722
7061
12844
10277
3184
-974
-1141
1818
5159
2968
-2539
-3807
-1762
-410
913
1962
2036
3597
5245
3528
1000
1272
2683
3525
3473
1293
-2045
-3439
-2823
-2153
-1376
-367
-388
-774
-290
199
-332
-808
-756
-601
-562
-1663
-3517
-4187
-3530
-2653
-1644
-972
-1037
-1394
-1926
-2397
-2517
-2645
-2893
-3425
-4345
-4430
-3798
-2848
-1642
-508
2916
9693
13250
8803
3206
870
1163
3995
5593
1126
-3412
-2562
-466
601
1762
1583
1518
3977
4957
2485
864
1716
2596
2871
1884
-751
-2590
-1962
-983
-1139
-1453
-1339
-1082
-575
18
-213
-973
-1291
-1285
-1419
-1662
-2375
-3404
-3374
-2635
-2134
-1397
-712
-1069
-1612
-1771
-2058
-2565
-2904
-2989
-3126
-3551
-3698
-3343
-2413
-822
591
3510
9440
12704
8559
3332
1510
1630
3762
5079
662
-3783
-2487
-188
321
1086
1154
1396
3957
4822
2172
811
2168
3072
2643
927
-1805
-3072
-1932
-1103
-1771
-1804
-631
-33
-216
-482
-945
-403
1015
403
-1758
-2659
-2767
-3115
-2692
-2260
-1802
-603
-450
-1707
-2421
-2590
-2516
-2509
-3288
-3886
-3572
-3619
-4171
-4162
-3115
-757
853
2308
6923
11247
8985
4186
1936
1364
3094
5369
2196
-2873
-2586
-276
249
1197
1516
1060
3098
4701
2431
883
2411
3005
1847
329
-1951
-3240
-2047
-1059
-1771
-2058
-1323
-884
-1394
-1807
-1125
-261
-501
-1646
-2888
-3123
-2143
-1728
-2223
-1924
-962
-592
-927
-1754
-2278
-1609
-857
-1361
-2756
-3447
-3170
-2892
-2946
-2682
-1828
-154
1246
1750
4842
10494
10928
5529
1861
1213
2335
5295
4671
-874
-2808
-22
1716
2086
1938
1061
2222
4734
3908
1452
1349
2115
2028
1413
-354
-2043
-1435
-205
-768
-1627
-1544
-1308
-1421
-1769
-1568
-1045
-1339
-2407
-3015
-2941
-2134
-1642
-2392
-2814
-2135
-2028
-2527
-2760
-2865
-2591
-2107
-2719
-3930
-3963
-2874
-1815
-1663
-2069
-1887
-753
601
926
2431
7486
11435
8296
2910
971
1734
4531
6902
3454
-1495
-857
1483
1600
1570
1306
1141
3257
4086
1350
-26
1692
2960
2925
1725
-729
-1734
-507
-290
-1576
-2044
-1753
-1850
-2300
-2589
-2336
-1740
-1249
-1286
-2053
-2614
-2263
-2185
-2796
-2682
-2624
-3241
-3433
-3236
-3493
-3373
-2869
-3132
-3555
-3150
-2508
-2587
-3076
-3015
-2569
-1984
-1287
-615
2599
8536
10067
5256
1908
2523
4281
6987
6808
1423
-1162
1693
3232
2683
2661
1889
2209
4175
3247
866
1909
4090
4246
3213
1036
-913
-390
602
-483
-2173
-2922
-3314
-3689
-4115
-3697
-1775
196
163
-1632
-3152
-2585
-1029
-794
-2058
-3266
-3655
-3572
-3659
-3949
-3335
-1794
-1079
-1296
-1552
-1165
-306
-77
-811
-1665
-1652
-871
-666
409
5349
10304
8434
3797
2456
2997
5010
7209
4052
-1155
-478
2099
1638
1021
621
229
2332
3829
1686
504
2169
3167
2678
1215
-1062
-1466
-73
-349
-2285
-3635
-4126
-4121
-3687
-3360
-2436
-788
-330
-1733
-2906
-2678
-1439
-434
-1694
-3867
-4339
-4099
-4050
-3236
-2133
-1425
-931
-1372
-2385
-2210
-1090
-813
-1656
-2661
-2998
-2603
-1818
-1413
1130
7447
11425
7736
2843
2256
3818
6528
7825
3032
-1818
-77
2142
1011
789
1034
1188
3392
3717
817
601
3124
3635
2269
181
-2032
-2045
-744
-1296
-2863
-3152
-2688
-2375
-2146
-1878
-1572
-783
6
-759
-2704
-2646
-876
-811
-2370
-3558
-4395
-4125
-2124
-1032
-1701
-2021
-1686
-1671
-1696
-1355
-1068
-1130
-1615
-2116
-2366
-1779
-483
393
2954
8403
10592
6206
2728
3520
5250
7850
8269
2352
-1855
877
2881
1969
2345
2113
1482
3018
2470
-360
427
2840
2304
504
-1469
-3309
-2300
-235
-1106
-2962
-3273
-3117
-3082
-3245
-3206
-2318
-1437
-1174
-1803
-3476
-4111
-2399
-1616
-2279
-2556
-3284
-3611
-2061
-1624
-2811
-2060
-782
-908
-825
-773
-1495
-1620
-1606
-2073
-2268
-1708
-671
-166
1907
6908
9156
5275
2777
4119
5349
7025
6878
1424
-1499
2069
3788
2742
2919
1980
960
2705
2500
447
1882
3576
1637
-808
-2280
-2846
-1110
582
-343
-1726
-2034
-2403
-2807
-3081
-2585
-1068
-505
-1938
-4001
-5013
-4135
-1727
-912
-2291
-3404
-3754
-3761
-2868
-2393
-2608
-1687
-665
-1238
-2048
-2093
-1890
-1205
-1006
-1688
-1803
-847
138
51
956
5652
10132
8228
4308
4067
4889
6084
7275
3764
-478
1811
4828
3214
1831
1338
319
1845
2994
362
-601
1428
1165
-813
-1595
-1984
-1131
373
-614
-2994
-3565
-2788
-2201
-1774
-1418
-955
-1042
-2189
-3393
-3351
-2018
-470
-838
-2923
-4241
-4142
-3491
-2148
-1090
-1238
-1084
-805
-1550
-1940
-1210
-846
-981
-1147
-2113
-2866
-2384
-1205
-727
-50
4013
8997
8378
3785
2520
4027
6022
8007
5957
852
924
4064
3532
2365
2572
1800
2360
3506
1263
-337
1371
1237
-947
-1664
-2144
-2236
-756
-935
-2970
-3052
-1748
-1714
-1906
-1700
-1966
-2148
-1764
-2039
-3405
-3610
-2395
-2332
-3384
-3800
-3825
-3107
-1286
-395
-1017
-1287
-932
-1050
-939
-599
-694
-1003
-1654
-3026
-3697
-2442
-429
632
403
2328
7179
8791
4585
1824
3126
5135
7000
6089
960
-957
2946
4569
2826
2150
1524
1414
2771
1746
-700
224
1299
-391
-2005
-2840
-2919
-886
520
-811
-1635
-812
-726
-1383
-1582
-1801
-2013
-2113
-2398
-2934
-3320
-3112
-2655
-2515
-2376
-2072
-2389
-2201
-698
-56
-828
-965
-707
-866
-697
-936
-1951
-2108
-1722
-1846
-1569
-740
-326
-786
-250
3642
7795
6469
2558
2353
4131
5919
7141
4343
371
2040
5213
4259
2822
2134
862
1207
1629
-339
-667
894
-15
-1933
-2275
-1904
-462
1186
-44
-2216
-2299
-1574
-1396
-1210
-1626
-2217
-1777
-1783
-2733
-2994
-2369
-1965
-1575
-1588
-2268
-2741
-2311
-1251
-354
-309
-641
-477
-488
-812
-906
-901
-902
-926
-1603
-2313
-2184
-1484
-634
-537
513
5041
8188
4890
1496
2723
4546
6483
7479
3173
-612
2349
4447
2373
1464
1160
386
1568
1463
-1338
-1555
-245
-1217
-2174
-2011
-2202
-1570
-686
-1679
-2552
-1774
-1389
-1811
-2146
-2506
-2705
-2772
-2941
-2788
-2421
-2333
-2096
-1915
-2099
-2074
-1747
-1063
166
928
301
-460
-389
-140
145
174
-170
-474
-917
-1796
-2249
-1599
-159
506
-225
1242
5745
6873
3148
2115
4324
6261
8184
6998
1233
-242
4137
5319
3499
2906
1479
341
1246
34
-1886
-367
735
-907
-1881
-1984
-2038
-760
-359
-1967
-2645
-1577
-1298
-1970
-2583
-3101
-3304
-3141
-2851
-2744
-2845
-2895
-2489
-2160
-2133
-1934
-1558
-1097
-311
-32
-509
-555
-141
-70
70
50
-550
-824
-1059
-1890
-1862
-630
120
-280
-980
1004
5405
6370
2832
1740
3698
5430
6754
5117
413
629
5193
5372
2784
1503
-108
-619
1066
585
-879
228
347
-1768
-2617
-2156
-1484
-107
-5
-1370
-1637
-1033
-1202
-1645
-2007
-2496
-2358
-2103
-2292
-2427
-2266
-2097
-1883
-1732
-1475
-1080
-1083
-840
37
324
76
281
139
-278
92
143
-557
-647
-714
-1458
-1424
-956
-1052
-1209
-1215
953
5292
5908
1985
1094
3592
5064
6014
4906
663
331
4411
4364
1179
318
-83
-452
902
645
-953
-532
-467
-2154
-2790
-2106
-1323
-334
-709
-2359
-2619
-1724
-1423
-1291
-1341
-1748
-2024
-1807
-968
-812
-2012
-2768
-2173
-1483
-979
-894
-1476
-1045
756
1680
1154
489
312
609
800
361
-198
-364
-589
-1296
-1669
-1168
-558
-344
-592
416
3998
5890
2964
1123
3299
5175
5919
5064
777
-860
3190
4544
1668
431
1
-478
966
982
-1231
-1304
-794
-2024
-2700
-2296
-2044
-1242
-1121
-2293
-2559
-1707
-1213
-1208
-1416
-1979
-2166
-2077
-1672
-1189
-1561
-2236
-1729
-820
-458
-56
-285
-573
403
1263
540
101
364
431
471
265
-601
-878
-361
-492
-794
-643
-407
-169
-403
-428
2672
5969
3759
259
1612
3897
4922
5366
2393
-687
2416
5564
3024
774
576
28
1159
2165
-70
-1225
-36
-669
-1963
-1710
-1424
-1189
-717
-1806
-3028
-2341
-1314
-1449
-2186
-2877
-2753
-2195
-2046
-1913
-2030
-2387
-1854
-1064
-1221
-1045
-509
-803
-632
202
23
-226
295
183
-176
194
-29
-633
-469
-501
-1116
-1296
-1006
-880
-1042
-1505
273
4139
4376
414
-410
2523
4851
6174
4702
237
398
5196
5122
1606
660
444
659
2057
814
-1447
-346
603
-813
-1306
-887
-723
-5
-337
-1925
-1864
-452
-258
-1314
-2275
-2484
-1860
-1176
-1148
-1399
-1495
-1338
-1086
-962
-1025
-912
-864
-882
-522
52
190
209
129
-101
2
346
136
-117
-92
-674
-1527
-1486
-1191
-1165
-1068
-1000
859
4185
4057
369
415
3866
5581
5444
2966
-906
441
4729
3852
1046
1021
932
986
2039
617
-924
220
4
-2144
-2660
-2042
-1910
-1941
-2709
-3273
-2304
-1151
-1023
-1645
-2098
-1567
-792
-1206
-1925
-1827
-1640
-1480
-1330
-1626
-1423
-448
-177
-255
408
915
779
772
447
248
589
431
-279
-397
-258
-443
-519
-168
131
191
-72
-413
1348
4467
3973
45
-137
3221
4896
4755
2806
-517
776
5420
4995
1502
1029
1272
1220
2089
864
-1448
-1176
-842
-2334
-2876
-2487
-2363
-2150
-2575
-3205
-2617
-1638
-1570
-1951
-2441
-2418
-1577
-1367
-1776
-1896
-1856
-1434
-573
-251
-302
-144
-101
54
385
488
414
411
262
309
484
269
-180
-467
-483
-521
-740
-728
-765
-979
-1253
-1758
-454
3225
4119
624
-269
2750
4443
4682
3667
386
679
5381
5904
2442
1517
1739
1540
2580
1953
-603
-666
284
-1012
-2016
-1526
-1419
-1574
-1771
-2393
-2337
-1401
-1080
-1733
-2568
-2608
-1554
-953
-1431
-1679
-1550
-1672
-1280
-606
-658
-874
-668
-626
-507
-85
-23
204
569
392
330
652
347
-239
-160
-171
-896
-1405
-983
-667
-1084
-1682
-1516
837
3681
2564
-1016
-304
3683
5725
5032
2134
-235
2690
6775
5153
1864
1579
2087
2700
3075
740
-1397
-245
331
-1352
-2215
-1822
-1559
-1545
-2302
-3308
-2888
-1630
-1453
-2279
-2923
-2631
-1762
-1285
-1382
-1595
-1672
-1469
-844
-679
-882
-787
-911
-1085
-286
726
467
-56
-17
50
171
584
425
-377
-848
-943
-1184
-1401
-1389
-1646
-1757
-1834
-1853
206
3156
2041
-1305
-130
3755
5420
4923
2442
101
2845
6950
5491
2203
1487
1576
2317
2881
498
-1716
-732
-217
-1504
-1694
-1122
-1226
-1492
-2109
-2419
-1588
-366
-260
-1582
-2824
-2442
-1089
-714
-1148
-1349
-1282
-819
-26
169
31
93
-37
-288
-33
413
136
-205
-65
286
491
496
273
-193
-513
-492
-505
-812
-1107
-1400
-1643
-1872
-1862
-13
3189
3131
-210
-177
3583
5739
5201
2925
355
1845
6097
6103
2607
994
1157
1804
2515
1287
-776
-1039
-968
-1840
-2124
-2013
-2355
-2437
-2680
-3181
-2519
-1189
-1398
-2752
-3232
-2452
-1362
-881
-1433
-2235
-2076
-1182
-425
-183
-370
-605
-683
-729
-420
141
102
-329
-518
-712
-793
-558
-554
-1020
-1252
-1229
-1214
-1193
-1381
-1589
-1584
-1447
-1635
-873
1981
3556
1162
-642
1726
4936
6282
5479
2504
1428
4921
7384
5208
2546
1730
2128
3624
3848
1474
-146
210
173
-455
-475
-564
-1129
-1586
-2116
-2263
-1374
-455
-1009
-2227
-2552
-2068
-1680
-1533
-1599
-1980
-2152
-1938
-1712
-1553
-1281
-1375
-1726
-1473
-462
8
-428
-972
-1105
-827
-588
-796
-1116
-1349
-1772
-1924
-1604
-1353
-1454
-1674
-1890
-1801
-1589
-567
1826
2913
754
-468
1734
4305
5375
4682
2215
1713
5043
6987
4919
2348
1197
1798
3585
3346
784
-427
-141
-75
210
372
-247
-549
-467
-1082
-1423
-800
-458
-1003
-1703
-2104
-1940
-1345
-860
-1111
-1764
-1836
-1172
-654
-761
-1107
-1526
-1490
-1011
-673
-683
-883
-1281
-1596
-1309
-769
-687
-1117
-1739
-2232
-2288
-1977
-1723
-1920
-2101
-1851
-1375
-1293
-514
1948
3543
2260
979
2457
4892
6170
5487
2610
1037
3724
6519
5345
2508
787
1132
3370
4211
1792
-276
-166
12
-299
-656
-1546
-2131
-1924
-2372
-3241
-3031
-2168
-2105
-2851
-3319
-2762
-1636
-1074
-1492
-2120
-1964
-1247
-705
-595
-900
-1222
-1037
-638
-381
128
599
390
-142
-262
-178
-305
-529
-783
-1196
-1462
-1330
-1342
-1808
-1937
-1500
-994
-822
-841
664
2986
2734
532
885
3170
4842
5787
4244
955
1853
6215
6999
4173
2038
1546
2826
4475
3370
948
297
621
626
312
-816
-1636
-1360
-1737
-2716
-2578
-1879
-1984
-2735
-3461
-3598
-2671
-2007
-2635
-3279
-2933
-2314
-2165
-2332
-2131
-1482
-1147
-1506
-1703
-948
-116
-70
-824
-1421
-1047
-225
-238
-777
-949
-706
-132
174
-208
-429
-62
191
178
1
442
2515
3854
1962
532
2402
4880
6222
5947
2965
1369
4459
6946
5289
2926
1524
1205
3066
3804
1207
-740
-393
-305
-520
-532
-1493
-2264
-2181
-2524
-2833
-2235
-2107
-2911
-3362
-3298
-2949
-2100
-1657
-2232
-2577
-2022
-1374
-1272
-1536
-1731
-1527
-1288
-1395
-1520
-1492
-1387
-1118
-981
-949
-680
-410
-788
-1336
-1469
-1358
-1021
-860
-1148
-1389
-1291
-1252
-911
-495
-91
1679
3533
2610
1001
2164
4386
5917
6452
4393
2140
4082
7108
6402
4065
2547
2155
3551
4426
2173
-152
-33
570
363
-340
-1446
-1865
-1508
-1884
-2448
-2078
-1680
-1807
-2225
-2970
-3057
-2006
-1360
-1998
-2719
-2556
-2051
-1594
-1765
-2396
-2424
-1546
-1020
-1354
-1512
-1157
-938
-939
-908
-809
-720
-707
-888
-1306
-1551
-1308
-938
-954
-986
-657
-703
-908
-679
-366
986
3127
3195
1140
1293
3641
5360
6122
5312
3091
3332
6001
6443
4441
2927
2198
2401
3209
2325
122
-772
-596
-700
-965
-1388
-1827
-1966
-2312
-2743
-2461
-1971
-1879
-2083
-2841
-3507
-2920
-2071
-2091
-2311
-2217
-2135
-1664
-1088
-1245
-1467
-877
-243
-231
-439
-678
-877
-633
-228
-366
-762
-852
-838
-983
-1434
-1596
-1320
-1153
-1075
-766
-816
-1120
-803
-573
-279
1786
3775
2792
1394
2571
4368
5670
6418
4818
2880
4450
6727
5846
3776
2512
1949
2825
3657
2152
328
-55
-188
-620
-945
-1442
-1974
-2258
-2940
-3592
-3333
-2976
-3097
-3600
-4170
-3982
-3123
-2847
-3217
-3113
-2631
-2376
-2043
-1951
-1999
-1590
-933
-872
-881
-519
-187
-73
-42
-5
116
292
402
292
-81
-346
-397
-370
-459
-526
-433
-256
-94
206
421
851
2353
3564
2735
1753
2715
4173
5078
5270
3488
1873
3530
5530
4694
3115
2062
1245
2069
3028
1335
-715
-789
-599
-1001
-1284
-1832
-2429
-2404
-2423
-2870
-2991
-2651
-2437
-2883
-3474
-3352
-2719
-2351
-2385
-2457
-2373
-1898
-1305
-1313
-1252
-540
-133
-474
-559
-258
30
408
423
-250
-408
59
188
-161
-504
-694
-596
-412
-621
-813
-454
69
181
209
322
952
2712
4026
3053
1990
2948
4425
5393
5662
3817
1927
3354
5362
4692
3167
1932
825
1277
2257
1038
-883
-1323
-1414
-1851
-2189
-2758
-3295
-3236
-3235
-3745
-3955
-3454
-3001
-3224
-3781
-3800
-3121
-2259
-1815
-2185
-2400
-1599
-619
-549
-546
-100
272
559
768
637
576
1060
1183
575
298
391
263
9
-279
-591
-819
-849
-958
-1101
-956
-566
-357
-472
-474
-230
1060
2704
2584
1303
1719
3246
4360
5060
4309
2415
2799
4751
4868
3603
2420
1217
1316
2382
1747
54
-390
-449
-1002
-1256
-1620
-2254
-2287
-2238
-2888
-3426
-3171
-2641
-2598
-3035
-3313
-3146
-2700
-2166
-2107
-2212
-1579
-895
-998
-811
-44
218
331
555
238
271
1090
1206
570
336
307
229
365
239
-337
-555
-330
-524
-1044
-1119
-679
-444
-617
-752
-778
91
1996
2808
1580
1032
2260
3753
4639
4361
2456
1703
3419
4524
3718
2589
1495
1091
2175
2429
828
-155
23
-303
-980
-1313
-1745
-1921
-1584
-1821
-2786
-3023
-2297
-1824
-2136
-2625
-2764
-2401
-1888
-1747
-2020
-2099
-1596
-1009
-958
-1172
-1133
-764
-275
-52
-349
-592
-399
-215
-179
-267
-582
-843
-728
-767
-993
-954
-869
-933
-874
-622
-403
-251
-119
-62
296
1591
2943
2745
1733
1944
3176
4285
4958
4122
2515
2850
4463
4562
3498
2663
1798
1739
2446
1926
512
-21
-38
-505
-874
-1137
-1521
-1660
-1712
-2174
-2751
-2911
-2676
-2507
-2699
-3027
-3089
-2865
-2555
-2337
-2276
-2228
-1924
-1620
-1557
-1463
-1311
-1163
-936
-861
-978
-833
-495
-385
-257
-103
-236
-322
-119
-49
-244
-237
-219
-333
-123
405
754
749
757
960
1664
2904
3638
3039
2318
2713
3721
4690
5018
3904
2814
3291
4163
4062
3566
2796
1786
1786
2221
1559
568
277
-54
-625
-1017
-1636
-2239
-2184
-2033
-2485
-3241
-3688
-3635
-3253
-3037
-3320
-3780
-3872
-3462
-3057
-2842
-2865
-3064
-3029
-2447
-1905
-1749
-1513
-1335
-1322
-1003
-604
-534
-433
-249
-267
-228
-29
46
199
395
369
304
427
724
1170
1456
1370
1297
1418
2047
3268
3904
3218
2736
3061
3698
4682
5203
3950
2797
3377
4042
3850
3620
2755
1515
1686
2199
1405
389
110
-223
-742
-1205
-1938
-2484
-2369
-2390
-2957
-3554
-3763
-3671
-3451
-3352
-3630
-3887
-3626
-3279
-3241
-2918
-2509
-2609
-2508
-1876
-1642
-1563
-1063
-852
-1037
-803
-422
-337
-274
-173
-132
-134
-56
75
91
75
184
246
311
626
952
1009
1289
1491
1458
2228
3453
3503
2874
3079
3513
3879
4710
4643
3315
2991
3802
3912
3544
3045
2004
1609
2021
1660
683
96
-453
-981
-1174
-1775
-2665
-2827
-2683
-3075
-3570
-3852
-3985
-3903
-3688
-3732
-3930
-3905
-3435
-2940
-2800
-2672
-2216
-1757
-1382
-1037
-807
-615
-187
287
486
547
642
923
1165
1133
1059
1197
1291
1270
1287
1240
1025
1065
1524
1642
1388
1378
1336
1325
1929
2708
2708
2152
2065
2305
2760
3427
3253
2213
1874
2385
2499
2260
1773
767
386
751
419
-580
-992
-1124
-1519
-1817
-2352
-3162
-3415
-3091
-3199
-3836
-4224
-4222
-4125
-3994
-3821
-3768
-3714
-3323
-2985
-2793
-2461
-1980
-1651
-1359
-1076
-786
-325
151
305
478
863
1085
1257
1436
1448
1376
1524
1741
1678
1698
1846
1856
1726
1865
2166
2112
2000
1987
2102
2628
3354
3288
2675
2536
2888
3477
3998
3514
2720
2588
2776
2712
2462
1640
746
771
775
-31
-956
-1425
-1693
-1868
-2163
-2970
-3760
-3817
-3571
-3703
-4214
-4500
-4393
-4307
-4025
-3689
-3703
-3610
-3081
-2665
-2485
-1979
-1499
-1357
-1078
-641
-294
3
336
477
549
856
1194
1243
1187
1142
1216
1336
1310
1252
1352
1367
1239
1234
1294
1493
1815
1881
1566
1587
2300
2955
2807
2500
2400
2495
3127
3768
3241
2427
2588
2885
2613
2325
1796
1004
906
1048
332
-669
-1057
-1259
-1505
-1837
-2547
-3202
-3312
-3172
-3310
-3709
-4031
-4009
-3806
-3557
-3536
-3645
-3463
-2983
-2622
-2433
-2093
-1761
-1538
-1086
-637
-527
-249
208
330
356
621
708
631
771
843
746
790
861
862
1013
1122
1036
960
1126
1427
1575
1504
1343
1509
2184
2787
2624
2190
2170
2523
3073
3343
2738
2152
2264
2607
2696
2297
1382
927
1178
999
246
-464
-966
-1247
-1234
-1540
-2322
-2861
-2804
-2677
-2918
-3291
-3481
-3429
-3177
-2921
-2874
-2890
-2691
-2280
-1897
-1703
-1481
-1131
-822
-565
-300
-107
96
305
427
375
334
417
522
544
425
367
327
311
419
576
475
384
556
673
743
998
1083
1005
1495
2297
2471
2315
2576
2724
2854
3451
3520
2840
2810
3243
3069
2784
2451
1743
1376
1489
1132
412
-110
-450
-708
-1005
-1568
-2133
-2346
-2508
-2711
-3057
-3521
-3689
-3554
-3483
-3505
-3500
-3383
-3065
-2735
-2591
-2426
-2139
-1846
-1401
-1021
-933
-821
-493
-224
-64
124
232
242
309
327
242
284
341
408
473
487
459
598
806
816
876
1022
1068
1255
1840
2160
2017
2075
2379
2543
2939
3349
2978
2614
2928
3139
2944
2699
2208
1746
1821
1727
1059
495
74
-342
-644
-997
-1610
-2071
-2206
-2371
-2755
-3120
-3210
-3167
-3139
-3159
-3111
-3033
-2805
-2446
-2257
-2152
-1864
-1481
-1215
-1037
-846
-491
-153
-12
158
373
334
387
626
557
330
437
631
528
418
435
394
244
362
540
476
427
580
689
756
1178
1532
1569
1662
1889
2125
2536
2747
2516
2525
2835
2986
2973
2802
2347
2142
2244
2045
1442
918
589
332
-27
-614
-1234
-1703
-1988
-2250
-2669
-3182
-3418
-3469
-3574
-3734
-3851
-3820
-3587
-3301
-3224
-3150
-2870
-2550
-2224
-1829
-1497
-1291
-930
-559
-416
-201
210
569
730
887
1016
1095
1294
1504
1580
1576
1585
1669
1780
1781
1725
1814
1861
1839
2046
2352
2361
2210
2240
2212
2271
2594
2559
2173
2117
2305
2402
2375
2060
1609
1536
1467
1094
706
241
-232
-338
-496
-1133
-1653
-1837
-2081
-2393
-2689
-3171
-3515
-3458
-3504
-3792
-4011
-4023
-3853
-3611
-3507
-3502
-3390
-3112
-2770
-2490
-2276
-2008
-1678
-1368
-1110
-866
-580
-245
93
319
521
769
1018
1167
1360
1604
1722
1844
2097
2323
2480
2638
2708
2721
2993
3357
3399
3309
3289
3247
3433
3709
3396
2930
2998
3122
3007
2895
2524
1886
1714
1778
1273
545
138
-142
-469
-791
-1322
-1982
-2338
-2391
-2603
-3091
-3502
-3648
-3710
-3744
-3820
-3971
-3967
-3738
-3514
-3444
-3337
-3115
-2815
-2523
-2236
-1946
-1595
-1188
-864
-560
-337
-88
267
523
556
719
1000
1167
1395
1634
1605
1560
1742
1911
1897
1961
2075
1984
1953
2250
2493
2339
2287
2450
2402
2473
2843
2729
2236
2327
2657
2514
2316
2166
1695
1434
1592
1292
568
207
76
-238
-555
-976
-1578
-1932
-1989
-2189
-2636
-3071
-3336
-3451
-3521
-3705
-3865
-3899
-3861
-3752
-3604
-3462
-3300
-3047
-2759
-2526
-2270
-1887
-1495
-1244
-1012
-702
-404
-109
214
444
614
857
1145
1340
1449
1644
1763
1776
1907
2014
2002
2100
2223
2199
2318
2593
2615
2555
2678
2723
2792
3063
2989
2628
2645
2827
2715
2609
2430
2016
1871
1976
1650
1049
693
383
54
-209
-616
-1196
-1600
-1781
-2032
-2468
-2859
-3091
-3301
-3471
-3516
-3580
-3715
-3672
-3510
-3454
-3388
-3156
-2975
-2843
-2537
-2160
-1866
-1584
-1265
-949
-649
-332
-37
186
447
709
942
1116
1207
1356
1610
1741
1765
1833
1838
1897
2085
2191
2077
2207
2523
2537
2466
2472
2350
2375
2706
2673
2257
2184
2311
2226
2171
2021
1589
1404
1518
1272
744
329
-12
-290
-573
-991
-1451
-1767
-1960
-2179
-2553
-2924
-3061
-3125
-3283
-3415
-3502
-3580
-3495
-3371
-3401
-3345
-3070
-2833
-2623
-2321
-2092
-1887
-1487
-1134
-960
-713
-375
-88
123
311
501
673
841
1034
1189
1260
1374
1563
1658
1707
1826
1912
1982
2044
2144
2360
2502
2439
2435
2507
2512
2705
2861
2566
2402
2625
2617
2453
2402
2106
1778
1849
1770
1203
797
626
269
-68
-317
-820
-1314
-1445
-1590
-2020
-2418
-2596
-2815
-3036
-3100
-3174
-3366
-3372
-3181
-3182
-3257
-3070
-2810
-2666
-2504
-2266
-2053
-1867
-1593
-1282
-1064
-875
-568
-290
-162
-5
267
478
580
766
985
1073
1128
1255
1377
1481
1717
1909
1880
1886
2203
2501
2499
2590
2749
2729
2913
3255
3037
2682
2931
3089
2785
2617
2447
2013
1862
1908
1452
837
530
236
-167
-554
-976
-1408
-1728
-1999
-2311
-2662
-3010
-3196
-3277
-3456
-3598
-3583
-3566
-3548
-3422
-3273
-3122
-2875
-2576
-2404
-2231
-1915
-1606
-1423
-1249
-1019
-769
-526
-333
-209
-134
32
277
459
481
530
752
925
988
1128
1240
1316
1517
1734
1771
1898
2280
2504
2609
2799
2898
3020
3365
3472
3292
3411
3595
3505
3418
3252
2837
2623
2596
2190
1622
1247
875
430
0
-536
-1127
-1564
-1929
-2396
-2894
-3276
-3511
-3703
-3928
-4164
-4324
-4320
-4170
-4029
-3968
-3849
-3629
-3356
-3069
-2805
-2497
-2123
-1728
-1362
-1028
-718
-409
-101
154
359
550
724
883
1058
1239
1409
1563
1654
1737
1916
2058
2139
2222
2253
2313
2574
2783
2728
2740
2836
2895
3090
3252
3037
2865
2989
2946
2742
2605
2323
1970
1882
1686
1171
716
376
-42
-470
-869
-1420
-1940
-2240
-2514
-2910
-3274
-3522
-3716
-3864
-3971
-4086
-4190
-4183
-4045
-3918
-3798
-3548
-3262
-2987
-2682
-2351
-2057
-1760
-1396
-1066
-793
-506
-195
127
411
687
990
1246
1413
1601
1832
1978
2117
2266
2344
2442
2668
2855
2869
2871
2953
3122
3326
3402
3312
3214
3252
3346
3311
3075
2842
2763
2728
2558
2188
1709
1350
1145
877
360
-247
-712
-1042
-1378
-1830
-2353
-2815
-3086
-3283
-3603
-3977
-4208
-4293
-4377
-4453
-4510
-4539
-4425
-4171
-3948
-3745
-3481
-3145
-2784
-2429
-2088
-1743
-1393
-1059
-657
-278
-12
300
661
889
1133
1465
1674
1839
2071
2243
2346
2532
2691
2716
2762
2894
3005
3081
3141
3158
3221
3330
3383
3352
3271
3193
3191
3171
2999
2769
2581
2379
2123
1814
1450
1044
696
394
-27
-527
-936
-1285
-1674
-2048
-2447
-2866
-3180
-3376
-3595
-3848
-3991
-4046
-4086
-4101
-4057
-4028
-3916
-3629
-3380
-3180
-2891
-2577
-2309
-1976
-1621
-1366
-1098
-763
-469
-203
94
378
602
841
1061
1250
1439
1596
1720
1813
1932
2053
2135
2210
2314
2396
2478
2595
2657
2678
2781
2853
2827
2818
2846
2775
2721
2702
2524
2349
2305
2169
1913
1716
1421
1033
758
447
13
-353
-643
-991
-1329
-1656
-2008
-2313
-2542
-2770
-2993
-3163
-3301
-3385
-3418
-3407
-3373
-3321
-3211
-3009
-2833
-2644
-2360
-2140
-1937
-1661
-1406
-1220
-941
-647
-459
-227
38
211
362
571
710
819
979
1081
1161
1265
1358
1451
1538
1596
1665
1764
1859
1956
2038
2110
2201
2277
2278
2286
2300
2275
2355
2436
2313
2177
2150
2030
1839
1729
1518
1184
970
782
438
105
-154
-482
-793
-1037
-1368
-1736
-2014
-2270
-2506
-2692
-2843
-2983
-3081
-3123
-3151
-3150
-3101
-2982
-2857
-2708
-2505
-2360
-2195
-1967
-1762
-1526
-1225
-957
-735
-453
-196
11
270
491
634
824
1024
1144
1267
1424
1537
1616
1752
1832
1860
1984
2120
2169
2203
2269
2330
2394
2440
2439
2390
2349
2348
2287
2154
2033
1941
1822
1700
1519
1218
975
810
576
280
-33
-393
-697
-961
-1277
-1595
-1846
-2058
-2242
-2415
-2625
-2775
-2846
-2882
-2871
-2845
-2804
-2731
-2631
-2478
-2305
-2147
-1933
-1666
-1452
-1236
-981
-775
-580
-347
-135
53
264
451
567
684
847
961
1029
1121
1191
1222
1256
1325
1370
1389
1426
1465
1500
1527
1579
1653
1691
1737
1765
1739
1752
1761
1722
1698
1627
1503
1470
1424
1278
1153
1024
822
643
494
244
-15
-234
-491
-755
-1000
-1241
-1467
-1672
-1868
-2030
-2182
-2303
-2359
-2433
-2492
-2494
-2470
-2398
-2294
-2197
-2088
-1920
-1759
-1603
-1385
-1195
-1032
-824
-617
-462
-273
-39
133
281
443
579
655
744
830
875
956
1041
1111
1156
1173
1230
1275
1308
1363
1452
1523
1606
1684
1679
1682
1709
1719
1732
1773
1731
1646
1640
1597
1503
1408
1261
1061
894
719
428
136
-90
-328
-574
-833
-1096
-1324
-1529
-1732
-1911
-2045
-2126
-2165
-2192
-2234
-2264
-2248
-2159
-2007
-1855
-1694
-1504
-1303
-1090
-862
-636
-430
-207
6
183
347
486
584
707
801
850
935
979
999
1016
990
938
866
803
762
717
691
677
673
692
738
769
786
824
843
848
871
926
985
1024
1039
1059
1116
1119
1076
1030
919
799
685
529
321
116
-70
-307
-567
-781
-984
-1236
-1474
-1694
-1913
-2082
-2216
-2322
-2403
-2452
-2448
-2424
-2384
-2302
-2190
-2044
-1856
-1647
-1442
-1220
-973
-721
-466
-251
-28
240
494
692
874
1017
1135
1274
1385
1428
1447
1469
1480
1465
1441
1451
1452
1421
1405
1381
1331
1302
1285
1249
1205
1161
1143
1135
1114
1090
1064
1030
1012
1007
936
839
754
639
518
405
259
82
-75
-223
-377
-558
-733
-900
-1073
-1234
-1407
-1568
-1725
-1841
-1905
-1946
-1985
-1985
-1932
-1885
-1812
-1719
-1606
-1494
-1346
-1169
-1016
-859
-689
-522
-359
-158
14
145
288
407
514
606
690
777
850
883
914
952
966
994
1013
1014
1033
1061
1048
1051
1056
1043
1064
1078
1076
1056
1065
1065
1055
1059
1001
943
924
862
776
699
597
500
416
288
131
-6
-135
-276
-430
-592
-744
-873
-989
-1129
-1273
-1411
-1551
-1621
-1679
-1728
-1743
-1749
-1718
-1656
-1556
-1462
-1364
-1244
-1114
-983
-875
-763
-643
-511
-345
-187
-49
93
245
374
484
575
648
730
804
862
912
940
973
1013
1034
1063
1083
1083
1086
1091
1106
1119
1118
1099
1075
1040
990
948
900
839
789
746
676
605
540
443
351
289
219
95
-35
-153
-297
-420
-530
-640
-749
-842
-936
-1044
-1139
-1228
-1301
-1353
-1396
-1439
-1469
-1465
-1446
-1392
-1325
-1252
-1150
-1056
-962
-870
-768
-661
-540
-391
-262
-132
2
128
253
372
494
572
634
722
794
840
883
945
1007
1040
1061
1063
1049
1034
1030
1039
1042
1051
1043
1027
1023
1001
950
919
897
855
797
728
644
562
479
391
309
234
144
21
-111
-244
-379
-515
-641
-759
-861
-949
-1054
-1150
-1245
-1323
-1373
-1412
-1442
-1464
-1476
-1459
-1421
-1362
-1274
-1182
-1064
-950
-839
-700
-550
-414
-264
-102
41
181
336
451
542
668
770
871
951
986
1021
1035
1040
1050
1030
997
968
937
898
833
777
739
698
663
616
574
516
458
417
379
344
304
287
262
220
171
119
65
10
-29
-76
-139
-198
-267
-354
-443
-517
-587
-672
-776
-884
-964
-1033
-1101
-1148
-1194
-1254
-1290
-1305
-1320
-1313
-1265
-1211
-1165
-1099
-1016
-916
-796
-657
-521
-389
-250
-102
54
219
371
509
638
751
857
966
1066
1150
1206
1240
1275
1302
1304
1294
1278
1249
1221
1189
1158
1126
1078
1027
951
854
783
705
632
578
516
448
384
323
249
181
102
7
-84
-172
-269
-359
-446
-539
-623
-692
-755
-798
-842
-888
-923
-968
-1009
-1039
-1071
-1098
-1100
-1092
-1082
-1056
-1012
-965
-913
-861
-792
-708
-605
-493
-385
-276
-174
-73
44
150
239
331
424
497
572
645
687
737
792
829
853
856
850
849
844
833
824
809
775
744
711
670
626
578
539
484
414
346
276
211
157
93
22
-42
-121
-210
-299
-382
-453
-534
-619
-705
-778
-846
-890
-926
-964
-989
-1009
-1015
-1028
-1032
-1029
-1042
-1036
-998
-950
-893
-825
-737
-640
-545
-447
-349
-265
-158
-43
52
146
248
364
453
540
648
755
844
930
1020
1083
1126
1155
1167
1170
1175
1186
1175
1135
1100
1068
1022
971
919
855
786
711
645
577
491
412
321
231
156
65
-25
-102
-173
-241
-309
-374
-428
-492
-550
-611
-674
-745
-815
-862
-899
-918
-917
-908
-905
-894
-888
-876
-857
-839
-800
-753
-720
-668
-596
-528
-452
-377
-308
-231
-160
-94
-41
17
81
149
222
302
373
433
488
524
568
610
648
680
695
698
708
701
675
648
615
600
571
530
509
483
441
404
360
292
220
143
73
9
-68
-126
-154
-206
-265
-298
-347
-401
-423
-459
-509
-553
-598
-629
-653
-686
-705
-701
-683
-658
-622
-583
-559
-534
-487
-447
-420
-375
-327
-268
-197
-124
-48
27
104
173
230
275
323
381
440
494
541
579
613
641
660
677
684
680
684
681
681
681
650
609
571
519
477
451
402
355
323
271
213
144
82
42
-11
-57
-95
-153
-209
-251
-308
-367
-407
-439
-475
-510
-532
-539
-557
-575
-603
-641
-651
-654
-653
-645
-638
-620
-588
-565
-541
-498
-451
-395
-350
-316
-276
-232
-182
-129
-71
-1
68
128
208
299
361
419
468
496
531
574
591
600
615
620
633
638
645
668
678
682
675
646
594
565
525
470
431
390
331
279
243
192
130
76
16
-44
-104
-157
-209
-272
-343
-406
-450
-487
-518
-544
-573
-610
-636
-652
-669
-674
-671
-654
-639
-623
-599
-573
-547
-515
-484
-449
-408
-352
-301
-260
-203
-150
-99
-44
21
71
106
152
189
218
267
317
357
378
401
425
435
442
461
476
491
513
516
505
489
468
455
452
438
424
400
360
328
297
254
210
155
97
59
28
-9
-44
-70
-90
-117
-171
-226
-276
-334
-379
-396
-413
-423
-424
-444
-461
-467
-473
-472
-465
-448
-420
-406
-401
-383
-365
-336
-307
-287
-259
-217
-166
-118
-70
-23
13
48
90
137
187
232
265
296
328
358
375
388
394
402
422
430
443
444
419
406
410
407
402
388
368
345
316
296
265
233
228
208
164
140
112
67
39
21
-6
-29
-57
-98
-143
-173
-187
-202
-230
-256
-280
-304
-324
-340
-342
-349
-348
-335
-336
-341
-338
-329
-314
-302
-291
-286
-286
-278
-265
-248
-224
-195
-169
-150
-115
-74
-52
-29
-2
17
25
42
71
87
104
141
187
223
239
255
259
255
257
266
261
255
262
261
249
244
251
244
231
220
209
198
182
156
132
107
80
58
23
-8
-36
-68
-91
-96
-112
-123
-129
-132
-131
-139
-152
-170
-189
-206
-214
-227
-241
-239
-236
-230
-215
-206
-200
-185
-169
-154
-139
-133
-133
-117
-98
-78
-58
-33
8
33
51
82
99
116
132
153
166
172
186
204
220
229
245
250
243
235
221
226
234
226
220
201
183
181
172
150
137
127
114
109
84
63
40
13
-4
-24
-44
-56
-69
-84
-87
-87
-93
-106
-128
-149
-171
-193
-199
-200
-206
-204
-202
-207
-217
-212
-188
-167
-145
-123
-107
-103
-116
-102
-93
-87
-74
-69
-65
-59
-36
-17
-7
1
18
32
40
50
57
65
71
77
90
98
105
112
117
118
121
127
123
118
119
119
123
126
118
115
111
100
75
45
12
-14
-12
-18
-26
-29
-25
-10
-11
-18
-37
-62
-93
-117
-122
-131
-137
-131
-128
-119
-114
-114
-126
-138
-139
-128
-102
-90
-78
-63
-55
-44
-35
-22
-4
3
4
13
26
44
63
74
88
98
106
114
114
122
125
119
120
133
144
151
160
151
132
118
110
116
113
93
98
108
109
116
105
89
74
62
56
47
39
47
44
26
18
14
-1
-18
-32
-55
-78
-102
-124
-139
-155
-153
-149
-154
-156
-145
-145
-150
-132
-131
-137
-141
-145
-127
-118
-111
-96
-91
-95
-82
-87
-93
-85
-82
-81
-61
-41
-28
-15
-15
-10
-19
-20
-29
-47
-51
-48
-34
-8
21
46
64
70
80
77
67
78
93
90
89
93
99
115
130
142
146
143
147
139
124
108
113
123
115
112
107
93
79
62
42
41
41
50
70
70
65
63
66
63
51
36
29
13
0
-25
-48
-49
-42
-36
-30
-29
-37
-41
-53
-61
-78
-96
-114
-124
-123
-129
-146
-140
-120
-109
-104
-112
-116
-119
-142
-137
-117
-111
-107
-102
-101
-98
-90
-84
-79
-64
-48
-46
-37
-30
-21
-13
-12
-5
-1
-18
-11
-6
-22
-7
13
35
48
42
36
48
46
49
67
77
95
108
111
120
139
147
150
156
159
164
150
124
133
145
150
144
124
112
99
93
94
84
72
60
49
39
30
19
3
1
-2
-10
-16
-19
-17
-18
-23
-18
-31
-43
-44
-55
-70
-93
-109
-111
-100
-103
-98
-87
-87
-83
-81
-83
-92
-92
-95
-99
-93
-97
-100
-96
-87
-78
-67
-63
-60
-53
-48
-37
-36
-42
-29
-16
-5
19
42
43
42
46
45
31
32
37
33
42
32
31
21
15
20
29
37
34
42
49
46
34
29
14
12
12
3
-4
-6
-5
-1
2
-6
6
8
3
6
7
4
3
2
-9
-9
-6
-10
-14
-5
12
22
37
42
50
50
45
43
35
32
29
29
19
26
31
26
16
5
2
2
4
0
-1
-12
-9
3
6
0
-12
-11
-20
-17
-2
4
1
3
4
-10
-21
-28
-28
-18
-11
-9
-22
-19
7
16
12
12
-4
-14
-9
-8
-9
-4
7
11
8
-5
-3
-2
-2
10
10
-5
-26
-41
-48
-43
-40
-27
-14
-11
-3
6
-1
8
40
50
43
37
36
34
31
22
4
-10
-19
-9
-1
-8
2
16
15
12
14
14
3
-2
-1
-16
-33
-39
-47
-43
-43
-46
-46
-53
-47
-43
-41
-41
-47
-48
-51
-49
-42
-38
-35
-33
-30
-25
-19
-15
-10
6
19
26
26
25
35
32
27
36
61
71
80
91
83
87
82
67
61
53
52
51
50
52
55
37
20
12
-5
-19
-24
-25
-19
-8
-4
-16
-28
-23
-7
-1
-7
-19
-21
-16
-20
-20
-11
2
15
29
35
37
32
19
6
-12
-18
-25
-33
-40
-46
-38
-39
-36
-34
-41
-46
-63
-85
-92
-92
-86
-63
-47
-38
-34
-34
-25
-19
-13
-2
11
19
31
30
26
32
48
54
58
59
49
49
54
58
62
64
65
69
67
57
51
47
39
31
22
13
2
-10
-17
-20
-24
-29
-31
-30
-28
-22
-30
-39
-46
-60
-62
-52
-44
-36
-31
-31
-22
-13
-8
7
7
7
8
0
-2
-1
4
14
19
14
3
-1
10
10
1
7
17
27
20
9
16
14
26
46
47
42
46
48
42
37
34
28
23
17
4
-13
-35
-44
-47
-44
-42
-45
-42
-43
-34
-9
4
4
2
-2
-12
-26
-24
-14
-19
-18
-6
0
-3
-11
-16
-6
-2
-1
4
3
2
3
-4
-20
-29
-27
-22
-26
-34
-32
-25
-13
2
4
-7
-12
-22
-34
-38
-36
-22
-4
0
-2
2
8
13
23
28
20
12
16
21
19
18
26
38
46
53
63
53
49
51
51
52
42
43
40
30
21
12
13
13
15
14
10
-1
1
1
-11
-16
-17
-20
-23
-23
-16
-8
2
17
15
-1
-5
-4
-7
4
13
16
14
5
-2
-10
-15
-16
-20
-26
-36
-41
-40
-43
-42
-38
-29
-27
-25
-18
-13
-11
-10
-5
2
7
11
20
26
20
8
-7
-13
-14
-18
-22
-22
-14
-6
-10
-7
-8
-9
1
-2
-8
-11
-11
-9
-5
0
1
0
12
18
9
10
13
1
-11
-10
-1
-6
-13
-22
-26
-17
-5
8
7
-1
1
-2
-16
-13
-19
-27
-30
-30
-22
-3
23
45
61
63
56
56
55
50
43
35
28
32
35
34
41
44
47
41
32
24
23
16
9
-4
-18
-35
-45
-54
-62
-62
-59
-44
-33
-23
-21
-21
-21
-29
-29
-36
-35
-24
-17
-11
-8
-5
3
16
22
18
19
29
29
24
22
19
7
-9
-16
-4
0
8
15
18
16
6
1
-6
-5
-3
0
3
4
6
17
20
19
18
18
25
29
23
17
14
4
0
2
-5
-14
-21
-31
-23
-15
-8
-8
-5
-4
-18
-27
-26
-17
-8
-5
-5
-9
-11
-16
-11
4
1
-3
-9
-18
-33
-41
-35
-38
-36
-26
-23
-22
-12
6
20
28
34
30
27
28
34
41
37
34
31
23
26
24
9
-10
-11
-3
-5
-7
-12
-14
-14
-20
-17
-4
1
4
3
0
-5
0
4
5
11
18
24
19
16
18
20
22
18
14
7
0
-11
-25
-34
-37
-34
-28
-24
-33
-33
-30
-29
-18
-6
-14
-34
-39
-30
-30
-37
-32
-20
-15
-12
-3
4
4
24
39
38
40
39
36
24
21
26
40
48
49
53
59
61
49
37
26
26
26
14
10
6
5
11
7
-13
-26
-30
-29
-30
-25
-16
-7
1
3
1
-12
-14
-16
-21
-15
-12
-10
-17
-19
-15
-16
-14
-6
-4
-16
-33
-41
-38
-29
-17
3
14
4
-3
-4
-15
-12
4
13
19
34
30
14
2
-6
3
10
13
3
-6
2
2
-8
-15
-17
-12
-4
-11
-18
-20
-11
-4
-5
12
27
33
32
23
8
-2
1
1
16
24
10
1
3
13
14
4
0
1
0
0
8
12
-4
-5
6
12
19
28
35
17
-6
-23
-36
-50
-44
-40
-61
-71
-57
-36
-26
-21
-17
-16
-15
-11
-11
-21
-25
-15
-17
-13
-5
-3
2
9
20
32
52
58
55
47
33
27
25
29
24
22
23
8
2
10
16
16
22
18
13
21
23
12
4
9
0
-10
5
8
8
4
-3
-4
8
10
6
13
15
7
-7
-23
-25
-15
-13
-12
-10
-25
-29
-18
-11
-2
-3
4
-5
-8
-3
-5
-7
-5
10
5
-7
-5
12
10
10
16
11
-2
-12
-24
-30
-37
-40
-38
-27
-3
7
1
-15
-27
-22
-5
11
23
24
18
6
7
1
-2
17
15
15
11
-3
-12
-10
-1
7
19
13
-1
-6
-9
-7
-5
-4
-8
-9
-2
-5
-9
1
11
0
-20
-46
-49
-33
-6
27
37
41
45
38
16
0
-6
-6
4
18
15
14
9
10
16
16
28
23
12
5
3
1
-9
-14
-19
-19
-16
-19
-22
-36
-37
-33
-30
-4
11
5
-9
-18
-23
-24
-26
-30
-24
-19
-28
-15
0
0
7
15
11
8
-2
-2
10
20
26
24
16
11
17
26
30
38
32
30
31
25
24
22
24
23
24
35
33
23
21
26
34
31
18
0
-12
-19
-26
-22
-14
-5
0
-8
-25
-31
-36
-31
-13
-3
9
5
-5
-5
-7
-14
-18
-17
-18
-10
-3
-2
-2
-8
-17
-24
-18
-16
-10
-3
-2
2
2
5
19
23
-1
-15
-27
-38
-41
-52
-56
-57
-61
-47
-22
-16
-20
-18
-13
-8
-5
5
11
22
34
36
25
21
27
21
22
35
53
63
63
54
38
41
39
30
28
28
35
25
8
3
-4
-6
-13
-18
-24
-38
-33
-35
-19
12
24
16
-6
-21
-40
-48
-43
-37
-28
-24
-18
-10
-10
-7
-2
6
3
1
-5
-29
-36
-31
-33
-27
-7
14
25
39
48
40
29
20
6
-11
-7
1
0
1
15
25
20
16
28
25
20
23
6
-9
-5
5
-1
-12
-18
-19
-19
-24
-21
-10
2
23
29
14
11
23
41
51
51
44
31
11
-5
-9
-12
-6
-7
-16
-23
-28
-33
-33
-30
-20
-9
-8
-12
-22
-26
-32
-34
-26
-19
-12
-4
12
26
25
25
32
31
32
33
26
7
3
10
10
5
-6
-2
1
-2
-10
-12
-22
-25
-7
-3
2
14
25
16
16
9
-11
-19
-17
-8
-14
-23
-19
-10
2
7
9
5
-10
-20
-28
-36
-49
-56
-50
-49
-36
-13
-3
8
15
15
1
-16
-26
-28
-31
-35
-29
-11
4
11
24
30
33
33
40
49
39
17
14
11
12
19
15
9
3
10
12
7
11
10
3
7
15
4
5
13
20
20
13
4
5
17
23
40
47
40
42
41
38
41
33
13
6
5
6
18
24
22
13
-2
-8
-12
-26
-40
-55
-64
-61
-58
-69
-74
-67
-55
-46
-41
-27
-23
-19
-12
-7
-5
-11
-15
-13
-8
15
29
25
32
37
29
14
-6
-14
-10
-2
-4
-9
-9
-7
-12
-21
-14
-16
-15
-5
4
18
35
46
50
52
56
52
45
33
24
16
16
25
26
24
28
27
8
-4
-15
-28
-32
-32
-35
-38
-44
-44
-38
-39
-28
-22
-26
-30
-28
-24
-32
-27
-24
-16
-4
6
10
20
37
40
39
29
13
-2
-13
-6
11
10
7
12
13
15
25
18
-3
-7
-10
-22
-36
-36
-25
-19
-14
-13
-15
-16
1
13
18
15
7
-3
-26
-36
-21
-3
12
30
44
47
40
31
20
29
27
15
12
16
22
15
8
9
14
19
11
3
1
-10
-20
-30
-37
-28
-9
14
21
11
6
8
-5
-14
-12
-14
0
14
17
9
-11
-13
-2
9
15
19
16
9
10
5
-1
6
-5
-20
-30
-34
-21
-14
-6
1
-5
-6
-6
-10
-7
4
15
18
14
0
-17
-21
-16
-15
-18
-17
-11
-1
7
6
-4
-15
-20
-23
-22
-26
-34
-35
-36
-21
-8
-9
-7
-2
-9
-6
1
5
15
24
25
29
33
34
36
30
23
24
16
3
2
10
23
31
31
29
24
28
24
15
7
-8
-22
-25
-19
-16
-14
1
9
19
26
26
18
6
-1
-2
2
0
1
5
10
10
13
5
-5
-12
-12
-17
-27
-28
-32
-28
-34
-35
-36
-46
-39
-31
-31
-41
-44
-45
-46
-47
-50
-46
-41
-25
-9
-1
-4
-13
-9
4
19
29
31
37
44
43
48
47
45
43
40
44
40
34
25
19
21
23
33
43
42
45
45
33
25
20
10
8
11
11
15
27
43
47
32
6
-16
-21
-15
-9
-11
-13
-14
-12
-7
-7
-10
-21
-26
-22
-31
-52
-69
-75
-69
-60
-47
-40
-43
-41
-32
-33
-41
-31
-21
-18
-19
-22
-24
-28
-15
-9
-10
-7
-11
1
10
17
22
21
31
39
43
46
38
29
21
22
32
38
35
38
38
43
54
61
65
66
60
56
55
44
32
14
-1
-9
-8
3
3
-10
-14
-7
-1
9
7
-2
-23
-47
-61
-72
-76
-75
-74
-86
-93
-84
-66
-63
-59
-66
-63
-52
-52
-46
-49
-45
-40
-29
-19
-8
5
15
28
45
64
69
66
65
67
67
57
42
32
28
34
44
45
44
45
44
29
24
21
2
-7
-4
-5
-14
-19
-18
-11
-20
-26
-13
-5
0
8
10
6
20
32
32
31
30
30
19
1
-11
-13
-2
11
15
10
2
2
8
0
-5
2
-2
-8
-15
-16
-15
-20
-25
-25
-26
-29
-24
-27
-21
-11
-1
9
13
12
7
13
13
11
12
10
10
7
9
18
25
43
55
43
21
12
6
12
16
-2
-23
-29
-30
-32
-37
-38
-37
-33
-32
-36
-40
-41
-45
-46
-52
-56
-49
-43
-48
-54
-44
-35
-22
-15
-19
-16
-11
-9
2
12
26
41
53
46
22
7
2
5
6
10
8
21
44
51
51
46
41
43
38
18
4
-4
-8
-7
-17
-26
-25
-21
-14
-9
0
13
25
30
32
31
20
10
8
20
38
51
72
72
65
56
52
46
30
13
-8
-8
2
12
13
6
-12
-22
-34
-49
-49
-48
-43
-29
-14
-10
-23
-36
-46
-52
-56
-63
-63
-60
-49
-46
-48
-36
-32
-25
-20
-18
-15
-18
-20
-9
-7
-8
-13
-3
9
16
27
24
24
32
30
25
24
25
26
25
29
35
37
46
55
60
65
72
68
48
30
33
38
34
43
53
53
53
50
51
50
36
22
10
9
0
-19
-35
-42
-31
-22
-25
-37
-53
-57
-66
-82
-84
-75
-71
-80
-92
-97
-93
-87
-82
-69
-64
-62
-61
-63
-63
-60
-49
-31
-14
-5
6
11
3
0
9
17
15
8
10
25
39
49
60
59
53
52
46
38
32
24
19
20
23
26
36
53
65
72
77
70
61
57
62
61
48
35
28
29
28
26
22
25
40
44
27
13
12
4
-8
-19
-30
-41
-51
-62
-63
-61
-55
-41
-39
-41
-41
-41
-43
-40
-28
-21
-24
-32
-30
-26
-11
6
9
8
7
7
2
7
14
15
9
2
-4
-4
-8
-11
-11
-15
-9
-2
5
8
6
1
-4
-11
-11
-11
-8
-5
-7
-3
-3
2
13
12
17
21
16
14
21
14
1
-6
-7
-7
-1
1
1
7
4
4
1
-1
1
1
4
5
1
-10
-18
-23
-30
-35
-31
-30
-20
1
14
22
17
14
15
6
16
27
28
24
19
8
3
5
10
5
-10
-13
-18
-21
-26
-24
-16
-15
-4
5
9
4
-4
3
19
35
39
45
44
39
36
24
8
11
27
35
27
15
4
-4
-19
-39
-53
-56
-66
-67
-50
-44
-35
-21
-17
-18
-23
-32
-40
-40
-40
-28
-18
-5
15
26
30
29
40
51
52
58
60
52
42
36
29
22
19
23
27
27
29
21
14
2
-6
-12
-25
-21
-10
2
4
0
-6
-15
-28
-36
-40
-47
-47
-43
-34
-24
-4
11
13
8
-5
-19
-24
-7
5
12
19
15
10
-11
-26
-35
-28
-5
1
2
-14
-8
5
3
-1
-3
-6
-12
-11
-11
-12
-9
-10
-8
4
11
13
18
27
36
44
49
50
54
51
47
35
23
26
30
29
18
10
-6
-24
-28
-33
-36
-40
-40
-52
-57
-50
-35
-17
-5
3
-1
2
-2
-9
-8
-21
-22
-23
-20
-3
9
8
13
28
31
30
33
33
29
26
25
18
19
17
8
7
8
14
24
24
11
9
4
-10
-8
2
11
12
6
-4
-14
-18
-17
-11
-19
-24
-25
-33
-49
-62
-68
-69
-56
-46
-42
-41
-27
-18
-14
-6
-7
-10
-6
-1
-5
-13
-23
-26
-20
-1
8
13
13
4
4
13
29
42
58
68
76
63
37
28
29
26
20
17
22
39
43
40
34
40
43
51
54
42
26
5
-13
-16
-14
-10
-7
-5
-12
-31
-40
-47
-35
-11
0
5
1
-5
-17
-27
-24
-19
-13
-6
-5
-7
-4
3
6
11
22
30
24
3
-12
-16
-20
-17
-11
-16
-26
-23
-14
-5
4
7
-15
-37
-45
-58
-60
-64
-58
-37
-17
-2
-2
2
12
21
21
4
-13
-22
-22
-9
1
9
20
23
22
31
34
36
47
49
42
26
-5
-22
-15
8
23
26
31
28
30
23
7
13
4
-7
-20
-21
-7
6
22
21
18
14
-2
-28
-33
-20
-9
7
22
26
11
-7
-24
-32
-29
-29
-27
-17
-8
-11
-21
-25
-33
-28
-12
-4
-10
-29
-18
-9
0
6
7
7
1
-13
-35
-35
-17
-1
0
3
11
19
35
42
48
49
35
8
-3
6
11
28
47
54
52
49
41
28
22
21
25
20
9
4
-10
-19
-14
-2
10
15
21
14
4
-8
-15
-20
-20
-18
-7
-1
-6
-3
3
10
16
12
9
15
15
-3
-23
-50
-68
-64
-56
-52
-51
-58
-63
-60
-55
-46
-43
-41
-52
-66
-69
-64
-52
-51
-38
-22
-5
5
0
15
31
40
46
57
64
76
86
80
74
64
59
49
48
55
59
65
63
54
39
23
12
6
14
24
20
15
-3
-30
-46
-53
-49
-34
-13
-3
11
21
30
34
21
11
2
-14
-15
-18
-20
-27
-39
-39
-41
-48
-40
-21
-13
-5
4
-6
-28
-42
-45
-42
-43
-38
-38
-38
-30
-21
-2
7
18
30
16
7
16
17
24
34
38
41
43
39
31
23
9
3
-3
-13
-21
-13
-1
6
11
14
4
-8
-12
-6
5
8
10
-1
-11
-17
-18
-22
-35
-35
-36
-43
-49
-36
-17
-4
7
11
9
-1
7
23
23
16
17
24
32
29
23
21
27
40
46
55
52
50
47
45
35
25
15
10
21
27
32
33
30
28
28
24
6
-11
-21
-29
-34
-38
-48
-59
-58
-58
-56
-59
-59
-51
-42
-30
-28
-43
-62
-63
-55
-37
-19
-13
-6
-3
-10
-12
-10
-4
2
9
14
6
-1
-5
-6
-9
-5
4
10
5
9
20
33
43
47
50
57
62
64
65
54
44
28
18
17
24
10
-4
4
4
-3
-10
-6
-1
1
7
16
23
18
10
-3
-25
-38
-43
-46
-36
-23
-19
-15
-25
-34
-27
-27
-43
-65
-69
-72
-65
-55
-58
-56
-56
-51
-35
-13
11
23
30
34
30
26
17
23
23
23
22
18
35
44
53
65
74
77
82
82
66
45
18
-6
-13
-27
-35
-27
-4
20
38
55
62
64
65
51
35
23
15
11
2
-7
-18
-31
-38
-27
-9
-1
-7
-18
-17
0
-1
-2
-6
-14
-14
-19
-21
-38
-43
-39
-43
-42
-34
-24
-18
-12
-9
-12
-21
-21
-22
-33
-45
-48
-45
-27
-15
-10
-8
-11
-11
-9
-2
2
2
1
-1
-2
4
6
13
17
16
5
-9
-28
-35
-24
-13
-2
-1
-2
16
37
43
33
25
21
16
10
-3
-3
5
11
10
12
27
45
50
52
38
22
6
3
4
-2
-9
-15
-10
-14
-6
12
17
12
6
-11
-34
-52
-55
-42
-26
-13
-1
8
10
7
6
5
6
3
-3
-5
-3
-8
-4
8
17
21
27
37
44
29
21
26
19
13
11
13
7
17
28
31
25
18
14
1
-14
-20
-25
-18
-1
15
19
5
-1
-6
-8
-14
-26
-42
-47
-47
-44
-27
-22
-22
-20
-9
-3
-12
-21
-25
-27
-29
-25
-33
-34
-17
6
34
48
52
57
56
49
38
29
11
6
14
31
38
35
35
32
22
1
-9
-18
-21
-21
-30
-28
-32
-36
-20
-12
-12
-23
-39
-43
-49
-50
-46
-39
-37
-44
-53
-59
-45
-42
-27
-5
5
13
18
20
16
14
25
37
40
28
15
13
16
17
13
15
16
25
38
48
56
53
44
25
2
-20
-32
-25
-19
-16
-12
-6
-1
13
20
16
25
30
25
27
28
11
-9
-20
-13
7
16
4
-10
-20
-24
-15
0
-1
1
-5
-12
-14
-10
-3
-8
-5
-5
7
22
16
17
20
39
51
49
42
29
26
28
35
32
22
5
-12
-20
-26
-19
5
20
13
6
-4
-16
-31
-44
-58
-65
-68
-66
-54
-56
-53
-40
-23
-14
-10
-10
-15
-19
-11
-3
-6
-14
-32
-43
-51
-54
-45
-34
-14
-4
-8
-9
0
15
22
20
21
28
30
32
33
30
24
19
28
44
53
68
73
50
25
20
30
31
34
43
47
49
47
50
55
40
33
19
-6
-22
-29
-22
-18
-13
-5
-13
-30
-37
-37
-38
-38
-47
-48
-48
-51
-55
-57
-37
-11
19
40
41
31
15
-5
-19
-15
-6
-5
-5
-14
-25
-23
-9
6
11
20
32
32
13
-7
-32
-43
-40
-40
-38
-38
-33
-23
-12
2
1
-6
-21
-27
-22
-19
-15
-22
-23
-13
0
10
25
41
52
55
46
39
33
34
28
17
21
33
42
35
17
12
16
22
23
19
10
10
12
11
10
16
29
17
-6
-22
-22
-9
-6
-5
-2
-1
-1
1
5
-6
-11
1
14
22
15
7
3
0
12
8
-12
-18
-14
-13
-13
-5
-2
-8
-10
-14
-25
-22
-13
-1
0
-7
-18
-29
-28
-29
-27
-19
-17
-12
-3
4
10
5
-6
-11
-14
-4
3
0
-8
-15
-8
-16
-17
-21
-26
-30
-18
-3
2
13
17
19
24
13
-3
-12
-12
-8
-9
4
16
14
13
18
23
26
22
12
0
3
6
-3
3
13
14
20
22
26
23
12
15
13
4
12
22
20
18
10
-1
-5
-19
-32
-32
-30
-16
-3
9
6
-10
-22
-36
-32
-26
-33
-42
-48
-50
-57
-53
-40
-24
-1
14
15
9
7
6
9
21
36
44
42
35
27
19
9
13
28
37
41
37
25
19
20
11
7
-3
-11
-10
-3
16
28
30
39
38
28
26
18
18
20
28
27
24
39
41
36
32
27
20
7
-9
-13
-9
-14
-17
-15
-12
-11
-15
-27
-37
-49
-55
-59
-64
-71
-70
-80
-82
-76
-71
-60
-47
-34
-40
-34
-31
-31
-28
-24
-16
-19
-15
-13
-15
-7
-4
11
21
19
8
-12
-24
-16
0
8
16
18
30
30
39
49
47
51
49
53
68
78
93
94
90
87
78
57
22
7
-2
-4
-7
-6
3
16
25
19
10
-2
-12
-19
-26
-36
-32
-31
-35
-36
-41
-43
-44
-44
-36
-28
-26
-28
-22
-13
-2
1
-5
-8
-20
-27
-25
-23
-23
-24
-17
-4
-9
-9
16
28
24
17
8
9
3
-5
-3
-4
4
22
39
48
52
41
29
22
19
20
32
38
32
4
-16
-19
-18
-9
-7
-5
-7
-12
-15
-17
-10
11
24
14
-3
-18
-24
-32
-29
-27
-22
-18
-19
-22
-22
-19
-10
-9
-25
-37
-38
-29
-31
-37
-31
-20
-6
4
14
19
21
26
37
47
50
62
75
73
72
66
59
52
44
40
18
9
18
22
15
14
16
-3
-15
-14
-12
-19
-23
-35
-47
-53
-49
-50
-53
-39
-23
-18
-20
-22
-26
-33
-22
-1
-4
-12
-16
-12
-9
-13
-13
-16
-22
-29
-16
14
30
29
25
9
-4
-11
-21
-31
-38
-45
-43
-39
-31
-30
-23
-11
0
6
9
21
26
31
35
37
33
42
47
52
56
57
61
56
61
66
59
51
44
41
23
-4
-27
-45
-55
-59
-46
-38
-28
-16
-6
-1
-7
-14
-15
-15
-16
-14
-6
-4
-3
-5
-14
-23
-34
-36
-22
-16
-10
-7
-8
-14
-15
-14
-12
1
-1
-5
-9
-12
-6
-4
4
31
51
55
51
49
42
43
48
44
40
37
44
52
41
20
13
-1
-25
-28
-19
-20
-21
-9
-2
-2
-6
-7
-12
-15
-19
-21
-26
-33
-30
-23
-22
-26
-14
-4
-1
4
-2
-15
-21
-33
-31
-25
-27
-29
-21
-14
-13
-9
-7
-4
0
4
10
7
5
8
-1
-8
0
9
5
3
4
7
12
14
23
24
15
4
1
2
3
4
8
7
-5
-18
-24
-25
-18
-7
1
-5
-20
-33
-38
-29
-19
-12
-4
6
19
17
3
2
7
13
17
18
20
28
36
42
36
23
18
13
19
28
24
22
14
3
6
12
14
11
11
16
11
10
16
12
10
7
1
-2
-16
-17
-16
-22
-22
-23
-27
-37
-28
-5
-3
-3
7
2
-10
-12
-17
-21
-16
-12
-1
-8
-21
-10
-1
12
18
13
-1
-6
-6
-19
-27
-25
-16
-2
11
16
16
16
22
27
