-26
-24
-22
-18
5
21
15
20
39
41
34
38
40
28
21
21
15
-1
2
17
18
13
22
37
42
37
45
52
42
31
24
7
-7
-6
-4
-9
-16
-1
5
-2
-15
-18
-25
-34
-25
-14
-11
-20
-16
-3
-3
-5
-3
-10
-24
-25
-24
-20
-13
0
10
6
-1
-5
8
23
23
20
15
11
14
8
-5
-11
-8
13
20
14
35
41
29
32
36
24
20
11
-4
-19
-34
-31
-40
-44
-41
-41
-41
-36
-27
-28
-20
-7
-8
-21
-28
-20
-17
-18
-12
-11
-14
-5
-2
-14
-28
-30
-15
-6
-5
-7
-14
-12
-11
-7
-4
1
7
2
-14
-7
5
5
17
25
21
19
21
25
27
31
33
34
21
14
18
20
22
18
13
14
18
24
32
19
-5
1
9
10
10
7
-6
-7
15
35
37
21
23
31
34
40
46
44
31
19
7
-17
-37
-36
-35
-36
-34
-34
-36
-47
-52
-49
-55
-64
-55
-41
-42
-49
-42
-30
-26
-16
-7
-12
-16
-17
-17
-12
-7
-2
4
9
21
31
48
53
45
51
50
36
25
26
30
32
32
25
24
27
29
19
7
1
-10
-23
-25
-19
-15
-20
-22
-19
-26
-29
-23
-14
-12
-9
-6
-2
4
-1
-9
-16
-14
-19
-20
-19
-19
-21
-24
-16
-5
8
21
27
27
31
41
25
12
8
11
22
14
11
24
32
41
46
51
43
37
33
20
14
10
5
-6
-8
-1
-1
-16
-26
-31
-41
-35
-27
-18
-18
-22
-17
-18
-24
-32
-32
-31
-38
-46
-40
-25
-14
-5
-4
-10
-15
-18
-17
-7
0
3
3
-8
-3
-1
-17
-20
-20
-21
-18
2
22
32
41
45
45
31
15
10
12
8
4
10
0
-4
-4
2
3
0
8
9
3
2
4
2
2
-1
0
-9
-15
0
-2
-6
6
18
20
24
31
36
31
18
21
29
17
5
8
-5
-24
-9
10
8
-2
2
2
-19
-23
-13
-16
-37
-32
-4
-2
-6
4
7
-7
-9
9
14
8
10
12
6
5
16
26
17
17
27
25
12
13
19
-4
-21
-12
-8
-22
-23
-11
-12
-23
-34
-42
-41
-32
-18
-4
-8
-11
-6
6
15
13
16
16
17
24
35
29
14
4
8
17
19
13
-4
-25
-45
-53
-54
-67
-68
-55
-39
-23
-13
-8
-5
1
7
11
4
4
9
7
7
6
11
18
23
24
30
33
36
32
24
22
12
-1
-7
-9
1
5
2
-8
-23
-24
-16
-6
5
14
13
9
12
10
-4
-15
-14
-3
7
14
13
19
15
17
20
12
10
9
7
2
8
12
11
15
13
2
-15
-20
-18
-13
-7
-14
-18
-21
-23
-28
-31
-25
-15
-10
-10
-2
1
5
1
4
9
8
9
-6
-8
-2
11
18
24
44
52
48
40
29
12
8
13
8
-6
-13
-9
-12
-8
-15
-32
-43
-42
-26
-23
-26
-25
-20
-24
-34
-21
-14
-8
10
28
31
23
17
11
13
13
26
32
28
23
18
18
11
19
36
29
12
1
1
-10
-18
-16
-17
-17
-19
-22
-29
-40
-41
-34
-31
-28
-29
-33
-37
-41
-36
-30
-19
-8
-6
-4
-3
7
8
15
26
28
28
25
24
27
36
50
50
49
49
42
42
37
33
27
22
25
28
17
9
5
-1
-11
-23
-21
-10
-11
-17
-14
-11
-15
-12
-2
-1
-16
-23
-31
-39
-39
-39
-43
-37
-22
-14
-6
-4
-10
-6
-5
-16
-21
-22
-25
-33
-31
-20
-11
-5
-1
0
-10
1
12
10
4
11
15
3
3
4
-1
-9
-2
7
2
15
37
45
26
7
7
4
5
10
15
13
11
14
21
32
29
32
34
25
27
46
57
46
36
32
28
19
13
-1
-11
-17
-18
-21
-23
-21
-24
-20
-29
-26
-18
-17
-7
-5
-14
-24
-32
-37
-44
-33
-28
-27
-14
2
12
8
6
8
9
0
-7
-4
-4
-10
-7
4
12
14
24
30
27
22
20
19
18
34
44
38
23
7
-1
-5
-11
-13
-16
-22
-21
-21
-17
-15
-11
-14
-28
-29
-23
-25
-28
-18
-13
-37
-51
-38
-18
-13
-10
9
19
14
9
15
17
8
14
21
8
-4
2
6
-2
-9
-11
-15
-20
-13
1
15
18
15
17
16
15
12
17
9
-16
-17
-9
-11
-11
-1
6
19
41
44
36
22
17
25
12
-11
-26
-34
-46
-36
-12
-12
-14
-11
-5
-10
-24
-24
-22
-10
9
22
21
7
4
4
-4
-2
8
11
10
17
27
17
13
17
11
-9
-30
-28
-25
-15
-1
-1
-11
-6
3
15
24
36
58
62
57
49
24
13
24
28
23
16
12
8
-8
-14
-4
10
13
29
43
38
28
19
9
-11
-29
-32
-33
-37
-37
-30
-28
-35
-35
-25
-12
-8
3
10
7
5
5
-4
-22
-21
-10
-12
-14
-2
20
24
25
30
25
5
-11
-20
-47
-71
-66
-48
-39
-36
-36
-36
-24
-13
-12
-22
-28
-27
-33
-49
-56
-47
-43
-42
-23
6
17
22
43
55
33
11
7
-2
-7
9
36
44
38
45
51
34
35
45
41
27
27
21
-4
-17
-16
-19
-33
-33
-20
-27
-44
-38
-22
-18
-13
0
-7
-16
-14
4
7
-2
16
31
25
24
32
36
29
38
61
63
50
49
45
43
33
25
10
-11
-14
8
13
5
8
8
8
10
28
29
18
7
3
-10
-31
-18
7
7
0
9
16
7
12
33
27
10
2
-5
-18
-28
-20
-16
-24
-26
-19
-16
-17
-3
10
7
-2
-6
-13
-34
-53
-48
-34
-34
-22
-2
5
1
5
4
-19
-18
-7
-13
-30
-37
-37
-46
-41
-28
-24
-33
-39
-25
-20
-18
-8
4
-6
-26
-38
-42
-38
-28
-15
-10
-16
-16
-9
-13
-9
-8
-7
5
18
22
17
11
18
23
23
31
39
41
47
58
48
42
43
43
48
37
30
27
23
27
30
33
32
42
55
46
32
24
6
-1
-15
-21
-21
-16
-8
-18
-29
-34
-31
-31
-44
-60
-68
-73
-82
-64
-38
-22
-8
8
16
18
18
14
5
2
11
15
16
13
17
31
36
42
41
28
26
34
30
28
24
38
48
45
46
45
47
46
56
54
43
26
7
2
-4
-1
-3
-2
-10
-25
-35
-45
-55
-62
-55
-55
-47
-35
-28
-26
-27
-24
-30
-28
-25
-36
-42
-46
-52
-53
-56
-48
-43
-41
-40
-33
-19
-14
-17
-19
-17
-15
-7
7
13
10
13
22
24
35
46
45
39
27
20
13
10
12
12
12
17
17
21
25
30
29
20
22
25
34
42
36
41
42
37
22
10
6
6
7
4
-2
-11
-13
-15
-14
-10
-10
-22
-31
-31
-28
-23
-16
-15
-20
-34
-41
-38
-37
-29
-22
-31
-47
-53
-47
-36
-29
-22
-8
-4
-11
-21
-20
-16
-9
4
11
11
1
-1
4
10
23
36
48
55
64
64
55
46
42
37
24
29
29
24
21
20
28
36
45
51
55
58
48
45
40
35
33
22
6
5
-7
-25
-35
-45
-45
-42
-30
-20
-7
-13
-31
-45
-52
-47
-54
-66
-68
-70
-62
-48
-44
-33
-12
2
4
7
13
13
12
10
5
-15
-18
-15
-22
-19
-4
6
16
30
50
56
52
47
49
40
30
37
38
38
28
23
28
22
21
27
21
5
-1
4
1
-6
-7
-4
-8
-9
-11
-19
-31
-32
-23
-37
-54
-56
-60
-71
-72
-66
-69
-81
-77
-57
-48
-48
-47
-46
-53
-44
-31
-21
-15
-10
5
9
15
22
33
42
36
48
55
36
23
22
23
31
29
32
22
11
24
38
41
40
47
48
47
58
74
73
66
62
65
61
54
60
56
44
30
29
9
-21
-33
-35
-34
-38
-26
-22
-33
-45
-47
-50
-61
-53
-40
-39
-45
-39
-26
-27
-31
-21
-15
-15
-20
-8
-5
-9
-5
-8
-20
-30
-16
-8
3
22
37
35
34
47
45
47
45
45
45
28
20
18
18
9
8
14
16
23
28
19
15
14
-1
-6
-4
-1
-6
-22
-33
-39
-44
-48
-44
-42
-33
-21
-18
-22
-23
-24
-26
-38
-53
-63
-57
-42
-31
-25
-27
-27
-8
10
12
15
8
-8
-11
-8
-3
-5
-12
-11
-10
-7
-1
2
11
18
16
20
22
16
10
9
10
4
6
9
7
15
34
51
51
47
44
41
36
40
41
26
18
32
41
30
30
37
39
39
31
23
4
-5
-4
-1
2
-5
-1
-3
-10
-17
-23
-32
-47
-52
-48
-53
-50
-25
-11
-17
-24
-40
-63
-73
-59
-46
-39
-31
-31
-35
-38
-29
-17
-5
-3
-13
-24
-23
-15
-8
0
11
17
23
35
41
43
45
43
44
51
51
45
47
53
59
70
82
79
73
70
56
32
19
20
15
17
19
19
12
-4
-21
-33
-35
-32
-26
-19
-22
-21
-19
-27
-36
-39
-37
-35
-41
-42
-41
-52
-49
-38
-32
-32
-26
-27
-27
-20
-13
-7
-21
-25
-10
-7
-5
5
7
-1
5
10
4
7
14
14
6
8
21
26
21
18
19
26
39
44
42
33
23
19
16
16
9
-3
-1
2
8
14
4
-10
-20
-24
-24
-22
-21
-16
-15
-7
4
-11
-26
-32
-45
-57
-51
-42
-30
-21
-26
-32
-36
-29
-23
-18
-15
-13
-9
-7
-8
-4
4
16
23
26
12
7
22
29
33
34
30
23
16
11
7
1
-1
10
21
36
45
37
21
20
39
47
44
46
36
22
21
27
43
48
45
42
27
5
1
8
2
1
17
25
21
13
10
6
-9
-4
7
7
-5
-15
-16
-21
-24
-26
-33
-43
-43
-33
-34
-39
-41
-42
-47
-51
-45
-44
-48
-40
-25
-20
-23
-25
-25
-28
-29
-27
-16
-13
-8
12
29
33
26
19
13
13
16
16
16
12
14
20
22
34
39
35
28
21
21
14
9
10
11
5
-3
-4
-11
-23
-20
-17
-15
-9
0
5
10
-1
-16
-38
-51
-50
-48
-35
-35
-29
-28
-20
-11
-9
-9
-20
-18
-21
-19
-23
-14
-1
-4
-7
-25
-37
-35
-24
-4
10
14
24
32
35
56
75
77
69
57
48
44
45
52
51
45
34
24
18
13
18
19
14
13
23
24
14
18
12
-7
-19
-23
-24
-22
-17
-10
6
20
24
24
36
43
36
35
25
4
-22
-39
-44
-48
-45
-34
-32
-30
-29
-37
-31
-30
-32
-40
-47
-55
-61
-57
-44
-19
0
16
19
9
5
14
22
25
16
2
0
-5
-3
6
7
7
12
12
10
6
4
11
10
6
4
20
40
37
34
23
14
13
14
14
0
-10
-15
-19
-20
-10
-16
-24
-24
-18
-19
-21
-21
-13
-5
-2
6
17
12
3
-8
-14
-13
-21
-23
-26
-32
-22
-11
-15
-16
-12
-23
-31
-33
-30
-20
-2
6
13
24
26
25
23
22
18
8
4
-4
-18
-18
-13
-3
9
14
23
32
40
49
44
31
27
42
46
45
41
35
29
15
13
5
-14
-18
-22
-23
-23
-18
-2
-5
-10
-12
-17
-18
-11
-4
-1
-4
-12
-19
-20
-25
-18
-5
0
15
26
36
38
25
11
-7
-16
-18
-25
-32
-36
-33
-22
0
9
17
27
18
15
14
13
21
23
6
3
0
-4
5
9
7
-7
-12
-6
-5
-10
-15
-11
-12
-22
-13
7
5
5
12
16
15
7
3
5
2
-1
-8
-21
-22
-22
-7
0
9
27
22
2
-9
-7
-12
-14
0
9
10
8
7
3
3
7
14
-1
-19
-28
-48
-49
-40
-35
-19
-13
-19
-21
-24
-17
2
20
30
18
9
0
-16
-25
-29
-30
-28
-20
-1
14
23
26
35
36
33
35
27
18
13
8
-4
-16
-12
-1
6
8
13
9
9
8
-2
2
-3
-5
-5
-14
-17
-12
11
26
29
17
-4
-10
-16
-18
-10
-6
6
13
25
28
20
16
9
5
0
-9
-14
-6
8
12
5
15
11
4
15
15
9
12
18
22
31
23
13
8
1
-1
-7
-11
-16
-18
-12
-10
-5
7
14
7
-2
-11
-20
-17
-12
-16
-21
-21
-21
-13
-2
13
24
16
-3
-13
-19
-14
-15
-13
-14
-17
-25
-30
-19
-4
12
13
-1
-18
-21
-11
-14
-23
-25
-19
-12
-10
1
12
13
13
21
21
9
5
14
13
7
3
11
13
12
18
21
16
5
2
-4
-11
-17
-22
-15
-8
0
3
-2
-15
-15
-17
-28
-34
-31
-27
-20
-10
-9
-9
-2
13
28
32
25
13
0
0
20
29
23
24
30
38
34
29
23
12
17
18
17
7
-8
-4
-2
0
0
8
19
24
18
15
15
19
28
25
15
6
6
10
10
6
-10
-25
-31
-42
-49
-44
-30
-18
-19
-32
-42
-45
-45
-45
-43
-49
-56
-48
-40
-38
-32
-15
-4
5
14
13
11
12
16
12
10
15
22
32
38
53
64
69
72
67
53
24
7
2
-9
-17
-13
10
10
6
13
9
-2
-15
-16
-20
-30
-29
-24
-21
-21
-14
0
-17
-18
0
12
11
17
29
27
23
15
11
5
1
13
16
10
-2
-11
-15
-16
-2
0
-7
-13
-11
-9
-13
-19
-14
-6
-5
10
10
1
0
12
12
22
27
27
17
-4
-7
-7
-2
2
2
1
-5
-7
-6
-10
-5
-4
-7
-8
-20
-34
-38
-39
-41
-43
-51
-62
-60
-49
-33
-18
-7
-9
-11
-8
-14
-18
-14
-5
9
23
27
34
49
58
65
67
62
49
40
32
23
11
0
12
25
35
32
22
5
-3
-9
-17
-28
-29
-16
-10
-3
5
4
2
9
9
8
0
-6
-1
-6
2
7
15
23
22
18
8
-1
-13
-21
-20
-20
-8
-1
-15
-19
-13
-12
-7
7
8
5
2
-8
-26
-43
-54
-49
-32
-22
-9
5
10
4
0
4
-1
0
4
0
-4
-3
-3
0
1
3
10
14
19
26
36
40
37
35
27
11
-1
5
11
8
8
9
1
-3
7
10
3
12
27
22
6
-1
-13
-24
-23
-21
-14
-16
-15
-11
-7
-7
1
8
-1
-13
-25
-28
-39
-48
-38
-15
2
12
17
13
4
4
9
6
-1
-6
-9
-14
-4
9
12
10
8
11
18
15
-1
-9
-7
4
6
10
21
28
29
23
19
19
15
5
1
2
9
18
23
25
20
14
-2
-11
-13
-15
-29
-46
-59
-61
-55
-57
-53
-59
-67
-62
-63
-56
-46
-42
-38
-35
-40
-32
-26
-28
-24
-11
9
28
51
66
67
64
66
70
65
53
44
41
42
48
51
48
47
40
42
48
47
47
49
53
51
47
48
46
42
39
25
-2
-17
-21
-16
-21
-20
-13
-11
-5
-4
-7
-20
-38
-47
-56
-65
-76
-75
-66
-65
-54
-45
-41
-38
-25
-14
-14
-17
-10
-14
-27
-27
-26
-31
-25
-9
8
30
49
59
53
43
42
33
17
-1
-14
-22
-26
-20
-9
5
19
24
31
34
24
22
22
12
7
6
-6
-22
-22
-19
-13
-7
-8
-9
-13
-7
-1
7
4
-1
-5
-4
2
12
17
3
-8
-14
-22
-22
-16
-14
-3
6
-1
-6
-8
-11
-7
-4
-5
-8
-3
11
13
11
8
9
10
7
1
-8
-9
-2
5
6
1
-7
-9
-5
-11
-11
-13
-13
-1
9
12
14
14
14
11
5
10
6
0
3
12
18
10
11
16
10
-1
-3
9
6
2
5
12
12
9
8
-1
-14
-16
-12
-3
2
9
7
4
5
5
10
6
8
11
-1
-13
-7
10
26
35
41
27
6
-8
-12
-8
1
18
23
10
6
6
-1
-9
-6
-4
-4
2
1
-6
-28
-48
-38
-34
-24
-12
-11
-18
-23
-12
-1
8
13
23
25
14
3
-1
1
1
3
1
-8
-21
-25
-14
-13
-15
-5
-10
-19
-19
-22
-31
-29
-25
-16
-4
2
8
8
9
17
22
19
7
-1
-7
-15
-22
-27
-33
-35
-22
-11
-1
0
4
8
3
3
8
8
7
22
29
29
29
22
16
17
28
39
35
22
9
0
0
4
14
17
7
-8
-16
-16
-22
-17
-14
-17
-17
-8
10
17
20
21
11
10
10
1
-8
-8
-15
-11
8
22
28
24
6
-5
-2
0
-6
-13
-15
-14
-7
-4
-12
-18
-25
-30
-24
-17
-10
-8
-19
-15
0
3
0
0
-1
-5
-7
-7
7
25
36
44
44
44
43
30
22
25
34
35
34
29
10
8
2
-10
-7
-7
-9
-15
-24
-33
-25
-18
-15
-12
0
9
12
20
17
9
3
1
5
10
13
10
5
-6
-15
-7
-1
3
3
-5
-17
-38
-49
-51
-47
-28
-12
-7
-17
-23
-31
-39
-45
-42
-30
-25
-13
-5
-15
-15
-6
2
-2
-4
6
12
8
4
2
0
-4
-4
8
7
-6
-15
-11
-6
-6
-1
10
10
11
15
8
-1
6
7
-2
-7
-1
8
11
27
34
30
27
30
51
55
37
31
34
34
34
42
36
23
21
25
21
10
0
-19
-30
-28
-19
-4
1
-3
-7
-18
-34
-41
-34
-37
-41
-34
-25
-10
8
25
33
25
7
-11
-19
-19
-3
4
7
12
11
13
11
7
7
9
9
19
20
8
2
4
7
7
11
14
19
5
-14
-12
-14
-15
-2
8
2
-5
2
6
0
-12
-16
-10
-12
-12
-15
-36
-42
-29
-16
-11
-7
-5
-9
-14
-4
7
-7
-13
-1
2
3
12
16
10
2
1
0
-8
-6
3
-6
-7
10
9
-8
-18
-13
-3
-5
-7
3
12
35
38
35
34
25
20
11
2
-10
-23
-38
-39
-34
-31
-38
-40
-29
-23
-15
-2
6
13
12
1
3
10
19
17
12
14
8
0
-3
-1
-10
-19
-10
-2
8
12
17
19
31
39
41
35
13
-2
-10
-17
-24
-13
-7
-3
8
13
13
1
-6
4
15
18
16
10
-1
2
20
23
11
3
1
-10
-23
-12
1
-1
-1
-8
-18
-27
-34
-25
-27
-29
-31
-27
-16
-7
21
34
26
21
17
2
-17
-18
-7
5
13
26
42
33
17
12
-2
0
16
28
31
24
23
30
37
36
33
21
4
-8
-10
-3
-8
-5
4
12
25
40
39
16
-1
-8
-7
1
-1
-10
-18
-36
-42
-41
-41
-37
-23
-22
-28
-42
-59
-66
-69
-61
-54
-61
-59
-43
-23
-27
-35
-30
-43
-56
-64
-54
-38
-21
3
19
23
22
25
36
53
58
51
38
30
25
32
38
40
49
50
45
43
47
37
29
35
40
38
35
41
48
38
27
21
10
0
4
16
19
17
9
7
2
-12
-29
-30
-15
-9
-2
2
-9
-28
-29
-27
-29
-22
-19
-32
-45
-48
-53
-50
-43
-45
-36
-24
-25
-31
-33
-28
-22
-18
-20
-8
8
19
27
32
45
39
25
9
-5
-6
7
33
46
51
48
46
43
44
47
48
35
13
-11
-30
-28
-19
-12
0
15
15
5
-5
-11
-4
1
5
4
3
2
3
-4
-11
-11
-3
2
-3
-4
-4
0
0
-6
-10
-13
-15
-13
-16
-31
-42
-45
-47
-54
-52
-47
-39
-30
-21
-6
-2
1
12
15
19
39
46
39
28
14
11
15
26
42
53
55
52
46
31
24
23
21
16
14
8
2
-3
-8
-6
-11
-15
-22
-39
-48
-44
-49
-54
-54
-59
-70
-65
-44
-30
-10
22
26
12
-2
-4
6
3
3
4
4
-9
-14
-8
-1
16
38
42
23
12
10
1
-6
-13
-6
3
2
9
15
21
24
27
26
8
-4
4
6
-4
0
10
6
4
20
27
29
35
27
8
-13
-28
-24
-24
-16
-4
4
-2
-10
3
14
7
9
20
15
-1
-14
-15
-20
-13
-8
-17
-15
-4
5
3
-3
12
29
21
8
-1
-10
-21
-24
-23
-21
-15
-5
9
16
20
20
25
10
-12
-29
-37
-35
-19
8
21
33
41
36
20
12
15
18
18
18
18
9
-2
1
10
8
8
17
17
14
18
19
13
7
9
5
-21
-35
-34
-36
-36
-30
-23
-22
-10
16
25
-3
-18
-18
-37
-40
-28
-26
-32
-33
-28
-22
-17
-5
11
15
3
-13
-27
-43
-45
-33
-36
-35
-29
-16
-3
-5
7
16
2
-10
3
12
-5
-14
-9
-10
-24
-20
-6
-6
-1
23
57
67
68
77
64
32
9
7
-15
-28
1
25
25
38
64
77
67
60
53
33
-3
-20
-18
-26
-19
3
6
3
8
17
7
-7
8
16
1
-17
-9
0
2
15
28
30
15
1
-1
-13
-28
-26
-30
-46
-55
-53
-57
-62
-47
-24
-26
-37
-20
2
3
-2
2
3
-5
-3
7
10
13
34
52
47
42
46
41
26
19
16
5
-10
-8
0
-5
0
9
13
14
7
2
-6
-5
4
21
26
16
10
-5
-23
-18
-15
-19
-16
-8
-9
-22
-21
-14
-23
-35
-32
-32
-40
-55
-55
-54
-58
-46
-34
-24
-15
3
11
5
7
11
12
1
-9
-9
-11
-18
-14
-10
-13
9
23
36
48
52
51
29
15
9
8
14
23
23
18
21
13
8
21
38
44
40
27
21
14
11
13
13
10
1
0
-5
-1
6
4
8
-2
-7
-11
-8
0
5
9
2
-19
-21
-9
-10
-11
-8
-4
-21
-36
-30
-32
-34
-28
-17
-22
-21
-16
-12
-10
-19
-21
-16
-17
-13
-3
-2
-2
7
16
13
11
13
16
11
7
7
-1
4
15
20
15
12
8
1
0
8
12
14
26
38
50
49
51
54
39
31
31
22
13
5
3
3
-2
0
10
13
15
19
2
-23
-26
-22
-24
-28
-31
-30
-26
-21
-16
-18
-16
-10
-15
-20
-27
-30
-29
-27
-36
-44
-42
-45
-38
-27
-26
-25
-28
-36
-28
-30
-33
-30
-16
4
15
23
18
11
12
19
19
15
5
4
12
25
49
60
72
72
60
45
32
19
20
32
28
17
7
7
3
8
8
6
2
-12
-10
-18
-24
-18
-18
-24
-32
-37
-40
-46
-53
-49
-42
-41
-35
-30
-28
-28
-31
-26
-13
-9
-10
-4
-7
-9
-6
-4
-5
-6
4
16
28
36
29
22
15
11
21
31
34
35
42
48
52
45
38
37
34
33
39
52
53
60
71
65
60
60
62
60
49
28
7
-12
-26
-19
-3
-3
-4
-16
-30
-46
-55
-50
-52
-54
-62
-70
-65
-55
-43
-39
-26
-18
-27
-40
-47
-52
-48
-35
-40
-42
-35
-19
-15
-16
-7
-10
-13
-16
-19
-24
-24
-23
-14
6
20
29
31
34
28
13
0
-5
-1
10
22
21
26
27
31
31
30
35
39
49
39
25
14
13
17
18
19
15
21
10
-1
-5
-5
4
7
5
-1
-7
-9
-10
-9
-4
-19
-31
-33
-34
-35
-39
-36
-24
-21
-15
-4
-7
-15
-15
-4
-2
-10
-13
0
6
9
17
19
22
24
28
29
30
24
15
8
-3
-3
-2
-1
-11
-18
-18
-22
-25
-29
-18
-2
9
17
14
1
-10
-11
8
17
24
30
27
19
9
7
5
0
9
15
18
22
18
16
5
3
17
17
0
-16
-22
-15
-1
14
30
27
22
20
7
-8
-15
-10
-9
-1
10
4
-11
-25
-24
-15
-14
-17
-22
-22
-6
12
14
6
6
5
-11
-23
-14
-12
-15
-5
4
15
12
17
32
26
12
3
-4
-20
-16
6
16
13
12
13
-9
-29
-35
-36
-36
-31
-20
-30
-50
-57
-53
-54
-51
-34
-18
-15
-10
3
6
-3
-3
15
11
1
6
7
-2
1
29
47
50
54
49
34
13
6
16
14
13
22
23
21
36
50
24
0
0
-2
-5
-3
0
-4
-12
-12
-6
-9
-15
-2
10
5
-2
-6
-10
-13
-8
5
7
-4
-12
-10
-11
-7
-9
-19
-27
-25
-20
-17
-4
-4
1
1
-7
-6
-17
-32
-31
-19
-15
-19
-16
-11
-8
14
35
43
43
37
30
27
28
31
31
26
42
58
58
52
48
49
45
41
40
28
11
14
11
-3
-12
-7
-9
-21
-23
-21
-22
-37
-37
-28
-43
-55
-35
-25
-29
-31
-15
-12
-28
-22
-17
-22
-33
-30
-24
-42
-48
-37
-29
-29
-25
-12
-14
-25
-14
-6
-13
-13
8
18
6
13
37
51
49
63
85
64
32
21
5
-20
-12
15
10
-6
12
31
7
-11
2
-5
-25
-25
1
6
-12
-10
2
-7
-16
-5
5
-4
-13
-5
-21
-46
-43
-37
-43
-49
-29
-9
-19
-32
-17
-8
-19
-6
20
15
9
39
61
47
36
49
52
35
45
58
41
23
25
30
7
0
20
22
0
-9
1
-8
-18
17
42
29
20
25
15
-12
-22
-11
-22
-26
-8
0
-9
-14
8
-1
-17
2
20
2
-22
-18
-10
-20
-26
-7
-7
-20
-8
5
-14
-36
-22
-3
-18
-27
-2
-6
-38
-38
-4
4
-18
-18
-10
-31
-45
-21
-16
-31
-27
5
17
-4
-2
16
8
0
22
27
-1
1
35
34
8
23
44
30
24
43
43
23
29
47
30
0
-3
11
9
10
24
14
-17
-7
19
9
-5
7
22
7
-11
-9
-22
-46
-37
-7
8
-8
-8
2
-5
-3
15
22
3
-7
9
-9
-41
-24
-9
-20
-24
-7
-7
-33
-33
-6
-11
-16
-8
-2
-14
-32
-23
-25
-30
-19
1
4
-11
5
20
11
-2
-3
-4
-26
-20
-10
-15
-22
-7
20
14
13
34
43
40
32
37
28
18
21
24
15
-2
5
23
25
17
16
6
-19
-33
-28
-29
-35
-23
-12
-20
-28
-14
-9
-19
-19
9
22
23
32
33
27
18
18
15
13
20
33
33
27
30
29
19
12
1
-9
-21
-24
-13
-7
-6
-1
17
17
6
1
8
7
10
9
-3
-14
-21
-20
-25
-32
-24
2
11
2
6
10
8
16
28
20
5
-6
-4
1
-8
-15
-21
-25
-21
-19
-16
-12
-14
-6
0
-2
-11
-13
-9
-10
-5
-10
-19
-29
-32
-21
-27
-25
-12
-6
-5
-8
0
10
7
14
29
25
6
-5
-15
-27
-27
-19
-3
3
-3
0
7
9
27
39
30
6
-9
-11
-21
-22
2
22
26
32
43
35
15
10
7
-3
-12
-8
-6
-12
-20
-25
-28
-23
-2
27
28
15
18
17
12
14
17
18
16
18
20
7
-9
-10
-5
-6
-14
-16
-24
-41
-40
-23
-24
-25
-9
-2
-6
-5
-4
0
14
28
25
6
-11
-9
3
2
9
31
51
60
58
53
54
43
37
42
38
27
16
4
-5
-8
-4
-1
-8
-4
-6
-28
-46
-56
-60
-61
-59
-58
-59
-61
-63
-62
-62
-48
-21
-5
9
17
12
5
10
17
22
23
29
30
21
25
28
28
28
29
24
12
9
20
32
34
45
44
26
11
3
-12
-22
-18
-7
-11
-17
-7
-8
-22
-23
-15
-9
-16
-32
-32
-25
-14
6
11
-4
-1
14
16
0
2
14
16
16
13
7
2
-3
-5
-12
-24
-17
-6
-15
-24
-18
-15
-36
-56
-53
-46
-43
-27
-11
-17
-22
-3
12
5
9
34
30
10
1
7
0
-9
14
40
42
43
64
69
56
57
65
52
26
23
24
20
15
20
12
-21
-19
7
5
-7
-7
-11
-29
-30
-17
-18
-31
-40
-37
-47
-59
-54
-43
-40
-40
-21
-5
-11
-22
-17
-17
-34
-33
-25
-37
-35
-5
23
15
13
28
29
13
15
25
7
6
36
59
48
37
52
57
43
51
69
54
37
51
67
55
47
67
63
40
34
44
33
0
0
0
-36
-49
-23
-7
-19
-21
-15
-42
-73
-75
-75
-93
-94
-71
-55
-64
-54
-27
-21
-16
-8
-8
-40
-68
-53
-33
-35
-33
-18
-19
-29
-15
15
16
13
21
18
-15
-31
-18
-23
-21
14
48
44
31
40
40
26
20
27
30
26
34
45
34
22
42
58
44
34
40
40
33
29
29
8
-16
-13
-13
-15
-20
-9
-1
-6
2
1
-9
-25
-29
-21
-32
-36
-29
-28
-42
-49
-47
-50
-35
-6
12
5
-3
-6
-18
-27
-32
-21
-14
-23
-24
-13
-2
24
52
62
58
58
56
43
30
27
24
14
17
16
10
25
48
48
33
25
31
25
14
8
10
3
-1
10
15
11
6
11
14
7
1
-5
-14
-29
-23
-10
-9
-9
-7
-12
-22
-15
-4
-1
-9
-16
-25
-37
-35
-33
-34
-24
-11
-1
-11
-24
-18
-20
-29
-31
-31
-53
-77
-65
-49
-44
-24
-5
-7
-9
-4
-4
-9
0
10
9
-7
-9
4
8
6
27
47
59
62
63
66
57
51
40
29
24
23
16
9
7
8
12
12
12
17
12
-2
-8
-3
-15
-22
-14
-14
-23
-30
-21
-20
-24
-20
-12
-13
-23
-15
-17
-33
-23
-6
7
5
17
22
9
5
7
13
-11
-27
-24
-28
-30
-16
-1
7
15
22
24
15
15
17
13
5
6
12
2
-13
-6
2
4
19
30
23
10
18
14
2
0
9
11
-2
-3
6
8
0
12
20
12
9
24
29
20
18
19
13
1
9
14
10
8
11
6
-8
-11
-11
-17
-22
-25
-31
-37
-39
-27
-14
-14
-10
-1
-4
-9
-1
-2
-4
-11
-16
-11
-15
-19
-10
2
6
4
5
0
-13
-23
-19
-13
-5
4
-6
-11
-7
-5
-3
3
9
3
-9
-17
-12
-6
-4
2
8
6
0
1
1
5
15
15
5
1
3
4
-2
1
6
6
12
15
11
1
1
5
-1
-5
-9
-5
-8
-11
-7
-5
-1
0
9
14
10
13
14
14
10
-1
-11
-21
-11
10
20
21
20
14
-6
-18
-8
1
-5
-15
-18
-19
-13
-1
10
11
7
10
3
-11
-9
7
19
15
13
28
32
31
35
32
14
1
-1
-2
-5
2
5
2
-3
-4
0
0
-3
2
-2
-21
-21
-22
-31
-35
-22
-13
-19
-15
2
0
-17
-15
-5
9
15
19
13
-8
-13
-7
-10
-8
12
20
3
-7
2
10
15
25
25
25
7
0
0
-18
-16
-2
9
10
20
40
53
45
43
49
33
3
-7
-7
-22
-32
-30
-35
-36
-19
-14
-25
-40
-44
-46
-53
-46
-33
-37
-57
-62
-53
-41
-30
-17
-13
-16
-12
-1
1
-9
-9
-4
6
11
16
24
29
34
38
41
46
62
64
61
61
69
72
63
53
50
45
41
33
19
16
21
29
26
3
-31
-43
-40
-49
-58
-51
-41
-46
-44
-30
-26
-33
-36
-35
-47
-50
-39
-34
-29
-25
-17
-5
6
11
15
15
18
15
7
2
-1
18
30
29
14
8
15
18
12
9
0
-12
-19
-23
-23
-25
-5
21
30
34
27
25
27
14
-2
-5
-5
-5
-7
-7
3
10
9
3
-2
-2
0
1
2
12
23
23
8
-1
2
11
16
29
31
17
5
3
6
6
21
28
15
-6
-18
-21
-25
-24
-3
8
-5
-10
-8
-18
-26
-13
6
-4
-23
-16
-19
-26
-25
-20
-30
-33
-21
-6
-7
-1
15
21
18
16
16
1
1
6
15
14
10
13
3
-15
-14
-9
-9
-3
19
35
36
28
12
6
-12
-10
-3
-11
-21
-12
-2
-18
-22
-18
-20
-25
-18
0
-2
0
16
17
13
15
23
10
5
14
22
18
6
1
-18
-31
-32
-26
-37
-38
-21
-18
-39
-53
-41
-33
-27
-27
-23
-22
-15
2
7
-3
-2
10
12
2
8
25
41
53
68
73
82
102
104
94
90
101
96
71
30
16
35
51
34
17
9
-1
12
14
-21
-76
-55
-41
-71
-104
-122
-131
-136
-138
-169
-187
-181
-173
-165
-145
-133
-106
-55
-42
-54
5
67
92
120
139
140
180
261
270
228
251
314
344
375
370
325
319
345
366
350
302
255
222
183
130
97
80
35
-12
-12
-40
-127
-182
-224
-302
-366
-399
-445
-502
-514
-509
-505
-514
-535
-546
-578
-613
-637
-645
-643
-625
-607
-593
-552
-464
-381
-338
-282
-196
-105
-28
9
45
114
212
295
365
422
483
598
742
802
770
788
837
876
904
910
855
825
863
843
769
718
669
557
477
407
281
154
28
-126
-232
-246
-321
-478
-611
-674
-698
-708
-791
-956
-1057
-1035
-1004
-1023
-1054
-1061
-1016
-918
-814
-764
-713
-608
-493
-423
-329
-168
-22
66
130
260
465
749
931
900
886
1047
1269
1375
1321
1125
1090
1360
1556
1392
1111
992
1016
1169
1179
817
444
447
533
335
54
-215
-445
-438
-349
-533
-862
-986
-1000
-1042
-1073
-1184
-1366
-1420
-1410
-1479
-1521
-1479
-1465
-1418
-1298
-1236
-1166
-1000
-890
-874
-787
-657
-580
-393
-157
-54
38
230
469
758
1022
1045
999
1193
1498
1702
1770
1638
1529
1765
2039
1933
1657
1526
1538
1656
1750
1482
1043
927
1002
874
578
265
-34
-133
-98
-307
-725
-987
-1077
-1157
-1272
-1471
-1705
-1800
-1798
-1828
-1888
-1972
-2054
-2040
-1960
-1914
-1855
-1793
-1769
-1704
-1525
-1319
-1146
-1049
-935
-675
-326
-93
-35
50
271
701
1156
1212
1062
1218
1680
2077
2203
2072
1942
2192
2601
2636
2348
2121
2094
2278
2388
2014
1462
1313
1339
1104
742
328
-124
-245
-158
-460
-1008
-1237
-1306
-1494
-1671
-1816
-2018
-2086
-2000
-2046
-2159
-2202
-2178
-2097
-1999
-1912
-1818
-1728
-1694
-1590
-1337
-1096
-975
-891
-721
-423
-74
204
290
304
609
1236
1744
1715
1508
1650
2024
2428
2663
2440
2093
2416
2931
2800
2365
2120
2004
2103
2281
1820
1006
811
974
756
338
-20
-400
-459
-283
-612
-1226
-1431
-1432
-1577
-1683
-1797
-1986
-1908
-1650
-1693
-1913
-1942
-1912
-1940
-1929
-1877
-1907
-1945
-1871
-1849
-1813
-1653
-1472
-1416
-1331
-1077
-808
-640
-545
-477
-201
477
1066
1080
949
1224
1778
2405
2793
2499
2209
2781
3438
3329
2917
2644
2503
2836
3188
2619
1718
1620
1818
1452
907
366
-247
-410
-178
-494
-1246
-1543
-1566
-1751
-1934
-2128
-2435
-2439
-2194
-2229
-2465
-2562
-2569
-2550
-2347
-2213
-2251
-2186
-2018
-1896
-1739
-1534
-1505
-1502
-1196
-806
-543
-328
-234
-137
459
1263
1367
1081
1188
1655
2252
2838
2695
2033
2315
3265
3441
2926
2587
2406
2529
3069
2833
1643
1094
1498
1467
869
370
-179
-484
-155
-100
-885
-1431
-1285
-1206
-1374
-1492
-1749
-1955
-1672
-1309
-1384
-1595
-1484
-1326
-1324
-1237
-1134
-1190
-1252
-1091
-986
-1007
-994
-1043
-1104
-990
-739
-610
-614
-602
-297
402
818
505
125
445
1132
1757
2022
1517
1132
1974
2947
2705
2017
1807
1916
2435
2929
2238
1154
1266
1824
1513
843
351
-105
-11
373
-139
-1083
-1220
-1097
-1316
-1454
-1703
-2215
-2224
-1814
-1912
-2245
-2221
-2203
-2292
-2240
-2254
-2397
-2399
-2217
-2073
-1969
-1896
-1898
-1832
-1650
-1407
-1152
-962
-962
-805
20
992
1225
959
1061
1597
2341
3153
3222
2593
2799
3959
4238
3533
3071
2833
2897
3589
3645
2337
1546
2003
2022
1236
625
-3
-558
-201
118
-729
-1517
-1360
-1347
-1720
-1756
-1848
-2226
-2113
-1632
-1789
-2106
-1937
-1978
-2257
-2142
-2005
-2256
-2243
-1931
-1995
-2123
-1980
-2095
-2264
-1972
-1647
-1614
-1430
-1186
-830
137
897
625
372
991
1770
2561
3184
2897
2685
3845
4846
4398
3854
3599
3284
3790
4487
3509
2147
2424
2742
1869
1092
395
-706
-771
-61
-716
-1996
-2032
-1859
-2338
-2445
-2381
-2897
-2960
-2228
-2108
-2557
-2435
-2147
-2403
-2414
-2093
-2188
-2252
-1837
-1627
-1690
-1400
-1256
-1572
-1544
-1194
-1144
-1142
-1006
-806
13
1085
1059
404
633
1462
2262
3043
2947
2235
2896
4414
4541
3738
3295
3004
3338
4281
3844
2193
1846
2576
2323
1370
625
-244
-545
137
47
-1314
-1928
-1509
-1646
-2091
-2110
-2476
-3020
-2552
-1945
-2473
-2893
-2519
-2618
-2978
-2611
-2429
-2840
-2701
-2286
-2459
-2534
-2309
-2474
-2604
-2122
-1661
-1589
-1635
-1516
-687
558
909
380
377
1076
2111
3274
3387
2533
2957
4622
5110
4523
4130
3799
4089
5209
5119
3520
2891
3472
3407
2613
1663
517
45
662
713
-543
-1508
-1523
-1458
-1716
-2110
-2741
-3267
-2907
-2244
-2484
-3123
-3072
-2829
-2998
-3010
-2886
-3087
-3031
-2432
-2254
-2631
-2687
-2420
-2319
-2083
-1548
-1377
-1680
-1497
-327
739
671
281
440
963
2033
3295
3167
2276
3093
4704
4808
4168
3822
3434
3822
5048
4702
2911
2480
3176
2952
2230
1418
7
-527
468
570
-757
-1446
-1492
-1920
-2073
-2054
-2802
-3255
-2537
-2030
-2440
-2675
-2567
-2758
-2758
-2346
-2402
-2763
-2585
-2165
-2075
-2155
-2274
-2376
-2182
-1764
-1388
-1255
-1426
-1131
175
1083
555
61
619
1481
2602
3538
2940
2268
3708
5194
4658
3849
3659
3359
3918
4901
3889
2085
2244
2910
2118
1171
456
-700
-908
-63
-540
-1985
-2334
-2270
-2849
-3146
-3228
-3720
-3665
-2774
-2548
-3115
-3184
-2975
-3107
-3114
-2798
-2690
-2617
-2131
-1788
-1877
-1967
-1802
-1490
-1231
-996
-642
-475
-313
735
2095
2049
1206
1367
2108
2850
3923
4062
3112
3627
5395
5486
4310
3852
3662
3719
4657
4545
2668
1829
2532
2321
1107
319
-479
-1097
-673
-453
-1592
-2478
-2243
-2290
-2858
-3047
-3157
-3356
-2895
-2233
-2479
-2926
-2618
-2450
-2751
-2689
-2495
-2642
-2429
-1794
-1705
-2151
-2308
-2218
-2136
-1924
-1647
-1579
-1541
-565
994
1273
324
244
1182
1998
2990
3390
2448
2634
4778
5644
4613
4123
4106
4049
4959
5294
3507
2324
3162
3266
1918
1071
387
-439
-166
195
-936
-1968
-1754
-1834
-2581
-2913
-3089
-3408
-3040
-2339
-2478
-2867
-2691
-2600
-2783
-2698
-2583
-2841
-2828
-2381
-2126
-2162
-2266
-2192
-1965
-1781
-1590
-1428
-1460
-887
748
1484
350
-157
910
1817
2681
3492
2757
2219
4131
5564
4364
3452
3725
3605
4112
4962
3595
1810
2441
2884
1338
151
-346
-1232
-1209
-557
-1604
-2910
-2432
-2015
-2687
-3009
-3128
-3538
-3016
-2019
-2038
-2324
-2077
-1941
-1977
-1797
-1758
-1879
-1672
-1318
-1128
-1153
-1395
-1569
-1297
-946
-849
-767
-729
-314
1194
2140
1030
205
1154
2200
2881
3422
2750
2320
4312
5995
5082
3845
3650
3736
4599
5459
4043
2194
2557
3035
1797
449
-628
-1623
-1209
-391
-1332
-2623
-2510
-2479
-3266
-3753
-4144
-4606
-4168
-3363
-3322
-3486
-3288
-3100
-3067
-3077
-3154
-3017
-2593
-2325
-2190
-2152
-2358
-2418
-2028
-1599
-1309
-816
-327
733
2524
2978
1654
1198
2253
3290
4276
4574
3700
4098
6164
6537
5056
4334
4207
4214
5299
5571
3613
2532
3479
3421
1794
612
-476
-1561
-1189
-786
-2192
-3285
-2793
-2964
-4049
-4506
-4823
-5159
-4695
-4117
-4267
-4381
-4054
-3972
-4119
-4062
-3685
-3097
-2684
-2540
-2268
-1906
-1821
-1762
-1466
-1348
-1220
-904
-532
675
2437
2737
1657
1523
2436
3276
4257
4485
3691
4378
6411
6707
5447
4875
4644
4630
5626
5726
3966
3032
3718
3398
1806
583
-544
-1326
-869
-699
-1884
-2637
-2370
-2528
-3190
-3838
-4660
-5067
-4615
-4258
-4536
-4895
-4691
-4240
-4103
-4085
-3715
-3191
-2975
-2751
-2576
-2734
-2990
-2809
-2444
-2353
-2202
-1820
-920
1712
4877
5165
3373
3289
4503
4918
5148
4956
4361
5722
7942
7208
4757
3814
3521
3193
3759
3343
1651
1580
2425
1379
-359
-1036
-1673
-1931
-1026
-958
-1980
-1888
-1359
-2385
-3560
-3679
-3682
-3475
-2875
-2895
-3505
-3295
-2671
-2980
-3164
-2501
-2263
-2467
-2196
-2222
-2679
-2721
-3063
-3695
-3353
-2709
-2829
-2952
-2344
138
4911
7985
6197
3947
4916
5985
5423
4717
4051
4217
6336
7154
4321
1604
1304
1610
2183
2605
1409
444
1292
1077
-969
-1812
-1767
-2318
-1884
-914
-1459
-2356
-2696
-4065
-5213
-4126
-3082
-3618
-3490
-2357
-2167
-2505
-2605
-3110
-3116
-2018
-1609
-2465
-2599
-2196
-2321
-2428
-2369
-2552
-2430
-1885
-1780
-2149
-1825
1315
7586
11172
8184
4706
5521
6719
5616
4440
3541
3745
6170
6669
2711
-513
-77
1060
2239
3130
1963
854
1711
1393
-772
-1646
-1844
-2634
-2154
-1139
-1916
-3092
-3809
-5221
-5800
-4158
-3195
-3766
-3432
-2434
-2555
-2759
-2760
-3419
-3279
-1890
-1920
-2810
-2700
-2624
-3041
-2716
-2420
-2935
-2828
-2144
-2018
-2221
-548
5497
13163
13484
7124
4402
6311
6204
4647
3840
2784
3881
6886
5079
-323
-1803
175
1939
3863
4067
1695
1206
2423
982
-1272
-1788
-2622
-3024
-1471
-1258
-2803
-3135
-3428
-4800
-4205
-2475
-2844
-2967
-1665
-1913
-3250
-3503
-4039
-4831
-3579
-2682
-3760
-3971
-3278
-3525
-3444
-2631
-2992
-3531
-3070
-2750
-2927
-1845
3548
12390
15941
9725
3844
4716
5884
4205
3179
2474
2810
6029
6417
1199
-2222
-560
1980
4133
4790
2436
894
2145
1792
-662
-1897
-2552
-2910
-1354
-463
-1776
-2470
-2889
-4364
-4234
-2359
-2306
-2682
-1608
-1523
-2787
-3240
-3695
-4584
-3965
-3159
-3954
-4221
-3601
-3673
-3684
-3142
-3448
-3964
-3660
-3282
-2927
-2265
1620
10647
17221
12283
3948
2540
4106
3309
2554
1799
1741
5228
7505
3238
-1520
-1123
1716
4601
6169
4046
1491
2148
2250
-197
-2194
-3136
-3174
-1144
222
-723
-840
-699
-2602
-3353
-1582
-1064
-1930
-1914
-2372
-3433
-3704
-4349
-5149
-4463
-3690
-4260
-4485
-3917
-3447
-3040
-3097
-3798
-4310
-4557
-4860
-4163
-3443
-747
8148
17720
15556
5919
2210
3664
3275
2411
1960
1254
3915
7765
5254
-247
-1327
1215
4525
7028
5771
2476
1992
2586
693
-1914
-3610
-3989
-1840
691
459
-407
-327
-1594
-2944
-2023
-1104
-1779
-2393
-2877
-3767
-4098
-4280
-4938
-4726
-3681
-3604
-4226
-4235
-3537
-2838
-2763
-3452
-4503
-5279
-5719
-5196
-4708
-3494
3704
15254
18107
8973
1497
1405
2217
1754
1420
540
1946
6644
7274
2175
-1479
-281
3446
6930
6935
3636
1741
2128
1144
-1473
-3687
-4186
-2297
612
1300
-145
-789
-677
-1357
-1846
-932
-500
-1272
-2273
-3153
-3865
-3909
-3909
-4140
-3808
-3240
-2959
-2519
-1867
-1605
-2062
-3079
-4305
-5282
-6170
-6082
-5267
-4455
1141
12994
19283
11789
2173
-97
545
861
1512
515
385
4424
6672
2767
-1613
-1668
1598
5842
7471
4996
2194
1778
886
-1898
-4357
-4868
-3185
-76
1774
706
-492
41
268
-459
-512
109
-274
-1391
-2534
-3184
-3136
-2966
-3192
-2961
-2225
-2054
-2010
-1474
-1251
-1870
-2769
-4021
-5662
-6696
-6182
-5284
-5582
-2081
9524
19714
16078
5151
-370
-782
-385
700
332
-730
2245
6360
4868
65
-1868
329
4679
7492
6265
3199
1616
770
-1408
-4100
-5141
-3754
-965
1117
1169
67
-267
4
-195
-533
-393
-638
-1656
-3038
-3774
-3947
-3704
-3861
-3954
-3294
-2543
-2320
-2084
-1624
-1901
-2921
-4005
-5326
-6758
-7139
-6090
-5768
-4011
5414
18251
19892
9258
355
-1526
-912
409
846
-529
682
5134
6061
1961
-1426
-745
3074
7023
7701
4877
2129
1298
176
-2524
-4428
-3313
-560
1641
2249
1368
554
781
761
-148
-721
-766
-1122
-1919
-3084
-3828
-3650
-3415
-3685
-3346
-2252
-1579
-1521
-1335
-1245
-2144
-3553
-4970
-6546
-7652
-6860
-5509
-4637
1552
14189
20733
13060
1899
-2869
-3273
-2172
-582
-991
-1113
2451
5368
3286
-282
-1006
1471
5359
7542
5986
2465
197
-955
-2686
-4572
-4548
-2201
713
2313
2306
2031
1929
1187
72
-321
-225
-547
-1446
-2871
-4125
-4240
-3422
-2851
-2613
-1809
-487
107
-102
-273
-828
-2375
-4119
-5755
-7063
-6977
-5919
-5549
-1122
10970
21015
17123
5180
-2566
-4138
-2844
-595
-617
-1896
475
4636
4326
593
-1389
45
3724
6988
6981
3597
363
-1057
-2388
-4360
-4964
-3116
-189
1919
2303
1863
2062
2117
891
-559
-1156
-1329
-1625
-2458
-4143
-5107
-4074
-2405
-1845
-1631
-743
225
384
-143
-1225
-2705
-4226
-5826
-7422
-7631
-5894
-5160
-3233
6268
18949
20659
10411
350
-4129
-4661
-1960
83
-1228
-916
3288
5675
3297
250
-390
1685
5182
7045
4915
807
-1808
-3183
-4660
-5333
-4275
-1916
809
2431
2387
2469
2887
1623
-376
-1068
-1016
-1316
-2103
-3541
-4780
-4209
-2453
-1448
-1114
-709
104
695
433
-697
-2422
-4457
-6381
-7966
-8695
-7647
-6727
-4943
4192
18398
22429
11894
252
-4614
-5078
-2402
658
-164
-965
2831
6470
4853
1266
264
2323
5948
8329
6659
2037
-1360
-2776
-4002
-4784
-3929
-2064
301
2344
2970
2767
2741
1981
158
-1172
-1605
-1977
-2700
-3899
-4985
-4666
-3194
-2164
-1502
-689
8
395
442
-493
-2359
-4227
-5836
-7546
-8486
-7494
-6279
-5230
2125
16201
23173
14866
2255
-4479
-5755
-3303
222
152
-1210
1563
5833
5652
1969
-182
1030
4510
7521
7001
2335
-2258
-4099
-4723
-5257
-4511
-2568
-474
1511
2801
3026
2651
1913
657
-676
-1726
-2458
-2992
-3980
-4980
-4316
-2407
-1280
-964
-91
898
1117
876
187
-1459
-3635
-5321
-6760
-8034
-7805
-6533
-5359
990
14612
23569
17335
4233
-4444
-6870
-4840
-923
-267
-1734
72
4310
5241
2012
-763
-178
3279
6807
7103
2671
-2420
-4496
-4813
-5069
-4544
-3124
-1320
960
3063
3727
3291
2641
1535
86
-1224
-1898
-2259
-3233
-4379
-4048
-2507
-1402
-949
-88
1266
2164
2127
982
-962
-2815
-4369
-6183
-7864
-7623
-6329
-5549
355
14282
24494
18983
5337
-4259
-7314
-5516
-1338
-395
-2486
-1093
3989
5897
2842
-186
151
3265
6814
7535
3218
-2666
-5315
-5137
-4750
-4156
-2786
-970
1057
2853
3668
3280
2375
1560
555
-1065
-2443
-3026
-3657
-4606
-4222
-2323
-967
-807
-497
375
1179
1305
596
-1211
-3365
-4786
-6246
-7962
-8275
-6945
-6022
-844
12441
23751
19996
6503
-3991
-7704
-6476
-2180
-178
-2122
-1792
2983
5870
3123
-639
-775
2530
6476
7681
3701
-2515
-5806
-5804
-5212
-4507
-3152
-1302
739
2593
3473
3083
2598
2465
1593
-305
-2054
-2895
-3661
-4361
-4045
-2385
-882
-244
354
1179
1690
1905
1395
-591
-2921
-4230
-5492
-7515
-8441
-7106
-5946
-2241
9616
22943
22315
8972
-2843
-7533
-7055
-2745
576
-857
-1817
2447
6705
5086
705
-334
2744
6945
8926
5509
-1534
-6038
-6026
-4670
-4087
-3520
-2133
-119
1881
3175
3223
2454
1889
1527
132
-2078
-3382
-3904
-4418
-4668
-3380
-1481
-451
-228
511
1391
1690
1163
-387
-2533
-4329
-5635
-7383
-8698
-8268
-7320
-4173
6727
21068
23824
12280
-695
-6975
-7403
-3512
-105
-1332
-2660
1262
5973
5164
907
-1067
1168
5710
8900
6353
-695
-5699
-6025
-4824
-4401
-3785
-2508
-742
1429
3292
3555
2678
2318
2037
504
-1766
-3081
-3508
-4097
-4567
-3597
-1738
-378
440
1372
2118
2519
2514
1188
-1555
-4012
-5546
-7352
-9125
-8761
-7121
-4690
4480
19854
26091
15538
890
-7122
-8643
-5292
-579
-638
-2952
-347
5207
5844
1527
-1007
1004
5353
8610
7197
482
-6010
-7413
-5522
-4271
-3778
-2603
-520
1642
3173
3514
2893
2103
1679
815
-1405
-3431
-3986
-3957
-4309
-4083
-2595
-1032
-51
668
1504
2279
2387
1427
-567
-2910
-4787
-6280
-7729
-7949
-7043
-5569
1924
16919
26262
18858
4050
-5875
-8620
-5772
-829
-225
-2995
-1500
4136
5988
2277
-941
-4
4094
8518
8594
2098
-5335
-7722
-6225
-4851
-4138
-3076
-1261
871
2740
3465
2718
1202
439
123
-1095
-2891
-3941
-4659
-5097
-4373
-2763
-1419
-233
1005
1901
2370
2184
1190
-874
-2972
-4090
-5269
-7296
-8097
-7019
-5747
373
14957
26660
22056
7237
-3959
-7671
-5861
-881
970
-1586
-1346
4162
7376
4037
-351
-513
3258
7858
8935
3551
-4538
-8429
-7299
-5469
-4934
-4402
-2912
-522
1892
3010
2357
782
176
387
-312
-2304
-3698
-4270
-4647
-4515
-3472
-2284
-914
442
1570
2262
2110
941
-1179
-3377
-4812
-5765
-7385
-8412
-7309
-5688
-1087
11536
24670
23831
10711
-1762
-7493
-6806
-2014
511
-1717
-2221
2894
7234
5248
824
-426
2358
6987
9354
5238
-2758
-7399
-6778
-5070
-4370
-3720
-2550
-632
1743
3354
3064
1323
370
561
-61
-2294
-3831
-3926
-4125
-4271
-3597
-2674
-1644
106
1696
2154
1873
1215
-402
-2653
-4513
-5544
-6810
-7781
-6819
-5610
-3223
6677
21314
25102
13722
-198
-7325
-7612
-3110
807
-626
-2522
1571
7190
6714
1847
-838
1018
5709
9469
7233
-484
-6447
-6690
-4790
-4228
-4103
-2960
-906
1461
3262
3405
1563
-69
-13
-174
-2117
-3861
-4026
-4265
-4778
-4156
-2745
-1732
-576
1011
2216
2260
1329
-382
-2663
-4691
-5846
-6763
-7857
-7498
-6131
-3476
5748
20370
26058
15560
606
-7375
-7863
-3567
608
-286
-2576
491
6354
7071
2705
-270
1421
5993
9316
7124
-382
-6670
-7285
-4939
-3772
-3763
-3186
-1423
759
2561
3101
1823
251
83
169
-1477
-3622
-4637
-4685
-4300
-3462
-2717
-2047
-748
845
1837
1874
1296
-172
-2403
-4382
-5751
-7063
-8310
-7746
-5858
-3750
3058
16586
25522
19393
5321
-4828
-7820
-4918
93
709
-1982
-683
4942
7399
4132
706
1292
5106
9106
8796
2136
-5623
-8102
-6048
-4299
-3832
-2989
-1373
208
1599
2451
1780
337
670
2397
1359
-2659
-5510
-5702
-4818
-3430
-2589
-2445
-1515
303
1426
1316
610
-119
-1165
-2880
-4941
-6769
-8485
-8796
-6988
-4841
117
11795
23525
22049
8603
-3832
-8242
-6180
-1314
899
-1164
-1506
3276
7250
5393
1248
381
3714
8290
9388
4047
-3690
-7434
-6253
-4158
-3616
-3531
-2569
-858
986
2192
1946
1382
1491
1257
-401
-2536
-4056
-4646
-4521
-4206
-3528
-2356
-1022
511
1534
1734
1874
1573
-40
-2110
-3708
-5434
-7120
-7887
-6691
-4941
-1993
7482
20943
24315
13282
-462
-7710
-7936
-2926
1254
-120
-1990
1309
5815
5177
1129
-762
1371
5801
8780
5713
-1995
-7002
-6414
-3971
-3183
-3381
-2991
-1651
-80
1266
1879
1317
960
1119
382
-1599
-3149
-3789
-4107
-4202
-3480
-2439
-1601
-552
896
1709
1692
1710
1097
-764
-2691
-4015
-5728
-7477
-7451
-5826
-3776
2354
15158
24601
19248
5043
-5176
-7633
-4239
970
1875
-1017
-794
3685
5443
1996
-1450
-606
3713
7854
7383
993
-5425
-6728
-4631
-3180
-3253
-3597
-2725
-992
504
1274
1006
466
605
810
-354
-1935
-3022
-3614
-3736
-3691
-3250
-2249
-1161
-78
736
731
829
923
-282
-2119
-3422
-4986
-6588
-7295
-6824
-5711
-2575
6358
19100
23350
13574
390
-6368
-6063
-1197
2792
1279
-909
1871
5494
4483
989
-478
1340
5504
8613
5571
-1874
-6037
-4890
-3250
-2867
-2494
-2220
-1836
-502
1145
1650
993
539
1026
779
-813
-2074
-2878
-3978
-4513
-3663
-2501
-1744
-1242
-240
445
512
790
800
-857
-2752
-3759
-5138
-6945
-7522
-6413
-4850
37
11475
22464
19896
6580
-4106
-7019
-4278
1265
3203
192
-563
3081
4727
1901
-1036
-898
2280
6556
7449
2075
-4399
-6078
-4341
-3187
-2849
-2745
-2713
-1796
-273
887
1448
1256
862
1070
757
-580
-1820
-2935
-4084
-4174
-3018
-2025
-1477
-816
-36
576
1434
2068
1130
-1196
-2933
-4264
-5945
-7113
-6987
-6201
-4582
2023
14492
22781
16961
3940
-4537
-5640
-1603
3328
2911
-603
-365
2413
2506
90
-1617
-661
3641
8082
7162
956
-3959
-4696
-3784
-2940
-2419
-2924
-3336
-2062
-211
797
1275
1222
1123
1341
857
-560
-2444
-4341
-4915
-3576
-2084
-1496
-1132
-777
-129
1016
2190
2012
189
-1950
-3520
-5434
-7259
-7591
-6794
-5755
-3323
3580
14838
21425
15040
2496
-4758
-4490
40
4206
3301
-83
-57
2324
2714
804
-1138
-120
4386
7646
5429
-126
-3852
-4431
-3540
-2458
-2213
-3144
-3096
-1523
-367
255
936
923
654
1067
832
-835
-2833
-4274
-4097
-2337
-933
-775
-1140
-1349
-640
870
1896
1469
-81
-1788
-3072
-4527
-6202
-7102
-6705
-5295
-2692
3811
14304
19977
13237
1675
-4286
-3593
493
4342
3611
28
-498
1840
2345
63
-1734
64
4568
7033
4747
-265
-3975
-4855
-3603
-2162
-2270
-3066
-2394
-1079
-568
454
1446
1014
722
1200
202
-2186
-3996
-4793
-4023
-2312
-1513
-2026
-2530
-1993
30
2039
2589
1721
-98
-2137
-3545
-4878
-6192
-6701
-6020
-4424
-2427
2386
11823
18677
13849
3801
-1705
-1991
846
4615
3617
-941
-1889
805
1614
-289
-1430
277
4118
6714
5240
283
-3951
-4780
-3363
-2483
-2761
-3078
-2382
-1261
-603
365
1297
1217
1286
1968
823
-1771
-3358
-3674
-3040
-1498
-827
-1864
-2513
-1479
948
2929
3301
2316
489
-1962
-3682
-4766
-6098
-6777
-5594
-3511
-2236
931
9491
17784
15553
6344
10
-1471
417
4280
3898
-983
-2443
544
1615
-268
-1654
-801
2606
6137
5418
105
-4422
-5002
-3471
-2352
-2043
-2633
-2862
-1818
-777
-70
476
558
838
1369
250
-1993
-3190
-3480
-3089
-1604
-963
-2132
-2990
-1833
403
2020
2313
1630
-182
-2600
-3770
-4245
-5383
-6156
-5787
-4801
-3917
-1423
6332
16359
17692
9543
1856
-829
418
4084
4413
-139
-2337
-104
1078
-369
-1700
-1197
2146
6313
6421
1183
-3721
-4394
-2845
-1603
-1286
-2052
-2740
-1870
-902
-655
233
940
633
272
-421
-1951
-3004
-3199
-3355
-2477
-1332
-1499
-1974
-1385
-137
1283
2057
1289
-782
-2820
-3815
-4169
-4949
-5500
-5477
-5291
-4747
-2746
3889
14495
19392
12720
3483
-289
290
3295
5045
1804
-1506
-306
1432
420
-1188
-1064
2254
6709
6949
2084
-2430
-3283
-2121
-697
72
-1018
-2679
-2116
-767
-855
-578
765
661
-291
-392
-863
-2440
-3401
-3249
-2799
-2342
-2015
-1918
-1716
-1068
397
1553
862
-978
-2314
-3130
-3810
-4072
-4456
-5463
-6501
-5718
-3927
96
9440
18954
17270
7472
807
-798
777
4310
4000
-787
-2668
-847
-177
-1045
-1306
571
4455
6303
3094
-1733
-3715
-3040
-1358
392
66
-2192
-2838
-1418
-979
-891
488
669
-644
-714
-355
-1789
-3313
-3243
-2613
-2012
-1330
-1427
-1851
-1317
300
1599
1325
-114
-1565
-2487
-3338
-3808
-4417
-5390
-6325
-6054
-4706
-2579
4085
14863
19802
12741
3480
-373
105
3773
6536
2448
-2679
-1581
933
379
-545
-166
1789
4786
4857
419
-4052
-4210
-1639
476
728
-916
-2728
-2358
-815
-535
-602
-308
-487
-540
-560
-1567
-2880
-3012
-2504
-1504
-537
-621
-1785
-1902
-680
280
130
-349
-1282
-2579
-3094
-3294
-3951
-4642
-4660
-4822
-4382
-3065
-163
7235
16417
17496
9034
1834
-60
1859
5850
5960
-162
-3199
-296
1202
79
-478
-470
1445
4811
3865
-1309
-4005
-1982
711
1845
957
-1466
-2951
-1986
-1003
-1272
-1020
-665
-838
-953
-1572
-2796
-2877
-1621
-480
91
-167
-1417
-2424
-1753
-175
491
-291
-1102
-2059
-3280
-4150
-4535
-4685
-4309
-3962
-4787
-4789
-3193
-221
6752
14973
14985
6678
1353
940
2266
4670
4066
-914
-2296
866
1038
-891
-962
-242
1865
4810
3307
-1509
-2773
105
2172
2448
1309
-1002
-2360
-1566
-709
-750
-439
-519
-1306
-1874
-2109
-1999
-1405
-910
-639
-435
-975
-2037
-2134
-919
208
322
-487
-1545
-2720
-3600
-3632
-3543
-3415
-2951
-2813
-3916
-4372
-3022
-1391
3898
13169
16275
8221
1015
110
775
2871
4786
1265
-2236
-191
1067
-1317
-2239
-873
1650
4467
3419
-990
-2767
-599
1684
2829
2128
-1026
-2885
-1597
-549
-932
-510
-417
-1639
-1747
-822
-1086
-1653
-620
268
-80
-737
-881
-1487
-1252
375
885
-834
-2227
-2258
-2633
-2858
-2461
-2002
-2096
-2356
-3347
-4645
-4334
-2556
2318
10758
15072
8773
1084
-317
958
3581
5952
2450
-1732
357
1636
-1318
-2056
-356
1059
3385
3493
-744
-3011
-218
2754
3216
1951
-807
-2436
-1350
-232
-706
-700
-555
-1427
-1810
-1733
-1977
-1977
-1284
-666
-342
-976
-2017
-2221
-1289
-457
-910
-2477
-3536
-3325
-3010
-2978
-2807
-2236
-1731
-2155
-3864
-5196
-4081
-2242
6
6521
13225
10445
2455
576
1742
3083
6733
6472
739
-452
1600
-687
-2432
-264
1011
2080
3197
214
-3243
-1805
1497
2673
2598
822
-1578
-1695
-658
-162
698
1230
-404
-1640
-1508
-1736
-1989
-1367
-932
-1155
-1489
-2018
-1895
-992
10
120
-1080
-2315
-2283
-2187
-2567
-2266
-1843
-2434
-3347
-3947
-4679
-4269
-2540
-1765
1317
9554
13349
6328
409
1473
3478
6263
8389
3581
-1213
897
1681
-964
-1034
-359
225
2666
1681
-2710
-2569
1321
3016
3265
1936
-1870
-2763
241
1581
505
25
-1010
-2449
-2354
-2184
-2381
-1940
-1147
-892
-1376
-2384
-2126
-493
446
394
-208
-1752
-2562
-2290
-2506
-2532
-1951
-1908
-2535
-3005
-4062
-5033
-3992
-2651
-1399
4754
12478
10449
2446
1275
3862
5417
8254
7001
165
-897
2286
95
-2408
-941
-259
762
2326
-896
-3783
-633
2561
2218
1586
305
-1125
378
1928
589
-569
-549
-1400
-2321
-2623
-2820
-2569
-2044
-2043
-2571
-3106
-2664
-1057
-284
-580
-1217
-2489
-3257
-2674
-2372
-2629
-2162
-1737
-2171
-3162
-4226
-4941
-4604
-3115
-2312
-210
7052
12647
8145
2386
3563
5359
6889
9426
5535
-825
779
2766
-956
-1932
25
-34
1187
1793
-2078
-3278
682
2848
2622
2604
736
-587
1205
1793
197
7
-371
-2428
-3085
-2517
-2417
-2278
-1610
-1545
-1764
-1567
-612
-75
-344
-176
-479
-2048
-2533
-1765
-2042
-2492
-2044
-2285
-3547
-4476
-4546
-4570
-4127
-2541
-1321
1809
9030
12412
6821
2719
4408
6357
8632
9169
3001
-1229
1412
1084
-2228
-1551
-825
-1447
630
94
-3923
-2892
1795
2789
2131
1580
-659
-1068
871
410
-1608
-2057
-2844
-3672
-3466
-3461
-3251
-2238
-1772
-1728
-1562
-1572
-635
278
-135
-758
-1385
-2380
-1945
-708
-817
-1552
-1773
-2204
-3095
-3741
-3826
-3331
-2367
-1202
-654
2874
9860
11573
5929
3439
5616
7172
9325
8493
1183
-2019
2016
1514
-2034
-1210
-941
-1945
226
-536
-4678
-2869
2044
2555
1642
1269
-692
-1210
-196
-625
-1155
-1082
-2638
-4112
-3858
-3545
-3036
-2180
-2170
-2324
-1460
-638
-525
-327
515
376
-1301
-1778
-570
-918
-2058
-1894
-2315
-3612
-3081
-2074
-2572
-2510
-846
-188
-1392
1835
9765
11729
5847
3946
6039
6072
7430
7435
861
-2234
2152
1924
-2135
-1631
-541
-891
220
-1257
-3984
-1022
3004
2702
1757
93
-2810
-1642
1029
-139
-1105
-228
-1915
-3627
-2512
-2237
-2864
-1706
-615
-1425
-2284
-2038
-1167
-840
-673
-315
-1034
-1989
-1205
-751
-2285
-3340
-2750
-2311
-2112
-1775
-2050
-2779
-2725
-1608
-1353
1101
8366
12610
7930
3569
4475
5563
7297
8000
2630
-1201
1864
1726
-1887
-1309
-692
-1477
898
617
-3132
-1174
2894
1493
-111
276
-1440
-1474
853
260
-1522
-1277
-2305
-3550
-2372
-1726
-2123
-1746
-2149
-3357
-3006
-2562
-2248
-706
93
-811
-1855
-2323
-2239
-2007
-2240
-2396
-2136
-1983
-1795
-1958
-2778
-2817
-2081
-1044
-462
1307
6837
11423
8166
2913
3691
5937
7385
8726
4953
-777
582
2522
-795
-1492
962
541
276
386
-2737
-3163
990
2303
622
396
-486
-1290
10
140
-1147
-865
-870
-2024
-2033
-2016
-2451
-2326
-2324
-2861
-2711
-2126
-1294
-323
-403
-1141
-1777
-2296
-1783
-598
-893
-1715
-2059
-2290
-2703
-2796
-3004
-3172
-2611
-1421
-1078
-1476
2591
9591
9860
3984
2998
5432
6346
7684
5934
-634
-1133
3687
2440
-481
1142
1176
-266
485
-1279
-3290
-96
2410
567
-802
-1646
-2507
-507
1339
429
-17
214
-1823
-3153
-2069
-2062
-3107
-2630
-2049
-2760
-2356
-1197
-750
-325
348
-140
-1139
-858
215
262
-1146
-2234
-2167
-1824
-1763
-2190
-2767
-2602
-1939
-1387
-1500
-158
5813
11028
7791
2705
3793
5514
5864
6800
3143
-1708
902
2960
-980
-1528
744
-552
-240
958
-2071
-2723
811
67
-2771
-2191
-1868
-1890
-53
141
-1329
-1062
-1240
-2162
-1672
-1469
-2013
-1898
-2601
-3721
-3071
-1808
-905
115
199
-349
-701
-637
104
531
-652
-1558
-1216
-1126
-1219
-1214
-1801
-2067
-1388
-586
88
497
3485
9153
9533
3369
1602
4691
6040
7604
7182
743
-1711
2704
2318
-1032
382
851
-925
-348
-1592
-4057
-1317
1718
297
-931
-1426
-2397
-1150
-18
-1620
-2337
-1772
-2599
-3192
-2838
-3217
-3283
-2641
-2747
-2883
-1962
-1003
-454
-340
-706
-711
-506
-539
-246
115
-738
-1336
-945
-866
-1146
-1147
-1289
-1069
-305
263
455
255
2933
8005
7897
2589
2239
5338
5787
6451
4993
-847
-759
4923
3578
-534
640
560
-1444
-485
-944
-2772
-199
1702
-1305
-3129
-2648
-2457
-1111
90
-1259
-2137
-1693
-2718
-3343
-2204
-1544
-1535
-1281
-1487
-1477
-706
-407
-326
-215
-600
-830
-860
-871
-177
229
-883
-1482
-1131
-1048
-756
-332
-597
-835
-875
-793
-348
64
3011
7981
7058
1240
1036
4274
4884
6056
5128
-22
447
4806
2099
-991
1338
758
-980
865
-547
-3210
-338
765
-2997
-3433
-1630
-1906
-1201
-548
-2371
-3052
-1932
-2525
-3225
-2124
-1335
-1489
-1904
-2126
-1511
-555
-330
-576
-718
-819
-800
-724
-394
66
-223
-558
-144
-181
-278
380
214
-762
-508
-332
-681
-335
470
3334
7105
5186
70
1097
4639
5580
6350
3906
-1409
391
4760
1714
-763
1493
250
-1655
-320
-2186
-4210
-782
591
-2833
-3463
-2057
-2116
-1389
-860
-2079
-2073
-1090
-1654
-1697
-769
-745
-817
-659
-1042
-840
234
520
-33
-456
-366
77
75
62
607
421
-300
-21
129
-350
171
609
-543
-1100
-694
-1009
-1162
-681
1732
5750
5487
595
345
3954
4897
5541
4471
-738
-622
4345
2490
-1232
339
-336
-2417
-773
-1454
-3544
-478
1339
-2177
-3229
-1725
-1774
-1031
-168
-1736
-2279
-891
-1160
-1513
-620
-480
-824
-406
-408
-647
32
369
-490
-1091
-536
-444
-1088
-631
394
12
-516
88
56
-305
434
408
-1258
-2068
-1845
-1913
-1651
-1432
-2
4058
5380
956
-556
3238
5139
5872
5720
755
-1373
3912
4512
-107
432
1532
-914
-382
469
-2229
-1449
970
-1668
-3905
-2065
-1192
-1040
-165
-1332
-2068
-535
-620
-1543
-287
364
-600
-840
-948
-1263
-468
113
-525
-976
-887
-717
-844
-934
-399
262
-61
-293
-89
-391
-416
-311
-1107
-1933
-1643
-1577
-1735
-1626
-1485
1047
4563
2896
-792
1499
4841
4576
4620
2577
-1660
827
5679
3024
148
1799
855
-701
668
-170
-1639
554
540
-2635
-2289
-435
-470
51
157
-1224
-559
897
39
-372
569
-113
-1464
-1483
-1253
-1134
-658
-513
-1263
-1826
-1260
-506
-442
-194
200
-325
-1120
-1302
-1266
-804
-512
-1438
-2359
-2257
-2477
-2648
-1883
-1994
-1133
3102
4372
-185
-927
3111
4053
4243
4875
1068
-393
4649
5011
832
1549
2311
-85
597
1326
-911
-50
1408
-1233
-2086
234
662
619
1339
113
-479
974
819
-295
79
152
-682
-930
-769
-675
-730
-1069
-1066
-1213
-1757
-1594
-1423
-1754
-1228
-588
-1487
-2231
-1651
-1180
-1335
-2143
-3438
-3597
-2990
-2985
-2704
-2579
-3413
-760
4181
2985
-1014
1163
4532
4508
5406
3999
-813
971
6010
3479
295
1980
1484
152
1997
1045
-1335
511
1438
-805
-583
838
457
853
862
-837
-586
1006
497
-9
496
-336
-1269
-793
-446
-526
-387
-511
-1144
-1510
-787
120
-259
-615
-255
-989
-2380
-2297
-1900
-2230
-2361
-2574
-3224
-3629
-3580
-3449
-3147
-3354
-2522
1402
3992
1267
-644
1863
3561
4564
5909
2914
-247
3491
6127
2693
1727
2835
732
501
2370
367
-1103
1374
1305
-813
91
975
200
831
1284
223
488
1110
373
432
573
-523
-831
-374
-810
-593
-60
-721
-964
-181
-11
-817
-1433
-1406
-1190
-1770
-2500
-2297
-2180
-2737
-3182
-3844
-4536
-4014
-3210
-3373
-3515
-3322
-2010
1558
3120
227
-591
2592
4319
4765
4598
1238
305
4529
5122
1790
2036
2441
778
1933
2589
-229
-247
2000
551
-824
871
1218
558
1271
889
-258
296
733
-144
-848
-1463
-1792
-1596
-1334
-903
-591
-1108
-1580
-1124
-981
-1178
-1147
-1024
-1011
-1537
-2205
-2230
-1863
-1935
-2095
-2550
-3018
-2487
-1696
-2278
-2847
-2068
-1787
-587
2922
4046
878
516
3444
4441
4712
4676
1489
390
4049
4703
2114
1879
1476
14
1320
1825
-327
137
1838
343
-371
977
549
-32
935
353
-872
-184
333
-223
-171
-91
-490
-626
-587
-504
-740
-1471
-1611
-1264
-1547
-1667
-1461
-1705
-1818
-1599
-1806
-1999
-1666
-1803
-2419
-2777
-2737
-2577
-2713
-3175
-2869
-2011
-2003
-825
2940
4207
1293
532
2850
3955
4856
5158
1646
159
4275
5800
2976
2273
2223
890
2027
2900
556
73
1927
857
-924
-364
165
466
1053
187
-1241
-1037
-650
-681
-704
-1171
-1524
-1274
-1330
-1918
-2255
-2265
-2045
-2098
-2513
-2191
-1655
-1906
-1995
-1669
-1740
-1696
-1355
-1804
-2523
-2336
-1866
-2182
-2552
-2157
-1400
-1103
-1430
-334
2969
4181
1649
909
3192
4564
5395
5131
1711
786
5022
6166
2982
2255
2257
1255
2525
3101
417
249
2245
969
-494
630
700
-152
162
-753
-2135
-1266
-362
-904
-1288
-1627
-2320
-2593
-2541
-2213
-1760
-2096
-2932
-3291
-3181
-2559
-1821
-1893
-1881
-1403
-1504
-1850
-1898
-2289
-2566
-2262
-2123
-2341
-2310
-2217
-1928
-1286
-1226
-484
2574
4456
2259
944
3031
4632
5355
5868
3441
1304
4113
6361
4401
3237
3268
2409
3147
4158
2243
1167
2319
1561
308
969
938
325
964
479
-1210
-1118
-559
-1234
-1735
-2186
-3004
-3082
-2784
-2861
-3001
-3472
-3962
-3685
-3194
-2849
-2472
-2506
-2677
-2377
-1956
-1764
-1670
-1754
-1921
-2008
-1896
-1487
-1358
-1482
-1057
-481
-670
-409
2081
4647
3874
1871
2665
4828
5863
5868
3676
576
1704
5183
4755
2348
1885
1804
2116
3289
2216
250
1133
2010
435
-393
-189
-569
-202
162
-1174
-2004
-1185
-879
-1555
-2176
-2661
-3078
-3039
-2854
-3044
-3313
-2975
-2663
-3083
-2837
-1988
-2425
-3196
-2430
-1891
-2445
-2304
-2182
-3175
-3235
-1816
-1286
-1746
-1463
-1070
-1236
-940
-406
425
2820
4394
2493
1271
3720
5860
6054
5475
3298
2293
5320
7125
4627
2685
2528
2371
3331
3684
1546
914
2436
1764
166
313
183
-66
788
225
-1701
-1921
-1363
-1893
-2376
-2682
-3200
-3055
-2756
-2930
-2629
-2324
-2748
-2900
-2487
-2173
-1896
-1628
-1740
-1908
-1766
-1438
-1353
-1718
-1824
-1360
-1267
-1486
-1347
-1185
-1274
-878
-450
-480
1105
4024
4117
1700
1737
3866
5131
5820
4880
1971
1850
5031
5408
2994
2166
2150
2236
3366
2788
396
409
1761
1096
180
-184
-971
-655
-23
-1491
-2848
-2257
-2092
-2765
-3162
-3707
-3809
-3043
-2774
-3128
-3187
-3241
-3272
-3113
-3094
-2957
-2502
-2525
-2735
-2289
-1826
-1622
-1327
-1119
-1171
-954
-644
-742
-751
-476
-340
-330
-167
293
1901
4054
3626
1354
1708
3892
4868
5199
4223
1604
2146
5646
5638
3127
2595
2579
2556
3713
3029
733
1047
2442
1556
227
-134
-260
357
640
-974
-2605
-2607
-1993
-1831
-2371
-3185
-3349
-2918
-2662
-2724
-2778
-2482
-2026
-2272
-2576
-2149
-2117
-2457
-2041
-1819
-2422
-2119
-1329
-1625
-1894
-1308
-1138
-1428
-1005
-525
-702
-580
-134
282
1857
3838
3137
1358
2209
4230
5347
5982
4489
1931
3078
5934
5374
3542
3141
2663
2945
3851
2272
260
1276
2181
731
-538
-1232
-1675
-789
-397
-2217
-3421
-2656
-2269
-2873
-3363
-3678
-3681
-3088
-2744
-3038
-3017
-2445
-2167
-2328
-2344
-2003
-1629
-1593
-1885
-2101
-1879
-1271
-758
-950
-1542
-1530
-762
-118
-77
-352
-470
-125
103
198
1579
3512
3227
1733
2094
3517
4471
5173
4165
1770
2218
4878
5031
3301
2588
2276
2510
3456
2683
848
1023
1952
1094
-366
-1105
-1250
-665
-358
-1681
-3117
-3000
-2287
-2337
-2868
-3188
-3195
-3128
-3154
-3364
-3482
-3010
-2359
-2318
-2627
-2623
-2360
-1991
-1746
-1991
-2058
-1454
-1142
-1403
-1334
-1054
-887
-443
-94
-153
33
625
1012
943
1522
3231
3901
2532
1893
3092
4150
4921
5034
3097
1963
3999
5309
3994
3080
2920
2603
3099
3056
1263
402
1201
1151
163
-616
-1485
-1712
-1109
-1587
-2802
-2853
-2532
-2990
-3165
-2993
-3274
-3324
-2717
-2625
-3045
-2631
-1779
-1852
-2189
-1741
-1366
-1558
-1411
-1108
-1403
-1419
-693
-458
-797
-525
136
265
205
440
576
545
677
775
934
2086
3476
3160
1870
1767
2881
4097
4529
3281
1887
2649
4013
3790
2926
2172
1585
2092
2627
1232
-166
417
821
-58
-1017
-2017
-2775
-2202
-1662
-2754
-3859
-3592
-3216
-3289
-3089
-2993
-3224
-2967
-2565
-2898
-3003
-2169
-1677
-1921
-1939
-1749
-1678
-1263
-821
-748
-511
-31
181
225
279
192
402
863
883
712
908
1133
1093
1343
2406
3591
3471
2410
2029
2573
3578
4572
3994
2116
2027
3580
3823
3126
2792
2084
1763
2407
1672
-294
-485
508
189
-955
-2019
-2822
-2605
-1804
-2067
-2973
-3180
-3081
-3272
-3367
-3320
-3332
-2955
-2605
-2983
-3389
-2962
-2458
-2511
-2297
-1828
-1807
-1623
-1028
-889
-758
20
407
106
176
406
302
597
1117
1027
841
1187
1316
1038
1550
2968
3598
2925
2417
2598
2961
3794
4355
3143
1947
2762
3718
3297
2590
2030
1758
2281
2399
1107
18
-6
17
-174
-588
-1448
-1855
-1380
-1386
-1989
-2226
-2218
-2289
-2211
-2165
-2422
-2510
-2207
-2082
-2252
-2247
-1965
-1901
-2011
-1740
-1452
-1380
-1135
-853
-847
-601
-107
-70
-217
-109
34
146
282
252
89
150
386
360
362
1187
2224
2045
1293
1286
1688
2287
3049
2508
1121
1384
2584
2559
2034
1541
840
1196
2018
1050
-421
-149
310
-275
-698
-1204
-2067
-1857
-1039
-1429
-2290
-2314
-2301
-2582
-2419
-2090
-2242
-2325
-2160
-2301
-2363
-2013
-1776
-1805
-1746
-1593
-1387
-1070
-857
-734
-267
349
543
601
794
823
944
1381
1360
992
1133
1531
1474
1256
1801
2814
2998
2423
2291
2395
2506
3303
3444
2013
1519
2768
3092
2276
1832
1276
954
1684
1707
367
-250
43
-98
-459
-863
-1596
-1773
-1320
-1463
-2081
-2246
-2206
-2360
-2347
-2347
-2596
-2580
-2348
-2415
-2509
-2210
-2052
-2159
-1966
-1619
-1491
-1159
-660
-702
-796
-237
113
-94
-81
138
270
610
897
649
486
818
1000
828
979
1649
2012
1777
1573
1578
1769
2564
3030
2132
1462
2218
2908
2748
2353
1568
1087
1858
2267
1275
538
645
512
331
167
-630
-1277
-1000
-1001
-1821
-2300
-2284
-2587
-2930
-2812
-2827
-3125
-2935
-2537
-2910
-3241
-2653
-2226
-2412
-2158
-1731
-1726
-1492
-1084
-977
-741
-256
-7
36
37
151
624
1001
922
925
1187
1153
1003
1340
1915
2138
2019
1814
1536
1577
2383
2902
2042
1324
1984
2534
2321
2275
1878
1145
1657
2447
1540
482
808
1179
885
590
81
-642
-589
-159
-449
-1094
-1396
-1545
-1706
-1845
-1963
-1917
-1750
-1862
-2128
-2060
-1932
-2069
-2041
-1748
-1787
-1819
-1358
-1182
-1478
-1140
-529
-810
-1140
-704
-433
-486
-55
202
-125
-48
477
605
486
1012
1823
1802
1322
1352
1557
1883
2679
2762
1812
1765
2767
3129
2943
2639
2033
2007
2611
2315
1389
986
828
565
404
-162
-1000
-1036
-767
-1177
-1767
-1974
-2114
-2296
-2363
-2561
-2934
-3035
-2882
-2904
-2910
-2512
-2222
-2386
-2448
-2133
-1835
-1547
-1212
-1190
-1239
-825
-388
-430
-387
-28
309
643
851
841
1024
1349
1482
1492
1506
1668
2135
2298
1899
1599
1830
2299
2585
2323
1856
2012
2481
2573
2435
1998
1388
1555
2020
1487
704
624
510
220
158
-197
-786
-879
-742
-1045
-1523
-1677
-1766
-2016
-2247
-2324
-2366
-2393
-2279
-2307
-2640
-2603
-2204
-2135
-2216
-2036
-1917
-1874
-1610
-1390
-1327
-1099
-834
-688
-595
-533
-299
145
377
459
813
1117
1166
1272
1510
1870
2339
2527
2378
2239
2331
2809
3278
2999
2531
2776
3008
2795
2735
2346
1549
1587
1987
1319
453
342
106
-321
-385
-787
-1613
-1801
-1549
-1779
-2176
-2264
-2382
-2558
-2464
-2348
-2471
-2487
-2297
-2194
-2168
-2023
-1775
-1615
-1525
-1317
-950
-638
-535
-434
-246
-85
41
214
254
149
305
597
585
562
852
984
860
911
1047
1158
1476
1678
1506
1303
1413
1794
2105
1885
1581
1904
2268
2177
2057
1705
1007
1088
1655
1235
366
246
307
7
-147
-356
-1002
-1361
-1168
-1260
-1827
-2189
-2193
-2215
-2344
-2417
-2486
-2576
-2502
-2238
-2068
-2128
-2116
-1764
-1449
-1398
-1206
-871
-726
-534
-50
212
55
112
518
687
631
825
1011
946
1066
1322
1196
948
1085
1491
1747
1599
1373
1396
1479
1679
1977
1716
1144
1357
1922
1848
1584
1344
929
1034
1615
1331
530
390
479
410
427
129
-598
-797
-481
-632
-1155
-1425
-1484
-1598
-1779
-1971
-2181
-2278
-2059
-1855
-2041
-2193
-2009
-1833
-1766
-1667
-1619
-1526
-1209
-1017
-1044
-936
-718
-509
-243
13
103
154
341
576
734
961
1168
1187
1173
1461
1988
2110
1856
1863
2013
2110
2478
2658
2144
1897
2419
2533
2139
1847
1473
1220
1457
1417
689
198
140
33
-129
-540
-1222
-1530
-1380
-1406
-1809
-2182
-2332
-2383
-2401
-2473
-2692
-2787
-2481
-2211
-2380
-2511
-2232
-1880
-1618
-1409
-1356
-1200
-772
-472
-464
-418
-244
-36
237
405
388
457
698
894
908
927
1104
1237
1218
1316
1670
1866
1752
1687
1687
1647
1973
2385
2039
1608
1934
2308
2230
2065
1713
1419
1775
2093
1618
955
754
729
708
464
-309
-909
-754
-629
-1100
-1651
-1969
-2080
-1961
-1923
-2301
-2730
-2712
-2510
-2642
-2839
-2736
-2533
-2410
-2256
-2120
-2038
-1751
-1291
-1037
-981
-756
-384
-148
-42
102
308
501
624
724
902
1097
1286
1384
1384
1560
1978
2116
1798
1629
1714
1913
2351
2340
1696
1620
2222
2347
2083
1873
1443
1397
1924
1796
878
431
544
488
270
-130
-766
-1032
-823
-921
-1499
-1928
-2005
-2015
-2178
-2375
-2532
-2582
-2388
-2235
-2417
-2531
-2211
-1901
-1870
-1856
-1709
-1454
-1140
-896
-848
-846
-590
-190
1
67
244
510
679
746
877
1024
1128
1258
1301
1286
1563
1913
1756
1474
1537
1792
2198
2434
2031
1726
2186
2554
2447
2228
1730
1432
1936
2176
1409
772
737
626
502
338
-333
-941
-876
-780
-1244
-1836
-2154
-2292
-2395
-2549
-2789
-2982
-2953
-2785
-2683
-2663
-2528
-2255
-2013
-1936
-1843
-1493
-1113
-987
-855
-502
-211
-16
233
347
379
644
901
826
709
910
1161
1241
1142
915
1023
1527
1667
1328
1161
1216
1415
1927
2037
1410
1331
2041
2276
2031
1841
1471
1348
1910
2011
1265
822
898
853
682
324
-308
-565
-399
-592
-1203
-1594
-1784
-1949
-1966
-2164
-2645
-2763
-2416
-2321
-2573
-2570
-2388
-2274
-2039
-1830
-1787
-1648
-1290
-992
-890
-750
-436
-150
-59
24
222
434
497
508
608
700
789
911
852
667
879
1403
1466
1145
1117
1298
1534
1909
1797
1242
1366
2021
2182
1970
1668
1355
1591
2141
1910
1179
914
986
982
876
396
-261
-360
-117
-376
-997
-1327
-1378
-1391
-1412
-1602
-1952
-2041
-1784
-1692
-1901
-1954
-1794
-1646
-1508
-1430
-1351
-1145
-908
-730
-579
-450
-348
-221
-181
-240
-130
93
23
-129
-39
120
274
401
203
-93
317
925
820
556
628
719
1157
1798
1510
896
1309
1984
2032
1920
1638
1227
1539
2131
1762
1068
958
1004
999
945
388
-290
-290
-126
-488
-1014
-1344
-1578
-1636
-1661
-1957
-2277
-2234
-2084
-2104
-2134
-2112
-1943
-1663
-1487
-1448
-1346
-1130
-920
-724
-531
-371
-144
157
320
327
464
597
508
488
638
655
653
750
584
469
928
1253
955
805
905
955
1354
1683
1197
825
1321
1743
1705
1633
1339
1125
1583
1846
1326
833
749
746
805
666
17
-481
-315
-200
-558
-997
-1301
-1505
-1509
-1478
-1832
-2173
-2012
-1755
-1788
-1853
-1798
-1775
-1644
-1453
-1444
-1391
-1185
-1011
-855
-701
-626
-474
-247
-195
-189
-19
120
78
95
156
141
254
376
240
233
692
995
865
879
1007
1101
1597
1955
1525
1294
1864
2208
2185
2269
1960
1635
2126
2492
1915
1399
1412
1386
1313
1168
581
-13
-14
47
-333
-825
-1155
-1357
-1376
-1396
-1697
-1989
-1930
-1869
-1963
-1929
-1946
-2022
-1780
-1602
-1797
-1742
-1429
-1360
-1310
-1027
-919
-907
-681
-575
-639
-493
-325
-345
-341
-252
-123
84
153
-43
43
531
739
637
714
790
897
1433
1757
1299
1123
1691
1970
1927
1947
1678
1521
1993
2202
1612
1179
1207
1183
1144
959
341
-130
3
29
-397
-787
-994
-1189
-1187
-1147
-1468
-1801
-1727
-1595
-1693
-1674
-1583
-1590
-1456
-1257
-1190
-1048
-861
-776
-686
-547
-458
-371
-285
-351
-396
-251
-150
-216
-249
-177
-129
-69
-31
-203
-274
97
423
313
255
379
482
892
1309
999
785
1373
1781
1834
2069
1993
1743
2207
2628
2201
1836
1946
1947
1897
1877
1400
851
773
733
405
-6
-388
-653
-685
-773
-1180
-1556
-1669
-1730
-1776
-1802
-1970
-2180
-2141
-1954
-1893
-1880
-1779
-1682
-1561
-1353
-1194
-1187
-1169
-1056
-949
-793
-666
-691
-673
-516
-413
-308
-167
-233
-216
203
497
390
402
555
589
930
1369
1199
1064
1567
1923
1944
2050
1940
1713
1967
2266
1997
1646
1595
1570
1520
1452
1066
601
529
565
333
-44
-377
-639
-724
-774
-1037
-1345
-1434
-1392
-1403
-1446
-1556
-1682
-1568
-1422
-1496
-1564
-1516
-1485
-1404
-1278
-1259
-1284
-1174
-1049
-1053
-988
-820
-735
-663
-510
-433
-371
-176
-100
-119
179
518
528
649
908
919
1205
1827
1819
1547
1923
2263
2148
2306
2371
1976
2009
2445
2231
1652
1545
1563
1396
1256
959
425
146
162
14
-409
-819
-1002
-1042
-1127
-1390
-1662
-1711
-1661
-1680
-1699
-1759
-1849
-1726
-1508
-1514
-1594
-1461
-1305
-1254
-1164
-1063
-1034
-942
-787
-738
-717
-623
-540
-519
-462
-394
-313
-171
-70
-55
137
506
698
756
917
1010
1146
1624
1874
1616
1721
2204
2284
2315
2464
2151
1942
2379
2444
1844
1572
1571
1341
1230
1117
554
73
121
52
-423
-829
-1056
-1249
-1369
-1457
-1723
-2019
-2014
-1870
-1913
-2074
-2126
-2111
-2001
-1840
-1805
-1768
-1607
-1450
-1294
-1103
-1045
-1005
-818
-674
-652
-544
-403
-406
-338
-149
-55
34
153
124
199
613
885
874
969
1079
1126
1541
1901
1628
1550
2052
2287
2272
2428
2249
1963
2322
2629
2170
1716
1727
1665
1500
1397
1006
464
335
404
86
-484
-880
-1043
-1137
-1285
-1626
-2015
-2145
-2112
-2176
-2291
-2429
-2575
-2463
-2276
-2336
-2415
-2265
-2068
-1965
-1794
-1651
-1605
-1449
-1220
-1065
-940
-772
-611
-473
-316
-104
114
299
420
554
851
1225
1387
1403
1535
1651
1824
2218
2324
2042
2168
2633
2698
2655
2712
2515
2436
2773
2712
2139
1837
1820
1769
1633
1270
722
455
437
248
-169
-604
-920
-1044
-1104
-1398
-1858
-2091
-2020
-1985
-2106
-2213
-2301
-2368
-2271
-2135
-2243
-2348
-2179
-1983
-1926
-1808
-1611
-1524
-1399
-1180
-1011
-891
-746
-621
-493
-313
-135
60
239
268
372
845
1261
1237
1281
1493
1533
1832
2337
2177
1821
2211
2589
2462
2406
2318
2005
2126
2456
2067
1426
1269
1247
1083
887
411
-181
-301
-210
-564
-1095
-1375
-1570
-1655
-1601
-1849
-2357
-2387
-2079
-2132
-2308
-2295
-2355
-2338
-2033
-1911
-2078
-1969
-1620
-1466
-1390
-1239
-1147
-996
-804
-689
-577
-385
-215
-109
34
157
307
602
807
731
885
1378
1606
1579
1719
1790
1826
2354
2681
2289
2206
2671
2804
2717
2726
2376
2114
2496
2585
1998
1603
1531
1401
1315
1045
321
-155
-57
-132
-580
-993
-1286
-1461
-1440
-1477
-1952
-2327
-2173
-2007
-2093
-2144
-2224
-2327
-2096
-1861
-1970
-1989
-1780
-1643
-1493
-1301
-1345
-1354
-1091
-916
-874
-692
-564
-604
-450
-241
-215
-78
169
229
319
719
1056
1066
1146
1321
1400
1701
2149
2077
1816
2131
2448
2405
2437
2326
1986
2121
2457
2111
1522
1342
1228
1040
914
446
-209
-369
-284
-568
-1087
-1473
-1700
-1757
-1794
-2095
-2495
-2620
-2493
-2384
-2409
-2515
-2550
-2312
-2002
-1881
-1798
-1644
-1463
-1165
-860
-746
-694
-477
-218
-57
111
277
376
460
608
780
899
994
1041
979
1082
1406
1543
1461
1487
1519
1568
1932
2038
1586
1556
1993
2027
1990
2073
1685
1412
1895
2033
1394
1082
1161
1048
937
805
252
-258
-197
-82
-434
-951
-1249
-1341
-1398
-1530
-1800
-2126
-2256
-2157
-2148
-2337
-2492
-2453
-2264
-2144
-2137
-2101
-1978
-1820
-1611
-1396
-1325
-1230
-954
-732
-649
-427
-113
61
192
424
606
777
1028
1160
1178
1371
1719
1867
1868
1903
1879
1974
2250
2190
1854
1884
2063
1978
1954
1855
1438
1337
1602
1386
845
675
588
337
244
106
-373
-660
-555
-645
-1024
-1253
-1305
-1451
-1541
-1562
-1797
-2005
-1894
-1783
-1910
-1955
-1867
-1847
-1767
-1617
-1658
-1659
-1448
-1269
-1146
-979
-838
-706
-464
-311
-183
3
93
204
474
635
707
937
1057
991
1225
1628
1599
1546
1783
1783
1714
2053
2090
1633
1666
1975
1804
1623
1637
1313
1088
1346
1286
767
545
549
377
222
54
-367
-672
-620
-679
-997
-1236
-1330
-1381
-1338
-1379
-1652
-1791
-1689
-1643
-1686
-1663
-1728
-1763
-1503
-1360
-1463
-1407
-1239
-1243
-1159
-930
-891
-852
-627
-502
-450
-237
-37
0
92
313
483
633
809
839
854
1184
1482
1457
1529
1643
1551
1789
2170
1827
1476
1841
1937
1713
1925
1763
1119
1292
1704
1137
588
665
441
188
356
140
-520
-655
-410
-607
-986
-1133
-1310
-1522
-1478
-1448
-1690
-1804
-1674
-1646
-1632
-1569
-1615
-1594
-1392
-1351
-1341
-1115
-1076
-1135
-865
-601
-615
-485
-239
-294
-258
142
303
168
292
541
584
701
942
913
856
1170
1419
1326
1279
1361
1383
1548
1743
1571
1386
1508
1560
1507
1510
1282
1001
1063
1062
739
524
438
235
118
101
-178
-560
-616
-598
-800
-976
-1038
-1225
-1416
-1380
-1443
-1693
-1698
-1580
-1697
-1735
-1604
-1615
-1614
-1433
-1346
-1335
-1164
-970
-911
-843
-730
-640
-469
-259
-133
-79
57
213
319
472
574
590
764
1071
1153
1109
1219
1285
1285
1509
1668
1455
1420
1653
1624
1534
1617
1501
1303
1439
1476
1175
993
934
765
623
543
299
42
-4
-80
-293
-520
-699
-885
-1023
-1081
-1218
-1406
-1497
-1514
-1600
-1659
-1659
-1672
-1659
-1590
-1545
-1547
-1465
-1348
-1255
-1159
-1071
-963
-796
-652
-584
-472
-325
-204
-48
109
207
344
560
724
790
816
936
1124
1234
1292
1352
1381
1409
1574
1628
1460
1458
1573
1540
1484
1509
1346
1176
1263
1202
932
780
716
563
455
360
83
-145
-204
-315
-499
-646
-761
-847
-900
-974
-1134
-1271
-1301
-1318
-1372
-1410
-1440
-1442
-1355
-1294
-1322
-1317
-1235
-1165
-1056
-933
-906
-886
-742
-589
-558
-472
-308
-212
-75
153
183
148
382
580
556
633
773
764
887
1146
1079
961
1169
1305
1259
1304
1279
1129
1168
1249
1099
927
833
765
705
576
412
288
222
166
93
-53
-212
-292
-336
-433
-612
-776
-866
-905
-960
-1031
-1091
-1134
-1083
-985
-998
-1062
-1027
-968
-938
-900
-855
-812
-713
-589
-502
-454
-389
-265
-138
-44
17
115
242
333
432
519
579
696
824
897
912
927
965
1082
1131
1062
1080
1093
1019
1047
1072
882
778
882
809
589
543
475
295
233
199
-7
-184
-181
-250
-422
-534
-593
-687
-762
-807
-906
-990
-988
-960
-984
-1020
-995
-958
-963
-928
-869
-850
-813
-724
-664
-632
-538
-411
-305
-253
-157
-18
58
118
216
277
291
423
555
516
551
705
750
798
925
910
832
917
990
913
881
883
817
780
796
714
576
567
560
461
344
242
119
19
-18
-109
-257
-332
-391
-487
-553
-591
-657
-707
-716
-749
-812
-858
-836
-816
-860
-860
-813
-822
-809
-694
-618
-597
-509
-445
-457
-420
-322
-255
-224
-151
-73
-15
51
159
250
252
327
456
478
492
580
598
598
674
702
660
706
796
762
702
691
629
538
540
522
407
365
398
337
263
233
142
24
24
1
-131
-190
-205
-274
-345
-386
-465
-497
-479
-509
-545
-541
-557
-545
-478
-500
-532
-447
-376
-361
-286
-233
-225
-135
-12
-8
5
126
176
201
268
277
233
300
414
412
423
480
490
501
569
572
491
511
569
528
477
463
408
351
360
325
206
137
151
68
-59
-120
-213
-322
-342
-360
-478
-543
-530
-580
-643
-658
-706
-748
-741
-792
-868
-851
-797
-774
-710
-662
-670
-590
-456
-433
-406
-306
-263
-239
-113
-35
-30
92
233
276
352
446
450
480
565
605
617
695
757
773
822
879
874
866
859
829
808
787
758
695
654
633
596
531
464
384
282
213
148
24
-89
-174
-292
-384
-424
-496
-580
-617
-665
-751
-801
-810
-861
-911
-893
-885
-916
-895
-814
-769
-739
-666
-591
-573
-515
-431
-370
-296
-200
-106
-21
86
173
236
321
419
473
520
592
646
674
749
799
797
846
902
863
814
834
808
747
731
690
588
525
509
462
367
283
223
130
16
-68
-164
-283
-361
-413
-495
-588
-642
-690
-766
-799
-835
-880
-897
-908
-921
-914
-900
-874
-820
-793
-760
-699
-629
-544
-428
-349
-310
-213
-109
-32
64
173
242
330
459
536
595
667
707
727
776
812
810
819
853
873
875
871
873
882
855
817
760
696
648
593
509
412
346
280
203
122
10
-106
-184
-249
-316
-372
-433
-510
-582
-630
-661
-692
-735
-782
-822
-856
-889
-903
-893
-874
-835
-788
-733
-664
-592
-516
-454
-403
-356
-286
-202
-120
-38
14
84
190
285
386
464
508
566
635
668
677
695
716
728
758
775
753
743
737
701
656
610
546
475
415
373
318
232
151
79
-9
-108
-167
-224
-311
-368
-400
-455
-523
-569
-630
-705
-728
-731
-759
-754
-745
-751
-734
-694
-684
-681
-611
-554
-513
-445
-407
-382
-285
-176
-113
-30
36
92
190
300
379
444
545
619
667
744
777
804
853
853
847
879
890
877
885
859
809
768
728
661
584
513
426
345
261
185
116
57
-9
-83
-185
-290
-370
-453
-549
-636
-675
-711
-741
-739
-770
-809
-809
-815
-845
-842
-805
-778
-748
-701
-683
-664
-590
-513
-457
-384
-304
-247
-184
-100
-31
39
122
213
277
331
391
450
507
549
612
643
665
700
688
677
668
664
650
630
607
564
522
498
465
393
339
284
220
130
32
-50
-128
-177
-219
-267
-327
-359
-381
-417
-454
-490
-520
-552
-547
-548
-574
-558
-531
-512
-478
-420
-369
-317
-244
-185
-142
-87
-14
36
82
136
169
183
208
253
300
350
398
417
419
450
487
503
506
500
470
437
420
402
370
325
275
229
188
127
64
3
-47
-88
-131
-197
-255
-286
-321
-352
-386
-425
-468
-501
-528
-551
-566
-562
-542
-520
-512
-497
-465
-435
-388
-328
-263
-230
-176
-99
-55
-9
49
109
164
206
236
287
344
387
438
493
529
588
643
655
657
649
639
638
624
600
587
579
554
526
484
413
345
314
295
228
148
86
33
-31
-99
-157
-227
-294
-338
-404
-479
-536
-582
-607
-613
-635
-652
-664
-688
-691
-672
-646
-644
-631
-607
-579
-567
-552
-498
-438
-372
-306
-246
-201
-167
-126
-63
-3
34
92
167
211
264
341
410
469
518
552
569
577
587
622
639
638
640
633
605
582
554
516
478
433
377
342
309
239
187
156
105
41
-6
-58
-132
-173
-201
-227
-267
-324
-355
-359
-388
-422
-412
-400
-419
-434
-429
-442
-471
-467
-426
-400
-405
-379
-347
-328
-289
-245
-200
-172
-138
-75
-27
8
44
75
100
126
166
202
246
301
352
397
423
415
419
441
463
453
427
410
395
381
355
341
318
289
272
253
208
136
98
62
-4
-64
-84
-103
-140
-185
-217
-249
-292
-322
-317
-324
-345
-336
-306
-282
-281
-280
-281
-273
-265
-263
-229
-213
-198
-167
-135
-124
-120
-76
-36
-2
24
37
37
23
30
59
104
111
91
102
115
112
98
126
143
139
155
175
167
137
120
114
101
62
53
47
30
23
12
24
24
6
17
29
-20
-53
-23
-21
-52
-59
-51
-50
-69
-73
-58
-74
-86
-63
-42
-48
-55
-46
-13
13
7
25
62
62
60
76
82
67
66
95
130
127
117
139
164
173
150
129
119
84
60
64
64
27
4
12
-3
-35
-45
-16
-21
-63
-82
-88
-125
-169
-160
-145
-156
-175
-169
-155
-174
-192
-166
-134
-139
-138
-116
-107
-118
-106
-70
-63
-72
-56
-12
-6
-16
25
65
65
65
100
132
131
123
135
147
134
149
178
195
203
194
200
206
187
176
216
232
197
185
176
162
127
98
100
90
49
16
5
-24
-53
-55
-44
-56
-110
-154
-156
-191
-249
-260
-256
-271
-283
-279
-272
-280
-280
-252
-238
-242
-219
-160
-126
-138
-142
-106
-84
-98
-71
-30
-12
-11
3
37
48
44
75
110
98
104
130
141
165
195
216
222
204
192
198
188
164
168
176
181
170
155
158
143
116
101
95
69
39
37
35
26
-4
-16
-18
-55
-84
-88
-94
-121
-138
-128
-131
-153
-162
-152
-147
-169
-170
-162
-169
-191
-181
-154
-161
-157
-122
-80
-57
-40
-15
25
56
84
123
149
148
153
164
159
142
136
143
144
140
160
185
161
131
129
136
149
130
111
98
73
62
57
43
20
15
0
-4
-28
-74
-73
-74
-104
-110
-114
-114
-112
-117
-140
-178
-197
-197
-171
-161
-160
-139
-114
-107
-121
-126
-125
-128
-139
-118
-89
-88
-82
-48
-9
-4
15
58
87
99
119
150
147
116
97
97
101
96
119
144
152
144
140
161
167
144
138
126
88
62
43
16
-21
-32
-12
4
-8
-14
18
30
9
-11
-32
-51
-91
-107
-91
-111
-151
-152
-130
-139
-145
-121
-104
-101
-104
-90
-88
-92
-88
-63
-31
-23
-26
-8
-3
-12
13
45
61
58
63
77
82
78
82
108
122
103
94
93
106
92
93
127
123
89
75
81
77
65
63
69
62
48
44
40
30
16
0
-4
-14
-40
-48
-41
-67
-92
-96
-106
-109
-106
-98
-98
-120
-122
-101
-95
-115
-105
-99
-108
-97
-95
-98
-96
-83
-62
-46
-42
-42
-28
-9
-7
9
23
24
37
56
66
64
74
100
120
134
133
133
136
125
132
149
164
152
131
127
126
93
81
94
73
43
22
14
-13
-60
-69
-53
-52
-76
-80
-69
-75
-94
-89
-67
-78
-114
-117
-83
-91
-110
-98
-90
-104
-106
-77
-57
-82
-94
-45
-18
-40
-50
-27
-2
-8
-17
17
45
14
19
68
79
50
49
87
78
38
39
84
108
69
51
77
80
43
42
87
72
17
39
84
57
8
25
49
-5
-60
-35
0
-28
-53
-14
6
-39
-58
-16
1
-42
-50
1
6
-47
-51
-11
-8
-48
-48
-2
-6
-47
-43
-18
-41
-69
-41
-8
-19
-41
-25
3
-21
-52
-22
13
-9
-14
25
47
18
12
53
54
17
10
42
28
-19
-11
31
20
-15
-11
19
-4
-38
-20
8
-27
-60
-12
13
-21
-45
-14
9
-12
-13
36
58
30
22
59
62
14
10
52
51
3
-7
22
3
-27
5
44
19
-15
16
54
21
1
64
87
45
27
62
57
7
4
40
53
10
0
23
7
-34
-23
21
-1
-45
-35
-1
-49
-106
-77
-36
-46
-65
-31
-2
-50
-80
-32
-20
-73
-86
-29
-3
-59
-74
-11
7
-39
-12
52
45
6
17
49
21
-20
9
47
19
-21
12
66
43
18
65
82
30
2
23
25
-37
-60
-8
6
-41
-29
50
43
-16
-24
7
1
-61
-64
-33
-53
-93
-66
-26
-50
-74
-33
8
-23
-59
-28
8
-42
-71
-14
6
-27
-21
31
26
-44
-40
6
-1
-41
-17
38
9
-6
38
94
86
53
96
131
67
0
36
79
39
12
77
106
44
19
85
107
33
11
87
91
23
46
111
77
-7
-3
60
37
-34
-8
56
34
-25
27
85
21
-22
17
35
-21
-61
-18
-6
-80
-111
-54
-49
-112
-109
-46
-59
-133
-133
-80
-81
-149
-141
-65
-86
-125
-51
25
-11
-72
-48
5
-29
-78
0
63
-7
-14
84
120
58
30
91
112
29
12
81
79
31
44
92
70
1
-10
32
-2
-65
-45
4
-22
-72
-33
8
-49
-82
-26
17
-24
-48
2
43
16
-14
34
47
-21
-32
7
-5
-59
-77
-16
-12
-52
-26
23
14
-31
-19
10
-17
-61
-26
15
-12
-33
24
82
44
31
89
94
26
-6
26
-5
-44
-13
60
88
60
94
146
109
33
33
72
40
7
57
97
40
-9
40
68
29
-4
36
43
-32
-67
-31
-23
-76
-87
-43
-42
-93
-93
-33
-48
-105
-74
-18
-32
-74
-59
-9
-27
-94
-47
14
-43
-82
-53
-15
-32
-57
6
36
-12
-25
-2
-3
-37
-30
29
40
-13
-16
39
35
5
30
78
68
32
64
98
56
17
49
72
43
40
78
86
43
24
63
78
32
8
51
58
5
12
51
34
-26
-61
-48
-72
-122
-99
-48
-45
-55
-32
15
-10
-65
-32
-17
-57
-71
-32
2
-30
-50
1
25
-18
-20
16
16
-25
-42
-12
-2
-29
-11
45
37
7
24
51
26
-10
12
22
-20
-50
-36
-9
-20
-21
19
47
30
6
16
10
-29
-23
19
36
18
33
66
48
22
17
4
-22
-57
-67
-45
-59
-78
-46
-18
-34
-63
-49
-20
-33
-36
9
21
-15
-45
-33
-17
-32
-10
50
67
32
37
72
67
32
36
80
62
10
8
38
44
24
52
90
73
33
53
79
43
0
19
48
12
-8
24
43
20
6
45
67
23
-8
5
-2
-55
-66
-27
-27
-59
-46
-6
-12
-29
-23
-11
-26
-63
-40
-23
-58
-77
-32
10
-12
-19
1
15
-12
-30
0
-20
-64
-52
-16
-7
-28
-20
21
26
-14
-16
-1
-25
-41
-31
-12
-2
-3
25
51
32
-14
-5
11
1
0
-9
16
15
0
17
29
-2
-38
-19
1
-15
-28
-3
14
-9
-12
13
28
-8
-13
39
36
-11
-7
38
17
-45
-36
26
26
-21
1
54
14
-40
-3
38
-24
-58
13
36
-16
-21
58
59
-26
-26
30
9
-61
-42
7
-12
-30
11
35
-6
-33
3
21
-15
-21
3
1
-19
-10
25
38
51
63
57
27
3
-10
-16
-6
6
12
13
38
46
26
14
8
-3
-28
-18
-2
-13
-16
27
66
43
42
78
73
13
-9
12
-27
-79
-47
7
-22
-54
-5
22
-18
-25
20
5
-74
-56
13
-16
-63
-12
37
-31
-40
32
53
1
9
85
60
-5
26
88
40
-5
36
51
4
-27
33
52
-3
0
36
-21
-89
-64
-55
-99
-107
-62
-43
-51
-35
-14
-46
-68
-38
-27
-77
-89
-43
-51
-71
-30
17
-30
-43
33
66
17
16
94
61
-27
3
56
3
-25
59
96
1
-25
75
69
-45
-36
66
17
-82
-27
54
-25
-83
38
72
-47
-58
52
25
-77
-28
58
1
-78
-5
58
-22
-65
22
45
-31
-23
64
59
-8
16
49
4
-32
18
44
4
0
35
24
0
25
36
23
34
57
36
17
55
56
9
3
43
14
-41
4
64
9
-35
47
90
3
-9
93
81
-13
-3
76
11
-92
-14
66
-8
-47
78
97
-39
-54
50
28
-96
-60
36
-48
-141
-37
29
-85
-118
-6
2
-124
-123
-4
-41
-141
-73
25
-36
-96
-18
7
-92
-98
10
6
-72
-32
53
19
-44
13
52
-25
-34
32
31
-34
-2
82
55
11
52
74
13
13
69
52
-3
18
57
-3
-34
33
48
-10
1
64
10
-83
-29
46
-26
-55
48
70
-35
-54
43
9
-105
-53
66
3
-67
39
108
2
-42
77
65
-70
-35
69
-3
-102
-13
65
-16
-56
40
61
-56
-44
63
32
-50
1
89
24
-32
43
73
-21
-41
51
42
-36
-3
59
23
-11
36
65
4
7
56
32
-14
8
42
-18
-39
6
-14
-84
-58
6
-34
-76
-6
31
-56
-89
-8
-13
-115
-90
5
-28
-92
-8
76
-9
-65
37
61
-44
-60
37
22
-66
-22
86
52
-33
39
105
23
-36
29
48
-34
-35
47
36
-33
18
100
66
39
74
78
19
3
31
-4
-47
-25
14
-3
-4
32
26
2
12
21
-9
-19
19
6
-60
-40
6
-40
-62
-3
10
-85
-101
-16
-23
-103
-63
40
-7
-76
-7
56
-34
-77
26
42
-68
-75
49
34
-56
14
120
55
-17
77
120
3
-53
49
49
-64
-31
84
35
-74
-4
75
-16
-83
33
88
-32
-51
63
35
-99
-70
28
-24
-112
-43
28
-36
-61
31
43
-30
-17
76
54
-33
11
66
25
-30
7
23
-31
-44
1
15
-24
-20
-5
-29
-43
-9
4
-13
-5
-2
-20
-27
-1
22
8
24
52
21
-10
7
20
-10
-8
41
49
27
45
86
66
36
64
81
31
14
59
48
-4
5
48
25
-13
21
59
22
-16
26
38
-20
-29
18
-1
-54
-48
-22
-43
-74
-40
-11
-57
-77
-42
-54
-93
-68
-26
-56
-80
-33
-9
-45
-36
28
20
-28
-9
27
-10
-17
47
63
18
15
68
50
-6
6
46
20
-13
31
55
15
-3
27
25
-33
-46
-8
-27
-72
-54
-16
-36
-57
-22
11
-19
-50
-26
-10
-25
-22
10
30
16
-5
5
1
-18
-19
5
9
-8
0
29
38
20
20
32
27
18
17
22
13
3
23
30
18
16
26
32
22
25
32
5
-18
-6
-6
-20
-2
31
32
15
28
33
-1
-25
5
23
5
16
49
34
-24
-26
-17
-54
-67
-25
-17
-52
-35
-2
-12
-26
10
21
-15
-13
16
0
-33
-1
18
-18
-37
2
11
-19
-1
48
37
0
30
51
9
-10
35
37
-17
0
44
10
-34
2
43
12
-1
45
45
2
6
35
9
-27
-8
11
-13
-18
8
4
-29
-42
-35
-40
-39
-27
-35
-40
-20
-18
-39
-28
-3
-28
-46
-13
1
-37
-38
18
19
-29
-10
38
2
-50
-19
10
-29
-34
25
21
-30
-18
17
-4
-25
14
34
9
17
50
47
31
45
50
30
27
27
14
29
61
54
28
37
44
14
17
48
22
-36
-21
18
-28
-54
-1
13
-53
-43
16
-32
-90
-36
-4
-80
-85
14
7
-84
-50
32
-31
-97
-8
40
-61
-59
59
42
-49
20
109
2
-67
32
58
-36
-2
101
35
-52
34
100
12
-2
105
87
-28
11
88
-4
-68
33
60
-47
-27
89
33
-63
15
72
-35
-59
60
40
-80
-39
53
-33
-98
-1
42
-54
-65
32
8
-63
-3
55
-28
-82
-8
11
-59
-44
26
2
-40
1
32
-17
-15
46
30
-6
13
27
6
20
53
31
16
45
41
-11
-15
24
3
-22
21
25
-44
-50
5
-24
-78
-26
22
-30
-49
19
34
-29
-6
48
2
-44
-1
28
-18
-15
38
22
-20
9
28
-18
-37
2
-22
-67
-21
10
-31
-35
11
-9
-61
-18
25
-30
-48
23
30
-33
-19
48
10
-33
41
72
5
3
83
65
1
46
92
23
-30
21
28
-46
-44
31
2
-51
8
43
-24
-46
17
22
-32
-6
34
-17
-52
8
33
-13
3
57
22
-7
22
12
-33
-22
17
-12
-30
23
26
-29
-23
18
-19
-57
2
26
-55
-55
20
-11
-73
-17
41
-21
-54
30
41
-52
-38
18
-43
-105
-22
33
-25
-12
75
64
-3
44
95
23
-7
73
80
-3
26
112
51
-20
54
92
-13
-37
50
33
-58
-19
58
-5
-50
47
68
-39
-38
39
-7
-80
-32
1
-74
-83
19
12
-74
-31
46
-19
-76
-11
-4
-86
-76
21
4
-70
-22
25
-34
-55
17
36
-30
-13
43
6
-32
6
23
-31
-44
0
-12
-37
12
43
9
7
46
34
-2
49
76
22
5
52
49
3
32
89
53
19
61
62
-2
-2
41
-2
-57
-16
22
-27
-39
-4
-36
-99
-68
-9
-47
-76
-8
1
-77
-55
23
-13
-57
7
40
-38
-48
33
4
-79
-32
40
-16
-48
34
53
-33
-20
64
29
-33
37
86
-3
-31
71
85
7
38
98
28
-32
38
61
-27
-22
66
31
-42
17
60
-17
-40
36
21
-61
-31
23
-28
-52
33
56
-11
-7
51
-3
-76
-14
21
-57
-54
38
17
-59
-22
41
-27
-76
-12
-8
-90
-62
36
2
-55
15
57
-21
-37
50
34
-41
-4
57
4
-29
46
63
-14
-16
48
15
-39
11
56
4
-12
54
50
-17
6
55
11
-25
20
25
-37
-38
13
-12
-45
0
19
-26
-20
17
-13
-49
2
30
-18
-19
21
-7
-52
3
38
-21
-30
35
25
-41
-7
43
-36
-65
18
25
-67
-42
57
6
-70
7
51
-53
-67
60
49
-64
-9
101
18
-67
27
69
-53
-64
79
54
-73
-21
66
-40
-125
6
58
-65
-64
60
38
-59
7
90
11
-27
72
85
-28
-31
48
-7
-82
-19
40
-17
-20
70
49
-42
-2
63
-6
-46
26
36
-42
-18
62
23
-42
15
52
-31
-47
40
38
-30
6
56
-2
-47
23
31
-66
-69
3
-27
-73
5
63
-1
-13
76
79
-7
0
64
15
-61
-11
30
-18
-21
57
62
-6
-3
44
11
-49
-12
20
-34
-53
-7
-4
-49
-34
15
10
-4
21
36
1
-16
8
4
-32
-27
-1
-24
-56
-37
-15
-29
-20
34
54
11
-3
13
-8
-39
-28
-1
-11
-24
4
29
5
-1
41
46
13
7
24
-3
-43
-30
-20
-51
-46
0
6
-29
-10
33
14
-1
32
48
7
-8
35
29
-20
-8
26
-9
-35
1
13
-26
-22
29
19
-26
-8
17
-26
-41
4
-4
-38
-8
26
-8
-27
26
42
4
15
60
36
-15
11
22
-40
-39
30
24
-19
25
69
31
18
68
62
-12
-13
33
-27
-84
-35
-5
-74
-94
-13
-6
-43
11
73
28
-28
12
19
-43
-41
-3
-31
-58
-12
13
-10
3
46
32
9
43
33
-24
-8
43
8
-25
37
55
-21
-10
77
54
-7
48
94
10
-43
33
41
-58
-43
57
13
-65
3
45
-58
-84
19
7
-89
-46
28
-47
-95
8
44
-45
-23
64
-3
-105
-42
15
-75
-96
20
16
-80
-17
87
20
-30
69
81
-31
-16
86
28
-61
26
76
-33
-45
84
71
-39
27
129
37
-38
81
108
-27
-25
88
36
-80
-4
78
-20
-52
66
78
-35
-14
74
15
-65
0
34
-62
-89
-13
-36
-120
-71
-11
-66
-88
-13
-13
-77
-64
-25
-70
-99
-47
-43
-81
-48
6
-20
-32
29
37
-10
4
48
12
-28
20
38
-9
7
76
49
-8
46
80
15
0
52
35
-25
18
69
18
1
72
83
23
49
100
50
14
67
72
-4
9
70
23
-28
24
41
-26
-24
45
13
-46
15
50
-31
-48
33
16
-81
-42
14
-76
-121
-27
-4
-101
-78
26
-29
-112
-15
41
-62
-66
49
16
-100
-31
56
-40
-85
48
71
-50
-11
116
52
-47
54
119
-13
-49
74
48
-84
-16
106
18
-55
73
108
-40
-39
93
38
-86
2
83
-31
-69
62
64
-75
-48
70
4
-80
19
73
-39
-54
47
11
-87
-35
37
-50
-97
0
14
-68
-27
62
-8
-65
25
46
-44
-26
58
-3
-88
-13
44
-42
-54
49
40
-70
-35
47
-16
-79
-3
37
-67
-81
17
9
-64
-16
53
8
-22
38
51
-4
4
54
15
-34
2
16
-23
-21
11
-12
-21
36
47
0
17
69
41
-2
42
62
-8
-23
46
49
-14
12
52
-16
-69
-11
20
-19
-3
43
22
-21
11
40
5
-2
25
22
-5
14
44
27
22
40
18
-22
-5
20
-3
-13
8
-5
-36
-7
19
-14
-18
31
30
-8
6
38
4
-22
16
12
-36
-22
24
-4
-44
-5
32
-18
-37
27
20
-47
-24
25
-23
-67
-19
-2
-67
-72
5
9
-37
-14
12
-34
-61
-4
10
-38
-22
21
-2
-21
19
18
-26
-21
9
-25
-45
-1
4
-42
-25
29
16
-7
40
60
-12
-35
23
15
-46
-20
42
16
-13
31
45
-6
10
77
54
-1
13
39
-4
-30
13
15
-22
-6
22
-3
-21
14
16
-23
-18
5
-35
-70
-40
-34
-74
-53
-1
-22
-43
9
29
-31
-40
15
5
-31
9
56
9
-13
52
67
3
5
69
36
-9
51
91
25
2
57
49
-11
31
88
35
-10
34
43
-24
-3
50
0
-56
-8
19
-47
-51
20
1
-58
-2
55
-9
-36
49
46
-47
-28
42
-22
-88
-10
25
-60
-64
30
13
-73
-12
62
-14
-55
45
70
-24
-17
66
15
-63
6
70
-4
-26
67
54
-41
-11
62
-4
-64
8
33
-51
-59
6
-34
-95
-37
26
-32
-60
15
19
-43
-18
40
-8
-50
8
33
-22
-13
59
43
-14
22
54
-5
-27
18
9
-33
-11
18
-25
-49
-12
-10
-68
-80
-40
-57
-75
-20
6
-28
-33
5
-4
-35
-11
18
-5
-7
41
47
9
31
71
55
56
90
80
35
31
50
39
21
32
27
-8
-16
2
-4
-23
-16
-2
-26
-44
-21
-13
-28
-19
4
-20
-47
-23
-1
-11
10
46
40
20
17
11
-13
-13
3
-14
-27
-3
11
0
10
33
25
30
44
26
-16
-10
28
18
-4
23
34
-7
-5
42
36
-1
15
28
-26
-68
-31
-10
-44
-20
33
8
-37
11
57
10
-18
10
3
-47
-33
11
4
-17
9
27
4
17
55
42
8
14
13
-29
-40
-7
-3
-30
-15
9
-7
-17
5
-3
-44
-34
-2
-20
-36
-11
-1
-23
-6
24
12
5
27
20
-28
-29
-6
-26
-49
-28
-15
-47
-44
10
4
-28
0
18
-27
-59
-21
-14
-58
-48
9
-10
-49
-13
29
-4
-27
20
32
-11
-3
37
10
-16
36
63
13
-2
45
35
-14
12
55
29
8
37
37
-12
-18
19
3
-33
-9
28
14
11
43
40
7
13
36
31
27
55
57
19
15
26
-2
-9
28
26
-5
6
34
14
-19
5
11
-34
-33
19
3
-46
-33
-7
-46
-63
-9
-2
-54
-49
-3
-29
-80
-39
5
-24
-24
34
31
-28
-9
40
16
-15
22
38
-10
-22
21
20
-12
7
33
-4
-31
18
21
-18
0
39
20
-13
4
8
-37
-25
19
20
8
32
64
41
22
54
62
18
10
29
-5
-43
-11
17
-19
-28
19
32
-9
-18
-1
-26
-59
-41
-21
-59
-74
-35
-35
-67
-54
-14
-21
-40
-17
8
-4
-16
0
-2
-28
-32
-15
-27
-50
-30
13
12
-14
4
23
7
1
23
39
19
7
25
29
3
-1
26
27
6
10
39
40
25
47
62
31
7
23
21
-17
-22
5
-1
-24
-10
1
-23
-27
2
-4
-29
-18
5
-25
-51
-18
1
-27
-10
42
29
-12
13
42
-5
-15
43
50
6
32
79
39
-9
33
62
16
17
70
60
9
37
77
22
-7
40
38
-34
-34
19
-21
-75
-30
7
-54
-80
-19
-32
-111
-79
-2
-35
-80
-17
16
-68
-83
-15
-28
-95
-56
18
-33
-67
15
49
-8
11
90
67
0
30
70
5
-32
27
39
-19
-7
55
38
-4
20
37
-19
-39
1
2
-41
-29
16
18
10
35
48
20
16
32
14
-6
-1
-2
-16
-4
22
7
-11
12
32
20
22
40
27
3
4
-6
-38
-55
-31
-21
-32
-24
-1
-1
-11
0
3
-11
-15
-9
-22
-29
-11
-8
-14
-1
11
-7
-18
0
0
-18
-9
16
12
2
19
22
-4
-11
14
12
-12
-4
3
-27
-44
-22
-14
-28
-21
9
-7
-35
-26
-19
-37
-34
2
8
8
33
57
43
29
40
42
37
37
43
20
3
4
2
4
22
40
39
37
26
23
16
10
9
4
-10
-16
-7
-13
-24
-26
-35
-55
-66
-52
-39
-31
-12
1
-2
-8
-4
-3
-6
-2
3
6
-2
-5
6
18
24
25
21
21
22
27
47
56
45
34
35
25
11
11
19
23
15
27
35
11
3
14
8
-8
-12
2
-6
-23
-10
-5
-21
-24
-11
-19
-43
-31
-7
-11
-20
-3
14
7
-3
-4
-12
-35
-33
-33
-43
-48
-35
-25
-38
-42
-45
-57
-57
-51
-48
-54
-41
-32
-36
-22
-15
-26
-34
-3
15
-12
-21
6
10
1
20
37
22
15
49
64
33
26
59
60
36
55
61
25
17
63
82
56
55
71
49
26
44
38
-11
-20
6
4
-26
-10
12
-16
-20
4
-15
-54
-35
-7
-31
-41
-14
-19
-66
-71
-27
-21
-49
-34
-6
-26
-32
4
13
-23
-20
6
-11
-37
-10
22
18
14
50
54
12
25
55
33
5
29
44
16
24
68
86
74
79
86
37
2
12
12
-1
0
13
-4
-23
-11
2
-11
-18
-5
-13
-31
-24
-15
-35
-54
-55
-63
-77
-64
-38
-24
-14
0
0
-15
-15
-14
-30
-41
-26
-36
-63
-55
-45
-49
-36
-10
6
7
7
18
-2
-23
-16
-9
-14
-13
-1
-5
-10
13
36
32
24
42
43
16
17
28
11
-10
14
40
31
37
65
65
43
44
60
48
42
56
54
30
9
7
-1
-12
1
16
-14
-31
-12
-9
-14
-4
9
-8
-26
-10
-10
-46
-59
-39
-41
-54
-46
-32
-39
-60
-31
-16
-36
-18
11
-6
-36
-20
5
-5
-6
17
17
-12
-17
8
6
-8
15
37
18
5
10
8
-16
-13
13
7
1
28
54
44
40
53
63
51
47
56
28
-9
-17
-6
-17
-18
-2
1
-9
-14
13
21
10
21
40
40
22
12
8
-18
-36
-24
-13
-25
-30
-12
-9
-23
-13
2
-18
-43
-34
-32
-49
-54
-35
-39
-66
-56
-22
-29
-37
2
29
3
-5
21
14
-7
15
49
32
12
50
64
29
10
31
22
3
44
74
48
35
63
59
-4
-16
17
-5
-40
-11
20
-31
-60
-20
-17
-57
-48
2
-12
-45
-12
14
-18
-32
8
9
-41
-41
3
-18
-42
6
35
-9
-21
26
22
-16
-5
30
-5
-47
-4
27
-7
-13
25
13
-33
-14
28
8
-9
23
32
-18
-35
1
3
-28
-18
6
-10
-31
-7
15
-8
-10
21
27
4
16
39
28
10
37
48
12
-1
5
-7
-25
-5
19
8
5
24
27
17
15
24
13
-4
-3
3
-13
-25
-14
-11
-31
-34
-6
-1
-14
2
7
-31
-45
-24
-15
-34
-32
-10
-16
-24
-5
11
-13
-35
-9
7
-7
1
41
45
10
23
54
36
26
71
91
52
45
67
66
47
63
77
45
32
51
62
22
-8
-1
-25
-60
-31
-5
-37
-68
-43
-34
-77
-80
-42
-59
-94
-72
-47
-72
-89
-51
-34
-62
-54
-17
-20
-45
-14
23
5
-13
13
18
-13
2
43
20
-20
11
31
-5
-9
39
39
-12
-7
43
27
-15
12
36
-8
-16
42
48
-6
-2
40
18
-18
20
61
18
-7
60
83
31
42
90
56
-6
26
53
-2
-27
29
38
-17
-1
47
0
-58
-27
2
-39
-71
-31
-29
-75
-69
-33
-53
-95
-61
-26
-42
-48
-10
4
-35
-33
-2
-21
-42
-21
0
-15
-14
11
11
0
3
24
17
0
14
30
28
19
22
21
8
1
14
27
19
23
45
61
58
53
56
44
30
35
42
30
16
23
21
-3
-7
13
10
-11
5
24
9
0
23
33
3
-10
-3
-17
-34
-7
25
-1
-34
-21
-13
-43
-34
22
28
-14
-8
18
-20
-56
-21
9
-34
-46
-3
-11
-60
-40
9
-13
-43
-2
28
-8
-18
29
30
-18
-20
9
-30
-69
-22
-3
-34
-20
25
10
-31
-1
26
-9
-20
18
18
-31
-30
8
-3
-35
0
24
-17
-23
23
22
-19
-4
32
1
-37
-6
16
-25
-23
27
10
-43
-17
24
-7
-20
25
28
-19
-13
21
-2
-33
4
44
18
9
45
36
-18
-19
17
7
-12
14
34
5
-15
19
32
-5
-18
17
26
11
27
54
44
34
57
61
26
15
45
56
39
36
39
23
9
12
12
-4
-28
-35
-29
-32
-29
-13
-9
-18
-11
-7
-24
-30
-16
-7
-17
-18
-8
-21
-47
-52
-37
-36
-40
-26
-10
-12
-22
-29
-30
-28
-25
1
3
-7
1
2
-11
-21
-4
0
-2
10
20
21
22
32
30
22
27
39
23
15
26
18
-7
-15
-13
-17
-6
14
27
10
-8
7
19
8
21
40
20
-12
-17
-9
-24
-32
-3
18
10
21
33
17
2
28
31
-3
-19
-15
-26
-50
-50
-33
-31
-31
-11
-8
-31
-39
-24
-21
-26
-5
-2
-31
-54
-49
-42
-45
-28
-3
1
-3
2
3
6
3
9
12
3
-1
-4
-6
5
11
5
12
20
31
51
66
74
72
66
59
42
30
33
35
18
28
44
35
28
39
41
23
14
17
-1
-22
-18
-18
-34
-25
-4
-8
-28
-28
-19
-33
-42
-21
-15
-50
-67
-46
-35
-34
-10
8
-8
-30
-7
7
-21
-29
-11
-9
-12
15
20
2
-4
20
32
23
34
33
19
19
39
41
23
25
24
5
-9
2
1
-8
11
37
42
35
44
33
3
4
7
-18
-29
-23
-19
-24
-9
7
-4
-7
14
15
-24
-35
-34
-63
-69
-40
-27
-41
-33
-2
-9
-42
-35
-14
-45
-55
-5
11
-15
-4
26
2
-23
8
26
-16
-32
-2
-9
-42
-32
-6
-39
-55
-5
25
-12
-13
38
34
8
34
67
35
23
66
60
16
19
59
48
22
51
64
27
20
54
45
-5
-5
26
-1
-35
-5
8
-24
-18
18
-3
-38
-11
16
-6
-11
20
7
-45
-45
-21
-49
-69
-39
-27
-62
-55
-3
0
-26
-5
20
-4
-19
0
5
-5
6
35
32
23
42
40
20
23
35
6
-22
3
10
-20
-32
-13
-26
-45
-21
-2
-18
-27
6
26
16
31
58
49
32
45
42
19
27
57
63
51
63
67
41
37
68
67
38
48
52
18
-18
-27
-33
-56
-44
-24
-54
-79
-63
-54
-86
-99
-79
-92
-111
-101
-89
-102
-105
-70
-50
-47
-24
2
0
-10
19
30
18
30
55
50
28
38
50
41
36
53
56
42
33
34
17
-14
-11
4
-7
-18
3
14
-5
-9
10
7
-2
8
18
10
-2
7
4
-13
-16
-6
1
-5
-5
1
5
8
11
8
7
8
12
16
13
9
1
-10
-4
15
18
14
11
5
-12
-14
-17
-29
-29
-31
-41
-55
-34
-24
-29
-14
-4
-2
-14
-3
7
-9
2
16
11
-5
10
25
10
9
27
31
18
29
54
40
21
40
47
32
35
65
53
19
26
50
44
31
51
48
7
-12
-4
-19
-40
-9
10
-10
-17
-1
-1
-19
0
19
-10
-45
-28
-18
-42
-52
-35
-42
-52
-28
-2
-6
-16
-3
-8
-30
-23
-7
-16
-22
-4
-9
-33
-31
-8
-8
-16
-6
-14
-45
-48
-30
-32
-41
-19
-3
-16
-21
1
1
-19
-7
5
-6
-19
0
13
1
4
29
32
11
14
12
-12
-19
7
25
15
21
31
16
6
13
19
9
12
34
33
18
23
43
44
40
51
36
-1
-5
11
14
2
2
9
8
0
5
11
3
19
23
8
-8
1
16
4
0
-5
-21
-36
-37
-30
-37
-31
-5
-1
-24
-29
-29
-47
-48
-33
-31
-47
-37
-8
10
15
20
29
22
13
33
41
27
26
30
16
-5
-11
-13
-16
-2
17
23
14
14
24
25
19
12
5
0
3
7
5
7
3
3
7
-2
-3
5
23
38
30
22
28
35
28
32
35
12
-13
-13
-9
-27
-34
-13
-6
-11
-8
-10
-28
-41
-28
-10
-20
-23
-14
-17
-32
-37
-38
-56
-57
-43
-35
-42
-41
-26
-33
-37
-36
-30
-33
-40
-26
-16
-12
15
29
18
11
18
20
10
13
22
22
30
53
59
57
64
67
49
21
16
9
0
2
9
4
-5
-1
2
-8
-5
9
3
-16
-26
-22
-13
-2
13
5
-22
-24
-13
-14
-18
-4
26
27
27
34
16
0
-4
-1
-14
-20
1
4
-14
-16
-17
-26
-25
-17
-9
-4
9
27
25
17
15
16
0
-2
11
2
-11
-6
6
2
6
29
32
15
21
37
35
19
19
14
-12
-27
-8
8
7
29
54
47
16
2
-6
-31
-47
-38
-41
-59
-47
-24
