34
37
45
28
25
58
58
26
23
28
5
-5
7
1
-22
-21
0
1
-4
13
15
-15
-34
-21
-27
-48
-44
-36
-51
-54
-23
-4
-12
-7
-3
-26
-44
-37
-42
-60
-60
-47
-51
-42
-19
-16
-22
-9
7
-2
-1
29
45
33
26
49
38
22
50
61
30
11
20
20
9
17
35
20
6
19
22
6
9
32
21
8
25
43
35
35
53
47
23
20
29
7
2
8
-11
-28
-19
-7
-17
-19
-16
-30
-42
-15
11
-12
-24
-6
1
-11
-1
19
0
-33
-29
-26
-44
-36
0
7
-23
-16
6
-9
-24
-3
1
-38
-43
-25
-24
-20
4
24
-6
-17
7
4
1
12
26
-4
-31
-23
-23
-39
-18
15
2
-8
36
69
52
60
79
51
8
19
24
-5
-15
11
13
-7
10
34
9
-23
-8
-2
-29
-25
10
-8
-49
-31
-12
-44
-55
-22
-20
-42
-14
20
1
-12
22
37
12
12
32
10
-26
-13
10
-10
-28
-2
3
-25
-9
32
19
6
40
56
22
-5
2
-12
-41
-22
9
-2
2
26
20
-16
-12
12
4
-16
-14
-10
-39
-42
-21
-25
-37
-26
-7
-23
-25
-2
-7
-22
-9
14
18
10
18
25
6
0
17
12
2
18
32
21
17
32
31
17
18
24
13
6
24
26
22
22
22
8
-15
-8
-5
-19
-17
7
10
11
24
25
25
17
29
37
20
25
44
38
20
21
22
4
-3
6
8
3
8
18
7
-12
-10
-13
-28
-18
-8
-17
-24
-29
-34
-39
-34
-21
-19
-18
-9
-9
-19
-24
-26
-37
-52
-50
-41
-40
-43
-35
-38
-51
-44
-23
-19
-22
-16
-25
-36
-30
-28
-33
-45
-25
2
-3
-10
-1
-3
-9
12
42
71
85
92
92
74
52
48
45
28
29
27
11
8
2
-3
-13
-4
9
4
0
-14
-22
-31
-33
-19
-15
1
12
5
-11
-20
-14
-18
-25
6
30
19
16
16
5
-7
-5
1
-9
-7
10
17
11
23
32
22
10
12
26
30
33
44
44
24
18
20
4
-1
16
27
20
12
12
-16
-37
-26
-11
-11
-18
-15
-21
-20
-19
-31
-53
-57
-24
-6
-19
-29
-37
-36
-24
-3
16
-1
-12
-8
-17
-28
-20
-4
-11
-7
20
40
40
48
59
61
53
52
63
43
24
28
22
-8
-20
-7
-10
-10
4
3
-20
-21
-3
-15
-47
-67
-63
-65
-61
-30
-10
-22
-34
-24
-26
-41
-28
-5
-3
8
33
23
-4
-3
4
-7
-19
-13
-19
-34
-25
9
30
23
42
57
43
39
54
52
22
26
48
49
51
60
63
51
54
62
44
22
8
6
-16
-33
-26
-28
-28
-24
-26
-58
-84
-76
-81
-92
-83
-65
-69
-65
-52
-48
-58
-51
-23
-18
-19
-12
-11
-15
-8
14
27
24
33
55
48
29
32
25
2
5
33
32
15
23
31
16
-1
5
21
8
8
29
30
16
19
25
15
14
28
39
36
49
52
27
21
24
16
-2
-7
2
-7
-4
14
24
6
-10
-5
-7
-20
-13
-4
-12
-17
-8
-3
-16
-7
1
-18
-19
-10
-14
-22
-19
-17
-24
-36
-39
-41
-44
-34
-16
-4
0
25
49
52
34
19
0
-7
4
19
15
-7
-2
10
14
12
21
19
-3
-7
3
-8
-15
11
15
8
4
-3
-22
-31
-21
-23
-35
-36
-21
-8
-1
13
21
15
11
12
12
2
-4
2
2
-3
7
15
7
3
13
21
19
25
35
28
14
20
10
-12
-28
-46
-66
-83
-84
-86
-91
-82
-68
-80
-100
-96
-91
-104
-99
-79
-70
-61
-41
-21
-11
9
44
58
60
73
85
85
80
98
106
98
98
105
104
102
109
112
102
97
106
98
65
50
48
35
26
18
8
-18
-26
-19
-12
-14
-15
-9
-24
-33
-28
-34
-49
-52
-55
-68
-62
-35
-36
-43
-27
-14
-1
6
20
20
7
8
7
-7
-19
-10
-10
-21
-30
-24
-25
-34
-31
-14
-5
-4
5
0
-26
-34
-23
-18
-28
-22
2
3
-1
11
24
12
4
13
18
12
13
13
2
-10
-5
8
11
15
18
7
-5
-7
-5
-12
-18
-14
-14
-8
0
6
10
10
9
8
-1
-16
-21
-15
-18
-13
-1
10
20
24
23
21
12
-3
-14
-20
-41
-50
-40
-32
-21
-10
2
0
-10
-14
-15
-28
-41
-50
-49
-37
-11
13
36
52
53
55
51
51
50
53
54
53
49
41
31
25
21
14
18
11
3
3
5
10
8
5
10
3
-3
-7
-18
-31
-31
-24
-37
-35
-28
-22
-23
-28
-23
-30
-33
-32
-21
-27
-42
-33
-17
-9
-14
-14
-3
1
16
36
42
34
33
28
0
-15
-18
-8
7
22
15
1
-8
-6
8
15
19
26
35
35
38
42
38
37
37
35
30
26
30
35
35
39
38
27
15
12
5
-3
-1
16
25
17
9
2
-4
-17
-28
-42
-56
-53
-48
-39
-33
-28
-35
-43
-47
-53
-60
-64
-68
-71
-68
-65
-60
-45
-28
-20
-18
-20
-13
-22
-38
-42
-38
-32
-17
-5
8
27
43
60
71
72
76
80
70
55
41
27
9
-3
10
15
15
22
27
22
12
6
-2
-6
4
12
3
-4
8
22
21
22
24
15
15
17
20
11
5
12
10
-13
-33
-32
-31
-28
-11
-2
-4
-16
-35
-54
-53
-41
-36
-39
-52
-47
-44
-48
-37
-27
-22
-18
-4
6
5
11
31
47
44
45
49
44
46
56
62
54
45
36
25
12
4
12
10
5
9
8
0
-3
-2
-9
-15
-16
-11
-1
5
10
11
2
-7
-7
-4
-8
4
21
32
37
31
13
-3
-10
-18
-19
-23
-24
-14
-14
-20
-30
-33
-28
-17
-2
2
-3
-13
-20
-26
-39
-40
-37
-16
8
29
36
31
28
35
44
35
37
39
32
15
13
15
8
14
17
12
9
-1
-16
-30
-27
-13
-12
-10
-19
-14
-5
-12
-12
-33
-55
-62
-47
-26
-16
-3
3
-4
-24
-43
-43
-46
-47
-47
-49
-55
-54
-32
-12
4
19
29
25
13
1
-9
-18
-17
-22
-19
-7
9
27
42
47
40
29
22
23
27
29
37
41
41
42
40
43
39
34
32
29
19
10
10
6
2
-6
-20
-25
-20
-3
5
13
26
28
23
12
13
4
1
5
9
12
12
18
11
0
-8
-9
-15
-13
-2
8
15
17
12
2
-7
-22
-32
-33
-30
-30
-35
-26
-14
-8
-3
7
14
23
26
29
22
8
8
4
1
-8
-15
-20
-23
-21
-23
-16
-6
5
17
19
24
28
9
-3
8
7
3
10
14
11
18
35
41
32
26
16
3
-8
-20
-41
-51
-47
-57
-71
-78
-76
-69
-68
-60
-46
-41
-48
-49
-42
-43
-37
-22
-18
-22
-27
-23
-14
0
14
15
23
21
28
39
43
51
58
54
39
34
38
43
46
54
51
44
44
45
41
27
19
6
-8
-18
-14
-1
7
13
14
8
-2
-9
-12
-13
-6
-5
-9
-8
-1
6
8
5
2
5
6
3
2
-10
-12
-7
-21
-14
-4
-1
7
2
-13
-30
-31
-22
-12
-5
-1
5
15
13
12
9
14
17
13
11
-3
-18
-24
-26
-24
-22
-11
4
6
0
-11
-18
-18
-15
2
18
26
28
36
48
57
55
27
7
-3
-2
1
6
11
14
19
13
12
10
-6
-19
-27
-31
-29
-23
-26
-37
-41
-39
-35
-27
-17
-8
-2
5
7
2
2
-5
-17
-12
-4
6
16
15
14
13
20
24
10
-4
-8
-1
1
9
17
0
-9
-2
-2
-12
-11
-16
-28
-29
-25
-27
-25
-23
-12
-4
0
9
8
4
2
6
1
-6
1
16
21
12
0
-9
-10
-4
7
7
11
22
29
26
24
20
11
5
5
10
10
1
-7
-9
-24
-34
-32
-28
-20
-6
5
15
18
10
-1
-16
-19
-11
-10
-5
6
13
18
14
6
-8
-19
-12
-2
11
10
-6
-19
-30
-22
-8
8
17
20
28
27
26
19
23
24
34
49
52
59
57
58
50
36
19
16
12
-8
-5
-5
-9
-2
2
1
-13
-27
-32
-40
-50
-64
-57
-49
-48
-38
-35
-36
-41
-35
-26
-23
-19
-17
-21
-24
-20
-3
4
10
19
31
37
34
34
17
9
7
3
-5
-10
-4
6
9
15
25
17
6
1
0
2
17
24
19
11
8
5
-4
-10
-5
4
5
6
9
-3
-5
7
4
1
3
14
22
13
0
-3
-3
2
8
9
5
9
9
1
-17
-17
-8
-22
-28
-26
-33
-43
-38
-43
-52
-43
-30
-30
-30
-17
-15
-28
-36
-33
-36
-38
-22
-7
-6
-5
19
36
28
25
24
16
22
35
46
40
38
35
21
14
21
24
23
22
19
19
10
3
2
0
1
15
30
30
34
40
30
18
23
20
4
3
5
3
2
9
15
13
12
12
21
15
3
-3
-6
-4
-2
-4
-17
-27
-26
-21
-19
-14
-4
3
1
-15
-21
-27
-36
-39
-45
-42
-33
-26
-25
-27
-33
-36
-36
-34
-16
-5
0
16
26
33
36
35
17
-3
-18
-23
-20
-10
0
3
11
23
19
12
4
-10
-6
2
-11
-18
-24
-31
-14
11
27
36
41
35
29
28
16
5
-11
-20
-10
3
7
10
6
1
7
12
9
3
9
3
-4
-8
-11
-12
-8
2
7
7
2
12
14
4
2
3
2
1
5
6
3
-5
-13
-11
-5
-3
3
9
5
0
2
9
14
16
11
5
3
10
13
-1
-16
-8
-6
-14
-15
-20
-29
-29
-21
-12
-2
-2
-2
-2
-13
-21
-23
-23
-26
-20
-17
-18
-17
-22
-12
-3
3
4
5
-5
-21
-25
-20
-10
6
20
21
25
21
21
16
8
8
10
3
-5
-1
-5
-10
-2
12
18
15
15
19
19
19
14
8
12
16
13
12
18
25
24
26
29
26
26
28
36
38
39
45
49
49
33
26
28
26
14
9
-3
-23
-28
-24
-22
-21
-7
7
7
-1
-8
-20
-40
-50
-60
-76
-85
-89
-88
-82
-57
-40
-31
-31
-41
-54
-58
-51
-42
-28
-29
-12
18
34
34
26
23
23
36
42
25
18
21
25
29
38
40
40
37
29
27
20
15
15
18
18
14
12
-1
-9
-5
3
3
-7
-13
-25
-28
-24
-19
-12
-2
2
10
19
14
2
-4
2
-3
5
10
5
2
0
-2
-17
-24
-18
-8
1
4
1
-8
-18
-25
-39
-46
-36
-33
-22
-7
2
22
37
34
27
15
10
17
12
8
6
3
4
9
19
18
18
22
24
24
24
19
14
14
12
13
25
24
24
24
18
11
-1
-9
-8
-6
-4
-5
-2
-6
-17
-19
-24
-31
-36
-41
-42
-35
-22
-25
-29
-29
-34
-20
-1
12
17
16
17
5
-4
0
8
23
44
52
52
39
19
11
5
13
19
10
-3
-9
-6
-3
16
34
42
46
41
35
10
-10
-15
-12
-10
-10
-5
-12
-23
-24
-17
-10
-10
-19
-29
-32
-35
-36
-45
-53
-54
-46
-38
-46
-50
-53
-57
-61
-66
-64
-47
-24
-13
-9
-6
-8
-1
8
10
15
25
31
33
38
39
29
26
25
16
10
3
9
19
32
37
29
22
19
15
15
23
33
37
42
48
54
50
41
39
33
29
31
25
21
23
29
26
15
18
21
17
25
39
30
12
-6
-19
-39
-60
-63
-75
-84
-86
-82
-83
-77
-54
-33
-24
-23
-34
-41
-39
-26
-9
-3
5
15
16
19
36
55
59
55
47
33
17
9
9
10
8
3
3
19
27
34
43
44
48
37
24
4
-8
-5
-8
-6
-19
-14
2
6
16
17
3
-14
-19
-9
-9
-26
-39
-51
-59
-50
-47
-52
-37
-16
-8
5
1
-12
-18
-25
-35
-36
-48
-59
-54
-42
-25
-10
9
19
19
5
-13
-23
-22
-10
6
14
27
39
49
57
56
41
30
29
28
33
38
38
34
27
22
18
3
-9
-8
-2
2
11
27
33
35
33
26
23
15
5
-4
-8
-10
-16
-19
-28
-36
-32
-29
-15
-4
5
1
-12
-16
-30
-45
-40
-29
-24
-13
-9
-8
-15
-12
-11
-19
-27
-19
-9
-3
14
20
21
21
27
36
34
31
18
-4
-6
0
-1
2
7
14
13
7
6
11
6
8
10
8
1
7
19
14
21
21
3
-3
-1
-11
-15
-6
4
2
2
-6
-22
-25
-19
-2
1
3
17
33
34
30
25
21
15
18
12
-3
-9
-12
3
3
-10
-21
-33
-39
-50
-49
-31
-19
-25
-33
-33
-38
-46
-49
-42
-36
-25
-3
12
13
2
4
12
6
17
32
35
33
31
34
36
35
32
19
9
8
-5
-15
-18
-19
-19
-8
12
11
17
31
37
30
26
22
6
5
6
5
9
11
5
-4
-11
-3
5
1
-6
-13
-22
-23
-16
-14
-19
-22
-13
-7
-3
4
4
-5
-17
-29
-42
-52
-58
-56
-42
-33
-27
-17
-18
-21
-26
-25
-21
-13
2
12
20
31
49
53
53
50
45
45
39
30
27
29
34
43
42
40
39
37
39
32
25
9
-7
-4
9
13
9
15
13
7
7
4
0
-9
-18
-25
-28
-20
-12
-6
-5
-5
-13
-23
-24
-25
-24
-30
-28
-28
-24
-15
-10
-9
-14
-14
-14
-12
-14
-20
-18
-13
-20
-30
-33
-27
-25
-29
-15
-4
6
21
36
36
24
30
26
16
12
13
10
9
8
6
7
14
14
7
-5
-11
-11
1
11
7
5
9
15
19
14
9
8
8
16
17
11
-3
-14
-11
-9
-3
2
3
-7
-24
-29
-32
-19
-7
-10
-8
-8
-10
-21
-28
-24
-24
-20
-14
-13
-13
-14
-4
4
17
31
22
5
-3
-3
-6
-10
-10
-1
7
8
16
22
21
8
-2
-14
-22
-10
-10
-21
-21
-13
-8
-1
8
10
15
18
14
11
0
3
24
34
34
39
45
41
31
29
30
25
19
22
11
-2
6
7
6
5
-4
-2
-2
-4
-6
-3
0
11
20
19
19
7
-13
-23
-27
-18
-4
8
26
42
38
24
17
11
6
3
-7
-18
-33
-28
-22
-22
-16
-15
-26
-23
-11
-17
-36
-45
-35
-32
-27
-24
-42
-57
-46
-33
-25
-18
-8
1
-1
-8
-19
-29
-33
-28
-21
-14
-14
-11
-4
-4
3
16
13
13
12
5
8
15
18
20
10
6
10
17
29
38
38
32
26
27
19
1
-6
-10
-13
-3
2
5
10
11
-3
-9
-3
6
15
19
18
19
22
32
35
33
29
24
15
9
9
14
28
27
25
22
6
-8
-8
-3
-8
-4
5
11
4
0
-3
-19
-29
-32
-22
-11
-16
-15
-13
-8
0
4
10
8
-3
-10
-19
-26
-27
-18
-10
-12
-7
-11
-13
-18
-16
-17
-17
-14
-22
-27
-27
-23
-19
-13
-9
-18
-19
-2
10
24
26
24
30
38
39
30
27
18
20
18
20
24
26
23
10
11
3
-8
-9
-20
-24
-20
-16
-11
-6
3
3
7
9
7
9
5
-7
-9
-3
5
20
35
32
14
-4
-15
-17
-19
-9
-7
-5
-8
-3
2
-1
8
3
-7
-17
-28
-44
-51
-46
-35
-28
-19
-9
-7
-5
-5
5
12
13
9
-1
2
17
24
19
13
9
-8
-7
6
10
7
4
4
8
7
3
8
9
8
17
16
-10
-30
-33
-32
-27
-10
-12
-19
-8
-3
-3
2
9
16
3
-16
-25
-33
-24
2
27
41
53
51
49
39
43
53
44
37
38
31
14
13
15
19
24
24
14
3
-4
-11
-21
-25
-26
-24
-18
-19
-28
-33
-36
-44
-35
-19
-9
-5
-2
-4
-12
-15
-11
-15
-24
-17
-10
-16
-17
5
19
23
33
46
44
46
55
41
24
17
13
12
10
-9
-23
-32
-36
-25
-4
12
15
9
3
-4
-26
-46
-48
-43
-36
-31
-29
-22
-18
-18
-16
-5
-4
4
9
-5
-27
-44
-41
-38
-20
-13
-10
-9
-9
-4
-10
-14
-11
-13
-8
4
24
43
38
34
25
11
1
3
19
24
38
52
46
45
54
67
63
51
38
20
-4
-5
21
27
26
31
39
32
28
20
12
-4
-26
-28
-40
-48
-47
-35
-23
-17
-8
-13
-15
-13
-29
-45
-54
-59
-61
-71
-80
-76
-68
-58
-48
-35
-18
-9
-8
-11
-17
-10
6
16
17
22
26
34
39
44
52
61
65
58
61
54
46
47
39
44
42
39
37
24
15
7
2
-6
-12
-2
4
3
8
11
14
14
5
6
9
6
3
-16
-28
-16
-21
-24
-14
-7
-5
-12
-20
-32
-35
-41
-36
-31
-40
-44
-43
-41
-37
-30
-30
-24
-18
-10
7
21
27
35
29
9
-2
-3
-8
-2
10
12
16
29
45
48
42
36
16
-2
-6
-3
2
-10
-14
-4
-9
-13
-4
-4
-13
-17
-15
-13
-19
-20
-14
-20
-33
-39
-43
-46
-42
-32
-15
-6
-2
10
18
24
28
34
26
16
19
15
7
17
23
26
43
53
51
46
42
41
28
19
12
3
-10
-17
-15
-11
-13
-4
11
5
-3
-7
-24
-36
-23
-2
1
-15
-24
-26
-36
-30
-24
-28
-28
-14
3
13
14
17
11
5
18
16
0
-14
-15
-1
6
3
-4
-16
-23
-20
-7
3
9
19
18
4
-15
-16
-3
-6
-18
-21
-19
-13
-6
7
15
22
30
34
39
51
64
61
51
40
30
19
14
13
21
42
52
57
50
37
15
-7
-19
-24
-30
-31
-33
-39
-45
-46
-31
-12
-3
-4
-18
-41
-53
-58
-63
-62
-52
-51
-50
-38
-20
-7
-1
14
24
14
-5
-10
-8
-8
-8
-7
-6
-12
-10
-5
8
23
38
39
29
21
20
16
3
-2
-10
-23
-29
-19
-16
-13
0
-3
-8
0
5
5
6
7
8
15
22
31
26
19
21
26
26
22
17
16
18
17
13
4
-3
-4
-4
-3
-2
1
15
24
11
-5
-13
-23
-28
-26
-30
-27
-21
-25
-16
-11
-6
7
20
14
2
-7
-12
-19
-20
-11
-11
-12
-6
7
13
17
19
18
9
1
4
8
5
10
19
25
26
32
46
45
39
38
35
23
10
1
-11
-16
-15
-8
2
4
3
2
-15
-24
-16
-14
-12
-11
-11
-3
2
4
10
7
-2
1
-3
-15
-30
-29
-22
-20
-18
-13
-17
-32
-33
-29
-11
3
8
8
-8
-22
-30
-26
-17
-13
4
13
9
11
15
18
6
3
4
-4
-9
-4
9
15
23
26
18
13
15
8
-4
-12
-18
-14
-16
-19
-4
-3
-7
-15
-24
-25
-22
-19
-19
-24
-36
-28
-5
17
35
40
38
33
23
26
23
21
34
38
37
30
19
28
32
23
15
5
-5
-34
-42
-40
-40
-36
-36
-33
-29
-13
-8
-11
-14
-21
-22
-16
-3
12
23
36
44
39
34
32
24
11
-1
-12
-17
-23
-11
12
17
17
23
26
25
20
21
22
19
3
-28
-45
-51
-49
-33
-12
1
8
9
12
14
10
12
22
14
-5
-8
-12
-4
14
20
18
15
1
-19
-17
-7
-2
-6
-10
-17
-27
-37
-43
-40
-36
-34
-33
-39
-38
-31
-18
-6
-3
4
18
20
17
26
37
42
38
28
18
23
34
44
54
57
47
41
38
42
54
47
36
21
3
-6
4
19
27
32
27
10
-15
-30
-35
-39
-40
-57
-71
-70
-66
-55
-48
-39
-32
-32
-30
-36
-33
-19
-8
-5
-2
-10
-25
-24
-21
-15
-9
-2
3
1
-7
-1
10
1
-1
4
1
-10
-12
-8
-18
-26
-28
-22
-21
-17
-5
-3
-4
7
9
11
17
26
37
32
20
15
9
11
26
34
31
27
27
32
39
29
19
12
5
4
-9
-9
-6
1
15
23
25
23
27
24
18
10
2
1
5
14
19
21
14
12
19
27
37
38
39
37
28
19
13
13
7
-9
-13
-14
-10
-12
-17
-22
-32
-35
-45
-40
-34
-37
-37
-38
-41
-42
-39
-44
-45
-38
-27
-15
-10
-16
-4
3
7
17
17
16
-2
-4
-6
-11
-4
-1
12
20
25
24
25
24
26
34
19
-2
-14
-14
-4
7
19
39
51
42
34
26
8
2
3
-10
-26
-39
-39
-40
-39
-32
-27
-24
-23
-14
-10
-6
4
-7
-27
-28
-25
-30
-28
-24
-24
-22
-20
-10
2
14
28
34
29
18
15
8
5
7
-5
-29
-41
-47
-44
-34
-14
3
-1
5
8
3
-4
2
18
20
23
29
26
9
10
23
21
18
32
45
37
35
42
48
29
12
11
1
-16
-23
-7
15
36
52
45
32
32
25
16
12
11
3
-7
-1
3
11
18
24
20
12
6
13
12
-3
-8
-16
-22
-19
-11
-6
-8
-20
-22
-24
-35
-45
-39
-43
-45
-32
-33
-28
-22
-12
-9
-17
-23
-24
-23
-18
-10
-3
-2
-8
-5
18
24
22
19
10
6
14
21
15
5
-8
-6
-1
-7
-17
-24
-27
-24
-18
-9
-5
-2
3
7
-6
-13
-6
6
11
11
20
14
0
-5
4
7
12
22
26
24
23
23
11
-4
-10
-17
-20
-8
7
8
17
28
23
17
3
-7
-11
-17
-15
-24
-25
-19
-8
3
1
-3
-8
-17
-23
-19
-11
-11
-12
-18
-28
-21
-20
-17
-14
-11
-6
-3
6
16
23
26
23
23
33
35
26
18
15
12
17
26
26
10
8
13
20
17
4
14
28
25
14
2
-12
-17
-10
-5
-6
-10
-11
-12
-18
-12
-4
1
8
13
18
16
14
15
1
-8
-1
3
6
10
4
-4
-1
4
5
10
17
17
12
3
-1
6
-1
4
15
4
4
8
12
6
-3
-4
-9
-26
-40
-43
-41
-39
-38
-41
-42
-42
-25
-4
-10
-16
-11
-15
-15
-10
-17
-22
-30
-37
-30
-20
-2
5
1
-5
3
0
-9
-7
-7
-5
-1
5
3
9
15
25
34
30
29
15
11
18
26
33
36
38
31
21
10
-3
-5
8
15
29
40
37
32
29
15
0
3
9
0
-3
2
-8
-19
-7
1
2
-6
-15
-21
-25
-22
-11
-2
2
2
-2
10
18
15
27
34
20
12
5
-1
5
-4
-21
-31
-38
-40
-45
-47
-47
-50
-41
-34
-27
-13
-14
-16
-16
-5
11
15
20
12
-3
-17
-22
-18
-7
5
5
2
0
7
2
-17
-26
-21
-13
-5
9
24
20
19
21
21
25
24
18
14
10
6
24
22
5
5
11
13
21
34
37
38
46
46
37
27
20
8
-11
-6
-1
-6
-1
10
15
14
20
6
-8
-9
1
13
5
-13
-19
-12
-11
-4
6
-3
-16
-14
1
0
-6
-5
-10
-22
-37
-29
-28
-37
-29
-24
-21
-15
-7
-1
16
33
28
17
13
9
5
-3
-7
-21
-35
-41
-40
-38
-37
-31
-23
-13
-10
-8
-12
-31
-43
-39
-36
-38
-24
-9
-5
1
16
24
22
32
43
40
40
41
34
27
16
4
-4
-15
-11
-5
7
25
27
28
18
14
10
0
-12
-8
-3
-5
-8
-12
0
6
11
16
26
26
29
32
25
25
29
37
40
21
0
-2
-8
-7
3
6
-6
-13
-12
-19
-35
-32
-31
-31
-18
-11
-15
-20
-23
-29
-13
-11
-25
-29
-25
-15
-5
4
-1
-2
1
-1
-13
-17
-5
13
23
25
35
46
56
66
70
53
33
28
28
27
27
17
5
-5
-12
-21
-37
-38
-38
-36
-33
-39
-37
-33
-26
-22
-28
-39
-33
-32
-34
-21
-10
-6
4
20
27
28
28
31
36
32
39
49
56
56
41
41
40
43
56
51
34
22
14
-5
-22
-28
-32
-35
-36
-44
-56
-58
-68
-68
-49
-43
-45
-41
-35
-26
-14
-10
-7
-18
-21
-22
-21
-11
-6
-10
-19
-42
-55
-52
-44
-36
-21
3
9
11
16
10
1
0
8
14
22
34
38
37
34
34
32
27
18
12
21
33
38
43
56
58
53
52
42
32
36
43
42
38
27
16
11
28
58
76
73
56
41
21
4
-5
-13
-30
-41
-37
-41
-53
-70
-72
-68
-74
-73
-69
-62
-55
-39
-35
-44
-59
-57
-44
-46
-50
-51
-50
-50
-47
-34
-35
-45
-39
-16
-9
-5
13
29
35
40
50
52
54
62
72
67
59
66
72
70
63
52
43
46
52
60
58
51
38
23
14
11
12
6
4
3
-4
-4
2
6
3
-3
-8
-9
-8
-5
2
0
0
-4
-3
-8
-19
-18
-18
-31
-40
-37
-38
-44
-46
-54
-58
-63
-59
-44
-47
-56
-49
-41
-49
-44
-23
-21
-37
-40
-37
-44
-38
-21
-7
8
17
26
24
22
42
60
58
50
41
32
20
17
28
41
49
63
73
64
58
54
34
13
4
-8
-24
-34
-36
-27
-10
4
2
-15
-30
-40
-48
-52
-47
-41
-41
-47
-50
-45
-40
-34
-30
-42
-42
-33
-28
-31
-23
-6
6
11
19
35
41
44
54
64
68
70
78
88
77
61
41
19
6
9
17
12
30
62
81
73
61
50
34
17
2
-1
0
15
39
54
52
58
55
43
27
16
8
-7
-18
-28
-32
-40
-36
-30
-40
-54
-57
-53
-66
-83
-98
-108
-118
-111
-91
-72
-52
-39
-31
-35
-35
-32
-33
-32
-26
-22
-19
-12
3
27
43
52
73
82
78
66
43
38
18
-12
-21
-40
-57
-57
-53
-43
-30
-17
-16
-23
-24
-14
-11
-13
-17
-23
-36
-38
-23
-7
11
43
67
82
99
105
116
119
112
98
74
34
-4
-22
-33
-31
-25
-15
-5
4
11
13
-3
-14
-35
-72
-92
-97
-96
-107
-101
-85
-62
-38
-19
5
12
17
25
23
22
18
28
35
53
84
103
113
101
93
95
83
68
64
47
27
16
15
8
2
-4
-21
-32
-35
-32
-35
-38
-38
-43
-52
-52
-47
-45
-31
-10
4
9
5
12
18
15
16
20
13
3
6
11
20
31
49
49
40
37
28
12
-15
-42
-80
-112
-123
-120
-107
-93
-69
-42
-23
-2
3
10
18
15
4
-20
-44
-46
-36
-34
-19
14
47
72
100
108
101
91
80
69
39
11
-4
-8
-2
6
24
29
27
26
29
27
29
31
12
-15
-39
-49
-50
-56
-53
-49
-62
-58
-37
-35
-36
-21
-14
-22
-33
-47
-58
-58
-50
-33
-19
-8
16
40
49
46
42
31
21
14
3
-21
-37
-33
-32
-24
2
31
45
44
43
40
28
19
17
15
7
6
13
18
16
11
-2
0
3
13
25
22
15
8
-4
-27
-29
-12
-1
5
6
11
10
17
13
-3
-20
-48
-72
-86
-92
-80
-55
-39
-21
9
28
31
50
69
55
33
28
25
19
12
21
37
49
62
70
60
48
47
49
44
36
37
42
33
29
31
20
-11
-28
-34
-47
-57
-49
-38
-33
-18
3
4
-9
-3
-6
-8
6
10
8
-8
-3
9
9
11
21
25
12
2
3
3
-10
-19
-12
-24
-42
-38
-50
-77
-76
-69
-81
-89
-81
-64
-55
-43
-21
-17
-23
-39
-46
-60
-71
-55
-53
-45
-33
-12
1
15
37
47
42
18
4
-3
0
10
20
31
28
31
46
53
58
78
100
103
105
115
106
77
62
53
36
25
32
35
24
3
-13
-19
-22
-18
-3
-11
-25
-15
-12
-21
-24
-7
-2
-13
-15
1
6
-6
4
12
4
-5
-2
-14
-49
-54
-35
-41
-57
-72
-76
-77
-87
-101
-105
-94
-92
-84
-89
-99
-98
-88
-85
-87
-70
-52
-26
5
30
51
72
97
111
122
129
159
173
186
216
223
229
242
245
248
256
243
216
191
171
157
144
131
122
116
106
89
52
17
-18
-53
-96
-135
-171
-220
-247
-279
-321
-340
-341
-344
-351
-348
-345
-336
-317
-300
-300
-297
-270
-259
-251
-214
-164
-108
-47
16
55
97
138
166
203
233
255
266
278
273
268
283
300
315
315
311
298
276
261
198
118
84
53
-8
-71
-117
-172
-218
-235
-264
-318
-348
-373
-425
-471
-496
-529
-549
-537
-530
-498
-425
-365
-342
-294
-228
-203
-162
-78
-23
22
132
235
269
343
456
508
553
661
747
788
838
895
911
930
983
999
974
973
943
870
818
762
680
602
549
465
352
244
125
-48
-184
-299
-459
-574
-620
-697
-820
-883
-959
-1065
-1119
-1143
-1217
-1277
-1272
-1283
-1314
-1304
-1261
-1212
-1116
-991
-875
-745
-620
-517
-415
-290
-163
-28
119
243
358
535
730
881
1017
1123
1216
1354
1498
1554
1552
1602
1661
1654
1635
1586
1442
1329
1334
1249
1043
888
758
559
384
266
55
-174
-280
-386
-592
-765
-889
-1111
-1313
-1395
-1524
-1681
-1695
-1676
-1748
-1779
-1754
-1792
-1790
-1690
-1619
-1564
-1435
-1314
-1242
-1087
-927
-854
-730
-518
-338
-134
139
368
489
613
841
1029
1182
1360
1458
1486
1617
1776
1797
1779
1795
1769
1780
1860
1823
1668
1568
1484
1328
1200
1034
746
520
403
228
19
-123
-319
-565
-709
-802
-962
-1094
-1160
-1296
-1452
-1476
-1520
-1671
-1753
-1758
-1788
-1775
-1689
-1650
-1613
-1496
-1353
-1254
-1127
-947
-768
-591
-403
-225
21
328
540
663
835
1056
1279
1553
1761
1760
1787
2023
2177
2142
2139
2143
2068
2091
2120
1887
1597
1493
1372
1120
874
612
322
138
-7
-299
-619
-813
-992
-1180
-1332
-1499
-1694
-1786
-1840
-1997
-2088
-2060
-2125
-2209
-2178
-2124
-2052
-1956
-1865
-1800
-1643
-1415
-1288
-1200
-1085
-903
-615
-320
-168
-33
276
665
943
1088
1244
1474
1785
2147
2320
2254
2307
2616
2787
2701
2597
2443
2337
2443
2462
2083
1692
1612
1474
1188
912
524
89
-102
-207
-517
-843
-996
-1208
-1505
-1661
-1771
-1922
-1966
-1998
-2212
-2349
-2230
-2193
-2287
-2290
-2285
-2326
-2233
-2087
-2090
-2040
-1829
-1668
-1529
-1272
-1049
-888
-645
-378
-196
112
599
922
1000
1195
1642
2118
2540
2771
2657
2654
3112
3426
3273
3051
2907
2842
2992
3034
2568
2012
1815
1676
1363
1026
572
47
-224
-401
-748
-1064
-1263
-1555
-1864
-1991
-2096
-2228
-2222
-2273
-2488
-2496
-2313
-2339
-2395
-2228
-2075
-1965
-1734
-1608
-1647
-1506
-1270
-1232
-1222
-1035
-825
-651
-478
-407
-345
-34
481
766
693
677
1002
1501
1949
2135
2002
1968
2383
2795
2758
2497
2313
2371
2700
2876
2540
2121
1976
1870
1678
1417
980
540
416
302
-72
-415
-597
-824
-1067
-1200
-1406
-1678
-1762
-1854
-2078
-2147
-2121
-2233
-2319
-2205
-2163
-2222
-2160
-2143
-2149
-1910
-1639
-1691
-1807
-1628
-1306
-996
-731
-651
-654
-296
377
775
713
715
1020
1480
2034
2274
2056
2024
2527
2935
2881
2680
2465
2402
2664
2733
2207
1687
1541
1410
1166
856
346
-80
-73
-124
-534
-879
-1045
-1322
-1515
-1502
-1650
-1844
-1695
-1572
-1771
-1828
-1731
-1816
-1806
-1559
-1488
-1590
-1532
-1406
-1341
-1210
-1064
-1152
-1274
-1085
-721
-477
-421
-448
-384
17
616
870
689
651
966
1509
2028
2010
1584
1692
2344
2590
2424
2235
2040
2124
2621
2633
1918
1543
1645
1519
1140
744
246
-14
150
65
-477
-843
-915
-1074
-1272
-1436
-1783
-2021
-1853
-1818
-2096
-2245
-2297
-2412
-2333
-2137
-2277
-2427
-2223
-2033
-1984
-1757
-1606
-1783
-1733
-1280
-910
-734
-505
-246
94
787
1546
1739
1586
1786
2332
2922
3390
3338
3069
3416
4085
4194
3842
3457
3114
3188
3539
3214
2291
1831
1691
1256
858
413
-364
-804
-673
-929
-1647
-1972
-2120
-2496
-2733
-2782
-3104
-3301
-3045
-2989
-3281
-3316
-3174
-3182
-3024
-2783
-2806
-2823
-2611
-2491
-2380
-2075
-1960
-2036
-1763
-1276
-971
-669
-402
-382
-78
905
1706
1684
1550
1871
2376
3034
3574
3364
3070
3678
4432
4410
4089
3845
3619
3838
4137
3590
2706
2464
2378
1976
1587
1010
288
140
270
-195
-865
-1213
-1599
-1934
-1922
-2074
-2566
-2700
-2550
-2620
-2713
-2675
-2915
-3188
-2993
-2858
-3045
-3015
-2810
-2862
-2763
-2384
-2321
-2430
-2210
-1866
-1614
-1183
-842
-860
-599
250
965
1019
1010
1363
1957
2754
3323
3109
2852
3469
4179
4132
3813
3609
3474
3785
4103
3445
2514
2417
2386
1787
1272
792
95
-46
101
-544
-1391
-1605
-1823
-2264
-2329
-2433
-2860
-2824
-2467
-2554
-2743
-2646
-2676
-2737
-2437
-2220
-2291
-2135
-1775
-1592
-1357
-1041
-1097
-1304
-1105
-725
-472
-177
-20
-112
186
1054
1520
1256
1101
1349
1796
2528
2913
2361
2107
3000
3605
3245
2874
2597
2429
3014
3491
2663
1811
1998
2021
1439
885
158
-556
-464
-178
-710
-1437
-1617
-1670
-1912
-2096
-2389
-2810
-2800
-2539
-2692
-3030
-3026
-2957
-2966
-2651
-2427
-2575
-2451
-2110
-2076
-2070
-1828
-1774
-1812
-1529
-1248
-1111
-873
-573
-413
-9
877
1495
1414
1332
1736
2339
3010
3451
3145
2985
3832
4503
4209
3743
3435
3281
3841
4243
3306
2271
2308
2316
1721
1065
264
-463
-344
-14
-621
-1549
-1853
-1987
-2331
-2531
-2724
-3092
-3121
-2615
-2449
-2837
-2991
-2867
-2824
-2693
-2541
-2611
-2547
-2163
-1847
-1679
-1508
-1477
-1447
-1160
-828
-591
-348
-133
-75
215
1024
1728
1611
1298
1651
2308
2969
3490
3250
2843
3555
4480
4200
3462
3088
2953
3400
3962
3281
2113
1955
1959
1338
717
-149
-1178
-1114
-543
-955
-1702
-2036
-2451
-2771
-2635
-2718
-3174
-3118
-2632
-2505
-2704
-2789
-2836
-2942
-2721
-2443
-2479
-2392
-2114
-1961
-1871
-1669
-1667
-1757
-1483
-1181
-1011
-703
-414
-389
-17
997
1726
1664
1532
1963
2623
3301
3755
3430
3075
3775
4556
4197
3532
3317
3168
3451
3924
3276
2202
2147
2151
1353
647
55
-778
-829
-323
-761
-1501
-1640
-1977
-2503
-2475
-2530
-3050
-2976
-2380
-2353
-2593
-2466
-2513
-2799
-2585
-2237
-2358
-2385
-2086
-2019
-2075
-1801
-1757
-1978
-1781
-1404
-1283
-1083
-791
-769
-402
607
1273
1110
980
1363
1927
2674
3190
2857
2661
3648
4496
4102
3568
3380
3107
3452
3970
3228
2197
2347
2468
1674
912
311
-319
-402
-113
-383
-974
-1285
-1479
-1914
-2221
-2249
-2507
-2705
-2355
-2160
-2477
-2453
-2346
-2590
-2395
-1911
-2076
-2283
-1986
-1961
-2076
-1695
-1468
-1751
-1608
-1138
-1039
-1022
-683
-342
115
1153
1869
1429
992
1451
2112
2738
3186
2890
2826
3997
4711
4003
3236
2790
2516
3112
3564
2527
1739
2132
1933
1078
502
-411
-1412
-1191
-652
-1222
-1866
-1892
-2254
-2717
-2540
-2592
-3162
-3049
-2404
-2476
-2670
-2436
-2586
-2813
-2327
-1975
-2255
-2074
-1616
-1677
-1621
-1162
-1154
-1363
-1001
-704
-784
-581
-337
-287
485
1801
2114
1565
1566
2021
2577
3245
3278
2678
3049
4361
4623
3916
3307
2701
2595
3377
3356
2132
1725
2027
1464
729
196
-945
-1595
-930
-659
-1451
-1849
-1971
-2463
-2624
-2447
-2827
-3282
-2970
-2530
-2551
-2512
-2399
-2504
-2360
-1922
-1890
-2180
-2073
-1844
-1769
-1516
-1301
-1397
-1218
-774
-675
-678
-410
-306
-22
1056
1912
1587
1218
1699
2263
2842
3401
3205
2918
3929
5008
4647
3748
3260
2976
3272
3757
3086
1967
1985
2213
1383
379
-373
-1072
-1101
-668
-1307
-2345
-2405
-2416
-2874
-2979
-3129
-3601
-3321
-2516
-2470
-2820
-2712
-2583
-2489
-2151
-1897
-2050
-2053
-1709
-1446
-1325
-1247
-1318
-1381
-1081
-719
-581
-444
-252
-86
730
2149
2670
2091
1973
2455
2826
3410
3793
3337
3452
4755
5178
4285
3455
3018
2925
3378
3415
2215
1345
1496
1320
319
-745
-1722
-2414
-2057
-1622
-2385
-3189
-3094
-3182
-3475
-3361
-3678
-4218
-3629
-2879
-3167
-3234
-2800
-2690
-2478
-2020
-2112
-2373
-1898
-1240
-970
-740
-603
-694
-738
-475
-278
-255
-60
218
544
1514
3110
3769
3259
2949
3191
3536
4183
4202
3522
4140
5795
5798
4297
3158
2299
2172
2942
2598
1273
1141
1606
799
-537
-1698
-2983
-3443
-2677
-2066
-2512
-2961
-3080
-3262
-3360
-3386
-3657
-3579
-2686
-2119
-2286
-2294
-2253
-2360
-1896
-1350
-1706
-1930
-1363
-1193
-1399
-1122
-888
-1322
-1573
-1354
-1455
-1547
-1070
-625
323
3445
7172
7523
5158
3895
4053
3955
4005
3983
3411
4080
5520
4592
1725
-51
-342
166
1063
897
-85
-132
-13
-1215
-2477
-2947
-3184
-2372
-625
-437
-2013
-2608
-2502
-2996
-2735
-1989
-2144
-1785
-668
-854
-1618
-1214
-896
-975
-359
-26
-691
-1054
-957
-1451
-1562
-859
-814
-1292
-1296
-1248
-1597
-1308
-775
-833
482
4778
9266
9509
6401
4314
4149
3877
3233
2481
1742
2553
3916
2310
-1268
-2860
-2202
-1168
-176
-184
-1095
-1125
-1115
-2628
-4020
-3983
-3650
-2636
-1104
-1780
-3736
-3703
-3148
-3336
-2555
-1523
-1796
-1604
-711
-891
-1153
-470
-186
-311
303
335
-754
-1083
-710
-666
-31
904
457
-408
-324
-586
-1112
-535
9
588
4568
10780
12447
8357
4583
3574
3223
3041
2883
1830
1616
2945
1980
-1596
-3506
-2701
-1082
721
1101
-613
-1606
-1448
-2755
-4326
-3944
-3361
-2913
-1463
-1171
-2870
-3668
-3124
-2920
-2199
-973
-1024
-1167
-369
-354
-998
-703
-257
-328
315
819
84
-597
-650
-828
-787
-179
-100
-607
-987
-1245
-1385
-891
-361
-74
2429
8440
13009
10779
5295
2620
2333
1809
1887
1942
1252
1754
2490
67
-3247
-3457
-1622
474
1985
1330
-482
-1046
-1767
-3590
-4218
-3594
-3197
-1954
-658
-1539
-2819
-2455
-2180
-2299
-1655
-1402
-2015
-1910
-1798
-2619
-2890
-2295
-1798
-1001
174
386
-218
-542
-660
-624
-297
-219
-583
-1161
-1525
-1380
-812
-302
100
1769
7017
13862
15036
9260
3912
2423
1904
1906
2418
1507
1026
2459
1694
-1944
-3714
-2608
-744
1321
1758
-162
-1628
-1899
-3114
-4384
-4151
-3674
-2948
-1670
-1490
-2354
-2500
-2362
-2600
-2079
-1306
-1522
-1842
-1857
-2451
-3047
-2660
-1917
-1107
22
770
402
-322
-629
-477
-343
-293
-350
-782
-1543
-1783
-1224
-576
-68
696
3802
10670
16128
13585
7001
3282
1918
1154
1983
1948
448
959
2222
277
-2504
-2784
-1610
328
2080
1434
-645
-1532
-2375
-3731
-4227
-4032
-3735
-2487
-1060
-1058
-1683
-1957
-2281
-2466
-1888
-1312
-1580
-2222
-2811
-3364
-3261
-2168
-1096
-280
585
1002
493
-184
-462
-698
-829
-668
-742
-1452
-1990
-1640
-943
-210
522
1720
6124
13636
16779
11416
4572
1504
515
943
2197
1409
299
1861
2629
241
-2105
-2314
-844
1604
2723
1055
-987
-1846
-3008
-4208
-4450
-4203
-3506
-1974
-887
-1189
-1869
-2411
-2933
-3079
-2628
-2399
-2688
-3221
-3582
-3644
-3045
-1771
-780
-90
694
995
169
-882
-1687
-2225
-1996
-1448
-1606
-2169
-1866
-1266
-844
153
1152
2759
8365
16163
17173
10251
3325
-116
-1347
51
1572
286
-515
1208
1630
-455
-2173
-2348
-604
2180
2948
930
-1246
-2803
-4339
-4826
-4325
-3796
-2593
-650
306
-53
-661
-1408
-1876
-1451
-693
-621
-1372
-2190
-2574
-2618
-1870
-461
587
1280
2123
2199
1131
103
-734
-1483
-1483
-1283
-1767
-2378
-2352
-1916
-907
562
1206
2941
9244
16667
16543
9141
1981
-2034
-2871
-526
755
-1173
-1856
341
1298
-119
-1639
-2035
-336
2444
3271
1184
-1579
-3541
-4636
-4799
-4452
-4101
-3012
-1067
227
101
-720
-1807
-2553
-2351
-1909
-2048
-2535
-2936
-3169
-2849
-1596
-130
750
1699
2653
2254
901
-245
-1429
-2321
-1988
-1356
-1587
-2071
-1955
-1579
-649
552
1083
3735
11491
18753
16862
8270
565
-3686
-3688
-408
589
-1629
-1812
592
1341
-337
-2272
-2739
-744
2242
2843
267
-2848
-4744
-5289
-4850
-4315
-4072
-2985
-981
472
648
-235
-1734
-2492
-1923
-1619
-2115
-2735
-3015
-2687
-1614
-187
818
1423
2333
3024
2488
1281
170
-1047
-1967
-1856
-1658
-1734
-1472
-856
-238
767
1458
1492
5021
13879
19990
16156
7051
-673
-4857
-4108
-613
-447
-2675
-1710
1460
2179
-94
-2761
-3505
-1191
2217
2788
-316
-3968
-5698
-5542
-4715
-4259
-3952
-2496
-139
1555
1564
-309
-2590
-3308
-2618
-2067
-2279
-2924
-3203
-2703
-1529
-225
431
892
2061
3063
2626
1440
28
-1562
-2184
-1608
-1545
-2066
-2103
-1506
-565
529
839
936
5719
15667
21353
16367
6314
-1913
-5648
-3687
249
-224
-2585
-807
3116
3890
1201
-1855
-2548
172
3508
3236
-743
-4661
-6051
-5575
-4973
-4958
-4578
-2705
-55
1573
1410
-450
-2775
-3816
-3898
-4448
-5065
-4933
-4326
-3045
-1191
380
1236
2051
3062
3298
2205
656
-899
-2515
-3139
-2291
-1572
-1530
-1200
-435
155
887
1077
1373
6689
16888
21980
15999
5026
-3963
-7674
-4934
-629
-942
-2748
-608
3280
3912
979
-2616
-3609
-766
2894
2828
-1239
-5258
-6567
-5688
-4579
-4170
-3591
-1600
1051
2649
2498
481
-2078
-3107
-2909
-3266
-3902
-4032
-3589
-2317
-307
1508
2429
3059
3741
3800
2675
850
-865
-2391
-2891
-2127
-1587
-1629
-1351
-821
-327
377
323
948
7118
17680
21884
14746
2820
-6521
-9608
-6291
-1927
-2091
-3430
-582
3685
4153
820
-2562
-2870
431
3927
3176
-1646
-6011
-6933
-5799
-4730
-4161
-2802
113
2972
3667
2073
-466
-2296
-2724
-2901
-3847
-4537
-3935
-2439
-962
336
1618
2774
3737
4208
3328
1253
-624
-1976
-3316
-3946
-3396
-2568
-1681
-739
-339
-235
575
939
1495
7412
18116
22903
15867
3628
-6277
-9793
-6064
-875
-661
-2217
592
5252
5909
2095
-2095
-3031
-194
3477
3118
-1851
-6449
-7433
-6097
-4904
-4347
-3369
-1174
1369
2667
1988
-540
-3191
-4213
-4236
-4966
-5747
-5188
-3789
-2091
140
2234
3238
3367
3132
2145
225
-1504
-2713
-3894
-4290
-3372
-2153
-1352
-687
-217
194
1308
1655
1985
7758
17976
21955
14641
2287
-7682
-10782
-6268
-838
-664
-2022
806
5283
5851
2192
-2038
-3260
-322
3669
3406
-1472
-5864
-6623
-5343
-4140
-3312
-2047
263
3132
4960
4120
438
-3066
-3931
-3675
-3836
-4236
-4132
-2889
-597
1763
3221
3507
3426
3457
2570
231
-2083
-3772
-4908
-4630
-3336
-2267
-1532
-849
-277
232
845
295
582
7002
17827
21914
13985
1032
-9009
-11606
-6705
-938
-533
-1650
1754
6730
7243
3162
-1578
-3065
-6
4199
3885
-1085
-5412
-6493
-5670
-4668
-3767
-2461
55
3039
4461
3440
423
-2597
-4018
-4375
-5047
-5400
-4688
-3308
-1366
1185
3072
3596
3654
3343
1847
-460
-2361
-3810
-5116
-5195
-4078
-2990
-2008
-1119
-623
-209
673
683
1683
8430
18296
20671
11988
-699
-10105
-11931
-6656
-1454
-1240
-1717
1796
5997
5919
1939
-2270
-3191
-99
3377
2545
-1888
-5240
-5795
-4926
-3734
-2654
-1302
1128
3607
4354
3006
183
-2596
-3689
-3753
-4106
-4121
-3272
-1769
345
2810
4255
4617
4452
4047
2679
427
-1693
-3284
-4251
-3839
-2475
-1450
-713
-11
213
201
539
137
1675
9555
19712
20952
11070
-2284
-11415
-12242
-6295
-1433
-1613
-1700
2353
6313
5414
788
-3559
-4342
-1247
1973
600
-3914
-6893
-7153
-5997
-4522
-3310
-1771
969
3720
4738
3410
128
-3024
-4638
-5221
-5508
-4792
-3221
-1374
821
3193
4633
4851
4431
3728
2036
-39
-1865
-3428
-4418
-3827
-2252
-1053
-255
229
177
438
1082
746
2780
11289
20743
20152
9073
-4255
-12337
-11797
-5285
-1353
-2413
-1925
3177
7343
6073
1099
-2932
-2769
1067
3794
1422
-3477
-6097
-5733
-4561
-3590
-2732
-1150
1701
4713
5506
2884
-1546
-4409
-4872
-4604
-4896
-5152
-4519
-2328
689
3125
4087
3967
3726
3070
1076
-1649
-3708
-4815
-4774
-3332
-1837
-1003
-66
761
720
831
1103
721
3640
12947
21326
18755
7048
-5470
-12412
-10954
-4506
-1432
-2737
-1602
3407
6364
4012
-1030
-4500
-3726
245
2518
-1
-4286
-6243
-5585
-4299
-3223
-2268
-473
2286
4715
5211
3010
-854
-3650
-4148
-3939
-3914
-3617
-2598
-683
2072
4364
4929
4378
3705
2614
539
-1855
-3522
-4399
-4291
-3051
-1807
-1104
-335
328
362
553
410
-590
2434
12085
20017
16858
5036
-7110
-12947
-10059
-3203
-711
-2382
-978
4173
6858
4310
-700
-4147
-3149
996
2922
-40
-4109
-5547
-4748
-3441
-2304
-1248
466
2974
4929
4764
2160
-1410
-3542
-4054
-4389
-4692
-4086
-2533
-381
2289
4434
5097
4703
4064
2579
43
-2221
-3716
-4754
-4577
-3085
-1865
-1109
-74
598
661
1120
985
552
5160
15549
21520
15646
2694
-8760
-13032
-8796
-2226
-857
-2273
200
5327
6801
3113
-2136
-4633
-2615
1161
1728
-1999
-5898
-6894
-5669
-4118
-3169
-2160
-65
2734
4729
4420
1308
-2822
-5101
-5114
-4750
-4534
-3871
-2166
481
3223
4836
4897
4094
3325
2109
-135
-2523
-4310
-5305
-4843
-3412
-2388
-1586
-517
125
491
1253
841
845
6797
17003
20269
12159
-580
-10028
-11947
-6486
-876
-882
-1965
1780
6722
6829
2574
-1863
-3115
-447
2855
1977
-2513
-5751
-5563
-4020
-3138
-2760
-1693
586
3017
4249
3368
474
-2426
-3308
-3169
-3757
-4416
-3891
-2028
746
3610
5231
5215
4518
3623
1682
-1002
-3226
-4648
-5100
-4211
-2680
-1781
-1139
-306
55
24
551
432
-131
4191
14314
20396
14640
2095
-8517
-11851
-6981
-369
336
-1866
231
5158
6619
3456
-1168
-3510
-1490
2431
2903
-856
-4363
-5088
-4459
-3761
-3189
-2492
-965
1259
2718
2289
11
-2768
-4283
-4684
-5222
-5434
-4200
-1891
625
2971
4510
4611
3827
2661
979
-1074
-2603
-3493
-3996
-3609
-2380
-1066
-61
625
756
793
1361
917
615
5875
15646
19439
12278
200
-9193
-11115
-5659
-264
-481
-1945
988
5420
5785
1926
-2294
-3320
-591
2552
1650
-2558
-5578
-5626
-4319
-3277
-2940
-2262
-374
1813
3065
2741
557
-1963
-2798
-2791
-3461
-4175
-3824
-2403
-121
2480
4167
4364
3668
2685
1297
-522
-2095
-3126
-3760
-3585
-2675
-1593
-619
-27
-135
-306
322
141
-138
4873
14843
19576
12930
806
-8770
-11315
-6346
-746
-1027
-2886
193
4945
5504
2121
-1745
-2914
-102
3657
3203
-986
-4189
-4616
-3825
-3051
-2525
-1817
-143
2374
4037
2991
-52
-2488
-2824
-2471
-2930
-3815
-3743
-2214
123
2232
3377
3400
3090
2764
1413
-903
-2608
-3287
-3498
-3268
-2823
-2219
-1290
-345
-134
-325
419
824
569
4668
14282
19680
13860
2131
-7773
-10991
-6330
-334
-365
-2711
-407
4334
5555
2570
-1419
-3087
-796
2904
3038
-806
-4266
-4961
-4242
-3438
-2902
-2344
-730
1596
3092
2940
1082
-1370
-2681
-3145
-3913
-4571
-4002
-2481
-548
1716
3378
3540
2656
1580
325
-1149
-2285
-3136
-3968
-4290
-3583
-2437
-1434
-669
-424
-228
655
909
403
4169
13460
19012
13690
2261
-7408
-10198
-5249
753
730
-1957
-78
4640
5876
2737
-1207
-2619
-33
3956
4040
-203
-4008
-4816
-3893
-2778
-2272
-1820
-229
1943
3143
2785
809
-1580
-2565
-2578
-2855
-3291
-3167
-2444
-974
1052
2476
2645
2087
1533
674
-815
-2230
-3309
-4215
-4267
-3399
-2587
-1872
-1203
-1097
-1499
-1228
-988
-1732
647
9608
17913
15677
4984
-5812
-10834
-7774
-882
880
-2098
-1891
2522
5105
3549
119
-1961
-3
4575
6107
2428
-1996
-3637
-2984
-1592
-696
-580
349
2291
3780
4061
2785
435
-643
-309
-744
-1785
-2460
-2627
-1939
-200
1614
2336
1882
1372
848
-418
-1644
-2372
-3270
-4108
-4014
-3343
-2619
-2112
-2019
-2381
-2385
-1727
-1868
-1191
5468
15248
17059
8537
-2752
-10233
-10186
-3840
147
-1808
-3104
177
3686
3622
638
-2078
-1063
3396
6157
3679
-1153
-4039
-4350
-3557
-2558
-2221
-1470
628
2413
2768
2580
2025
1015
106
-789
-1787
-1983
-1590
-1279
-452
1285
2920
3173
2333
1302
533
170
-23
-1115
-3128
-4137
-3540
-2576
-2066
-2125
-2527
-2334
-1152
-934
-1276
3251
12871
17648
11588
574
-8215
-10471
-5497
-496
-1744
-4230
-1775
2379
3220
816
-1976
-1645
2713
6492
5095
98
-3724
-4643
-3783
-2693
-2352
-1734
210
2187
2815
2648
2198
1571
939
-71
-1395
-2024
-1958
-1934
-1596
-66
1952
2594
2038
1414
873
543
523
-507
-2725
-3981
-3610
-2918
-2328
-1946
-1983
-1999
-1083
-25
-622
242
7415
16069
15880
6889
-3365
-9387
-8129
-2085
273
-2375
-2940
575
3350
2584
-392
-2119
201
4997
6816
3411
-1433
-3963
-4078
-3141
-2378
-2141
-1039
1014
2205
2448
2142
876
-116
-165
-631
-1251
-1538
-2474
-3118
-1848
1
862
654
53
53
579
868
109
-1909
-3708
-3724
-2832
-2335
-2167
-2245
-2248
-1646
-856
-999
-1437
2487
11958
17816
12841
2275
-6189
-8674
-4611
147
-955
-4003
-2449
1377
2229
-163
-2685
-2168
2018
5935
4963
-91
-4272
-5066
-3960
-2930
-2463
-1680
-15
1597
2378
2653
2564
2123
1769
1219
200
-344
-519
-1220
-1482
-393
950
1412
1261
933
843
1291
1599
629
-1423
-2840
-2885
-2390
-2175
-2506
-2926
-2563
-1316
-271
-924
-1239
4108
13656
16968
9896
-452
-7457
-7791
-2211
1664
-946
-3881
-1783
1091
753
-1416
-2370
-22
4894
7590
4398
-1395
-4419
-3968
-2632
-2060
-2221
-1847
-579
138
277
400
-41
-382
185
175
-897
-1658
-2061
-2238
-1513
-434
148
219
-181
-422
-42
378
373
-250
-1339
-2044
-2154
-2194
-2294
-2561
-2655
-2030
-1032
-629
-1472
-1011
5199
14244
16167
9166
131
-5609
-5001
660
3147
-449
-2727
-826
411
-358
-1263
-1224
1457
6077
7291
2797
-2417
-4024
-3213
-2303
-1911
-1859
-1368
-305
224
53
58
495
1365
1877
782
-1143
-1822
-1635
-1887
-1876
-1045
-442
-632
-827
-638
-302
357
1000
535
-838
-2045
-2741
-3136
-3203
-3089
-2689
-1994
-1353
-1002
-1217
425
7078
14758
14838
7339
-743
-4843
-3369
1239
2334
-1069
-2995
-1676
-897
-1342
-1438
-382
2683
6017
5287
625
-2917
-3404
-2616
-1952
-1830
-1993
-1372
-455
-588
-1138
-674
567
1683
1784
424
-1055
-1118
-930
-1578
-1820
-1133
-610
-483
-312
-253
15
810
1443
809
-693
-1893
-2641
-3103
-3240
-3371
-3318
-2805
-2069
-1416
-1206
-137
5072
12352
13390
6911
-384
-4260
-3309
1270
3391
331
-2465
-1922
-813
-500
-165
784
3012
5416
4591
403
-2844
-2958
-1529
-491
-557
-1207
-1024
-100
-61
-925
-1171
-199
1197
1785
794
-885
-1471
-766
-133
-190
-809
-1472
-1564
-970
-381
-64
435
951
727
-256
-1481
-2678
-3314
-2959
-2546
-2959
-3523
-3476
-2490
-1384
54
4808
11758
13547
8079
1428
-2490
-2010
2442
4590
908
-2826
-2701
-1377
-579
37
755
2650
5061
4609
762
-2610
-2838
-1194
118
-235
-1551
-1961
-1298
-1032
-1304
-1047
-176
884
1448
540
-1387
-2313
-1734
-1123
-1070
-1347
-1815
-1923
-1375
-638
-137
315
771
639
-371
-1634
-2720
-3256
-2918
-2512
-3006
-3842
-3767
-2705
-1662
-596
3299
9752
12097
7498
1349
-2217
-1836
2134
4158
469
-3431
-3026
-1271
-594
-221
408
2468
5354
5427
1765
-1380
-1104
841
1897
998
-807
-1318
-61
741
219
-156
354
1234
1784
866
-1310
-2344
-1506
-973
-1393
-1996
-2562
-2478
-1410
-338
-72
-47
108
-53
-735
-1701
-2608
-3130
-2936
-2761
-3616
-4295
-3919
-2696
-1299
-564
1893
7861
11988
8673
2678
-800
-1178
1858
4394
1490
-2680
-2565
-685
-237
-81
302
1590
4120
4610
1532
-1472
-1187
530
1423
768
-1135
-1881
-562
328
-498
-1344
-933
167
1240
887
-654
-1272
-491
-2
-603
-1411
-1747
-1253
-315
37
-207
-438
-173
21
-620
-1702
-2589
-3099
-3021
-2789
-3512
-4239
-3767
-2524
-1271
-991
-117
4907
11429
11544
5884
1027
-901
715
4324
3882
-609
-2394
-910
-263
-260
171
887
2841
4419
2622
-604
-1337
-230
747
834
-472
-1633
-957
13
-733
-2119
-2471
-1598
-289
143
-892
-2180
-2154
-1348
-1270
-1569
-1521
-1089
-463
-400
-1077
-1705
-1352
-494
-424
-1273
-2392
-3272
-3441
-3005
-2959
-3470
-3458
-2976
-2018
-1221
-1325
1324
8235
12145
8257
2490
-534
-362
3090
5421
2106
-2045
-1852
-265
60
473
959
1795
3819
4127
1275
-935
-312
1013
1875
1568
104
-449
36
-249
-881
-1132
-1114
-458
243
-304
-1340
-1783
-1511
-813
-167
173
188
39
-131
-154
-144
-139
195
367
-466
-1842
-2763
-3109
-2952
-2608
-3005
-3687
-3664
-3009
-2361
-2546
-1844
3674
10999
10736
3569
-1595
-2207
716
5156
4481
-1399
-3549
-1037
175
122
489
983
3028
4898
2771
-752
-881
1546
3645
4070
2364
496
321
403
-279
-817
-755
-48
804
135
-1772
-2792
-2191
-767
322
193
-889
-1987
-2417
-2308
-2114
-2063
-1765
-1541
-2418
-3852
-4421
-4196
-3800
-3207
-3183
-4002
-4307
-3599
-2779
-2187
-1762
1411
8362
11739
6603
367
-1243
510
4706
6800
2079
-2675
-1339
647
396
690
1003
1509
3535
3215
-438
-1686
979
3647
4281
2626
-56
-940
-332
-446
-695
-207
71
-163
-975
-2513
-3255
-2127
-137
1105
985
-85
-1338
-2023
-1717
-914
-531
-618
-684
-1280
-2460
-3079
-2813
-2415
-2179
-2156
-2922
-3627
-3220
-2411
-1858
-1622
-208
5072
11201
10406
3775
-149
456
3287
6389
4680
-1205
-2831
-245
387
73
775
1075
2338
3568
1204
-1390
341
3563
4641
3503
605
-1601
-1095
-101
-277
-285
-94
-515
-1172
-2104
-2860
-2069
-268
803
429
-919
-2274
-2602
-1883
-1106
-849
-1233
-1761
-2049
-2489
-2918
-2670
-2325
-2542
-2958
-3735
-4923
-4849
-3722
-3121
-2618
-2055
97
6154
10948
7492
1507
356
2155
5191
7320
3330
-2448
-1958
747
820
1115
1535
1243
2645
3047
145
-767
2186
4232
3967
2104
-837
-1641
135
934
-22
-1096
-1929
-2129
-1957
-2240
-2253
-1490
-454
195
-501
-2103
-2583
-1727
-683
-180
-781
-1747
-1755
-1438
-1856
-2451
-2717
-2856
-2875
-3122
-3868
-4271
-3581
-2791
-2366
-1914
-1477
1521
7918
10509
5412
589
682
2857
5829
6294
723
-3754
-1612
873
814
1102
770
597
2496
2360
-167
491
3513
4485
3643
1348
-1103
-364
1844
1793
567
-528
-1506
-1241
-660
-1176
-1134
-383
-213
-173
-617
-1816
-1762
-454
324
192
-462
-1123
-1246
-1479
-2287
-2994
-3252
-3125
-3051
-3475
-4092
-4072
-3357
-2666
-2119
-1616
-1119
1727
7159
9103
4799
921
1184
3116
5533
5560
797
-2384
-21
1862
1298
1422
1042
589
1844
1267
-1061
45
3071
3613
2448
496
-1195
-301
1411
780
-480
-963
-1589
-1966
-2113
-2466
-1938
-773
-745
-1586
-2250
-2463
-2068
-1266
-912
-1118
-1585
-2255
-2792
-2918
-2924
-3043
-3221
-3544
-3920
-3946
-3696
-3355
-2717
-2125
-1584
-778
-244
1445
6360
10108
7353
2854
2319
3838
5940
6956
3243
-991
286
2788
2548
1951
1349
1021
2550
2709
347
449
2966
3563
2346
353
-1612
-921
1172
1067
-436
-1691
-2592
-2512
-2319
-2776
-2506
-1986
-2542
-2899
-2847
-2664
-1502
-287
-325
-878
-1555
-2243
-2236
-2024
-2214
-2453
-2913
-3573
-3904
-3852
-3361
-2634
-2271
-2216
-1792
-899
-745
-31
4426
8958
6935
2057
1007
2437
5114
7604
4671
-861
-673
2466
2934
2527
1981
1029
2192
3235
1080
145
2388
3807
3424
2197
288
386
2303
2241
490
-721
-1579
-1773
-1487
-2172
-2845
-2679
-2768
-2662
-2062
-1766
-1347
-873
-1283
-1721
-1941
-2469
-2537
-2185
-2395
-2853
-3234
-3689
-3721
-3190
-2437
-1875
-2109
-2231
-1451
-613
-701
-707
2360
7086
7551
3090
454
1793
4874
7538
5699
-147
-2144
826
2432
1945
1156
-119
346
2142
1149
-370
1381
3453
3232
1947
-309
-1492
198
1376
92
-1380
-2384
-2819
-2101
-1991
-2684
-2657
-2395
-2197
-1821
-1973
-2028
-1482
-1321
-1368
-1234
-1884
-2507
-2146
-1953
-2335
-2740
-2957
-2969
-2334
-1558
-1343
-1777
-1735
-764
109
224
-530
287
5116
9276
6700
2245
2292
4833
7431
7853
2900
-1797
437
3953
3486
1965
628
-81
1611
2157
-235
-249
2296
2730
1349
-475
-1818
-520
1826
1032
-1549
-2593
-2861
-2957
-2761
-2823
-2878
-2328
-2345
-3160
-3502
-2898
-2129
-1517
-1232
-1344
-1875
-2431
-2453
-1993
-1623
-1616
-1991
-2500
-2348
-1555
-1009
-1289
-1814
-1630
-1196
-504
4
-68
2444
7673
8887
4400
2176
3758
5802
7869
6639
1115
-508
3407
4859
3134
1842
634
877
2515
1348
-694
570
2161
1357
-65
-1496
-1789
139
1006
-1477
-3577
-3382
-3012
-2842
-2711
-3100
-3272
-2703
-2919
-3562
-3169
-2039
-1286
-1079
-1514
-2175
-2244
-1744
-1053
-763
-918
-1474
-2226
-2473
-1842
-829
-563
-1245
-2025
-1832
-972
-153
22
-482
1841
6620
7332
2885
813
2263
4435
6890
5786
670
-505
2905
3766
2221
1228
332
1084
2460
826
-997
519
2199
1590
285
-1167
-1130
765
1292
-655
-1912
-1803
-1782
-1879
-2382
-3138
-3196
-2841
-3040
-3142
-2569
-1681
-1133
-1575
-2363
-2321
-2155
-2204
-1567
-1262
-2195
-2899
-2725
-2064
-798
422
281
-531
-945
-801
-313
428
614
351
2737
7121
7531
3701
2657
4833
6914
8229
6120
932
58
3657
4493
2891
1739
242
258
1536
408
-862
825
1753
205
-1395
-2602
-2306
-229
157
-2117
-3163
-2405
-2349
-2900
-3362
-3739
-3262
-2109
-2262
-3100
-2732
-1766
-1554
-1955
-2092
-1969
-1888
-1612
-1498
-2182
-2695
-2055
-1330
-1025
-477
-104
-318
-551
-984
-1463
-1294
-802
-579
-721
1080
5135
6707
3674
2372
4290
5880
7440
6803
2130
317
3684
4826
3226
2403
1295
1077
2578
2011
381
1419
2095
198
-1364
-1894
-1598
-99
2
-2476
-3927
-2903
-2102
-2648
-3031
-2806
-2477
-2192
-2761
-4077
-3908
-2211
-1501
-2181
-2777
-2958
-2797
-2399
-2417
-2830
-2348
-837
-51
-395
-634
-632
-510
-213
-442
-1099
-1183
-806
-388
-318
33
3365
7475
6567
3049
3023
4641
6379
7979
5304
989
2382
5581
4570
2909
2027
705
1368
2383
423
-531
876
417
-1433
-2232
-2612
-2034
-1014
-2184
-3945
-3464
-1959
-1358
-1864
-2890
-3291
-2822
-2300
-2245
-2730
-2531
-1645
-1917
-2945
-2751
-2016
-1548
-716
-349
-638
-310
155
-275
-608
-248
135
369
-132
-1464
-2274
-1816
-860
-65
-163
181
3757
6931
4640
1383
2240
4214
6241
7298
3811
187
2445
5074
4191
3166
1829
660
1999
2306
-7
-528
198
-662
-1570
-2026
-2509
-1510
-400
-1426
-2644
-2121
-1421
-1081
-1005
-2029
-2831
-2068
-1274
-1758
-2511
-3188
-3411
-2591
-1803
-1793
-1904
-1650
-1439
-1381
-1501
-1297
-697
-255
-257
-692
-1275
-1335
-1234
-1675
-1761
-1011
-420
-230
-613
-414
3126
6577
4534
1476
2556
4522
6365
7322
3491
-121
3373
6953
5419
3575
2052
408
1243
1787
-507
-1134
84
-752
-2356
-2697
-2211
-724
173
-1278
-2825
-2311
-1316
-980
-1413
-2874
-3995
-3632
-3017
-3331
-3893
-3805
-3074
-2368
-2130
-2144
-2244
-2238
-1501
-664
-517
-188
504
489
-61
-60
330
919
1249
746
48
-149
-151
175
394
441
3061
6589
5197
1416
1814
4112
5681
7069
4555
117
1668
5395
4343
2169
1216
-82
746
2117
25
-1802
-906
-966
-2030
-2113
-2171
-1678
-738
-1507
-2766
-2142
-1106
-1059
-1425
-2168
-2824
-2518
-1786
-1667
-2156
-2412
-2279
-2249
-2128
-1544
-1285
-1433
-1028
-342
-294
-327
50
87
-54
153
52
-229
-70
-458
-1365
-993
55
455
678
-20
-159
3092
5180
2258
912
3364
4616
5539
5455
1138
-475
4181
5896
3049
1872
927
-272
854
542
-1920
-1573
-60
-1123
-2156
-2153
-2127
-1234
-850
-2366
-3159
-1738
-675
-1113
-2171
-2913
-2969
-2301
-1708
-2116
-2831
-2791
-2118
-1417
-856
-585
-880
-862
-229
263
396
606
937
976
695
164
-268
-84
418
164
-614
-635
-165
38
-367
-936
1092
4698
4518
1328
937
2485
4161
5930
3990
100
1714
5430
4229
1568
255
-661
811
2366
-162
-2352
-1218
-694
-1419
-1843
-2293
-1576
-206
-854
-2312
-2025
-1174
-1113
-1643
-2514
-3060
-2742
-1925
-1650
-2016
-2183
-1887
-1690
-1509
-925
-621
-638
-124
383
336
599
972
881
753
900
807
530
579
221
-643
-984
-577
-292
-204
-573
-793
1619
4510
3063
428
1643
4070
5659
6079
2646
-586
2258
5130
3328
1934
1434
439
1553
1766
-1263
-2064
-201
-689
-2166
-2148
-1956
-1423
-971
-2195
-3213
-2263
-1235
-1463
-2471
-3227
-2850
-1970
-1883
-2420
-2804
-2461
-1726
-1335
-1270
-910
-592
-645
-559
-343
-141
149
351
183
-56
-80
-232
-236
46
-65
-535
-453
-93
-126
-54
-188
-194
2239
4721
2836
284
1607
3677
4798
5129
2207
-123
2984
5429
3200
1360
892
555
2027
2440
-385
-1419
-5
-437
-1693
-1614
-1359
-922
-540
-1392
-2111
-1511
-888
-1168
-1993
-2621
-2537
-2047
-1776
-2023
-2254
-1778
-1140
-1041
-824
-529
-982
-1214
-518
14
82
144
-40
-188
70
52
-153
58
385
86
-686
-1183
-1133
-690
-288
-727
-1112
1116
3799
2520
-18
987
3204
4470
4865
2197
-463
2220
5470
4102
2115
1291
642
1883
2786
465
-982
228
190
-1150
-1830
-2069
-1613
-876
-1594
-2668
-2077
-1048
-1051
-1952
-2745
-2474
-1610
-1082
-1097
-1456
-1770
-1420
-1164
-1317
-1020
-499
-309
-43
273
149
101
193
116
99
-51
-423
-495
-315
-483
-928
-1158
-1114
-848
-593
-894
-1596
-158
3026
3186
399
128
2169
3570
4816
3799
293
806
4698
4552
1975
1269
858
1290
2652
1155
-1313
-744
279
-482
-1019
-1171
-1202
-562
-719
-2111
-2249
-857
-64
-551
-1225
-1476
-1526
-1141
-905
-1407
-1830
-1372
-856
-867
-860
-841
-812
-461
-231
-138
81
97
-47
-82
-210
-581
-803
-522
-142
-429
-1281
-1512
-1092
-816
-697
-1241
-1437
789
2975
1428
-349
915
2564
4010
4623
1767
-102
3429
5868
3712
1913
1378
1095
2510
2704
-201
-1377
-49
-18
-1043
-1691
-2143
-1752
-1013
-1792
-2904
-2307
-1180
-1074
-1665
-2045
-2138
-1836
-1184
-920
-1209
-1256
-928
-687
-360
-183
-433
-324
187
189
52
206
189
24
117
17
-354
-539
-523
-534
-825
-1238
-1158
-736
-806
-1253
-1814
-1341
1196
2610
481
-769
1200
3152
4378
4359
1755
1092
4682
6049
3675
2391
2030
1767
2841
2499
35
-196
1090
409
-834
-1081
-1076
-513
-196
-1402
-2269
-1400
-467
-829
-1734
-2159
-1830
-1081
-761
-1163
-1662
-1648
-1113
-830
-1001
-1120
-1117
-1197
-1155
-804
-579
-576
-454
-386
-595
-799
-729
-611
-558
-688
-1403
-2125
-1775
-1270
-1724
-2382
-2722
-1840
970
2330
-28
-1147
1280
3493
4482
3896
930
475
4200
5305
2773
1651
1546
1532
2657
2138
-265
-372
981
427
-669
-1035
-939
-201
77
-929
-1421
-278
846
697
-234
-841
-572
12
206
-179
-791
-774
-230
-133
-429
-395
-381
-509
-187
-28
-419
-527
-365
-760
-1235
-1238
-1391
-1743
-1668
-1693
-2352
-2907
-2915
-2838
-2629
-2412
-2843
-2181
641
1946
-5
-710
1155
3166
4919
4853
1895
1068
4334
5543
3574
2436
1818
1573
2955
2962
617
-88
882
533
-320
-365
-357
-146
20
-886
-1727
-1010
48
-83
-856
-1212
-1005
-615
-476
-810
-1207
-1156
-855
-802
-777
-551
-509
-633
-572
-447
-400
-457
-795
-1179
-1105
-892
-1124
-1523
-1824
-2121
-2334
-2368
-2263
-1994
-1713
-1749
-2295
-2311
-281
2076
1612
114
947
2961
4453
5003
3237
1301
3028
5591
5081
3398
2311
1549
2262
3217
1834
252
732
983
-54
-665
-731
-724
-495
-726
-1735
-2012
-1189
-961
-1583
-1873
-1626
-1264
-796
-751
-1342
-1630
-1246
-946
-826
-511
-493
-1004
-1195
-922
-811
-818
-793
-912
-1181
-1299
-1376
-1533
-1668
-1826
-2006
-2318
-2558
-2337
-1961
-1897
-2006
-1927
-822
1265
2015
768
622
2296
3894
4871
4322
2206
2125
4627
5464
4234
3217
2297
2182
3385
3127
1143
527
940
576
188
-3
-359
-197
-1
-853
-1448
-719
-57
-296
-806
-1355
-1752
-1391
-599
-691
-1380
-1380
-924
-880
-878
-655
-886
-1080
-769
-606
-954
-1230
-1264
-1335
-1479
-1632
-1900
-2076
-2069
-2142
-2436
-2578
-2457
-2430
-2475
-2232
-2084
-2090
-507
1952
1785
-13
740
2897
4089
4824
4123
2030
2465
4972
5203
3655
2541
1862
2451
3793
2877
867
787
1417
999
360
-189
-675
-426
-179
-953
-1777
-1497
-612
-396
-1187
-2093
-2053
-1232
-821
-1313
-1896
-1726
-1138
-731
-570
-722
-1031
-860
-453
-669
-1090
-976
-921
-1290
-1636
-1744
-1728
-1744
-1988
-2178
-2024
-2056
-2151
-1842
-1664
-1762
-1699
-1176
154
1752
1566
416
844
2261
3662
4713
3747
1615
2379
4969
5273
3880
2792
2148
2762
3907
2986
1133
893
1320
1134
460
-733
-1307
-424
-83
-1473
-2448
-1913
-1092
-897
-1551
-2565
-2549
-1355
-693
-1266
-2047
-2043
-1304
-626
-636
-1056
-1157
-850
-731
-963
-1066
-913
-930
-1125
-1458
-1822
-1771
-1447
-1384
-1447
-1456
-1486
-1279
-832
-612
-524
-521
-676
324
2300
2530
1131
1068
2335
3729
5134
4619
2439
2642
5164
5812
4490
3224
2205
2429
3530
2784
692
164
502
83
-697
-1611
-2028
-1407
-1245
-2561
-3517
-2907
-1946
-1765
-2461
-3223
-2986
-1920
-1307
-1678
-2181
-2013
-1397
-1173
-1390
-1280
-814
-586
-723
-810
-743
-561
-428
-531
-788
-862
-640
-545
-673
-733
-696
-844
-1032
-1040
-901
-568
-505
-840
-25
1896
2322
1374
1419
2280
3404
4837
4451
2393
2513
4592
5164
4487
3521
2170
2139
3326
2861
1210
669
642
288
-97
-857
-1480
-1260
-1117
-1728
-2375
-2413
-1985
-1619
-1973
-2575
-2509
-2018
-1805
-1963
-2178
-2067
-1768
-1768
-1736
-1468
-1326
-1253
-1172
-1231
-1239
-964
-894
-1133
-1308
-1529
-1737
-1596
-1506
-1666
-1600
-1679
-1935
-1612
-932
-574
-489
-473
-9
1582
2831
2269
1722
2551
3817
5178
5806
4250
2983
4322
5795
5580
4670
3414
2670
3365
3567
2198
1096
906
751
432
-437
-1543
-1627
-1055
-1367
-2371
-2879
-2745
-2358
-2245
-2765
-3288
-3031
-2416
-2391
-2701
-2563
-2268
-2098
-1917
-1820
-1702
-1188
-778
-1030
-1163
-757
-480
-420
-395
-560
-686
-531
-584
-831
-680
-528
-745
-795
-651
-558
-174
110
-184
401
2059
2397
1428
1307
2113
3349
4778
4451
2553
2357
4026
4793
4415
3392
2176
2316
3204
2512
884
450
755
762
229
-929
-1803
-1465
-936
-1441
-2361
-2766
-2640
-2429
-2507
-2920
-3265
-2968
-2481
-2567
-2775
-2501
-2167
-1920
-1538
-1400
-1453
-1150
-855
-863
-776
-681
-810
-757
-545
-628
-800
-792
-864
-905
-647
-511
-781
-839
-468
-121
70
98
162
1042
2430
2615
2044
2182
2845
3941
5277
4889
3240
3224
4361
4470
4074
3562
2593
2472
2995
2156
610
320
691
593
-58
-1243
-2213
-2002
-1462
-1839
-2705
-3143
-3092
-2785
-2716
-3195
-3529
-3030
-2449
-2486
-2657
-2475
-2045
-1518
-1135
-1178
-1206
-802
-359
-313
-286
-172
-127
-51
-66
-281
-413
-387
-451
-442
-383
-627
-811
-525
-281
-234
-32
42
-3
812
2236
2554
2004
2073
2575
3263
4377
4516
3425
3357
4239
4322
4005
3588
2711
2644
3135
2294
899
565
438
-29
-432
-1310
-2267
-2159
-1829
-2430
-3139
-3246
-3023
-2761
-2819
-3306
-3524
-3108
-2635
-2535
-2607
-2521
-2202
-1745
-1424
-1394
-1314
-894
-605
-682
-638
-482
-529
-428
-271
-466
-724
-623
-596
-670
-572
-521
-701
-816
-514
-123
90
-24
-59
481
1518
2101
1982
1972
2235
2883
3961
4273
3519
3450
4257
4460
4136
3738
3073
2922
3317
2853
1695
955
620
450
211
-645
-1509
-1662
-1762
-2230
-2724
-3083
-3137
-2919
-2997
-3424
-3619
-3230
-2639
-2396
-2440
-2361
-2066
-1504
-1005
-887
-824
-498
-150
55
205
88
138
457
427
200
279
222
-162
-250
-199
-521
-705
-414
-384
-727
-619
-299
-510
-420
549
1202
999
1054
1510
1732
2308
3043
2847
2532
3110
3693
3800
3740
3154
2763
3270
3225
2149
1578
1410
875
594
436
-440
-1195
-1027
-1031
-1770
-2403
-2432
-2357
-2483
-2752
-2934
-2883
-2654
-2469
-2424
-2348
-2120
-1812
-1517
-1369
-1339
-1080
-710
-726
-796
-590
-473
-477
-570
-852
-963
-675
-718
-1187
-1324
-1198
-1199
-1169
-1127
-1179
-1110
-809
-608
-502
-27
614
964
1173
1400
1756
2667
3532
3336
3163
3935
4366
4305
4669
4495
3734
4041
4490
3746
2929
2752
2408
1869
1355
613
-50
-506
-1037
-1569
-2125
-2832
-3065
-2985
-3294
-3794
-3912
-3691
-3678
-3885
-3708
-3270
-3105
-2915
-2493
-2295
-2185
-1717
-1327
-1259
-1082
-729
-506
-448
-527
-404
-74
-86
-299
-332
-308
-321
-208
-193
-310
-251
61
315
340
709
1378
1639
1804
2145
2363
2928
3719
3680
3466
4089
4608
4666
4839
4472
3837
4128
4393
3674
2940
2452
1852
1596
1342
366
-553
-803
-1190
-1999
-2582
-2830
-3155
-3521
-3677
-3886
-4269
-4303
-3989
-3997
-4236
-4040
-3506
-3261
-3383
-3223
-2655
-2277
-2179
-1880
-1579
-1584
-1377
-811
-672
-973
-757
-243
-244
-378
-61
99
-53
91
455
674
713
769
1011
1535
2111
2372
2609
2905
2998
3586
4517
4474
3929
4377
5096
5109
5003
4660
4006
3996
4371
4013
3104
2343
1880
1614
1140
185
-702
-1242
-1748
-2261
-2847
-3489
-3849
-3998
-4317
-4782
-5047
-4952
-4752
-4804
-4807
-4602
-4397
-4129
-3837
-3623
-3347
-2896
-2498
-2291
-2128
-1845
-1421
-1044
-956
-853
-512
-217
-83
69
162
79
179
539
786
838
1035
1324
1397
1663
2538
3196
3081
3026
3349
3866
4534
4771
4504
4510
4909
5280
5512
5124
4245
4229
4832
4432
3370
2861
2518
1995
1664
1124
23
-795
-905
-1193
-2124
-2968
-3189
-3293
-3706
-4181
-4522
-4704
-4683
-4596
-4668
-4815
-4706
-4286
-3988
-4004
-3912
-3467
-3031
-2795
-2633
-2394
-2081
-1733
-1404
-1313
-1191
-835
-541
-370
-164
-5
71
326
662
778
968
1324
1483
1571
2132
2860
3093
3107
3249
3535
4155
4702
4430
4166
4604
4891
4949
5056
4490
3733
3970
4244
3414
2485
2150
1748
1141
581
-186
-1038
-1443
-1580
-2083
-2950
-3532
-3674
-3778
-4059
-4411
-4633
-4608
-4511
-4475
-4459
-4352
-4093
-3799
-3593
-3425
-3052
-2638
-2431
-2179
-1807
-1494
-1186
-911
-800
-732
-338
30
4
16
278
510
554
639
838
1026
1272
1547
1675
1786
2206
2790
2980
2905
3068
3575
4204
4258
3849
4009
4518
4597
4589
4494
3841
3534
4002
3783
2638
1908
1751
1474
913
190
-617
-1259
-1571
-1829
-2428
-3313
-3836
-3805
-3862
-4295
-4596
-4592
-4492
-4313
-4112
-4028
-3948
-3582
-3188
-3016
-2801
-2398
-2032
-1852
-1575
-1204
-1013
-780
-384
-175
-214
-44
271
303
289
537
699
579
562
900
1208
1210
1194
1449
1875
2220
2521
2788
2749
2653
3305
4025
3581
3130
3852
4367
4130
4163
4043
3308
3222
3809
3396
2162
1550
1472
1194
542
-266
-963
-1556
-1892
-1999
-2524
-3554
-4044
-3840
-4051
-4625
-4681
-4589
-4814
-4748
-4296
-4156
-4164
-3724
-3186
-3067
-2936
-2341
-1755
-1629
-1380
-787
-504
-382
110
556
527
542
978
1301
1156
1172
1495
1491
1351
1734
2089
1790
1558
2038
2606
2585
2525
2749
2627
2463
3169
3607
2812
2519
3352
3650
3244
3068
2824
2430
2519
2698
2180
1160
559
725
651
-258
-1111
-1367
-1575
-1893
-2108
-2624
-3517
-3883
-3535
-3471
-4134
-4518
-4139
-3992
-4147
-3815
-3493
-3647
-3395
-2607
-2262
-2463
-2198
-1430
-1123
-1077
-578
-19
-36
55
653
882
638
809
1324
1298
1015
1370
1692
1389
1384
1847
1809
1380
1778
2552
2446
2107
2406
2586
2513
3016
3424
2908
2585
3098
3579
3457
2924
2471
2485
2583
2197
1644
1143
532
252
356
-252
-1412
-1779
-1558
-1954
-2792
-3169
-3352
-3714
-3762
-3636
-4009
-4348
-3965
-3520
-3625
-3668
-3288
-2896
-2659
-2291
-1916
-1722
-1403
-808
-425
-486
-378
117
387
408
752
1094
990
991
1487
1633
1231
1166
1457
1457
1332
1500
1552
1338
1641
2308
2376
2070
2103
2458
2857
3025
2751
2580
2800
2991
3123
3059
2342
1867
2376
2488
1575
976
837
343
-68
-190
-930
-1989
-2200
-2021
-2530
-3354
-3537
-3511
-3813
-3923
-3733
-3902
-4214
-3953
-3526
-3528
-3507
-2974
-2532
-2506
-2224
-1545
-1199
-1109
-637
-124
-60
-23
349
572
498
692
1029
925
803
1158
1385
1114
997
1302
1453
1392
1383
1412
1474
1779
2227
2416
2208
2081
2635
3302
3145
2774
3079
3380
3336
3521
3369
2618
2505
3042
2765
1752
1172
985
629
143
-403
-1190
-1948
-2172
-2193
-2728
-3599
-3954
-3892
-4052
-4331
-4507
-4641
-4685
-4381
-3975
-3838
-3827
-3478
-2858
-2462
-2158
-1733
-1390
-1099
-602
-112
75
196
421
698
981
1081
1117
1288
1430
1432
1494
1600
1481
1379
1552
1630
1411
1502
2099
2334
2061
2158
2505
2519
2809
3279
2979
2731
3389
3833
3515
3262
3162
3000
3031
3010
2461
1760
1459
1418
1057
200
-559
-905
-1178
-1600
-2057
-2668
-3302
-3535
-3447
-3690
-4332
-4604
-4388
-4391
-4557
-4318
-4123
-4189
-3882
-3273
-3135
-3179
-2698
-2056
-1823
-1661
-1082
-654
-699
-501
156
305
51
502
1114
881
650
1228
1520
1156
1358
1939
1643
1288
2100
2753
2199
2046
2829
3031
2825
3293
3559
3050
3046
3769
3907
3218
2870
3223
3263
2715
2441
2320
1600
1043
1278
912
-362
-950
-737
-1204
-2163
-2455
-2553
-3202
-3615
-3368
-3644
-4418
-4308
-3708
-3989
-4403
-3956
-3515
-3595
-3358
-2645
-2373
-2459
-1931
-1141
-1137
-1269
-578
-63
-332
-198
462
475
182
686
1241
946
747
1258
1463
1145
1289
1682
1576
1602
2249
2541
2257
2299
2876
3342
3349
3266
3407
3593
3712
3993
3962
3269
2939
3410
3352
2489
1993
1868
1435
1006
701
-88
-1012
-1324
-1409
-1989
-2788
-3213
-3367
-3658
-3964
-4084
-4192
-4320
-4244
-4021
-3922
-3905
-3708
-3308
-3036
-2861
-2411
-1932
-1775
-1615
-1203
-849
-702
-523
-276
-128
-24
168
329
260
170
322
481
466
478
613
683
676
979
1556
1773
1755
2063
2461
2684
3123
3501
3333
3321
3889
4371
4315
4001
3818
3886
3963
3723
3229
2616
2006
1764
1575
724
-326
-729
-919
-1491
-2081
-2526
-3067
-3563
-3637
-3639
-4066
-4412
-4244
-4066
-4187
-4051
-3564
-3301
-3298
-3006
-2465
-2197
-2043
-1636
-1310
-1320
-1112
-530
-308
-465
-271
121
167
134
350
405
191
297
684
784
678
794
968
1120
1574
2006
2046
2015
2269
2805
3333
3384
3193
3357
3680
3886
4072
3881
3316
3292
3644
3291
2494
2000
1636
1278
918
270
-642
-1290
-1456
-1680
-2295
-2954
-3319
-3535
-3704
-3863
-4130
-4333
-4215
-3938
-3820
-3772
-3593
-3257
-2904
-2602
-2242
-1942
-1744
-1397
-999
-817
-701
-367
-73
-19
82
298
429
534
817
985
862
911
1207
1366
1402
1543
1706
1930
2344
2643
2700
2743
2899
3265
3671
3648
3473
3705
3842
3666
3666
3459
2875
2736
2878
2385
1623
1293
1010
480
-10
-535
-1266
-1786
-1929
-2233
-2877
-3372
-3522
-3618
-3771
-3919
-4070
-4157
-3993
-3722
-3645
-3624
-3409
-3080
-2900
-2727
-2378
-2139
-1977
-1588
-1252
-1193
-1008
-542
-289
-302
-116
188
241
240
586
785
574
688
1195
1375
1250
1460
1859
2052
2270
2654
2827
2651
2709
3293
3576
3171
3103
3544
3512
3275
3415
3217
2651
2639
2798
2253
1506
1170
940
496
-35
-505
-1037
-1464
-1610
-1837
-2430
-2851
-2852
-2967
-3270
-3354
-3386
-3630
-3657
-3322
-3241
-3460
-3273
-2787
-2740
-2839
-2423
-2018
-2061
-1843
-1281
-1222
-1434
-1002
-476
-579
-591
-115
140
46
320
735
707
709
1251
1639
1395
1448
2133
2537
2466
2777
3197
3011
3122
3968
4079
3400
3582
4214
4029
3725
3844
3525
2987
3099
3240
2549
1770
1700
1676
1029
330
-9
-494
-1072
-1232
-1403
-2147
-2760
-2672
-2676
-3244
-3620
-3491
-3565
-3887
-3731
-3487
-3837
-3927
-3329
-3103
-3412
-3225
-2699
-2670
-2745
-2348
-2067
-2219
-1997
-1391
-1309
-1513
-1131
-555
-521
-550
-103
262
322
633
1120
1192
1146
1754
2516
2555
2513
3002
3375
3514
3917
4132
3855
3904
4319
4356
4095
3813
3571
3468
3410
3100
2529
1951
1625
1494
964
156
-350
-705
-1154
-1521
-1897
-2512
-2940
-2932
-2984
-3377
-3711
-3642
-3539
-3629
-3595
-3475
-3504
-3397
-2992
-2784
-2808
-2639
-2263
-1963
-1812
-1639
-1425
-1260
-1077
-791
-629
-674
-489
-113
11
-12
153
400
544
781
1082
1195
1283
1769
2231
2262
2348
2720
3006
3207
3504
3589
3588
3833
4123
4171
3983
3688
3622
3768
3575
3085
2732
2374
1911
1635
1231
415
-199
-334
-636
-1302
-1809
-2150
-2593
-2844
-2903
-3283
-3759
-3722
-3528
-3634
-3778
-3724
-3631
-3523
-3305
-3085
-3002
-2944
-2653
-2264
-2130
-2056
-1761
-1460
-1351
-1230
-960
-763
-619
-328
-35
1
73
456
798
869
938
1205
1556
1919
2193
2369
2515
2649
2999
3488
3475
3206
3458
3822
3774
3750
3686
3338
3290
3536
3269
2653
2285
2052
1823
1554
1029
328
-82
-245
-593
-1150
-1640
-2058
-2464
-2668
-2827
-3256
-3628
-3608
-3564
-3710
-3822
-3838
-3837
-3787
-3664
-3475
-3398
-3347
-2995
-2640
-2613
-2499
-2130
-1973
-1909
-1580
-1268
-1133
-811
-348
-149
-83
306
774
913
1034
1385
1680
1926
2394
2741
2752
2924
3376
3778
3956
3917
3979
4168
4217
4291
4380
4002
3627
3868
3807
3116
2762
2716
2254
1751
1574
1071
264
-102
-123
-610
-1480
-1808
-1866
-2385
-2841
-2766
-2998
-3614
-3611
-3308
-3515
-3810
-3648
-3466
-3639
-3714
-3372
-3158
-3301
-3049
-2463
-2459
-2581
-2131
-1741
-1790
-1599
-1109
-901
-799
-399
49
151
261
738
1101
1120
1318
1786
2105
2256
2551
2844
2964
3243
3689
3791
3568
3689
3972
3928
3853
3807
3457
3167
3268
3155
2631
2219
2004
1718
1282
813
378
-50
-476
-786
-1129
-1638
-1981
-2113
-2341
-2724
-3026
-3162
-3267
-3350
-3423
-3520
-3521
-3484
-3462
-3390
-3308
-3275
-3200
-2979
-2793
-2721
-2570
-2265
-2049
-1955
-1715
-1397
-1251
-1096
-676
-370
-299
39
510
660
754
1157
1576
1844
2193
2594
2834
2920
3248
3772
3871
3697
3991
4346
4149
4132
4454
4177
3677
3881
3973
3269
2734
2755
2417
1660
1266
1030
283
-398
-471
-758
-1632
-2109
-2003
-2385
-3112
-3299
-3292
-3703
-3986
-3768
-3794
-4257
-4216
-3704
-3686
-3931
-3590
-3115
-3194
-3086
-2536
-2326
-2395
-1973
-1344
-1318
-1328
-723
-244
-305
-78
516
637
636
1166
1607
1474
1533
2175
2522
2394
2679
3218
3214
3147
3676
3883
3383
3399
3915
3778
3385
3559
3631
3202
3018
3136
2812
2139
1891
1868
1321
644
465
264
-363
-753
-801
-1255
-1887
-2078
-2168
-2626
-3065
-3084
-3154
-3523
-3704
-3564
-3639
-3893
-3727
-3467
-3604
-3691
-3319
-3045
-3154
-3024
-2565
-2380
-2394
-1967
-1515
-1514
-1346
-738
-379
-370
-29
552
771
896
1374
1727
1752
2071
2647
2794
2781
3115
3449
3538
3634
3807
3827
3789
3859
3964
3827
3452
3320
3342
3014
2573
2388
2116
1598
1243
1022
523
-79
-305
-430
-927
-1471
-1632
-1848
-2348
-2605
-2667
-2980
-3286
-3193
-3164
-3433
-3530
-3348
-3344
-3455
-3307
-3130
-3149
-3072
-2773
-2642
-2645
-2377
-2004
-1849
-1685
-1358
-1138
-1016
-738
-416
-250
-96
227
576
769
1021
1387
1667
1978
2360
2636
2792
2963
3231
3584
3793
3775
3849
4044
4029
4009
4087
3856
3570
3627
3499
2969
2654
2445
1988
1608
1376
901
325
22
-226
-701
-1169
-1470
-1851
-2267
-2459
-2663
-3045
-3240
-3219
-3381
-3585
-3523
-3488
-3578
-3511
-3329
-3285
-3316
-3148
-2896
-2801
-2707
-2413
-2098
-1957
-1762
-1403
-1162
-1080
-802
-384
-235
-123
297
643
698
975
1431
1607
1764
2185
2468
2468
2691
3118
3229
3177
3389
3589
3497
3468
3627
3474
3130
3106
3160
2802
2349
2249
2083
1573
1176
1011
562
-24
-235
-418
-1054
-1582
-1611
-1837
-2357
-2541
-2539
-2855
-3148
-3012
-2945
-3219
-3287
-3033
-3028
-3229
-3048
-2773
-2825
-2765
-2362
-2174
-2257
-2014
-1587
-1467
-1415
-1111
-827
-780
-632
-271
-113
-93
230
650
759
876
1258
1527
1619
1917
2297
2394
2471
2852
3156
3126
3203
3469
3524
3492
3631
3621
3366
3256
3301
3121
2789
2618
2444
2081
1706
1457
1085
600
335
141
-307
-780
-1010
-1305
-1754
-2023
-2171
-2480
-2768
-2821
-2878
-3134
-3253
-3158
-3209
-3325
-3205
-3076
-3192
-3165
-2883
-2784
-2807
-2574
-2229
-2131
-2025
-1690
-1446
-1360
-1135
-753
-555
-500
-213
208
398
561
944
1276
1426
1696
2081
2250
2320
2594
2917
3013
3061
3283
3456
3444
3463
3501
3404
3240
3132
3019
2779
2472
2212
1980
1674
1297
976
670
310
-54
-396
-757
-1112
-1393
-1664
-1947
-2194
-2410
-2587
-2726
-2854
-2980
-3065
-3097
-3097
-3082
-3038
-2988
-2921
-2805
-2671
-2526
-2365
-2213
-2073
-1880
-1692
-1519
-1321
-1070
-815
-631
-398
-130
65
270
583
890
1102
1308
1608
1907
2079
2251
2473
2638
2785
2998
3167
3203
3268
3392
3451
3389
3305
3262
3139
2958
2779
2567
2273
1978
1745
1444
1057
713
422
43
-362
-644
-967
-1360
-1613
-1798
-2097
-2392
-2508
-2651
-2892
-3002
-2970
-3023
-3131
-3082
-3020
-3066
-3019
-2817
-2695
-2683
-2514
-2262
-2168
-2089
-1830
-1599
-1501
-1290
-964
-757
-645
-365
-43
94
269
611
882
1000
1269
1669
1861
1988
2306
2573
2669
2837
3094
3204
3204
3296
3412
3363
3252
3269
3215
2960
2747
2636
2384
2033
1789
1569
1202
786
511
233
-184
-537
-782
-1107
-1499
-1750
-1956
-2223
-2421
-2537
-2690
-2853
-2915
-2956
-3048
-3077
-3018
-2981
-2948
-2817
-2677
-2627
-2515
-2293
-2166
-2067
-1815
-1566
-1432
-1261
-985
-744
-559
-323
-21
199
355
633
963
1145
1317
1639
1885
1982
2177
2480
2594
2626
2846
3025
3000
3016
3169
3150
2964
2932
2920
2687
2449
2414
2283
1922
1615
1455
1173
743
487
308
-120
-569
-747
-953
-1380
-1644
-1690
-1921
-2239
-2278
-2309
-2561
-2691
-2615
-2651
-2824
-2810
-2664
-2679
-2710
-2537
-2356
-2356
-2258
-1990
-1850
-1827
-1641
-1338
-1235
-1146
-825
-495
-350
-169
161
393
529
799
1126
1304
1453
1730
1966
2056
2197
2400
2530
2607
2758
2899
2918
2904
2955
2936
2784
2666
2586
2436
2219
2051
1870
1589
1326
1165
930
576
278
37
-267
-609
-858
-1090
-1383
-1643
-1785
-1934
-2152
-2330
-2431
-2526
-2626
-2662
-2670
-2687
-2692
-2646
-2571
-2497
-2444
-2346
-2206
-2088
-1975
-1789
-1589
-1462
-1293
-1054
-863
-711
-486
-224
-52
110
369
624
799
991
1287
1518
1645
1851
2104
2241
2304
2485
2658
2669
2695
2818
2872
2782
2767
2814
2677
2474
2423
2336
2057
1810
1657
1424
1087
834
634
332
-10
-206
-374
-719
-1023
-1172
-1375
-1681
-1877
-1957
-2120
-2321
-2416
-2466
-2623
-2713
-2642
-2622
-2668
-2616
-2465
-2410
-2391
-2266
-2127
-2036
-1919
-1693
-1501
-1394
-1210
-965
-764
-574
-286
-13
169
390
664
872
1044
1282
1504
1657
1820
2025
2162
2231
2362
2519
2586
2606
2658
2648
2562
2505
2470
2360
2208
2091
1958
1761
1535
1345
1144
885
641
432
170
-112
-320
-520
-772
-989
-1162
-1363
-1590
-1753
-1859
-2000
-2125
-2158
-2210
-2310
-2335
-2305
-2318
-2317
-2220
-2126
-2097
-2038
-1884
-1742
-1646
-1484
-1263
-1115
-989
-757
-536
-398
-230
40
258
392
625
893
1030
1177
1459
1669
1767
1922
2114
2213
2275
2405
2501
2490
2477
2530
2503
2385
2324
2271
2121
1934
1811
1659
1416
1198
1050
835
542
345
162
-144
-423
-601
-836
-1146
-1341
-1490
-1725
-1943
-2052
-2155
-2340
-2450
-2465
-2543
-2630
-2606
-2542
-2593
-2596
-2463
-2372
-2347
-2231
-2024
-1909
-1793
-1554
-1327
-1193
-992
-695
-482
-325
-50
243
412
568
859
1119
1243
1447
1724
1905
2020
2226
2426
2480
2546
2684
2731
2663
2645
2664
2595
2485
2436
2382
2215
2040
1951
1804
1557
1348
1161
916
639
414
183
-91
-332
-538
-770
-1018
-1212
-1377
-1557
-1743
-1898
-2036
-2173
-2275
-2339
-2417
-2493
-2499
-2500
-2515
-2471
-2376
-2281
-2188
-2051
-1903
-1789
-1644
-1435
-1244
-1081
-869
-615
-373
-159
62
311
535
739
969
1198
1385
1527
1698
1866
1980
2062
2176
2292
2342
2373
2417
2420
2348
2286
2249
2166
2016
1882
1764
1577
1364
1195
1019
770
535
380
202
-49
-260
-424
-642
-877
-1045
-1211
-1409
-1584
-1693
-1799
-1934
-2013
-2050
-2104
-2165
-2175
-2174
-2196
-2171
-2103
-2042
-1979
-1868
-1734
-1611
-1480
-1306
-1126
-958
-781
-591
-393
-191
35
238
428
617
807
987
1157
1313
1439
1578
1716
1831
1928
2005
2063
2108
2129
2119
2102
2071
2004
1914
1824
1717
1604
1459
1292
1125
959
809
636
469
286
94
-91
-264
-435
-625
-771
-891
-1034
-1195
-1315
-1429
-1556
-1653
-1707
-1763
-1821
-1835
-1831
-1849
-1843
-1766
-1708
-1680
-1610
-1518
-1433
-1329
-1177
-1022
-886
-738
-578
-451
-348
-191
-4
166
342
534
697
822
972
1128
1243
1360
1492
1580
1625
1685
1736
1746
1735
1750
1746
1693
1650
1606
1503
1384
1293
1182
1036
897
794
656
487
351
219
50
-109
-228
-382
-564
-702
-817
-963
-1106
-1190
-1272
-1396
-1485
-1507
-1553
-1622
-1623
-1605
-1635
-1636
-1560
-1504
-1497
-1420
-1299
-1240
-1173
-1035
-908
-824
-677
-482
-349
-242
-64
110
213
353
543
679
763
908
1064
1134
1216
1354
1445
1467
1540
1628
1618
1582
1610
1619
1551
1521
1531
1453
1311
1222
1144
993
855
782
660
469
333
240
56
-129
-228
-328
-506
-656
-736
-872
-1023
-1095
-1142
-1255
-1359
-1393
-1433
-1506
-1522
-1473
-1472
-1477
-1422
-1375
-1385
-1362
-1259
-1177
-1131
-1014
-865
-783
-683
-509
-353
-254
-114
46
146
238
373
506
587
686
827
925
979
1069
1170
1216
1263
1325
1350
1350
1356
1373
1351
1306
1285
1245
1165
1096
1042
944
855
778
660
528
411
302
162
31
-69
-182
-320
-434
-540
-684
-803
-881
-961
-1061
-1126
-1162
-1220
-1277
-1293
-1302
-1332
-1324
-1264
-1221
-1186
-1110
-1028
-974
-909
-791
-693
-629
-527
-388
-287
-197
-56
68
152
269
421
521
601
725
833
886
949
1043
1099
1128
1190
1244
1241
1226
1247
1254
1211
1176
1167
1111
1024
975
923
831
741
684
594
466
362
270
147
8
-85
-175
-318
-430
-508
-607
-726
-798
-858
-955
-1048
-1105
-1157
-1241
-1290
-1307
-1341
-1370
-1363
-1344
-1350
-1322
-1272
-1232
-1171
-1078
-975
-889
-791
-681
-569
-449
-309
-162
-50
58
189
315
443
572
691
787
885
991
1070
1120
1174
1244
1282
1313
1352
1376
1367
1361
1352
1301
1245
1190
1131
1057
978
904
812
702
602
506
392
285
186
62
-73
-193
-303
-420
-532
-633
-740
-831
-908
-981
-1063
-1141
-1184
-1229
-1282
-1314
-1325
-1342
-1341
-1304
-1280
-1253
-1215
-1145
-1067
-1002
-889
-761
-654
-549
-423
-303
-195
-68
54
156
272
412
538
651
773
891
991
1064
1146
1213
1243
1277
1325
1349
1350
1365
1377
1336
1286
1245
1196
1120
1026
951
853
730
611
514
398
264
162
61
-68
-199
-310
-417
-532
-639
-721
-801
-891
-965
-1027
-1099
-1160
-1201
-1227
-1253
-1275
-1286
-1281
-1272
-1255
-1214
-1155
-1106
-1058
-992
-913
-827
-723
-593
-470
-365
-245
-108
13
132
264
379
477
587
694
774
850
946
1044
1113
1161
1201
1233
1246
1259
1265
1235
1191
1157
1123
1067
1006
949
863
762
666
575
467
363
277
175
60
-34
-118
-223
-342
-448
-547
-659
-740
-792
-858
-922
-956
-989
-1046
-1083
-1085
-1087
-1100
-1098
-1091
-1102
-1092
-1046
-999
-946
-865
-770
-692
-630
-537
-456
-395
-290
-161
-56
23
146
270
361
473
593
681
743
830
915
958
1006
1084
1133
1130
1129
1145
1127
1103
1101
1071
996
934
891
807
698
621
544
430
330
256
159
32
-66
-156
-272
-364
-422
-497
-588
-655
-698
-754
-816
-836
-854
-913
-934
-919
-929
-936
-906
-860
-855
-837
-770
-726
-705
-634
-546
-501
-455
-367
-272
-205
-111
21
109
181
284
386
446
508
610
684
727
789
856
894
936
1010
1049
1039
1040
1046
1005
950
915
868
799
739
690
612
509
447
384
274
166
73
-30
-150
-244
-324
-434
-527
-581
-657
-752
-801
-838
-905
-962
-982
-1008
-1067
-1089
-1081
-1102
-1119
-1085
-1043
-1035
-997
-903
-848
-812
-723
-628
-581
-524
-416
-335
-281
-180
-58
6
85
240
363
426
510
625
687
717
802
882
894
927
1020
1056
1034
1073
1136
1117
1075
1097
1088
1005
954
939
865
742
681
635
516
410
367
300
175
88
35
-65
-169
-212
-271
-387
-459
-494
-579
-663
-687
-709
-781
-817
-792
-817
-867
-844
-809
-830
-831
-768
-741
-755
-719
-629
-586
-564
-466
-386
-358
-292
-178
-114
-83
14
117
163
208
313
381
385
450
544
568
584
648
681
662
671
713
706
672
687
706
661
616
606
556
471
442
438
364
291
260
193
91
44
30
-44
-132
-183
-238
-325
-374
-396
-459
-529
-550
-562
-615
-650
-648
-677
-720
-702
-668
-691
-700
-654
-633
-635
-580
-495
-458
-437
-366
-289
-257
-198
-99
-42
-2
85
174
213
264
343
385
402
456
530
562
578
624
656
633
633
661
654
637
644
637
600
579
582
546
486
445
410
340
272
243
201
125
62
28
-41
-121
-165
-221
-302
-355
-380
-430
-485
-515
-543
-595
-617
-614
-645
-681
-670
-642
-638
-619
-569
-540
-545
-505
-448
-438
-425
-358
-288
-256
-187
-93
-40
-2
86
168
207
259
326
354
363
418
482
494
512
586
640
647
682
736
730
689
671
646
587
545
547
523
467
441
433
372
312
277
209
109
46
11
-57
-129
-174
-231
-318
-388
-414
-452
-518
-548
-561
-600
-635
-636
-641
-665
-657
-621
-613
-610
-570
-531
-512
-478
-421
-389
-364
-296
-233
-196
-148
-83
-32
14
78
150
198
242
301
339
353
388
445
467
477
512
542
537
546
570
572
540
536
538
482
439
433
411
364
333
306
243
184
147
108
42
-13
-39
-95
-163
-205
-237
-276
-315
-332
-361
-405
-431
-450
-479
-500
-503
-513
-529
-524
-510
-506
-491
-448
-417
-397
-368
-343
-324
-309
-282
-223
-184
-151
-93
-55
-31
7
66
111
142
192
237
249
267
312
345
361
392
424
410
396
421
433
431
461
491
482
463
451
430
384
342
318
290
257
240
226
186
157
141
121
83
37
2
-35
-76
-100
-125
-168
-210
-232
-249
-275
-291
-297
-327
-352
-355
-351
-350
-354
-347
-353
-345
-324
-311
-301
-307
-304
-277
-243
-217
-179
-145
-118
-95
-63
-31
-10
13
24
38
57
75
87
99
113
141
165
174
197
223
235
241
245
247
240
232
234
238
235
231
234
223
214
206
199
191
175
154
133
101
68
52
28
5
-12
-33
-52
-69
-90
-113
-136
-150
-165
-174
-171
-178
-198
-221
-227
-238
-241
-240
-229
-219
-217
-202
-199
-193
-177
-156
-142
-131
-118
-103
-69
-33
-8
12
40
73
86
108
131
139
133
128
127
131
143
152
163
163
159
153
143
142
135
132
125
111
111
110
108
116
127
126
131
136
135
109
77
58
36
13
11
13
-13
-45
-58
-70
-86
-97
-103
-122
-148
-156
-156
-153
-148
-150
-163
-181
-180
-179
-187
-195
-185
-161
-149
-122
-100
-92
-77
-57
-38
-34
-33
-24
-12
-5
7
31
56
71
94
119
123
129
146
154
156
151
148
133
128
138
124
101
93
98
87
81
94
100
92
94
96
70
37
27
24
16
7
19
9
-22
-21
-14
-22
-25
-10
-5
-17
-25
-29
-50
-72
-75
-68
-76
-81
-67
-78
-104
-104
-92
-103
-104
-93
-89
-89
-96
-100
-111
-116
-99
-69
-53
-48
-35
-28
-40
-40
-27
-22
-15
9
22
20
23
25
24
29
54
66
65
56
48
48
44
40
50
52
45
58
66
62
60
62
63
48
43
33
17
16
22
30
28
23
24
26
27
36
41
31
34
40
19
-1
-4
-9
-26
-26
-7
3
2
1
10
12
9
20
14
-11
-19
-15
-28
-40
-25
-17
-30
-36
-28
-22
-22
-5
4
-16
-17
0
6
-8
-10
11
26
34
37
27
4
-6
-13
-9
-6
3
6
-1
2
1
-2
-7
-15
-9
-4
-16
-10
-9
-2
9
7
6
-12
-20
-28
-46
-52
-48
-48
-44
-37
-35
-30
-37
-35
-26
-24
-12
-13
-18
-25
-30
-33
-37
-35
-33
-30
-30
-21
-8
1
3
8
9
9
27
44
53
59
61
49
26
26
32
45
55
73
86
70
71
78
76
70
71
68
52
45
34
18
5
6
11
-5
-14
-2
2
-8
-9
-8
-16
-21
-18
-23
-38
-39
-27
-22
-25
-11
-7
-22
-26
-27
-32
-42
-40
-36
-41
-46
-25
-15
-16
-11
-13
-29
-43
-29
-18
-26
-30
-25
-36
-39
-21
1
7
11
23
25
13
8
11
-10
-23
-18
-5
-1
7
27
32
20
18
24
18
10
9
14
-2
-6
1
-12
-29
-38
-25
-11
8
28
33
25
17
9
0
6
14
18
10
3
-4
-10
-4
3
12
8
5
-1
-13
-20
-29
-18
-10
-12
-14
-22
-23
-7
8
14
19
22
27
33
42
34
27
35
47
57
63
70
69
63
55
34
14
5
2
19
38
43
40
33
28
22
13
4
7
17
13
1
-9
-27
-46
-55
-60
-57
-56
-49
-45
-55
-64
-69
-73
-75
-78
-84
-87
-90
-82
-66
-48
-32
-19
-7
7
8
12
8
-15
-32
-37
-25
-16
2
18
36
57
58
52
44
42
41
41
39
39
36
30
33
32
21
14
10
8
11
18
18
25
22
-2
-23
-51
-53
-43
-18
6
21
17
11
19
7
-7
-16
-18
-10
-1
4
8
5
-9
-10
-11
-22
-29
-36
-54
-68
-65
-52
-29
-9
16
42
51
48
40
34
24
29
31
36
42
47
49
44
31
31
46
43
40
36
23
9
1
-12
-20
-13
-9
2
18
20
20
16
10
15
9
3
-2
-6
-6
-16
-21
-17
-12
-9
-11
-10
-14
-11
-1
2
2
-1
-12
-15
-20
-30
-36
-34
-32
-27
-21
-30
-29
-23
-20
-24
-33
-32
-23
-7
0
6
10
11
20
25
26
23
20
9
-1
-9
-14
-8
-1
-1
-10
-18
-22
-33
-36
-36
-27
-8
-9
-15
-9
-7
-21
-15
3
5
10
21
30
27
21
18
8
5
19
25
20
10
14
5
-4
1
9
6
6
10
6
5
11
27
27
19
10
-9
-28
-33
-29
-29
-27
-23
-19
-39
-40
-19
-11
-13
-7
1
-12
-23
-6
13
7
8
13
11
2
1
14
10
3
20
35
36
33
48
47
33
41
47
47
50
52
48
39
37
35
38
41
33
21
9
-7
-16
-15
-20
-20
-21
-35
-46
-57
-51
-38
-22
-13
-10
-14
-23
-22
-26
-22
-16
-10
-8
-7
-8
-5
-7
-17
-18
-7
7
7
7
5
2
-6
-9
-9
-5
-4
-7
-11
-16
-8
3
4
-3
-11
-22
-17
-12
-7
-8
-2
14
26
30
25
32
19
-3
-12
2
19
21
14
9
-7
-18
-7
6
10
7
16
21
16
7
1
-7
-17
-33
-33
-24
-16
-10
-3
2
1
7
-1
-13
-16
-26
-30
-28
-31
-27
-19
-10
-7
-13
-21
-26
-29
-22
-9
0
-8
-7
5
13
22
30
28
28
30
13
-2
-12
-5
-3
-5
-1
7
7
9
20
23
10
5
3
-8
-18
-9
14
11
7
17
33
24
7
1
-6
-5
8
26
22
24
38
37
34
43
53
35
18
14
-1
-25
-28
-13
-3
7
21
28
15
1
3
14
15
10
7
0
-9
1
19
23
18
23
16
-3
-4
7
15
-5
-25
-24
-36
-45
-43
-37
-28
-13
-1
-3
-11
-11
7
12
14
23
14
5
2
1
-3
2
9
7
1
-8
-4
4
4
-9
-29
-42
-50
-53
-46
-38
-42
-40
-50
-53
-57
-60
-47
-47
-47
-51
-37
-34
-38
-34
-35
-35
-30
-14
-12
-6
-4
-5
-3
-5
2
24
32
27
30
27
26
22
23
22
26
34
45
45
34
37
34
45
61
71
67
60
60
51
42
37
44
35
36
53
57
53
36
19
0
-15
-6
-4
-5
-8
-17
-17
-23
-29
-32
-34
-34
-33
-29
-22
-13
-12
-15
-23
-20
-3
4
13
18
13
-8
-18
-23
-27
-17
-2
11
14
17
15
2
-6
5
-1
-9
-11
-8
0
11
21
25
17
1
0
-3
-9
-17
-12
-8
-5
8
20
22
13
2
-7
-23
-28
-19
-17
-20
-6
4
4
4
2
3
-1
3
6
2
-7
-14
-19
-24
-19
-11
-13
-10
-3
-11
-19
-29
-45
-53
-41
-17
-2
7
12
-7
-30
-40
-39
-39
-36
-10
5
1
-2
-12
-23
-25
-15
-8
-14
-17
-9
-2
10
22
19
12
12
17
16
13
21
22
24
37
54
70
74
67
66
71
65
55
34
13
3
14
22
22
23
20
15
10
9
-1
-15
-14
-7
-15
-23
-24
-28
-36
-31
-23
-24
-24
-18
-15
-20
-29
-32
-19
1
10
23
43
57
57
50
37
32
32
28
16
-3
-3
-2
3
8
-5
-7
-14
-27
-39
-54
-64
-64
-55
-51
-54
-55
-57
-54
-43
-35
-37
-42
-37
-27
-9
5
14
31
36
41
48
48
49
39
39
38
31
23
9
-4
-20
-15
-16
-25
-23
-13
-9
-11
9
18
14
11
14
14
-2
-19
-30
-24
-14
9
28
26
28
50
69
58
50
47
27
5
-4
-7
-18
-28
-11
6
12
23
22
2
-23
-25
-30
-53
-73
-69
-49
-36
-13
-4
-17
-30
-30
-9
4
25
37
34
25
22
17
5
1
-3
7
25
41
36
19
16
20
21
16
5
-5
-22
-19
-8
-17
-28
-42
-51
-59
-64
-49
-44
-46
-36
-31
-35
-33
-21
-25
-12
9
25
34
19
18
19
15
4
12
28
30
50
76
88
85
75
66
51
23
-3
-14
-17
-13
-6
-7
-10
-10
-4
16
22
22
21
12
-1
-10
-2
-2
-3
2
12
16
12
17
8
-8
-9
-6
-12
-21
-24
-21
-15
-6
2
-8
-19
-17
-15
-19
-31
-33
-38
-38
-30
-14
-18
-38
-37
-28
-33
-34
-30
-21
-3
18
39
44
37
25
28
28
22
21
18
14
16
30
34
31
34
36
26
3
-22
-29
-27
-18
0
13
3
-9
-11
-18
-35
-45
-35
-38
-49
-37
-18
-11
2
17
18
2
6
18
20
22
13
25
40
47
45
23
8
12
15
19
16
9
0
-12
-16
-31
-48
-52
-39
-33
-23
-12
-8
-18
-30
-28
-31
-38
-38
-19
-6
-6
-4
3
-2
-2
19
34
33
26
28
32
29
33
33
12
-3
-11
-6
5
13
16
21
27
19
21
15
6
6
4
-6
-5
-1
-5
11
25
35
33
20
16
6
-1
-3
-11
-23
-27
-22
-20
-16
-11
-8
-6
-10
-12
-8
-6
-12
-11
1
15
16
11
13
3
8
15
1
-11
-3
17
23
11
5
5
1
-1
7
1
-9
-4
14
24
14
10
6
-5
-10
4
13
1
-2
2
5
1
1
1
-15
-18
-17
-12
-8
-18
-17
-25
-41
-44
-40
-27
-18
-15
-23
-44
-54
-46
-33
-20
-15
-26
-34
-29
-27
-25
-24
-18
-10
-1
6
-6
-4
5
6
13
16
16
22
31
25
25
36
47
39
39
47
50
54
43
36
36
32
40
57
63
55
45
33
25
24
21
14
-3
-15
-22
-24
-24
-30
-29
-27
-27
-25
-21
-28
-33
-24
-25
-30
-41
-51
-48
-30
-3
4
1
-2
-7
-12
-18
-23
-21
-25
-24
-19
-15
2
21
39
52
39
20
14
9
15
18
13
14
13
3
1
-14
-6
10
12
10
-4
-7
-9
-1
16
20
19
28
43
47
36
30
27
19
16
12
3
-1
12
18
22
21
29
54
60
48
35
16
-14
-33
-29
-27
-36
-38
-44
-48
-51
-51
-45
-42
-57
-70
-78
-88
-91
-87
-76
-67
-59
-38
-28
-35
-20
-10
-9
-6
2
11
3
1
14
23
25
21
11
-7
-15
-4
4
7
13
24
22
14
23
36
34
24
29
27
20
21
27
30
42
63
74
76
78
80
78
75
66
57
45
39
43
41
25
10
5
2
-3
-9
-14
-26
-43
-48
-49
-54
-65
-73
-78
-96
-104
-93
-87
-81
-65
-54
-61
-61
-50
-34
-27
-13
9
11
8
23
41
40
38
48
56
56
56
62
59
57
77
91
87
79
73
56
30
26
28
31
36
26
18
13
12
2
-18
-28
-27
-32
-36
-45
-56
-72
-84
-86
-82
-72
-65
-48
-35
-30
-29
-29
-34
-41
-38
-38
-40
-41
-37
-30
-24
-3
22
37
41
38
31
21
11
3
4
8
16
29
46
53
49
47
47
45
38
35
35
33
32
36
31
21
28
35
36
31
15
-5
-19
-27
-27
-30
-37
-40
-28
-27
-31
-27
-27
-37
-41
-29
-25
-24
-15
-7
-15
-28
-23
-16
-21
-17
-5
-3
-10
-8
-3
-9
-9
8
9
-5
1
11
0
-6
6
1
-8
3
14
12
9
12
18
18
8
-6
-24
-22
-10
0
6
10
27
39
34
32
37
45
48
36
18
4
0
9
19
12
13
26
37
36
18
10
7
11
12
6
-4
-11
-11
-24
-50
-59
-60
-54
-41
-25
-10
-11
-2
5
4
7
12
10
8
11
12
10
8
0
-17
-23
-25
-16
-15
-15
-10
-6
3
11
19
16
21
42
41
32
28
32
26
1
-9
-14
-22
-28
-21
-16
-28
-27
-15
-3
4
24
38
31
19
17
18
8
-2
-8
-18
-35
-37
-21
-6
0
2
14
4
-13
-23
-32
-45
-49
-29
-30
-36
-32
-10
-5
-28
-31
-28
-34
-32
-13
-5
-18
-29
-30
-35
-35
-21
-1
15
19
27
27
17
27
43
42
37
42
40
26
10
13
26
21
29
38
35
26
32
36
20
15
32
45
31
26
34
34
26
39
50
20
0
10
12
-5
-12
-11
-30
-49
-49
-48
-48
-43
-24
-12
-19
-21
-7
-8
-13
-18
-22
-16
-15
5
8
-3
-13
-16
-13
-16
-13
-1
4
3
6
-1
-10
-8
5
15
4
-7
-6
0
-13
-20
-23
-37
-29
-12
1
15
22
29
25
29
40
40
29
16
18
15
12
13
18
14
16
32
46
40
27
25
15
-1
-2
1
-11
0
16
20
12
9
-4
-27
-48
-57
-52
-51
-34
-11
-1
-11
-11
-8
-9
-19
-19
-15
-22
-30
-28
-33
-44
-53
-45
-32
-34
-23
-20
-22
-22
-15
-6
1
7
9
3
-17
-22
-20
-12
-10
-10
-6
3
0
1
9
18
30
41
40
44
42
33
36
33
43
41
33
31
29
25
29
42
51
34
22
21
25
32
32
17
-15
-23
-5
10
8
0
4
4
6
10
2
-8
-20
-25
-26
-25
-12
1
2
-12
-18
-14
5
15
14
7
-12
-31
-47
-53
-52
-40
-31
-15
-3
3
3
-3
-10
-22
-14
11
24
21
17
4
-2
-2
5
16
20
13
12
7
4
-4
-15
-7
-5
-2
1
-12
-30
-37
-41
-36
-32
-24
-13
-10
-17
-18
-3
5
11
14
22
27
29
42
51
45
35
27
27
24
12
15
10
-8
-10
-11
-15
-11
9
25
18
6
-5
-19
-28
-23
-11
-9
-3
5
15
11
12
14
7
8
15
14
0
-7
2
12
18
28
27
10
-3
-9
-20
-31
-27
-11
-4
-9
-13
-22
-41
-48
-41
-29
-33
-36
-25
-24
-25
-16
-7
-17
-32
-38
-39
-37
-33
-20
-9
5
21
43
45
39
40
36
31
30
39
36
19
21
25
27
33
34
25
4
-9
-23
-33
-36
-31
-16
-20
-25
-21
-25
-36
-38
-27
-11
-2
0
13
19
21
15
11
23
31
44
47
35
28
33
37
42
56
58
57
51
32
12
6
10
19
23
23
30
33
30
31
20
0
-11
-21
-30
-41
-43
-51
-57
-45
-38
-36
-44
-55
-46
-44
-49
-35
-23
-29
-35
-31
-28
-32
-19
-6
1
9
4
-6
-16
-11
-8
-8
-11
-17
-20
-11
0
2
11
16
20
25
27
15
0
-8
-20
-29
-20
-7
3
9
29
51
57
53
46
33
17
10
13
22
27
19
21
27
28
28
18
4
-3
-7
-16
-36
-44
-37
-29
-18
-9
-11
-13
-13
-19
-24
-18
-8
3
9
2
-9
-11
-11
-7
3
9
9
7
10
6
15
18
10
1
-2
-7
-24
-27
-23
-22
-20
-5
4
-5
-6
5
6
-12
-13
-8
-12
-4
11
17
17
26
40
39
27
28
32
22
5
5
12
16
20
19
14
3
0
5
3
-13
-18
-23
-28
-20
-21
-31
-29
-29
-22
-12
-9
0
8
8
-1
1
3
-4
-2
1
-4
-10
1
17
14
7
9
6
-1
-4
-2
10
24
27
37
27
11
10
2
3
1
3
3
-2
-11
-10
5
3
5
9
-2
0
6
5
-4
-13
-11
-11
-2
8
17
27
30
41
43
26
7
-2
2
-6
-23
-25
-23
-23
-22
-23
-33
-39
-30
-36
-59
-63
-55
-42
-38
-42
-23
-25
-30
-24
-25
-29
-18
2
8
11
27
42
41
41
52
51
34
21
20
10
-3
-5
-1
-4
-11
12
36
42
37
21
-1
-23
-21
-21
-32
-23
-7
13
25
31
35
36
34
35
35
22
22
26
27
6
-3
-8
-21
-11
-1
-5
-21
-29
-27
-36
-45
-43
-28
-24
-25
-8
-18
-35
-29
-11
2
-3
8
26
17
4
13
17
6
4
3
-15
-26
-11
3
0
1
12
7
4
21
33
15
-2
-3
7
22
33
54
38
-1
-11
1
-2
-11
-4
7
25
28
22
19
5
4
22
15
3
-4
3
5
-10
-14
-1
8
25
27
7
-16
-26
-21
-20
-20
-22
-26
-23
-18
-12
-12
-13
-4
4
-4
-9
-9
-19
-28
-24
-15
-14
-5
10
12
2
5
14
17
24
37
36
14
4
-11
-6
7
7
9
7
0
-20
-33
-37
-38
-27
-16
-19
-24
-34
-51
-55
-52
-34
-16
-15
-7
2
1
-1
7
26
43
41
45
52
30
9
14
19
13
17
31
29
16
20
21
11
6
-2
-6
-8
-14
-2
3
2
3
-1
-13
-21
-11
-16
-28
-35
-43
-51
-43
-11
5
3
0
0
-7
-17
-17
-15
-16
-8
23
39
28
11
10
15
8
2
18
21
21
38
53
57
54
46
26
0
-11
-4
4
3
14
22
10
16
30
21
5
-5
-20
-37
-36
-30
-26
-16
-5
13
21
10
5
-4
-23
-32
-28
-27
-33
-26
-2
10
21
35
43
37
25
19
15
7
-3
-11
-18
-24
-14
5
17
21
26
25
16
20
17
-2
-9
1
7
-17
-19
-1
-6
-1
3
-3
-20
-29
-14
-11
-25
-31
-27
-33
-34
-22
-15
-19
-27
-34
-28
-32
-34
-18
-19
-29
-14
0
-2
-5
-1
-5
-19
-32
-38
-35
-30
-20
-7
2
-5
-17
-13
-12
-12
-5
6
2
-4
-6
-12
-20
-10
13
9
2
7
15
16
21
37
55
60
56
49
29
21
27
38
37
35
30
30
41
51
41
33
32
22
17
22
42
56
44
28
20
8
-1
-6
4
8
-4
2
11
7
0
5
9
-6
-18
-36
-53
-47
-27
-12
-16
-18
-6
-4
-13
-13
-6
-4
-5
-3
-5
-1
11
15
5
-5
-5
10
19
24
22
3
-17
-35
-28
-22
-23
-13
-1
1
-9
-13
-29
-45
-41
-20
-21
-33
-34
-22
-19
-35
-34
-21
-19
-11
-12
-27
-35
-29
-16
-11
-17
-16
-5
-10
-19
-12
-5
-19
-16
3
7
0
-5
3
3
-8
0
22
20
12
23
22
9
8
14
14
20
33
51
51
42
40
40
55
57
58
46
29
27
25
22
15
28
42
33
27
35
40
27
18
16
10
3
-4
-14
-29
-29
-19
-25
-34
-38
-43
-53
-64
-61
-52
-50
-47
-43
-45
-51
-48
-32
-22
-7
6
4
2
-8
-4
-9
-16
-18
-11
-1
7
19
14
0
1
6
1
4
15
21
23
27
36
29
13
11
8
15
23
31
31
18
19
19
15
5
4
7
8
16
15
13
19
13
7
-2
-10
-8
-6
2
9
19
22
19
18
14
8
-7
-12
-12
-2
6
14
14
6
4
1
-10
-4
2
4
6
15
10
-9
-18
-27
-42
-54
-50
-42
-33
-28
-25
-25
-26
-42
-42
-48
-63
-50
-38
-33
-32
-26
-22
-27
-25
-13
-9
-17
-4
21
27
36
56
56
54
57
68
66
42
37
47
39
34
38
40
30
26
27
21
14
8
5
-4
-6
-10
-26
-31
-36
-39
-33
-26
-25
-30
-28
-28
-26
-23
-15
-11
-3
6
4
-6
-21
-20
-20
-8
7
6
5
11
13
6
1
0
-1
0
10
27
25
18
19
25
21
19
22
11
-6
-8
-2
-3
-3
-3
-1
3
0
-8
-6
-9
-17
-11
-6
-10
-9
-3
-11
-5
10
20
21
29
44
40
25
14
2
-4
1
2
3
-3
4
16
13
8
3
4
-5
-17
-18
-22
-37
-39
-22
-17
-25
-14
-5
-17
-24
-18
-19
-22
-19
-17
-11
-9
1
18
26
31
32
31
16
15
25
25
21
31
53
44
33
32
11
-9
-3
-4
-21
-35
-23
-18
-26
-19
-2
14
20
25
23
-1
-22
-16
-21
-38
-37
-18
-7
-8
3
6
-12
-21
-13
-16
-27
-40
-45
-47
-50
-41
-22
-16
-12
8
13
7
10
28
30
28
34
28
16
11
11
-3
-9
3
22
24
18
29
33
27
30
36
21
-14
-16
-18
-35
-42
-32
-23
-23
-13
3
12
13
13
8
0
-22
-22
-11
-24
-29
-17
-11
-5
13
28
30
23
18
13
17
12
18
20
11
9
11
8
-8
-5
10
13
11
15
9
-14
-23
-26
-28
-23
-10
13
16
14
17
5
-13
-11
-6
-4
8
21
33
37
36
38
43
44
40
51
56
54
48
33
22
12
14
13
1
2
6
6
-3
-11
-16
-16
-15
-23
-29
-41
-51
-58
-53
-55
-61
-59
-62
-70
-71
-67
-68
-68
-59
-44
-47
-49
-48
-41
-29
-17
0
10
4
10
14
-2
-15
-10
-1
6
2
5
18
32
46
59
60
55
47
29
24
21
21
33
35
28
31
32
51
77
73
66
50
20
-1
-5
-4
-10
-20
-2
11
12
15
20
21
5
-1
-11
-27
-43
-47
-43
-41
-37
-24
-20
-28
-31
-32
-33
-33
-29
-18
-13
-10
1
7
8
13
9
-3
-18
-25
-28
-27
-17
0
16
14
11
22
23
20
27
32
32
31
31
33
35
38
35
28
24
26
22
5
-6
-8
-9
-13
-13
-13
-9
-7
-10
-8
-6
-8
-11
-20
-18
-9
2
15
21
31
31
24
16
3
-6
-11
-2
-1
0
1
1
-1
-3
-7
-16
-30
-33
-30
-35
-50
-59
-62
-53
-32
-26
-8
-4
-17
-19
-13
1
7
11
3
-4
7
12
11
7
20
33
36
35
24
16
16
29
33
22
13
6
-7
-12
-2
9
14
20
19
15
7
-4
-4
-4
-2
-7
-7
-6
-14
-19
-21
-14
-8
-3
-7
-9
-21
-26
-21
-17
-11
-1
13
11
11
6
-3
-6
-12
-17
-27
-31
-26
-15
-6
-3
2
0
2
7
16
17
11
9
7
0
8
9
16
38
53
59
59
54
32
6
5
-4
-25
-25
-19
-25
-37
-28
-10
6
17
26
27
18
6
7
7
0
6
17
13
4
-5
-8
-12
-18
-18
-6
7
12
25
23
3
-15
-24
-25
-34
-33
-24
-29
-32
-27
-24
-16
-24
-30
-28
-30
-35
-34
-9
11
18
34
46
43
42
44
39
34
25
14
7
-6
-18
-9
3
0
2
15
23
16
0
3
1
-1
3
12
6
-8
11
25
22
13
14
8
-2
-7
-2
16
14
20
31
27
13
22
30
7
-11
-2
1
-13
-23
-31
-42
-57
-51
-37
-33
-38
-44
-36
-42
-54
-52
-52
-56
-53
-43
-34
-29
-21
-13
-9
-14
-16
-17
-10
0
-1
-4
-4
12
26
36
43
45
43
41
49
47
36
25
8
1
0
12
32
43
53
60
59
50
47
54
42
35
34
27
3
-26
-39
-49
-44
-35
-22
-18
-24
-33
-24
-16
-4
11
20
32
30
12
-6
-16
-12
1
19
32
31
21
13
14
-4
-25
-24
-21
-18
-17
-8
-8
-24
-22
-22
-23
-25
-27
-13
-4
7
15
20
8
2
15
19
13
2
2
1
-2
6
16
11
2
-5
-13
-20
-27
-20
-8
3
-6
-12
-8
-17
-24
-25
-30
-43
-44
-32
-21
-24
-19
5
21
31
23
18
12
-4
-3
7
5
-3
-3
8
15
18
26
44
49
47
55
52
36
13
4
1
-13
-21
-23
-12
0
3
10
14
9
2
4
-9
-26
-21
-5
-3
-8
-8
-10
-7
12
30
28
9
-5
-2
3
-3
-11
-7
-6
-9
-9
-4
-13
-23
-24
-24
-28
-46
-64
-60
-55
-60
-55
-52
-55
-44
-17
10
33
51
62
66
42
3
-8
-1
-2
-6
8
21
14
10
22
26
17
15
20
16
-2
-2
-3
-21
-26
1
24
12
7
21
26
17
27
40
30
14
7
15
23
34
38
31
21
15
24
34
35
33
37
46
39
14
-10
-16
-4
3
17
25
14
1
-18
-28
-37
-49
-36
-5
-2
-29
-43
-51
-50
-35
-22
-20
-22
-18
-17
-10
-18
-28
-22
-24
-38
-38
-25
-28
-34
-14
8
10
12
25
27
25
30
36
21
7
12
11
6
5
17
20
3
-6
-5
-6
-15
-22
-23
-14
-5
-1
-2
-14
-22
-24
-23
-21
-18
-2
3
8
5
1
-1
-7
-14
-17
-9
-8
-6
-1
2
16
21
13
15
11
-4
-15
-4
-10
-31
-38
-33
-32
-42
-22
-2
-3
-14
-11
1
6
13
31
36
30
34
48
54
42
45
65
76
62
52
40
20
8
12
17
-5
-6
3
19
9
-16
-15
-16
-23
-36
-30
-26
-28
-18
2
12
3
3
15
21
18
7
9
10
-10
-21
-14
-14
-22
-11
3
0
-12
-12
1
-4
-16
-13
-1
-2
5
23
29
17
6
14
19
8
7
9
4
-2
3
13
16
16
26
28
24
17
14
19
20
21
5
-8
-8
-5
-7
-11
-18
-34
-56
-72
-68
-63
-56
-52
-52
-54
-48
-28
-25
-38
-40
-29
-25
-22
-13
-5
-1
11
19
12
4
11
15
13
10
5
9
5
3
8
4
-1
0
-2
3
15
12
14
19
19
16
7
9
9
23
45
45
34
24
19
10
9
8
6
-4
-26
-21
-3
12
2
8
23
19
5
0
2
-12
-19
-13
-6
-15
-12
8
16
13
14
5
-3
-11
-13
3
1
-22
-25
-10
-21
-43
-36
-14
-5
-20
-18
1
4
4
19
35
24
7
31
57
52
46
64
72
52
38
52
52
28
22
31
31
17
11
17
19
8
4
13
7
-8
-6
1
-12
-44
-49
-39
-44
-54
-34
-19
-37
-49
-45
-37
-55
-70
-47
-36
-59
-54
-24
-19
-30
-26
-7
-10
-23
0
23
9
0
14
18
-4
-6
17
27
25
28
29
24
19
18
19
6
-1
8
20
26
25
23
32
32
13
3
0
-11
-21
2
30
34
13
5
-2
-31
-49
-38
-25
-30
-27
-13
-9
-25
-30
-14
-8
-33
-49
-35
-35
-58
-67
-39
-22
-24
-10
2
-19
-41
-24
-4
-1
-2
16
32
21
27
56
65
35
28
45
41
18
7
7
-6
-4
31
65
72
67
60
45
42
30
18
24
23
5
-6
-1
-6
-10
9
24
21
11
13
16
-1
-13
-10
6
7
15
29
28
16
12
22
19
10
4
-6
-25
-28
-12
0
-3
-11
-18
-29
-42
-52
-43
-29
-40
-58
-43
-10
3
6
22
26
10
-1
5
-1
-22
-19
5
20
9
-1
5
-3
-22
-24
-13
-13
-24
-22
-9
-12
-24
-22
-12
-25
-37
-20
-2
-12
-30
-29
-21
-31
-42
-32
-21
-31
-30
-7
4
-5
0
27
34
24
24
39
40
23
15
27
30
14
12
18
13
-5
-5
7
1
-6
1
-1
-15
-22
-14
-1
-6
-15
-18
-8
2
12
12
21
16
-3
3
13
4
0
11
26
29
31
37
28
21
26
39
29
6
11
28
29
4
1
10
-6
-16
1
15
6
2
8
3
-19
-27
-21
-31
-43
-28
4
6
-7
11
28
11
-8
-1
7
-16
-23
-11
-10
-23
-27
-7
-3
3
17
26
28
13
1
1
5
3
3
17
27
7
-4
8
5
-11
-18
-15
-20
-28
-14
3
-2
-10
3
23
24
16
3
-9
-17
-21
-7
8
7
9
16
18
-3
-8
4
1
-5
-12
-8
-15
-28
-31
-19
-19
-32
-19
-2
-7
-19
-11
4
-6
-12
5
11
-3
-7
11
13
4
0
10
16
-2
-11
-11
-22
-36
-28
-12
-16
-11
11
23
7
-7
-5
1
-10
-22
-12
-10
-24
-29
-15
-17
-25
-15
8
12
8
13
20
27
29
39
49
49
33
36
50
52
48
54
48
25
7
2
4
-3
-5
3
1
-7
-7
0
-20
-44
-40
-25
-21
-20
-23
-39
-51
-39
-16
-10
-2
21
35
31
5
-14
-11
-10
-18
-9
6
8
15
25
30
24
10
12
14
9
16
28
32
26
23
32
37
24
-1
-11
-6
-6
-16
-7
1
-7
-18
-8
-9
-25
-29
-31
-26
-32
-25
-4
11
4
2
11
6
-3
5
18
14
-3
-7
6
10
9
4
0
0
-6
-1
9
0
-4
-8
-6
-6
-6
0
4
-5
-18
-10
-14
-27
-25
-17
-19
-27
-30
-17
-20
-32
-40
-39
-34
-41
-48
-40
-27
-18
-13
-17
-13
-1
5
5
6
11
6
22
36
38
38
46
35
-4
-3
19
34
22
12
15
18
25
33
41
40
36
51
62
61
48
48
38
17
9
16
21
5
0
14
16
2
0
5
5
-10
-12
-12
-34
-45
-38
-32
-53
-62
-39
-37
-40
-35
-37
-55
-71
-55
-43
-52
-53
-34
-17
-9
-1
5
11
23
42
54
43
34
20
22
38
31
15
10
9
7
15
30
37
30
32
41
39
26
18
23
25
8
5
23
16
-18
-14
17
15
0
24
44
8
-24
-7
15
-21
-39
-18
-19
-73
-79
-20
-8
-32
-16
17
-15
-64
-34
2
-37
-55
-16
-6
-54
-64
-13
-6
-48
-33
17
-2
-47
-11
26
-7
-33
14
31
-4
-7
38
50
16
22
58
36
-5
27
52
35
11
33
54
28
11
30
51
51
49
58
53
31
21
25
18
1
-13
-16
-12
-9
-17
-21
-13
-19
-33
-31
-21
-43
-69
-61
-44
-51
-61
-41
-25
-50
-45
-12
-2
-9
9
51
29
-25
-12
18
-25
-54
-9
25
-19
-27
36
44
-11
-3
51
25
-35
-8
55
22
-31
22
66
14
-5
57
74
13
20
80
53
-26
-5
43
-3
-64
-30
7
-41
-65
-1
16
-34
-24
25
15
-41
-32
8
-6
-48
-36
-3
-12
-32
-10
18
27
36
35
21
4
-13
-14
-5
9
-1
-20
5
29
4
-8
27
50
8
-10
31
21
-41
-50
13
0
-52
-11
58
29
-18
28
55
-16
-44
32
56
-11
7
95
73
1
23
77
21
-37
18
52
-29
-63
16
15
-74
-50
34
-3
-83
-38
15
-49
-88
-20
13
-68
-86
2
8
-59
-35
40
16
-45
-11
32
-15
-45
3
16
-25
-16
33
29
4
29
40
3
-8
19
-3
-36
-9
6
-34
-38
8
-14
-67
-36
10
-32
-59
10
52
4
0
65
48
-18
27
98
31
-47
13
48
-44
-57
57
58
-44
-6
106
46
-56
19
89
-22
-86
31
66
-55
-52
87
69
-47
8
123
31
-85
-2
65
-55
-109
20
39
-86
-58
76
38
-58
8
80
-6
-57
14
20
-71
-58
38
25
-32
14
77
25
-18
43
51
-31
-24
46
7
-58
-3
40
-24
-33
35
21
-40
-2
47
-1
-28
39
53
-15
-10
48
-4
-74
-3
49
-32
-52
44
34
-69
-26
89
24
-88
-9
72
-50
-125
7
45
-99
-91
57
14
-128
-54
87
-1
-99
28
96
-46
-90
58
56
-101
-65
74
9
-105
1
95
-19
-68
60
70
-72
-60
67
33
-68
6
95
