8
10
3
-10
-27
-32
-27
-20
-19
-11
0
-3
-7
-11
-6
3
-2
-13
-21
-27
-22
-7
0
5
12
14
14
8
12
9
11
24
26
19
7
1
6
5
12
39
58
74
74
66
61
47
40
33
21
12
6
-6
-3
-8
-18
-22
-22
-14
-5
0
0
-9
-16
-16
-10
-6
-12
-18
-9
-5
-4
8
20
41
51
52
41
24
17
5
-1
-1
7
10
14
14
5
4
5
11
10
0
-21
-43
-52
-56
-57
-50
-48
-43
-46
-60
-62
-60
-54
-49
-47
-46
-48
-49
-43
-43
-43
-30
-16
-8
-8
-10
-12
-19
-26
-25
-23
-9
7
23
31
29
39
33
18
20
23
21
24
30
18
4
-7
-13
-6
-1
9
15
11
17
26
29
15
6
0
-6
2
16
27
27
29
42
43
41
41
38
28
22
40
54
51
45
42
36
24
19
19
13
2
3
12
22
29
26
17
-1
-16
-22
-28
-38
-39
-31
-22
-7
-3
-7
-9
-6
-11
-24
-23
-12
-7
-10
-12
-9
-10
-25
-30
-29
-32
-20
-10
-8
-10
-7
-6
-11
-9
-10
-6
-13
-12
0
-4
-7
-6
0
10
25
31
22
14
1
-5
-5
-9
-16
-11
-8
-6
-12
-30
-37
-34
-29
-22
-18
0
13
11
11
-3
-12
-19
-22
-13
-3
-4
-9
0
21
24
16
15
7
10
12
17
21
23
25
22
31
22
13
6
-3
-8
-13
-18
-16
-12
-11
-9
-3
-2
-7
-7
3
1
-16
-27
-34
-24
-10
-8
-13
-2
4
-3
-3
9
16
22
30
27
32
31
22
21
16
15
14
11
3
-7
1
0
3
8
13
18
25
42
52
52
39
32
36
33
29
22
14
-4
-22
-31
-42
-52
-54
-44
-38
-28
-20
-16
-24
-30
-34
-30
-26
-30
-33
-33
-32
-32
-21
-12
-8
-10
-17
-21
-23
-24
-15
-14
-3
14
22
23
19
12
9
10
7
16
33
37
32
22
29
31
28
33
33
28
20
26
27
19
15
9
4
-4
-7
-10
-16
-15
-11
-9
-12
-10
-5
-7
-5
-7
-9
-6
-5
0
1
3
7
5
3
2
-7
-15
-14
-11
-4
7
15
19
18
11
6
7
-2
-9
-12
-9
-16
-20
-16
-16
-11
-3
5
4
-3
-7
-3
-4
0
5
-4
-10
-22
-20
-7
-6
-3
-1
-10
-12
-6
-7
-1
9
13
0
-7
6
9
14
19
20
19
4
-13
-25
-29
-27
-24
-26
-25
-19
-23
-26
-23
-19
-15
-9
-3
0
-3
-1
5
13
23
33
31
24
28
26
23
22
23
24
33
41
36
30
22
15
1
-6
-16
-17
-14
-18
-13
-13
-25
-34
-41
-39
-21
2
5
1
6
8
11
16
21
27
34
37
15
-3
-3
4
20
28
42
50
43
25
1
-7
-4
-5
0
9
14
8
-2
-5
-16
-24
-24
-10
3
17
26
21
14
-1
-13
-25
-35
-43
-40
-35
-34
-44
-50
-49
-42
-29
-20
-16
-10
-10
-12
-16
-16
-18
-23
-12
3
16
18
22
22
23
29
38
56
58
57
45
42
40
31
25
14
2
-2
7
6
-5
-10
-2
10
12
-1
-20
-38
-52
-55
-54
-62
-67
-64
-60
-56
-50
-45
-35
-28
-22
-19
-12
5
20
34
46
45
39
42
43
36
29
22
13
8
8
10
8
-1
3
10
10
9
1
-4
-4
6
9
-1
-7
-9
-10
-10
-12
-7
3
12
21
10
4
4
12
26
25
29
33
30
26
26
33
45
37
18
16
1
-17
-12
-4
-3
3
7
-4
-12
-22
-17
-7
-12
-19
-36
-54
-67
-63
-51
-32
-18
-15
-6
-8
1
3
-11
-16
-19
-19
-17
-22
-32
-29
-12
-3
6
5
9
19
16
15
13
15
26
26
26
31
26
29
27
25
43
60
65
60
49
40
29
18
12
8
6
7
14
6
3
5
14
23
14
2
-1
-13
-23
-29
-39
-44
-48
-45
-46
-46
-40
-45
-46
-34
-27
-21
-5
1
7
9
1
-17
-23
-22
-23
-24
-16
-1
5
7
6
14
24
28
25
11
-8
-20
-26
-16
-11
-18
-31
-31
-20
-21
-18
-10
-6
-13
-18
-14
-6
-5
4
11
11
13
12
15
15
21
24
28
35
39
48
41
37
32
29
28
24
13
-11
-22
-35
-29
-18
-11
-9
-21
-20
-20
-19
-17
-19
-20
-21
-15
-12
-11
-7
-8
-1
12
17
16
21
34
43
46
48
44
51
52
53
52
46
36
20
16
17
22
23
25
16
4
-1
-4
1
-7
-20
-18
-17
-26
-32
-44
-53
-50
-41
-33
-36
-28
-25
-30
-43
-41
-23
-1
20
7
-15
-33
-30
-9
7
14
18
17
7
5
7
3
7
13
6
13
22
14
5
0
-4
-2
6
11
6
4
21
22
9
-8
-23
-38
-36
-23
-23
-26
-23
-12
-2
-1
-3
0
-3
-8
-3
-1
1
0
5
14
38
58
60
56
43
30
16
17
20
21
15
12
8
0
-5
-14
-31
-41
-46
-36
-35
-37
-40
-40
-43
-46
-33
-31
-39
-41
-38
-37
-30
-20
-14
-13
-12
-9
-9
0
-5
-11
-2
2
4
13
11
10
12
14
9
16
38
52
64
69
60
46
31
21
22
28
33
35
38
41
45
47
37
14
8
8
1
-5
1
8
14
31
33
23
5
-8
-8
-14
-16
-19
-16
-12
-19
-25
-25
-26
-25
-22
-21
-28
-35
-45
-49
-45
-33
-21
-19
-22
-18
-2
7
5
5
5
5
0
-14
-14
-7
-3
2
5
22
29
30
32
29
29
24
23
18
6
-1
4
26
49
57
54
38
20
8
-9
-28
-37
-36
-32
-33
-35
-29
-24
-22
-19
-11
-17
-30
-39
-45
-41
-32
-24
-28
-29
-22
-16
-5
4
11
11
8
-4
-14
-22
-21
-9
-6
-1
-1
2
3
-7
-12
-16
-14
-5
6
6
7
19
19
21
28
36
50
55
51
38
27
19
5
-5
-5
2
10
25
39
41
35
27
18
13
10
-4
-10
-7
-12
-15
-10
-6
-10
-19
-18
-6
-2
3
5
14
14
-4
-13
-21
-21
-14
-19
-27
-39
-47
-47
-41
-34
-26
-22
-17
-1
6
2
0
-6
-11
-9
-4
-3
-6
-5
1
8
16
28
30
24
26
28
25
24
33
39
30
17
16
31
45
40
37
35
31
32
24
17
15
23
28
19
10
11
16
22
24
21
15
-4
-16
-12
-26
-38
-47
-54
-45
-37
-30
-27
-32
-32
-35
-51
-60
-59
-61
-69
-67
-52
-32
-19
-21
-25
-25
-24
-10
7
1
0
7
14
16
14
16
8
13
31
48
59
53
38
19
11
7
9
10
7
12
26
45
40
41
44
34
17
-7
-24
-22
-18
-16
-15
-15
-13
-17
-9
-11
-30
-42
-54
-51
-43
-39
-36
-27
-13
-2
9
24
36
37
29
17
16
8
0
3
0
2
8
18
20
23
33
24
12
2
1
-1
-9
-19
-22
-20
-13
-3
11
18
23
21
5
-6
-24
-34
-25
-18
-16
-8
-9
-12
-4
2
8
17
28
27
23
16
7
-3
-5
-3
9
31
39
42
40
36
26
22
29
33
27
30
32
20
12
8
3
2
-8
-16
-14
-20
-31
-48
-50
-32
-8
13
24
16
2
-17
-33
-37
-39
-35
-24
-16
-10
-2
3
7
2
-3
-9
-18
-22
-25
-21
-22
-21
-16
-8
1
7
5
-3
-13
-22
-22
-14
-10
-13
-13
-6
3
2
6
9
4
5
9
0
-14
-12
-7
-2
6
6
10
21
34
34
21
8
5
11
1
-8
-9
-11
-8
-2
3
4
6
12
4
-7
-4
-3
-3
-5
-8
-7
-5
2
5
7
2
-3
3
12
20
18
6
0
-7
-6
1
15
21
7
1
-8
-17
-22
-17
-7
0
5
4
3
4
1
3
16
24
37
37
34
29
21
20
27
37
43
38
31
17
10
6
7
10
1
-9
-11
-18
-20
-13
-10
-6
-4
-1
-18
-42
-47
-43
-38
-34
-38
-54
-52
-43
-43
-43
-43
-32
-13
1
1
-4
-5
-2
15
40
48
51
49
49
51
47
47
45
49
45
33
27
9
-10
-11
-10
-17
-15
-4
-4
-15
-24
-35
-40
-40
-45
-47
-45
-44
-39
-47
-50
-52
-50
-33
-23
-15
-17
-18
-14
-18
-8
0
20
37
43
56
61
64
67
61
44
28
16
10
5
5
15
21
35
48
44
39
31
27
14
2
-9
-22
-31
-33
-26
-23
-26
-23
-10
0
4
-3
-14
-29
-33
-27
-20
-14
-16
-14
-2
13
19
20
22
12
1
2
1
-4
-9
-6
8
12
8
0
-11
-18
-16
-8
-18
-33
-42
-47
-46
-41
-33
-29
-18
-13
-17
-17
-12
3
8
11
21
31
37
47
52
52
53
44
37
31
30
26
23
25
24
20
14
6
8
12
8
-10
-22
-15
-10
-9
-3
-1
-4
-7
-7
-12
-9
-3
-6
-9
-6
-2
4
17
21
28
38
33
22
28
25
25
12
-14
-12
-8
-6
-10
-11
-13
-23
-24
-28
-40
-45
-40
-41
-48
-52
-57
-63
-53
-38
-25
-21
-28
-26
-25
-28
-24
-14
-7
-11
-6
8
14
22
25
15
23
32
39
44
48
43
38
35
22
25
38
51
61
57
45
28
11
-1
-1
-5
-10
-11
-2
-8
-20
-17
-14
-8
-6
-14
-32
-40
-44
-60
-64
-59
-45
-25
-5
8
6
9
15
15
14
16
14
-4
-15
-12
-10
-3
2
-4
1
7
13
10
5
10
14
14
18
19
3
3
13
16
18
19
17
14
14
12
15
19
19
13
15
12
15
11
-1
4
6
9
10
3
1
-1
-3
2
-4
-14
-19
-18
-12
-9
-10
-9
-1
6
16
19
15
16
26
34
29
18
26
31
27
22
14
7
-14
-20
-25
-33
-35
-41
-34
-29
-26
-30
-37
-43
-45
-42
-45
-45
-41
-40
-50
-59
-51
-24
-4
0
1
-6
-13
-12
-4
4
10
14
19
28
34
30
30
29
30
25
17
12
4
13
22
31
35
32
28
19
11
-2
-7
-2
-2
-8
-8
-2
-6
-5
7
10
21
26
20
5
-9
-15
-27
-24
-26
-28
-20
-15
-13
-3
6
12
17
20
19
10
-9
-28
-36
-40
-38
-25
-9
9
22
20
19
26
24
19
20
16
5
9
15
15
20
28
34
35
35
39
48
48
45
30
12
3
-9
-12
-6
1
3
3
-6
-12
-14
-13
-15
-18
-21
-30
-35
-36
-33
-30
-26
-15
-8
-20
-31
-42
-41
-42
-42
-34
-29
-18
9
23
22
21
18
10
8
18
20
18
7
-4
-16
-22
-7
0
8
13
21
19
11
0
-9
-7
-7
-2
-2
-9
-13
-10
-12
-7
-1
12
24
28
34
31
16
4
4
-4
-14
-20
-16
-13
-16
-7
-1
-7
-5
6
5
-3
2
8
19
18
12
14
18
17
12
6
-1
-9
-19
-17
-17
-23
-21
-11
-2
-2
2
4
0
-11
-15
-21
-18
-9
-16
-13
-9
-8
1
14
13
18
27
33
35
22
10
3
5
13
10
0
-8
-12
-3
12
20
19
13
13
6
-4
-10
-15
-12
-10
-9
-19
-35
-44
-37
-20
2
18
28
35
38
40
28
20
24
22
10
4
5
-2
-11
2
12
8
14
32
37
29
12
-8
-18
-34
-48
-63
-69
-65
-52
-42
-36
-25
-22
-14
9
26
23
19
1
-17
-19
-11
1
14
23
29
33
33
32
41
52
62
51
24
5
-8
-1
6
5
6
10
9
4
-5
-19
-17
-12
-5
-7
-15
-15
-11
-1
4
-10
-21
-20
-20
-23
-29
-31
-25
-17
0
14
10
-4
-16
-26
-32
-34
-34
-37
-39
-37
-29
-26
-12
10
23
28
17
7
2
2
11
24
27
13
-1
-13
-22
-21
-14
-6
-8
-8
7
19
22
34
34
22
16
16
20
16
9
-5
-14
-4
5
11
13
21
15
7
7
20
30
29
26
13
-4
-17
-24
-21
-5
9
16
25
36
44
34
19
8
-2
-3
0
5
2
3
12
12
6
3
-3
-17
-15
-10
-9
-4
-1
-4
-8
-7
-10
-8
-10
-7
0
-3
-3
-5
3
9
18
23
19
9
-3
-2
-6
-15
-20
-30
-28
-25
-12
-6
-22
-35
-42
-45
-36
-12
5
18
16
5
2
1
10
5
2
-1
-4
-2
3
26
35
23
16
12
3
2
-3
-15
-19
-20
-22
-22
-19
-9
-7
-2
5
10
7
7
4
-6
-16
-23
-18
-17
-18
-15
-20
-23
-18
-15
-16
-19
-26
-34
-48
-51
-43
-25
-6
-3
6
25
34
28
19
18
20
26
26
24
31
44
54
53
51
50
49
53
54
44
34
27
23
23
20
17
1
-6
-17
-19
-12
-13
-3
4
8
1
-9
-10
-19
-26
-19
-14
-13
0
9
12
12
20
30
35
34
19
-1
-20
-23
-24
-35
-38
-31
-28
-33
-34
-33
-23
-17
-24
-26
-30
-31
-24
-22
-16
-14
-12
-9
0
5
16
28
27
34
39
43
36
24
25
20
10
2
-6
-16
-14
-3
5
17
16
18
10
-1
-4
-4
-6
-5
2
-13
-26
-25
-16
-4
-2
-15
-32
-37
-27
-10
-1
-1
4
1
-8
-16
-24
-23
-19
-5
1
-2
-6
-2
2
1
3
6
0
-12
-15
-27
-40
-36
-39
-44
-37
-23
-16
-6
8
18
33
46
48
36
31
33
35
37
33
33
38
35
34
35
43
50
58
55
40
20
10
13
9
7
5
5
5
10
18
11
14
23
18
10
-7
-21
-27
-29
-27
-14
-18
-32
-35
-31
-17
-10
-9
-18
-26
-31
-25
-19
-19
-14
-11
-8
-8
-10
-2
-3
-9
-12
-13
-23
-28
-21
-16
-17
-13
-3
-10
-20
-11
-16
-27
-29
-26
-24
-11
-2
-7
-14
-10
1
1
2
1
0
2
2
14
18
18
20
21
21
23
32
25
22
15
2
-8
-10
0
7
5
0
-1
-8
-24
-27
-19
-9
8
14
13
6
2
9
14
25
27
31
46
55
61
67
77
76
81
82
68
40
24
21
22
22
13
-1
-16
-29
-36
-30
-25
-17
-10
-12
-19
-31
-37
-37
-36
-34
-34
-27
-19
-18
-13
-19
-21
-28
-43
-52
-63
-70
-68
-58
-48
-44
-39
-33
-42
-49
-25
-2
10
20
8
-4
-1
10
18
16
22
25
27
14
9
20
28
30
24
19
17
18
19
18
16
16
17
23
33
36
27
11
-5
-18
-22
-23
-24
-15
-5
-9
-11
-5
0
-1
-3
1
-9
-30
-32
-30
-25
-22
-8
10
17
21
24
23
9
-2
-6
-3
0
3
6
9
18
32
37
35
37
31
21
19
13
10
17
30
31
22
25
29
25
31
25
9
-2
-8
-8
-10
-16
-14
-10
-9
-8
-5
-9
-17
-7
11
22
30
25
6
-10
-22
-18
-4
3
-1
-2
-2
-3
-4
-5
-10
-7
-2
-2
-5
-17
-27
-32
-35
-41
-48
-53
-59
-58
-53
-50
-56
-45
-26
-14
-5
3
9
9
11
12
17
18
19
22
14
12
17
9
-1
-4
-1
3
3
-6
-13
-19
-23
-23
-15
-3
5
11
8
3
3
2
6
13
20
19
21
34
32
32
29
20
11
-3
-8
-5
3
14
26
31
24
26
19
2
-8
-17
-23
-15
-11
-11
-3
-3
-5
4
29
41
45
49
47
42
30
21
10
7
4
5
4
1
-4
-12
-22
-29
-24
-17
-13
-28
-43
-52
-59
-58
-51
-42
-30
-15
-6
3
20
22
26
25
21
16
7
6
5
8
19
25
21
18
21
21
20
20
14
9
1
-1
1
-1
4
4
-4
-7
4
12
16
13
4
-7
-14
-20
-36
-35
-29
-33
-35
-40
-46
-53
-51
-42
-23
-11
-1
4
-6
-18
-24
-26
-28
-23
-27
-36
-41
-42
-34
-26
-22
-17
-2
9
9
13
15
22
22
30
46
37
39
50
60
68
69
70
62
50
53
66
67
72
78
71
62
49
43
45
41
38
36
29
22
19
7
-14
-25
-28
-27
-21
-16
-23
-32
-35
-44
-59
-70
-89
-91
-78
-76
-67
-61
-59
-54
-47
-41
-40
-37
-39
-40
-38
-37
-27
-11
1
7
7
-1
-11
-9
2
1
6
15
14
6
-1
-2
6
-5
-18
-13
-2
13
26
35
26
21
24
35
35
29
32
37
36
28
29
30
21
23
34
42
33
36
45
36
30
18
13
7
-2
-4
-12
-18
-11
-9
-13
-12
-11
-19
-25
-10
-9
-15
-15
-8
0
1
5
1
7
21
25
23
13
4
6
11
13
9
2
-4
-1
-5
-13
-27
-40
-33
-32
-34
-34
-37
-37
-39
-34
-20
-21
-28
-23
-21
-13
-11
-15
-17
-5
10
22
32
21
20
27
36
36
31
26
26
20
15
16
14
20
28
28
21
14
7
12
16
9
1
-4
-13
-15
-16
-18
-20
-20
-13
-15
-24
-29
-31
-25
-22
-10
0
5
13
8
3
-5
-10
-12
-18
-30
-39
-33
-24
-10
5
13
8
6
10
9
6
7
8
7
6
-2
-14
-13
-3
2
3
0
4
9
4
-2
-8
-5
4
12
17
23
23
20
18
16
13
5
0
3
4
-2
-8
-13
-11
-12
-6
7
10
13
25
27
15
9
-4
-9
3
12
12
12
22
33
37
35
25
30
32
29
19
3
-8
-17
-11
-6
-15
-22
-22
-16
-1
-1
-6
-8
-6
-7
-15
-17
-16
-13
-16
-22
-30
-29
-30
-22
-18
-14
0
4
2
-10
-8
-15
-26
-24
-20
-3
8
6
4
-4
-4
2
13
19
20
19
7
4
6
3
-10
-20
-13
-10
3
12
11
3
-4
-16
-30
-26
-19
-10
-3
-2
-6
-2
-1
-5
-8
-19
-17
-16
-12
-13
-22
-12
7
18
18
19
25
29
39
41
43
35
19
16
19
22
30
43
41
31
25
19
16
23
28
24
19
8
5
-4
-6
-1
1
5
10
8
3
9
8
9
0
-19
-36
-51
-51
-50
-48
-44
-37
-22
-19
-28
-33
-27
-25
-31
-35
-46
-54
-47
-32
-21
-19
-19
-11
-1
6
10
18
21
17
16
19
18
28
44
47
32
22
22
16
13
21
28
34
32
18
-1
-12
-7
10
26
24
11
7
11
7
-4
0
9
9
14
14
11
11
7
10
2
-18
-32
-33
-29
-32
-33
-33
-15
0
6
-1
-7
-4
-5
-6
-2
-12
-14
-7
-9
6
12
8
1
-3
-4
6
21
28
27
19
8
-6
-13
-12
-8
-5
5
4
-1
9
16
17
19
17
11
-5
-12
-2
0
-7
-9
2
8
8
11
1
-11
-16
-9
-16
-31
-27
-24
-20
-21
-19
-13
-8
2
3
-7
-12
-7
3
9
0
-3
1
-4
-4
2
8
7
3
-9
-11
-11
-19
-9
7
0
-7
-8
-14
-19
-21
-19
-20
-24
-12
-1
5
12
14
10
6
7
5
5
11
22
26
24
26
24
16
12
14
20
22
20
29
35
33
34
33
29
24
16
15
20
26
23
16
6
-4
-4
-3
2
13
16
18
20
17
0
-10
-15
-29
-36
-35
-17
-10
-7
-12
-14
-19
-28
-36
-40
-31
-30
-37
-45
-37
-19
-14
-16
-23
-28
-26
-22
-11
1
3
1
7
11
6
7
8
8
17
32
45
60
59
54
53
38
28
21
14
9
13
15
9
1
-8
-4
2
8
11
-1
-10
-18
-20
-22
-37
-51
-58
-54
-46
-46
-43
-40
-48
-65
-69
-68
-68
-64
-64
-59
-43
-35
-28
-25
-30
-19
-4
17
21
17
21
20
34
57
66
74
76
76
70
62
54
44
42
42
57
73
77
73
68
53
41
41
29
16
11
8
-6
-17
-15
-12
-9
-3
-4
-10
-18
-27
-31
-33
-34
-47
-55
-51
-41
-18
3
6
12
31
38
32
23
20
8
-3
4
-1
-7
-14
-20
-20
-10
2
1
13
11
4
-3
-6
-4
-5
-8
-6
4
14
28
28
28
25
8
3
-1
-9
-13
-15
-21
-20
-24
-33
-36
-41
-43
-41
-44
-46
-54
-65
-67
-68
-65
-60
-53
-55
-48
-35
-20
-13
-8
3
11
9
10
13
11
24
43
57
66
63
59
52
35
27
28
22
22
19
21
35
44
33
18
17
21
20
9
2
-7
-13
-20
-27
-28
-26
-22
-32
-27
-12
-3
-8
-17
-15
-2
10
17
22
29
33
22
17
23
25
30
39
43
36
30
22
7
7
4
9
21
22
12
17
20
19
21
27
16
2
7
8
-1
-11
-17
-21
-30
-31
-19
-9
-6
-9
-22
-36
-45
-48
-53
-59
-60
-55
-44
-34
-30
-28
-32
-30
-18
-7
-9
-10
-8
-11
-8
4
13
2
-10
-15
-13
-3
4
10
4
0
1
4
10
19
33
39
50
51
40
21
2
-7
-6
2
13
22
29
34
35
23
13
19
18
11
10
11
19
12
-9
-14
-5
6
3
-4
-11
-19
-22
-16
1
12
9
-6
-18
-24
-22
-15
-6
1
8
18
27
32
39
46
40
29
10
-6
-9
-5
-7
-9
-5
-9
-17
-24
-29
-25
-24
-31
-28
-37
-47
-46
-34
-18
1
24
16
-9
-21
-28
-36
-38
-38
-42
-42
-31
-21
-19
-13
-4
-5
3
14
15
5
4
17
21
15
4
-1
11
29
42
46
39
31
28
31
32
26
29
27
21
14
17
21
25
36
32
28
26
16
12
-1
-10
-27
-31
-30
-36
-30
-29
-8
19
40
46
36
18
-1
-9
-14
-15
-27
-32
-28
-18
-7
-5
-7
-20
-29
-31
-31
-44
-46
-44
-46
-35
-17
0
18
24
21
16
10
10
10
16
35
40
49
58
58
54
50
53
45
35
29
24
22
27
18
5
-7
-8
-6
-16
-13
-7
5
13
8
-11
-31
-39
-44
-40
-38
-41
-55
-61
-58
-66
-70
-62
-54
-53
-44
-33
-28
-33
-28
-20
-13
5
10
18
27
31
26
21
26
24
22
25
27
27
18
12
10
18
23
14
8
1
5
9
13
19
10
-6
-14
-11
0
4
0
-4
-6
-8
-21
-33
-34
-34
-22
-13
-11
-2
5
16
25
34
26
12
9
10
22
41
48
34
21
16
9
4
10
20
18
6
0
-1
-7
2
6
-3
-5
-17
-29
-31
-30
-23
-7
10
13
9
19
29
28
31
34
40
41
28
6
-13
-30
-37
-18
-7
0
13
24
28
14
2
-2
16
29
34
32
21
17
5
-5
-6
-5
-6
-1
-9
-13
-13
-19
-17
-7
-4
-15
-19
-26
-30
-32
-37
-38
-41
-44
-41
-34
-28
-31
-27
-28
-47
-52
-43
-33
-35
-29
-19
-13
-3
5
13
10
7
4
7
15
13
6
1
-4
1
14
21
25
33
39
37
33
31
36
40
35
32
27
18
5
1
0
6
16
12
17
21
23
17
6
8
-2
-14
-19
-19
-21
-17
-21
-33
-25
-13
-3
-2
-6
-9
-13
-19
-24
-19
-12
-5
3
7
5
2
4
-6
-20
-23
-20
-12
-2
2
5
0
-11
-5
1
1
-7
-10
-5
8
13
7
17
22
28
41
47
44
39
27
23
29
42
51
46
36
23
16
9
8
10
13
21
28
27
17
-3
-8
-13
-27
-39
-46
-46
-43
-32
-22
-23
-28
-31
-29
-28
-35
-36
-35
-32
-24
-11
2
5
5
3
2
-6
-16
-14
-6
4
13
25
36
42
49
46
39
28
10
-11
-26
-39
-42
-32
-24
-18
-11
1
14
13
18
20
7
-2
-10
-17
-29
-29
-32
-36
-38
-32
-27
-20
-13
-11
0
8
18
24
19
14
5
4
13
19
15
18
28
28
23
22
15
8
5
2
8
-2
-20
-29
-24
-19
-20
-14
-8
-3
15
26
24
18
10
7
2
-1
-2
2
17
16
16
12
10
12
19
19
4
4
3
-1
-10
-19
-21
-21
-13
-17
-21
-22
-22
-17
-11
-9
-3
10
13
6
1
0
-3
-8
-14
-21
-32
-35
-26
-19
-6
3
9
11
8
8
6
-3
-11
-8
3
5
-1
5
13
17
20
23
26
36
33
25
25
8
-5
5
20
23
27
31
19
7
9
15
15
14
23
21
19
23
27
30
30
32
34
26
9
0
-1
-3
10
20
17
20
7
-8
-20
-27
-32
-37
-35
-43
-50
-48
-45
-45
-38
-40
-50
-59
-55
-48
-44
-36
-44
-48
-49
-44
-40
-34
-20
-7
1
-3
-4
-7
-7
-3
-4
2
13
19
32
48
62
67
60
52
34
15
-5
-27
-41
-30
-17
-5
14
25
40
53
61
59
33
8
-10
-30
-41
-33
-24
-15
-14
-15
-10
6
17
21
21
12
-9
-20
-26
-36
-37
-32
-21
-8
-6
-16
-28
-29
-27
-16
-2
9
18
25
43
47
50
41
25
20
20
24
22
31
30
20
13
26
31
22
19
13
16
10
7
-2
-1
11
24
39
37
31
27
28
34
28
27
30
20
10
1
-6
-15
-18
-13
-11
-19
-28
-30
-37
-41
-35
-39
-44
-39
-31
-17
-20
-17
-6
-14
-21
-15
-7
-2
-5
-12
-16
-19
-9
-1
-9
-3
-2
3
-1
-15
-18
-24
-22
-32
-36
-37
-29
-24
-21
-8
-2
-10
-15
-12
-5
4
9
4
-12
-21
-22
-19
-4
17
28
35
31
25
29
31
30
32
38
35
32
23
6
-6
-18
-23
-22
-13
-9
-4
-4
-4
-3
0
13
13
5
-7
-9
-6
-14
-6
2
8
13
20
26
11
5
13
4
-14
-16
-9
-6
-13
-12
-6
-7
-6
3
18
19
25
28
20
5
-2
14
22
19
12
12
11
6
13
22
24
18
9
12
14
18
26
28
30
26
19
8
5
7
6
-8
-24
-34
-39
-34
-30
-30
-26
-18
-13
-13
-19
-22
-24
-22
-17
-16
-15
-15
-14
-8
6
16
20
13
1
2
4
-4
-13
-19
-24
-15
-15
-16
-1
8
13
34
47
41
30
17
-5
-23
-17
-3
12
14
21
28
22
14
2
-12
-23
-21
-10
-13
-17
-9
15
29
28
25
9
-12
-34
-45
-36
-39
-35
-21
-14
-13
-16
-7
-28
-47
-42
-39
-32
-26
-10
-10
-15
-18
-16
-3
5
19
34
35
30
30
25
16
13
12
1
-9
-13
-19
-6
8
10
9
0
-3
5
23
34
51
72
80
75
61
58
42
22
11
-7
-19
-29
-23
-13
-5
-9
-4
9
-10
-19
-27
-33
-32
-39
-48
-60
-56
-46
-26
3
27
43
49
37
23
13
8
-2
-8
-10
1
14
21
24
24
19
-1
-7
-8
-14
-7
4
24
36
29
20
4
-14
-24
-26
-23
-19
-18
-2
8
6
14
17
-1
-5
3
-3
-12
-19
-21
-16
-20
-20
-13
2
7
7
21
25
17
19
26
14
27
62
61
58
55
41
38
42
34
10
-9
-24
-37
-35
-32
-57
-57
-54
-69
-75
-80
-83
-86
-74
-66
-61
-42
-37
-34
-14
2
4
26
39
26
17
10
-16
-44
-35
-32
-27
-5
-4
12
9
0
7
16
10
-19
-13
-7
-6
11
30
41
39
60
67
54
55
41
34
31
33
35
28
21
5
12
2
-16
-18
-6
5
12
32
29
7
-13
-28
-29
-30
-31
-16
1
18
27
45
42
30
25
21
3
-24
-17
-9
8
23
28
23
12
-1
-9
-4
-5
-2
16
25
19
22
42
51
40
37
41
31
22
10
9
15
10
2
6
8
-3
-29
-48
-71
-90
-77
-68
-75
-67
-47
-45
-46
-22
-11
-28
-33
-47
-58
-67
-55
-47
-35
-4
12
32
45
33
8
-5
-22
-30
-11
15
6
3
13
5
3
12
26
27
27
28
24
14
2
-6
-12
-19
-33
-45
-46
-42
-34
-27
-27
-25
-20
-16
-13
5
33
35
18
9
-3
-4
14
20
15
19
28
40
58
76
86
89
85
61
34
21
32
57
72
79
88
95
89
75
78
61
23
8
16
17
16
10
1
-14
-52
-81
-92
-122
-138
-108
-97
-109
-94
-68
-63
-50
-28
-36
-47
-68
-87
-70
-55
-55
-54
-51
-61
-63
-50
-44
-31
-9
21
37
42
59
62
45
43
56
54
37
27
34
36
38
52
58
56
55
68
84
104
117
118
107
75
53
44
36
26
25
22
7
7
2
-5
-12
-17
-18
-30
-53
-72
-79
-68
-54
-45
-31
-23
-34
-59
-63
-57
-58
-45
-20
-10
-21
-39
-61
-67
-60
-60
-60
-44
-37
-49
-56
-38
-31
-29
0
22
25
16
-12
-46
-63
-48
-25
-22
-29
-25
-33
-46
-63
-40
-4
7
34
55
40
9
12
37
53
61
68
73
87
94
126
171
191
203
204
191
170
178
184
151
116
101
96
62
44
40
11
-11
-26
-28
-55
-94
-110
-123
-142
-170
-193
-197
-197
-221
-222
-226
-246
-245
-229
-213
-204
-181
-151
-117
-93
-66
-42
-27
-15
-7
18
43
81
123
161
201
245
294
305
309
323
322
323
336
328
305
311
308
274
248
233
188
114
55
25
-27
-81
-117
-173
-241
-292
-341
-417
-471
-508
-563
-611
-631
-654
-663
-639
-631
-624
-586
-545
-521
-485
-405
-333
-278
-183
-93
-13
76
187
290
366
477
592
675
745
841
900
916
957
998
1017
1021
1023
975
924
889
835
778
705
605
482
369
260
136
34
-72
-199
-338
-454
-578
-701
-777
-848
-951
-1055
-1131
-1215
-1279
-1296
-1299
-1307
-1313
-1294
-1291
-1251
-1173
-1070
-953
-833
-719
-601
-446
-311
-164
-6
146
306
481
655
807
977
1146
1293
1431
1577
1700
1774
1835
1875
1885
1882
1884
1864
1814
1751
1634
1521
1390
1206
1026
837
608
361
162
-53
-322
-539
-715
-960
-1209
-1372
-1528
-1732
-1878
-1973
-2134
-2272
-2315
-2348
-2393
-2371
-2318
-2274
-2200
-2117
-2017
-1874
-1708
-1551
-1331
-1062
-849
-623
-347
-97
124
417
713
892
1112
1443
1671
1771
1954
2166
2290
2421
2543
2552
2552
2636
2613
2485
2372
2223
2048
1921
1733
1423
1188
1016
738
450
240
-67
-394
-572
-773
-1096
-1326
-1454
-1649
-1838
-1910
-2028
-2202
-2263
-2249
-2265
-2273
-2227
-2210
-2186
-2076
-1939
-1810
-1661
-1490
-1319
-1103
-882
-703
-494
-225
43
305
604
863
1070
1364
1654
1791
1923
2131
2284
2418
2563
2604
2610
2688
2735
2647
2530
2408
2256
2121
1951
1666
1341
1086
809
479
181
-145
-525
-799
-1002
-1322
-1643
-1829
-2023
-2255
-2388
-2537
-2768
-2835
-2753
-2801
-2884
-2801
-2768
-2755
-2577
-2374
-2260
-2070
-1817
-1655
-1448
-1173
-981
-797
-457
-141
73
379
658
829
1163
1668
1929
1996
2234
2533
2722
2951
3126
3003
2954
3232
3367
3203
3075
2962
2757
2668
2540
2106
1713
1558
1280
897
564
140
-290
-497
-723
-1168
-1531
-1745
-2087
-2438
-2585
-2775
-3070
-3116
-3038
-3202
-3302
-3140
-3125
-3230
-3061
-2855
-2825
-2643
-2289
-2073
-1886
-1504
-1186
-1002
-621
-150
214
523
843
1095
1443
1988
2316
2406
2565
2832
3121
3487
3696
3490
3384
3704
3836
3549
3314
3122
2853
2774
2731
2235
1633
1460
1298
847
352
-99
-480
-745
-1014
-1408
-1817
-2117
-2315
-2472
-2701
-3001
-3143
-3123
-3160
-3285
-3373
-3349
-3316
-3299
-3142
-2975
-2910
-2746
-2456
-2276
-2155
-1827
-1510
-1379
-1109
-616
-275
-53
290
614
893
1463
2119
2308
2286
2544
3011
3420
3674
3618
3446
3593
3933
3964
3722
3387
3090
3155
3262
2808
2118
1868
1726
1355
1025
596
-68
-465
-530
-858
-1419
-1738
-1880
-2109
-2393
-2610
-2781
-2946
-3007
-2966
-3007
-3156
-3157
-3041
-3047
-3032
-2855
-2684
-2635
-2495
-2206
-1996
-1870
-1731
-1518
-1180
-816
-511
-222
-35
147
702
1415
1610
1537
1857
2351
2717
3116
3254
2951
3023
3671
3921
3624
3316
3137
3184
3337
3099
2457
2038
1916
1720
1449
956
197
-183
-97
-380
-989
-1259
-1421
-1825
-2037
-2075
-2436
-2731
-2582
-2479
-2717
-2848
-2763
-2741
-2759
-2672
-2564
-2595
-2591
-2399
-2135
-1982
-1865
-1702
-1479
-1131
-752
-464
-303
-228
16
661
1362
1531
1477
1827
2307
2725
3273
3385
2951
3145
3937
4075
3611
3372
3191
3055
3295
3127
2248
1724
1813
1646
1151
617
-32
-360
-302
-646
-1343
-1684
-1929
-2267
-2305
-2460
-3009
-3125
-2714
-2687
-2971
-2915
-2804
-2935
-2887
-2602
-2615
-2828
-2654
-2330
-2298
-2209
-1928
-1768
-1688
-1357
-888
-625
-480
-294
69
705
1336
1497
1440
1711
2224
2863
3436
3365
3035
3546
4354
4273
3854
3749
3618
3648
3944
3582
2576
2215
2382
2026
1359
783
164
-179
-126
-475
-1254
-1742
-1999
-2272
-2473
-2721
-3143
-3312
-3104
-3014
-3174
-3259
-3273
-3341
-3181
-2889
-2856
-2930
-2640
-2299
-2219
-1949
-1652
-1673
-1493
-892
-538
-505
-224
110
451
1236
1921
1805
1630
2118
2730
3264
3596
3265
2992
3736
4467
4263
3837
3528
3212
3449
3789
3070
2087
2031
2154
1710
1157
434
-408
-605
-509
-1134
-1894
-2111
-2375
-2716
-2791
-3183
-3776
-3621
-3196
-3381
-3598
-3398
-3385
-3449
-3103
-2851
-3011
-2856
-2288
-2046
-1926
-1574
-1387
-1348
-896
-243
21
186
410
636
1242
2120
2354
2042
2187
2720
3252
3856
3863
3273
3486
4426
4542
3996
3725
3446
3293
3731
3645
2437
1692
1872
1751
1105
428
-371
-979
-915
-926
-1556
-2213
-2555
-2812
-2975
-3166
-3617
-3896
-3735
-3533
-3570
-3587
-3553
-3623
-3479
-3047
-2950
-3085
-2750
-2208
-1994
-1737
-1381
-1439
-1422
-754
-141
-75
30
371
802
1590
2321
2238
1979
2415
3110
3709
3986
3525
3272
4110
4799
4465
3991
3610
3301
3610
3857
2882
1832
1897
1958
1359
745
58
-814
-975
-775
-1395
-2190
-2360
-2533
-2896
-3037
-3293
-3704
-3608
-3223
-3142
-3105
-3031
-3180
-3272
-2988
-2718
-2714
-2513
-2185
-2065
-1799
-1343
-1335
-1471
-983
-413
-311
-173
75
266
988
2063
2173
1680
1913
2643
3323
3926
3915
3402
3754
4703
4766
4246
3875
3622
3849
4396
3950
2771
2366
2348
1803
1234
672
-303
-776
-588
-1033
-2018
-2332
-2411
-2916
-3281
-3458
-3937
-4203
-3742
-3414
-3659
-3712
-3564
-3629
-3561
-3232
-3133
-3102
-2713
-2393
-2206
-1877
-1685
-1776
-1488
-798
-505
-363
-96
25
566
1792
2346
1767
1708
2446
3047
3734
4136
3698
3738
4776
5100
4508
4130
3798
3623
4121
4090
2912
2271
2597
2185
1216
653
-147
-868
-548
-441
-1474
-2075
-2041
-2490
-2900
-2891
-3379
-3850
-3344
-2925
-3236
-3185
-2914
-3247
-3352
-2934
-3054
-3423
-3096
-2592
-2556
-2353
-2113
-2374
-2383
-1757
-1252
-1190
-997
-645
-86
1064
1852
1552
1284
1911
2747
3478
3916
3524
3442
4610
5406
4884
4373
4271
4097
4405
4651
3633
2576
2797
2733
1674
854
230
-527
-453
-161
-1089
-1944
-1852
-2161
-2818
-2881
-3113
-3640
-3214
-2561
-2759
-2900
-2702
-2907
-3082
-2628
-2353
-2460
-2192
-1889
-1864
-1659
-1372
-1544
-1667
-1288
-858
-640
-473
-329
14
961
1867
1715
1153
1384
2149
2827
3202
2986
2746
3581
4635
4460
3663
3245
3018
3222
3655
3064
1930
1913
2359
1819
951
225
-667
-946
-480
-848
-1942
-2202
-2169
-2707
-2985
-2899
-3364
-3597
-2990
-2788
-3139
-3025
-2957
-3346
-3346
-3084
-3163
-3001
-2345
-2036
-2006
-1700
-1573
-1757
-1490
-863
-568
-321
113
440
1043
2066
2252
1558
1689
2624
3330
3784
3733
3219
3519
4579
4610
3768
3359
3191
3304
3789
3428
2208
1869
2253
1808
953
202
-797
-1284
-852
-888
-1793
-2334
-2527
-2815
-3109
-3405
-3718
-3847
-3405
-2785
-2769
-3030
-2917
-2811
-2843
-2499
-2226
-2317
-1989
-1389
-1268
-1165
-785
-763
-826
-413
-104
-78
278
993
1858
2585
2458
1818
1917
2764
3567
4159
4028
3412
3839
4854
4670
3860
3644
3597
3720
4040
3388
1960
1615
1980
1434
380
-525
-1591
-2209
-1738
-1642
-2642
-3289
-3543
-4102
-4265
-4109
-4550
-4635
-3743
-3182
-3185
-2917
-2791
-3119
-2960
-2409
-2289
-2190
-1715
-1355
-1209
-819
-431
-536
-633
-344
-153
-182
-62
562
1642
2410
2223
1822
2207
3098
3981
4482
4046
3521
4192
4938
4507
3906
3737
3417
3440
3800
3105
1843
1699
1819
941
-52
-751
-1673
-2200
-1838
-1838
-2532
-2969
-3347
-4024
-4174
-3874
-4243
-4485
-3663
-3054
-3271
-3217
-2979
-3333
-3337
-2693
-2478
-2421
-1721
-1102
-1251
-1323
-987
-895
-825
-292
201
295
687
1760
2733
2969
2587
2410
2950
3855
4681
4775
4219
4431
5664
6151
5478
4815
4328
4050
4376
4195
2825
1894
2055
1785
704
-296
-1409
-2325
-2117
-1896
-2824
-3622
-3741
-4088
-4432
-4478
-4873
-5202
-4682
-4107
-3954
-3889
-3986
-3983
-3534
-3228
-3346
-3152
-2562
-2026
-1657
-1486
-1445
-1370
-1037
-530
-118
83
301
851
2140
3473
3454
2694
2768
3602
4486
5235
5210
4646
4953
5986
6072
5448
5011
4536
4085
4141
3574
2073
1648
2299
1963
581
-598
-1860
-2937
-2561
-2243
-3150
-3838
-3718
-4074
-4694
-4701
-4995
-5338
-4562
-3619
-3541
-3545
-3197
-3140
-2823
-2302
-2459
-2606
-1808
-1110
-1369
-1464
-1332
-1522
-1402
-779
-473
-404
-25
689
2571
5406
6151
4514
3993
5261
5604
4753
4160
4185
5177
6613
6060
3559
1977
1747
1473
1254
884
147
142
745
-158
-2045
-2863
-3251
-3676
-2922
-1691
-1898
-2867
-3220
-4036
-4873
-4591
-4148
-3939
-2756
-1598
-2070
-2446
-2157
-2491
-2372
-1347
-1008
-1211
-587
-386
-1257
-1280
-704
-882
-1024
-116
632
713
857
578
638
3357
7896
9318
7054
5671
6434
6200
4422
3121
2722
3742
5449
4661
1325
-856
-838
-778
-616
-446
-1122
-1292
-895
-1852
-3277
-3203
-3265
-4081
-3310
-1982
-2362
-3488
-4155
-4590
-4349
-3721
-3997
-3769
-2165
-1526
-2393
-2620
-2110
-2023
-1508
-762
-860
-816
-384
-800
-1360
-507
82
-576
-707
-47
378
766
990
1501
5006
10762
12360
8556
6010
6746
6731
4930
3385
2467
3304
5357
4295
354
-1444
-720
2
782
968
-223
-468
83
-1270
-3622
-4096
-3456
-3432
-3632
-3842
-3860
-4193
-5354
-6198
-5627
-4343
-3631
-3213
-2557
-1902
-1823
-2249
-2056
-1257
-574
-418
-846
-1136
-822
-551
-1032
-1070
-273
-118
-529
-476
-29
156
377
2187
7360
13292
13152
7816
5089
5713
4715
2430
1295
1350
3180
4812
2005
-2624
-3524
-1913
-893
-27
-372
-1759
-1576
-966
-2813
-4703
-4535
-4180
-3394
-1865
-1904
-3231
-3383
-3881
-4853
-3957
-2396
-2090
-1215
-229
-1157
-1900
-1582
-1805
-1387
-53
-235
-961
-545
-488
-866
-254
-93
-493
-398
-364
-559
178
662
268
3087
10305
15826
13359
7481
5261
5826
4847
2841
1727
2192
4518
5491
1700
-2490
-2586
-545
1025
1749
507
-1093
-615
-813
-3406
-4977
-4825
-4689
-3652
-2377
-3145
-4093
-3961
-5222
-6498
-5212
-3877
-3723
-2961
-2813
-3831
-3719
-3233
-3530
-2511
-925
-1022
-1361
-933
-998
-1148
-835
-1078
-1330
-964
-787
-581
288
747
946
4854
12506
16977
13030
6970
5321
5569
4327
2902
2147
2541
4803
5257
1375
-1897
-1116
1148
2856
3175
1451
58
589
-193
-2976
-4571
-4554
-4177
-3065
-1478
-1036
-1610
-3031
-4878
-5428
-4448
-4068
-4381
-3959
-3536
-4066
-4714
-4713
-4106
-2747
-1260
-898
-1060
-636
-447
-1266
-2096
-2123
-2124
-2236
-1974
-1248
-401
-18
516
4632
12835
16967
11894
5694
4500
4480
3139
2383
1854
2307
4714
4952
1181
-1460
-591
1344
2773
2664
940
-41
377
-826
-3490
-4921
-4784
-4119
-2484
-667
-688
-2049
-3204
-4239
-4854
-4102
-3685
-3952
-3465
-3045
-3903
-4424
-4001
-3540
-2266
-684
-482
-877
-637
-683
-1463
-2221
-2547
-2600
-2466
-2169
-1495
-663
-468
191
5512
14903
18747
12460
5692
4309
4017
2681
2055
1183
1656
4740
5285
1510
-979
6
2144
3971
3865
1864
994
1119
-731
-3446
-4469
-4026
-2996
-1698
-824
-308
-41
-1080
-3445
-4926
-4898
-4764
-4748
-4215
-3636
-3604
-3936
-4080
-3671
-2448
-1158
-752
-1189
-1295
-1365
-2364
-3601
-3790
-3370
-3176
-2499
-1185
-32
197
893
6221
15190
18442
12146
5389
3213
2331
1702
1749
842
812
3434
4318
1612
-533
-202
1209
2646
2810
1493
391
-97
-1907
-4401
-5285
-4431
-3220
-1964
-1045
-800
296
1110
-1001
-4311
-5368
-4995
-4677
-4079
-3890
-4336
-4005
-3471
-3450
-2374
-307
533
121
-131
-709
-2025
-3558
-4215
-3979
-3607
-3047
-1930
-242
633
1578
6807
16050
20076
14146
6472
2879
1502
1029
1273
174
-215
2614
4551
2611
21
-367
761
2366
3114
2062
251
-1276
-3236
-5422
-6275
-5505
-4237
-2685
-1320
-843
-294
624
-222
-3325
-5720
-6107
-5259
-4071
-3715
-4124
-3620
-2066
-1073
-207
1105
1928
1818
1376
475
-1361
-3040
-3471
-3161
-2979
-2151
-702
702
1458
2718
7789
16791
21544
16026
7317
2526
979
660
1161
334
-268
2114
4619
3436
534
-768
-126
1826
3226
2308
-401
-2762
-4676
-6673
-7689
-7035
-5703
-4220
-2624
-1161
-238
-569
-2303
-4032
-5068
-5981
-6518
-6367
-6171
-5839
-4896
-3168
-1501
-36
1164
1885
1601
980
234
-1663
-3625
-3631
-2701
-2867
-2875
-1649
163
1436
2071
6048
15486
22366
18202
8501
1866
-643
-583
885
547
-738
1146
4662
4877
1929
-466
-575
1482
3930
3971
1049
-2033
-3761
-4964
-5559
-5244
-4511
-3386
-1426
806
1658
422
-1811
-3034
-3698
-4629
-5594
-6028
-6136
-5705
-4555
-2927
-1444
-283
795
1638
1218
174
-504
-2086
-4074
-4016
-2944
-3283
-3683
-2232
-24
1443
1899
4955
13429
21993
20683
10728
1511
-2261
-2157
-224
475
-774
-117
3522
5620
3690
575
-488
1215
4023
4783
1824
-2459
-5188
-6234
-6396
-5949
-5352
-4116
-1472
1291
1761
651
-24
-719
-2701
-5105
-6681
-7241
-6756
-6154
-5446
-3613
-1260
333
1370
1960
1402
552
-15
-1424
-3319
-3911
-3593
-3844
-3873
-2548
-585
799
1336
4326
13135
22795
22533
12313
1766
-3032
-3005
-608
340
-1153
-756
3613
6938
5187
972
-1157
464
4081
5552
2465
-2538
-5673
-6452
-5944
-5308
-5285
-4422
-1215
2444
3636
1686
-1641
-3479
-3570
-4346
-6258
-7794
-8282
-7464
-5795
-3968
-2184
-362
1076
1868
1450
75
-1069
-2328
-4143
-4632
-3777
-3743
-3951
-2576
-371
1469
1982
3133
10147
21108
24705
16326
4354
-2878
-4182
-1668
595
-312
-1146
2372
7124
7314
3305
-45
388
3774
6154
4219
-1016
-5220
-6370
-5489
-4617
-4590
-3986
-968
2780
4021
2832
443
-2084
-3643
-4576
-6409
-8006
-8432
-8002
-6703
-4297
-1947
-231
982
1666
1287
25
-1378
-2866
-4747
-5828
-5305
-4942
-5068
-4189
-2324
-272
737
1874
8348
19818
24757
16855
4220
-3936
-5746
-2795
262
-593
-1921
1516
7270
8390
3840
-607
-241
3632
6426
4253
-1713
-6236
-6741
-5259
-4363
-4390
-3604
-313
3617
4966
3894
1672
-877
-2466
-3310
-5235
-7386
-8321
-7936
-6167
-3057
-23
2067
3303
3621
2977
1589
21
-1745
-3922
-5428
-5046
-4260
-3997
-3137
-1563
673
2239
2898
7747
18610
25848
20081
6303
-4548
-7758
-5043
-1277
-1304
-2939
-73
6367
8740
4658
-428
-1370
1497
4365
3414
-1965
-7399
-9021
-7499
-5774
-5196
-4417
-1619
2450
4658
3769
1230
-1388
-3093
-4128
-6146
-8549
-9439
-8879
-7408
-4401
-760
2061
3523
3532
2747
1360
-495
-2466
-4638
-6327
-6064
-4923
-4748
-4197
-2111
631
2419
2626
5860
15672
25062
22785
10009
-2476
-7848
-6084
-1481
76
-1534
-203
6081
10451
8125
2672
-375
835
4204
5112
576
-5863
-8752
-7421
-4997
-4028
-3887
-1847
2333
5505
5271
2445
-860
-3365
-4964
-6467
-8199
-9066
-8338
-6632
-3546
309
3337
4765
4871
4166
2653
732
-1249
-3549
-5701
-5865
-4574
-3675
-2925
-1589
397
2294
2465
4145
12390
22792
23377
11825
-2145
-9740
-9478
-4834
-1851
-2640
-2203
3452
9084
8407
3111
-999
-910
2340
4409
1215
-5477
-9665
-8596
-5205
-3357
-3315
-2155
1591
5295
5483
2276
-695
-1617
-2534
-5627
-9769
-11556
-9731
-6383
-3470
-546
2701
5016
5396
4126
1917
-86
-1352
-2951
-5174
-6147
-5303
-4278
-3179
-1488
591
2478
2751
3947
11716
23212
25928
15169
151
-8872
-9331
-4464
-681
-1183
-1586
3116
9519
10476
5213
-677
-2323
804
3992
1476
-5825
-11035
-10171
-6293
-3922
-3697
-2787
606
4517
5677
2908
-1060
-3109
-3770
-5753
-9453
-11543
-9995
-6452
-3175
41
3537
5976
6388
5094
2698
220
-1371
-3087
-5716
-7307
-6513
-4524
-2664
-942
1057
3070
3517
3585
9037
20048
25674
18099
3439
-7655
-10526
-6734
-1848
-790
-1324
2204
8792
11450
7304
669
-2768
-764
3222
2822
-3275
-9080
-9608
-6332
-3514
-2773
-2133
283
4095
6607
5321
818
-3915
-6633
-7650
-8335
-8954
-8456
-6952
-4515
-676
3241
4629
4053
3337
2514
844
-1361
-3753
-6165
-7346
-6103
-3645
-2091
-994
697
2805
3791
2592
4102
13253
23825
22886
9627
-4940
-11705
-9629
-3409
117
-389
385
5570
10187
8711
2012
-3813
-3629
1340
4176
104
-6677
-9572
-7462
-4236
-2401
-1725
-461
2871
6409
6061
2173
-1097
-3345
-6225
-8799
-9489
-8089
-5821
-3910
-1382
2516
5140
4963
3436
1644
-292
-1652
-2976
-5335
-7513
-7105
-4339
-1826
-689
219
1564
2914
2827
3706
10703
21598
24910
15058
-185
-9946
-10492
-4814
88
678
501
4357
9884
10548
4631
-2488
-4275
-69
3944
1739
-4905
-9229
-8469
-5322
-2981
-2567
-2568
-209
4184
5286
1657
-2451
-4102
-4853
-6635
-8799
-9721
-8508
-6018
-2656
831
3059
3933
3872
2306
-228
-2318
-3537
-4702
-6048
-6425
-4839
-2682
-1320
-149
1042
2125
1891
2382
8795
20238
25921
18166
3255
-8012
-10399
-5838
-749
312
-504
2303
8168
10673
6276
-851
-3548
-144
4375
3699
-2180
-7273
-7814
-4951
-2168
-1371
-1532
397
4770
7579
5184
-346
-3973
-4399
-4453
-5850
-7846
-8535
-6649
-2657
1113
2922
3323
3356
2923
1418
-870
-2954
-4408
-5502
-6013
-5394
-4070
-2738
-1251
-29
755
605
-339
3231
14033
24157
21730
7834
-6265
-11969
-9170
-3307
-597
-1338
-634
4491
9255
7355
86
-4653
-2465
2984
4928
500
-5649
-7991
-5962
-3025
-1806
-2322
-1387
3074
7205
6076
519
-3401
-3294
-2456
-3442
-5663
-7177
-6159
-2906
148
1735
2684
3484
3624
2538
342
-1675
-2789
-3550
-4553
-5068
-4272
-2664
-1318
-719
-559
-448
-1120
25
8061
20178
24589
15466
659
-9183
-10442
-5773
-1214
-790
-1824
1213
7210
8958
3754
-2587
-3562
846
4893
3223
-3051
-7977
-8125
-5339
-3072
-3020
-3096
-161
4533
5912
2417
-877
-1378
-1806
-3966
-6772
-8580
-8058
-5467
-2634
-477
1940
3933
4510
3407
1466
57
-506
-1330
-3113
-4660
-4313
-2356
-577
27
117
706
1283
1415
6066
17067
25858
22115
8664
-4411
-10232
-8403
-3240
-1012
-1970
-889
4452
8396
5978
-425
-4012
-1479
3420
4270
-866
-7276
-10100
-8807
-5867
-4316
-4309
-2496
2111
5326
4657
1949
-1138
-4077
-5893
-6445
-6676
-7061
-6789
-5057
-1743
1651
3721
4085
3453
2854
2481
1331
-1023
-3652
-5337
-4926
-3107
-1882
-1348
-795
44
956
466
1850
10537
22556
25341
15152
715
-8695
-9917
-5461
-1928
-1957
-1790
2876
8548
8786
3014
-2560
-2285
2378
5220
2190
-4208
-8706
-9000
-6592
-4528
-4236
-3415
405
4750
5172
1773
-1888
-2691
-1559
-1981
-5715
-9823
-10527
-7275
-3052
-189
1513
3249
4676
4808
2999
161
-1870
-2527
-3097
-4226
-4830
-4097
-2439
-1066
-233
590
975
1004
5893
16851
25011
21260
9003
-3059
-8984
-8050
-3823
-1855
-2153
-157
5477
9311
6955
883
-2427
-239
3687
3862
-1032
-6914
-9687
-8371
-5393
-3999
-3778
-1594
2752
5466
4093
590
-1343
-1466
-2236
-5174
-8882
-10260
-8169
-4731
-1748
894
3271
5035
5686
4560
2228
410
-616
-2007
-4202
-5604
-4961
-3131
-1656
-900
-416
654
1194
1936
8345
19575
25063
18133
4646
-6520
-10637
-7844
-3585
-2624
-2909
701
6912
8954
4802
-762
-2084
1474
5038
3451
-2833
-8246
-9501
-7355
-4938
-4277
-3644
-313
4317
6003
3425
-1008
-2886
-1627
-1465
-4900
-8919
-9928
-7505
-3782
-737
929
2496
4383
5799
4855
1936
-505
-1820
-3200
-4773
-5556
-5343
-4173
-2524
-1267
-425
824
1099
2892
11261
22327
24296
13992
252
-8985
-10982
-7054
-3320
-3279
-3261
1268
7206
8083
3417
-1136
-571
3824
6332
3019
-3881
-8548
-8782
-6161
-3845
-3261
-2143
1584
5596
5908
2589
-376
-404
308
-1700
-6400
-9939
-9729
-6608
-3150
-577
1501
3772
5923
6356
3883
883
-630
-1479
-3131
-5202
-5981
-5073
-3452
-2234
-1442
-209
867
1428
6784
17791
24815
19421
6998
-3962
-9375
-8245
-4376
-3533
-4532
-1978
4225
7620
4846
-266
-1697
1955
5970
4958
-1360
-7626
-9981
-8418
-5793
-4864
-4665
-1808
3232
5900
4363
552
-1684
-885
58
-2492
-7473
-10106
-8363
-4360
-808
1471
3298
5271
6980
6522
3450
293
-1541
-2612
-4091
-5388
-5682
-4657
-3072
-1563
-72
1589
1786
1476
7132
18086
23627
17162
4859
-5927
-10622
-8168
-4005
-3624
-4340
-808
5328
7826
4769
207
-728
2872
6385
4469
-2253
-7837
-9401
-7702
-5252
-4160
-3354
-206
3951
5381
3331
62
-678
972
392
-4473
-9841
-11465
-8752
-4654
-1678
120
2346
5302
7154
5798
2137
-289
-1044
-2156
-4453
-6370
-6762
-5566
-3500
-1316
336
1729
1759
2462
9198
19653
23235
15621
3589
-6295
-10085
-7505
-4153
-4285
-4477
-410
5197
6751
3304
-651
-427
3728
6339
3058
-3683
-8333
-8977
-6891
-4480
-3652
-2851
563
4566
5477
3039
142
-748
729
1029
-2638
-7780
-9685
-7094
-2626
781
2455
4041
6306
7608
5885
2225
-449
-1580
-2545
-4048
-5637
-6373
-5246
-2649
-33
1414
2204
1794
1632
7162
17238
21814
15336
3916
-6167
-10721
-8565
-4946
-4654
-4479
-756
4105
5594
3198
-313
-673
2789
5232
2516
-3463
-7814
-8745
-7041
-4659
-3514
-2643
135
3374
4136
2718
533
-621
811
1223
-3093
-8955
-10789
-8017
-3169
552
2145
3470
5774
6986
5288
1640
-812
-1548
-1986
-3572
-6028
-7365
-5775
-2445
-17
1146
2122
2482
2555
7255
16171
20387
14650
4398
-4954
-9594
-7967
-4230
-3704
-3876
-922
3296
4993
3498
784
-12
2460
5000
3228
-2020
-6324
-7647
-6343
-4139
-2909
-2394
-447
2429
3633
3025
1659
266
-553
-1485
-4115
-7113
-8083
-6438
-3320
-94
2303
3953
5259
5654
4397
1985
239
-1117
-2701
-4425
-5701
-5847
-4217
-1719
81
938
1929
2906
2111
3539
11504
19596
17764
7827
-2643
-9012
-8852
-4067
-1766
-2600
-1712
1974
4514
3957
1195
-1152
306
4189
5081
693
-4619
-6999
-6395
-4400
-2897
-3007
-2345
342
2831
2612
583
-721
-561
-422
-2376
-5337
-6725
-5237
-2426
-161
1170
2400
3462
4242
3817
2027
253
-800
-2178
-3993
-5423
-5832
-4603
-2325
-975
-653
33
1400
1486
668
5149
14184
17669
11218
1830
-5820
-8841
-5350
-1202
-2192
-3497
-677
3068
3780
2006
-571
-687
3448
6982
4413
-1514
-4835
-4701
-3165
-1907
-2127
-2819
-1413
1028
1942
1262
-95
-1120
24
1262
-985
-4538
-5512
-3811
-687
1875
2226
1522
2103
2977
2353
358
-1048
-1553
-2025
-2619
-3259
-3700
-3074
-1566
-742
-473
321
1240
632
1927
9001
15850
13630
5277
-2238
-6447
-5935
-1798
-785
-3287
-3174
156
2078
1389
-469
-1275
1591
5924
5959
1020
-3452
-4569
-3517
-2169
-1907
-2706
-2445
-671
411
-42
-508
38
1846
2546
-163
-4193
-5391
-3371
-838
315
264
309
920
1543
1086
-278
-743
237
425
-1017
-2903
-3932
-3733
-2344
-1486
-1270
-428
1222
1694
294
2494
10504
15524
11070
3367
-2427
-5341
-3733
-693
-2362
-5008
-2982
393
800
-247
-1051
-335
3551
6970
4858
-662
-3564
-3310
-2538
-2309
-3045
-3755
-2540
-88
822
506
82
708
3512
4634
592
-4152
-4414
-1971
373
765
-755
-1231
373
1359
626
-568
63
1595
1409
-677
-2941
-3906
-3257
-1697
-1365
-1631
-979
403
441
-115
4114
12228
15014
9391
2443
-2612
-4481
-1667
275
-2801
-4800
-1901
703
480
-73
-334
1042
5184
7522
4210
-858
-2654
-2030
-1629
-2179
-3534
-4039
-2565
-786
-333
-705
-1331
-293
2471
2579
-1440
-4753
-4462
-2132
-514
-1292
-2772
-2700
-1141
-207
-430
-406
1106
1969
566
-1734
-3331
-3805
-2882
-1783
-1957
-2084
-1135
-31
-302
-114
5365
13352
14626
8213
1349
-3220
-3760
-283
699
-2891
-3979
-1319
-3
-503
-802
-614
1640
6176
7477
3382
-924
-1857
-1515
-1412
-1979
-3115
-3098
-1405
0
30
-41
829
2176
3431
3197
545
-2198
-2074
-806
-660
-1230
-2059
-2353
-1126
9
104
594
1200
621
-1035
-2714
-3789
-3718
-3004
-3014
-3549
-3449
-2515
-1615
-1909
-947
5557
13621
13764
6664
504
-2137
-1191
2119
1795
-2574
-3280
-275
460
-591
-803
-389
2383
7010
7182
2283
-1107
-1296
-1092
-1011
-1580
-3320
-3787
-2078
-922
-1046
-994
408
2887
4340
2423
-1259
-3230
-2226
-604
-535
-2108
-3257
-2877
-1281
-302
-510
-86
1430
2249
1279
-630
-2526
-3420
-3098
-3017
-3683
-3782
-2913
-1759
-1292
-176
5206
12167
12334
5905
555
-1667
-1128
1849
1940
-2096
-3283
-992
-444
-1097
-659
363
2952
6390
5690
895
-2138
-1987
-1393
-1158
-1614
-2968
-3247
-1965
-1180
-1403
-1196
-320
1313
3235
2871
-377
-3208
-3342
-2014
-1090
-1718
-3112
-2962
-900
602
790
720
1419
2142
1813
225
-2277
-3923
-3460
-2849
-3660
-3908
-2737
-1078
-228
668
5220
11746
12222
6095
1019
-1076
-643
2108
2094
-2530
-4517
-2365
-1181
-875
-4
909
2837
5544
4705
723
-1392
-762
83
419
-153
-1834
-2202
-990
-233
-27
870
2163
3084
3173
1370
-1425
-2614
-1452
-659
-1335
-2411
-2952
-2404
-1193
-698
-526
378
1485
1433
25
-1573
-3037
-3708
-3556
-3423
-4288
-4632
-3466
-2178
-1585
-1056
3031
10159
12724
7370
2306
581
586
2832
3606
-1199
-4500
-1959
319
460
809
866
1498
4246
4567
997
-1453
-938
-168
384
110
-1711
-2711
-1554
-514
-318
341
324
224
1604
1678
-1147
-3359
-3292
-2567
-1493
-1560
-2755
-2851
-1489
-33
785
776
561
500
-107
-1218
-2827
-4156
-4260
-3858
-4319
-4402
-3541
-2674
-1273
-409
740
5985
11322
8862
3060
1084
510
734
2604
816
-3505
-2508
997
1045
510
1014
989
2697
4874
3222
447
576
1525
1799
2176
939
-1066
-674
1070
1363
801
514
389
455
198
-721
-2088
-2665
-1961
-1159
-1376
-1849
-1955
-1453
-416
-114
-640
-873
-820
-1138
-1898
-3009
-3985
-3850
-3267
-3522
-4084
-3878
-3130
-1937
-899
-1083
1272
8105
11479
6660
1987
803
258
2064
3962
380
-2894
-889
666
60
430
256
260
3149
4728
2661
1123
1190
1293
2068
2455
716
-664
-178
119
-387
-699
-732
-168
665
471
-792
-2061
-2380
-1319
-284
-360
-694
-920
-1160
-1033
-985
-1116
-751
-662
-1389
-2248
-2993
-3337
-3008
-2936
-3261
-3355
-3251
-3001
-2099
-1654
-1884
1872
9138
10233
4011
548
820
1546
4442
5180
-500
-3559
-700
138
-839
-184
-475
68
3693
4341
1067
-283
584
1321
2861
3040
360
-1615
-1343
-941
-941
-812
-1167
-836
484
252
-2144
-3953
-3506
-1388
661
360
-1473
-2244
-1733
-1006
-662
-859
-845
-669
-1194
-1777
-2127
-2534
-2461
-1882
-1915
-2605
-2919
-2455
-1277
-643
-187
3943
9680
8974
3452
1597
2291
2753
4654
3664
-1661
-2880
-155
-313
-807
522
378
1132
3890
3114
194
451
1895
2341
2906
1989
-744
-1827
-1227
-1090
-1070
-851
-733
-270
-88
-985
-2074
-2065
-895
533
574
-775
-1847
-2036
-1901
-1770
-1549
-1078
-797
-1421
-2111
-2189
-1962
-1932
-2074
-2636
-3188
-3098
-2446
-2076
-1801
-1278
-416
3376
9297
9702
4069
1830
3291
3644
4423
3735
-1167
-2923
400
1014
-52
845
855
918
2960
2431
-73
678
2638
2789
2779
1579
-1471
-2483
-1145
-684
-674
-355
-1151
-1892
-1468
-1695
-3018
-3102
-1593
-304
-293
-1575
-2799
-2678
-1849
-1270
-760
-707
-1170
-1755
-2367
-2511
-2048
-2093
-2668
-2968
-3335
-3758
-3775
-3152
-1590
1
371
2832
8112
9037
3870
1540
2958
3357
4482
4824
92
-2593
489
1707
672
1418
1095
641
2935
3337
1357
2191
3805
3277
2632
1489
-805
-1075
245
154
-640
-1163
-1785
-2145
-2429
-3103
-2843
-1369
-184
-401
-2039
-3483
-3152
-2087
-1710
-1530
-1295
-1463
-1840
-2234
-2563
-2346
-1719
-1577
-2187
-2929
-3256
-3487
-3179
-2042
-561
145
-463
620
5794
9489
6135
2315
3256
4585
5202
5400
1389
-2277
322
2759
1143
516
564
288
2500
3839
1933
1938
3682
3151
2025
1501
77
-304
563
-87
-1845
-2484
-2143
-1881
-1857
-1819
-1421
-1053
-738
-738
-1724
-2469
-1939
-1586
-1870
-2038
-2687
-3205
-2529
-1901
-1929
-1798
-1811
-2276
-2753
-3055
-2914
-2679
-2972
-2651
-1866
-1532
-1683
-792
3642
9067
8463
3456
2252
3524
3862
4809
3466
-1116
-1342
1857
1400
52
889
959
1732
3858
2962
978
1872
2731
2025
1646
425
-1087
-832
-512
-1438
-1762
-1127
-780
-982
-1848
-2696
-2742
-2106
-1460
-1782
-2834
-3092
-2228
-1686
-1741
-2007
-2194
-1881
-1261
-1364
-2113
-2610
-2668
-2609
-2363
-1796
-1551
-2093
-2024
-963
32
487
641
3064
8144
9740
4833
1815
3376
4478
5363
5519
970
-1927
1282
2788
861
943
1288
1005
2611
2485
-239
-62
2079
2185
1351
41
-1678
-1268
298
102
-870
-1348
-1667
-1726
-2227
-3293
-3217
-2225
-1593
-1576
-2769
-3601
-2251
-888
-1048
-1382
-2008
-2885
-2511
-1880
-2270
-2541
-2432
-2711
-2860
-2431
-2305
-2384
-1738
-707
-185
526
951
1228
4719
9207
7275
2221
2675
5116
5490
6116
4127
-624
208
4233
3376
1313
1557
1083
1441
2700
880
-758
1084
2208
1387
821
-375
-1002
391
574
-1198
-1920
-2026
-2637
-2907
-3513
-4283
-3578
-2553
-2435
-2667
-2902
-2566
-1272
-929
-1815
-2314
-2556
-2828
-2414
-2400
-3210
-3717
-3558
-3346
-2956
-2340
-1600
-1106
-1022
-835
-436
-124
-306
1196
5614
7947
4246
1384
3357
5411
6504
7067
3504
397
3338
5288
2937
2380
2687
1773
2857
3182
317
292
3194
3351
1822
752
-764
-790
555
34
-1803
-2367
-2289
-2622
-3415
-4100
-3691
-2667
-1811
-1924
-3019
-3397
-1921
-869
-1169
-1403
-1939
-2881
-2935
-2563
-3101
-3134
-2396
-1969
-1945
-1428
-824
-952
-1333
-1327
-1268
-1131
-621
-895
735
5676
7014
2474
1124
4078
5310
6398
6212
1248
-442
4183
4904
1673
1350
1081
505
2607
2412
-372
942
3526
2367
432
-574
-1372
-333
773
-1035
-3262
-3581
-2984
-2338
-2620
-3592
-3240
-2030
-1621
-1993
-2494
-2122
-801
-825
-2096
-2600
-2989
-3097
-1896
-1431
-2247
-1934
-955
-920
-891
-381
-465
-731
-922
-1230
-1565
-1152
-420
-92
2350
6862
7140
2687
1713
4532
6008
6891
5618
734
-307
3541
3705
1291
1562
1899
2035
3266
1950
-433
1143
3354
2307
437
-1007
-1898
-1173
-731
-2138
-3243
-2771
-1928
-1637
-2444
-3352
-2864
-1872
-1745
-2346
-3150
-3413
-2795
-2660
-3208
-3200
-2832
-2356
-1702
-1960
-2694
-1903
-657
-710
-1271
-1289
-1092
-1018
-1357
-1833
-1632
-380
907
750
1574
5580
7687
4430
2699
5067
6457
6722
6000
1661
-551
3645
5973
3402
2236
2361
2011
2945
2609
171
475
2361
944
-1765
-2840
-3078
-1856
-251
-1511
-3963
-3982
-3008
-3008
-3165
-3345
-3445
-2914
-2653
-3554
-4386
-3868
-2703
-2168
-2371
-2373
-2259
-2033
-1435
-1296
-1591
-976
-48
-244
-971
-1320
-1067
-318
-85
-544
-688
-128
842
1146
1433
4581
8152
6265
2667
3331
5127
6199
7082
4227
461
2878
6259
4288
2315
2296
1574
2170
3013
584
-914
798
727
-1220
-1917
-2219
-2180
-985
-996
-2642
-3265
-2744
-2277
-2105
-2589
-3479
-4015
-3943
-3530
-3295
-3315
-2861
-2405
-2816
-2939
-2615
-2456
-1796
-902
-1137
-1493
-913
-641
-704
-372
92
303
161
-389
-817
-436
845
1487
1055
2932
6832
6604
2713
2267
4514
5822
6879
5323
862
933
4985
4835
2230
1738
1259
1022
1907
406
-1889
-823
340
-1140
-2345
-2692
-3017
-1996
-1056
-2291
-3374
-2933
-2698
-2664
-2377
-2873
-3549
-2897
-2083
-2183
-2374
-2580
-3083
-3091
-2526
-2376
-2483
-2002
-1249
-956
-851
-366
205
663
870
533
84
-19
-55
-209
-67
538
1255
912
747
3856
7300
5630
2436
3348
5395
6319
6609
3586
-4
2341
5990
4378
1651
1035
686
1486
2271
138
-1450
2
329
-1564
-2862
-3262
-2625
-953
-741
-1939
-2259
-2211
-2347
-1372
-681
-1583
-2223
-2241
-2981
-3371
-2942
-3232
-3645
-2868
-2220
-2689
-2826
-2050
-1358
-1241
-1228
-903
-402
-262
-831
-1469
-1232
-587
-588
-925
-902
-552
202
417
878
4127
7107
4888
1868
3105
4997
6134
6985
4070
624
3331
6607
4232
1617
1492
1250
1984
2584
57
-1775
-434
-132
-1641
-2270
-2294
-1824
-700
-999
-2387
-2351
-1458
-1390
-1740
-2152
-3050
-3677
-3497
-3179
-2877
-2500
-2530
-2933
-2744
-2078
-1715
-1378
-658
-197
-231
-366
-457
-519
-336
-79
-94
-31
130
-179
-625
-534
-121
346
108
69
2711
5619
4057
1197
2425
5151
6741
7112
4174
740
2868
6554
5073
2001
1194
835
986
1142
-903
-2383
-749
342
-1120
-2519
-2789
-2140
-822
-823
-2349
-3069
-2584
-2334
-2471
-3019
-3853
-4042
-3397
-2772
-2658
-2727
-2932
-3038
-2665
-1877
-1547
-1700
-1321
-570
-282
-37
499
853
1171
1563
1288
602
227
-69
-136
312
613
662
544
396
2396
5787
5223
1849
2212
4834
5803
6186
4409
404
1099
5369
4710
1073
141
-22
53
1371
556
-1783
-1338
-157
-1283
-2662
-3009
-2705
-1585
-1100
-2287
-3238
-2816
-2303
-2086
-1928
-2217
-2794
-2864
-2491
-2211
-1958
-1805
-2150
-2256
-1451
-1105
-1338
-779
194
511
835
1320
1093
818
910
549
-59
116
592
455
86
-218
-297
132
446
1194
3878
5748
3489
1187
2299
3763
4605
5062
2434
-99
2507
4884
2460
295
299
207
1103
1467
-1233
-2988
-1383
-628
-1925
-2702
-2618
-1747
-446
-752
-2408
-2801
-1868
-1203
-1338
-2220
-3127
-3171
-2612
-2167
-2114
-1998
-1544
-1358
-1435
-1016
-624
-556
-180
-48
-690
-709
-101
127
263
408
42
-238
-76
-127
-374
-623
-570
-62
93
-648
-54
2948
4397
2088
664
2568
4927
6345
5835
2126
356
3748
5733
3278
1247
718
637
1933
1726
-1294
-2244
-300
-6
-1327
-1985
-2210
-1755
-866
-1601
-3338
-3315
-2082
-1773
-2098
-2322
-2456
-2042
-1207
-1058
-1202
-704
-334
-756
-1003
-729
-492
-100
244
-11
-103
623
1149
1130
976
502
-309
-642
-642
-931
-1422
-1667
-1720
-1581
-1187
-988
59
2907
4293
1861
138
1871
3883
4848
4346
1008
-811
2392
4723
2804
1170
890
759
1857
2301
270
-871
148
139
-1059
-1734
-1912
-1610
-835
-965
-1988
-2212
-1532
-1124
-1069
-1188
-1765
-2084
-1640
-1554
-1981
-1735
-1371
-1550
-1240
-588
-729
-711
-108
9
-110
247
444
418
425
-227
-1048
-1038
-845
-889
-892
-1007
-1176
-813
-173
-463
-495
1796
3837
2125
100
1492
3576
4680
4804
2114
-321
2166
5110
3854
1881
960
307
1278
2194
77
-1793
-842
-277
-1125
-1769
-2383
-2642
-1687
-1178
-2129
-2913
-2722
-1984
-1381
-1744
-2337
-2019
-1363
-1012
-778
-951
-1053
-398
183
34
156
830
1137
885
462
311
548
916
1038
504
-243
-349
102
227
-100
-568
-1014
-1119
-818
-978
-1292
448
2800
2235
141
499
2199
3413
4233
2677
-159
724
3709
3541
1871
1172
427
845
2272
1308
-614
-191
498
-466
-1242
-1481
-1857
-1498
-955
-1674
-2519
-1995
-764
-249
-775
-1558
-1721
-1192
-791
-1084
-1533
-1298
-743
-697
-892
-727
-349
182
470
39
-409
-164
149
76
-303
-996
-1493
-1248
-725
-571
-1040
-1452
-1183
-610
-470
-850
-415
1483
2440
750
-479
686
2450
3879
3933
1269
-166
2621
5030
4055
2474
1452
1034
1954
2106
149
-1267
-760
-472
-1151
-1800
-1979
-1557
-610
-298
-1184
-2077
-1475
-416
-670
-1477
-1699
-1689
-1413
-851
-898
-1109
-600
-233
-302
-106
173
462
744
405
-58
117
372
306
203
-173
-669
-771
-639
-498
-535
-817
-1055
-921
-716
-1017
-1264
-52
1505
837
-862
-364
1338
2714
3780
2698
288
1196
4405
4632
2735
1603
768
783
1677
768
-1264
-1157
-161
-542
-1155
-1253
-1364
-993
-164
-419
-1375
-1258
-518
-753
-1443
-1447
-1146
-793
-654
-1078
-1295
-687
-345
-329
-175
-449
-681
-213
87
-255
-375
-97
230
334
-49
-603
-850
-624
-364
-563
-1054
-1233
-1173
-916
-824
-1220
-376
1941
2441
278
-316
1387
3172
4225
3459
936
641
3244
4173
2821
1659
779
687
1944
1644
-510
-979
46
-58
-701
-922
-1312
-1301
-540
-622
-1497
-1705
-1216
-1053
-1095
-1384
-1719
-1558
-1233
-1378
-1224
-789
-1010
-1173
-658
-427
-630
-196
323
323
239
304
430
659
599
-33
-665
-849
-845
-900
-1073
-1405
-1762
-1690
-1369
-1590
-1062
1054
2030
286
-462
1140
2795
3855
3943
1961
849
2714
4153
3381
2387
1452
847
1689
1943
252
-843
-268
-193
-858
-1403
-1776
-1637
-927
-726
-1301
-1866
-1845
-1208
-860
-1415
-1899
-1734
-1613
-1681
-1321
-1036
-1197
-1106
-731
-634
-499
-139
-29
-66
150
265
253
484
662
249
-242
-156
58
-34
-272
-523
-784
-854
-612
-736
-815
624
2405
1716
121
712
2488
3799
4333
2903
969
1945
4009
3811
2688
1833
772
982
1962
991
-560
-239
330
-288
-900
-1218
-1558
-1244
-631
-873
-1723
-2012
-1564
-1046
-1188
-1814
-2106
-1759
-1226
-1009
-1040
-1092
-1004
-768
-631
-466
-172
44
-27
-108
-156
-246
-29
300
82
-475
-773
-866
-1065
-1195
-1216
-1551
-1921
-1729
-1611
-2072
-1404
738
1539
147
-367
889
2425
3819
3891
1674
610
2562
3996
3242
2226
1205
576
1408
1818
557
-184
291
188
-352
-619
-1016
-1146
-596
-483
-1136
-1619
-1569
-1302
-966
-822
-995
-1379
-1509
-1232
-929
-866
-921
-983
-941
-612
-98
110
-73
-91
194
306
246
300
163
-212
-459
-529
-651
-714
-678
-815
-936
-771
-598
-820
-968
108
1698
1766
607
504
1675
3162
4294
3673
1741
1731
3488
3855
2984
2267
1358
1017
1714
1551
375
121
503
122
-523
-937
-1013
-592
-152
-507
-1384
-1924
-1898
-1512
-1410
-1670
-2040
-2291
-2249
-1913
-1694
-1664
-1569
-1655
-1704
-1335
-793
-647
-722
-678
-630
-791
-831
-596
-599
-867
-1000
-1047
-1228
-1325
-1239
-1216
-1231
-1138
-1017
-1148
-872
738
2413
2022
821
1376
3048
4412
5061
4087
2433
2869
4592
4752
3756
2967
2122
1872
2352
1888
749
602
920
475
-204
-707
-1062
-999
-723
-1045
-2073
-2743
-2578
-2275
-2417
-2747
-3181
-3522
-3167
-2427
-2138
-2156
-1937
-1771
-1541
-913
-556
-789
-693
-269
-353
-412
3
129
-148
-257
-491
-897
-749
-504
-767
-1037
-1049
-1105
-1061
-1035
-680
955
2359
1585
486
1127
2477
3759
4539
3478
1950
2482
3742
3750
3362
2894
2226
2289
2627
1964
1211
1321
1199
649
214
-288
-817
-792
-686
-1201
-1948
-2320
-2416
-2441
-2224
-2171
-2475
-2768
-2611
-2254
-1800
-1410
-1358
-1568
-1550
-1075
-343
84
-52
-107
244
340
189
363
457
-92
-600
-624
-756
-1044
-996
-790
-937
-1048
-826
-759
-514
895
2278
1687
571
921
2177
3427
4051
3023
1540
1998
3293
3473
3109
2435
1399
1372
1994
1445
449
478
510
-264
-901
-1229
-1600
-1604
-1201
-1406
-2287
-2790
-2619
-2406
-2363
-2382
-2644
-3013
-2965
-2545
-2141
-1902
-1795
-1762
-1645
-1465
-987
-339
-168
-297
-49
272
267
520
775
317
-144
175
542
285
-147
-221
-123
44
227
83
36
1139
2648
2628
1463
1241
2291
3756
4741
3942
2283
2280
3586
4058
3848
3280
2097
1698
2269
1795
557
474
820
186
-695
-1242
-1820
-2034
-1702
-1714
-2415
-3158
-3320
-3027
-2930
-3096
-3018
-3010
-3323
-3245
-2735
-2504
-2383
-2060
-1831
-1660
-1314
-966
-795
-641
-473
-370
-220
-127
-91
-29
-76
-401
-492
-371
-375
-265
54
-6
-318
-152
238
1063
2500
3247
2349
1609
2193
3388
4633
4926
3557
2638
3346
3928
3843
3687
2877
1988
2342
2411
1217
646
949
650
-61
-619
-1332
-1782
-1673
-1613
-1988
-2582
-3031
-3047
-2858
-2928
-3029
-2913
-2864
-3027
-2869
-2330
-2027
-2075
-1798
-1324
-1198
-1027
-361
71
2
-23
78
75
69
288
306
-107
-419
-396
-373
-457
-433
-317
-225
-299
-572
-102
1408
2227
1525
1023
1379
2133
3336
4040
2846
1778
2777
3679
3201
2804
2430
1748
1861
2058
1081
254
502
404
-466
-1158
-1534
-1716
-1555
-1427
-1756
-2260
-2575
-2608
-2431
-2254
-2116
-2060
-2250
-2562
-2393
-1769
-1434
-1546
-1386
-949
-807
-687
-296
-26
-35
46
200
99
-66
-30
14
-258
-524
-455
-343
-526
-637
-303
-11
-221
-530
-159
1038
2183
2134
1515
1574
2237
3247
4410
4273
3025
3055
4093
4085
3576
3394
2701
2034
2088
1607
379
-149
-166
-533
-1084
-1749
-2487
-2794
-2607
-2504
-2755
-3294
-3668
-3515
-3215
-3143
-3071
-2985
-2956
-2643
-2176
-1854
-1571
-1046
-467
-191
-174
138
660
828
818
915
938
853
966
957
655
473
546
437
163
65
167
294
294
56
-124
448
1496
1807
1323
1302
1605
2010
2915
3315
2305
1814
2590
2863
2589
2545
2038
1349
1519
1512
661
27
-97
-274
-477
-787
-1613
-2130
-1904
-1635
-1899
-2401
-2760
-2848
-2695
-2613
-2639
-2656
-2446
-2214
-2112
-2096
-1881
-1340
-850
-834
-1082
-835
-222
-91
-232
-182
-144
-150
-11
-1
-382
-499
-225
-231
-616
-875
-746
-485
-296
-155
-212
-149
719
1854
2017
1538
1612
2044
2773
3766
3764
2794
2826
3686
3779
3451
3217
2639
2408
2837
2466
1201
618
694
568
115
-696
-1488
-1630
-1425
-1627
-2023
-2398
-2707
-2685
-2465
-2696
-2979
-2691
-2341
-2392
-2405
-2145
-1808
-1455
-1237
-1208
-1063
-800
-666
-524
-283
-271
-353
-189
-5
-148
-181
55
-25
-302
-253
-121
-149
-23
173
202
99
174
964
1951
1954
1429
1485
1811
2242
3098
3284
2428
2253
2927
3030
2743
2521
2122
1987
2145
1637
834
478
363
231
11
-614
-1258
-1206
-1061
-1442
-1927
-2107
-2265
-2401
-2381
-2510
-2672
-2416
-1950
-1885
-2063
-1935
-1568
-1251
-1060
-1004
-932
-649
-371
-330
-304
-362
-383
-140
18
-260
-529
-463
-311
-238
-330
-459
-444
-265
-145
-48
-58
-195
277
1275
1511
1057
1085
1445
1779
2494
2918
2286
1918
2492
2839
2612
2313
1860
1558
1695
1668
1017
404
215
116
-41
-451
-1078
-1440
-1376
-1450
-1799
-2068
-2148
-2121
-1973
-1963
-2195
-2091
-1530
-1315
-1420
-1122
-810
-870
-666
-218
-263
-297
201
449
131
-24
247
332
124
18
49
-58
-190
-119
-133
-438
-578
-230
-79
-383
-523
-281
111
616
1126
1117
912
982
1531
2310
2449
1888
1833
2496
2729
2568
2498
2028
1542
1926
2290
1575
755
629
637
357
-147
-610
-890
-988
-1054
-1299
-1741
-2106
-2029
-1801
-1941
-2235
-2306
-2052
-1914
-1923
-1825
-1593
-1436
-1234
-1016
-1048
-1054
-802
-659
-742
-715
-573
-473
-356
-369
-497
-420
-383
-461
-488
-531
-712
-683
-314
-109
-233
-306
13
674
1292
1563
1542
1390
1544
2376
3019
2607
2196
2652
3069
3076
3171
2786
2031
2147
2709
2289
1361
967
944
717
311
-132
-730
-1137
-1050
-969
-1639
-2328
-2199
-1994
-2309
-2393
-2213
-2453
-2571
-2101
-1841
-2163
-2132
-1491
-1215
-1457
-1287
-830
-853
-1004
-615
-389
-774
-729
-149
-59
-582
-701
-436
-411
-587
-548
-479
-643
-515
-57
33
-337
65
1108
1442
1263
1443
1587
1777
2672
3239
2559
2137
2972
3599
3420
3251
3039
2686
2869
3245
2701
1606
1120
1268
1214
577
-228
-722
-957
-1080
-1251
-1813
-2498
-2577
-2232
-2321
-2706
-2831
-2773
-2631
-2298
-2179
-2392
-2290
-1714
-1431
-1531
-1316
-877
-773
-721
-430
-497
-836
-526
-20
-263
-722
-615
-393
-588
-737
-619
-643
-856
-630
-143
-265
-547
64
894
880
728
1157
1464
1710
2607
3115
2530
2490
3469
3897
3567
3430
3233
2926
3225
3496
2742
1783
1730
1983
1544
707
143
-316
-648
-658
-936
-1871
-2520
-2232
-2092
-2750
-3218
-3061
-2984
-3045
-2775
-2606
-2901
-2874
-2232
-1990
-2319
-2084
-1418
-1342
-1498
-1093
-772
-987
-845
-249
-275
-714
-548
-102
-275
-535
-173
20
-286
-103
460
336
106
798
1570
1477
1400
1828
2040
2249
2981
3275
2788
2797
3550
3806
3456
3248
3092
2929
3018
2999
2325
1499
1379
1569
1027
59
-439
-708
-1188
-1477
-1643
-2346
-3062
-2922
-2732
-3241
-3604
-3306
-3140
-3331
-3098
-2643
-2683
-2746
-2254
-1827
-1836
-1604
-1075
-1005
-1120
-773
-420
-483
-414
-87
-102
-300
-131
121
60
-15
165
240
109
248
593
565
444
963
1594
1677
1722
2049
2282
2541
3127
3306
2994
3167
3776
4001
3799
3571
3358
3254
3287
3086
2421
1735
1541
1515
981
130
-484
-886
-1328
-1666
-1986
-2691
-3287
-3305
-3376
-3882
-4148
-3938
-3910
-4035
-3815
-3523
-3510
-3322
-2783
-2492
-2460
-2102
-1583
-1456
-1349
-889
-550
-543
-282
197
286
179
460
703
472
387
680
747
534
710
1074
941
759
1330
1885
1677
1643
2166
2355
2382
2928
3157
2655
2658
3377
3597
3232
3053
2995
2815
2763
2741
2273
1472
1138
1254
893
55
-427
-638
-1100
-1479
-1668
-2229
-2852
-2808
-2579
-2976
-3425
-3255
-3081
-3247
-3150
-2825
-2861
-2879
-2314
-1882
-2064
-1994
-1386
-1111
-1250
-1087
-746
-741
-730
-357
-215
-486
-455
-38
60
-224
-160
195
265
230
484
621
481
809
1490
1639
1453
1748
2243
2443
2655
2888
2848
2917
3354
3696
3507
3122
3054
3169
3067
2701
2295
1818
1436
1353
1016
169
-491
-693
-967
-1431
-1854
-2339
-2800
-2864
-2807
-3119
-3510
-3455
-3245
-3316
-3357
-3110
-3003
-2989
-2622
-2208
-2156
-2023
-1454
-1083
-1095
-865
-373
-178
-152
185
447
349
449
852
959
764
874
1171
1158
1134
1372
1476
1360
1645
2136
2114
1939
2171
2352
2324
2570
2723
2393
2292
2709
2854
2495
2201
2116
1914
1703
1636
1361
678
290
447
220
-603
-1059
-1071
-1365
-1743
-1761
-2000
-2686
-2849
-2455
-2563
-3161
-3168
-2794
-2957
-3124
-2699
-2545
-2927
-2734
-2106
-2156
-2406
-2005
-1560
-1660
-1620
-1114
-918
-1113
-900
-409
-375
-412
42
365
238
401
903
1061
1010
1366
1748
1717
1913
2528
2737
2565
2848
3239
3225
3333
3663
3555
3259
3448
3676
3361
2927
2858
2710
2267
1976
1795
1276
671
536
366
-328
-903
-1035
-1313
-1799
-2040
-2201
-2657
-2963
-2843
-2923
-3315
-3409
-3187
-3225
-3319
-3079
-2899
-2983
-2776
-2319
-2203
-2216
-1859
-1527
-1511
-1365
-953
-781
-779
-424
-44
-66
-17
389
596
512
660
965
933
944
1327
1541
1417
1554
2098
2305
2168
2368
2673
2547
2566
3012
2991
2584
2755
3223
3025
2603
2588
2517
2152
1955
1905
1478
832
676
727
194
-472
-642
-767
-1257
-1608
-1736
-2189
-2713
-2732
-2653
-3028
-3366
-3212
-3124
-3353
-3360
-3071
-3041
-3131
-2800
-2498
-2568
-2474
-2005
-1736
-1696
-1373
-974
-866
-745
-379
-149
-85
146
483
636
688
899
1139
1263
1413
1653
1720
1719
2040
2443
2489
2428
2609
2745
2789
3015
3100
2891
2897
3131
3151
2947
2737
2504
2318
2240
2032
1597
1157
857
637
321
-100
-517
-898
-1214
-1436
-1702
-2129
-2527
-2689
-2832
-3104
-3300
-3335
-3379
-3443
-3323
-3185
-3223
-3181
-2925
-2772
-2722
-2475
-2167
-2053
-1925
-1534
-1229
-1120
-845
-456
-308
-243
75
367
394
498
823
983
1017
1272
1594
1639
1664
1996
2306
2324
2366
2645
2732
2699
3084
3370
3042
2916
3287
3346
3100
3146
3113
2714
2541
2557
2229
1650
1375
1295
927
411
46
-299
-809
-1155
-1354
-1852
-2427
-2633
-2752
-3114
-3429
-3485
-3600
-3824
-3784
-3640
-3751
-3828
-3555
-3338
-3349
-3137
-2678
-2480
-2356
-1887
-1449
-1306
-1083
-590
-358
-309
68
476
564
760
1189
1369
1445
1768
2060
2051
2098
2390
2586
2584
2715
2908
2855
2797
3021
3189
2952
2811
3033
3036
2755
2725
2685
2244
1955
2066
1826
1214
955
904
501
61
-94
-433
-1023
-1271
-1287
-1737
-2298
-2348
-2383
-2824
-3048
-2916
-3084
-3408
-3297
-3141
-3360
-3415
-3054
-2925
-3059
-2821
-2436
-2381
-2336
-1963
-1659
-1610
-1360
-917
-754
-720
-340
52
78
250
705
824
783
1190
1582
1495
1571
2012
2117
2028
2374
2687
2520
2466
2855
3064
2885
2859
3076
3016
2791
2908
3015
2575
2164
2335
2277
1644
1345
1362
899
368
363
205
-487
-897
-866
-1180
-1794
-2029
-2060
-2450
-2800
-2717
-2781
-3134
-3145
-2862
-2919
-3074
-2844
-2666
-2752
-2594
-2189
-2067
-2049
-1712
-1378
-1370
-1241
-819
-642
-645
-307
114
108
168
609
816
725
922
1306
1333
1316
1662
1899
1841
2031
2464
2570
2486
2689
2883
2848
2919
3038
2878
2729
2845
2906
2688
2422
2314
2164
1873
1624
1367
885
455
356
42
-611
-995
-1174
-1645
-2068
-2174
-2508
-3067
-3207
-3130
-3460
-3805
-3672
-3577
-3845
-3809
-3374
-3361
-3528
-3097
-2572
-2629
-2569
-1960
-1613
-1687
-1366
-704
-572
-651
-126
419
353
379
945
1202
991
1233
1738
1734
1613
2018
2334
2115
2148
2670
2839
2608
2760
3068
2897
2814
3187
3160
2722
2807
3136
2881
2513
2547
2399
1925
1734
1710
1242
622
475
379
-238
-827
-961
-1242
-1830
-2050
-2089
-2587
-3061
-2999
-3023
-3500
-3718
-3529
-3585
-3819
-3635
-3308
-3396
-3366
-2858
-2582
-2667
-2364
-1803
-1691
-1628
-1110
-739
-742
-446
104
257
272
693
1082
1056
1176
1592
1742
1679
1965
2333
2262
2270
2697
2923
2750
2821
3152
3079
2916
3243
3435
3030
2893
3243
3129
2653
2612
2664
2227
1906
2018
1741
1016
715
732
259
-435
-664
-856
-1444
-1839
-1875
-2221
-2829
-2947
-2856
-3231
-3603
-3502
-3487
-3786
-3770
-3478
-3553
-3709
-3368
-2997
-3075
-3013
-2498
-2237
-2331
-2016
-1493
-1468
-1477
-954
-542
-607
-417
91
271
268
590
941
982
1108
1513
1754
1761
1972
2373
2555
2609
2835
3037
3049
3169
3441
3441
3299
3421
3567
3414
3282
3263
2983
2666
2619
2426
1914
1550
1387
976
440
118
-213
-766
-1153
-1277
-1651
-2237
-2510
-2602
-2973
-3323
-3333
-3367
-3594
-3604
-3392
-3417
-3550
-3333
-3033
-3032
-2951
-2570
-2332
-2280
-1969
-1569
-1441
-1303
-893
-579
-501
-268
98
271
406
742
976
972
1126
1440
1490
1470
1793
2053
2059
2271
2640
2664
2559
2825
3137
3052
2963
3183
3226
2969
2957
3128
2822
2377
2441
2489
2007
1600
1558
1263
698
475
331
-247
-797
-901
-1104
-1695
-2076
-2141
-2472
-2887
-2905
-2934
-3290
-3410
-3176
-3208
-3436
-3288
-3031
-3104
-3068
-2679
-2452
-2519
-2257
-1783
-1713
-1680
-1248
-882
-892
-710
-256
-114
-154
155
537
545
585
985
1247
1186
1374
1810
1895
1860
2239
2566
2491
2551
2891
2971
2898
3033
3127
3004
2944
3048
2996
2721
2524
2456
2219
1866
1636
1356
919
622
407
-76
-596
-859
-1145
-1617
-1943
-2106
-2456
-2800
-2892
-2991
-3279
-3383
-3223
-3252
-3399
-3288
-3109
-3138
-3050
-2689
-2491
-2432
-2121
-1737
-1603
-1446
-1056
-748
-683
-498
-134
23
90
385
662
690
822
1169
1293
1238
1495
1807
1796
1824
2119
2326
2333
2476
2664
2606
2580
2868
3024
2775
2640
2812
2771
2539
2531
2433
2038
1875
1941
1592
1032
838
719
278
-154
-370
-713
-1175
-1361
-1457
-1901
-2303
-2285
-2358
-2736
-2904
-2861
-3049
-3232
-3031
-2874
-3050
-3031
-2652
-2480
-2554
-2286
-1860
-1823
-1784
-1306
-992
-1076
-838
-338
-241
-271
136
476
367
478
950
1068
929
1166
1502
1452
1438
1796
1972
1831
2023
2444
2423
2262
2525
2745
2602
2608
2815
2732
2513
2612
2717
2440
2139
2135
2012
1584
1331
1254
855
390
284
46
-534
-882
-986
-1389
-1909
-2103
-2290
-2757
-3043
-3010
-3210
-3552
-3508
-3334
-3504
-3621
-3380
-3265
-3388
-3217
-2832
-2724
-2664
-2278
-1907
-1827
-1598
-1105
-850
-795
-457
-52
63
214
637
914
968
1226
1573
1646
1686
1998
2228
2228
2373
2694
2760
2690
2890
3051
2914
2930
3170
3075
2802
2870
2964
2701
2480
2499
2302
1909
1765
1679
1266
809
684
471
-68
-423
-546
-905
-1383
-1532
-1645
-2055
-2348
-2303
-2431
-2793
-2837
-2693
-2870
-3072
-2860
-2696
-2847
-2775
-2417
-2308
-2373
-2120
-1759
-1698
-1635
-1254
-982
-1010
-851
-482
-354
-308
-30
213
249
390
676
792
833
1067
1321
1381
1500
1772
1903
1948
2154
2342
2306
2342
2595
2676
2535
2588
2779
2695
2534
2593
2529
2210
2037
2028
1747
1291
1090
938
529
110
-102
-416
-915
-1198
-1359
-1752
-2149
-2285
-2424
-2737
-2929
-2964
-3118
-3270
-3201
-3126
-3209
-3175
-2944
-2837
-2812
-2556
-2233
-2108
-1919
-1527
-1268
-1184
-913
-497
-309
-201
146
447
488
651
1029
1174
1162
1437
1787
1793
1773
2030
2193
2123
2230
2500
2505
2402
2522
2683
2633
2528
2572
2572
2406
2297
2310
2146
1839
1716
1634
1320
983
813
594
254
-19
-263
-597
-938
-1186
-1426
-1751
-2023
-2213
-2410
-2591
-2705
-2827
-2943
-2949
-2947
-2971
-2921
-2836
-2779
-2641
-2437
-2299
-2156
-1907
-1679
-1523
-1329
-1053
-797
-604
-320
3
187
305
572
859
968
1100
1383
1536
1566
1796
2063
2095
2141
2400
2599
2600
2668
2831
2803
2699
2795
2886
2708
2566
2631
2545
2263
2133
2021
1679
1403
1294
1019
558
273
94
-314
-770
-974
-1216
-1671
-1936
-2032
-2366
-2782
-2857
-2878
-3214
-3413
-3253
-3264
-3461
-3327
-3021
-3062
-3130
-2771
-2455
-2504
-2343
-1850
-1668
-1693
-1303
-805
-742
-666
-158
185
142
368
848
964
920
1263
1617
1574
1636
2056
2255
2148
2313
2627
2604
2536
2784
2938
2766
2736
2902
2830
2622
2620
2638
2416
2215
2205
2054
1707
1522
1424
1081
708
538
285
-151
-392
-550
-930
-1296
-1443
-1626
-2005
-2233
-2287
-2504
-2781
-2820
-2830
-3034
-3128
-2998
-3007
-3115
-2987
-2769
-2755
-2703
-2435
-2270
-2216
-1989
-1679
-1540
-1389
-1054
-773
-628
-367
-19
172
326
655
928
990
1206
1578
1728
1775
2042
2297
2314
2418
2719
2853
2791
2913
3122
3036
2889
2992
2987
2708
2588
2647
2451
2100
1986
1876
1492
1159
1031
768
329
47
-106
-448
-862
-1070
-1250
-1589
-1834
-1901
-2090
-2381
-2483
-2503
-2663
-2794
-2749
-2745
-2825
-2784
-2644
-2590
-2566
-2413
-2257
-2176
-2047
-1822
-1662
-1515
-1249
-997
-843
-646
-368
-174
-26
216
453
582
761
1013
1180
1296
1509
1727
1812
1931
2128
2236
2268
2363
2465
2452
2444
2523
2549
2472
2410
2374
2271
2109
1977
1842
1627
1416
1260
1062
791
544
302
25
-241
-514
-803
-1082
-1292
-1521
-1777
-1952
-2097
-2292
-2451
-2503
-2586
-2720
-2750
-2682
-2694
-2731
-2607
-2441
-2398
-2291
-2050
-1859
-1751
-1529
-1219
-1049
-894
-602
-324
-168
12
308
531
660
873
1121
1245
1371
1591
1748
1793
1884
2036
2096
2120
2226
2313
2291
2282
2332
2314
2245
2233
2212
2045
1899
1854
1741
1549
1408
1305
1105
900
747
558
274
14
-175
-441
-750
-971
-1142
-1362
-1554
-1691
-1873
-2061
-2182
-2290
-2398
-2467
-2517
-2545
-2534
-2484
-2425
-2363
-2255
-2126
-2021
-1879
-1693
-1534
-1391
-1172
-925
-757
-594
-366
-144
-7
180
442
600
701
899
1121
1204
1291
1511
1676
1681
1739
1933
2006
1949
2012
2151
2129
2035
2095
2152
2024
1899
1899
1837
1616
1482
1448
1262
981
852
772
514
220
71
-87
-402
-657
-779
-961
-1215
-1368
-1447
-1630
-1804
-1851
-1903
-2040
-2130
-2134
-2172
-2215
-2163
-2064
-2008
-1940
-1800
-1674
-1589
-1449
-1259
-1123
-997
-780
-584
-449
-268
-47
123
262
459
664
802
933
1138
1316
1396
1511
1679
1776
1821
1922
2024
2043
2056
2126
2172
2126
2085
2076
2024
1933
1852
1770
1644
1499
1347
1163
941
737
562
346
101
-124
-354
-615
-843
-1044
-1289
-1529
-1710
-1882
-2086
-2236
-2311
-2398
-2498
-2543
-2545
-2583
-2583
-2484
-2380
-2336
-2267
-2109
-1964
-1856
-1695
-1490
-1323
-1153
-914
-672
-502
-315
-87
133
319
501
720
907
1052
1209
1379
1521
1649
1790
1915
2023
2122
2192
2248
2307
2350
2360
2362
2363
2313
2259
2219
2138
2007
1865
1746
1605
1410
1219
1053
864
635
416
207
-39
-289
-497
-717
-979
-1194
-1355
-1531
-1720
-1855
-1970
-2102
-2193
-2230
-2261
-2312
-2319
-2267
-2235
-2214
-2134
-2042
-1948
-1816
-1659
-1517
-1378
-1192
-992
-822
-652
-447
-246
-65
147
367
521
658
839
1016
1153
1282
1420
1507
1577
1690
1787
1814
1836
1911
1937
1889
1855
1843
1785
1699
1655
1593
1474
1358
1279
1166
995
853
722
527
306
139
-35
-264
-454
-593
-777
-993
-1140
-1229
-1404
-1582
-1650
-1716
-1841
-1913
-1886
-1919
-2018
-2013
-1925
-1927
-1946
-1820
-1647
-1595
-1514
-1293
-1101
-1019
-870
-607
-437
-359
-151
119
241
326
548
763
831
945
1180
1327
1353
1472
1664
1713
1681
1761
1858
1817
1773
1827
1820
1694
1634
1661
1584
1423
1372
1335
1173
1009
921
801
574
378
267
92
-135
-271
-372
-555
-737
-826
-943
-1140
-1281
-1348
-1470
-1630
-1702
-1737
-1829
-1882
-1838
-1832
-1871
-1838
-1726
-1679
-1652
-1513
-1366
-1294
-1191
-1002
-837
-743
-586
-352
-183
-44
158
373
504
616
816
1015
1123
1245
1430
1546
1589
1684
1802
1826
1815
1875
1913
1867
1806
1797
1766
1654
1552
1492
1378
1198
1050
944
759
542
397
261
64
-136
-262
-399
-601
-774
-901
-1067
-1254
-1376
-1459
-1587
-1714
-1764
-1804
-1877
-1923
-1911
-1914
-1947
-1921
-1851
-1813
-1760
-1648
-1514
-1410
-1291
-1127
-979
-843
-661
-459
-292
-125
77
264
422
610
818
991
1141
1300
1438
1540
1636
1737
1816
1878
1953
1995
1995
1986
1968
1927
1875
1813
1730
1631
1530
1427
1295
1138
1002
857
676
501
347
166
-33
-206
-346
-528
-716
-856
-1001
-1171
-1309
-1401
-1529
-1670
-1752
-1805
-1881
-1928
-1908
-1884
-1898
-1864
-1794
-1760
-1724
-1635
-1531
-1459
-1361
-1218
-1094
-972
-794
-599
-427
-255
-46
129
263
442
623
723
841
1028
1176
1256
1375
1531
1603
1652
1765
1844
1820
1813
1848
1792
1684
1647
1625
1495
1357
1311
1233
1051
933
868
707
526
431
328
138
-30
-124
-279
-488
-617
-695
-849
-994
-1054
-1142
-1278
-1341
-1347
-1406
-1461
-1442
-1438
-1487
-1494
-1455
-1459
-1459
-1363
-1263
-1222
-1122
-961
-862
-787
-628
-467
-379
-267
-83
44
118
272
461
521
589
770
889
925
1025
1184
1211
1191
1280
1365
1311
1287
1372
1354
1241
1226
1246
1119
973
977
952
769
641
630
526
319
248
228
48
-138
-163
-219
-441
-578
-589
-704
-896
-958
-980
-1115
-1212
-1184
-1195
-1306
-1344
-1289
-1309
-1361
-1292
-1197
-1199
-1159
-1034
-964
-944
-843
-700
-627
-564
-426
-302
-235
-128
38
157
241
377
526
611
687
797
896
969
1045
1134
1188
1220
1271
1312
1325
1320
1312
1308
1275
1221
1169
1133
1081
988
903
836
740
611
512
433
309
174
88
3
-132
-244
-308
-403
-549
-643
-693
-802
-907
-931
-984
-1100
-1154
-1138
-1181
-1249
-1220
-1174
-1207
-1216
-1124
-1069
-1087
-1015
-868
-806
-764
-603
-468
-445
-358
-165
-60
-34
98
270
316
355
529
653
665
755
916
952
927
1017
1116
1086
1057
1129
1135
1060
1065
1109
1035
929
911
873
723
615
594
505
362
298
250
99
-27
-64
-153
-308
-398
-441
-557
-669
-719
-779
-891
-941
-923
-980
-1062
-1049
-1036
-1091
-1088
-1019
-1017
-1054
-988
-905
-916
-893
-763
-690
-685
-568
-409
-360
-323
-166
-27
-10
63
230
306
311
436
590
596
607
739
824
809
867
991
1004
966
1029
1081
1002
946
998
978
867
839
846
753
649
636
605
468
376
366
289
150
81
40
-78
-177
-202
-253
-362
-430
-455
-523
-616
-653
-661
-720
-766
-751
-756
-774
-756
-725
-722
-731
-709
-682
-670
-640
-572
-513
-469
-404
-327
-256
-190
-121
-41
26
75
134
214
282
319
378
451
502
527
584
645
651
646
675
691
663
648
673
670
627
620
620
560
487
467
426
325
263
248
174
75
36
-4
-97
-185
-216
-261
-361
-421
-438
-509
-592
-603
-614
-669
-700
-695
-726
-771
-759
-730
-740
-735
-693
-684
-691
-642
-573
-554
-521
-438
-394
-380
-287
-172
-137
-104
7
109
131
197
316
364
364
449
549
562
589
686
750
723
738
818
828
785
807
835
782
745
771
754
666
611
593
528
449
425
393
289
199
157
86
-6
-55
-103
-188
-266
-315
-373
-438
-476
-509
-564
-607
-622
-659
-706
-715
-710
-725
-722
-690
-681
-680
-640
-592
-581
-558
-499
-452
-423
-364
-271
-218
-178
-100
-27
7
68
173
228
252
329
403
424
460
544
583
579
621
688
687
675
721
730
680
672
703
668
608
601
599
523
452
439
381
277
234
217
117
5
-41
-86
-186
-253
-262
-331
-435
-453
-448
-529
-601
-596
-615
-698
-726
-695
-699
-742
-717
-667
-685
-696
-630
-586
-592
-549
-473
-439
-420
-343
-267
-236
-192
-104
-27
19
94
186
235
267
330
387
420
463
531
571
575
606
641
644
646
665
673
656
637
613
585
558
530
500
458
407
359
300
229
173
116
45
-13
-56
-115
-179
-238
-293
-341
-389
-429
-465
-504
-543
-577
-606
-629
-649
-652
-642
-650
-658
-637
-605
-583
-543
-470
-404
-364
-324
-258
-207
-169
-105
-41
-13
24
111
185
207
251
343
412
448
511
583
602
611
665
695
669
663
704
714
686
687
705
689
666
670
647
579
518
472
397
297
235
194
122
55
24
-10
-84
-158
-218
-299
-394
-442
-473
-533
-577
-592
-623
-664
-677
-671
-693
-715
-700
-692
-710
-703
-660
-643
-623
-569
-511
-480
-450
-382
-321
-288
-227
-155
-108
-68
-4
66
125
188
267
339
385
428
468
487
507
542
558
545
545
559
572
573
570
571
549
518
492
468
436
388
340
262
200
152
98
49
-1
-46
-96
-144
-191
-251
-318
-362
-399
-446
-477
-503
-537
-565
-575
-570
-572
-573
-568
-559
-540
-508
-471
-445
-412
-368
-327
-294
-248
-188
-132
-84
-15
56
115
168
227
291
341
386
423
463
495
540
590
622
640
651
659
659
660
661
663
648
627
606
583
550
498
455
411
356
294
237
189
133
82
31
-23
-99
-187
-252
-305
-373
-429
-465
-522
-582
-605
-617
-642
-665
-662
-657
-667
-670
-654
-642
-627
-591
-556
-533
-496
-439
-379
-331
-288
-229
-186
-152
-91
-32
16
66
115
169
211
257
319
369
398
434
460
467
494
530
545
550
560
551
531
506
486
469
445
431
399
343
299
279
245
196
166
148
101
42
-11
-68
-144
-204
-223
-253
-294
-313
-324
-365
-400
-410
-420
-432
-442
-438
-441
-465
-471
-447
-435
-424
-381
-341
-318
-285
-238
-196
-163
-109
-51
-37
-16
33
78
115
155
200
239
275
330
379
401
414
429
434
430
423
433
436
422
407
384
357
329
307
291
266
236
197
150
92
42
-7
-57
-94
-130
-170
-213
-245
-277
-298
-309
-331
-361
-386
-405
-416
-441
-451
-441
-444
-437
-412
-384
-366
-343
-316
-301
-285
-259
-210
-168
-134
-82
-40
5
66
117
152
185
229
281
312
326
351
380
399
423
464
492
502
523
550
551
544
545
530
492
461
445
421
387
352
322
283
227
179
137
85
35
-8
-54
-114
-165
-204
-254
-309
-359
-394
-425
-459
-475
-472
-481
-490
-501
-512
-518
-528
-530
-523
-518
-509
-492
-469
-441
-399
-342
-292
-258
-222
-191
-171
-149
-111
-66
-25
19
70
115
150
198
250
286
315
350
384
403
407
425
424
407
412
417
411
401
393
390
375
346
335
326
290
259
227
175
115
76
50
8
-24
-34
-45
-69
-86
-98
-129
-160
-193
-213
-232
-256
-257
-248
-253
-250
-240
-239
-239
-233
-220
-221
-225
-220
-205
-190
-166
-141
-125
-115
-99
-83
-77
-73
-63
-37
-14
11
36
56
76
89
104
117
123
125
140
158
163
157
155
168
172
178
202
203
199
205
209
201
186
171
161
132
101
91
68
41
34
17
-8
-15
-23
-39
-58
-72
-80
-99
-112
-129
-139
-137
-133
-118
-111
-117
-121
-110
-98
-86
-77
-71
-81
-87
-92
-106
-109
-104
-93
-87
-84
-70
-61
-67
-63
-44
-43
-41
-32
-26
-18
-18
-3
16
24
43
70
93
104
118
135
136
141
154
149
136
132
142
148
134
128
139
140
124
107
104
86
73
68
62
56
52
41
20
10
-4
-23
-45
-68
-83
-104
-121
-115
-105
-112
-121
-124
-123
-129
-132
-128
-136
-144
-143
-147
-167
-170
-149
-132
-126
-102
-74
-69
-62
-42
-41
-44
-33
-15
-17
-24
-1
21
36
54
79
96
83
81
91
81
72
95
126
142
157
175
170
149
153
165
154
144
145
143
121
97
86
80
65
71
75
53
28
18
18
-3
-31
-46
-75
-111
-116
-98
-97
-115
-114
-110
-132
-154
-153
-152
-156
-147
-128
-122
-124
-116
-97
-90
-83
-57
-35
-18
-10
4
17
29
48
65
76
74
74
67
50
48
59
67
68
86
102
103
100
93
99
107
113
111
99
72
60
62
51
45
47
58
50
34
28
22
16
15
33
28
2
-20
-42
-79
-96
-88
-87
-92
-85
-86
-105
-126
-130
-133
-160
-179
-180
-173
-172
-167
-161
-152
-133
-109
-83
-78
-66
-40
-21
-14
-20
-7
4
0
6
20
43
68
90
110
114
131
145
151
147
141
142
138
141
148
147
139
142
143
147
146
130
120
110
98
96
95
80
65
45
26
7
-11
-23
-37
-50
-66
-74
-82
-98
-118
-118
-114
-117
-118
-118
-118
-125
-133
-134
-138
-152
-148
-132
-123
-120
-110
-95
-90
-83
-69
-58
-60
-45
-21
7
28
46
64
63
52
50
58
55
63
91
103
92
97
121
132
140
155
154
138
131
135
123
99
87
92
95
85
70
59
38
20
22
32
27
20
25
5
-28
-47
-56
-80
-85
-68
-54
-50
-45
-33
-37
-36
-36
-33
-45
-64
-69
-84
-102
-98
-80
-81
-80
-55
-38
-36
-28
-28
-42
-56
-64
-63
-66
-63
-47
-48
-48
-31
-22
-33
-40
-29
-18
-14
-7
6
6
2
16
28
26
28
49
57
50
41
39
30
24
38
45
55
67
73
66
51
53
51
32
26
32
32
26
22
21
2
-10
6
10
-2
3
11
3
-5
1
2
-16
-17
-6
-7
-9
-1
12
13
16
24
21
16
20
27
26
16
25
34
20
17
25
32
38
23
7
-14
-23
-25
-25
-24
-22
-20
-29
-37
-39
-36
-48
-48
-38
-35
-19
-14
-15
-15
-15
-11
-15
-18
-16
-9
-11
-25
-21
-16
-11
-10
2
6
-12
-21
-21
-25
-29
-24
-18
-22
-31
-28
-22
-15
-9
0
-3
-15
-5
7
17
23
21
25
30
29
34
49
58
60
58
67
73
64
56
46
40
38
35
37
30
12
7
21
24
23
26
21
0
-17
-20
-15
-3
2
6
-10
-15
-18
-35
-38
-24
-21
-41
-46
-31
-31
-39
-53
-59
-56
-51
-46
-47
-54
-50
-36
-30
-31
-34
-23
-28
-43
-40
-34
-23
-1
13
4
-8
-5
6
6
-7
0
13
13
19
27
18
11
25
22
20
30
42
43
43
52
50
32
13
20
29
31
34
39
37
40
48
45
26
23
44
51
48
50
40
30
36
45
37
18
15
14
1
-10
-10
-3
-6
-15
-27
-45
-50
-54
-62
-68
-68
-67
-71
-81
-88
-83
-72
-54
-47
-44
-30
-21
-29
-37
-34
-15
-6
-12
-1
15
15
27
39
33
36
41
42
35
36
53
74
77
76
76
70
66
63
45
25
18
13
7
7
12
10
4
4
4
-10
-22
-25
-23
-27
-39
-52
-67
-76
-74
-54
-47
-42
-36
-40
-39
-30
-6
1
-1
-12
-24
-26
-33
-32
-21
-6
11
15
8
1
-1
3
11
14
10
15
6
-18
-36
-36
-20
-1
11
19
29
21
16
27
19
12
13
6
5
8
20
23
27
34
24
22
26
31
43
37
25
32
39
31
21
1
-13
-19
-7
5
-8
-8
10
20
15
13
9
-3
-8
-16
-14
-17
-24
-31
-32
-32
-30
-29
-32
-37
-34
-28
-28
-17
-1
8
1
-1
-3
-6
-10
-19
-14
-14
-6
4
12
12
8
15
7
-5
-3
9
19
24
35
44
59
62
52
36
23
24
27
22
27
34
35
30
26
31
22
25
32
22
16
17
12
-13
-30
-30
-28
-33
-37
-36
-42
-39
-40
-45
-42
-46
-56
-71
-82
-82
-76
-70
-50
-33
-21
-14
-22
-23
-13
-9
-6
-12
-18
-16
-18
-11
-9
-2
11
23
42
54
51
49
43
45
53
45
34
29
20
19
16
16
26
27
25
29
25
17
14
12
7
0
-2
4
1
-14
-18
-13
-11
-9
-7
-17
-19
-15
1
17
21
22
21
10
-6
-15
-24
-31
-44
-42
-36
-41
-40
-30
-8
-4
-2
-5
-6
0
-8
-10
1
4
8
15
16
20
25
27
21
21
22
24
24
25
29
34
30
21
26
20
7
7
9
-3
-11
-9
-9
-10
-5
-1
1
-2
-12
-13
-11
-15
-14
-5
-3
4
15
11
-1
5
23
26
18
11
1
-16
-13
-3
-13
-27
-30
-28
-31
-27
-6
15
10
6
9
0
-9
2
17
15
22
36
25
-2
-10
-15
-36
-47
-40
-21
-18
-17
-10
-9
-5
-2
-7
-15
-27
-27
-27
-23
-23
-13
0
4
15
17
17
26
27
5
-19
-32
-32
-30
-11
12
25
34
32
24
17
19
20
14
8
6
2
3
7
10
4
7
14
4
3
1
-6
-17
-13
-7
-9
-8
-7
0
0
4
11
10
9
5
-2
-11
-22
-14
2
3
-7
-8
7
16
9
12
22
24
19
11
4
-5
4
23
20
15
16
13
12
23
34
22
5
-3
-18
-33
-46
-55
-55
-51
-43
-26
-8
-8
-4
-4
-10
-3
2
-3
-6
-6
-15
-17
-5
8
25
47
64
66
57
53
47
38
28
24
18
10
4
3
14
11
5
-5
-9
-1
-1
2
2
4
-6
-19
-29
-40
-46
-47
-41
-40
-39
-35
-37
-32
-14
-5
-5
-16
-20
-20
-18
-14
-11
-15
-11
-6
-2
10
19
23
25
14
4
7
7
13
16
21
17
6
4
7
10
11
19
20
6
-3
-12
-20
-15
-20
-14
-16
-23
-19
-24
-7
13
20
13
6
-6
-19
-24
-16
-10
-1
18
33
41
40
45
42
31
21
17
9
-7
-6
-4
-9
-15
0
22
33
29
24
19
4
-6
-18
-24
-33
-33
-31
-36
-26
-7
7
6
4
8
-1
-15
-24
-33
-35
-23
-4
-1
0
7
17
20
15
18
7
-10
-11
-10
-12
-18
-15
-18
-15
6
17
15
8
7
1
0
-6
-13
-1
10
24
40
44
46
54
60
52
33
10
-12
-30
-31
-21
-7
5
7
14
17
13
13
8
10
11
2
-7
-5
-8
-5
1
-3
1
-6
-14
-28
-30
-28
-34
-38
-37
-43
-55
-54
-46
-34
-28
-25
-22
-20
-21
-14
1
5
6
10
14
13
10
3
1
5
17
30
37
45
58
66
61
54
46
31
16
11
6
-7
-17
-15
-20
-31
-27
-18
-9
-8
3
8
1
-1
4
7
7
10
9
-7
-19
-20
-16
-10
-1
5
-17
-28
-24
-26
-27
-22
-14
-10
-6
-7
-2
0
3
1
-9
-25
-34
-26
-17
-12
-3
4
6
15
18
18
7
-5
-2
2
3
5
11
14
19
25
30
34
27
13
21
29
14
7
4
3
10
6
3
3
5
8
21
23
20
21
16
10
11
22
20
2
-10
-5
1
-19
-32
-35
-29
-16
-14
-10
-6
-5
-1
1
1
2
3
5
-1
-10
-21
-18
-10
-4
3
0
3
11
8
14
13
5
-3
-7
-17
-20
-14
-17
-19
-17
-7
12
28
37
40
40
33
23
4
2
-1
-4
6
8
5
0
-6
-14
-21
-31
-37
-32
-32
-36
-43
-41
-48
-52
-43
-44
-36
-27
-22
-20
-3
11
10
10
3
3
-1
9
16
14
22
32
36
33
36
37
30
19
18
12
3
-1
4
13
12
18
27
18
2
-3
-10
-18
-25
-19
-16
-18
-19
-15
-2
-1
2
8
12
17
28
29
11
-2
-15
-29
-36
-37
-24
-15
-13
-1
3
5
4
4
-2
-13
-7
-10
-14
-5
4
5
4
10
3
-2
6
22
31
29
39
48
50
52
48
37
35
39
39
41
36
30
23
12
0
-8
-3
1
7
15
10
-3
-22
-34
-38
-37
-42
-37
-25
-13
-9
-6
-8
-23
-26
-19
-8
-8
-5
-8
-30
-41
-31
-27
-24
-14
0
9
11
12
9
4
0
7
15
17
22
27
18
0
-5
-13
-21
-34
-37
-34
-38
-33
-21
-18
-17
-16
-19
-22
-22
-23
-29
-26
-16
-5
-3
3
1
5
6
6
13
13
8
1
-1
-8
-14
-10
-2
-4
5
9
9
7
12
15
21
33
33
21
8
-1
-9
-12
-1
9
14
10
15
23
22
18
15
4
-4
-2
1
-8
-21
-27
-33
-26
-9
15
28
26
26
30
15
10
24
34
39
43
51
53
49
43
38
40
37
34
30
16
15
18
13
2
-2
-13
-24
-29
-34
-33
-24
-18
-17
-26
-32
-28
-27
-26
-28
-27
-21
-19
-18
-5
2
6
18
19
17
18
20
12
9
11
10
8
0
-6
-5
-13
-11
-10
-14
-14
-15
-19
-30
-30
-22
-20
-27
-33
-29
-35
-38
-28
-25
-24
-28
-23
-16
-16
-6
-11
-16
-18
-16
-10
-19
-18
-5
-2
-1
-3
-13
-23
-13
3
7
9
15
22
19
22
32
23
12
13
20
19
18
17
17
19
26
40
43
39
39
41
30
9
1
-1
-2
4
16
27
24
21
22
13
5
0
-10
-25
-33
-40
-44
-37
-30
-19
-13
-3
14
14
4
2
6
3
-8
-5
6
10
22
35
32
19
7
7
4
6
6
7
9
8
11
3
-15
-26
-37
-37
-39
-42
-40
-47
-39
-13
13
28
39
36
33
31
21
9
-3
-8
-7
2
11
16
12
3
-9
-18
-20
-19
-24
-29
-23
-13
-8
-6
-6
-6
-17
-25
-23
-11
8
23
30
30
26
40
41
36
35
32
28
11
-3
-9
1
9
8
10
16
25
20
12
5
3
-4
-14
-9
2
2
6
16
15
4
7
11
-1
-16
-33
-50
-61
-60
-39
-32
-30
-22
-13
-10
-10
-1
-8
-28
-38
-36
-35
-43
-33
-25
-28
-30
-21
-9
-3
-3
3
9
11
13
2
-3
8
20
25
26
28
32
31
26
21
15
11
-1
2
4
-2
4
6
3
8
19
14
2
-14
-17
-22
-29
-21
-23
-29
-22
-8
5
17
20
13
5
-2
-2
0
8
25
31
31
26
29
41
37
37
29
22
24
31
23
13
13
19
25
14
3
0
-1
-4
0
1
-8
-13
-15
-9
4
6
11
18
18
12
-6
-10
-2
5
4
1
0
2
-4
-18
-20
-18
-19
-18
-15
-8
-1
-2
-4
7
15
9
-2
-10
-12
-15
-13
-12
-10
-5
-11
-11
-12
-25
-32
-33
-21
-6
-9
-8
-15
-27
-27
-20
-13
-6
9
14
14
12
15
14
-1
-9
-24
-34
-42
-38
-15
5
15
18
13
3
-13
-24
-26
-29
-26
-19
-4
13
28
33
35
33
18
-1
-17
-22
-12
1
11
29
33
30
20
0
-14
-19
-17
-6
-2
8
19
22
24
14
20
15
2
0
-3
-8
-9
8
23
30
23
1
-21
-31
-30
-29
-27
-6
1
6
17
19
18
18
20
18
9
-3
-7
-1
11
25
33
27
12
-7
-22
-30
-23
-19
-15
-12
-13
-8
-1
13
20
25
27
22
14
7
-8
-20
-22
-13
13
39
54
61
51
30
17
17
10
4
-2
-10
-6
-6
2
10
15
7
-2
-9
-14
-9
-5
-19
-44
-50
-39
-36
-34
-21
-20
-20
-9
3
11
5
2
-3
-16
-14
-6
-2
0
2
3
0
-3
-5
8
14
7
3
-1
-7
-7
-12
-14
-10
-1
6
0
-10
-11
-9
-11
-7
-6
-5
-3
-4
-16
-31
-37
-37
-40
-42
-30
-24
-23
-17
-14
-12
-8
-1
3
-2
-16
-18
-1
23
42
56
52
48
49
48
35
27
31
27
20
22
30
41
54
58
61
63
51
39
37
28
8
-5
-4
-12
-15
-20
-29
-26
-31
-40
-39
-37
-34
-32
-45
-65
-76
-69
-56
-52
-47
-40
-43
-30
-25
-29
-23
-10
0
-12
-8
2
11
15
18
24
23
28
23
13
-3
1
1
-1
11
24
31
32
33
38
41
46
59
66
64
43
14
1
14
22
37
55
62
63
58
59
50
37
21
-6
-30
-41
-45
-38
-32
-26
-11
-15
-18
-22
-28
-25
-26
-21
-8
2
7
11
12
4
2
-5
-12
-11
-7
-1
6
9
2
-14
-28
-26
-20
-18
-19
-26
-35
-39
-46
-57
-63
-65
-66
-55
-39
-22
-1
19
34
37
15
-14
-27
-33
-31
-23
-13
-12
-21
-17
-10
-5
-8
-10
-4
-14
-13
1
14
21
22
22
12
4
-1
1
8
10
13
22
27
26
12
3
5
14
24
24
33
29
33
48
55
44
35
35
24
14
8
8
8
10
6
-4
-14
-20
-23
-23
-12
-3
4
5
7
6
8
6
-1
-2
-12
-11
-9
-4
2
-5
-4
-2
-1
0
3
14
24
39
47
39
24
17
15
5
2
-4
-4
2
13
22
14
17
23
22
4
-18
-25
-31
-27
-22
-21
-23
-26
-18
-4
6
-1
-3
-1
-8
-11
-13
-21
-21
-13
-4
-2
-3
5
9
0
-21
-31
-29
-24
-19
-15
-5
1
7
12
17
23
24
13
-3
-10
-19
-21
-27
-26
-21
-18
-7
-5
-1
-4
1
5
2
-6
-14
-23
-31
-33
-30
-35
-40
-26
-18
-17
-5
9
18
26
35
33
33
35
34
34
26
21
26
25
22
14
1
-5
-8
-6
-2
1
-3
-9
-12
-17
-17
-22
-21
-16
-18
-20
-18
-19
-21
-18
-12
-6
-4
4
21
27
25
20
11
-1
-10
-8
-4
4
14
24
24
25
19
11
20
27
34
36
30
16
12
19
27
39
43
41
38
28
12
5
4
7
16
12
10
14
17
16
18
17
10
6
-2
2
2
-8
-3
-7
-16
-20
-23
-34
-48
-51
-54
-44
-38
-42
-43
-43
-46
-38
-32
-27
-18
-19
-25
-27
-25
-19
-11
-1
7
0
-8
-10
-2
16
29
32
25
13
5
1
-3
-2
6
20
28
21
9
4
3
6
3
9
22
24
29
25
14
10
6
-10
-25
-27
-27
-27
-26
-15
4
15
18
13
5
0
-8
-10
-17
-21
-13
-2
2
-2
-8
-4
3
5
4
-5
-14
-9
-10
-27
-33
-39
-39
-23
-8
-1
5
13
14
10
10
14
20
26
29
23
12
14
18
27
35
37
44
42
39
31
19
10
7
3
7
8
0
0
-1
-5
-15
-22
-21
-20
-17
-14
-13
-4
3
1
-9
-13
-4
16
27
21
12
9
-3
-13
-13
-15
-11
-11
-14
-8
-7
-11
-27
-33
-29
-30
-24
-17
-15
-3
13
21
13
12
18
17
12
9
6
-2
-6
-9
-7
-7
-8
-7
-7
-5
-5
0
-4
-7
6
18
10
9
25
32
37
34
15
2
1
3
-3
-8
-11
-9
-6
1
6
-4
-10
-19
-12
-7
-19
-18
-15
-4
5
19
24
30
40
34
31
16
12
14
0
-3
2
9
12
12
7
2
0
-3
-7
-18
-13
-3
0
-2
1
-6
-23
-30
-24
-15
-22
-30
-33
-50
-63
-65
-66
-66
-50
-28
-17
-17
-19
-16
-13
-16
-27
-32
-25
-13
9
33
36
40
48
45
36
40
41
39
30
23
12
7
-2
2
11
10
8
6
5
1
-1
-5
-16
-19
-20
-12
2
8
18
26
17
8
10
17
13
11
12
13
23
35
47
44
33
28
27
29
28
30
17
10
8
-5
-12
-8
-5
1
9
6
-1
-16
-29
-34
-38
-31
-14
3
10
16
22
22
32
48
50
45
39
28
19
22
32
30
9
0
-8
-22
-29
-25
-20
-34
-46
-41
-38
-50
-64
-49
-46
-51
-36
-28
-39
-46
-41
-42
-51
-57
-53
-50
-56
-49
-43
-44
-62
-70
-48
-35
-33
-30
-22
-17
-12
-7
6
19
26
40
56
61
57
51
37
33
35
44
54
56
54
56
69
71
68
70
55
42
42
51
54
49
47
41
30
13
9
14
11
8
11
23
6
-8
-7
-8
-17
-18
-10
-15
-25
-33
-26
-31
-40
-44
-41
-44
-53
-48
-47
-50
-49
-34
-22
-18
-20
-17
-18
-25
-21
-11
-15
-34
-38
-15
1
2
7
13
13
12
16
11
-6
-17
-9
-3
-9
-14
3
25
38
48
55
51
46
58
67
63
56
51
43
29
26
28
27
29
35
35
14
0
-25
-32
-22
-21
-27
-32
-27
-27
-29
-31
-16
-24
-46
-54
-52
-43
-36
-34
-40
-54
-63
-52
-47
-50
-43
-31
-20
-4
1
-3
-13
-13
8
22
30
31
42
51
51
47
39
32
28
24
15
12
-6
-19
2
17
22
40
50
41
42
42
31
25
32
48
47
47
44
41
42
40
26
18
15
3
1
3
11
3
-17
-31
-32
-32
-39
-49
-63
-71
-76
-77
-73
-83
-91
-95
-95
-84
-76
-76
-71
-61
-47
-26
-6
5
10
21
30
22
10
21
40
43
39
46
52
43
48
57
47
35
36
38
21
11
23
41
45
47
41
27
9
2
15
17
11
13
18
7
-14
-18
-12
-6
-8
-3
0
-7
-28
-39
-29
-35
-29
-9
-13
-32
-34
-27
-22
-30
-43
-47
-33
-24
-18
-1
1
0
15
39
31
9
4
8
7
0
12
30
39
52
56
49
45
34
31
34
32
39
35
27
28
41
39
20
11
15
22
24
27
18
0
-8
-10
-11
-20
-14
-6
-6
-10
-14
-22
-35
-27
-18
-23
-37
-41
-39
-42
-45
-43
-37
-35
-34
-38
-40
-47
-41
-34
-34
-26
-11
-11
-27
-34
-35
-34
-25
-19
-20
-18
-12
-12
-17
-8
5
21
30
26
18
-1
-8
-4
0
8
19
28
22
19
21
17
23
34
35
30
23
16
20
16
19
32
40
47
47
54
56
46
32
12
6
6
3
12
13
5
2
-1
-5
-17
-25
-33
-31
-22
-23
-25
-25
-24
-19
-5
-6
-16
-17
-8
-4
-10
-10
5
22
29
27
20
11
7
5
-7
-16
-17
-14
-21
-25
-16
-6
0
8
12
1
-19
-16
-11
-16
-17
-8
2
2
6
8
-2
-1
1
7
13
12
12
10
9
6
10
19
31
36
41
44
44
52
46
35
22
18
19
15
11
3
3
3
-4
-3
-3
-8
-11
-6
-20
-47
-75
-81
-73
-75
-63
-50
-45
-43
-38
-35
-42
-43
-33
-22
-23
-26
-13
-2
12
26
39
35
16
14
21
21
7
0
-4
-12
-11
8
20
22
27
38
43
32
27
25
23
14
8
25
35
47
48
37
30
19
14
2
-10
-16
-21
-25
-19
-5
-5
-3
-6
-18
-30
-34
-42
-47
-31
-15
-19
-33
-32
-23
-26
-31
-22
-13
-19
-23
-14
-15
-19
-5
-4
-17
-32
-37
-20
-2
9
19
33
31
43
61
72
70
64
49
35
30
18
29
39
38
37
44
39
22
20
24
32
27
20
13
9
4
-12
-18
-8
11
15
5
-8
-11
-8
-7
-5
-16
-36
-54
-55
-47
-34
-19
-3
-1
-12
-13
-21
-29
-38
-40
-35
-35
-31
-21
-11
-7
-2
-4
2
11
20
23
7
-16
-29
-21
-25
-26
-8
12
35
48
58
52
35
30
22
14
-1
-15
-11
4
1
-11
2
7
-7
-22
-19
-9
-6
-14
-8
0
-16
-24
-18
-23
-39
-36
-13
-2
-2
8
30
39
23
14
19
17
17
17
15
2
-9
-4
8
9
-4
-2
14
4
-14
-17
-16
-17
-17
-7
-13
-37
-36
-25
-25
-38
-30
-16
-24
-18
-5
5
1
5
20
23
14
6
13
7
-15
-19
-11
-3
1
13
32
36
27
28
44
41
21
16
26
15
-3
12
37
47
46
52
59
42
23
24
19
-5
-23
3
16
9
5
18
19
-7
-9
7
-4
-37
-48
-38
-33
-35
-27
-5
-4
-25
-21
-3
5
1
1
4
-15
-29
-25
-13
-12
-11
9
16
2
-9
-5
-1
-4
10
28
35
21
12
17
4
-5
-7
-4
-16
-27
-27
-24
-32
-37
-21
-1
1
-4
9
8
-19
-34
-29
-26
-43
-50
-29
-20
-20
-9
17
32
21
13
21
14
-10
-16
-8
-14
-19
-4
10
12
4
5
19
18
10
13
17
6
4
20
32
20
-5
-6
10
6
4
17
23
18
15
11
1
-19
-32
-25
-26
-32
-25
-14
-8
-17
-9
10
16
14
13
16
9
12
19
12
-3
-28
-30
-24
-28
-27
-5
12
7
12
16
15
5
9
23
21
13
12
15
7
1
15
27
18
24
43
43
22
6
8
2
-6
9
36
30
15
19
33
29
14
16
30
29
11
6
2
-13
-12
0
2
-3
-3
11
16
9
1
0
-2
-23
-35
-20
-13
-9
-14
-18
-18
-22
-22
-10
-13
-27
-35
-33
-37
-49
-33
-9
6
-1
-10
-18
-29
-29
-27
-21
-33
-40
-33
-28
-45
-64
-54
-49
-54
-58
-50
-41
-38
-22
-4
7
14
16
20
11
4
14
28
23
15
28
30
21
11
21
30
23
25
37
24
22
32
38
34
27
42
58
66
63
70
73
58
40
39
46
34
27
29
28
15
10
15
6
-6
-8
-3
-3
-15
-23
-17
-24
-35
-30
-15
-10
-24
-36
-32
-43
-54
-49
-44
-29
-20
-19
-29
-38
-42
-48
-47
-46
-41
-25
-10
-7
-2
11
31
33
23
17
30
38
34
40
42
37
16
19
27
22
31
36
20
6
4
2
11
17
25
27
12
-12
-23
-28
-28
-29
-29
-16
-26
-36
-26
-40
-60
-46
-20
-5
-9
-5
15
25
24
29
36
19
7
11
4
-10
-15
-15
-14
-13
-1
13
16
12
-3
-9
-7
-8
-6
10
6
-5
-2
-5
-16
-24
-11
1
-12
-30
-26
-23
-32
-37
-30
-15
0
15
30
34
21
12
12
29
36
36
40
35
18
5
19
28
21
23
31
30
23
18
16
11
-2
-10
-16
-29
-43
-37
-14
-14
-20
-22
-26
-30
-35
-33
-34
-26
-20
-10
-7
-20
-14
5
16
9
13
26
24
11
6
1
-7
-2
19
32
26
27
28
16
3
0
7
10
6
4
8
3
-8
-9
-4
3
5
7
1
2
7
9
6
-1
-5
7
28
25
16
12
0
-7
-10
-7
-7
-13
-10
-2
7
6
-1
-10
-15
-18
-16
-21
-19
-12
-11
-7
9
20
7
1
7
4
-6
-4
-1
-7
-18
-13
-2
-9
-18
-4
-4
-20
-25
-11
-4
-2
18
28
13
5
11
9
2
-1
9
9
-6
-3
7
12
3
10
26
20
14
13
7
2
3
14
11
-9
-7
1
-8
-28
-28
-22
-29
-50
-55
-46
-61
-62
-37
-18
-18
-7
20
6
-13
-3
2
-10
-4
25
30
10
17
42
50
37
32
33
15
-4
2
-1
-18
-13
1
-1
-16
0
18
8
1
16
13
2
6
20
4
-16
-15
-4
1
13
33
44
31
28
49
52
35
35
48
35
12
2
-11
-40
-60
-44
-33
-41
-39
-25
-19
-17
1
12
3
-3
7
14
3
-9
-6
-10
-8
2
5
-2
-6
14
27
42
59
66
57
41
30
12
-2
-7
-1
-12
-32
-28
-31
-46
-48
-29
-13
-16
-15
-3
-10
-24
-27
-28
-52
-68
-54
-44
-48
-40
-20
-21
-32
-8
20
9
-8
7
18
-5
-23
-15
-17
-33
-22
8
6
-14
0
24
20
20
42
40
13
8
30
19
-7
6
35
22
9
32
40
27
30
44
36
11
4
6
-10
-19
-1
20
22
27
50
50
28
22
28
20
15
23
23
3
-3
6
2
-4
2
12
-3
-22
-21
-21
-42
-41
-17
-18
-33
-20
0
-20
-33
-17
-11
-24
-21
6
-14
-53
-37
0
-4
-28
-17
-17
-42
-36
8
10
-22
-14
13
8
-14
6
26
8
-11
10
19
-13
-13
18
20
0
13
42
33
10
20
34
13
0
22
22
-1
15
36
20
4
19
27
17
16
35
32
15
22
20
-12
-39
-30
-33
-67
-63
-29
-23
-18
16
32
4
-23
-4
2
-17
-9
11
-13
-63
-75
-62
-81
-84
-29
0
-19
-20
24
28
-12
-2
36
21
-9
14
41
22
8
47
66
37
34
59
53
13
1
25
20
7
38
60
47
33
40
30
-3
-13
-9
-21
-29
-11
5
-3
-12
5
-5
-34
-38
-36
-44
-49
-32
-20
-32
-21
3
12
18
36
44
14
-9
0
4
-16
-20
-2
-15
-25
13
48
23
6
42
47
7
-7
4
-17
-65
-56
-11
-20
-56
-35
-4
-26
-27
12
12
-36
-31
6
-10
-36
-19
2
-21
-39
-14
-7
-35
-35
-1
3
-16
-2
34
29
18
50
64
29
15
27
21
0
3
17
14
19
56
57
23
18
28
16
-6
-6
-11
-35
-44
-23
-19
-29
-20
1
-10
-19
15
37
23
18
29
18
-4
1
32
33
20
39
57
25
1
18
14
-6
-4
12
-2
-13
-1
12
3
1
30
43
28
17
26
8
-12
-7
4
-11
-35
-29
-34
-53
-35
-5
-22
-50
-36
-16
-41
-58
-36
-32
-62
-52
-16
-27
-55
-24
17
-7
-30
-1
6
-25
-20
18
11
-22
-2
36
16
-16
13
30
-6
-19
19
26
-6
10
54
52
30
45
57
22
0
21
18
-22
-15
14
2
-24
-9
20
-7
-24
4
11
-28
-29
-1
-17
-48
-38
3
-4
-11
30
50
19
-1
15
-5
-26
-9
13
5
-13
2
16
5
-1
8
1
-23
-16
-6
-10
-9
11
29
18
18
35
35
23
23
30
30
27
40
48
37
30
26
16
-7
-1
12
6
7
26
38
35
41
39
12
-19
-30
-42
-63
-67
-61
-61
-68
-55
-38
-47
-51
-45
-42
-45
-49
-35
-13
-17
-14
9
18
12
29
56
54
40
40
43
27
10
20
35
22
22
37
32
8
-1
17
10
-9
-11
3
-5
-27
-23
-27
-36
-38
-27
-35
-57
-63
-49
-42
-52
-30
-8
-11
-9
12
19
-11
-9
15
5
-24
-23
-6
4
18
48
49
17
5
16
20
-1
0
19
4
-19
-11
-4
-22
-37
-28
-12
-19
-16
13
23
10
13
21
18
12
9
17
20
16
23
32
30
41
53
57
61
63
61
47
39
41
40
29
29
37
43
31
18
19
7
-4
-7
-2
-14
-21
-5
6
-6
-26
-19
-29
-67
-75
-63
-69
-74
-51
-30
-42
-61
-51
-45
-56
-54
-27
-19
-38
-32
-15
-34
-44
-19
