-5
-8
-7
-6
-7
-9
-13
-12
-10
-10
-8
-5
-5
-2
-3
-4
-5
-8
-6
-4
-6
-8
-8
-7
-8
-7
-7
-5
-5
-3
0
0
0
-3
-5
-4
-3
-4
-1
-1
0
0
1
0
0
3
3
5
2
2
2
-1
3
2
1
0
0
0
-2
-3
-2
-5
-6
-5
-5
-6
-4
-6
-7
-4
-4
-5
-5
-6
-5
-5
-5
-5
-6
-5
-5
-5
-4
-2
-1
2
2
2
4
4
1
-4
-5
-2
-1
0
2
3
1
1
1
1
4
5
6
4
3
5
6
7
11
12
11
10
7
10
8
9
11
11
9
9
9
11
9
9
5
5
5
7
8
5
2
0
-2
-2
1
1
2
2
0
1
-1
0
2
2
4
4
3
2
2
1
0
3
2
2
4
5
6
6
5
5
4
6
5
3
2
0
0
0
3
2
0
-1
2
3
2
2
2
3
1
-3
-6
-7
-6
-8
-8
-4
-7
-9
-9
-12
-14
-14
-13
-13
-15
-15
-11
-9
-12
-13
-13
-12
-14
-12
-15
-14
-11
-14
-13
-11
-10
-11
-11
-5
-5
-6
-8
-7
-5
-5
-1
0
0
1
1
-1
0
3
3
2
7
7
4
4
5
7
7
8
11
8
6
7
7
8
7
7
6
7
7
2
2
4
8
10
7
9
5
2
2
3
3
0
0
1
-2
-3
-2
-1
-2
-1
-1
-1
0
2
2
4
5
4
2
3
4
5
5
6
7
9
6
7
9
7
7
6
6
5
6
5
5
5
3
4
6
4
4
0
-3
-2
0
0
0
2
3
2
2
2
0
-3
-1
0
1
1
2
2
1
0
-2
-1
-1
-1
-3
-6
-6
-4
-4
-2
0
-2
-1
-2
-1
-1
-2
-2
-3
-7
-10
-9
-5
-7
-7
-4
-4
-6
-5
-2
-2
-2
0
-5
-1
0
-2
1
-2
-5
-3
-4
-6
-3
-2
-5
-7
-7
-6
-4
-6
-4
-5
-3
-3
-4
-4
-4
-7
-9
-9
-9
-10
-9
-7
-7
-7
-7
-5
-4
-5
-8
-10
-9
-9
-7
-10
-7
-4
-2
-1
-1
-1
1
2
1
0
1
2
6
7
4
6
10
8
6
7
7
6
10
13
14
15
12
12
17
18
19
18
18
17
13
14
11
10
13
14
15
13
10
10
11
8
5
5
4
2
2
1
1
1
4
4
3
3
1
-1
-5
-6
-5
-6
-8
-4
-1
-3
-4
-3
-4
-7
-7
-7
-6
-2
-2
-3
-3
-5
-6
-5
-3
-3
-4
-2
-4
-4
-1
-3
-3
-3
-7
-2
-3
-4
-1
-4
-5
-2
-3
-5
-3
-3
-4
-3
-3
-5
-3
-1
1
-4
-4
-4
-6
-3
-3
-1
-2
-3
-1
-1
1
-2
-2
-4
-3
-2
-2
-2
-3
-5
-5
-5
-4
-3
-2
-2
-3
-4
-7
-7
-6
-5
-8
-7
-4
-5
-6
-4
-3
-4
-6
-4
-3
-3
0
-1
-3
-2
-2
-7
-6
0
1
2
2
5
4
4
2
0
1
2
4
4
5
6
5
8
10
9
9
9
9
10
9
11
9
7
8
9
8
9
11
11
9
9
12
13
10
7
7
7
6
6
9
9
11
9
4
5
6
5
4
2
1
-1
2
1
0
-1
-2
-1
-2
1
3
-3
-4
-2
-3
-5
-6
-2
-2
-4
-4
-6
-8
-9
-8
-10
-12
-11
-9
-9
-7
-8
-4
-3
-6
-8
-11
-10
-13
-7
-6
-5
-3
-4
-7
-9
-14
-15
-13
-10
-5
-1
4
6
1
-6
-10
-10
-9
-1
3
7
9
6
1
1
3
0
1
4
8
9
7
6
8
10
7
0
-2
-1
2
3
1
4
9
6
3
2
-4
-3
-1
-2
0
4
3
4
4
-2
-2
0
-1
1
1
-3
-4
0
-5
-5
-2
0
-1
-4
-8
-10
-7
-10
-10
-3
-1
1
7
0
-5
-4
-8
-7
-3
-8
-3
6
2
-5
-8
-13
-22
-9
-5
-7
7
13
5
4
1
-13
-5
10
10
18
26
20
17
12
0
0
8
12
17
25
22
25
29
14
6
10
8
12
22
27
29
36
25
14
9
2
2
12
18
17
24
22
13
12
5
3
7
4
1
9
9
-1
-1
-6
-4
3
3
-8
-9
-8
-23
-30
-28
-32
-20
-5
-5
0
-3
-22
-38
-47
-55
-49
-31
-19
-4
6
-6
-25
-34
-45
-52
-46
-40
-18
16
20
2
-13
-31
-57
-64
-90
-98
-43
27
78
64
27
-15
-23
-64
-102
-61
10
81
122
112
55
23
-31
-80
-70
-34
22
74
103
81
68
30
-33
-57
-54
-32
13
60
77
94
81
30
-13
-36
-51
-28
15
38
68
92
67
19
-23
-63
-66
-42
-17
27
62
64
46
18
-30
-58
-50
-38
-6
35
61
62
46
13
-17
-27
-35
-29
-2
24
42
41
26
2
-21
-41
-47
-28
-9
11
27
24
11
-9
-32
-46
-40
-26
-14
5
11
8
2
-20
-43
-55
-46
-29
-2
19
18
12
-2
-18
-25
-29
-23
0
24
27
28
20
0
-12
-12
-16
-12
5
15
25
28
16
-1
-17
-22
-22
-12
2
16
34
38
26
12
-1
-11
-12
-9
5
20
30
33
27
13
-4
-18
-23
-17
0
11
12
16
15
4
-12
-26
-25
-21
-14
-4
-2
6
14
11
4
-6
-14
-16
-17
-17
-7
1
6
4
4
1
-9
-13
-12
-8
-1
3
6
2
2
2
-2
-2
-6
-4
-3
-7
-8
-3
0
3
9
4
2
4
1
-8
-13
-7
-4
-2
-1
3
1
-5
-6
-8
-10
-7
-2
-2
-6
-1
3
-1
1
-4
-12
-7
-2
-3
2
8
14
12
10
7
8
9
6
12
16
14
14
17
13
10
11
6
5
8
9
6
11
8
4
2
-3
-1
-3
-3
-5
1
3
1
4
2
1
-1
-5
-9
-3
-2
-4
0
-2
-6
-6
-5
-1
3
5
5
5
0
-4
-7
-11
-7
-1
3
6
8
10
5
0
-6
-9
-6
-5
2
8
7
6
7
4
-1
-4
-5
-1
5
7
10
9
6
3
-8
-13
-6
1
2
8
15
12
6
-2
-9
-13
-7
-5
2
9
5
1
-4
-10
-18
-20
-23
-13
-6
-4
-3
-6
-9
-14
-17
-22
-18
-9
-4
-3
-1
-2
-11
-13
-19
-18
-13
-12
-7
0
3
3
4
1
-3
-9
-8
-8
-6
1
1
11
14
6
1
1
-7
-10
1
6
8
8
8
7
5
5
2
1
1
4
8
9
6
7
10
9
8
5
3
9
8
6
5
9
10
12
10
6
7
8
8
7
9
8
7
9
11
9
8
8
6
2
3
5
5
8
9
10
8
7
5
5
9
7
2
6
7
2
1
1
-3
-3
1
2
4
5
2
1
-1
-6
-7
-5
-3
0
0
0
0
-4
-3
-5
-8
-7
-7
-6
-7
-7
-11
-7
-7
-11
-10
-11
-11
-14
-11
-9
-8
-8
-7
-8
-14
-10
-8
-7
-7
-7
-5
-5
-6
-7
-10
-12
-10
-9
-8
-3
0
0
2
0
-5
-5
-3
-8
-8
-8
-7
-10
-9
-4
-6
-4
-2
-5
-4
-3
-6
-3
0
1
2
2
2
1
3
2
4
3
-2
-1
3
3
2
9
11
13
13
10
4
4
5
2
5
8
10
12
15
12
9
8
11
14
13
10
10
9
10
8
8
8
8
12
9
8
8
10
12
12
12
5
8
7
5
7
4
7
8
11
10
5
0
0
-1
-5
-4
-3
-5
-2
2
3
-2
-4
-5
-3
-2
0
3
4
3
2
1
-2
-2
-5
-5
-5
-6
-6
-5
-6
-9
-6
-7
-8
-9
-8
-9
-13
-15
-13
-9
-9
-9
-7
-6
-7
-8
-11
-10
-10
-11
-8
-6
-8
-8
-6
-7
-8
-7
-8
-6
-4
1
-1
-3
-1
0
-3
-2
1
-1
-3
-4
-4
-2
0
1
-2
-1
-3
-6
-2
2
1
1
4
0
-3
0
-1
-2
-3
-1
-1
-1
3
4
7
8
8
6
6
7
6
10
7
4
5
3
1
1
3
1
1
4
6
4
6
7
6
0
0
0
0
3
3
3
5
6
3
1
0
2
1
3
4
3
7
7
4
5
8
10
10
11
13
7
5
4
5
3
1
1
1
2
0
1
5
5
4
4
-1
-2
-3
-2
-4
-3
1
0
-2
-4
0
-2
0
1
-3
-3
-3
-4
-7
-8
-8
-8
-7
-6
-6
-1
-1
-5
-4
0
-4
-6
0
0
-9
-9
-5
-3
-3
-1
3
2
5
7
8
8
5
5
0
0
-1
-3
-1
1
6
5
4
2
2
6
6
8
6
3
0
-4
-6
-8
-7
-6
-5
-3
-3
-6
-5
-3
-7
-9
-7
-9
-9
-13
-14
-12
-14
-13
-14
-10
-10
-10
-9
-9
-9
-12
-12
-10
-7
-8
-11
-8
-8
-10
-8
-8
-4
-3
-7
-3
1
2
1
4
6
4
4
5
1
1
4
3
3
7
9
6
8
9
8
11
12
15
14
15
18
19
18
20
18
13
14
14
14
16
15
15
13
16
16
12
14
13
12
10
10
8
5
1
0
-2
2
1
3
7
7
5
3
1
-1
-4
-4
-2
-2
-4
-6
-6
-4
-4
-4
-3
-2
-5
-5
-3
-4
-3
-5
-7
-7
-7
-8
-7
-8
-10
-7
-8
-10
-9
-6
-5
-4
-5
-6
-5
-5
-5
-4
-5
-3
-2
-5
-4
-4
-3
-5
-6
-5
-4
-2
-5
-7
-7
-7
-6
-6
-2
-4
-4
-6
-4
-4
-7
-4
-2
-3
-6
-7
-6
-5
-4
-1
0
-2
-2
-3
-7
-6
-6
-7
-2
-2
-4
-3
0
1
-2
-1
0
-4
-5
-5
-7
-7
-5
0
-2
-4
-2
-3
-5
-4
-4
-3
-2
-3
-1
2
1
2
2
4
4
3
8
7
10
11
11
9
7
8
7
7
10
11
12
14
13
12
12
11
10
7
9
13
15
18
17
18
17
14
13
17
17
14
12
14
14
12
10
9
9
7
5
6
11
10
8
6
7
5
4
3
3
4
1
3
4
1
-2
-1
2
0
-2
-4
-6
-10
-10
-11
-12
-12
-14
-15
-13
-13
-12
-13
-16
-14
-14
-16
-16
-14
-15
-16
-20
-21
-20
-18
-19
-18
-17
-16
-15
-18
-14
-16
-16
-15
-13
-14
-10
-6
-6
-5
-5
-5
-6
-6
-6
-6
-2
-3
-3
-1
-1
0
0
-4
-4
-3
-2
-3
0
4
6
4
2
2
1
2
6
12
9
9
13
13
12
12
14
13
12
13
13
12
14
16
14
13
12
11
8
4
7
10
9
9
9
7
5
5
6
4
2
3
2
2
3
2
2
2
3
0
0
1
2
0
-1
1
-1
-3
-2
-2
-2
-3
1
2
4
4
1
0
4
3
2
-1
0
2
3
2
3
5
5
6
6
7
5
9
11
9
10
8
9
6
3
3
3
2
3
4
5
7
5
-1
-4
-2
-3
-5
-2
0
1
-2
-3
-6
-7
-8
-8
-7
-10
-13
-15
-14
-10
-11
-11
-12
-16
-18
-20
-22
-18
-14
-15
-16
-15
-14
-15
-13
-10
-11
-11
-8
-8
-10
-12
-11
-8
-6
-4
-6
-5
-4
-2
-2
-2
-1
-3
-2
2
0
2
3
2
2
1
2
7
9
6
2
5
8
7
9
6
8
7
5
7
10
6
7
5
2
3
3
5
7
9
9
5
8
5
5
7
6
6
5
4
6
8
12
10
7
9
8
6
9
11
10
6
6
9
9
9
8
7
6
4
3
2
2
4
4
3
2
1
0
-3
1
3
0
-1
-1
-3
-1
1
2
0
-3
-4
-3
-3
-2
-1
0
0
-3
-6
-5
-1
0
1
0
-4
-5
-5
-5
-4
-3
-2
-3
-3
-1
-4
-4
-5
-4
-5
-4
-5
-5
-4
-3
-4
-4
-5
-3
-3
-4
-6
-4
-1
-5
-7
-4
-2
-4
-6
-4
-3
-3
-5
-3
-2
-4
-4
-6
-6
-2
-2
-2
0
0
-4
-7
-4
-4
-2
-3
-5
-5
-3
-3
-4
-3
-3
-2
-5
-6
-5
-4
-4
-2
-2
-3
-5
-5
-4
-4
-3
-1
0
2
3
2
1
1
1
3
4
2
5
5
4
6
6
2
3
4
6
7
5
7
6
5
9
7
8
6
8
8
10
12
13
9
5
2
2
5
4
6
8
6
7
7
2
3
4
3
5
8
4
-1
1
2
3
2
2
1
-1
0
3
3
0
-2
3
1
-3
-3
-3
0
-1
0
4
3
3
1
0
-1
1
-3
-4
-4
-5
-4
-3
-3
-5
-8
-7
-4
-2
-3
-2
-2
-3
-1
0
0
0
-3
-4
-1
-2
-2
-2
-2
-4
-4
-5
-3
0
-1
-2
-2
0
2
1
0
1
-2
-7
-5
-4
-4
-3
-2
-5
-10
-8
-6
-7
-4
-6
-8
-6
-4
-3
-3
1
-1
-4
-4
-2
-5
-9
-5
-3
-3
-3
-5
-4
-3
-2
-1
2
0
0
0
0
3
3
2
2
4
4
1
4
7
7
3
2
6
7
6
6
10
6
6
8
6
6
6
5
4
0
1
2
0
1
-2
-3
-7
-4
-3
-2
-1
-2
-2
-3
-3
-6
-6
-2
2
1
2
1
-1
-1
2
2
1
2
4
2
3
4
2
2
1
3
3
6
9
13
13
13
10
9
9
9
9
5
5
6
4
4
5
5
7
9
7
5
7
4
0
3
4
2
-2
-4
-6
-7
-7
-5
-2
-3
-2
0
-2
-5
-2
-2
-5
-5
-3
0
1
0
-4
-5
-8
-6
-8
-7
-4
-6
-7
-5
-1
-4
-6
-4
-4
-2
-2
-2
-1
-7
-10
-9
-9
-9
-11
-9
-7
-7
-6
-5
-6
-7
-7
-6
-3
-2
-1
-1
-1
-3
-4
-4
-4
-3
-4
-7
-6
-1
-1
-5
-3
-2
-5
-2
-4
-2
0
-1
1
1
3
2
0
0
1
3
3
4
5
6
4
4
5
8
6
3
4
3
5
7
5
7
5
6
6
3
5
4
3
4
4
4
4
3
1
2
5
6
6
9
5
2
4
7
8
7
9
9
6
2
4
5
7
7
9
7
5
8
5
4
5
6
7
5
6
8
6
5
4
1
0
0
3
3
2
1
2
3
3
-1
-1
0
-3
-4
-6
-7
-8
-8
-7
-7
-7
-6
-8
-8
-8
-7
-9
-10
-10
-10
-8
-7
-8
-11
-11
-12
-12
-12
-8
-8
-7
-6
-5
-5
-7
-5
-4
-4
-4
-3
-2
0
2
5
4
0
3
2
-1
1
2
2
0
0
1
0
1
1
5
4
4
4
2
1
-2
-6
-5
-4
-3
-3
-6
-4
-6
-6
-2
-1
1
0
-1
-4
-7
-7
-6
-5
-4
-3
0
0
0
2
2
5
3
-1
-1
0
0
0
0
0
0
2
4
4
3
5
8
9
9
9
10
13
12
13
11
10
15
13
10
10
9
10
9
11
13
12
10
11
8
5
6
9
8
3
4
4
1
0
3
3
2
2
4
3
0
2
-1
-4
-2
-3
-2
-4
-2
0
-2
-3
-3
-4
-6
-5
-3
-1
-4
-6
-4
-5
-5
-4
-4
-4
-4
-6
-7
-5
-6
-6
-9
-8
-11
-14
-10
-8
-11
-9
-7
-8
-8
-8
-5
-6
-4
-1
0
-2
-2
-3
-4
-5
-4
-4
-5
-4
-1
0
-3
0
-3
-1
3
4
0
2
2
0
1
3
2
0
0
-1
1
1
2
4
2
2
5
3
1
1
4
3
3
6
6
1
2
5
4
2
2
2
4
3
0
1
1
0
1
2
0
1
4
4
3
2
2
3
2
0
-3
-3
-3
-4
-4
-4
-6
-8
-5
-2
-3
-4
-2
-2
-5
-4
-1
0
2
2
4
1
0
0
2
4
3
0
1
3
6
4
3
5
7
4
2
4
8
9
10
9
4
3
3
1
4
6
5
4
3
2
1
0
0
3
4
4
4
5
6
4
3
0
-3
-3
-3
-2
-3
-2
1
0
0
2
2
5
4
4
4
2
0
3
1
-4
-4
-6
-4
0
1
0
-3
-2
-4
-4
-3
-1
-6
-4
-3
-3
-4
-5
-2
-3
-4
-6
-4
-5
-6
-6
-7
-9
-9
-8
-10
-7
-9
-7
-4
-6
-7
-6
-4
-3
-3
-6
-7
-5
-4
-4
-3
-1
-3
-4
-2
-3
-3
2
0
-2
-1
-1
-2
-6
-5
-3
-2
-1
1
2
4
2
5
4
0
1
2
3
6
5
4
3
3
1
0
2
2
4
2
2
3
2
5
4
4
4
1
2
4
7
6
5
6
4
3
4
6
5
5
2
2
2
0
1
0
-1
3
5
4
6
6
3
2
1
2
0
0
6
4
2
7
5
4
3
5
5
5
5
6
7
6
7
10
9
6
4
3
1
5
5
4
2
6
5
1
1
-1
-1
-2
1
0
-1
0
0
1
2
2
-1
-3
-1
-2
-3
-2
-2
-5
-8
-9
-9
-11
-11
-8
-8
-6
-3
-3
-8
-10
-8
-8
-10
-12
-12
-9
-11
-9
-9
-8
-9
-9
-9
-9
-9
-7
-6
-5
-3
-3
-6
-6
-7
-11
-10
-4
-4
-4
-4
-3
-5
-5
-6
-8
-7
-6
-4
-3
-4
-4
-2
-1
0
0
0
0
-1
0
-1
2
4
3
0
-3
1
4
8
9
12
13
13
13
9
8
8
11
7
9
9
7
9
12
11
8
10
9
7
5
6
7
8
10
11
11
9
8
7
6
7
7
8
6
5
6
1
0
1
2
2
4
5
6
6
5
7
9
11
11
10
10
6
4
3
4
1
0
3
3
6
6
3
4
5
1
2
-1
-4
-2
-4
-3
-1
-6
-6
-8
-8
-9
-8
-7
-7
-7
-5
-6
-7
-5
-5
-8
-10
-10
-10
-9
-9
-12
-13
-11
-14
-13
-13
-12
-12
-12
-11
-13
-12
-11
-10
-13
-14
-14
-11
-11
-11
-8
-6
-8
-11
-9
-9
-5
-6
-7
-6
-7
-3
-2
-4
-3
-3
-3
-3
-2
1
-1
-2
-4
-4
-4
-1
-1
1
1
1
3
7
5
6
9
9
10
9
8
9
9
7
8
5
6
8
8
7
7
8
9
10
13
12
12
10
9
13
17
14
12
12
13
16
19
17
15
13
13
12
13
12
11
13
8
9
10
9
7
8
8
5
7
4
3
3
3
2
0
-3
-6
-6
-5
-4
-2
-2
0
0
-2
-4
-3
-2
-5
-5
-3
-2
-3
-3
-6
-8
-9
-7
-5
-5
-3
-4
-5
-6
-10
-9
-7
-8
-10
-9
-10
-13
-14
-15
-13
-13
-15
-13
-12
-13
-14
-10
-10
-11
-13
-12
-10
-8
-7
-8
-5
-7
-8
-7
-7
-7
-7
-4
-3
-2
-1
-3
-1
0
-1
-1
-2
1
-2
-5
1
3
2
2
4
2
1
2
-2
-3
-3
-2
0
2
4
5
8
6
9
11
14
14
10
9
5
4
5
4
4
6
9
8
6
5
1
-1
0
3
6
6
9
10
8
6
4
1
2
5
5
3
5
5
2
1
2
1
2
3
3
6
9
9
7
8
10
8
5
7
8
6
3
6
9
6
6
5
7
3
4
6
5
3
3
5
3
0
-3
-4
-3
-2
-1
0
1
1
2
-1
-1
0
-4
-6
-7
-7
-7
-7
-6
-9
-9
-7
-6
-10
-12
-11
-10
-10
-9
-9
-10
-6
-6
-8
-7
-8
-8
-6
-4
-4
-3
-4
-3
-2
-4
-5
-5
-5
-4
-7
-7
-7
-5
-6
-5
-4
-6
-6
-5
-6
-7
-2
2
1
0
4
5
0
-2
-4
-6
-3
-3
-1
1
1
0
-1
1
3
3
2
4
8
8
6
6
4
-1
-3
0
2
2
2
4
4
3
4
3
5
3
3
1
1
1
0
0
0
-1
1
3
2
3
2
0
1
1
4
8
7
10
9
7
4
4
5
2
3
4
3
3
3
0
0
2
4
7
8
8
9
7
7
6
3
3
6
5
5
4
1
2
0
-3
-1
-1
0
0
0
3
3
3
2
3
5
4
5
6
4
4
3
0
-1
-1
-1
0
1
-2
0
0
-1
0
-1
-2
-3
-4
-6
-3
2
5
2
-3
-5
-9
-10
-10
-10
-13
-14
-9
-8
-9
-12
-10
-14
-11
-7
-6
-3
-2
-3
-6
-7
-8
-6
-5
-4
-3
-4
-2
-6
-9
-5
-5
-8
-4
-3
-5
-2
-1
0
2
1
-2
-3
1
2
-2
-1
-1
-4
-3
-1
2
0
1
4
3
3
6
7
5
4
4
2
0
1
-1
1
2
1
-1
4
8
7
4
7
11
9
7
9
10
7
5
-1
1
1
-2
-1
0
-1
-4
-5
-3
-2
0
-1
-1
2
4
6
6
4
2
2
2
4
3
3
4
4
4
7
7
6
5
5
5
6
7
8
7
11
12
10
12
13
11
12
12
9
9
11
7
5
3
2
1
-1
0
1
1
1
2
2
4
4
2
0
-1
-4
-7
-8
-9
-8
-9
-13
-11
-10
-8
-10
-13
-11
-10
-8
-8
-10
-9
-8
-12
-14
-15
-15
-13
-13
-13
-13
-16
-13
-12
-12
-13
-12
-13
-11
-8
-6
-6
-7
-3
-6
-9
-6
-4
-5
-6
-4
-4
-3
2
2
2
3
5
7
7
7
10
7
6
3
1
0
1
0
0
3
5
3
5
6
5
7
8
8
8
11
12
14
11
10
9
6
6
6
4
5
5
6
8
7
7
5
5
4
3
4
6
9
9
8
8
4
4
3
2
3
8
5
4
4
1
-1
-3
-1
1
0
0
6
6
2
2
-3
-7
-6
-6
-6
-6
-6
-6
-5
-6
-5
-7
-9
-10
-10
-8
-7
-8
-5
-5
-3
-2
-4
-6
-6
-4
0
2
4
2
2
3
4
4
4
5
5
8
11
10
10
10
7
2
0
-1
1
1
-1
1
0
-1
-1
-1
0
3
5
4
2
1
0
-2
-5
-8
-7
-8
-7
-5
-5
-5
-6
-8
-7
-6
-7
-3
-4
-5
-2
-5
-5
-5
-4
-2
-4
-5
-3
-6
-10
-10
-8
-9
-11
-11
-11
-8
-6
-5
-3
-2
-2
-2
-1
2
2
-2
-1
3
3
3
2
1
-1
-1
0
0
4
7
8
6
8
9
2
5
6
4
8
10
12
9
6
5
5
4
3
7
10
9
7
8
9
6
5
0
1
4
3
2
2
2
0
-3
-2
0
-1
-1
1
3
3
4
5
6
5
3
1
0
-2
1
3
2
1
0
-3
-4
-4
-5
-4
-5
-1
0
0
-1
-1
0
0
-1
-1
1
2
4
2
0
-3
-3
-1
-4
-4
-2
-3
-2
-1
2
1
-1
0
4
5
6
10
10
5
3
1
-2
-6
-4
-3
-1
0
-2
-2
-3
1
3
1
0
-5
-5
-4
-1
-3
-2
-1
-4
-10
-9
-6
-9
-13
-9
-6
-7
-6
-5
-6
-7
-6
-3
-3
-4
-4
-2
-1
-3
-4
-5
-3
-2
-3
1
-1
-2
1
-2
-1
-1
-1
1
3
1
-1
-1
1
0
-1
-2
-3
-4
-5
-3
0
4
5
4
6
6
5
4
5
4
4
5
3
5
5
3
2
0
1
2
3
1
2
2
3
5
5
5
6
5
5
6
5
5
7
4
1
-2
-1
0
-1
-1
2
3
3
4
6
5
6
6
6
7
7
5
3
0
-2
-1
-3
-4
-5
-3
-1
0
0
-2
-2
-1
-3
-3
-3
-2
-2
-3
-2
-2
-2
-3
-3
-3
-6
-6
-5
-4
-5
-7
-5
-4
-2
0
-2
5
5
3
4
4
5
2
2
2
1
0
2
4
7
9
11
11
7
7
7
7
6
8
5
3
7
6
4
3
-2
-3
-4
-3
-4
-3
-2
-3
-6
-5
-3
-4
-5
-2
-2
-6
-6
-9
-13
-14
-14
-14
-15
-15
-11
-13
-13
-13
-14
-14
-12
-9
-7
-5
-3
-2
-4
-6
-4
-7
-11
-10
-9
-9
-10
-6
-2
-3
-5
-3
1
2
3
8
10
6
6
5
9
9
9
10
11
10
8
7
6
7
8
8
5
7
8
10
11
10
10
10
10
9
7
6
5
6
5
4
4
6
5
4
4
3
0
2
3
5
7
6
6
4
1
-1
-2
-3
-4
-1
-4
-1
3
1
1
0
0
3
3
2
5
6
6
5
1
-2
3
3
0
1
0
1
4
2
-2
-3
-2
-2
-3
0
1
2
3
3
5
2
0
-3
-6
-8
-6
-5
-6
-7
-5
-8
-10
-9
-7
-9
-7
-4
-3
0
-1
-2
-4
-3
-5
-7
-9
-8
-9
-8
-6
-6
-7
-8
-7
-3
-5
-6
-3
-1
0
-1
1
1
-2
-1
-3
-2
-3
-5
-5
-4
-5
-6
-7
-10
-8
-7
-6
-4
-2
-2
-5
-5
-2
-3
-2
0
0
-2
-2
-2
-4
-5
-3
-6
-6
-1
1
1
3
4
8
8
7
8
7
7
8
7
6
3
2
5
9
7
6
8
10
8
7
10
13
13
11
13
15
12
12
11
11
8
4
7
5
5
6
8
8
9
6
5
3
4
2
3
6
7
7
8
10
8
6
5
6
3
5
8
7
4
4
4
5
2
0
0
-1
1
1
0
-1
-5
-7
-8
-9
-9
-12
-13
-9
-6
-5
-6
-7
-6
-7
-8
-11
-11
-11
-13
-12
-10
-7
-8
-7
-9
-10
-10
-10
-12
-11
-10
-8
-10
-10
-9
-10
-11
-11
-7
-10
-11
-7
-5
-8
-8
-6
-7
-6
-7
-4
2
3
0
-1
-2
-5
-2
-1
1
3
3
2
1
4
2
2
3
2
3
1
3
6
7
6
3
2
2
3
3
3
5
1
1
3
2
1
1
-2
0
3
5
7
8
11
12
7
6
9
7
11
12
9
8
6
5
5
5
5
3
1
2
5
3
5
9
8
7
7
9
9
9
12
11
10
8
7
7
4
3
4
4
5
5
5
6
7
5
4
4
3
3
3
2
2
1
3
1
3
6
6
1
-4
-5
-7
-5
-8
-8
-9
-11
-13
-9
-8
-10
-8
-6
-8
-10
-12
-11
-12
-11
-10
-13
-13
-13
-9
-7
-8
-7
-8
-10
-9
-9
-7
-6
-5
-6
-4
-3
-6
-5
-6
-6
-8
-7
-5
-5
-3
-4
-2
-1
-2
0
0
0
1
3
2
0
-2
-3
-2
-3
-3
-6
-7
-2
5
5
6
7
6
5
4
5
7
6
5
2
2
1
1
3
1
-1
0
-2
-3
-4
-2
1
3
4
3
4
3
1
3
3
3
4
3
5
2
-1
1
2
-2
1
5
2
1
3
6
7
5
4
4
5
8
6
5
8
9
10
8
10
8
5
6
6
5
7
11
8
5
6
8
5
5
6
5
7
9
10
7
6
6
3
5
7
3
3
1
1
0
-2
-2
-3
-5
-5
-4
-5
-3
-1
-3
-3
-1
-1
-1
1
-4
-3
-4
-4
-3
-4
-4
-2
0
-5
-5
-8
-9
-7
-9
-12
-12
-13
-16
-13
-11
-5
-8
-11
-8
-9
-11
-12
-12
-10
-10
-12
-11
-12
-11
-9
-8
-9
-12
-9
-10
-9
-5
-5
-4
-1
-2
2
4
4
2
1
-1
-2
-1
0
-2
-3
-2
-1
0
1
3
6
6
4
3
5
2
1
6
6
6
5
5
4
5
7
6
4
4
4
5
4
4
5
6
5
4
5
6
7
9
7
6
7
9
7
5
5
4
5
7
7
6
6
10
11
7
7
10
9
10
11
9
5
6
9
8
5
2
3
4
5
5
2
3
2
2
4
2
3
0
1
3
4
4
3
1
0
-4
-3
0
-3
-3
-4
-3
2
4
2
-1
-2
-4
-4
-4
-2
-2
0
-1
-5
-6
-8
-8
-8
-7
-7
-11
-9
-14
-15
-10
-11
-8
-6
-5
-7
-9
-9
-11
-9
-8
-11
-11
-13
-12
-11
-12
-9
-9
-8
-7
-8
-8
-5
-8
-11
-12
-9
-10
-8
-8
-7
-8
-8
-6
-5
-4
-6
-5
-5
-3
-1
2
5
6
7
6
4
7
7
7
8
7
7
4
0
3
7
8
13
13
12
14
15
17
15
15
15
10
10
10
9
7
6
8
5
6
7
8
6
7
9
9
9
11
12
10
7
5
4
4
3
0
0
0
-2
-2
-4
-2
-1
-2
-2
-3
-5
-4
-4
-2
1
3
4
2
0
-2
-4
-5
-6
-7
-7
-5
-3
-3
-3
-3
-4
-5
-6
-6
-4
-3
-2
2
0
0
-2
-2
0
-1
4
3
2
2
2
3
6
8
5
3
4
5
3
5
6
1
1
3
1
-1
-1
2
2
-3
-5
-2
-4
-5
-6
-8
-10
-9
-11
-13
-11
-7
-10
-13
-11
-10
-12
-11
-12
-16
-17
-16
-14
-10
-9
-9
-6
-5
-5
-5
-1
-2
-6
-6
-6
-7
-7
-9
-12
-12
-12
-13
-14
-14
-13
-14
-9
-10
-9
-4
2
1
0
-1
-2
-3
-2
3
6
10
14
13
15
20
24
24
26
27
27
30
34
38
40
41
43
41
39
40
37
36
38
36
37
38
34
32
32
31
30
32
32
29
31
33
31
33
32
28
27
24
21
18
15
12
8
4
5
2
2
0
-4
-6
-7
-13
-19
-22
-25
-27
-32
-38
-43
-45
-48
-47
-55
-55
-56
-55
-54
-51
-49
-49
-43
-43
-38
-31
-27
-25
-9
3
6
14
21
33
40
45
50
52
64
77
79
80
86
92
90
91
94
90
86
84
77
70
63
49
38
26
17
-2
-14
-18
-27
-40
-52
-63
-75
-87
-103
-117
-130
-143
-156
-166
-168
-172
-182
-183
-182
-183
-178
-177
-171
-162
-151
-140
-131
-126
-112
-97
-88
-76
-55
-37
-26
-10
9
26
39
49
59
77
86
92
104
111
115
119
122
128
127
125
122
118
113
101
90
80
66
52
37
22
9
-3
-21
-33
-44
-57
-70
-83
-95
-102
-113
-121
-131
-135
-132
-135
-134
-128
-123
-119
-109
-92
-78
-61
-38
-14
7
30
55
84
107
133
163
194
229
263
290
316
336
354
373
389
411
424
428
432
429
422
417
408
387
357
332
300
264
225
178
127
77
21
-45
-98
-148
-207
-259
-307
-359
-408
-453
-495
-537
-575
-610
-639
-659
-669
-676
-681
-677
-665
-640
-611
-575
-526
-473
-412
-347
-281
-213
-139
-59
28
113
190
276
359
433
507
578
649
707
762
803
836
857
864
864
855
832
795
751
706
645
573
498
409
320
227
120
17
-93
-208
-319
-430
-534
-633
-729
-817
-888
-946
-1007
-1057
-1091
-1105
-1110
-1116
-1102
-1076
-1041
-994
-942
-884
-814
-723
-616
-507
-397
-261
-100
52
194
337
489
658
828
968
1064
1162
1288
1388
1425
1423
1447
1485
1496
1456
1381
1322
1274
1191
1053
890
752
645
505
308
114
-33
-172
-331
-512
-686
-824
-922
-1022
-1168
-1284
-1328
-1360
-1411
-1461
-1482
-1458
-1420
-1389
-1353
-1308
-1234
-1150
-1083
-1021
-933
-823
-718
-630
-536
-400
-253
-121
4
150
319
494
649
790
950
1132
1315
1443
1522
1623
1750
1830
1854
1852
1848
1866
1850
1762
1637
1549
1482
1380
1228
1067
925
788
634
427
225
64
-87
-265
-450
-621
-782
-924
-1059
-1193
-1309
-1399
-1472
-1538
-1591
-1619
-1625
-1620
-1610
-1602
-1578
-1537
-1499
-1460
-1396
-1325
-1260
-1194
-1107
-997
-888
-782
-669
-531
-390
-252
-112
22
176
353
526
674
816
998
1188
1341
1444
1541
1662
1766
1811
1810
1796
1791
1771
1710
1600
1486
1404
1303
1162
987
826
688
538
347
145
-35
-194
-366
-554
-716
-860
-987
-1104
-1232
-1343
-1415
-1468
-1524
-1565
-1588
-1593
-1587
-1578
-1575
-1562
-1522
-1468
-1407
-1349
-1285
-1185
-1066
-968
-873
-742
-596
-458
-301
-144
-10
140
321
479
625
790
955
1132
1349
1576
1703
1776
1918
2076
2133
2124
2119
2135
2140
2081
1961
1831
1740
1652
1526
1357
1179
1030
880
680
447
240
65
-104
-287
-494
-694
-831
-950
-1125
-1310
-1421
-1497
-1577
-1652
-1724
-1750
-1749
-1766
-1787
-1784
-1757
-1737
-1715
-1678
-1615
-1550
-1468
-1365
-1266
-1139
-987
-838
-679
-464
-265
-138
-4
160
306
434
603
783
942
1164
1454
1648
1719
1816
1980
2144
2214
2184
2169
2207
2220
2135
1968
1805
1682
1593
1477
1289
1112
998
840
591
325
84
-136
-343
-533
-748
-928
-1044
-1206
-1424
-1595
-1728
-1842
-1952
-2048
-2125
-2129
-2104
-2153
-2200
-2172
-2144
-2154
-2136
-2065
-1956
-1846
-1721
-1601
-1515
-1405
-1213
-1012
-853
-633
-343
-131
39
246
438
604
819
1015
1174
1477
1876
2099
2141
2291
2503
2633
2690
2651
2633
2743
2801
2652
2420
2286
2208
2087
1905
1670
1500
1429
1246
917
655
455
215
-73
-350
-610
-811
-957
-1164
-1406
-1560
-1667
-1789
-1921
-2037
-2096
-2082
-2080
-2141
-2149
-2095
-2090
-2130
-2105
-2025
-1922
-1823
-1745
-1647
-1509
-1366
-1238
-1064
-829
-597
-389
-170
60
233
421
672
848
992
1297
1798
2125
2132
2203
2488
2740
2815
2758
2719
2817
2919
2802
2494
2261
2171
2046
1826
1563
1353
1281
1151
784
403
160
-87
-422
-765
-1058
-1296
-1462
-1633
-1898
-2131
-2244
-2346
-2460
-2560
-2605
-2574
-2530
-2523
-2515
-2474
-2417
-2408
-2407
-2321
-2203
-2073
-1919
-1777
-1655
-1489
-1280
-1081
-884
-610
-313
-45
247
533
742
919
1113
1298
1536
1967
2400
2536
2580
2810
3096
3190
3124
3076
3135
3274
3270
3022
2737
2597
2472
2218
1921
1643
1483
1369
1084
638
251
-34
-331
-692
-1048
-1356
-1599
-1756
-1983
-2216
-2352
-2440
-2538
-2605
-2635
-2634
-2598
-2576
-2556
-2525
-2482
-2486
-2531
-2476
-2331
-2228
-2139
-2021
-1906
-1683
-1385
-1167
-972
-676
-296
24
285
599
936
1232
1469
1626
1989
2634
2994
2981
3092
3436
3741
3800
3669
3638
3806
3920
3710
3307
3051
2869
2633
2323
1891
1572
1465
1213
679
195
-129
-456
-854
-1287
-1663
-1942
-2128
-2364
-2657
-2814
-2889
-2954
-2997
-3048
-3080
-3004
-2943
-2982
-2933
-2824
-2772
-2808
-2848
-2754
-2627
-2544
-2448
-2316
-2077
-1758
-1496
-1271
-962
-570
-182
104
388
741
1077
1372
1587
1927
2588
3122
3188
3219
3600
4035
4154
4011
3918
4079
4286
4206
3791
3413
3210
2921
2564
2109
1645
1447
1251
748
153
-267
-621
-1087
-1542
-1927
-2225
-2399
-2565
-2836
-3042
-3069
-3068
-3113
-3124
-3026
-2873
-2787
-2778
-2764
-2651
-2555
-2638
-2731
-2624
-2453
-2393
-2335
-2215
-2055
-1817
-1556
-1314
-1029
-650
-264
74
419
792
1168
1468
1707
2213
3015
3468
3466
3709
4241
4574
4589
4425
4374
4547
4671
4426
3937
3564
3305
2938
2437
1882
1489
1297
868
218
-275
-644
-1046
-1489
-1949
-2376
-2600
-2698
-2910
-3174
-3207
-3069
-3019
-3055
-3072
-2978
-2812
-2699
-2664
-2608
-2498
-2433
-2470
-2477
-2395
-2289
-2210
-2211
-2164
-1921
-1599
-1356
-1189
-946
-589
-214
111
402
749
1135
1544
2177
3038
3564
3660
3965
4563
4898
4928
4854
4804
4956
5075
4786
4197
3746
3435
2974
2376
1743
1241
970
519
-242
-849
-1217
-1607
-2050
-2525
-2997
-3192
-3140
-3265
-3498
-3488
-3304
-3169
-3107
-3036
-2926
-2765
-2616
-2512
-2382
-2298
-2350
-2448
-2531
-2570
-2574
-2650
-2678
-2541
-2287
-1981
-1760
-1590
-1340
-1021
-652
-238
151
515
941
1650
2679
3498
3745
4021
4753
5425
5628
5513
5444
5600
5753
5574
4927
4293
3990
3513
2798
2057
1395
1041
711
-10
-833
-1349
-1674
-2061
-2516
-2916
-3173
-3147
-3036
-3146
-3171
-2921
-2655
-2490
-2357
-2194
-1957
-1752
-1649
-1577
-1530
-1549
-1731
-2039
-2231
-2280
-2453
-2729
-2853
-2731
-2502
-2352
-2264
-2124
-1741
-1196
-742
-372
11
538
1479
2780
3620
3789
4266
5268
6029
6166
5928
5838
6023
6120
5714
4810
4072
3629
2989
2197
1302
515
160
-303
-1114
-1831
-2291
-2548
-2766
-3041
-3311
-3391
-3112
-2853
-2822
-2679
-2345
-1956
-1646
-1472
-1304
-1104
-982
-1011
-1127
-1206
-1392
-1843
-2330
-2616
-2845
-3184
-3526
-3687
-3638
-3413
-3145
-2959
-2688
-2145
-1405
-710
-215
155
826
2196
3727
4424
4603
5352
6489
7089
6941
6433
6188
6274
6025
5115
3946
3071
2371
1554
667
-334
-1057
-1215
-1513
-2161
-2653
-2775
-2705
-2659
-2657
-2663
-2465
-1958
-1565
-1408
-1132
-765
-445
-212
-132
-175
-299
-549
-891
-1225
-1671
-2292
-2971
-3527
-3870
-4172
-4533
-4743
-4664
-4333
-3845
-3304
-2767
-2162
-1342
-402
410
952
1383
2239
3782
5302
5821
5871
6557
7521
7787
7128
6151
5563
5329
4698
3312
1790
798
111
-614
-1378
-2110
-2301
-1962
-1834
-2001
-2028
-1707
-1253
-936
-800
-743
-458
29
256
257
325
419
428
293
-26
-437
-926
-1531
-2124
-2679
-3314
-4076
-4749
-5079
-5170
-5219
-5207
-4953
-4344
-3486
-2600
-1839
-1109
-324
570
1456
1947
2054
2223
3053
4562
5565
5405
5261
5992
6670
6305
5147
4036
3451
3043
2126
607
-674
-1200
-1529
-1849
-2091
-2194
-1664
-787
-361
-272
-95
235
533
607
427
149
138
318
189
-107
-272
-385
-469
-678
-1132
-1649
-2124
-2597
-3031
-3400
-3821
-4349
-4707
-4650
-4412
-4265
-4006
-3446
-2625
-1659
-844
-324
139
792
1425
1696
1636
1445
1506
2434
3913
4536
4237
4504
5538
6073
5534
4365
3421
3020
2582
1452
-110
-1094
-1365
-1478
-1540
-1553
-1235
-323
481
713
658
622
654
618
414
-76
-529
-472
-297
-418
-544
-498
-387
-313
-416
-809
-1335
-1840
-2306
-2734
-3151
-3684
-4225
-4416
-4145
-3864
-3800
-3568
-2939
-2100
-1346
-810
-418
20
543
944
1020
812
522
740
2141
4055
4765
4621
5370
6660
6934
5877
4343
3215
2569
1790
311
-1360
-2158
-2275
-2180
-1864
-1522
-840
374
1341
1566
1341
1044
828
664
285
-456
-872
-486
-80
-80
-59
171
412
386
12
-638
-1421
-2203
-2883
-3375
-3816
-4370
-4788
-4706
-4168
-3727
-3568
-3220
-2433
-1509
-822
-422
-155
182
615
835
686
295
-50
505
2469
4516
4926
4771
5818
7066
6734
4895
2868
1647
954
-119
-1837
-3236
-3395
-2828
-2055
-1139
-282
813
2153
2888
2654
1862
1091
541
63
-579
-1343
-1449
-661
20
216
399
748
908
627
-30
-972
-1963
-2800
-3420
-3783
-4015
-4281
-4357
-3833
-3032
-2657
-2607
-2259
-1559
-906
-528
-459
-423
-198
151
345
207
-191
-284
1149
3954
5736
5652
5845
7224
7894
6471
3823
1504
226
-598
-1902
-3478
-4155
-3556
-2277
-818
397
1307
2407
3403
3366
2234
762
-349
-902
-1242
-1781
-2080
-1346
63
998
1257
1386
1488
1261
522
-614
-1885
-3034
-3833
-4145
-4150
-4220
-4292
-3894
-2915
-2136
-2150
-2312
-1952
-1292
-842
-824
-932
-819
-437
-85
-40
-212
-316
712
3585
6389
6934
6559
7320
8234
7204
4253
1127
-870
-1771
-2547
-3771
-4423
-3540
-1783
154
1774
2587
3111
3679
3652
2482
518
-1148
-1825
-1741
-1567
-1587
-965
630
1943
2214
1921
1438
747
-191
-1354
-2646
-3796
-4380
-4225
-3692
-3361
-3424
-3398
-2785
-2141
-2326
-3001
-3178
-2706
-2106
-1658
-1297
-932
-379
346
723
523
-68
-353
1071
4202
6430
6455
6431
7660
8247
6458
3163
177
-1647
-2557
-3377
-4354
-4439
-3061
-911
1306
2907
3527
3792
3959
3348
1567
-688
-2174
-2399
-1904
-1502
-1133
17
1719
2658
2464
1777
960
64
-943
-2198
-3538
-4404
-4487
-4033
-3550
-3426
-3502
-3235
-2541
-2176
-2578
-2997
-2724
-1973
-1220
-843
-767
-589
-122
320
277
-315
-811
427
3972
7217
7773
7394
8128
8663
6945
3137
-862
-3309
-3969
-4084
-4504
-4227
-2408
209
2839
4585
4725
4188
3804
2940
1101
-1229
-2881
-2948
-1816
-663
6
877
2288
3107
2624
1399
-34
-1297
-2153
-2753
-3322
-3728
-3597
-2931
-2256
-2224
-2875
-3495
-3442
-3131
-3263
-3487
-3084
-2041
-774
218
543
413
288
205
-230
-992
-1841
-1979
451
5130
8356
8663
8696
9581
9071
5706
841
-3378
-5594
-5749
-5230
-4758
-3214
-310
2833
5311
6252
5405
3986
2703
1069
-1107
-3066
-3664
-2559
-634
855
1590
2343
3037
2626
1092
-737
-2231
-3069
-3234
-3139
-3057
-2846
-2446
-2033
-1967
-2724
-4102
-4972
-4719
-4180
-4045
-3727
-2589
-1012
298
871
569
-89
-569
-1070
-1834
-2556
-3083
-2100
1942
7175
9753
9727
9795
9884
7767
3024
-2366
-6150
-7246
-6321
-4881
-3252
-673
2562
5497
7204
6755
4756
2874
1347
-342
-2132
-3274
-2731
-696
1383
2376
2481
2640
2553
1381
-447
-2015
-2882
-2912
-2350
-1809
-1597
-1543
-1380
-1233
-1748
-3212
-4769
-5182
-4440
-3679
-3292
-2552
-1209
154
1066
1167
468
-373
-757
-999
-1502
-2060
-2425
-1335
2817
8229
10676
10006
9447
9202
6836
2038
-3223
-6818
-7393
-5538
-3412
-1813
340
3090
5510
6802
6029
3755
1870
834
-266
-1732
-2640
-2048
-241
1411
1732
1134
875
667
-335
-1631
-2394
-2428
-1826
-1002
-701
-1085
-1760
-2495
-3205
-4138
-5487
-6520
-6121
-4421
-2771
-1811
-990
-43
630
707
-28
-1394
-2504
-2709
-2420
-2137
-1992
-1561
1059
6432
10878
11106
9324
8309
6862
3282
-1656
-5974
-7766
-6384
-3433
-1172
393
2360
4493
6050
6105
4149
1853
765
301
-354
-1185
-1419
-435
1116
1726
856
-272
-627
-897
-1558
-1969
-1714
-958
23
603
120
-1134
-2446
-3474
-4321
-5344
-6342
-6321
-4761
-2625
-1225
-602
-124
289
312
-160
-1189
-2337
-2655
-1980
-1145
-730
-650
-141
2593
7480
10825
10168
8169
7333
6103
2693
-1944
-5595
-6540
-4641
-1742
80
1126
2653
4471
5807
5682
3859
2069
1471
1236
433
-686
-1162
-527
549
750
-179
-900
-747
-637
-957
-1032
-625
20
647
595
-538
-2235
-3789
-4934
-5641
-6163
-6392
-5584
-3567
-1409
-273
-72
-123
-275
-688
-1372
-2306
-3111
-3066
-2073
-1005
-558
-640
270
4075
9091
10844
8961
7149
6282
4191
172
-4234
-6842
-6324
-3383
-462
989
2057
3615
5163
5903
4864
2602
1163
845
551
-253
-1192
-1355
-448
462
253
-686
-1042
-756
-666
-703
-455
5
527
839
242
-1449
-3374
-4728
-5346
-5560
-5804
-5642
-4233
-1992
-385
-127
-517
-816
-1115
-1529
-2014
-2592
-2797
-2108
-944
-230
-272
-774
-416
2768
7614
9882
8742
7423
6878
5216
1611
-2813
-5945
-6030
-3468
-810
533
1689
3289
4923
5935
5169
2936
1253
641
91
-906
-1844
-1845
-810
257
248
-468
-605
-192
-79
-148
74
496
825
771
-49
-1560
-3194
-4556
-5381
-5583
-5484
-5097
-3785
-1653
25
429
72
-429
-1039
-1544
-1908
-2363
-2496
-1693
-432
291
256
-185
314
3685
8438
10156
8630
7375
6765
4707
921
-3219
-5915
-5629
-2827
-172
962
1929
3445
4859
5488
4477
2373
1008
577
81
-806
-1619
-1599
-670
161
-64
-917
-1097
-627
-419
-331
51
507
712
428
-682
-2555
-4403
-5514
-5795
-5639
-5438
-4903
-3389
-1275
-36
-184
-835
-1383
-1866
-2125
-2155
-2376
-2293
-1208
23
204
-512
-1456
-1274
2033
7264
9881
8918
7831
7436
5533
1621
-2939
-6226
-6298
-3349
-299
992
1812
3309
4896
5655
4670
2399
793
279
-150
-883
-1517
-1451
-541
345
155
-802
-1185
-820
-517
-174
505
1147
1402
1023
-215
-2193
-4295
-5646
-5937
-5643
-5199
-4463
-2896
-756
480
221
-557
-1219
-1818
-2157
-2120
-2091
-1890
-874
240
336
-364
-1220
-1189
1684
6895
10118
9707
8684
8060
6037
2206
-2438
-6099
-6638
-3951
-756
805
1841
3484
4946
5584
4842
2759
1005
291
-121
-733
-1366
-1366
-582
134
-91
-1024
-1453
-1102
-715
-291
451
1172
1453
1063
-191
-2207
-4307
-5717
-6260
-6085
-5425
-4405
-2750
-680
555
412
-321
-1153
-1999
-2409
-2265
-2117
-1801
-710
438
572
-195
-1301
-1465
1461
6784
10131
9920
8998
8387
6414
2471
-2526
-6454
-6923
-4122
-1012
539
1684
3362
4928
5648
4814
2698
914
167
-193
-818
-1561
-1701
-1060
-427
-667
-1546
-1908
-1447
-794
-124
677
1327
1462
898
-535
-2781
-5099
-6533
-6763
-6185
-5359
-4351
-2687
-602
506
84
-887
-1768
-2439
-2544
-2143
-1791
-1402
-494
349
126
-835
-1944
-2430
-68
5632
10603
11567
10469
9331
7263
3356
-1977
-6837
-8310
-5691
-1726
957
2594
4221
5638
6429
5881
3651
1280
168
-103
-390
-819
-998
-602
-45
-278
-1409
-2115
-1727
-924
-66
979
1902
2179
1613
114
-2310
-4975
-6754
-7099
-6316
-5218
-4129
-2530
-423
917
556
-690
-1811
-2543
-2649
-2076
-1488
-1081
-305
507
287
-878
-2177
-3039
-1489
3735
9657
12027
11334
10105
8100
4145
-1338
-6530
-8800
-6992
-2974
535
2746
4394
5642
6202
5704
3737
1290
-143
-550
-579
-603
-682
-498
-187
-515
-1684
-2693
-2528
-1585
-513
788
2082
2574
2033
583
-1750
-4542
-6748
-7503
-6922
-5685
-4362
-2796
-835
667
655
-504
-1702
-2523
-2715
-2149
-1381
-946
-575
-52
-154
-1188
-2402
-3255
-2109
2859
9447
12760
12167
10513
8343
4429
-1005
-6397
-9243
-7779
-3459
674
3218
4724
5664
6053
5679
3911
1368
-220
-532
-290
-97
-262
-469
-449
-804
-1934
-3012
-2903
-1751
-340
1245
2696
3158
2430
688
-1795
-4506
-6747
-7713
-7062
-5389
-3804
-2562
-1156
221
512
-411
-1606
-2420
-2582
-1987
-1117
-746
-701
-477
-405
-1049
-2132
-3103
-3125
7
6667
12606
13781
11722
9331
6213
1465
-4030
-8315
-9008
-5407
-106
3534
4936
5387
5377
5007
4004
1867
-262
-910
-245
633
634
-32
-616
-1205
-2105
-3119
-3369
-2310
-602
1128
2717
3510
2964
1216
-1228
-3869
-6286
-7736
-7554
-5906
-3853
-2415
-1457
-417
200
-313
-1463
-2373
-2661
-2176
-1046
-110
-51
-360
-488
-980
-2094
-3044
-3375
-1835
3445
10710
14870
13964
10907
7472
3080
-2100
-7005
-9498
-7478
-2140
2867
5255
5620
5181
4428
3621
2254
350
-698
-226
997
1614
982
-283
-1450
-2376
-3249
-3777
-3118
-1305
809
2682
3673
3201
1471
-965
-3522
-5909
-7825
-8329
-6872
-4388
-2400
-1647
-1312
-564
-156
-897
-2132
-2858
-2574
-1293
-10
127
-707
-1200
-1247
-1869
-2827
-3403
-2854
708
7608
13901
14982
11907
8313
4667
96
-4834
-8466
-8414
-4113
1623
5217
5848
4985
3757
2889
2300
1034
-262
-84
1316
2453
2087
394
-1534
-2798
-3377
-3815
-3609
-1983
342
2303
3469
3344
1821
-391
-2766
-5016
-6747
-7334
-6466
-4467
-2394
-1396
-1474
-1519
-1155
-1131
-1590
-1944
-1772
-999
27
460
-315
-1470
-1948
-2022
-2108
-2019
-1917
-1026
3107
10190
14962
14006
10084
6423
2977
-985
-5197
-7718
-6296
-1446
3401
5423
4840
3253
1880
1593
1683
1044
521
1162
2413
2811
1524
-876
-2878
-3682
-3780
-3724
-2874
-951
1018
2406
2937
2117
261
-1774
-3536
-5110
-6238
-6401
-5447
-3669
-2092
-1949
-2612
-2404
-1528
-1164
-1413
-1704
-1552
-863
-97
-54
-971
-1774
-1834
-1733
-1785
-1887
-1863
-251
4836
11514
14525
12402
8718
5515
2124
-1698
-5225
-6585
-4182
548
4010
4445
3149
1634
785
1089
1619
1566
1887
2849
3521
2869
634
-2031
-3711
-4230
-4228
-3835
-2405
-146
1666
2513
2331
1155
-515
-2278
-3905
-5041
-5430
-5096
-4210
-3114
-2630
-3256
-3719
-2982
-1891
-1194
-866
-680
-458
-318
-413
-1045
-2036
-2492
-2144
-1661
-1471
-1446
-1111
1288
6759
12490
13914
11097
7572
4634
1440
-2205
-5286
-5672
-2614
1528
3620
3083
1623
466
308
1287
2242
2690
3268
3763
3587
2186
-514
-3142
-4431
-4408
-3814
-2920
-1326
561
1838
2234
1618
302
-1069
-2348
-3439
-4132
-4454
-4377
-3694
-2892
-2944
-3749
-3878
-2768
-1405
-609
-479
-481
-318
-220
-418
-1046
-1681
-1794
-1414
-1054
-989
-1114
-856
1653
7194
12563
13420
10494
7302
4558
1429
-2021
-4782
-4963
-2151
1262
2680
2057
880
5
356
1945
3320
3814
3825
3594
2923
1239
-1437
-3855
-4815
-4319
-3324
-2381
-1067
306
1119
1254
668
-476
-1700
-2594
-3074
-3365
-3921
-4392
-4188
-3726
-4002
-4837
-4737
-3206
-1295
-177
-152
-513
-664
-658
-751
-1219
-1641
-1518
-1134
-922
-901
-1125
-1290
962
6823
12645
13616
10528
7104
4390
1450
-1942
-4638
-4702
-1869
1404
2763
2169
770
-371
80
2181
4139
4666
4144
3476
2702
960
-1923
-4429
-5041
-4139
-3087
-2186
-1036
18
582
685
284
-528
-1330
-1892
-2214
-2587
-3412
-4296
-4517
-4205
-4249
-4584
-4096
-2591
-862
77
-58
-580
-970
-1117
-1108
-1066
-975
-851
-744
-658
-624
-822
-1116
504
5693
11786
13903
11422
7833
4873
1810
-1489
-4196
-4806
-2459
1049
3097
2908
1429
-1
67
2044
4057
4554
4005
3311
2589
1112
-1498
-4093
-5105
-4317
-2953
-1881
-911
-130
267
411
246
-341
-1017
-1444
-1628
-1905
-2834
-4083
-4764
-4764
-4865
-5217
-4747
-3077
-1016
227
222
-259
-648
-1016
-1109
-799
-512
-665
-997
-1094
-984
-908
-1043
431
5543
11800
13929
11309
7552
4403
1346
-1592
-3885
-4204
-1938
1082
2606
2215
794
-654
-621
1621
4110
4887
4203
2954
1817
387
-1864
-4079
-4904
-4117
-2835
-1985
-1424
-1084
-1009
-829
-531
-505
-836
-1329
-1810
-2205
-2953
-4245
-5379
-5446
-4936
-4839
-4527
-3271
-1597
-367
-208
-581
-778
-851
-635
-311
-252
-476
-918
-1110
-880
-589
-532
537
4809
10783
13656
11744
7856
4477
1832
-438
-2457
-3113
-1299
1519
3015
2659
1189
-509
-825
1178
3906
5317
4917
3336
1765
493
-1209
-3198
-4279
-3718
-2314
-1392
-1135
-1192
-1251
-909
-278
76
-91
-578
-980
-1411
-2644
-4610
-5885
-5528
-4467
-3909
-3677
-2885
-1532
-619
-567
-930
-1239
-1145
-617
119
535
29
-960
-1369
-960
-333
-295
-33
3047
8982
13357
12370
8070
4271
1673
-278
-1933
-2799
-1511
1164
2928
2750
1207
-643
-1608
-283
2813
5118
5209
3536
1465
70
-1151
-2868
-4202
-4125
-2906
-1690
-1229
-1422
-1905
-1959
-1192
-389
-273
-802
-1635
-2193
-2633
-3594
-4918
-5430
-4578
-3791
-3907
-3727
-2768
-1516
-532
-289
-410
-615
-773
-526
-123
-86
-491
-884
-822
-346
113
-116
668
5147
11160
13236
10260
5942
2849
608
-1061
-1901
-1461
539
2545
2896
1772
28
-1697
-1892
636
4292
6177
5151
2465
305
-915
-2106
-3375
-3953
-3278
-1989
-1110
-1000
-1536
-2095
-1945
-934
151
234
-680
-1672
-2367
-3360
-4787
-5369
-4491
-3508
-3325
-3256
-2695
-1925
-1394
-1017
-616
-380
-416
-371
7
334
66
-561
-790
-226
735
986
1084
3782
8928
12078
10477
6554
3369
1296
163
-276
-175
1038
2492
2647
1697
397
-977
-1542
59
3371
5850
5604
2938
-103
-1636
-2055
-2523
-2961
-2875
-2173
-1404
-1274
-1792
-2582
-2868
-1898
-317
380
-438
-2011
-3083
-3571
-4058
-4455
-4149
-3357
-3112
-3325
-3196
-2768
-2253
-1669
-1186
-835
-663
-678
-631
-405
-233
-214
-141
117
625
950
929
2328
6607
10647
10246
6832
3903
1944
653
178
176
983
2382
2737
1680
463
-506
-1288
-511
2282
5004
5541
3305
1
-1908
-2210
-2130
-2179
-2112
-1754
-1408
-1436
-1852
-2547
-2980
-2449
-1185
-165
-310
-1567
-2914
-3553
-3721
-3941
-3701
-2890
-2531
-2897
-3157
-2953
-2476
-1933
-1490
-1145
-828
-720
-871
-709
-111
232
255
434
902
1495
1177
517
2434
7130
10271
8998
5768
3549
2385
1497
670
570
1835
3057
2709
1375
445
-137
-632
101
2431
4641
4708
2229
-800
-2196
-2026
-1573
-1427
-1307
-1141
-1249
-1620
-2005
-2373
-2595
-2285
-1400
-586
-664
-1861
-3204
-3590
-3209
-2806
-2431
-2104
-2473
-3378
-3765
-3420
-2617
-1798
-1489
-1323
-933
-641
-649
-372
405
956
965
725
590
562
110
-51
2316
7045
10161
8948
5715
3444
2181
1291
963
1557
3002
3940
2913
857
-311
-634
-831
-201
1758
3734
3860
1687
-1294
-2942
-2641
-1553
-669
-390
-752
-1532
-2257
-2645
-2927
-3029
-2549
-1555
-777
-827
-1812
-2986
-3408
-2949
-2483
-2254
-2032
-2372
-3251
-3865
-3861
-3166
-2147
-1502
-1166
-905
-732
-691
-236
656
1110
900
616
529
567
325
-16
1710
5996
9547
9083
6141
3749
2350
1453
1172
1615
3063
4377
3491
1121
-438
-837
-871
-413
963
2687
3409
2087
-805
-2805
-2592
-1350
-392
-153
-552
-1345
-2277
-2988
-3245
-2850
-2013
-1192
-701
-940
-1958
-2997
-3134
-2345
-1469
-1350
-1609
-2056
-3122
-4285
-4624
-3861
-2173
-617
-253
-589
-876
-989
-684
375
1391
1602
1302
789
239
-59
-236
413
3374
7755
9885
8125
5138
3273
2343
2027
2213
2946
4294
4627
2585
-338
-1757
-1481
-675
367
1757
2842
2511
466
-1927
-2817
-2083
-851
-106
-200
-965
-2162
-3206
-3430
-2984
-2119
-1117
-553
-693
-1482
-2451
-2813
-2351
-1654
-1519
-1935
-2411
-3314
-4437
-4762
-4125
-2842
-1317
-446
-409
-682
-935
-1047
-511
807
1694
1480
763
143
-34
0
-288
515
3764
7887
9408
7292
4574
3231
2724
2448
2209
2587
3930
4078
1782
-994
-2082
-1584
-514
794
1935
2420
1832
-175
-2435
-3080
-2281
-1192
-526
-666
-1304
-2120
-2885
-3170
-2642
-1468
-433
-180
-777
-1788
-2587
-2887
-2780
-2084
-1241
-1156
-2143
-3768
-4881
-4723
-3596
-2251
-940
270
733
53
-887
-1332
-885
446
1607
2058
1942
1268
396
-139
-5
876
2649
5613
8555
8759
6313
4010
2976
2408
1973
1971
2769
4092
3840
1203
-1280
-1574
-453
791
1548
1707
1468
266
-1978
-3686
-3706
-2544
-1152
-345
-594
-1509
-2466
-3186
-3091
-1910
-574
181
168
-861
-2263
-3017
-3196
-2943
-2132
-1516
-2040
-3331
-4384
-4748
-4079
-2747
-1441
-2
1056
660
-470
-1265
-1408
-594
825
1869
2040
1620
951
454
628
1353
2151
3473
5745
7881
7584
5000
2888
2230
2025
2120
2499
3226
4228
3861
1572
-624
-1048
-286
555
915
813
335
-751
-2606
-3966
-3547
-2160
-933
-502
-1015
-1825
-2323
-2523
-2196
-1082
168
551
-221
-1582
-2835
-3422
-3543
-3468
-2967
-2455
-2360
-2730
-3623
-4059
-3220
-1847
-770
-103
159
-11
-583
-1173
-1316
-744
511
1687
2287
2283
1844
1534
1494
1694
2060
2315
2994
4615
5806
5073
3432
2465
2250
2192
2370
2747
3492
4127
3177
1017
-479
-680
-190
361
363
19
-466
-1559
-3102
-3784
-2927
-1451
-205
187
-478
-1346
-1724
-1832
-1510
-790
-387
-607
-1461
-2782
-3989
-4325
-3898
-2976
-1704
-833
-1059
-1958
-2675
-3029
-2782
-1880
-762
128
604
272
-556
-926
-526
524
1759
2728
3149
2951
2251
1633
1430
1701
2001
1963
2287
3562
4797
4387
3182
2610
2516
2288
1943
1671
2379
3705
3647
1954
60
-924
-1138
-886
-617
-481
-230
-341
-1374
-2313
-2264
-1623
-719
-309
-760
-1556
-2293
-2990
-3341
-3207
-2716
-2186
-2029
-2335
-2778
-2726
-2381
-1930
-1387
-1074
-1055
-1348
-2180
-2911
-2618
-1748
-951
-412
0
341
486
371
215
639
1533
2258
2587
2500
2066
1701
1554
1635
2050
2357
2181
2007
2563
3193
2784
1980
1766
1940
2119
2000
1452
1379
1938
1802
766
-3
-64
373
1008
1289
1215
1202
803
-553
-1934
-2336
-1995
-1441
-1334
-2087
-3051
-3598
-3943
-3960
-3263
-2117
-1217
-950
-1459
-2298
-2715
-2663
-2305
-1602
-755
-226
-347
-1215
-2032
-1858
-1040
-214
437
814
835
609
204
-113
129
844
1500
1962
2344
2475
2266
1850
1483
1377
1464
1513
1499
1650
2205
2527
1940
1137
740
626
780
1050
1287
1985
2771
2699
2020
1404
973
876
1179
1220
974
848
166
-1268
-2263
-2457
-2269
-1705
-1360
-1568
-1914
-2298
-2926
-3315
-2988
-2430
-2020
-1884
-2116
-2347
-2137
-1825
-1537
-945
-380
-191
-378
-843
-1120
-913
-536
-253
3
246
518
676
614
584
788
1112
1295
1326
1281
1199
1144
1124
1047
1002
1010
903
795
1058
1500
1480
1232
1312
1492
1778
2111
1939
1865
2295
2208
1529
1065
873
783
822
598
20
-150
-70
-468
-840
-826
-875
-1004
-1396
-2227
-2832
-2803
-2560
-2392
-2199
-2049
-2085
-2061
-2021
-2022
-1744
-1415
-1374
-1426
-1486
-1495
-1327
-1229
-1268
-1094
-606
-140
128
332
479
597
627
419
345
579
937
1322
1419
1237
1100
862
514
381
587
979
1343
1754
2102
1973
1577
1440
1476
1671
2062
2107
1918
2025
1887
1176
693
744
1039
1665
2051
1557
1082
802
-126
-1036
-1213
-1228
-1137
-828
-1023
-1650
-1813
-1797
-2095
-2116
-1758
-1598
-1520
-1545
-2050
-2449
-2329
-2144
-2044
-1704
-1279
-1079
-951
-944
-1072
-969
-753
-551
-171
182
408
455
252
141
224
358
519
679
917
1204
1328
1247
1076
1058
1166
1214
1519
2124
2423
2062
1466
1156
1119
1309
1384
1190
1588
2332
2260
1755
1422
1063
928
978
631
294
511
506
-162
-710
-982
-1130
-967
-1025
-1512
-1625
-1501
-1803
-2214
-2324
-2319
-2227
-2073
-2292
-2601
-2413
-2082
-1866
-1568
-1382
-1469
-1515
-1390
-1309
-1184
-746
-303
-191
-180
-291
-488
-475
-343
-124
364
927
1226
1269
1216
1046
870
960
1234
1490
1668
1546
1315
1540
1634
1216
1068
1376
1752
2159
2151
1480
1171
1376
1256
1092
1233
1308
1563
1865
1415
747
605
380
-134
-337
-307
-326
-330
-610
-1246
-1567
-1521
-1714
-1973
-1989
-1922
-1753
-1588
-1725
-1928
-1803
-1588
-1506
-1402
-1224
-1049
-911
-914
-1157
-1441
-1426
-1112
-848
-637
-384
-209
20
180
106
139
399
704
954
1139
1225
1211
1136
1015
915
953
979
1132
1771
2216
1699
1020
764
713
1076
1420
1352
1623
2180
2016
1388
1068
887
982
1447
1395
919
924
875
203
-332
-477
-601
-584
-697
-1229
-1554
-1453
-1576
-1890
-1774
-1393
-1147
-1042
-1321
-1810
-1872
-1654
-1577
-1566
-1408
-1238
-1304
-1531
-1682
-1688
-1559
-1263
-1021
-897
-718
-575
-469
-295
-157
43
443
755
845
888
931
900
836
875
971
966
809
527
613
1141
1224
861
926
1256
1396
1367
938
672
1239
1745
1503
1249
1327
1427
1556
1444
937
739
872
524
-25
-145
-163
-242
-311
-679
-1060
-933
-822
-1227
-1528
-1413
-1265
-1190
-1211
-1399
-1421
-1225
-1258
-1530
-1612
-1419
-1365
-1461
-1458
-1409
-1339
-1153
-939
-780
-488
-192
-195
-103
257
462
650
973
1062
1071
1190
1053
817
847
943
1003
1141
1127
1085
1531
1812
1212
717
896
1082
1328
1515
1207
1216
1681
1496
907
862
1008
1169
1586
1524
941
823
704
-54
-539
-552
-700
-704
-613
-949
-1181
-1085
-1342
-1720
-1563
-1306
-1344
-1439
-1707
-2090
-2194
-2185
-2229
-2050
-1681
-1444
-1457
-1614
-1762
-1774
-1616
-1270
-827
-457
-160
-36
-90
24
234
411
686
865
893
1023
1143
1083
1069
1210
1319
1306
1166
925
1004
1584
1783
1359
1176
1256
1291
1306
1019
865
1498
2126
1962
1542
1297
1037
975
1020
582
339
715
607
38
-249
-455
-590
-447
-545
-1019
-1254
-1344
-1690
-1860
-1729
-1742
-1810
-1861
-2101
-2246
-2129
-2104
-2099
-1899
-1698
-1640
-1624
-1609
-1543
-1327
-1079
-842
-584
-375
-179
-1
155
390
643
862
1041
1088
1108
1179
1086
899
895
1036
1185
1287
1275
1230
1530
1950
1705
1150
1140
1381
1586
1760
1440
1167
1510
1575
1144
1031
1238
1424
1692
1647
1053
806
897
400
-182
-267
-350
-419
-424
-844
-1345
-1425
-1465
-1708
-1770
-1644
-1660
-1680
-1780
-2090
-2186
-2020
-2022
-2022
-1772
-1531
-1482
-1522
-1485
-1371
-1129
-715
-379
-186
25
35
-197
-251
-127
21
347
718
871
1035
1200
1014
827
984
1137
1186
1192
1003
941
1386
1604
1021
586
783
991
1228
1299
962
1181
1824
1682
1148
1024
1019
1072
1237
952
494
615
643
-1
-527
-611
-603
-487
-547
-1001
-1296
-1274
-1483
-1866
-1900
-1774
-1793
-1816
-1917
-2080
-1978
-1738
-1592
-1343
-1003
-888
-982
-1069
-1123
-1092
-920
-741
-586
-326
-118
-73
-4
138
365
659
878
920
892
947
955
848
793
845
964
1037
914
656
759
1407
1694
1310
1184
1360
1455
1571
1262
772
1132
1689
1481
1083
957
849
892
1022
677
415
756
669
-36
-448
-588
-633
-486
-635
-1123
-1264
-1137
-1366
-1684
-1583
-1370
-1202
-1104
-1337
-1592
-1555
-1473
-1453
-1401
-1273
-1209
-1260
-1254
-1148
-1053
-956
-709
-373
-166
-58
-9
-18
213
481
471
470
523
548
658
692
591
684
973
1187
1215
1070
885
1065
1531
1522
1054
835
893
1059
1274
1085
781
1088
1412
1131
819
760
724
878
1083
780
433
527
302
-286
-466
-417
-412
-310
-426
-868
-1026
-935
-1147
-1382
-1300
-1263
-1296
-1261
-1469
-1743
-1704
-1585
-1572
-1442
-1224
-1202
-1234
-1160
-1103
-1086
-931
-685
-533
-475
-410
-414
-399
-116
200
384
605
774
797
848
917
859
808
980
1149
1122
985
819
954
1491
1588
976
665
851
1037
1141
884
467
794
1377
1191
816
827
822
890
1038
691
449
788
700
74
-207
-245
-308
-220
-387
-892
-1079
-1058
-1383
-1659
-1497
-1312
-1273
-1341
-1620
-1827
-1741
-1633
-1599
-1452
-1165
-1040
-1233
-1375
-1258
-1112
-962
-716
-531
-347
-76
-54
-184
-13
262
428
668
863
926
1051
1081
891
884
1105
1173
1141
1068
864
1067
1617
1496
945
842
924
1062
1274
1011
766
1312
1700
1351
1138
1185
1170
1408
1557
1157
991
1161
789
207
32
-55
-150
-143
-399
-808
-882
-952
-1373
-1655
-1593
-1583
-1634
-1696
-1935
-2103
-2017
-1937
-1835
-1579
-1391
-1425
-1541
-1558
-1518
-1441
-1168
-830
-614
-466
-392
-373
-322
-195
-67
105
383
575
581
545
504
467
592
724
765
835
754
618
932
1373
1119
689
796
988
1192
1389
1035
871
1574
1945
1539
1309
1254
1147
1372
1444
944
842
1176
834
216
37
-107
-156
-53
-395
-876
-884
-920
-1341
-1612
-1542
-1496
-1427
-1466
-1806
-1975
-1814
-1668
-1554
-1372
-1212
-1166
-1251
-1280
-1219
-1092
-852
-626
-531
-448
-294
-252
-280
-160
39
219
415
475
438
469
467
453
585
693
684
696
627
654
1103
1371
1099
1057
1279
1347
1479
1408
1128
1394
1844
1669
1311
1263
1196
1269
1527
1325
1048
1240
1101
491
214
183
80
29
-148
-632
-944
-932
-1136
-1462
-1434
-1299
-1292
-1334
-1539
-1799
-1841
-1682
-1560
-1466
-1275
-1191
-1313
-1358
-1288
-1262
-1142
-846
-590
-423
-239
-199
-279
-211
-45
96
249
348
360
462
528
397
347
542
790
907
908
870
1098
1537
1451
912
759
922
1092
1294
1087
792
1177
1545
1227
975
1067
1079
1199
1342
967
661
830
550
-80
-190
-182
-359
-390
-603
-1100
-1261
-1232
-1548
-1779
-1650
-1573
-1627
-1676
-1875
-2057
-1928
-1803
-1814
-1676
-1498
-1495
-1498
-1397
-1275
-1126
-879
-668
-602
-493
-335
-325
-263
-17
164
308
529
680
779
934
1042
1093
1253
1446
1456
1354
1231
1187
1504
1786
1473
1237
1421
1481
1572
1622
1299
1349
1881
1876
1475
1374
1284
1215
1392
1278
891
895
881
367
-11
-117
-259
-284
-376
-786
-1100
-1157
-1397
-1743
-1818
-1765
-1773
-1782
-1908
-2102
-2101
-2019
-2020
-1958
-1752
-1600
-1600
-1631
-1600
-1455
-1269
-1119
-931
-699
-450
-253
-221
-153
122
430
670
824
902
1002
1091
1010
904
1031
1265
1396
1337
1171
1206
1555
1689
1299
1046
1231
1439
1555
1442
1067
1146
1631
1550
1094
996
1051
1101
1240
1047
627
646
671
173
-205
-211
-286
-399
-521
-877
-1183
-1218
-1400
-1712
-1741
-1661
-1736
-1832
-1972
-2180
-2242
-2161
-2070
-1949
-1769
-1678
-1713
-1708
-1572
-1329
-1071
-822
-578
-390
-244
-113
-92
-27
223
481
696
866
901
917
1011
982
917
1022
1184
1255
1237
1102
1073
1396
1541
1148
917
1045
1161
1303
1243
954
1142
1618
1483
1033
891
882
963
1156
1008
683
757
707
182
-169
-192
-201
-206
-322
-714
-1032
-1104
-1328
-1643
-1687
-1600
-1555
-1574
-1751
-1982
-2032
-1904
-1755
-1615
-1411
-1195
-1124
-1138
-1093
-992
-801
-486
-244
-109
107
289
241
246
455
631
790
977
1036
1065
1177
1094
913
984
1128
1123
1055
958
1022
1354
1372
945
783
948
1086
1207
1052
781
1046
1404
1126
761
770
809
911
1045
768
518
685
505
-66
-322
-372
-459
-471
-639
-1036
-1229
-1257
-1548
-1866
-1861
-1763
-1706
-1673
-1785
-1917
-1893
-1798
-1754
-1666
-1425
-1227
-1188
-1172
-1104
-969
-766
-546
-401
-227
41
199
184
250
417
506
615
728
750
855
981
849
696
820
959
920
856
769
806
1131
1210
833
604
736
918
1048
1004
791
935
1319
1231
848
759
819
886
1036
899
595
634
578
124
-188
-250
-289
-316
-461
-771
-978
-1017
-1179
-1419
-1459
-1406
-1445
-1500
-1593
-1684
-1637
-1537
-1488
-1430
-1253
-1079
-1030
-998
-873
-674
-447
-246
-173
-114
72
220
245
344
523
662
819
899
830
877
992
887
842
1014
1087
1052
980
816
884
1270
1275
895
854
1011
1081
1185
1031
788
1072
1402
1158
849
818
818
878
915
639
408
514
408
7
-214
-296
-332
-350
-591
-969
-1132
-1191
-1388
-1560
-1604
-1630
-1615
-1650
-1842
-1947
-1888
-1798
-1698
-1571
-1419
-1304
-1282
-1282
-1226
-1102
-879
-607
-452
-343
-129
-28
-83
-1
174
323
518
630
592
665
813
781
688
772
924
988
963
865
847
1049
1290
1212
944
931
1142
1239
1184
1052
1033
1311
1487
1229
930
937
1097
1174
1036
740
593
635
445
15
-220
-234
-212
-277
-570
-967
-1122
-1134
-1313
-1501
-1498
-1446
-1439
-1503
-1703
-1862
-1807
-1658
-1521
-1351
-1210
-1116
-1061
-1071
-1035
-878
-685
-486
-298
-150
-36
2
-9
46
202
360
474
529
582
731
812
693
604
718
869
908
850
753
778
1037
1226
1024
828
1000
1229
1297
1263
1144
1176
1450
1478
1118
932
1065
1154
1117
955
687
582
600
311
-101
-192
-171
-256
-438
-747
-1057
-1169
-1235
-1438
-1577
-1516
-1456
-1513
-1601
-1690
-1711
-1620
-1499
-1403
-1296
-1151
-1069
-1077
-1041
-924
-780
-594
-392
-271
-138
6
48
72
151
264
387
489
521
567
666
667
594
599
657
739
849
851
811
961
1169
1103
919
925
1007
1085
1162
1089
1026
1208
1264
1000
815
832
855
871
820
600
446
405
150
-229
-398
-439
-482
-520
-723
-1007
-1114
-1185
-1391
-1541
-1526
-1473
-1427
-1458
-1593
-1651
-1596
-1524
-1449
-1332
-1140
-954
-896
-880
-773
-622
-477
-309
-173
-56
131
240
202
228
366
490
575
637
698
819
938
936
847
835
946
1031
1008
960
996
1132
1249
1196
1022
1001
1133
1173
1127
1078
1064
1134
1124
896
678
638
626
578
489
330
212
159
-66
-394
-553
-610
-665
-767
-977
-1175
-1254
-1351
-1549
-1662
-1618
-1558
-1509
-1513
-1603
-1604
-1500
-1429
-1367
-1224
-1056
-906
-784
-705
-629
-503
-363
-212
-40
129
276
376
450
533
615
688
754
823
916
1027
1084
1050
1049
1122
1153
1139
1120
1112
1195
1344
1344
1190
1117
1127
1126
1127
1061
988
1074
1141
963
726
617
537
483
436
252
63
-5
-152
-452
-679
-794
-923
-1010
-1097
-1276
-1416
-1471
-1582
-1718
-1744
-1745
-1742
-1692
-1660
-1643
-1591
-1520
-1456
-1344
-1185
-1046
-921
-798
-657
-491
-365
-255
-125
-13
125
252
330
424
550
639
682
741
798
839
902
964
964
980
1029
1014
979
983
997
1023
1099
1134
1052
1016
1042
1016
992
982
925
907
913
804
637
534
453
379
321
189
39
-51
-160
-321
-492
-638
-726
-783
-900
-1056
-1149
-1201
-1239
-1272
-1324
-1339
-1275
-1235
-1228
-1183
-1133
-1038
-898
-824
-767
-631
-513
-436
-304
-193
-97
75
194
222
312
432
485
537
593
608
663
744
753
734
761
805
840
859
841
819
860
938
961
903
859
875
898
886
846
787
770
811
768
647
572
525
457
387
286
137
28
-54
-224
-426
-548
-641
-748
-853
-985
-1127
-1213
-1260
-1358
-1437
-1434
-1437
-1441
-1419
-1409
-1408
-1344
-1251
-1175
-1063
-940
-833
-692
-543
-448
-341
-196
-71
38
156
267
357
452
544
599
664
762
822
839
871
898
910
943
942
907
921
935
894
869
864
863
897
878
795
786
793
769
732
676
628
619
595
478
360
295
222
152
54
-97
-195
-270
-400
-547
-684
-786
-834
-902
-1020
-1116
-1170
-1228
-1282
-1315
-1327
-1269
-1192
-1162
-1143
-1079
-985
-896
-797
-693
-581
-445
-329
-238
-135
-13
121
223
291
379
493
584
630
643
673
743
804
818
798
795
865
912
862
804
825
879
906
891
808
767
828
834
752
688
678
702
692
608
497
442
425
343
218
96
7
-46
-145
-307
-449
-533
-615
-729
-847
-948
-1016
-1049
-1112
-1200
-1237
-1224
-1227
-1228
-1210
-1177
-1098
-993
-922
-852
-726
-588
-493
-407
-278
-142
-11
119
216
311
443
536
571
627
714
782
826
838
830
839
865
842
793
786
788
760
723
670
613
593
581
544
511
508
486
440
401
351
303
272
236
196
156
115
53
-25
-102
-176
-243
-310
-380
-445
-523
-621
-722
-801
-852
-907
-962
-1011
-1054
-1082
-1101
-1110
-1122
-1099
-1040
-987
-935
-874
-802
-722
-625
-527
-442
-339
-217
-128
-36
62
152
245
334
409
483
564
608
647
684
707
739
777
787
798
823
826
828
837
838
854
872
860
830
818
826
815
785
758
724
716
695
609
543
514
462
388
315
217
121
47
-62
-199
-292
-372
-471
-558
-657
-759
-820
-877
-963
-1019
-1040
-1063
-1069
-1083
-1101
-1065
-1009
-986
-933
-848
-781
-689
-579
-509
-433
-307
-193
-112
-16
83
149
232
312
351
410
484
534
556
582
607
622
633
632
628
628
626
602
576
563
560
551
536
530
526
514
496
472
436
434
440
398
357
346
316
251
207
153
83
61
21
-73
-146
-193
-277
-373
-436
-516
-596
-651
-719
-808
-870
-896
-938
-984
-999
-994
-986
-977
-960
-936
-896
-836
-795
-744
-658
-577
-493
-409
-339
-258
-159
-59
25
103
197
293
364
427
487
544
610
686
736
758
828
905
910
901
923
927
931
962
940
886
896
886
795
732
703
634
576
551
452
347
303
209
67
-15
-79
-176
-258
-333
-451
-543
-593
-683
-774
-805
-832
-883
-903
-922
-954
-950
-919
-914
-901
-838
-781
-738
-671
-594
-518
-422
-313
-226
-137
-16
94
172
264
362
434
523
609
656
709
790
835
851
887
908
906
918
921
884
870
867
814
757
724
663
604
564
504
440
397
335
247
185
125
47
-22
-92
-177
-248
-309
-396
-477
-534
-607
-687
-751
-815
-879
-933
-990
-1047
-1085
-1115
-1152
-1180
-1189
-1187
-1173
-1149
-1119
-1083
-1020
-948
-885
-804
-704
-598
-490
-374
-259
-137
-1
135
254
373
516
644
760
884
980
1068
1182
1267
1311
1360
1404
1424
1437
1439
1410
1374
1353
1305
1208
1121
1034
917
806
690
543
407
280
128
-23
-159
-296
-438
-553
-670
-799
-901
-994
-1090
-1167
-1226
-1284
-1332
-1358
-1373
-1391
-1386
-1349
-1315
-1270
-1201
-1140
-1075
-982
-877
-784
-677
-548
-429
-304
-160
-42
86
235
369
488
622
748
848
956
1052
1121
1186
1264
1320
1354
1388
1396
1387
1383
1366
1328
1292
1260
1201
1135
1071
987
891
808
719
610
504
411
293
180
86
-34
-155
-252
-355
-469
-563
-653
-758
-838
-908
-1001
-1072
-1117
-1175
-1225
-1246
-1278
-1316
-1317
-1309
-1313
-1293
-1259
-1235
-1191
-1127
-1071
-1017
-929
-835
-754
-651
-534
-428
-307
-171
-57
61
198
314
431
570
690
788
904
1006
1077
1153
1220
1265
1313
1358
1360
1353
1361
1331
1281
1239
1160
1071
1003
911
786
672
555
402
270
146
-7
-141
-260
-392
-522
-639
-755
-864
-959
-1051
-1128
-1184
-1249
-1300
-1322
-1346
-1354
-1344
-1325
-1294
-1254
-1211
-1153
-1077
-997
-906
-804
-699
-586
-459
-345
-226
-81
52
178
322
447
555
689
802
888
1005
1109
1168
1247
1318
1345
1392
1436
1435
1432
1446
1425
1385
1365
1305
1232
1179
1103
1001
914
820
710
613
502
368
257
157
28
-99
-206
-326
-433
-529
-645
-747
-825
-909
-989
-1048
-1109
-1160
-1189
-1228
-1259
-1270
-1272
-1264
-1243
-1217
-1184
-1139
-1085
-1027
-953
-868
-784
-690
-591
-496
-395
-284
-181
-69
48
160
276
386
482
579
676
754
834
909
969
1028
1073
1099
1114
1118
1116
1100
1068
1030
982
919
842
765
670
562
474
367
240
135
26
-104
-218
-318
-444
-550
-632
-741
-836
-899
-976
-1039
-1072
-1124
-1172
-1179
-1187
-1204
-1179
-1153
-1142
-1089
-1024
-980
-912
-827
-750
-654
-546
-454
-349
-220
-110
1
131
239
355
480
584
689
806
898
987
1090
1165
1234
1317
1365
1388
1434
1448
1439
1454
1438
1395
1369
1325
1244
1176
1110
1000
902
813
683
564
461
317
174
53
-91
-235
-348
-478
-611
-705
-815
-932
-1016
-1102
-1194
-1254
-1302
-1364
-1398
-1415
-1446
-1449
-1428
-1413
-1380
-1332
-1285
-1221
-1135
-1057
-972
-862
-757
-654
-523
-407
-296
-156
-33
81
213
346
464
586
705
807
902
996
1080
1150
1215
1271
1309
1337
1360
1362
1352
1338
1304
1258
1210
1143
1066
978
876
775
662
540
418
288
157
27
-105
-237
-367
-496
-618
-722
-836
-945
-1031
-1117
-1188
-1247
-1300
-1339
-1365
-1374
-1383
-1373
-1341
-1302
-1249
-1174
-1096
-1012
-914
-817
-709
-593
-463
-328
-194
-55
82
219
347
470
600
724
838
945
1039
1125
1201
1262
1304
1336
1358
1373
1363
1334
1307
1261
1199
1130
1045
947
847
731
603
473
342
204
67
-65
-202
-345
-470
-593
-715
-821
-927
-1022
-1101
-1170
-1236
-1287
-1318
-1336
-1344
-1331
-1299
-1262
-1209
-1137
-1055
-966
-869
-757
-633
-509
-376
-232
-88
58
203
343
482
623
753
879
988
1089
1189
1262
1323
1375
1413
1436
1440
1426
1401
1354
1301
1230
1144
1053
944
823
699
566
430
290
133
-15
-159
-305
-445
-583
-718
-843
-954
-1066
-1167
-1252
-1320
-1382
-1435
-1465
-1491
-1501
-1485
-1461
-1421
-1361
-1286
-1201
-1109
-1008
-889
-760
-624
-479
-334
-183
-20
142
288
437
589
734
874
1007
1126
1236
1322
1389
1447
1492
1526
1549
1551
1534
1507
1452
1383
1305
1209
1099
991
870
737
592
443
287
128
-23
-187
-341
-482
-623
-759
-880
-999
-1111
-1203
-1286
-1362
-1419
-1459
-1495
-1516
-1519
-1503
-1474
-1423
-1366
-1299
-1211
-1113
-1011
-902
-778
-638
-495
-347
-196
-56
92
247
383
518
658
790
909
1018
1112
1198
1275
1333
1372
1406
1430
1436
1419
1387
1346
1293
1229
1149
1060
961
850
737
615
483
353
222
81
-55
-192
-324
-454
-584
-706
-818
-912
-997
-1082
-1155
-1207
-1256
-1292
-1311
-1320
-1306
-1274
-1232
-1185
-1127
-1057
-979
-889
-790
-682
-561
-433
-312
-187
-58
71
196
319
442
560
680
787
874
954
1032
1100
1159
1203
1236
1260
1267
1255
1235
1214
1172
1119
1062
989
911
826
724
621
515
400
284
166
49
-67
-188
-302
-415
-517
-613
-711
-797
-869
-936
-992
-1046
-1089
-1117
-1135
-1138
-1128
-1111
-1084
-1045
-997
-937
-872
-802
-719
-625
-530
-434
-328
-219
-113
-3
101
200
303
398
485
565
640
701
759
811
850
880
903
913
910
899
882
848
814
771
716
656
587
512
434
355
268
181
94
6
-81
-172
-262
-346
-423
-500
-572
-636
-691
-743
-789
-830
-862
-885
-899
-897
-887
-869
-845
-816
-778
-732
-679
-620
-553
-477
-394
-315
-231
-141
-51
37
125
211
295
379
457
531
600
659
714
766
806
839
866
886
897
899
891
875
852
825
787
742
696
647
596
541
480
421
357
291
226
158
90
25
-41
-104
-163
-220
-271
-324
-370
-412
-451
-483
-510
-533
-547
-558
-567
-566
-562
-553
-538
-522
-500
-474
-442
-412
-378
-343
-304
-263
-228
-191
-153
-115
-82
-48
-12
19
49
78
103
123
148
165
178
195
208
219
221
227
230
226
223
215
206
198
187
180
169
154
142
129
115
100
81
66
53
39
22
7
-8
-22
-39
-53
-59
-72
-84
-94
-104
-112
-116
-125
-131
-137
-135
-137
-142
-145
-145
-143
-140
-136
-137
-136
-128
-119
-122
-117
-111
-101
-93
-87
-78
-74
-63
-49
-41
-33
-19
-5
7
16
27
36
47
57
65
76
87
99
103
113
121
124
132
136
136
135
139
138
135
132
129
119
109
101
90
84
75
63
57
47
35
25
15
4
-5
-13
-23
-33
-38
-44
-56
-57
-59
-63
-61
-62
-61
-58
-57
-49
-44
-37
-29
-19
-10
-6
3
13
20
32
44
54
65
76
84
94
105
113
121
131
140
146
149
153
156
157
154
150
149
141
133
126
115
103
91
76
60
43
29
11
-11
-31
-48
-65
-81
-101
-120
-137
-153
-167
-181
-191
-201
-214
-225
-233
-239
-244
-248
-251
-252
-249
-248
-243
-235
-231
-226
-219
-208
-196
-188
-172
-154
-136
-120
-100
-81
-63
-47
-27
-5
15
32
52
74
95
111
124
136
147
163
175
182
192
202
208
209
208
206
204
201
191
185
177
167
160
148
130
112
97
85
69
52
36
20
4
-14
-29
-42
-56
-70
-83
-92
-100
-109
-113
-118
-119
-120
-127
-126
-124
-124
-121
-117
-112
-103
-96
-88
-79
-67
-58
-49
-33
-19
-7
8
23
34
47
62
74
84
95
104
111
120
130
136
143
146
148
152
153
150
149
148
143
139
133
127
121
110
102
91
76
65
54
41
29
15
0
-16
-25
-37
-49
-58
-71
-86
-97
-105
-111
-116
-122
-124
-127
-131
-131
-132
-130
-129
-128
-125
-120
-112
-105
-98
-89
-82
-75
-68
-58
-48
-39
-33
-26
-20
-7
1
5
14
20
28
34
37
40
47
50
55
55
57
60
62
64
64
63
61
63
63
61
60
55
53
51
45
41
40
36
29
23
22
16
8
5
2
1
-2
-2
-4
-10
-11
-13
-19
-20
-23
-23
-24
-25
-25
-28
-27
-30
-31
-34
-34
-33
-34
-37
-38
-41
-42
-43
-45
-46
-50
-47
-45
-45
-45
-44
-45
-46
-45
-44
-39
-36
-37
-36
-32
-29
-26
-22
-17
-13
-10
-4
0
3
7
11
17
24
29
32
36
41
45
53
54
61
66
64
67
73
76
73
73
76
79
77
79
81
78
78
76
71
70
65
59
56
53
49
44
41
34
30
26
19
13
7
1
-2
-8
-14
-21
-30
-36
-42
-47
-54
-62
-65
-71
-73
-74
-79
-78
-79
-81
-80
-79
-77
-77
-73
-69
-64
-60
-58
-54
-47
-46
-43
-36
-29
-25
-22
-18
-9
-3
0
4
10
11
19
27
28
26
30
35
35
34
33
35
36
37
37
31
28
28
23
17
16
13
8
4
2
-3
-10
-13
-16
-15
-16
-17
-16
-16
-21
-22
-23
-24
-24
-26
-26
-24
-25
-23
-21
-19
-20
-17
-11
-10
-7
-3
3
4
9
15
14
18
22
28
34
37
42
45
43
43
42
45
48
47
47
46
46
43
40
36
31
27
24
21
20
18
15
10
6
6
3
-1
-5
-6
-9
-10
-13
-16
-15
-19
-20
-22
-26
-30
-31
-29
-29
-31
-30
-29
-27
-25
-24
-22
-21
-19
-16
-14
-12
-7
-5
-5
-4
-1
4
10
13
17
19
20
21
20
21
24
23
25
27
27
25
21
22
17
16
16
13
11
10
6
-1
-5
-7
-11
-15
-16
-22
-26
-25
-25
-29
-32
-32
-37
-41
-40
-40
-41
-40
-41
-40
-35
-36
-34
-34
-33
-28
-26
-26
-21
-19
-17
-15
-11
-7
-5
-1
9
13
11
14
17
17
19
22
24
25
27
29
28
29
32
34
34
34
35
36
33
32
32
29
28
27
26
24
19
19
16
13
12
11
6
1
2
-1
-5
-7
-9
-9
-10
-11
-14
-17
-15
-15
-14
-15
-15
-16
-17
-15
-14
-13
-9
-10
-11
-11
-12
-9
-9
-9
-8
-6
-7
-6
-2
1
0
2
4
5
6
8
10
8
6
8
6
7
7
9
8
7
7
7
5
7
9
8
9
10
10
11
12
9
10
9
7
6
7
7
5
4
2
1
1
1
-2
-3
-2
-4
-2
-3
-3
-5
-6
-4
-2
0
0
0
3
-1
-3
-2
-1
0
0
1
-1
-3
-7
-7
-9
-11
-8
-13
-13
-12
-14
-14
-11
-11
-15
-14
-16
-14
-9
-9
-12
-12
-11
-11
-13
-13
-15
-15
-12
-11
-11
-12
-11
-7
-7
-8
-7
-3
-3
-3
1
0
2
5
4
5
7
8
10
12
10
12
11
11
14
11
11
13
9
10
12
13
12
10
10
12
11
10
9
12
12
10
12
9
8
6
2
0
-1
-3
-1
-1
-6
-5
-5
-10
-8
-6
-5
-6
-6
-5
-4
-2
-2
-3
-2
-2
-3
-1
0
2
5
6
10
8
7
8
11
12
10
10
7
9
8
11
11
11
12
10
8
8
11
10
6
6
6
6
3
-3
1
1
0
-1
2
1
0
-4
-5
-2
-3
-5
-7
-6
-8
-7
-7
-9
-9
-11
-12
-14
-10
-12
-15
-13
-12
-14
-14
-15
-14
-13
-12
-12
-9
-10
-9
-8
-6
-3
-4
0
1
4
5
3
5
4
7
8
7
6
7
4
2
3
-1
0
1
-4
-4
-2
-4
-5
-4
-7
-7
-9
-9
-9
-10
-8
-11
-10
-7
-11
-12
-13
-11
-14
-12
-7
-5
-7
-7
-6
-7
-5
-4
-6
-4
-4
-4
-3
-2
0
0
2
6
7
7
7
13
11
12
15
15
13
17
20
19
20
23
24
23
25
27
24
24
24
24
24
24
24
22
21
19
18
17
16
14
12
7
6
5
1
-3
-2
-2
-4
-7
-5
-7
-9
-10
-9
-9
-12
-15
-13
-11
-12
-12
-10
-10
-9
-9
-12
-11
-8
-10
-10
-6
-5
-8
-10
-9
-8
-12
-11
-12
-11
-10
-9
-6
-6
-5
-4
-5
-6
-4
0
-1
-2
0
0
0
-2
-2
-3
-5
-2
-5
-1
-1
-3
-3
-4
-4
-7
-8
-6
-7
-5
-4
-6
-7
-4
-1
-6
-6
-5
-8
-5
-3
-2
-3
-2
-1
-1
0
0
-2
-1
0
-1
-2
-1
1
1
0
3
3
2
4
3
2
4
2
2
4
4
4
4
7
9
10
8
7
8
6
6
5
5
6
5
5
6
7
7
5
10
13
8
8
8
7
6
8
7
6
7
6
8
6
5
3
0
1
2
5
3
3
2
-1
0
-2
-1
-2
-2
2
5
7
4
4
5
3
0
-1
0
-1
-1
-2
-1
-3
-1
-1
-2
-2
-3
0
-1
-3
-1
-2
-2
-5
-4
-4
-8
-5
-3
-5
-5
-4
-6
-9
-7
-6
-10
-11
-10
-5
-3
-2
0
-3
-2
-2
-2
2
1
2
3
3
2
-1
-4
-7
-7
-7
-7
-5
-3
-4
-3
-3
-4
-7
-7
-5
-5
-1
2
0
0
3
2
-1
-1
2
2
0
2
4
0
-1
-2
-2
-2
-4
-2
1
1
-1
-1
2
3
2
0
0
3
2
-1
0
2
0
0
2
0
1
4
2
2
5
6
2
-1
0
-1
-4
-3
0
1
1
5
5
3
4
3
1
-1
-1
0
3
1
-2
0
1
-2
-4
-4
-2
-1
-2
1
0
0
-1
0
1
0
-1
1
4
3
0
0
1
4
1
2
6
8
6
7
9
5
5
5
7
5
4
6
6
5
5
7
8
9
11
10
11
11
13
10
10
12
9
8
6
4
3
3
1
-1
0
-1
-4
-5
-5
-6
-9
-7
-5
-7
-7
-10
-12
-12
-13
-13
-13
-10
-11
-13
-14
-10
-9
-10
-7
-10
-11
-9
-6
-6
-5
-6
-10
-12
-9
-11
-7
-4
-4
-3
-1
-1
-3
-1
1
2
3
4
4
5
4
2
2
1
3
4
4
5
5
4
5
3
2
3
3
1
1
-2
0
-1
-3
-3
-5
-3
-4
-7
-10
-6
-4
-3
-4
-4
-3
-3
-4
-6
-5
-3
-5
-5
-2
0
0
1
3
4
1
3
5
6
7
9
11
9
9
10
10
8
9
9
12
11
8
9
12
13
11
9
10
13
15
13
11
9
8
8
7
4
3
2
-1
0
0
0
0
-3
-3
-4
-1
-5
-5
-6
-8
-9
-11
-9
-9
-10
-7
-4
-5
-4
0
-1
-4
-6
-6
-3
-3
-1
1
1
1
2
0
-3
-1
-1
2
7
8
8
10
10
8
5
4
5
3
4
5
7
7
4
2
1
2
-2
-1
1
-1
0
0
-1
-6
-5
-7
-9
-11
-10
-11
-11
-13
-11
-10
-11
-12
-12
-13
-15
-14
-14
-13
-16
-14
-12
-14
-14
-15
-13
-11
-10
-10
-9
-9
-8
-6
-5
-5
-3
-3
0
3
2
2
3
3
6
6
9
9
11
12
13
15
14
14
15
13
9
12
14
11
12
10
11
11
10
11
11
10
11
10
12
12
10
8
8
5
6
7
6
6
4
3
3
3
1
0
1
2
0
-3
0
2
4
-1
-2
-3
-2
-2
-2
-3
-3
-3
-4
-3
-2
-2
-1
0
-1
0
0
-2
0
1
-3
-2
-2
-3
-5
-3
-2
1
2
1
1
1
0
1
3
1
-2
3
5
0
-3
-2
-3
-6
-3
-3
-4
-4
-3
-4
-6
-9
-7
-7
-9
-5
-6
-7
-5
-5
-5
-3
-3
-6
-4
-5
-5
-5
-6
-4
-6
-6
-4
-3
-4
-3
-3
-3
-4
-2
0
0
2
1
2
3
1
1
0
1
1
0
0
1
0
-3
-3
-4
-4
-3
1
2
3
3
1
0
-1
-1
-1
-1
2
2
1
2
-1
-3
-3
-3
-4
-1
0
0
0
-1
-1
0
-1
-1
-1
1
5
2
4
5
3
2
0
3
5
3
4
7
7
4
6
5
4
5
7
7
5
7
8
6
8
9
10
9
7
8
8
9
8
8
7
5
3
2
3
2
0
2
2
1
3
0
2
4
2
2
2
3
2
1
1
0
0
-3
-2
-1
-4
-3
-2
-4
-7
-7
-5
-1
-6
-8
-5
-6
-9
-5
-2
-3
-5
-5
-4
-2
-2
-1
-2
1
0
1
5
1
0
-4
-4
-6
-6
-4
-4
-3
-7
-8
-7
-8
-8
-7
-7
-7
-4
-3
-3
-3
-4
-4
-4
-5
-8
-6
-8
-7
-4
-6
-7
-9
-8
-5
-7
-7
-4
-4
-3
-3
-3
-4
-4
-5
-7
-5
-4
-1
-1
2
0
1
2
3
3
4
5
6
5
5
6
5
6
10
9
8
6
9
9
10
13
10
8
9
5
3
5
7
6
4
6
4
3
-1
1
2
3
5
5
4
4
5
7
5
4
3
1
2
5
6
5
8
4
2
4
3
3
6
4
2
3
7
6
6
6
4
3
4
7
8
6
5
3
3
2
2
2
3
3
3
3
5
5
4
1
0
0
-2
-2
-1
0
-1
-2
-4
-5
-7
-8
-8
-12
-13
-15
-12
-14
-13
-11
-16
-16
-16
-17
-18
-14
-14
-13
-12
-18
-13
-14
-15
-14
-14
-13
-13
-9
-7
-8
-6
-5
-6
-6
-6
-3
0
1
1
5
7
5
5
7
5
6
8
6
8
5
6
5
4
3
5
6
4
4
2
4
5
2
5
3
4
7
8
8
9
7
5
5
5
7
6
4
7
7
5
7
7
5
3
2
1
2
1
3
4
3
3
3
3
0
-1
2
0
2
2
2
2
1
0
-3
-4
-3
-3
-3
3
3
4
0
3
3
1
2
2
6
4
4
8
6
7
4
2
2
3
8
5
3
7
5
3
2
2
2
1
1
3
2
1
-1
-2
-6
-6
-6
-7
-6
-5
-3
-6
-6
-6
-7
-7
-5
-3
-6
-9
-7
-6
-6
-6
-4
-8
-12
-9
-8
-9
-7
-4
-4
-2
-2
-1
-3
-3
-5
-7
-5
-5
-8
-7
-4
0
-2
0
3
4
4
2
1
1
-1
2
2
1
2
0
-1
2
5
4
4
3
5
2
0
3
2
2
1
-2
-1
3
2
0
-3
-3
-1
-2
0
0
1
2
2
1
-1
0
0
-1
0
-1
-3
-2
-1
-4
-5
-4
-3
-4
-3
-1
-1
-1
-2
-3
-2
0
0
0
4
3
2
3
3
4
4
3
4
6
8
7
7
6
7
5
6
7
7
5
1
3
3
4
4
3
5
4
3
3
5
5
5
4
5
4
1
4
4
2
0
2
3
3
4
5
4
6
4
1
2
5
4
2
3
2
0
1
0
0
-1
-1
-1
0
-1
-2
-2
-3
-2
-3
-3
-1
1
-3
-4
-3
-3
-3
-2
-1
-5
-6
-5
-6
-5
-7
-6
-6
-4
-3
-3
-4
-6
-6
-8
-7
-7
-5
-5
-6
-6
-8
-7
-7
-6
-9
-11
-9
-6
-3
-5
-5
-7
-7
-6
-6
-5
-4
-6
-4
-4
-4
-5
-2
-2
-3
-2
-1
3
3
2
3
1
0
3
6
2
2
6
5
3
5
5
4
4
8
9
8
8
9
9
4
2
2
2
2
4
5
2
3
1
1
-1
-2
-2
-1
-1
-1
-1
-1
-2
-4
-4
-3
-2
-2
-3
0
4
1
2
5
7
6
4
7
8
8
9
9
6
6
8
8
6
7
8
7
8
8
3
1
4
5
5
5
6
6
5
6
7
6
6
6
4
5
6
9
6
4
6
4
4
2
5
5
1
1
4
3
2
2
3
0
2
0
-2
-1
-1
-1
-4
-4
-3
-6
-7
-5
-9
-8
-9
-8
-9
-9
-8
-11
-13
-13
-14
-15
-18
-16
-17
-20
-18
-18
-17
-17
-15
-14
-17
-15
-15
-16
-16
-14
-14
-14
-13
-13
-14
-14
-16
-13
-9
-7
-8
-7
-4
-3
-4
-2
0
0
-1
0
1
3
7
9
9
9
10
12
11
9
11
11
12
11
11
11
9
13
13
13
13
13
14
14
15
14
13
12
11
11
11
11
11
13
12
10
8
9
9
9
9
11
11
12
14
10
11
13
11
12
10
9
8
8
9
9
7
8
8
4
5
7
4
4
3
4
5
3
2
1
-1
-1
-3
-3
-3
-1
0
-1
-4
-4
-4
-8
-8
-6
-8
-9
-8
-7
-9
-10
-8
-10
-11
-14
-12
-14
-12
-10
-12
-11
-9
-8
-11
-12
-12
-12
-13
-11
-11
-11
-12
-11
-11
-14
-13
-13
-12
-11
-8
-7
-3
-4
-5
-6
-9
-9
-7
-5
-6
-4
-5
-4
-3
-3
-6
-6
-2
-3
-3
-1
1
2
1
1
-1
-4
-4
-3
-1
1
5
4
1
2
4
3
3
4
4
2
3
6
7
3
3
5
4
4
6
8
8
10
12
12
11
11
12
9
8
12
13
14
16
16
14
12
13
12
11
12
14
14
12
9
10
9
8
10
10
5
6
8
6
5
7
5
4
3
1
-1
0
2
-1
-3
-5
-4
-7
-7
-6
-8
-8
-9
-9
-9
-5
-7
-10
-11
-11
-9
-8
-8
-7
-7
-8
-7
-8
-5
-4
-5
-5
-3
-4
-2
1
2
2
0
0
2
4
4
5
6
5
3
2
1
0
0
2
2
2
3
1
1
2
-1
-4
-3
-1
-1
-1
-2
-2
-3
-5
-3
-3
-5
-5
-4
-5
-6
-7
-5
-7
-10
-12
-11
-7
-8
-9
-13
-12
-12
-13
-12
-11
-10
-12
-9
-6
-6
-6
-7
-3
-4
-6
-4
-4
-3
-2
0
0
-2
0
0
0
1
1
3
5
6
5
1
4
4
4
3
4
9
8
9
8
9
8
7
7
3
6
8
5
4
5
6
8
7
9
9
8
7
6
7
6
6
9
8
10
12
11
11
12
11
11
11
10
11
7
8
9
6
8
8
7
6
6
7
5
3
1
2
0
-3
-4
-2
-1
-4
-3
-1
-1
-1
-3
-4
-5
-2
-5
-6
-2
-4
-3
-5
-5
-2
-4
-2
-2
-3
-3
-3
-3
-4
-4
-6
-8
-6
-7
-7
-7
-7
-4
-4
-9
-7
-5
-6
-6
-4
-3
-8
-6
-8
-6
-4
-4
-4
-5
-4
-2
-3
-5
-6
-4
-6
-5
-4
-5
-5
-6
-6
-5
-5
-4
-3
-5
-4
-4
-5
-5
-3
-4
-3
-1
-1
-1
1
-1
0
2
0
-1
-3
-1
-1
-1
0
1
1
1
-2
-2
0
-1
0
-1
-3
-4
-4
-2
-1
-2
-1
0
-1
-2
-1
-1
2
2
3
6
5
4
5
6
6
5
6
7
6
6
5
3
4
5
8
10
8
8
9
9
10
8
11
13
13
14
15
14
17
16
16
16
14
16
16
15
15
15
17
11
7
9
10
5
6
6
7
5
2
1
0
-2
-1
-3
-5
-4
-6
-7
-9
-10
-11
-11
-12
-12
-11
-8
-9
-11
-11
-9
-10
-13
-9
-8
-10
-10
-9
-9
-9
-9
-11
-11
-9
-8
-8
-9
-7
-9
-8
-4
-5
-6
-6
-2
-2
-2
-4
-4
-5
-4
-6
-6
-4
-6
-6
-6
-7
-7
-7
-6
-9
-8
-9
-9
-7
-7
-6
-6
-6
-8
-8
-8
-7
-5
-4
-6
-4
-2
1
1
1
1
3
2
3
5
8
9
7
7
7
6
5
3
5
9
6
5
10
9
9
9
7
6
5
7
6
8
10
7
7
8
9
7
7
10
14
12
10
10
7
6
7
7
9
6
6
9
7
7
3
4
5
2
2
4
4
5
5
6
5
3
5
5
6
4
3
2
0
0
0
1
1
-1
-1
2
4
2
0
2
1
-3
-4
-3
-2
-1
2
2
-3
0
-1
-4
-2
-5
-5
-7
-7
-7
-7
-8
-8
-7
-9
-8
-9
-8
-7
-10
-8
-10
-9
-9
-12
-10
-11
-10
-9
-8
-7
-5
-5
-4
-5
-4
-6
-8
-10
-7
-5
-8
-8
-7
-4
-7
-7
-7
-6
-6
-5
-2
-1
2
4
3
2
3
3
-2
-3
-1
3
0
2
4
2
2
4
3
1
3
4
3
3
5
6
4
2
3
4
2
5
8
7
6
8
7
3
5
6
6
6
4
5
8
6
4
5
4
4
1
3
3
0
-1
-1
-2
-7
-3
-2
-1
0
-1
-2
-2
0
1
1
-2
-4
0
2
-1
-1
1
0
1
0
1
1
3
5
2
6
6
6
6
6
7
7
8
12
8
7
8
8
7
7
6
7
8
7
8
8
8
7
4
3
2
5
3
3
4
2
2
2
0
0
-3
-4
-3
-7
-8
-5
-5
-8
-6
-7
-9
-7
-8
-11
-11
-11
-11
-13
-14
-12
-12
-13
-12
-11
-10
-11
-10
-8
-8
-9
-10
-11
-12
-9
-7
-9
-7
-7
-7
-5
-3
-2
-4
-3
0
0
0
3
5
3
1
1
2
1
3
1
-1
3
3
2
2
2
2
2
2
6
3
3
3
2
2
1
3
3
3
3
4
5
4
4
3
1
2
2
4
3
3
4
3
4
2
0
0
0
4
4
4
4
4
5
6
7
5
7
10
8
6
8
8
6
7
8
5
4
4
5
4
2
4
3
2
0
0
0
0
0
-1
1
2
0
2
0
-3
-3
-1
-1
0
0
-2
-2
0
1
0
0
4
3
2
1
2
-1
0
-2
-2
1
4
3
2
3
2
3
1
-3
-2
-3
-4
-2
-1
-1
-4
-3
-3
-2
-5
-4
-2
-2
-2
1
-1
-4
-5
-7
-7
-7
-7
-3
-1
-2
-3
-4
-5
-4
-5
-8
-7
-6
-5
-6
-9
-9
-8
-11
-11
-10
-9
-9
-7
-7
-4
-4
-6
-7
-6
-5
-4
-3
-1
-1
-2
-2
-3
-2
-1
1
2
0
2
0
-2
0
0
0
-2
-1
3
3
5
5
3
2
3
2
3
5
7
6
8
8
8
9
8
10
8
8
8
11
13
11
11
11
11
9
8
9
12
11
9
9
9
6
4
2
0
3
3
3
4
5
6
1
0
0
1
-1
-2
3
1
1
2
0
-1
0
-3
-3
-4
-4
-3
-4
-3
-3
1
-2
-4
-3
-5
-7
-7
-7
-9
-8
-6
-7
-6
-5
-6
-7
-6
-6
-6
-3
0
0
-2
-3
0
-1
-3
0
3
2
3
3
2
1
1
0
-1
-3
1
1
1
1
0
-1
-2
-1
-2
-1
-2
0
0
-1
-1
1
-3
-3
-3
-3
-4
-4
-3
-2
-1
0
-2
-2
-3
-2
-4
-5
-4
-5
-4
-7
-7
-7
-4
-2
-2
0
-3
-1
-1
-4
-1
0
0
-1
-2
2
2
3
2
1
1
-2
0
1
0
3
2
3
1
-1
0
-1
0
1
0
1
1
2
3
5
3
0
-1
0
3
5
4
4
7
5
5
4
4
3
4
2
1
6
7
5
5
5
2
3
1
2
4
3
4
4
1
3
6
5
2
-1
2
2
1
5
5
5
2
3
2
-1
-1
0
2
0
-1
1
-1
-2
-2
-1
0
-1
1
2
1
2
1
-1
1
1
1
0
4
3
1
3
2
1
2
3
2
3
4
2
-1
1
2
2
0
-1
-3
-4
-5
-5
-4
-4
-3
-4
-3
-5
-6
-7
-4
-6
-9
-7
-7
-6
-7
-8
-5
-6
-9
-9
-8
-8
-8
-11
-9
-10
-10
-9
-6
-5
-3
-5
-8
-9
-10
-7
-7
-7
-4
-5
-7
-7
-5
-6
-5
-4
-6
-5
-3
1
1
0
0
-1
0
6
7
8
10
13
11
9
11
11
9
11
13
9
7
10
9
9
11
10
8
3
2
5
5
7
6
5
3
4
3
2
0
-1
0
0
4
7
5
5
4
4
4
3
2
3
3
5
4
5
4
4
3
1
3
5
5
5
4
7
7
5
7
6
4
5
8
7
7
3
4
3
0
0
1
1
0
1
1
2
-1
-2
-1
-3
-5
-3
-1
-2
-4
-5
-4
-6
-8
-10
-9
-7
-6
-7
-6
-5
-6
-8
-10
-12
-13
-15
-16
-15
-12
-11
-14
-13
-12
-12
-12
-14
-12
-14
-14
-12
-11
-10
-10
-8
-7
-4
-2
-3
-2
0
0
-3
-1
2
2
1
3
3
4
5
6
4
4
4
4
4
4
7
7
6
7
7
8
7
5
4
5
6
3
3
5
4
5
2
2
2
2
5
6
6
8
6
5
4
4
5
6
6
7
8
7
10
10
9
7
6
7
7
8
8
5
4
6
3
3
4
2
1
4
4
4
5
4
-1
-2
-3
-1
-2
-1
-1
-2
0
0
-4
-2
-2
-5
-3
-3
-3
-2
1
-1
0
1
-1
-3
-1
0
-1
-1
-1
0
-1
-3
-2
0
-1
-3
-1
0
-1
-3
-3
-5
-6
-9
-9
-7
-6
-7
-6
-4
-5
-6
-5
-6
-8
-10
-9
-6
-9
-8
-8
-8
-6
-9
-6
-6
-8
-7
-4
-3
-2
-1
-2
-2
0
-3
-3
-1
-1
0
1
2
3
1
1
4
4
7
7
7
8
12
8
3
6
7
3
3
4
6
4
3
4
4
3
3
3
3
4
6
3
2
4
4
1
1
0
1
1
0
0
0
2
0
-1
0
0
-1
-2
2
1
0
2
2
0
-3
-1
-1
-3
-2
-1
-1
0
-2
-2
-3
-5
-3
2
2
2
3
6
3
4
4
4
4
5
7
6
7
7
6
1
2
2
1
4
5
2
2
0
-1
-1
-4
-5
-4
-3
-6
-6
-4
-5
-7
-8
-9
-7
-6
-5
-6
-5
-5
-6
-5
-8
-3
-3
-1
-1
-2
0
-1
0
-4
-4
-2
-2
0
1
2
2
3
4
0
-1
-1
0
1
3
7
8
7
7
9
7
9
10
10
10
10
10
11
12
10
4
4
4
4
2
2
1
0
-1
-3
-8
-7
-6
-4
-4
-4
-4
-6
-6
-5
-7
-9
-8
-8
-9
-9
-8
-9
-8
-8
-10
-10
-8
-8
-8
-7
-7
-8
-10
-7
-5
-6
-5
-2
-1
-3
-2
-3
-4
-2
-3
-3
-3
0
1
0
1
0
3
4
3
5
5
4
2
2
2
3
4
6
5
3
3
6
7
7
6
6
6
5
7
8
9
10
7
7
7
8
8
9
8
7
5
4
4
7
6
5
5
3
5
3
0
1
-2
-2
-5
-6
-5
-4
-1
-1
0
0
-1
-6
-3
0
1
-2
2
5
0
-2
-2
-2
-1
-1
-1
-2
0
-2
-1
3
3
1
1
2
0
1
3
1
1
4
2
-2
0
-1
-2
-1
0
-1
1
-3
-3
-1
-4
-4
-1
-3
-3
-3
-3
-1
-1
-1
-2
0
-1
-2
-3
0
-2
-5
-3
-4
-4
-6
-7
-5
-3
-4
-4
-4
-8
-9
-8
-6
-5
-6
-6
-5
-5
-5
-5
-5
-5
-7
-7
-8
-6
-5
-6
-5
-5
-6
-6
-4
-3
-4
0
0
-1
-2
-4
-4
-6
-5
0
0
2
5
7
6
4
7
5
3
4
5
5
5
4
5
6
5
6
4
10
12
7
7
10
10
7
8
10
8
7
8
8
7
7
8
11
8
9
9
7
7
6
8
7
7
7
6
7
7
7
3
6
8
6
6
8
5
4
3
2
1
1
2
-1
-1
2
3
1
-2
-3
-2
-4
-7
-6
-3
-3
-4
-4
-4
-6
-9
-10
-11
-11
-10
-10
-10
-11
-10
-7
-9
-11
-10
-8
-8
-9
-9
-8
-12
-11
-11
-13
-11
-9
-9
-8
-6
-5
-8
-8
-5
-7
-6
-5
-1
1
0
2
2
0
0
-2
-4
-2
-1
-1
1
2
3
1
2
3
2
0
1
3
2
1
2
0
2
-1
-1
2
2
1
1
4
4
3
2
0
-2
-1
1
0
2
3
5
6
5
5
4
3
4
5
6
6
6
5
4
5
4
4
5
4
2
5
8
5
7
8
3
3
5
4
5
6
6
7
3
2
3
3
3
5
7
6
8
8
5
6
6
3
2
1
3
3
3
2
2
1
1
-3
-1
0
-1
0
1
3
4
0
0
2
1
-1
-3
0
2
1
0
-2
0
-2
-2
-4
-3
-3
-2
0
-4
-3
-3
-6
-6
-7
-7
-8
-6
-7
-5
-6
-7
-6
-5
-9
-9
-7
-10
-8
-9
-10
-10
-10
-13
-11
-8
-9
-10
-7
-6
-6
-8
-8
-10
-9
-8
