12
12
12
14
12
8
6
7
6
5
1
0
1
0
3
2
-2
-2
-1
0
0
-2
1
-3
-7
-5
-3
-1
-3
0
1
1
0
-6
-12
-9
-8
-8
-5
1
0
-3
-1
0
-3
-4
0
1
0
0
-1
1
2
1
4
3
0
0
0
-1
4
4
1
-1
-1
-1
-3
0
0
-2
1
4
8
8
6
4
4
4
-2
0
3
10
13
12
9
5
5
3
0
3
7
9
13
12
9
8
9
10
9
5
7
9
11
11
8
6
1
-1
1
2
3
1
1
1
-3
-4
-3
-3
-9
-8
-9
-16
-13
-9
-10
-11
-9
-10
-12
-17
-18
-18
-19
-14
-13
-17
-19
-18
-17
-16
-19
-23
-22
-17
-15
-16
-13
-12
-10
-8
-11
-8
-4
2
0
-2
4
6
2
-2
-2
0
-1
0
0
1
4
2
0
0
0
1
2
-1
1
5
8
6
4
7
5
5
5
1
2
3
2
5
9
12
12
11
8
6
7
8
10
14
14
18
19
13
14
16
17
16
13
16
18
20
19
20
20
18
20
17
17
19
17
14
8
8
7
6
4
10
15
10
8
9
7
0
-6
-8
-10
-8
-6
-6
-3
-1
-7
-13
-18
-22
-17
-14
-17
-15
-11
-14
-18
-18
-19
-23
-28
-24
-20
-20
-16
-14
-12
-14
-17
-18
-16
-14
-12
-9
-9
-9
-9
-15
-14
-11
-9
-6
-3
3
4
2
-2
0
0
0
2
5
6
10
10
5
5
7
8
5
4
10
10
6
4
6
4
0
4
8
7
8
4
1
-2
1
2
-1
2
3
0
0
1
2
0
0
4
5
3
5
6
4
2
1
5
4
5
8
6
4
2
0
-4
-3
3
6
4
2
1
0
-5
-6
-4
-2
1
0
4
8
7
4
1
-4
-5
-4
-6
2
8
7
6
4
0
-3
-2
-2
-1
2
-1
-2
2
3
3
6
5
4
4
3
1
2
0
1
0
3
3
-1
0
2
4
3
6
9
7
5
3
0
-2
-5
-4
2
3
1
4
5
0
0
-2
-7
-5
-3
-1
0
0
1
-1
-6
-5
-9
-13
-9
-2
-1
-2
1
-1
-3
-5
0
1
2
2
0
-4
-6
-5
-6
-4
-1
-2
-4
-4
-4
-3
-1
-1
-1
1
5
3
2
-3
-5
-4
-5
-4
-4
-6
-5
-6
-7
-8
-5
-4
-5
-5
-1
-2
-8
-8
-9
-8
-5
0
0
-1
-1
3
-2
-6
-3
0
-1
0
4
5
3
0
4
3
3
0
3
9
10
11
13
11
8
4
2
-4
-6
-3
5
8
8
11
9
3
0
0
3
1
-4
-2
-1
-5
-3
3
2
5
9
6
2
0
0
-5
-5
-2
2
1
3
2
0
-2
-2
2
-1
-5
-3
0
1
1
2
5
3
5
3
0
2
4
3
5
8
5
4
4
3
1
3
4
2
2
8
10
8
10
10
6
3
3
4
3
4
6
3
4
7
6
2
-1
0
0
-1
4
6
3
3
-2
-7
-9
-8
-7
-6
-5
-1
1
-1
-5
-7
-7
-9
-9
-9
-10
-10
-9
-10
-12
-16
-12
-8
-10
-9
-8
-11
-9
-7
-13
-15
-13
-11
-10
-9
-5
-4
-6
-6
-5
-5
-8
-10
-9
-13
-11
-10
-12
-6
-1
-2
-4
-5
-2
-1
-5
-9
-8
-5
-2
2
4
5
3
5
6
3
4
7
12
12
9
10
8
11
14
16
17
12
11
11
13
13
12
13
11
15
20
20
16
13
11
11
7
5
12
14
15
15
11
9
8
8
9
9
10
13
9
6
7
4
1
2
2
2
6
6
6
5
4
3
3
2
-1
2
1
0
-4
-7
-9
-12
-11
-12
-12
-13
-11
-7
-4
-4
-9
-12
-11
-14
-15
-15
-16
-15
-13
-12
-16
-18
-15
-14
-15
-13
-14
-12
-10
-7
-8
-10
-10
-8
-12
-13
-9
-10
-10
-5
-2
-4
-5
-4
-5
-4
-3
-5
-4
-3
0
3
1
-1
0
3
2
3
10
13
12
9
7
6
6
4
1
3
7
6
8
9
13
12
10
10
15
18
14
11
7
3
7
9
5
2
1
2
4
4
5
5
3
4
-1
-4
-6
-6
-1
2
4
6
10
3
-6
-7
-5
-6
-5
-4
0
2
1
-1
-4
-3
-1
2
-1
-2
1
4
5
4
2
3
2
0
3
3
3
0
-3
-3
-3
-2
-2
-5
-4
0
4
6
8
9
3
-2
-6
-6
-5
-4
-2
-1
5
5
4
4
3
1
-3
-1
-3
-2
4
4
2
-1
-3
-4
-7
-5
-3
-2
1
6
2
0
3
0
-6
-3
-2
-4
0
2
0
1
5
2
-1
-2
-2
0
5
6
3
-2
-1
2
1
6
7
6
7
6
6
8
3
1
1
-1
-2
-1
1
1
2
2
-4
-6
-5
-2
-4
-3
-4
-8
-10
-11
-9
-11
-14
-13
-16
-16
-15
-14
-9
-9
-8
-11
-12
-15
-17
-12
-11
-12
-10
-10
-7
-5
-5
-3
-4
-6
-8
-7
-3
-3
-2
-1
1
4
2
4
9
9
11
12
9
8
10
11
8
10
12
11
12
15
19
21
21
19
16
12
6
5
11
16
19
19
18
11
9
14
14
13
12
11
15
16
14
11
11
5
1
1
1
5
9
8
5
3
-1
-3
-1
1
1
0
1
2
-2
-4
-6
-10
-9
-11
-11
-8
-2
0
-5
-6
-10
-16
-16
-12
-7
-9
-8
-10
-11
-10
-11
-11
-12
-13
-14
-17
-12
-10
-10
-10
-9
-7
-9
-10
-8
-9
-11
-11
-7
-5
-7
-8
-11
-13
-13
-11
-8
-4
-3
-1
-1
0
-2
-8
-9
-5
-6
-2
-1
2
6
6
4
1
5
7
5
5
4
2
6
6
7
6
4
4
7
6
2
7
10
5
4
7
5
5
8
13
12
13
12
12
7
6
11
7
4
10
11
6
9
11
7
8
10
5
3
7
5
6
6
5
4
0
0
-1
-1
-4
-4
-2
-1
0
-1
-2
-1
-6
-7
-6
-6
-6
-1
1
-4
-11
-9
-8
-7
-4
-2
-4
-4
-4
-5
-2
0
-2
-4
-5
-4
-3
-4
-3
-4
-2
0
4
8
9
8
13
12
4
1
2
3
5
4
5
10
10
7
5
5
1
-4
0
-3
-4
-1
-1
0
0
1
-2
1
0
-2
-5
-7
-6
-8
-8
-7
-5
-4
-5
-5
-1
-2
-2
-1
-2
-2
-1
-4
-8
-5
-3
-3
-6
-8
-8
-9
-9
-7
-4
-2
-5
-5
-5
-4
-3
-4
-4
-3
0
-2
-3
-5
-4
-4
-3
-2
-3
-2
-3
-2
-1
-2
2
4
1
0
-1
1
0
-3
0
0
-3
1
3
4
2
0
-1
-1
-1
-2
-2
2
4
4
4
7
5
3
1
2
3
2
4
7
7
8
11
10
9
6
9
9
7
7
14
18
13
9
9
6
5
9
10
12
9
9
6
5
7
5
4
6
7
4
4
3
0
-3
-4
-3
-2
-1
2
3
-2
-6
-3
-4
-8
-9
-6
-1
-1
-3
-3
-4
-2
-1
-5
-8
-9
-7
-3
-5
-2
0
0
0
-1
0
-2
-4
-4
-4
-1
-3
-1
3
3
3
1
-2
-5
-6
-3
-5
-5
-5
-5
-7
-7
-5
-6
-10
-9
-8
-11
-12
-11
-4
-3
-3
2
0
-4
-7
-7
-8
-7
-5
-8
-5
-6
-4
-1
-2
-3
-5
-6
-6
-4
-5
-5
-5
-5
-4
0
2
1
-1
-1
-2
-2
2
5
7
6
4
5
7
8
9
7
6
6
6
6
6
8
8
2
-2
-1
-2
-2
-1
-1
-2
-3
-2
-1
-1
-3
-5
-5
-1
1
4
9
8
7
4
2
6
8
8
8
10
9
7
5
6
11
13
12
11
11
11
13
11
12
14
15
16
18
18
17
15
17
15
10
10
9
7
8
8
7
3
5
3
5
7
4
1
0
-1
-4
-4
-2
-4
-4
-5
-11
-15
-13
-13
-13
-14
-13
-14
-15
-15
-18
-20
-19
-21
-22
-18
-16
-18
-18
-18
-25
-25
-22
-22
-18
-15
-11
-12
-12
-16
-18
-17
-18
-19
-16
-10
-4
-3
-1
-5
-3
1
-1
2
2
4
5
8
11
9
10
16
17
10
9
13
11
6
6
8
9
8
7
6
8
8
6
6
8
7
7
6
7
4
3
7
6
8
10
11
7
8
8
5
4
3
4
7
9
8
6
4
4
5
4
2
5
5
2
1
2
1
-1
0
0
-1
1
5
7
6
6
1
-1
0
-1
-1
-1
-1
-2
-2
2
2
0
0
1
4
0
-3
-1
-3
-5
-3
1
-3
-6
-1
0
-2
-3
0
-1
-2
1
1
-3
-5
-6
-7
-7
-6
-4
-3
-1
0
-5
-4
-5
-8
-5
1
3
3
4
3
0
4
5
1
1
2
2
1
-4
-4
-2
-2
-1
-1
0
6
5
0
-1
0
1
-1
-1
-2
-5
-6
-5
-6
-4
-9
-8
-4
-6
-10
-10
-8
-4
0
1
1
-1
-1
-3
-4
-4
-6
-7
-5
-1
-2
-3
-3
-1
1
1
1
3
5
1
0
0
0
-2
-4
-4
-1
-2
-1
-1
-2
0
0
0
1
1
-2
-4
-3
-1
1
-1
-2
-2
1
-3
-6
-1
2
-2
-4
0
7
7
2
0
-1
-1
-3
2
6
6
8
8
7
4
6
5
5
8
8
9
12
12
7
6
7
4
3
9
13
15
12
11
10
9
7
7
9
12
13
11
9
7
10
10
12
11
10
12
8
7
7
9
9
3
4
4
4
2
-3
-4
-1
-1
-5
-8
-10
-10
-10
-13
-14
-12
-9
-9
-10
-12
-18
-22
-22
-21
-22
-17
-13
-15
-13
-13
-13
-16
-17
-18
-15
-15
-19
-17
-10
-6
-6
-4
-5
-7
-8
-3
-1
1
4
2
3
-1
2
3
1
0
1
0
-5
-4
0
0
1
0
-2
1
5
7
10
9
7
5
4
2
1
4
4
5
3
2
0
2
9
9
6
8
12
13
10
11
12
7
7
7
1
3
8
8
9
9
10
7
7
11
14
9
4
2
6
6
7
7
6
6
2
-3
-2
3
3
2
1
-3
-3
-1
1
3
2
-3
-9
-10
-11
-10
-10
-10
-11
-14
-13
-11
-9
-11
-11
-10
-11
-9
-10
-12
-11
-12
-11
-10
-6
-5
-4
-3
-3
-3
-3
1
1
4
6
9
9
9
9
11
9
9
12
9
8
11
11
8
9
11
12
11
12
14
13
16
14
10
11
9
8
7
9
11
9
8
6
2
-1
-1
1
3
4
1
0
3
-1
-5
-5
-9
-13
-14
-10
-9
-12
-9
-6
-9
-11
-12
-11
-13
-14
-16
-16
-15
-14
-12
-9
-10
-13
-19
-20
-18
-17
-14
-14
-13
-12
-13
-12
-11
-8
-9
-8
-9
-9
-9
-11
-12
-12
-9
-5
-3
-2
-2
1
-2
-3
3
9
9
6
11
11
8
7
9
7
6
8
11
14
14
13
14
19
16
13
16
17
19
23
23
20
20
14
12
13
13
15
13
14
18
15
14
13
8
8
7
8
8
5
4
-1
0
1
-4
-3
0
0
0
-1
-2
-6
-8
-6
-5
-7
-7
-2
-1
-4
-2
-4
-3
-5
-6
-10
-12
-7
-4
-5
-5
-5
-4
-3
-2
-2
-6
-3
-1
3
4
2
-1
-6
-9
-10
-9
-8
-6
-4
-5
-5
-3
-1
-4
-9
-7
-6
-8
-5
-6
-7
-6
-9
-8
-7
-7
-9
-7
-4
-5
-7
-3
-4
-3
-2
-2
0
-1
0
-1
-2
-3
-5
-2
-1
-3
-3
2
5
5
5
6
7
2
3
5
4
4
1
4
4
3
0
0
3
0
-4
-3
2
1
-2
0
-2
-6
-8
-5
-5
-9
-9
-10
-9
-5
0
-2
-2
0
-1
-3
-1
-2
-2
3
5
1
2
7
9
8
7
6
6
6
7
6
7
9
12
14
14
15
15
12
9
8
8
7
5
5
9
9
7
8
9
8
3
0
1
4
3
5
6
6
8
8
4
2
-1
-3
-3
0
-1
-3
1
7
7
6
9
7
4
6
5
4
5
0
-2
2
-1
-2
2
6
4
-1
-4
-5
-6
-9
-7
1
3
2
-3
-6
-8
-15
-19
-17
-18
-15
-17
-12
-11
-15
-20
-23
-21
-17
-17
-16
-14
-12
-10
-12
-19
-18
-16
-15
-13
-17
-13
-12
-13
-10
-6
-6
-8
-7
-4
-3
-4
-4
0
1
4
6
9
11
10
13
9
5
7
10
15
15
16
14
13
14
11
9
9
13
15
17
16
10
7
10
11
12
15
14
14
12
11
5
1
2
3
3
1
6
9
5
4
2
-1
-3
-4
-3
-4
-3
0
1
1
-1
1
0
-2
-2
-2
-4
-4
0
-1
-1
0
-1
-2
-2
-2
-2
-1
-2
-2
0
1
-2
-2
-4
-7
-5
-1
-2
-4
0
1
1
1
0
-3
-2
1
0
0
-1
0
-2
-2
-1
1
1
1
10
10
6
4
1
-3
-4
0
-1
-3
-1
2
2
1
1
0
-2
1
2
3
1
0
-1
-3
-4
0
3
1
-2
1
2
-1
4
4
2
0
-2
-4
-3
-3
-1
2
-1
-2
2
-1
-3
-4
-2
-4
-10
-10
-11
-13
-11
-9
-11
-10
-8
-6
-4
-6
-7
-7
-6
-6
-7
-12
-12
-9
-9
-9
-9
-11
-8
-5
-4
0
-1
-1
2
1
-1
-3
0
0
-1
-1
-1
0
0
0
3
2
2
1
1
3
2
6
6
6
7
10
11
14
14
9
7
6
3
5
10
14
14
14
17
15
10
10
12
14
12
13
15
16
12
11
10
8
6
5
4
8
11
10
5
5
6
2
3
4
6
5
2
3
1
-1
-4
-4
-1
0
-1
2
2
1
-3
-6
-10
-18
-15
-12
-11
-7
-4
-5
-8
-4
-4
-5
-4
-8
-9
-14
-11
-7
-5
-5
-7
-8
-8
-7
-11
-12
-10
-8
-6
-7
-6
-4
-7
-9
-4
-6
-10
-12
-7
-4
-7
-6
-4
-4
-4
-7
-8
-4
-2
-3
-4
-2
-3
-3
-2
0
1
4
0
-2
0
-2
-4
-4
0
1
1
7
10
11
10
4
1
-2
0
2
4
5
2
2
2
0
2
4
4
7
8
8
6
9
12
11
10
9
7
7
9
9
7
7
3
6
8
8
10
11
7
5
3
3
4
8
10
6
3
2
5
-1
-3
0
-1
-2
-5
-7
-9
-11
-9
-6
-4
1
-3
-7
-6
-8
-12
-12
-11
-13
-13
-8
-6
-5
-4
-4
-6
-10
-10
-10
-10
-5
-4
-4
-2
0
0
3
2
1
2
6
10
12
11
12
12
10
8
6
7
12
14
14
9
12
14
15
13
10
7
4
7
9
8
4
4
3
1
4
6
6
6
7
0
-8
-5
-4
-10
-10
-7
-5
-4
-2
-2
-5
-6
-5
-5
-5
-9
-9
-4
-7
-7
-8
-9
-13
-13
-12
-13
-11
-10
-11
-11
-12
-10
-11
-9
-9
-11
-14
-12
-9
-11
-8
-7
-9
-11
-12
-11
-9
-9
-9
-5
-5
-3
0
2
1
1
-1
-7
-8
-4
-1
-2
-2
-1
3
6
4
0
0
1
4
8
8
3
3
7
6
7
7
8
10
12
15
16
16
17
18
15
14
15
13
17
21
19
18
17
20
19
16
18
17
15
16
15
14
15
17
13
13
12
8
8
7
8
4
0
0
-1
-5
-6
-4
1
2
0
0
0
-3
-5
-7
-8
-11
-12
-13
-15
-14
-15
-17
-17
-17
-17
-13
-12
-12
-13
-15
-13
-12
-11
-11
-13
-16
-14
-12
-16
-14
-10
-12
-12
-13
-12
-12
-12
-12
-7
-4
-4
-5
-6
-6
-4
-3
0
-1
1
3
5
4
3
2
0
4
3
3
3
5
7
5
1
2
1
-1
-5
-3
-2
-6
-3
1
1
3
9
13
12
7
4
5
7
9
9
7
7
6
6
7
5
4
8
9
8
9
9
12
13
7
4
3
4
5
4
5
3
0
-2
-4
-7
-3
-1
-2
-4
-6
-7
-3
-3
-6
-4
-5
-7
-8
-5
-1
-4
-5
-1
-1
-5
-4
-2
-5
-8
-6
-4
-1
-1
-1
1
1
0
0
0
-2
1
4
6
8
11
13
9
12
12
10
10
6
8
10
6
9
8
7
12
11
6
6
11
10
9
9
8
5
2
2
2
2
0
-3
-2
2
0
0
2
-1
-3
-7
-11
-8
-4
-5
-4
-2
-3
-3
-7
-10
-5
-5
-10
-12
-13
-12
-10
-7
-7
-10
-15
-11
-10
-14
-13
-10
-12
-12
-15
-15
-13
-13
-11
-10
-7
-6
-7
-4
0
-3
-5
-2
-5
-5
-1
-2
-2
-2
1
1
0
1
-3
-3
-1
-1
-2
3
5
3
3
5
4
6
10
7
2
2
5
5
4
5
6
7
9
9
8
6
3
2
3
5
7
10
10
8
7
7
7
6
5
4
6
6
6
10
10
10
5
2
4
2
7
11
9
8
8
6
7
8
8
10
8
9
10
9
7
3
2
2
-1
-4
-2
-1
1
0
-4
-6
-2
-3
-6
-4
-2
-2
-2
-6
-4
-6
-9
-10
-12
-9
-9
-10
-7
-5
-3
-8
-12
-14
-15
-12
-9
-4
-1
1
-1
-4
-7
-11
-17
-11
-2
-1
-1
3
6
5
3
-1
0
1
2
2
7
9
5
6
5
3
5
5
7
6
6
5
1
0
3
1
0
2
-2
-6
0
2
-6
-7
-3
-3
-6
-4
-2
-2
-4
-7
-6
-6
-6
-6
-4
-8
-8
-6
-6
-9
-4
-4
-12
-11
-8
-8
-10
-5
0
-8
-7
-4
-6
-10
-7
-6
-10
-6
-2
-3
-3
-1
2
0
-1
3
1
-1
3
7
8
9
11
13
10
10
8
10
12
13
12
12
14
16
14
13
12
11
12
13
17
18
11
9
10
7
5
7
11
14
11
8
6
9
7
8
9
9
8
5
6
6
4
0
0
4
4
4
4
2
0
1
4
4
-1
-2
-2
-5
-10
-10
-9
-7
-5
-8
-11
-9
-10
-12
-10
-6
-6
-11
-8
-7
-11
-13
-15
-18
-17
-14
-15
-16
-15
-10
-12
-16
-16
-12
-12
-15
-13
-13
-13
-13
-14
-10
-9
-7
-6
-7
-7
-7
-5
-3
-4
-5
-5
-5
-7
-4
-1
3
5
7
5
2
6
6
3
5
11
11
7
9
11
14
13
10
11
12
13
10
10
10
9
9
5
4
5
6
9
7
8
9
8
12
7
3
6
6
0
0
5
0
-2
2
-1
-2
0
2
2
3
6
2
-1
-4
-1
1
1
0
-1
3
4
1
0
2
-2
1
3
1
-1
2
2
-1
1
1
-2
-1
1
3
2
3
2
-2
-4
-5
-4
-1
-2
-4
-2
1
-1
-1
0
-2
-1
-1
-1
-2
-1
0
-3
-3
-1
1
0
0
3
0
-1
1
1
6
6
2
-2
-4
0
-2
-4
1
1
0
3
0
3
4
-1
-4
-4
-6
-7
-5
-4
-6
-3
-1
-2
1
6
4
4
4
2
2
2
5
8
5
1
-1
-3
-1
1
1
3
4
0
-1
-2
-6
-4
-4
-6
-8
-6
-8
-11
-7
-6
-9
-12
-12
-11
-9
-8
-12
-10
-10
-12
-14
-13
-12
-9
-9
-12
-15
-13
-11
-10
-8
-10
-13
-12
-8
-6
-2
-2
2
4
1
2
5
5
8
10
10
6
9
14
13
12
14
17
21
18
19
20
17
16
17
14
13
14
15
18
18
20
13
9
10
6
3
5
6
3
4
6
6
6
10
12
11
10
8
5
7
8
8
7
1
-1
2
2
2
8
10
3
1
4
3
3
6
4
-1
-7
-5
-4
-5
-2
-4
-9
-12
-10
-6
-4
0
-2
-5
-8
-11
-12
-10
-12
-13
-14
-17
-19
-20
-19
-18
-18
-19
-21
-22
-19
-17
-15
-17
-20
-19
-16
-19
-20
-20
-21
-20
-20
-16
-8
-6
-4
-7
-4
-3
-2
-1
1
1
1
2
3
3
3
4
7
7
5
7
5
3
5
10
13
12
12
16
18
19
21
23
20
15
13
11
7
11
15
11
14
16
13
11
14
14
11
10
11
5
5
11
10
7
5
3
-1
-4
-7
-3
-1
0
3
4
3
0
4
4
1
-4
-2
-2
-2
1
-1
-1
0
1
-4
-8
1
2
3
5
4
0
-4
-4
-5
-5
-2
-4
-9
-6
-5
-5
-5
-8
-6
-8
-6
-7
-4
-2
-1
-3
-8
-9
-5
-3
-4
0
2
1
-3
-4
-5
-5
-5
-2
2
2
3
6
4
0
-3
-6
-6
-6
-5
-1
4
5
1
2
2
3
3
5
6
3
1
2
3
4
3
4
6
7
4
7
9
8
8
7
8
4
3
0
-2
1
1
-3
-6
-1
-5
-7
-5
-7
-7
-7
-10
-12
-11
-11
-13
-15
-14
-13
-13
-11
-9
-10
-11
-13
-13
-10
-13
-11
-8
-4
-3
-5
-2
-2
-4
-1
0
0
0
3
7
8
4
3
3
6
7
7
8
9
12
12
11
13
13
12
11
9
11
11
12
13
10
10
12
14
11
11
11
11
11
11
8
9
7
2
0
0
3
0
1
3
2
2
0
0
3
-1
-4
1
6
4
3
2
-1
-4
-3
-4
-3
-4
-8
-8
-8
-9
-5
-3
-3
-5
-6
-7
-8
-5
-4
-7
-8
-6
-6
-7
-8
-10
-8
-4
-6
-4
0
-1
-1
2
2
6
4
4
11
8
3
1
4
6
6
4
3
3
3
-1
0
-4
-1
-2
-4
0
0
-3
-3
0
-2
-10
-9
-6
-5
-7
-11
-8
-7
-8
-9
-10
-9
-7
-6
-3
-2
-4
-5
-5
-5
-4
-9
-13
-8
-9
-11
-10
-9
-7
-5
-2
-1
-5
-6
-1
1
1
3
3
9
10
8
8
6
6
6
5
4
7
9
6
6
7
7
7
7
10
9
9
6
4
5
8
8
7
7
7
7
5
9
9
7
7
5
0
0
0
-1
-1
0
2
2
4
6
8
4
2
3
5
3
1
4
1
-1
0
3
2
3
10
10
8
9
5
1
1
4
3
2
4
6
2
1
4
4
2
5
5
3
1
0
-4
-6
-9
-8
-6
-5
-6
-6
-6
-5
-7
-13
-12
-9
-11
-11
-10
-8
-7
-6
-5
-7
-9
-10
-11
-16
-13
-8
-12
-12
-10
-8
-7
-8
-6
-11
-13
-10
-9
-9
-6
-3
-5
-5
-6
-3
0
-2
-1
-2
-5
-7
-5
-4
-3
1
-1
-2
0
3
1
-1
2
4
4
4
5
8
6
6
7
7
8
10
10
7
4
5
4
4
3
3
7
4
4
3
5
6
7
10
10
12
13
10
8
9
7
6
8
9
9
9
8
6
7
9
9
9
8
9
9
7
8
10
9
7
2
2
0
-2
-6
-4
1
3
4
5
3
1
2
-1
-4
-5
-6
-10
-10
-12
-15
-11
-7
-7
-7
-4
-3
-1
-1
-4
-6
-4
-4
-7
-10
-9
-7
-9
-9
-6
-7
-8
-7
-5
-5
-4
-2
-3
-4
-7
-9
-5
-8
-5
0
0
1
-2
-3
-6
-6
-1
-4
-1
2
2
1
5
7
3
3
1
0
2
2
2
1
3
2
2
3
3
4
1
0
4
7
5
3
8
7
2
0
5
7
5
1
-1
1
2
-5
-3
1
2
2
5
5
1
-3
-2
-5
-6
-3
-6
-7
-4
-3
-5
-7
-7
-7
-7
-6
-3
1
0
-1
-1
-1
-2
-6
-6
-3
-3
0
-3
0
1
0
0
-1
-3
-6
-8
-6
1
4
2
1
4
1
0
-2
3
3
1
0
-1
3
3
3
4
7
8
4
5
8
8
5
6
7
4
-2
2
7
7
10
11
8
10
12
14
11
6
4
4
9
11
10
8
8
8
13
13
12
14
16
15
11
10
13
11
10
7
7
5
1
1
-2
-4
-6
-5
-6
-7
-7
-10
-14
-9
-9
-16
-21
-19
-17
-16
-17
-18
-19
-21
-25
-23
-17
-20
-19
-17
-17
-16
-16
-14
-11
-14
-18
-19
-16
-16
-17
-13
-10
-13
-17
-13
-11
-11
-9
-3
-3
-1
-4
-4
3
5
6
4
2
2
5
4
5
9
12
8
7
11
16
15
12
13
13
11
8
12
10
10
12
9
9
10
8
10
15
15
15
15
13
12
12
17
22
20
16
11
12
12
9
5
7
10
11
11
10
11
9
8
5
2
5
7
10
8
2
-3
-7
-6
-5
-2
-4
-4
-1
-3
-3
-4
-4
-1
-2
-5
-3
-7
-11
-9
-10
-12
-11
-13
-9
-6
-6
-8
-9
-10
-15
-15
-14
-15
-12
-11
-12
-9
-7
-10
-12
-11
-11
-15
-15
-11
-8
-8
-5
-4
-6
-5
-5
-5
-2
3
3
3
4
3
2
4
4
5
4
5
1
5
8
9
9
10
12
6
5
6
7
5
4
6
10
8
5
8
8
9
7
10
7
3
5
7
5
3
2
2
-1
2
2
-2
-1
-1
-3
-8
-9
-8
-8
-5
-4
-2
-2
-5
-3
-1
-4
-5
-6
-5
-6
-6
-5
-4
-4
-3
-9
-11
-7
-7
-5
-5
-6
-7
-10
-9
-8
-7
-5
-3
0
2
2
4
3
0
-1
-1
-1
0
2
7
8
5
5
5
6
6
7
9
6
9
12
12
11
11
11
12
10
8
8
5
3
4
1
1
2
1
2
4
6
6
4
8
8
5
7
7
3
0
1
0
0
3
5
5
3
-2
-2
-2
0
2
4
8
8
8
5
-1
1
1
0
-2
-3
-1
-3
-5
-4
-7
-9
-8
-9
-5
-2
-1
-1
-4
-4
-7
-10
-9
-12
-11
-9
-13
-12
-13
-15
-12
-11
-10
-9
-8
-7
-6
-4
-5
-6
-7
-7
-11
-12
-5
-6
-8
-4
-2
-3
-6
-2
-2
-4
-5
-8
-2
2
2
1
-1
-4
-5
-3
1
3
3
4
6
6
6
7
7
9
6
1
2
5
5
4
6
9
7
8
9
8
11
5
3
8
8
7
11
15
11
10
10
7
4
1
2
4
9
6
4
6
4
4
4
6
6
-1
-1
2
1
0
-1
0
1
-3
-3
-1
2
1
2
0
2
4
5
7
3
-1
0
2
-1
1
4
2
-2
-1
0
-2
-1
0
-3
-5
-5
-6
-9
-9
-7
-5
-4
-2
-2
1
0
-1
-4
-10
-6
0
-1
-1
1
5
4
0
2
1
0
1
-1
-2
2
3
2
5
8
2
-8
-10
-8
-7
-6
-4
-2
-2
-2
-3
-6
-7
-9
-7
-5
-4
-2
-1
-2
0
-3
-3
0
3
3
-2
-3
-5
-12
-12
-7
-4
-6
-2
-3
-8
-6
-7
-10
-8
-4
-2
-3
0
4
-2
-9
-9
-10
-11
-11
-9
-7
-6
-4
-6
-4
0
2
3
3
5
3
1
4
7
7
7
9
10
11
8
5
9
12
14
17
20
22
22
15
11
8
11
11
11
14
15
13
9
10
8
7
12
13
13
15
13
9
8
6
4
2
-1
2
5
2
-4
-3
-3
-4
-4
-3
-7
-9
-7
-1
-4
-2
2
-1
-2
-4
-9
-8
-5
-5
-10
-9
-7
-10
-9
-10
-10
-9
-9
-11
-10
-8
-7
-9
-9
-11
-12
-11
-11
-9
-7
-9
-15
-13
-13
-11
-9
-7
-6
-8
-5
-4
-5
-5
-8
-6
-5
-2
0
-1
0
0
0
0
2
5
6
2
1
4
5
3
5
9
6
4
5
7
10
13
12
9
13
14
14
14
17
15
11
12
13
9
12
11
7
7
11
10
8
8
9
8
7
6
5
2
1
1
-5
-7
-8
-8
-11
-12
-8
-7
-10
-10
-11
-13
-14
-14
-14
-14
-9
-11
-13
-10
-10
-12
-11
-13
-15
-16
-13
-14
-13
-10
-7
-6
-9
-2
-1
-2
-2
-2
-3
-1
1
1
5
5
4
6
5
7
9
8
8
7
9
13
15
19
17
16
10
8
7
8
10
10
11
10
9
8
10
10
8
6
7
9
10
11
9
9
5
1
1
5
7
6
8
11
11
6
3
-1
0
1
0
1
2
-1
-3
-1
-1
-6
-9
-11
-8
-5
-2
0
-2
-6
-7
-9
-9
-11
-14
-12
-8
-6
-6
-6
-4
-7
-11
-11
-11
-14
-12
-8
-10
-6
-6
-8
-12
-12
-12
-10
-10
-11
-10
-11
-9
-11
-9
-10
-12
-11
-7
-6
-6
-4
-3
-7
-8
-4
-2
2
4
3
0
3
5
6
5
7
7
5
3
3
4
3
5
3
2
0
-1
5
10
13
13
11
5
7
12
9
9
9
4
4
7
8
7
12
12
12
11
12
13
14
15
13
12
12
10
10
10
8
7
9
9
7
5
8
7
3
3
4
4
0
-1
-1
0
2
-3
-4
0
-3
-6
-8
-7
-8
-7
-7
-8
-8
-10
-10
-12
-16
-15
-12
-7
-8
-8
-10
-13
-16
-12
-6
-7
-4
-1
-2
-5
-4
-5
-7
-4
-3
-2
-2
0
2
2
-2
-2
-2
-1
0
5
5
3
2
0
1
0
-2
1
4
1
-3
1
-1
1
5
1
2
3
1
-3
-2
2
1
-1
2
0
1
6
7
5
7
5
4
3
2
1
1
2
0
0
0
-3
1
1
1
0
-1
1
2
0
-1
-2
-2
-2
-3
-5
0
1
-2
-4
-3
0
2
0
3
3
1
-1
-3
-2
-2
-3
-3
-5
-5
-6
-4
-2
-4
-5
-4
-5
-6
-5
-3
-1
2
1
-2
-2
-3
-5
-9
-7
-5
-4
-1
-4
-4
0
2
0
-2
-1
4
5
4
6
7
8
6
6
6
5
8
6
4
6
6
10
11
12
14
13
11
5
10
11
8
7
8
11
11
7
8
13
11
10
12
10
9
7
4
4
7
6
2
4
5
2
0
0
-2
-5
-5
-2
-4
-3
-2
-4
-7
-7
-6
-6
-10
-11
-12
-15
-12
-10
-12
-10
-10
-12
-14
-12
-11
-12
-9
-8
-9
-13
-15
-17
-16
-14
-13
-10
-8
-11
-11
-7
-4
-6
-6
-8
-9
-9
-9
-8
-4
-5
-7
-7
-6
-3
1
4
5
2
2
4
4
5
6
7
8
6
5
4
3
4
3
2
2
4
8
11
10
8
6
8
8
4
7
10
6
4
4
5
7
7
7
10
6
3
4
5
4
6
9
8
8
8
6
2
5
7
7
10
13
10
7
6
5
2
2
0
-2
-3
-1
6
8
5
3
2
0
1
3
0
-2
-7
-8
-4
-4
-3
0
1
0
1
0
-2
-3
-2
-4
-8
-3
-2
-3
-1
-3
-6
-9
-10
-9
-5
-3
-4
-2
0
-1
-3
-4
-3
-5
-4
-5
-5
0
3
-1
-3
0
1
-3
-6
-4
-1
-2
-4
-5
-4
-3
-5
-5
2
2
-1
-2
-3
-3
-2
-1
1
1
4
7
4
5
6
2
-3
-3
-5
-6
-6
-5
-4
-4
-6
-9
-5
-4
-7
-6
-5
-9
-10
-5
-5
-5
-2
-2
0
1
-2
-3
0
1
-1
-1
3
4
1
0
1
4
5
5
5
6
7
5
5
5
3
1
0
3
2
3
4
5
3
0
6
8
9
8
7
9
10
7
4
4
5
6
8
8
7
5
4
6
4
1
2
4
5
4
6
5
3
2
2
1
-1
-1
2
2
2
3
3
4
4
1
2
2
0
1
3
5
4
5
4
2
1
-1
-1
1
3
-4
-1
6
0
-3
-3
-5
-8
-7
-5
-7
-7
-5
-6
-10
-10
-8
-12
-11
-8
-9
-11
-13
-12
-13
-13
-12
-12
-11
-11
-9
-4
-6
-8
-7
-7
-8
-8
-8
-8
-8
-4
-6
-8
-4
-2
-5
-5
2
6
5
8
8
11
10
7
5
4
11
12
9
9
10
9
8
7
7
8
7
6
10
10
10
12
10
9
7
8
8
3
8
6
3
2
4
6
6
0
-2
-4
-8
-7
-4
-2
-3
-3
-5
-4
-6
-7
-4
-4
-6
-7
-6
-2
-4
-7
-9
-10
-5
-8
-12
-7
-5
-7
-7
-7
-4
-3
-4
-4
-5
-5
-5
-4
-2
-1
4
5
5
5
4
4
2
0
1
5
5
5
3
5
10
11
13
11
7
7
6
5
6
7
4
4
3
4
5
10
9
6
6
6
9
7
8
11
7
5
7
8
5
6
4
2
4
1
4
4
4
4
4
3
5
0
-1
2
-3
-6
-7
-5
-5
-7
-5
-7
-11
-8
-6
-6
-7
-9
-7
-10
-10
-8
-7
-9
-11
-8
-6
-9
-10
-9
-11
-11
-7
-10
-10
-11
-15
-17
-14
-10
-10
-12
-10
-9
-11
-12
-10
-9
-9
-7
-8
-10
-8
-5
-1
-4
-7
-6
-6
-6
-3
-1
-1
-2
-1
-3
0
9
12
12
13
11
8
5
4
4
4
4
7
12
14
15
16
15
15
16
18
17
18
22
23
22
20
21
18
16
19
19
17
13
15
12
10
8
8
9
8
7
8
7
9
4
0
2
1
-1
-3
-6
-3
-6
-9
-11
-10
-9
-11
-11
-12
-9
-11
-10
-9
-10
-10
-7
-9
-14
-13
-11
-10
-12
-10
-9
-11
-11
-9
-10
-12
-11
-7
-7
-10
-10
-11
-8
-9
-9
-5
-2
-1
1
2
4
4
3
-3
-4
-3
-5
-2
2
2
1
4
6
4
5
2
3
4
3
2
1
2
5
6
3
2
7
5
2
2
7
8
5
4
4
5
5
7
5
3
3
3
1
2
3
-1
-2
0
1
1
1
4
1
0
3
-2
-6
-6
-5
-6
-5
-2
-3
-4
-1
-5
-9
-8
-6
-8
-8
-5
-2
-4
-7
-6
-8
-11
-13
-8
-9
-8
-7
-5
0
0
-2
-4
-3
-5
-9
-7
-3
-2
-4
-1
3
5
3
4
3
5
9
9
10
12
13
16
12
8
11
11
12
12
15
13
14
15
15
13
11
15
15
13
12
10
6
6
6
4
1
3
8
9
8
10
10
5
4
4
6
5
4
4
3
4
5
4
0
-3
-4
-7
-4
0
0
-2
-4
-4
-4
-7
-10
-11
-14
-13
-14
-15
-14
-15
-16
-19
-18
-13
-12
-14
-14
-12
-12
-15
-15
-14
-12
-12
-13
-14
-15
-12
-12
-10
-9
-9
-9
-8
-4
-5
-6
-8
-7
-4
-4
-6
-4
-7
-9
-11
-11
-8
-5
-4
-3
-3
-1
1
2
4
7
9
7
7
12
13
10
10
8
8
8
8
11
11
10
14
14
16
18
20
17
17
20
19
19
18
18
14
10
10
15
15
13
10
12
10
8
9
9
10
12
14
18
13
11
15
12
7
6
9
8
7
5
0
-4
-7
-7
-7
-10
-11
-14
-15
-21
-25
-25
-26
-27
-28
-26
-22
-23
-20
-19
-18
-17
-19
-22
-21
-18
-18
-18
-20
-21
-16
-16
-19
-18
-14
-13
-13
-10
-8
-4
-1
-1
-1
4
9
8
8
8
7
3
3
2
-3
-2
-1
-6
-6
-7
-9
-11
-10
-11
-19
-19
-19
-19
-20
-21
-20
-19
-16
-12
-11
-5
-4
0
3
5
10
12
18
17
17
20
19
21
22
24
30
34
35
37
36
39
37
36
37
34
31
25
20
13
3
-3
-10
-19
-27
-34
-39
-42
-49
-55
-59
-62
-64
-69
-69
-69
-72
-72
-73
-67
-60
-60
-61
-61
-60
-61
-60
-57
-53
-51
-46
-41
-34
-30
-22
-15
-2
11
19
30
44
62
78
88
99
114
127
135
148
158
163
165
165
161
158
158
149
144
141
141
134
125
119
111
98
87
81
72
63
59
53
50
43
37
26
10
-3
-14
-24
-37
-47
-59
-73
-86
-94
-101
-110
-116
-120
-119
-116
-108
-106
-103
-89
-82
-78
-66
-51
-40
-32
-17
-4
9
22
30
38
45
50
56
59
55
57
56
50
44
36
32
26
20
9
-4
-14
-23
-39
-59
-72
-87
-104
-122
-139
-158
-174
-191
-206
-224
-240
-251
-264
-275
-282
-282
-278
-275
-269
-263
-256
-241
-223
-206
-182
-154
-126
-100
-74
-42
-14
17
55
94
126
166
215
257
297
334
373
407
434
466
499
533
550
566
577
579
583
569
546
526
504
469
426
381
328
264
190
117
44
-30
-107
-179
-247
-314
-382
-445
-508
-565
-603
-632
-662
-686
-700
-708
-707
-697
-692
-677
-651
-622
-591
-554
-510
-462
-409
-345
-285
-226
-153
-78
3
91
180
269
366
466
567
665
764
861
952
1036
1106
1156
1200
1238
1246
1224
1176
1113
1041
945
815
663
510
344
169
-14
-199
-379
-539
-696
-854
-985
-1086
-1165
-1230
-1287
-1320
-1324
-1311
-1282
-1243
-1198
-1129
-1046
-969
-893
-813
-725
-634
-550
-476
-388
-275
-173
-85
13
133
276
420
554
698
882
1102
1286
1415
1545
1707
1863
1943
1968
1976
1990
1973
1861
1687
1508
1328
1118
845
533
244
-4
-268
-578
-859
-1079
-1257
-1428
-1607
-1737
-1791
-1808
-1830
-1851
-1819
-1733
-1646
-1573
-1497
-1405
-1297
-1206
-1149
-1084
-1009
-955
-915
-891
-863
-822
-787
-751
-692
-601
-495
-383
-255
-96
96
305
501
707
948
1192
1421
1617
1804
1998
2175
2303
2374
2430
2481
2492
2438
2344
2240
2118
1952
1751
1536
1309
1084
851
603
357
133
-88
-308
-510
-699
-868
-1016
-1147
-1258
-1354
-1437
-1497
-1538
-1587
-1618
-1629
-1627
-1619
-1604
-1578
-1552
-1521
-1489
-1455
-1415
-1364
-1310
-1258
-1198
-1120
-1021
-917
-810
-675
-516
-344
-160
25
242
493
735
950
1163
1427
1708
1931
2077
2217
2383
2520
2563
2525
2479
2453
2385
2207
1954
1721
1517
1259
931
582
275
6
-279
-606
-913
-1137
-1296
-1475
-1666
-1792
-1825
-1822
-1856
-1907
-1890
-1798
-1717
-1684
-1641
-1532
-1408
-1339
-1315
-1265
-1171
-1112
-1108
-1086
-1024
-958
-913
-880
-816
-705
-583
-475
-354
-160
58
257
446
669
937
1189
1393
1589
1852
2145
2348
2435
2532
2691
2824
2812
2672
2570
2554
2485
2238
1912
1656
1470
1215
828
437
146
-59
-309
-657
-969
-1143
-1266
-1454
-1679
-1821
-1841
-1850
-1938
-2032
-2013
-1937
-1909
-1931
-1912
-1819
-1723
-1683
-1680
-1629
-1549
-1506
-1490
-1465
-1399
-1314
-1261
-1201
-1098
-952
-798
-656
-464
-222
22
256
524
829
1141
1414
1661
1964
2319
2608
2753
2860
3048
3241
3298
3200
3077
3053
3026
2831
2482
2161
1962
1730
1339
884
529
290
16
-376
-749
-989
-1123
-1312
-1580
-1768
-1809
-1798
-1866
-1987
-2021
-1935
-1852
-1868
-1904
-1847
-1722
-1662
-1690
-1697
-1637
-1573
-1565
-1594
-1600
-1548
-1482
-1444
-1403
-1312
-1171
-1013
-838
-645
-431
-170
109
402
710
1013
1285
1577
1955
2293
2491
2622
2825
3063
3179
3151
3054
3008
3003
2873
2560
2227
1991
1768
1427
977
568
292
31
-345
-749
-1040
-1225
-1412
-1651
-1873
-1978
-1989
-2032
-2154
-2229
-2194
-2130
-2110
-2125
-2077
-1978
-1884
-1852
-1842
-1777
-1695
-1685
-1703
-1653
-1578
-1525
-1492
-1428
-1305
-1157
-992
-797
-573
-324
-33
270
589
943
1275
1577
1900
2301
2730
3008
3167
3392
3644
3780
3771
3667
3600
3582
3472
3192
2825
2531
2295
1951
1489
1032
684
392
16
-414
-754
-963
-1166
-1446
-1731
-1890
-1899
-1940
-2099
-2225
-2211
-2144
-2160
-2213
-2217
-2160
-2089
-2081
-2100
-2083
-2016
-1992
-2041
-2070
-2024
-1969
-1948
-1897
-1800
-1665
-1473
-1243
-1024
-787
-477
-149
182
538
910
1244
1591
2061
2529
2805
2989
3267
3563
3732
3735
3669
3637
3633
3549
3282
2934
2647
2408
2068
1594
1156
852
553
140
-316
-682
-929
-1137
-1427
-1762
-1952
-1955
-1992
-2203
-2372
-2359
-2325
-2369
-2427
-2411
-2311
-2236
-2218
-2214
-2165
-2080
-2071
-2146
-2157
-2062
-1977
-1967
-1933
-1778
-1580
-1383
-1172
-968
-736
-398
-31
261
581
994
1384
1743
2235
2746
3037
3255
3581
3880
4031
4052
4003
3960
3967
3890
3599
3233
2950
2669
2293
1821
1324
940
626
195
-314
-695
-951
-1223
-1525
-1822
-2045
-2115
-2170
-2396
-2642
-2660
-2605
-2695
-2804
-2795
-2713
-2645
-2612
-2618
-2580
-2464
-2420
-2467
-2455
-2340
-2223
-2177
-2117
-1999
-1808
-1531
-1271
-1091
-854
-458
-12
362
710
1101
1531
2052
2651
3110
3380
3722
4171
4478
4582
4570
4541
4561
4545
4352
4004
3667
3410
3093
2633
2103
1633
1297
929
406
-104
-444
-714
-1060
-1439
-1764
-1952
-2030
-2170
-2441
-2647
-2672
-2698
-2813
-2908
-2905
-2830
-2768
-2758
-2748
-2677
-2598
-2603
-2672
-2679
-2588
-2511
-2483
-2420
-2280
-2092
-1833
-1579
-1402
-1134
-681
-234
106
471
890
1344
1928
2531
2894
3178
3638
4110
4377
4458
4458
4472
4512
4443
4151
3776
3492
3211
2825
2357
1824
1369
1045
589
-18
-470
-753
-1051
-1397
-1760
-2068
-2219
-2270
-2457
-2759
-2862
-2799
-2813
-2899
-2944
-2921
-2812
-2701
-2705
-2720
-2618
-2530
-2565
-2606
-2553
-2473
-2426
-2392
-2342
-2184
-1884
-1578
-1380
-1171
-792
-278
169
504
881
1382
2002
2682
3197
3470
3838
4436
4880
4952
4917
5006
5134
5092
4813
4421
4092
3834
3423
2864
2294
1813
1455
1007
383
-171
-491
-758
-1154
-1562
-1885
-2144
-2264
-2351
-2613
-2869
-2896
-2845
-2873
-2976
-3053
-3033
-2936
-2871
-2883
-2855
-2787
-2781
-2827
-2836
-2801
-2782
-2773
-2712
-2588
-2357
-2044
-1762
-1523
-1194
-733
-245
198
613
1088
1688
2409
3043
3360
3643
4203
4755
4980
4931
4899
5031
5086
4844
4390
3996
3748
3440
2916
2296
1799
1489
1151
566
-66
-441
-628
-962
-1411
-1770
-2013
-2165
-2309
-2506
-2689
-2793
-2822
-2813
-2830
-2879
-2878
-2836
-2768
-2702
-2717
-2745
-2709
-2718
-2765
-2816
-2874
-2870
-2816
-2730
-2592
-2323
-2011
-1778
-1502
-1048
-577
-158
254
684
1266
2079
2816
3126
3389
4000
4654
4968
4991
4956
5086
5275
5147
4623
4081
3823
3580
3040
2324
1750
1436
1136
509
-259
-646
-749
-1047
-1513
-1868
-2067
-2124
-2169
-2389
-2623
-2593
-2475
-2531
-2605
-2541
-2453
-2422
-2447
-2508
-2560
-2541
-2562
-2709
-2825
-2832
-2832
-2871
-2891
-2819
-2613
-2328
-2083
-1871
-1505
-917
-351
76
511
1075
1838
2735
3382
3659
4103
4846
5349
5452
5431
5429
5484
5487
5192
4601
4086
3720
3229
2582
1922
1352
1005
639
-1
-620
-913
-1074
-1363
-1707
-1967
-2095
-2055
-2041
-2253
-2440
-2340
-2175
-2206
-2299
-2316
-2254
-2184
-2223
-2396
-2551
-2591
-2681
-2885
-3061
-3170
-3254
-3280
-3317
-3365
-3205
-2841
-2543
-2337
-1934
-1342
-771
-259
212
777
1647
2659
3274
3553
4094
4866
5334
5379
5269
5264
5361
5316
4863
4210
3768
3416
2868
2110
1360
875
622
238
-428
-983
-1192
-1338
-1634
-1939
-2142
-2148
-1997
-1934
-2048
-2056
-1823
-1617
-1600
-1625
-1591
-1525
-1465
-1559
-1779
-1930
-2052
-2329
-2696
-2940
-3104
-3272
-3372
-3445
-3415
-3129
-2761
-2506
-2163
-1592
-973
-430
71
628
1486
2654
3549
3916
4373
5152
5716
5818
5689
5527
5475
5480
5132
4315
3572
3150
2693
1898
1010
384
78
-229
-836
-1442
-1722
-1818
-1987
-2215
-2310
-2238
-2028
-1778
-1672
-1589
-1404
-1182
-1045
-991
-953
-1001
-1091
-1137
-1302
-1632
-1939
-2263
-2672
-3026
-3299
-3608
-3830
-3815
-3751
-3636
-3292
-2917
-2603
-2070
-1315
-706
-198
455
1331
2434
3534
4109
4468
5268
6085
6295
6138
5979
5864
5734
5408
4660
3743
3054
2459
1682
771
-35
-510
-741
-1135
-1751
-2114
-2111
-2125
-2188
-2194
-2155
-1947
-1500
-1202
-1162
-1017
-677
-423
-388
-371
-430
-550
-662
-925
-1354
-1799
-2257
-2793
-3292
-3676
-4004
-4327
-4564
-4591
-4385
-4005
-3589
-3179
-2613
-1843
-1005
-252
364
1048
2182
3612
4505
4810
5375
6297
6810
6685
6232
5838
5605
5285
4448
3235
2261
1579
802
-134
-1061
-1682
-1847
-1959
-2331
-2656
-2580
-2337
-2170
-1996
-1802
-1527
-1071
-557
-200
61
300
532
743
784
586
248
-23
-324
-837
-1471
-2105
-2760
-3424
-3976
-4366
-4623
-4768
-4752
-4540
-4082
-3401
-2789
-2233
-1418
-442
438
1135
1738
2652
4073
5315
5656
5842
6600
7289
7260
6728
6018
5372
4877
4140
2799
1345
392
-294
-1116
-1980
-2626
-2811
-2581
-2472
-2587
-2481
-2083
-1672
-1298
-990
-756
-375
148
527
732
875
942
971
988
788
253
-326
-799
-1412
-2214
-3019
-3810
-4526
-5046
-5395
-5620
-5656
-5432
-5014
-4433
-3645
-2762
-1996
-1224
-222
778
1482
1963
2532
3532
4866
5696
5792
6002
6656
7003
6608
5815
4966
4226
3559
2600
1108
-273
-1068
-1644
-2256
-2766
-2969
-2648
-2015
-1603
-1354
-895
-329
87
331
442
512
755
1073
1189
1204
1217
1147
976
826
515
-207
-1045
-1714
-2371
-3107
-3890
-4628
-5124
-5354
-5430
-5360
-5072
-4535
-3821
-3015
-2108
-1239
-554
84
810
1470
1870
1990
2117
2837
4131
5027
5071
5150
5809
6233
5804
4916
3968
3069
2315
1423
-24
-1431
-2141
-2410
-2570
-2649
-2535
-1913
-936
-260
-2
270
658
887
855
608
339
289
480
581
483
421
434
437
343
-11
-651
-1304
-1887
-2575
-3325
-4013
-4617
-5003
-5068
-4909
-4650
-4259
-3655
-2884
-2077
-1239
-489
1
440
1046
1537
1726
1708
1706
2223
3552
4797
5061
5152
5980
6755
6442
5455
4354
3278
2403
1505
37
-1471
-2180
-2322
-2306
-2179
-1870
-1141
-46
704
840
887
1026
952
666
245
-212
-335
-108
78
238
589
802
717
611
318
-543
-1669
-2588
-3390
-4234
-5032
-5634
-5857
-5683
-5321
-4872
-4298
-3547
-2736
-2016
-1342
-680
-240
-16
312
699
935
998
954
1337
2813
4665
5386
5453
6193
7067
6820
5636
4197
2722
1475
551
-652
-2095
-2862
-2745
-2232
-1640
-1042
-216
956
1771
1814
1573
1354
988
504
-20
-494
-567
-134
367
757
1182
1434
1261
760
103
-882
-2152
-3362
-4332
-4951
-5317
-5577
-5615
-5235
-4561
-3849
-3180
-2591
-2015
-1445
-873
-395
-221
-164
114
475
738
974
1027
1236
2690
4986
6151
6044
6469
7424
7282
5887
4116
2394
1034
166
-821
-2128
-2813
-2513
-1813
-986
-207
510
1431
2136
2035
1479
992
510
32
-347
-612
-558
-17
646
1054
1338
1478
1110
275
-664
-1764
-3126
-4387
-5264
-5663
-5665
-5588
-5434
-4913
-4137
-3416
-2924
-2604
-2215
-1810
-1414
-940
-618
-519
-228
243
622
981
1168
1327
2608
5054
6557
6409
6454
7310
7333
5870
3965
2174
606
-320
-1037
-2123
-2752
-2374
-1501
-476
493
1205
1899
2465
2397
1811
1173
608
194
-4
-125
-117
270
854
1130
1198
1275
761
-511
-1689
-2532
-3587
-4804
-5634
-5663
-5158
-4890
-4844
-4450
-3746
-3224
-3047
-3015
-2825
-2451
-2005
-1400
-832
-491
-45
600
1092
1248
1041
732
1522
3881
5890
6033
5930
7032
7775
6693
4653
2667
821
-498
-1296
-2328
-3262
-3103
-2012
-643
712
1697
2439
3125
3289
2666
1711
868
198
-233
-426
-389
0
643
1083
1205
1213
773
-480
-1916
-2934
-3860
-4937
-5739
-5773
-5139
-4490
-4251
-4053
-3493
-2864
-2669
-2835
-2784
-2342
-1780
-1107
-307
278
671
1213
1623
1541
1017
264
430
2611
5353
6255
6199
7338
8614
7894
5640
3183
860
-949
-2011
-2950
-3803
-3549
-2141
-282
1673
3191
3921
4296
4297
3519
2140
679
-377
-813
-865
-775
-418
293
878
922
672
88
-1195
-2707
-3700
-4428
-5314
-5930
-5707
-4811
-3971
-3767
-3871
-3632
-3266
-3261
-3523
-3593
-3148
-2396
-1478
-399
380
756
1111
1208
732
29
-853
-1160
870
4575
6843
7252
8248
9768
9370
6704
3388
191
-2364
-3515
-3962
-4416
-3793
-1724
862
3329
4985
5448
5255
4553
3175
1390
-391
-1546
-1665
-1086
-401
286
1077
1621
1468
778
-181
-1705
-3407
-4255
-4430
-4779
-5131
-4825
-3821
-2926
-2979
-3633
-3934
-3850
-3902
-4092
-3952
-3124
-1977
-766
584
1397
1244
926
707
60
-947
-2098
-2538
-215
4530
7914
8544
9201
10619
10055
6702
2462
-1473
-4400
-5278
-4674
-4031
-2768
-149
2837
5297
6625
6272
4909
3385
1709
1
-1469
-2174
-1639
-318
887
1550
1833
1740
900
-440
-1690
-3061
-4454
-4874
-4264
-3636
-3438
-3255
-2627
-2013
-2474
-3879
-4909
-4982
-4638
-4288
-3664
-2501
-1063
379
1618
1919
1206
421
-122
-890
-1876
-2583
-2733
-844
4256
9382
10711
10315
11082
10763
7115
2060
-2222
-5231
-6043
-4613
-2832
-1266
1184
3981
5933
6719
5951
3828
1647
85
-1007
-1685
-1840
-1088
522
1895
2081
1382
384
-1005
-2519
-3509
-4039
-4439
-4196
-2952
-1818
-1909
-2740
-3260
-3484
-4286
-5826
-6882
-6423
-5058
-3764
-2622
-1454
-282
642
1188
1040
-127
-1491
-1942
-1975
-2322
-2500
-2166
-311
4434
9854
11732
10587
9924
9392
6390
1573
-2624
-5203
-5521
-3415
-919
548
2123
4040
5414
5888
5031
2947
1038
163
-26
-51
-12
530
1589
2243
1708
256
-1119
-2239
-3386
-3772
-3017
-2212
-1717
-806
34
-328
-1952
-3768
-4729
-5275
-6221
-6850
-6101
-4233
-2317
-1111
-425
124
421
550
306
-775
-1923
-2063
-1558
-1309
-1192
-968
-259
2688
7856
11027
10087
8732
8820
7337
3329
-717
-3432
-4533
-3449
-1280
43
911
2283
3653
4433
4498
3471
1765
703
566
551
250
33
287
665
264
-1036
-2276
-2967
-3401
-3429
-2602
-1384
-679
-364
-102
-593
-2324
-4466
-5835
-6188
-6273
-6457
-5898
-4063
-1929
-683
-357
-399
-501
-458
-405
-908
-1765
-1784
-882
-393
-511
-470
-648
-163
3564
8819
10499
9111
8978
9541
7405
3016
-990
-3674
-4412
-3020
-1321
-388
837
2539
4050
5167
5225
3731
1949
1111
787
214
-457
-636
-253
-29
-608
-1638
-2347
-2735
-3003
-2559
-1425
-668
-564
-407
-422
-1500
-3546
-5451
-6205
-6110
-6146
-6182
-5204
-3179
-1357
-645
-638
-791
-957
-882
-786
-1246
-1732
-1210
-249
-55
-420
-823
-1263
217
5227
10166
10826
9709
10253
9937
6215
1163
-2890
-5352
-5394
-3356
-1370
-103
1602
3676
5312
6117
5297
2991
1109
428
-14
-708
-1129
-790
-60
75
-666
-1560
-2147
-2609
-2606
-1629
-425
-37
-67
137
-361
-2353
-4829
-6381
-6664
-6348
-6263
-5914
-4143
-1662
-171
107
-131
-399
-470
-332
-407
-1008
-1333
-728
-177
-349
-698
-1256
-850
3152
9144
11791
10755
10161
10125
7580
2728
-1972
-5259
-6211
-4321
-1599
-6
1377
3227
4783
5753
5472
3330
981
2
-98
-278
-613
-610
-113
234
-362
-1715
-2805
-3179
-3136
-2413
-973
-7
95
96
-395
-2178
-4637
-6608
-7338
-6831
-6050
-5546
-4427
-2319
-457
110
-356
-1144
-1835
-1881
-1485
-1638
-1832
-963
275
586
36
-676
-1677
-2072
1167
7580
11316
10805
10736
11505
9128
3739
-1577
-5627
-7459
-5819
-2495
-174
1661
4034
5991
6857
6284
3786
763
-865
-1209
-1083
-734
-281
375
1007
674
-717
-2085
-2886
-3274
-2812
-1211
385
991
979
416
-1178
-3653
-6218
-7586
-7106
-6177
-5716
-4445
-1837
515
1243
708
-117
-872
-1342
-1463
-1671
-1704
-901
140
496
233
-363
-1376
-1964
681
6961
11657
11919
11517
11778
9399
4140
-1318
-5744
-8124
-7041
-3528
-370
1836
3937
5637
6468
6108
3852
680
-1230
-1619
-1262
-595
-111
225
542
12
-1496
-2929
-3819
-4202
-3556
-1645
374
1161
935
251
-1432
-4234
-6893
-7952
-7339
-6415
-5658
-3997
-1355
705
1213
621
-250
-1007
-1645
-2032
-2192
-2113
-1359
-189
369
156
-322
-1167
-1524
1377
7585
12189
12586
12105
11907
9017
3494
-1995
-6388
-8481
-6767
-2837
550
2910
4830
6076
6453
5778
3502
447
-1292
-1227
-493
153
488
548
389
-592
-2430
-3886
-4496
-4465
-3446
-1494
666
2115
2179
859
-1732
-5045
-7637
-8682
-8478
-7441
-5797
-3284
-306
1543
1701
850
-543
-1872
-2571
-2937
-2987
-2404
-1226
55
601
327
-50
-604
-1598
-545
4876
11218
13411
12784
12420
10553
5461
-476
-5345
-8582
-8263
-4418
-231
2703
4913
6081
6295
6049
4549
1640
-633
-925
-56
812
1157
855
81
-1049
-2716
-4329
-4988
-4706
-3413
-773
2024
3308
2996
1563
-1073
-4626
-7788
-9326
-8906
-7115
-4864
-2526
-165
1637
1987
808
-889
-2294
-3301
-3617
-3043
-1974
-705
482
1149
1172
689
-188
-1611
-2020
1946
9218
13640
13634
12852
11527
7327
1229
-4538
-8802
-9838
-6531
-1349
2326
4395
5832
6404
6145
4872
2076
-709
-1633
-1012
147
854
419
-536
-1496
-2893
-4515
-5478
-5298
-3939
-1660
890
2812
3388
2298
-402
-4032
-7486
-9668
-9759
-8030
-5597
-3152
-629
1602
2274
990
-986
-2479
-3372
-3482
-2628
-1482
-534
490
1318
1253
290
-791
-1649
-2248
-282
6384
13650
15871
14560
12878
9508
3579
-2901
-8066
-10496
-8645
-3358
1773
4755
6424
6884
6246
5354
3509
594
-1308
-1199
76
1200
1019
-249
-1689
-3216
-4840
-5845
-5664
-4362
-2099
943
3557
4091
2571
59
-3235
-6917
-9673
-10266
-8333
-5253
-2862
-1006
870
1717
779
-970
-2215
-2894
-3083
-2277
-970
-312
66
796
1031
280
-620
-1026
-1474
-1113
3364
11457
16437
15636
13182
10438
5392
-1012
-6523
-10009
-9918
-5420
759
4889
6539
6806
6071
5123
3918
1504
-926
-1460
-296
1093
1368
211
-1487
-3173
-4829
-5840
-5730
-4647
-2687
27
2766
4237
3675
1397
-1918
-5633
-8855
-10332
-9307
-6578
-3801
-1562
534
1736
1227
-121
-1540
-2823
-3378
-2739
-1385
-553
-427
140
837
455
-631
-1199
-1099
-1201
116
6073
13814
16537
14341
11495
7865
2190
-3803
-8383
-10486
-8577
-2815
3203
6336
7005
6346
5013
3982
2644
141
-1708
-1302
296
1328
790
-1062
-3082
-4777
-6077
-6417
-5503
-3658
-1131
1783
4243
4665
2526
-655
-4027
-7430
-9700
-9889
-7922
-4737
-2059
-402
589
697
-19
-1071
-2122
-2679
-2400
-1354
-212
191
156
174
-224
-941
-1085
-531
-13
151
2603
9700
16602
16826
12643
9079
5359
116
-4835
-8185
-8966
-5514
933
5889
7142
6312
4933
3776
3388
2424
331
-653
317
1599
1740
150
-2507
-4739
-5929
-6250
-5677
-4184
-1995
681
3408
4824
3675
725
-2447
-5518
-8195
-9526
-8942
-6477
-3306
-1283
-620
-375
-346
-872
-1850
-2582
-2543
-1884
-857
5
43
-471
-853
-1049
-1038
-678
-145
106
530
4096
11310
16049
14299
10177
6964
3135
-1572
-5537
-7935
-7495
-2958
3172
6498
6334
4899
3461
2751
2573
1465
-3
-56
871
1450
1005
-1086
-4053
-6049
-6574
-6195
-5044
-3042
-464
2045
3805
4109
2488
-428
-3654
-6645
-8574
-8740
-7349
-4958
-2480
-989
-523
-491
-836
-1569
-2207
-2279
-1747
-822
168
557
109
-452
-830
-1294
-1449
-745
495
1150
1443
4735
11608
15854
13747
9449
6179
2580
-1411
-4556
-6613
-6165
-1775
3737
6276
5800
4269
2658
2004
2338
1989
827
219
551
1080
390
-2279
-5292
-6604
-6435
-5617
-3933
-1522
698
2367
3426
3290
1522
-1431
-4519
-6717
-7621
-7492
-6402
-4380
-2275
-1288
-1338
-1432
-1495
-1913
-2175
-1737
-894
-62
486
496
-62
-776
-1282
-1499
-1278
-368
857
1306
1760
5534
12109
15264
12713
8900
6030
2615
-1064
-4042
-5987
-5084
-521
4277
5901
5007
3494
2095
1731
2304
2028
824
343
864
1128
-194
-2967
-5355
-6219
-5966
-4936
-3082
-949
859
2290
3010
2485
706
-1942
-4578
-6234
-6844
-6733
-5725
-3877
-2202
-1815
-2319
-2449
-2275
-2297
-1935
-995
-112
422
634
365
-419
-1538
-2439
-2480
-1696
-400
978
1458
1339
4040
10480
14751
12765
8566
5760
3152
39
-3108
-5815
-5662
-1488
3198
5003
4444
2899
1230
1055
2187
2160
737
56
623
986
-180
-2828
-5363
-6368
-5940
-4767
-3076
-1069
639
1770
2413
2171
683
-1555
-3512
-4756
-5615
-6014
-5296
-3678
-2506
-2539
-2956
-2744
-2244
-1870
-1082
90
906
1364
1573
1043
-252
-1620
-2468
-2574
-1780
-285
1295
2081
2048
3949
9786
15024
14161
9706
6568
4412
1401
-2009
-4817
-5228
-2006
2425
4634
4269
2639
941
660
1875
2568
1874
1141
1220
1337
277
-2375
-5437
-7081
-6754
-5293
-3376
-1307
349
1437
2172
2031
558
-1408
-3041
-4281
-5149
-5513
-5256
-4443
-3701
-3723
-4185
-4071
-3196
-2178
-1070
126
944
1393
1511
644
-877
-2065
-2933
-3374
-2533
-581
1276
2309
2238
2826
7034
12812
13882
10040
6556
4814
2789
10
-3197
-5263
-3608
793
3844
3965
2579
1001
454
1587
2857
2622
1556
998
1013
523
-1570
-4801
-7027
-6862
-5106
-3058
-1240
83
1062
2021
2189
957
-778
-2086
-3012
-3859
-4567
-4865
-4612
-4122
-4011
-4434
-4539
-3650
-2211
-761
433
1010
1265
1436
784
-751
-2046
-2727
-2907
-2251
-687
979
2103
2419
2208
4140
9737
14120
12529
8331
5939
4347
1461
-2321
-5283
-5156
-1498
2591
4064
3175
1620
408
481
1817
2668
2107
1256
963
605
-788
-3552
-6470
-7463
-6010
-3599
-1538
-60
998
1795
2084
1501
80
-1549
-2671
-3308
-3960
-4592
-4866
-4748
-4454
-4526
-4861
-4290
-2507
-730
446
1326
1962
2006
1173
-363
-1718
-2310
-2502
-2316
-1231
597
2204
3115
2949
2681
5654
11588
14156
10983
7180
5365
3262
39
-3184
-5137
-3802
414
3664
3933
2725
1216
-59
341
2074
2700
1703
571
83
-293
-1871
-4904
-7133
-6550
-4230
-2116
-430
831
1239
1271
1166
254
-1268
-2405
-2843
-3094
-3835
-5039
-5819
-5716
-5397
-5466
-5212
-3669
-1467
123
1059
1440
1151
492
-270
-1266
-2108
-2271
-1955
-1330
-172
1277
2425
2806
2105
2430
6812
12673
13524
9391
5721
3994
1944
-1071
-4054
-5003
-2088
2507
4608
3792
2088
246
-752
360
2209
2441
1356
441
30
-635
-2634
-5490
-6722
-5165
-2502
-473
690
1125
1060
934
476
-654
-1810
-2387
-2593
-2879
-3736
-5135
-6003
-5788
-5335
-5155
-4292
-2227
-73
1122
1509
1386
854
187
-577
-1304
-1452
-1017
-779
-633
414
2071
2878
2691
2239
2319
5226
10827
13316
9701
5180
3639
2738
182
-2925
-4234
-1872
2789
5252
3886
1562
-48
-1161
-701
1206
2129
1369
265
-368
-862
-2268
-4614
-5855
-4480
-1722
284
1057
1140
601
-153
-475
-986
-2332
-3495
-3438
-2876
-3350
-4931
-6077
-5728
-4681
-4317
-4136
-2563
-212
1011
1007
693
205
-456
-842
-799
-714
-551
-107
314
723
1443
2036
2113
2023
1864
2659
6366
10981
11005
6961
4220
3465
1815
-765
-2746
-2476
869
4199
4079
2033
610
-689
-1669
-905
691
1271
720
-464
-1495
-1926
-2706
-3817
-3699
-2030
-132
943
939
14
-1232
-2011
-2385
-2978
-3693
-3752
-3070
-2652
-3218
-4319
-4943
-4589
-3959
-3803
-3253
-1585
-41
413
229
-179
-443
-294
-184
-177
326
1067
1130
632
408
866
1495
1836
1985
1826
2492
6293
11062
10884
6630
3939
3215
1892
147
-1284
-1103
1738
4360
3604
1396
210
-1174
-2619
-1902
307
1585
1191
-316
-1367
-1084
-862
-1605
-1982
-1077
-10
169
-176
-986
-2608
-3798
-3540
-2824
-2566
-2421
-2188
-2097
-2501
-3570
-4462
-4097
-3310
-3304
-2788
-1020
109
-33
-184
-51
171
394
321
300
633
889
686
299
296
799
1366
1756
1987
1831
2220
5440
10219
10846
6661
3363
2779
1975
384
-837
-712
1512
3748
3098
648
-1110
-2520
-3745
-2987
-370
1663
1796
343
-1062
-1075
-834
-1641
-2571
-2482
-1703
-1219
-1354
-2112
-3418
-4222
-3539
-2352
-1890
-2038
-2479
-2995
-3446
-3787
-3941
-3599
-2907
-2584
-2256
-1203
-395
-526
-563
-211
283
918
1192
907
740
841
1022
1150
1175
1127
1424
2258
2993
2957
2111
2524
6448
10669
9499
5154
3031
2791
2028
743
-602
-127
2651
3912
1733
-731
-1696
-2744
-3166
-1432
1069
2601
2352
82
-1846
-2034
-2210
-2850
-2959
-2435
-1844
-1359
-1224
-1853
-3125
-3827
-3368
-2473
-2059
-2396
-3082
-3488
-3174
-2613
-2517
-2598
-2443
-2405
-2090
-1352
-1005
-908
-575
-124
701
1547
1559
992
697
775
1052
1399
1606
1815
2487
3091
3069
2374
1157
1812
6099
9799
8055
4226
2764
2601
1686
359
-579
706
3596
4087
1355
-1130
-1789
-2194
-2252
-1195
694
2149
1559
-986
-2829
-3020
-2758
-2306
-1724
-1104
-635
-716
-1546
-2724
-3848
-4332
-3865
-2874
-1978
-1583
-1576
-1868
-2292
-2780
-3055
-2604
-2072
-2302
-2413
-1611
-777
-278
-63
15
557
1230
1073
588
846
1513
1990
2284
2509
2382
2318
2110
1393
406
-323
1285
6068
9320
6957
3307
2498
2734
1614
-71
-736
1438
4605
4042
46
-2502
-2466
-2468
-2461
-1616
-142
1353
1065
-1569
-3422
-3215
-2534
-1645
-766
-519
-1039
-1855
-2753
-3783
-4447
-3915
-2388
-1000
-483
-804
-1551
-2490
-3046
-3022
-2670
-1764
-1047
-1343
-1509
-843
-632
-847
-719
-106
1024
1962
2044
1868
2437
3049
2925
2484
2300
1868
1345
1083
990
833
370
1218
5010
8746
7508
3657
2136
2702
2289
790
-82
1493
4539
4801
1038
-2635
-3046
-2175
-1786
-1556
-687
772
1083
-973
-3093
-3431
-3014
-2201
-1279
-961
-1373
-2099
-2830
-3344
-3307
-2590
-1552
-731
-766
-1808
-2648
-2849
-2845
-2347
-1511
-972
-991
-1923
-3059
-3011
-2301
-1679
-796
554
2100
3138
3062
2120
1538
1680
1698
1508
1635
1779
1764
1600
1101
751
174
-292
1753
6089
7717
5211
2838
2438
2176
1324
470
768
3303
5143
2741
-1492
-3143
-2535
-1933
-1587
-940
519
1720
266
-3010
-4674
-4104
-2760
-1514
-894
-781
-987
-1719
-2792
-3348
-2939
-1697
-431
-127
-846
-1540
-1610
-1665
-1873
-1881
-1748
-1654
-2141
-3033
-2955
-1692
-488
439
1308
2143
2598
2119
1085
860
1742
2339
2088
1770
1866
1794
1218
37
-826
-628
-387
491
3650
7061
6729
3935
2226
1844
1235
579
448
1842
4450
4642
1054
-2606
-3266
-2255
-1202
-666
-357
413
463
-1935
-4788
-5042
-3422
-1540
-394
-503
-1403
-2225
-2897
-3308
-2914
-1513
286
1171
578
-823
-1915
-2602
-2979
-2609
-1572
-709
-675
-1352
-1875
-1451
-697
-165
453
1282
2093
2482
2045
1513
1692
2116
2122
1760
1338
1069
886
555
306
631
956
488
756
3319
6161
5694
2911
1353
1608
1811
1573
1287
2101
4062
4120
815
-2500
-2814
-1648
-864
-408
32
249
-364
-2657
-4947
-4751
-2879
-1342
-918
-1378
-2065
-2302
-2275
-2239
-1726
-426
563
262
-1005
-2341
-2820
-2625
-2269
-1380
-293
-65
-804
-1905
-2543
-2216
-1425
-445
656
1568
2024
1771
911
181
45
515
1137
1393
1481
1739
1904
1560
774
351
335
-227
-412
1683
4944
5545
3298
1549
1382
1286
962
616
1352
3621
4550
2015
-1225
-2181
-1597
-670
152
203
-249
-659
-2287
-4415
-4513
-2834
-1204
-472
-690
-1290
-1720
-2221
-2646
-2128
-686
365
415
-286
-1370
-1922
-1682
-1312
-667
288
551
-66
-898
-1487
-1490
-805
48
545
725
861
739
215
-95
334
1258
1939
1981
1826
1936
1904
1170
247
156
632
526
89
692
2821
4565
3670
1590
851
931
859
959
1225
2310
3949
3432
376
-1903
-1846
-1037
-449
-128
-50
51
-522
-2559
-4180
-3747
-2510
-1484
-916
-1267
-2059
-2351
-2503
-2462
-1622
-617
-169
-225
-725
-1337
-1399
-887
-222
506
942
469
-693
-1702
-2041
-1616
-884
-353
122
684
809
181
-527
-450
447
1345
1696
1696
1812
1968
1643
920
615
933
1105
769
162
332
2284
4174
3237
1265
904
1073
881
804
660
1360
3239
3423
1061
-837
-942
-524
36
325
20
88
-74
-1923
-3885
-4050
-3137
-1904
-1104
-1409
-1989
-2145
-2551
-3084
-2716
-1470
-239
513
409
-442
-907
-841
-817
-633
-183
105
19
-420
-875
-1145
-1283
-1021
-494
-237
-190
-101
-90
-7
483
1078
1426
1586
1570
1553
1721
1638
1297
1258
1380
1270
864
277
355
1731
2562
1597
863
1279
1416
1167
968
901
1818
3204
2990
1403
399
-14
-368
-297
-227
-248
283
165
-1292
-2364
-2472
-2322
-1781
-1198
-1269
-1514
-1575
-1984
-2455
-2115
-1289
-637
-214
-231
-721
-951
-848
-752
-469
38
225
-274
-999
-1454
-1518
-1204
-680
-375
-109
389
514
59
-60
485
1127
1734
2127
1998
1621
1201
540
-80
-145
18
60
71
23
390
1624
2309
1497
967
1409
1482
1118
763
513
1120
2092
1794
569
-149
-278
-181
241
440
423
929
971
-337
-1593
-1977
-1882
-1410
-1091
-1249
-1315
-1285
-1751
-2434
-2451
-1855
-1260
-809
-614
-798
-989
-1160
-1349
-1269
-902
-527
-472
-649
-807
-928
-939
-502
81
624
1332
1780
1511
981
847
880
752
621
540
518
574
408
189
285
485
673
732
438
459
1297
1933
1513
875
663
548
472
279
-54
414
1598
2015
1534
922
385
293
754
914
676
906
1074
245
-834
-1377
-1489
-1185
-855
-1006
-1236
-1213
-1315
-1740
-2066
-1859
-1348
-1051
-1140
-1467
-1754
-1773
-1491
-1165
-1013
-745
-383
-233
-89
103
97
305
750
798
705
718
514
245
272
432
545
540
331
180
283
288
125
188
412
510
420
143
191
1057
1603
992
453
663
848
890
888
817
1487
2553
2443
1458
1055
1041
912
1031
1075
850
1096
1198
216
-758
-890
-825
-711
-585
-909
-1273
-1172
-1235
-1857
-2277
-2251
-2206
-2079
-1861
-1886
-1863
-1576
-1322
-1085
-845
-779
-831
-762
-501
-330
-325
-153
82
148
246
277
0
-295
-319
-186
-77
26
125
206
263
225
80
62
161
163
70
-9
430
1417
1798
1179
740
894
1147
1443
1598
1389
1628
2372
2286
1432
965
916
1096
1529
1375
823
1066
1344
551
-280
-466
-514
-377
-223
-650
-1138
-1088
-1221
-1841
-2174
-2059
-1873
-1562
-1345
-1478
-1632
-1650
-1586
-1371
-1041
-699
-498
-457
-408
-346
-384
-386
-322
-263
-96
28
-143
-323
-152
54
52
83
165
178
189
104
42
275
514
533
520
428
398
943
1645
1553
1128
1173
1361
1444
1413
967
782
1486
1940
1506
1152
1050
917
1087
1226
871
823
1272
1130
478
84
-175
-276
-65
-185
-729
-943
-975
-1430
-2047
-2272
-2117
-1822
-1662
-1835
-1931
-1630
-1318
-1109
-884
-818
-911
-918
-800
-654
-609
-593
-478
-361
-357
-410
-367
-258
-189
-177
-159
-170
-263
-328
-199
25
154
351
679
826
740
561
371
530
1312
1892
1411
703
746
1003
975
855
593
735
1599
1939
1286
918
1205
1498
1797
1989
1805
1829
2051
1474
482
77
-116
-405
-521
-787
-1249
-1423
-1451
-1757
-2130
-2150
-1918
-1660
-1531
-1717
-1981
-1950
-1767
-1652
-1466
-1174
-1033
-1062
-919
-664
-704
-834
-771
-676
-580
-445
-471
-581
-516
-457
-461
-245
96
337
506
560
489
518
647
716
784
794
616
531
926
1349
1080
567
609
877
1059
1326
1343
1417
2163
2747
2493
2240
2307
2207
2224
2350
1914
1492
1646
1329
411
50
69
-116
-229
-377
-856
-1075
-1016
-1427
-2010
-2134
-2056
-2092
-2046
-2010
-2019
-1815
-1507
-1361
-1242
-977
-938
-1188
-1214
-1017
-1034
-1050
-908
-867
-762
-517
-519
-656
-488
-181
-19
49
93
143
238
280
142
24
135
256
165
-22
-87
24
381
1005
1375
1078
811
1070
1418
1609
1683
1551
1645
2206
2317
1709
1331
1376
1543
1860
1859
1365
1286
1432
832
-26
-461
-723
-733
-607
-1038
-1683
-1840
-1930
-2400
-2642
-2347
-1938
-1569
-1359
-1515
-1709
-1703
-1738
-1740
-1446
-1011
-842
-846
-661
-491
-532
-565
-531
-395
-169
-56
-80
-108
-101
24
140
152
141
206
357
457
572
751
892
1023
1074
897
771
904
1262
1809
1874
1315
1124
1318
1341
1398
1365
1241
1745
2500
2406
1881
1775
1759
1777
1833
1319
787
975
777
-178
-755
-1015
-1238
-1139
-1173
-1671
-1964
-1912
-2101
-2372
-2297
-2105
-1902
-1601
-1573
-1798
-1742
-1527
-1437
-1267
-961
-834
-960
-1055
-985
-877
-745
-624
-538
-312
-94
-176
-367
-360
-170
118
419
626
756
849
845
787
738
637
680
919
907
604
470
629
1068
1449
1142
786
1171
1653
1820
1862
1657
1647
2141
2255
1689
1354
1428
1479
1575
1395
790
597
601
-120
-897
-1048
-1019
-960
-900
-1196
-1541
-1502
-1544
-1904
-2058
-1875
-1721
-1635
-1616
-1775
-1904
-1819
-1725
-1637
-1407
-1121
-1074
-1181
-1144
-1039
-965
-849
-701
-512
-210
46
113
49
15
84
200
318
475
620
640
614
540
381
282
353
455
545
664
733
972
1458
1491
1003
941
1346
1639
1893
1873
1507
1602
2032
1827
1298
1164
1174
1298
1568
1360
868
846
709
53
-320
-360
-433
-354
-401
-901
-1316
-1415
-1666
-2088
-2172
-1950
-1739
-1498
-1390
-1534
-1589
-1419
-1249
-1135
-924
-737
-718
-677
-572
-583
-563
-341
-166
-74
10
5
-66
-59
59
196
308
380
366
276
201
123
118
264
471
606
573
422
383
569
967
1302
1070
695
845
1112
1175
1168
1014
1083
1605
1798
1424
1220
1281
1353
1491
1430
1052
963
979
383
-280
-561
-817
-903
-884
-1272
-1672
-1665
-1685
-1915
-2009
-1820
-1612
-1453
-1387
-1520
-1592
-1439
-1243
-1038
-837
-721
-693
-750
-744
-647
-591
-437
-152
-23
0
63
27
-93
-138
-67
1
22
64
125
232
383
453
450
464
486
473
358
250
354
706
1139
1163
763
706
990
1146
1197
1112
1141
1640
2071
1886
1553
1452
1447
1488
1406
986
691
780
526
-128
-459
-576
-731
-800
-1065
-1475
-1524
-1371
-1523
-1757
-1615
-1354
-1310
-1278
-1298
-1415
-1320
-1096
-880
-642
-443
-342
-421
-547
-435
-317
-334
-310
-287
-233
-98
-108
-288
-300
-41
206
197
156
189
169
178
214
296
472
594
599
494
303
235
397
811
1159
1014
844
1113
1389
1450
1318
1202
1519
1924
1852
1504
1339
1350
1440
1508
1225
781
715
575
-125
-589
-574
-562
-534
-688
-1191
-1526
-1514
-1646
-2008
-2007
-1599
-1377
-1369
-1427
-1567
-1517
-1258
-1059
-924
-762
-591
-571
-727
-754
-660
-628
-532
-503
-612
-572
-438
-428
-408
-213
31
153
139
69
40
152
255
301
386
422
460
501
407
338
586
996
1180
1008
777
868
1195
1506
1555
1401
1567
1872
1740
1355
1164
1182
1360
1585
1413
959
821
728
151
-363
-496
-566
-567
-654
-1071
-1427
-1446
-1511
-1740
-1749
-1503
-1288
-1117
-1056
-1200
-1277
-1126
-963
-892
-884
-857
-830
-845
-848
-840
-837
-676
-411
-307
-292
-191
-70
-32
37
136
182
273
413
451
421
424
432
432
431
441
501
545
586
847
1252
1346
1053
865
915
1013
1197
1284
1189
1442
1888
1757
1352
1260
1227
1205
1359
1232
872
792
645
53
-419
-527
-588
-598
-640
-934
-1186
-1223
-1353
-1579
-1618
-1467
-1288
-1155
-1219
-1439
-1545
-1506
-1403
-1242
-1082
-1000
-925
-824
-776
-786
-745
-611
-417
-233
-134
-95
-42
24
53
42
48
132
247
352
402
397
450
554
564
465
421
448
458
573
849
992
878
837
952
1017
1149
1247
1142
1285
1653
1614
1304
1267
1279
1191
1224
1080
695
562
492
8
-398
-413
-482
-622
-729
-1050
-1397
-1504
-1627
-1830
-1817
-1638
-1544
-1491
-1499
-1625
-1706
-1647
-1523
-1312
-1060
-876
-781
-729
-689
-660
-625
-551
-374
-148
23
95
90
107
181
258
339
434
504
576
634
628
640
731
791
763
730
689
632
639
834
1060
1037
951
1059
1181
1278
1451
1419
1370
1637
1724
1405
1273
1321
1254
1318
1308
926
669
621
211
-277
-396
-450
-496
-472
-749
-1176
-1301
-1371
-1632
-1716
-1576
-1444
-1277
-1220
-1382
-1499
-1401
-1235
-1041
-844
-728
-651
-607
-642
-664
-581
-441
-243
-70
-11
3
0
-52
-3
151
280
400
484
480
452
374
193
130
247
306
310
352
339
377
615
736
549
460
618
743
862
942
827
855
1119
1062
730
635
696
726
816
774
470
378
349
-76
-494
-561
-615
-681
-685
-950
-1287
-1369
-1425
-1590
-1569
-1406
-1308
-1229
-1179
-1278
-1341
-1209
-1043
-823
-589
-499
-514
-496
-470
-408
-249
-46
188
388
473
475
450
405
428
532
617
679
740
707
643
648
575
506
600
674
631
625
625
651
837
976
835
679
757
858
904
955
949
1035
1273
1284
1004
843
860
889
932
874
642
484
407
79
-354
-498
-499
-569
-653
-849
-1171
-1332
-1365
-1517
-1596
-1446
-1353
-1384
-1376
-1450
-1587
-1534
-1319
-1117
-873
-653
-641
-629
-498
-431
-394
-239
-45
115
226
248
181
163
282
380
404
440
455
440
429
387
337
334
384
428
418
352
281
341
568
700
620
593
681
806
937
934
860
1031
1295
1263
1076
975
925
988
1097
931
647
611
553
199
-156
-317
-387
-379
-420
-724
-1095
-1220
-1300
-1530
-1631
-1503
-1387
-1330
-1302
-1412
-1519
-1415
-1224
-1096
-914
-713
-637
-586
-491
-435
-370
-232
-65
120
240
264
257
230
251
331
334
267
276
303
254
229
207
140
150
223
182
106
131
196
418
715
712
575
639
711
746
859
860
934
1277
1391
1130
964
930
902
1028
1058
814
751
786
429
-10
-196
-330
-366
-307
-512
-848
-953
-998
-1186
-1306
-1261
-1182
-1054
-962
-1057
-1169
-1129
-996
-813
-649
-533
-417
-327
-257
-197
-146
-54
108
265
310
294
306
292
297
346
314
244
253
240
184
191
202
183
181
220
247
215
203
236
386
641
709
576
533
621
733
849
870
907
1136
1282
1129
924
830
780
827
856
645
448
433
213
-206
-462
-587
-643
-618
-734
-1004
-1196
-1279
-1386
-1521
-1540
-1455
-1373
-1327
-1339
-1394
-1394
-1283
-1084
-891
-748
-597
-490
-427
-338
-295
-261
-129
22
109
141
150
155
181
205
198
188
208
230
226
243
272
289
292
298
295
271
288
355
474
702
852
797
782
870
922
1017
1107
1099
1229
1422
1312
1072
1001
950
914
986
859
589
563
464
63
-184
-288
-452
-479
-523
-831
-1088
-1135
-1247
-1381
-1369
-1327
-1281
-1168
-1142
-1226
-1214
-1119
-963
-771
-663
-565
-439
-383
-328
-240
-194
-84
105
187
198
256
281
260
288
304
257
291
340
301
295
316
289
274
297
323
340
397
476
537
668
774
713
696
793
857
955
1020
997
1078
1179
1101
944
865
850
849
850
715
473
372
235
-89
-303
-421
-557
-579
-647
-913
-1121
-1211
-1301
-1364
-1345
-1313
-1301
-1226
-1205
-1277
-1261
-1168
-1040
-845
-703
-645
-578
-514
-447
-364
-294
-189
-25
96
125
102
81
97
136
170
186
216
250
246
219
193
195
220
247
288
316
315
336
395
489
611
639
610
677
760
810
899
908
889
1016
1056
873
773
785
723
713
693
472
311
288
67
-210
-292
-371
-460
-506
-683
-912
-990
-1041
-1136
-1147
-1109
-1080
-995
-964
-1041
-1045
-975
-873
-688
-539
-464
-354
-274
-239
-154
-87
-12
165
302
327
357
380
324
313
346
319
334
394
373
333
346
321
270
248
259
291
294
311
366
439
558
615
515
491
591
651
723
795
808
897
1009
924
768
755
757
730
753
638
450
410
266
-42
-195
-284
-425
-462
-547
-784
-921
-952
-1080
-1200
-1213
-1224
-1221
-1171
-1192
-1227
-1170
-1074
-941
-831
-762
-642
-536
-478
-352
-265
-232
-90
36
22
49
124
121
147
216
211
205
237
200
163
197
207
223
244
231
265
280
248
298
381
482
645
670
605
691
803
843
930
983
998
1127
1198
1038
931
948
899
865
813
611
475
428
208
-45
-205
-363
-466
-563
-772
-982
-1072
-1166
-1263
-1322
-1377
-1353
-1267
-1273
-1298
-1232
-1174
-1052
-880
-832
-767
-603
-545
-513
-375
-303
-250
-103
-62
-74
22
57
17
72
110
72
108
110
45
73
133
136
154
179
205
272
324
368
448
556
727
853
848
895
1045
1122
1200
1311
1312
1375
1526
1457
1292
1294
1259
1150
1126
988
743
657
536
229
-1
-133
-300
-425
-551
-762
-922
-967
-1038
-1152
-1215
-1205
-1169
-1155
-1140
-1101
-1058
-963
-808
-763
-755
-606
-519
-507
-386
-305
-311
-192
-108
-184
-160
-84
-133
-142
-87
-117
-135
-100
-148
-188
-123
-94
-88
-55
-36
22
106
148
202
301
451
600
643
652
748
855
939
1027
1037
1053
1177
1186
1027
964
941
837
803
734
491
362
309
52
-203
-306
-452
-587
-635
-791
-986
-1041
-1073
-1172
-1233
-1219
-1202
-1164
-1112
-1095
-1076
-997
-861
-772
-740
-645
-532
-496
-421
-325
-306
-210
-72
-64
-33
66
77
83
137
141
161
241
246
216
273
335
361
408
438
480
573
639
690
760
854
979
1056
1041
1062
1137
1183
1246
1266
1203
1232
1284
1169
1037
995
886
778
738
557
332
256
108
-166
-322
-433
-608
-705
-787
-975
-1098
-1116
-1194
-1297
-1305
-1290
-1295
-1277
-1260
-1258
-1212
-1106
-1028
-1011
-936
-816
-749
-685
-587
-523
-450
-339
-300
-282
-205
-136
-105
-65
-32
2
73
109
115
172
238
294
363
395
424
516
581
623
705
792
907
1020
1037
1056
1131
1175
1223
1269
1241
1247
1330
1276
1127
1088
1012
873
827
708
474
381
300
59
-135
-250
-421
-558
-646
-801
-958
-1024
-1081
-1188
-1271
-1282
-1273
-1280
-1279
-1237
-1207
-1154
-1029
-970
-977
-861
-731
-698
-608
-508
-469
-369
-268
-273
-225
-122
-77
-41
-1
12
59
114
90
90
162
200
248
319
315
355
463
485
501
592
685
780
859
867
887
956
999
1030
1036
1012
1052
1081
981
878
837
738
639
581
410
236
183
30
-203
-324
-433
-586
-675
-765
-925
-1010
-1018
-1085
-1153
-1150
-1128
-1097
-1055
-1021
-983
-912
-800
-700
-646
-566
-431
-332
-252
-164
-102
-16
84
128
159
224
271
297
321
317
332
379
377
361
396
419
435
483
495
487
545
601
618
648
701
779
854
877
872
901
933
970
990
934
914
958
907
791
729
628
500
437
305
102
2
-88
-294
-461
-584
-746
-850
-922
-1065
-1180
-1212
-1272
-1339
-1350
-1351
-1323
-1266
-1228
-1183
-1116
-1029
-926
-847
-783
-661
-542
-468
-384
-310
-248
-157
-97
-83
-22
49
73
107
132
131
169
211
191
203
264
296
328
375
398
427
495
544
577
640
726
807
854
881
928
977
1017
1058
1051
1023
1042
1027
927
861
815
713
625
543
379
227
138
-22
-208
-322
-439
-563
-649
-761
-879
-944
-988
-1038
-1078
-1082
-1059
-1032
-1006
-963
-916
-867
-768
-677
-641
-567
-460
-403
-345
-262
-224
-182
-88
-57
-52
15
64
67
88
109
104
126
148
144
157
186
222
261
281
321
384
421
472
541
587
669
772
791
809
894
925
932
988
978
933
990
987
865
819
791
659
575
510
329
199
154
-3
-193
-274
-381
-521
-579
-655
-782
-830
-839
-909
-963
-937
-916
-919
-867
-818
-802
-732
-648
-624
-583
-482
-423
-383
-314
-270
-240
-186
-166
-178
-138
-105
-110
-104
-95
-103
-92
-80
-92
-81
-43
-7
25
62
101
145
202
260
307
367
460
543
589
642
701
730
772
820
814
816
858
826
756
733
658
556
515
420
266
192
108
-54
-172
-264
-392
-481
-542
-647
-729
-762
-812
-858
-875
-881
-862
-835
-809
-757
-711
-665
-582
-521
-498
-418
-338
-322
-262
-184
-184
-141
-58
-67
-58
17
27
9
57
72
58
104
132
119
160
221
240
274
329
372
421
489
554
611
688
782
839
861
915
969
982
1012
1031
998
991
995
921
834
794
704
590
515
386
235
152
39
-135
-250
-345
-473
-563
-642
-748
-814
-846
-908
-958
-957
-956
-956
-932
-916
-893
-836
-786
-760
-714
-646
-594
-546
-480
-442
-409
-355
-323
-308
-269
-228
-203
-177
-148
-132
-110
-72
-56
-29
30
85
138
195
253
315
369
422
493
564
639
723
780
824
876
915
938
965
980
964
959
957
895
829
777
684
588
504
385
259
162
50
-79
-193
-302
-403
-490
-571
-648
-715
-778
-819
-841
-875
-882
-861
-868
-859
-805
-786
-770
-697
-650
-624
-538
-478
-474
-408
-347
-354
-317
-256
-247
-226
-172
-165
-161
-116
-98
-93
-47
-13
16
76
124
169
223
278
339
397
460
543
622
676
731
784
826
877
915
926
938
950
922
883
855
793
726
673
592
491
401
306
189
70
-31
-131
-231
-316
-394
-472
-548
-590
-632
-684
-690
-687
-707
-696
-665
-659
-630
-572
-545
-510
-439
-388
-358
-306
-263
-230
-184
-159
-141
-107
-85
-68
-43
-37
-31
-7
0
2
20
42
66
104
129
151
205
250
280
332
385
431
487
538
572
600
635
658
672
685
684
675
659
629
586
528
467
400
313
224
138
40
-55
-147
-256
-345
-409
-490
-570
-630
-694
-754
-777
-803
-836
-828
-809
-801
-766
-735
-724
-688
-633
-594
-542
-473
-424
-374
-318
-284
-244
-193
-155
-111
-65
-36
3
48
69
95
140
170
204
256
298
332
388
441
481
531
587
629
671
725
763
790
831
854
854
864
862
831
800
762
703
646
590
506
416
332
230
113
-7
-116
-218
-319
-418
-511
-594
-675
-747
-812
-876
-911
-927
-948
-958
-941
-921
-896
-862
-827
-783
-720
-649
-596
-536
-460
-391
-324
-257
-202
-133
-65
-16
32
90
141
192
241
281
317
362
397
427
461
494
536
574
608
640
670
698
735
758
768
796
816
818
826
820
799
788
760
713
669
621
555
503
438
338
258
178
71
-28
-125
-227
-309
-394
-486
-559
-622
-689
-744
-790
-844
-868
-869
-893
-899
-873
-860
-830
-781
-756
-711
-643
-596
-551
-478
-414
-350
-274
-210
-156
-91
-30
12
62
114
148
197
238
261
292
330
354
376
404
428
455
470
481
493
498
503
509
502
502
503
488
473
456
425
387
347
298
240
193
131
53
-5
-77
-161
-222
-293
-373
-432
-497
-566
-620
-671
-720
-744
-763
-788
-792
-791
-801
-783
-748
-727
-680
-622
-579
-510
-425
-365
-287
-185
-110
-28
75
150
230
327
398
455
523
588
641
704
758
795
837
865
876
890
909
913
920
926
908
879
868
854
816
791
758
710
667
624
562
502
449
374
300
236
148
57
-14
-102
-194
-270
-351
-438
-509
-580
-665
-734
-797
-863
-913
-950
-989
-1019
-1041
-1057
-1059
-1054
-1045
-1017
-973
-934
-890
-831
-767
-690
-608
-534
-450
-362
-278
-193
-108
-22
69
161
246
324
399
467
529
594
646
697
742
773
811
831
826
837
843
820
809
802
772
745
712
656
599
549
490
417
358
287
205
137
51
-36
-105
-184
-272
-335
-404
-481
-532
-590
-658
-691
-729
-774
-791
-807
-832
-834
-828
-832
-807
-770
-750
-711
-651
-611
-554
-472
-416
-353
-256
-188
-115
-22
51
130
223
297
366
445
508
567
637
690
723
773
808
822
852
868
861
878
873
830
815
798
748
713
668
593
547
497
412
342
282
194
112
49
-45
-133
-193
-280
-368
-421
-488
-556
-602
-663
-719
-751
-786
-825
-844
-856
-871
-865
-857
-852
-824
-790
-761
-717
-660
-607
-541
-472
-408
-327
-238
-160
-75
14
100
195
290
369
454
543
618
691
758
814
870
919
953
978
1005
1012
1011
1015
998
972
949
903
849
801
734
662
596
510
422
338
241
139
46
-45
-154
-250
-342
-446
-536
-613
-705
-781
-848
-921
-978
-1025
-1073
-1110
-1133
-1160
-1174
-1170
-1165
-1154
-1126
-1096
-1066
-1014
-961
-904
-827
-747
-676
-582
-480
-392
-294
-188
-88
24
136
236
338
443
535
619
710
792
860
933
997
1041
1088
1131
1149
1158
1168
1163
1147
1126
1089
1040
997
936
859
789
710
617
536
448
343
250
157
47
-48
-136
-232
-322
-402
-485
-562
-627
-690
-749
-798
-838
-873
-894
-911
-919
-913
-912
-898
-874
-851
-815
-766
-718
-661
-586
-518
-445
-359
-283
-202
-107
-18
70
165
254
338
428
508
575
648
717
765
822
870
897
929
951
949
955
953
929
908
878
826
773
720
648
569
491
405
310
223
134
33
-58
-153
-254
-347
-436
-527
-606
-685
-762
-822
-876
-932
-969
-999
-1033
-1057
-1071
-1081
-1070
-1050
-1033
-999
-952
-913
-866
-798
-732
-664
-578
-488
-400
-303
-207
-112
-6
95
191
292
391
484
578
669
745
819
891
946
995
1049
1082
1110
1135
1136
1125
1117
1095
1054
1017
960
896
831
755
668
580
489
385
280
168
58
-43
-150
-262
-363
-461
-567
-657
-744
-833
-899
-955
-1019
-1063
-1088
-1117
-1136
-1135
-1136
-1129
-1097
-1064
-1029
-972
-908
-842
-761
-679
-593
-487
-385
-286
-176
-62
44
155
270
376
486
594
683
773
861
938
1013
1081
1130
1173
1208
1223
1235
1237
1223
1208
1181
1133
1079
1019
943
860
772
674
576
479
370
261
152
28
-89
-200
-317
-433
-538
-638
-733
-817
-897
-976
-1039
-1090
-1136
-1174
-1191
-1194
-1201
-1194
-1178
-1154
-1116
-1066
-1007
-937
-855
-769
-683
-592
-493
-389
-280
-174
-68
44
156
262
365
467
557
643
728
801
870
936
982
1018
1048
1068
1081
1087
1079
1058
1023
980
932
870
799
730
654
568
478
379
276
175
72
-31
-134
-234
-332
-425
-516
-607
-688
-762
-833
-891
-939
-986
-1018
-1039
-1058
-1065
-1057
-1040
-1013
-980
-941
-890
-827
-758
-680
-598
-513
-420
-326
-229
-130
-26
81
185
293
390
477
566
650
727
801
864
919
966
1002
1029
1049
1063
1064
1054
1041
1012
973
927
870
810
743
668
591
506
415
322
227
129
33
-61
-156
-254
-347
-441
-529
-612
-689
-761
-823
-880
-928
-969
-1007
-1030
-1047
-1053
-1047
-1037
-1012
-979
-936
-884
-826
-757
-681
-601
-512
-422
-325
-224
-119
-14
90
197
299
400
497
590
676
761
834
897
953
1000
1039
1069
1092
1105
1105
1100
1078
1049
1015
969
910
846
778
700
617
530
437
342
243
136
34
-68
-166
-259
-356
-450
-536
-621
-704
-774
-832
-891
-939
-978
-1014
-1038
-1045
-1048
-1045
-1030
-1009
-976
-938
-888
-832
-772
-706
-634
-556
-476
-391
-299
-210
-119
-25
66
153
240
326
406
476
541
600
656
700
738
771
790
806
815
809
797
783
754
718
677
630
572
511
452
383
315
246
173
95
17
-59
-133
-208
-280
-345
-406
-465
-518
-562
-601
-634
-662
-680
-691
-694
-689
-680
-662
-639
-606
-568
-521
-469
-413
-352
-289
-221
-154
-79
-2
74
152
224
296
368
438
505
566
624
676
717
751
780
807
823
836
840
837
824
807
780
743
705
660
610
557
495
430
365
288
214
141
65
-12
-88
-160
-232
-300
-368
-433
-496
-552
-606
-648
-685
-722
-751
-775
-792
-805
-809
-807
-793
-770
-748
-716
-679
-639
-597
-549
-501
-450
-392
-332
-271
-209
-148
-87
-26
35
97
156
211
262
309
350
386
418
448
469
491
505
510
522
525
517
509
489
467
442
418
392
362
329
290
250
205
163
116
68
24
-22
-69
-109
-152
-194
-232
-265
-294
-319
-342
-361
-378
-386
-393
-397
-394
-388
-374
-363
-342
-317
-290
-256
-222
-183
-141
-103
-60
-16
28
71
115
158
201
240
278
310
342
372
396
414
429
442
447
448
447
435
419
404
382
357
328
301
268
229
188
146
105
59
11
-35
-82
-127
-172
-215
-255
-293
-325
-358
-389
-413
-435
-455
-468
-475
-480
-478
-470
-457
-445
-424
-399
-371
-339
-303
-261
-216
-166
-119
-67
-20
29
83
131
185
237
283
328
372
410
443
474
501
523
541
556
561
562
556
548
536
518
493
460
428
394
353
308
262
216
161
108
51
-6
-61
-116
-171
-223
-270
-315
-361
-406
-445
-478
-507
-532
-552
-567
-579
-587
-589
-586
-580
-568
-549
-526
-499
-468
-434
-396
-357
-318
-273
-226
-175
-124
-76
-28
24
74
121
164
205
243
281
317
349
373
394
412
424
433
437
437
433
424
412
396
377
352
323
294
261
225
190
147
108
71
32
-11
-52
-88
-125
-162
-193
-217
-244
-270
-291
-305
-318
-331
-333
-332
-329
-322
-310
-297
-280
-260
-230
-205
-173
-137
-106
-70
-28
14
52
92
132
167
200
235
268
300
329
355
377
398
419
431
439
445
446
443
438
430
416
398
381
355
327
297
264
232
196
159
121
79
39
-3
-46
-91
-132
-175
-219
-256
-293
-331
-364
-393
-422
-449
-470
-486
-499
-508
-511
-513
-512
-502
-493
-477
-456
-433
-405
-374
-344
-307
-267
-229
-189
-146
-103
-57
-15
26
71
112
153
193
229
260
294
326
350
374
392
406
417
426
425
422
422
414
399
383
367
347
324
298
266
234
201
165
126
88
53
14
-23
-58
-95
-132
-166
-198
-231
-261
-286
-307
-325
-343
-358
-368
-375
-378
-379
-376
-370
-359
-346
-332
-311
-290
-264
-235
-205
-172
-142
-107
-73
-38
-7
25
62
95
127
157
186
211
235
258
276
292
307
318
326
331
335
334
330
325
316
297
279
264
243
220
195
174
148
123
99
69
40
13
-15
-40
-63
-87
-112
-131
-147
-167
-189
-204
-214
-226
-236
-241
-243
-241
-238
-232
-226
-216
-203
-191
-178
-162
-144
-123
-102
-79
-53
-30
-11
13
33
56
77
97
118
135
151
169
184
196
208
215
219
224
228
228
222
221
212
200
188
175
163
149
133
115
99
79
59
38
18
-3
-25
-49
-67
-87
-105
-121
-139
-154
-169
-180
-187
-201
-212
-216
-218
-224
-229
-224
-219
-217
-216
-212
-205
-196
-185
-176
-163
-148
-136
-122
-109
-94
-77
-61
-43
-25
-8
10
29
46
60
79
97
113
126
139
148
157
170
178
188
193
199
202
203
206
208
205
199
195
187
178
170
160
154
140
126
112
96
82
67
52
40
26
10
-5
-19
-33
-45
-58
-71
-82
-92
-103
-111
-119
-127
-137
-143
-147
-150
-150
-153
-155
-154
-153
-152
-149
-146
-142
-139
-134
-125
-117
-109
-102
-92
-81
-76
-65
-54
-46
-36
-23
-15
-6
4
18
28
37
46
55
62
70
79
84
89
98
102
106
108
110
112
114
116
117
117
118
118
115
109
103
102
100
97
94
91
85
80
74
68
62
57
55
49
42
35
29
20
13
6
-2
-10
-15
-21
-26
-34
-40
-48
-57
-63
-70
-76
-81
-83
-83
-84
-86
-90
-92
-97
-99
-99
-99
-99
-98
-92
-88
-88
-86
-84
-81
-79
-73
-68
-64
-57
-55
-49
-42
-41
-39
-33
-24
-19
-15
-9
-5
-2
4
7
10
10
14
20
25
29
33
37
41
41
39
40
43
47
48
48
48
47
47
48
46
42
40
37
39
39
36
32
28
27
26
20
18
18
16
15
15
14
11
12
13
12
10
12
13
20
24
26
31
32
36
41
45
48
50
52
54
56
60
62
65
66
66
67
64
60
57
56
53
52
49
44
42
35
24
15
12
5
-4
-10
-17
-26
-37
-45
-53
-63
-71
-78
-86
-93
-97
-100
-106
-114
-118
-125
-132
-133
-136
-137
-137
-135
-137
-138
-135
-132
-128
-123
-122
-113
-106
-99
-91
-85
-80
-72
-59
-48
-31
-19
-7
5
20
36
44
54
66
79
87
97
111
120
131
140
147
150
151
158
163
166
171
176
172
167
163
158
155
150
144
138
133
126
117
108
98
86
74
63
52
39
30
17
3
-8
-22
-35
-47
-58
-68
-76
-88
-101
-111
-120
-126
-129
-135
-141
-146
-150
-150
-153
-156
-155
-152
-151
-147
-142
-136
-129
-125
-119
-111
-100
-91
-83
-75
-62
-49
-39
-28
-16
-7
-1
10
16
25
34
42
50
58
64
71
77
83
85
85
88
93
94
97
101
101
100
103
102
97
90
85
83
80
76
72
70
68
63
57
51
43
37
31
26
19
13
9
4
-1
-7
-13
-19
-21
-22
-27
-27
-25
-27
-30
-33
-34
-34
-35
-36
-37
-36
-33
-34
-32
-28
-27
-24
-23
-20
-17
-17
-14
-11
-10
-10
-12
-12
-11
-13
-13
-11
-11
-8
-12
-15
-12
-13
-13
-14
-17
-14
-14
-15
-9
-8
-12
-14
-14
-12
-13
-17
-17
-12
-13
-16
-17
-16
-21
-22
-18
-20
-20
-18
-14
-12
-12
-15
-14
-13
-13
-13
-10
-8
-5
-4
-1
2
4
8
10
15
17
16
17
19
24
25
29
29
30
32
33
32
31
33
32
30
28
29
26
23
24
22
21
17
16
14
13
12
11
11
7
5
8
6
3
0
0
0
-1
-5
-5
-6
-5
-6
-13
-13
-8
-7
-8
-6
-6
-10
-12
-11
-9
-11
-13
-13
-15
-16
-15
-17
-14
-14
-11
-10
-10
-10
-9
-8
-7
-7
-7
-8
-10
-8
-6
-5
-2
0
1
0
-1
-1
0
0
3
7
5
4
5
3
2
-1
-2
-2
-3
0
0
-2
-2
-2
0
1
0
0
1
3
4
4
6
6
6
6
5
3
4
6
5
5
6
6
6
5
4
4
3
1
1
0
2
-1
-4
-3
-2
-4
-6
-7
-7
-9
-9
-6
-4
-6
-6
-6
-8
-9
-10
-7
-8
-8
-5
-6
-5
-3
1
1
0
1
2
3
1
-2
-2
-4
-6
-5
-2
-1
-1
-1
-4
-7
-9
-7
-6
-4
0
1
4
4
4
3
6
5
3
1
3
6
7
7
7
10
10
8
10
12
10
9
10
9
6
6
5
6
6
3
7
6
4
7
11
9
9
11
9
6
7
10
11
9
12
11
11
12
11
8
9
9
8
8
9
10
7
6
5
3
-1
-1
-3
-1
-1
-4
-5
-8
-5
-6
-7
-5
-6
-7
-12
-14
-15
-15
-16
-17
-19
-18
-16
-15
-14
-15
-16
-12
-12
-15
-16
-14
-13
-18
-16
-16
-13
-12
-10
-8
-8
-7
-6
-7
-8
-7
-6
-7
-8
-9
-10
-5
0
0
-1
0
7
9
10
11
9
7
6
2
4
4
4
7
7
7
6
6
7
7
7
7
6
7
5
2
3
3
1
5
5
6
2
4
8
5
3
4
9
6
9
7
6
7
10
13
12
9
5
4
5
3
3
2
4
4
4
2
-1
-3
-1
-1
-1
3
2
-2
-2
-1
-1
-2
-1
2
-1
-4
-6
-4
-3
-4
-3
-1
1
1
3
1
-2
-4
-3
-1
0
2
3
1
2
0
-3
-3
-3
-2
-1
2
3
2
5
3
3
5
5
7
5
5
5
5
6
7
6
8
10
9
6
4
3
2
0
-2
-2
-4
-5
-4
-3
-3
-5
-5
-6
-7
-6
-7
-10
-10
-9
-10
-9
-7
-9
-13
-13
-11
-11
-8
-7
-9
-10
-13
-13
-13
-13
-11
-11
-9
-9
-10
-10
-9
-9
-8
-8
-10
-6
-3
-1
0
-2
-3
-3
-4
-5
-3
-1
0
-1
0
2
2
4
7
7
8
12
11
11
9
8
7
6
5
3
5
5
7
9
7
7
9
8
7
6
7
7
7
9
8
10
11
12
13
13
13
12
10
11
15
14
12
12
12
11
9
12
14
13
12
9
9
6
1
0
0
0
-2
-1
2
4
0
-5
-5
-8
-12
-10
-8
-10
-12
-12
-10
-11
-10
-7
-8
-7
-5
-5
-9
-9
-11
-11
-10
-11
-12
-9
-8
-6
-5
-8
-8
-9
-11
-10
-7
-9
-11
-9
-8
-6
-6
-5
-2
-2
-3
-1
0
0
0
0
1
2
5
8
8
7
7
8
8
9
9
7
7
7
4
4
5
7
5
6
5
2
3
2
-2
-2
0
-2
-3
-1
1
0
2
2
-2
-3
0
-1
-1
-1
0
0
0
2
0
-2
-2
-1
-2
0
1
-1
0
0
-2
-4
-3
-4
-4
-2
-1
-3
-5
-5
-5
-6
-6
-8
-8
-8
-9
-9
-8
-3
-3
-2
-3
-5
-9
-6
-5
-6
-5
-2
-2
-5
-2
-1
-1
0
3
4
2
0
-1
2
4
2
0
4
10
12
12
12
12
11
7
5
7
11
13
10
11
12
13
16
16
15
15
14
10
9
10
11
14
15
15
12
10
9
7
7
9
9
11
14
11
7
5
2
-1
-1
0
-2
0
2
0
0
-6
-8
-7
-6
-7
-8
-9
-7
-8
-10
-12
-13
-14
-16
-17
-15
-15
-16
-16
-16
-16
-14
-15
-15
-13
-14
-13
-12
-14
-16
-19
-16
-14
-14
-12
-11
-10
-9
-12
-11
-10
-11
-10
-8
-6
-8
-8
-5
-4
-6
-5
-4
-4
-2
-2
0
4
6
8
5
5
6
5
7
9
10
10
9
14
15
13
10
11
12
12
13
11
11
12
12
12
10
9
9
10
11
9
6
5
7
8
8
7
4
9
8
8
9
9
10
7
4
3
5
4
5
5
3
4
6
5
5
5
5
7
8
8
7
8
7
3
-1
0
-4
-4
-3
-2
-2
-4
-6
-5
-3
-5
-8
-8
-7
-7
-7
-6
-4
-3
-8
-10
-10
-13
-16
-18
-15
-14
-15
-13
-12
-11
-11
-10
-11
-12
-13
-12
-12
-10
-7
-6
-3
-4
-4
-1
-1
3
3
6
10
11
12
13
12
13
16
16
17
16
17
16
13
12
12
12
11
9
9
10
6
2
2
2
0
-1
-1
-2
-3
-5
-5
-9
-10
-8
-10
-13
-12
-10
-7
-9
-10
-9
-10
-11
-12
-13
-11
-10
-13
-11
-11
-13
-14
-15
-16
-16
-14
-13
-13
-11
-11
-9
-6
-5
-5
-5
-3
0
1
-1
1
3
1
1
7
10
10
9
12
12
10
11
11
11
12
12
13
10
10
12
15
15
15
14
12
12
9
7
9
10
9
10
9
9
11
10
8
9
10
8
7
8
7
7
5
5
6
6
5
6
5
4
2
0
-1
0
3
5
3
1
-1
1
1
0
-1
-2
-2
-1
-2
-3
-3
0
-2
-2
-1
-5
-3
-3
-1
-1
-4
-5
-4
-5
-8
-9
-9
-9
-12
-11
-12
-13
-11
-13
-14
-15
-17
-16
-18
-16
-12
-12
-12
-10
-10
-13
-13
-13
-12
-12
-10
-10
-10
-10
-9
-11
-10
-7
-7
-5
-3
-2
2
2
-2
-4
-4
0
2
4
3
3
4
5
4
3
6
8
8
10
13
15
17
19
17
15
10
11
14
14
14
13
13
15
14
11
10
7
3
4
5
3
6
10
8
5
3
-1
-6
-5
-3
-2
-4
0
1
-2
-4
-1
-3
-2
-1
-1
0
0
-1
-3
-4
-6
-5
-7
-6
-4
-2
0
0
-1
-3
-5
-4
-5
-3
-1
1
1
1
1
-1
-1
-1
0
2
2
3
6
6
4
3
3
3
3
2
4
4
5
7
4
1
-1
-1
0
0
2
4
4
6
7
4
5
5
3
2
2
4
2
2
4
3
5
5
3
3
2
1
-2
-5
-4
0
-3
-3
-3
-5
-10
-8
-6
-7
-9
-10
-11
-11
-11
-12
-12
-12
-11
-6
-6
-10
-7
-8
-13
-13
-13
-14
-13
-10
-7
-4
-6
-10
-7
-6
-7
-5
-4
-3
-4
-5
-7
-9
-8
-6
-4
-4
-1
0
-1
0
3
3
4
1
2
6
5
6
8
8
11
13
11
11
13
13
12
11
13
15
15
12
13
12
10
9
9
8
8
8
9
9
8
8
7
4
5
6
8
6
5
5
2
3
2
1
0
-1
0
-2
-2
1
1
0
0
0
-3
-2
0
0
-3
-1
-2
-4
-4
-3
-2
-2
-1
-3
-3
-2
-1
-3
-2
-2
-2
-1
-2
-1
0
0
-1
-3
-5
-5
-6
-4
-3
-1
-2
-2
-3
-3
-2
-3
-2
1
1
-2
-4
-5
-4
-5
-6
-6
-4
-4
-3
1
-1
-2
1
2
1
-2
0
0
-1
0
-1
1
2
1
2
3
0
0
0
-4
-3
0
-3
-1
0
-1
-3
-5
-6
-6
-2
-2
-3
-1
2
2
2
1
-1
-2
-2
-2
-7
-7
-4
-7
-9
-8
-6
-3
0
2
3
1
0
-4
-3
-3
-4
-4
-5
-4
0
0
1
0
0
-1
-4
-3
-2
-3
-3
-6
-10
-9
-7
-8
-7
0
2
3
3
4
5
5
5
5
8
6
8
10
9
10
7
7
6
8
10
11
12
11
9
12
15
17
19
17
13
14
14
11
11
15
15
15
13
14
12
12
13
10
8
8
12
9
4
8
7
2
0
-3
-4
-3
-2
-1
1
1
1
-2
-9
-13
-15
-14
-11
-9
-8
-9
-13
-16
-17
-21
-22
-17
-15
-18
-19
-19
-18
-17
-16
-13
-11
-13
-12
-12
-11
-10
-12
-11
-12
-12
-14
-14
-9
-7
-8
-5
-1
-1
-6
-6
-6
-8
-7
-3
0
3
4
2
-1
-4
-5
-4
-4
1
7
8
7
6
5
3
1
3
6
5
6
7
7
8
6
5
3
5
9
11
12
15
16
15
12
13
14
11
10
9
9
7
7
8
8
9
9
6
7
4
1
1
2
4
5
4
1
1
2
2
-1
0
0
1
1
1
1
-1
-2
-1
1
0
2
0
-1
-2
-5
-5
-5
-7
-7
-5
-6
-2
-3
-5
-6
-4
1
-1
-4
-7
-6
-3
-1
0
1
-3
-5
-2
0
2
4
7
8
6
5
4
3
1
1
1
1
2
6
7
9
7
6
6
3
2
3
3
4
2
1
-1
1
3
-1
-1
-1
-3
-4
-3
-1
-4
-4
-4
-4
-6
-5
-2
-4
-2
-2
-2
0
0
-1
-1
0
0
-2
-4
-6
-5
-4
-3
-4
-7
-9
-10
-8
-7
-5
-7
-8
-10
-11
-11
-12
-12
-13
-11
-9
-11
-12
-14
-15
-17
-20
-19
-18
-16
-13
-9
-8
-10
-11
-8
-8
-9
-8
-4
-2
0
0
4
8
5
3
5
8
8
12
14
12
13
16
17
16
17
19
21
23
21
23
24
22
20
22
22
23
26
27
26
25
24
24
22
19
17
19
18
17
16
15
14
8
5
7
7
7
9
8
5
2
2
-2
-9
-11
-11
-11
-11
-8
-9
-10
-14
-16
-16
-15
-15
-15
-16
-18
-21
-22
-19
-20
-21
-21
-19
-19
-16
-12
-13
-14
-12
-12
-12
-11
-11
-9
-8
-10
-12
-10
-6
-5
-4
-7
-6
-4
-3
1
1
2
0
0
3
0
-2
0
4
3
0
1
2
2
0
-2
-1
2
4
3
3
4
3
2
1
1
0
-1
0
1
2
3
4
4
4
3
3
4
2
4
7
6
7
8
4
2
2
1
0
2
4
4
7
7
5
5
5
2
0
1
2
5
6
6
3
1
0
0
1
1
2
1
1
2
2
-3
-4
-1
-1
-1
-2
-1
-2
-3
-2
0
-2
-7
-5
-1
-2
-3
-2
-3
-2
0
0
-1
-1
0
0
0
3
2
2
3
4
5
7
7
7
9
9
7
9
12
11
13
13
10
8
7
9
7
7
10
11
5
6
7
6
5
6
9
10
5
4
4
2
2
-1
-5
-5
-5
-9
-7
-7
-9
-11
-12
-11
-11
-11
-11
-12
-13
-10
-10
-11
-11
-9
-11
-11
-13
-13
-12
-11
-10
-11
-12
-11
-9
-11
-10
-8
-7
-6
-7
-6
-8
-8
-11
-13
-10
-11
-9
-3
-2
-1
-1
0
-2
-2
-1
0
2
2
1
1
0
0
3
3
5
4
5
8
8
7
4
3
4
4
4
7
11
10
8
8
7
5
3
4
5
5
6
9
7
8
9
8
8
4
8
9
5
5
6
4
5
5
6
5
7
6
6
6
7
8
5
6
8
8
6
3
6
5
3
4
5
5
4
1
0
3
3
1
2
5
5
3
-1
-2
-3
-4
-5
-4
-4
-6
-6
-6
-7
-5
-7
-6
-6
-2
-2
-6
-10
-13
-13
-14
-10
-5
-4
-5
1
2
-3
-5
-2
1
-3
-3
-2
1
-1
-3
-3
-2
-3
-3
0
0
-2
0
1
-1
0
3
3
3
5
4
3
5
7
5
3
3
4
2
-1
1
2
0
-2
-1
0
1
-3
-7
-11
-9
-10
-13
-9
-7
-8
-11
-9
-10
-11
-10
-8
-9
-12
-11
-12
-11
-12
-8
-8
-8
-4
-2
0
1
1
-4
-4
-2
-1
-3
-1
4
6
6
8
11
7
6
6
2
2
3
4
4
3
5
5
6
7
6
5
4
4
4
6
7
7
6
9
10
11
11
9
9
9
8
7
7
11
10
8
8
7
5
3
6
6
5
9
12
13
13
12
11
11
8
8
8
8
6
5
4
4
4
4
6
5
2
1
1
2
3
0
0
3
0
-1
-3
-6
-5
-4
-7
-7
-5
-6
-6
-7
-7
-7
-9
-13
-14
-15
-15
-16
-14
-13
-11
-11
-13
-15
-15
-14
-16
-19
-16
-11
-11
-15
-16
-14
-15
-15
-15
-15
-15
-11
-6
-8
-8
-5
-2
-2
0
4
5
2
4
4
0
1
1
-1
0
5
9
8
6
6
6
5
6
6
6
9
10
6
5
4
8
4
2
7
9
7
6
6
7
5
5
6
8
9
7
5
4
4
5
2
1
7
8
6
5
6
4
3
5
6
5
6
7
6
5
1
-2
-3
-5
-1
1
2
0
1
4
3
1
-1
-2
-2
-3
-1
0
-1
-1
0
-1
0
-3
-5
-5
-5
-7
-8
-9
-5
-5
-6
-3
-3
-5
-4
-4
-2
-3
0
0
-1
0
4
3
3
4
0
1
3
4
4
2
5
10
9
9
11
11
9
6
7
8
10
10
8
12
12
8
8
6
4
4
4
4
2
1
-3
-2
0
0
-2
-3
-3
-4
-5
-8
-8
-6
-8
-10
-11
-12
-12
-9
-11
-14
-14
-14
-16
-16
-12
-14
-15
-12
-13
-15
-15
-12
-9
-12
-12
-9
-9
-11
-10
-11
-9
-9
-8
-10
-13
-9
-8
-10
-12
-9
-5
-6
-6
-3
-1
-2
0
1
0
-1
3
3
2
6
6
9
10
8
6
6
9
11
14
12
14
18
17
16
15
14
12
12
16
17
17
17
19
18
15
16
16
15
17
15
11
12
10
7
7
9
10
9
9
11
8
6
6
6
4
3
2
4
6
5
3
1
1
1
1
-2
-3
-2
-3
-5
-1
-2
-5
-7
-6
-6
-10
-9
-5
-6
-8
-7
-6
-8
-8
-9
-7
-8
-8
-5
-8
-10
-5
-6
-7
-7
-8
-9
-10
-10
-10
-10
-8
-10
-12
-13
-11
-12
-14
-17
-13
-9
-11
-9
-6
-8
-9
-6
-5
-9
-9
-8
-6
-7
-7
-7
-3
-3
-2
-2
-2
3
6
7
5
5
5
4
2
4
7
8
9
11
9
9
9
10
8
8
10
9
9
10
6
4
2
2
-1
-1
2
5
4
4
4
-1
-2
-2
1
2
1
4
3
-1
-2
0
-5
-3
0
0
-2
-3
-2
-5
-7
-7
-1
1
3
3
3
5
1
0
1
3
4
4
5
7
6
8
8
3
4
3
3
3
3
3
3
6
7
5
4
4
3
3
5
3
3
7
5
2
2
5
5
4
6
8
7
3
2
0
-3
-2
-3
-1
1
0
1
2
1
-1
-2
0
0
-1
-2
-3
-1
0
3
3
0
-2
-1
0
-3
-2
-2
-3
-3
-3
-4
-7
-3
-2
-5
-5
-2
-3
-4
-4
-4
-7
-8
-9
-9
-7
-8
-7
-9
-10
-9
-11
-13
-12
-11
-10
-10
-9
-10
-12
-13
-11
-12
-11
-9
-9
-8
-7
-8
-10
-11
-10
-8
-5
-4
-4
0
-1
-1
-5
-7
-5
-3
1
3
6
6
3
7
6
5
6
6
8
9
8
7
8
10
9
8
12
13
13
15
15
13
14
14
14
11
12
13
13
10
10
11
12
12
9
9
7
6
6
7
4
5
7
8
5
5
8
7
7
4
3
2
0
1
2
2
-1
-3
-1
-4
-8
-6
-3
-3
-6
-6
-7
-9
-7
-6
-5
-4
-3
-4
-5
-4
-3
-6
-6
-5
-5
-4
-3
-3
-3
-2
-4
-5
-7
-5
-1
-3
-3
-2
-3
-3
0
4
3
3
4
3
-1
-3
-3
-3
-6
-3
0
1
0
-3
-3
-4
-1
3
0
2
2
-1
-1
-2
-2
-1
-3
-1
0
0
-1
-2
-4
-4
-5
-5
-5
-5
-5
-2
-7
-6
-4
-5
-6
-6
-4
-5
-5
-2
-1
-3
-3
-2
-5
-6
-3
1
-1
-2
-5
-5
-8
-8
-7
-8
-6
-5
-2
0
0
2
1
1
0
1
-3
-1
-2
-2
2
4
5
5
6
3
0
-1
-3
-1
2
3
5
7
7
3
7
7
8
11
14
14
11
12
10
9
12
13
15
18
18
15
13
13
12
9
6
8
11
9
10
10
9
9
7
7
7
6
5
3
1
3
2
3
4
2
2
0
-2
-6
-4
-5
-4
-5
-6
-7
-8
-9
-6
-6
-7
-6
-6
-5
-4
-3
-4
-5
-9
-13
-13
-13
-11
-9
-10
-9
-8
-10
-10
-8
-8
-11
-10
-9
-11
-11
-10
-9
-9
-10
-11
-12
-11
-11
-9
-8
-11
-10
-8
-5
-2
1
5
3
5
2
1
0
1
1
-2
-1
3
4
2
1
3
4
2
3
5
5
4
4
6
5
3
2
2
1
3
3
1
3
7
9
6
4
4
4
3
-1
0
3
2
3
3
4
6
4
2
0
1
-1
-1
1
1
2
2
3
3
2
4
1
-1
2
7
5
6
6
1
0
0
1
0
0
2
2
2
3
4
4
3
5
1
2
4
3
4
3
1
2
1
0
-1
1
5
5
0
-2
0
-2
-3
0
2
2
1
0
-2
-3
-2
-1
0
2
4
6
4
5
4
3
3
3
2
-2
0
-1
-2
0
2
3
2
3
1
2
2
-1
-2
1
0
2
1
1
0
1
-2
-4
-3
-5
-6
-6
-2
-4
-8
-5
-4
-9
-9
-4
-7
-11
-8
-6
-8
-9
-8
-9
-12
-12
-12
-13
-12
-9
-6
-8
-12
-10
-11
-12
-11
-9
-6
-7
-8
-9
-9
-7
-7
-6
-8
-4
-2
-2
2
3
1
-1
0
0
0
0
3
4
2
3
5
3
1
2
6
9
13
13
11
11
12
8
6
8
10
10
10
12
14
13
12
15
15
12
12
12
14
13
13
14
13
14
13
11
9
9
10
7
10
11
9
9
9
6
4
5
3
3
5
5
1
0
0
-1
-2
-4
-5
-3
-4
-5
-4
-5
-6
-4
-4
-10
-10
-8
-9
-11
-11
-10
-9
-9
-8
-10
-11
-9
-11
-11
-7
-5
-6
-6
-9
-11
-10
-10
-7
-7
-6
-6
-6
-4
-8
-10
-7
-5
-8
-8
-4
-4
-7
-5
-3
-6
-6
-4
-2
-3
-3
-4
-2
0
3
2
-1
1
4
2
5
8
7
6
5
5
3
5
7
7
6
7
7
5
4
4
2
0
2
7
7
3
3
7
9
3
5
7
4
4
5
5
4
5
5
3
2
-2
-4
-5
-4
-1
-2
-1
1
0
-5
-6
-4
-5
-7
-7
-5
-6
-9
-5
-4
-8
-9
-8
-7
-6
-5
-1
-1
-2
-3
-3
-6
-5
-6
-4
0
1
2
2
3
4
3
3
6
7
6
6
7
7
2
2
4
6
6
5
8
10
11
13
16
16
16
12
10
9
10
12
11
14
11
12
9
6
6
4
6
7
12
10
10
6
0
-2
-4
-2
-3
-1
1
2
-2
-5
-5
-10
-12
-10
-10
-10
-9
-7
-8
-11
-10
-12
-14
-14
-13
-12
-14
-12
-10
-14
-13
-12
-13
-13
-13
-11
-10
-11
-10
-10
-13
-12
-11
-12
-12
-10
-7
-6
-1
-1
-4
-4
-2
-1
-3
-5
0
1
2
2
3
5
5
5
5
5
4
6
10
9
11
13
11
12
11
10
9
10
8
9
10
7
5
8
9
10
6
5
5
6
6
3
2
3
1
-2
1
2
5
5
4
5
4
1
-1
2
2
2
2
5
4
2
4
3
3
-2
-2
1
0
-1
-3
-2
1
-2
-3
-3
-1
-1
-3
-4
-5
-6
-1
-3
-4
-3
-4
-5
-4
-3
-3
-1
1
-2
-1
1
-2
-4
-2
-2
-2
-4
0
2
3
4
3
3
0
-1
3
3
3
5
7
6
3
3
1
0
-1
0
1
3
4
4
4
-1
-2
-1
-2
-1
2
3
3
3
1
-2
-4
-3
-2
2
1
1
1
4
5
0
-2
-1
-3
-2
1
3
2
3
4
-1
-2
-1
-1
-1
1
1
0
-4
-8
-7
-9
-9
-9
-9
-9
-11
-9
-9
-10
-11
-13
-12
-11
-12
-13
-12
-10
-7
-10
-11
-8
-8
-7
-2
-1
-4
-2
0
1
4
4
5
2
3
2
2
3
3
3
3
5
8
10
11
12
9
8
8
6
6
7
8
7
6
8
11
11
13
11
11
12
10
7
8
7
6
6
6
5
6
7
8
6
4
3
4
6
6
4
4
5
5
5
4
4
4
8
5
2
3
2
-1
-1
1
-2
-4
-4
-2
-4
-4
0
0
-5
-6
-6
-5
-8
-6
-5
-4
-4
-8
-7
-8
-8
-9
-10
-9
-9
-11
-12
-10
-10
-13
-11
-9
-10
-10
-8
-5
-5
-6
-5
-5
-5
-4
-2
-5
-5
-4
0
2
5
6
2
3
1
-3
-3
1
6
5
5
7
6
5
5
5
7
9
5
5
4
3
3
4
1
-1
-3
-3
-5
-1
0
-1
0
-4
-3
-3
-3
-2
0
0
-3
-5
-2
-2
-3
-1
-2
-3
0
0
0
-1
2
1
0
-4
-6
-4
-6
-5
-3
-4
-3
0
0
2
3
6
6
5
5
4
4
3
2
0
3
5
5
6
8
6
3
4
4
3
5
4
2
5
3
-1
-1
0
3
6
4
4
6
6
4
-2
0
3
3
3
8
9
7
6
9
6
2
4
4
6
11
9
7
8
7
4
1
-1
1
1
0
1
3
1
1
1
0
-1
-1
-2
-4
-2
-1
1
0
0
-4
-6
-2
-5
-8
-7
-6
-6
-8
-8
-9
-9
-9
-12
-14
-13
-12
-13
-13
-15
-14
-15
-15
-15
-15
-13
-15
-15
-13
-10
-10
-11
-9
-8
-6
-6
-3
-1
-2
-4
-4
-4
-2
-1
1
2
1
1
1
1
-3
-4
0
3
6
10
10
9
9
8
10
8
7
6
8
8
9
11
14
14
12
13
9
7
8
8
5
7
11
10
7
6
4
4
5
9
7
8
12
11
12
13
13
10
9
6
4
8
10
6
6
7
4
1
3
1
0
1
2
-1
-1
-4
-6
-6
-7
-9
-7
-6
-7
-7
-7
-7
-6
-9
-9
-9
-11
-10
-10
-10
-8
-8
-7
-8
-7
-8
-11
-10
-9
-7
-4
-2
2
-2
-4
-5
-5
-5
-2
1
0
-1
-3
-2
-3
-6
-2
0
0
4
6
4
6
6
7
6
7
4
5
5
6
8
9
11
7
6
3
2
2
0
2
5
7
5
5
4
0
1
2
-3
-4
1
2
-1
0
0
-1
-5
-5
-3
-5
-4
1
0
-3
-5
-4
-7
-10
-10
-10
-10
-7
-4
-4
-4
-4
-8
-12
-12
-9
-7
-8
-5
-7
-10
-11
-11
-13
-10
-8
-3
0
0
3
2
0
0
-2
-2
-1
4
5
5
4
4
3
2
3
5
9
9
9
10
15
12
11
9
8
6
7
11
11
12
13
13
10
10
10
7
5
7
8
9
13
11
9
6
6
5
6
7
9
10
11
9
6
3
2
2
1
4
5
2
0
2
1
1
0
1
3
2
0
-1
-3
-3
-4
-3
-4
-7
-8
-10
-7
-9
-9
-10
-7
-5
-11
-12
-13
-13
-12
-13
-12
-12
-11
-11
-11
-10
-11
-13
-12
-15
-16
-15
-12
-11
-9
-8
-8
-10
-10
-10
-9
-5
-4
-5
-4
-5
-5
-7
-7
-5
-3
0
0
2
3
2
3
4
4
3
2
3
7
8
8
7
8
9
6
6
9
10
11
13
14
12
14
13
8
5
6
7
10
13
12
12
11
9
5
2
2
2
4
5
5
5
5
2
-1
1
1
2
-4
0
3
-1
-2
-4
-3
-7
-6
-4
-5
-3
-6
-6
-4
-6
-6
-6
-6
-3
-3
-6
-5
-3
0
-1
-2
-1
-3
0
2
2
1
1
3
3
3
2
1
3
4
2
2
5
9
9
8
11
9
7
6
5
6
6
6
6
6
6
6
5
5
3
0
3
4
4
3
4
2
-2
-6
-6
-2
-2
-3
-3
0
-3
-4
-5
-7
-6
-5
-2
-2
-4
-4
-7
-9
-7
-8
-7
-3
-5
-6
-4
-5
-5
-4
-7
-9
-9
-7
-10
-10
-7
-8
-9
-8
-6
-3
-5
-5
-6
-8
-9
-10
-8
-7
-5
-5
-6
-5
-5
-5
-6
-7
-7
-9
-9
-8
-6
-3
-5
-3
-2
-2
-2
-2
-1
1
3
-1
1
6
4
5
5
7
7
4
6
6
8
8
8
10
11
8
7
8
8
9
8
10
11
11
11
13
15
14
12
12
13
15
18
18
18
19
17
17
15
11
12
12
8
8
10
10
8
8
7
4
4
5
3
3
2
-1
-1
-2
-3
-2
-1
-3
-4
0
0
-3
-2
-4
-5
-7
-9
-10
-8
-6
-7
-6
-10
-13
-10
-12
-13
-14
-11
-11
-12
-11
-11
-12
-12
-9
-9
-11
-13
-11
-11
-11
-10
-12
-13
-11
-8
-7
-9
-8
-7
-8
-6
-5
-5
-5
-4
-9
-9
-6
-8
-6
-4
-5
-5
-4
-5
-3
-2
-4
-4
-4
-3
-4
-3
-1
-1
-2
1
4
4
5
7
8
7
8
8
7
9
12
10
9
14
11
8
9
9
6
4
6
8
10
11
12
11
7
8
7
3
2
1
3
3
4
5
3
2
4
5
4
3
5
4
3
0
-1
-2
-2
-3
-1
5
6
6
5
4
4
0
-4
-2
1
0
3
5
3
1
5
3
-2
0
5
2
2
8
7
4
6
6
6
6
8
8
7
8
8
7
6
7
8
6
4
2
0
-1
-2
-3
-1
2
-2
0
-1
-3
-1
-3
-5
-4
-5
-7
-6
-5
-5
-11
-13
-15
-16
-15
-13
-12
-14
-12
-13
-13
-12
-13
-12
-10
-12
-12
-10
-12
-12
-9
-8
-7
-7
-6
-5
-4
-6
-7
-8
-8
-6
-4
-5
-5
-4
-6
-7
-4
-2
0
0
0
2
4
4
1
-3
-1
-2
-4
-1
2
1
3
5
7
7
7
8
3
1
3
4
3
3
4
8
9
6
6
4
5
6
10
11
10
11
10
7
8
10
7
8
11
12
12
12
12
12
13
11
13
11
10
9
9
11
11
9
8
5
3
0
-1
2
3
5
4
4
4
2
1
0
1
1
2
0
-1
-3
-8
-7
-8
-12
-11
-8
-8
-7
-6
-7
-8
-5
-6
-3
0
-1
-4
-1
-1
-3
-6
-6
-4
-6
-5
-5
-6
-4
-2
-3
-6
-4
-3
-7
-5
-1
-1
-2
-2
-2
-7
-9
-11
-10
-8
-6
-4
-2
2
3
0
1
1
-3
-3
-4
-6
-2
-1
0
0
2
1
-1
0
0
1
4
6
6
6
3
1
2
2
0
2
3
3
3
3
-2
-3
1
-2
-4
-1
1
1
-1
1
0
-2
-4
-6
-7
-6
-10
-10
-8
-9
-8
-8
-10
-12
-9
-8
-10
-7
-4
-5
-6
-5
-7
-11
-7
-2
-1
-1
-2
1
0
1
3
2
5
4
5
7
8
10
8
8
8
11
12
13
14
15
16
16
16
15
17
18
17
14
15
18
17
17
13
10
12
10
9
8
7
6
6
8
10
10
9
7
6
2
0
-3
-1
1
2
5
0
-3
-5
-4
-3
-7
-6
-3
-2
-3
-3
-5
-8
-8
-8
-11
-10
-7
-5
-6
-6
-4
-8
-11
-13
-11
-10
-10
-11
-10
-8
-9
-11
-11
-10
-11
-12
-9
-9
-6
-6
-8
-12
-8
-7
-6
-5
-2
-2
-9
-10
-10
-11
-10
-7
-7
-5
-5
-3
-2
0
-1
0
3
1
-2
-1
-1
3
2
-2
0
-1
0
-4
-4
-4
-4
-4
-1
0
1
3
2
1
-1
-2
-1
3
2
2
4
5
5
2
3
7
8
8
7
6
7
7
10
9
6
8
10
11
12
15
15
14
14
13
12
11
10
8
6
4
2
5
7
8
10
8
4
5
4
2
2
2
1
0
-2
1
1
3
7
6
6
5
3
3
0
-2
-4
-4
-4
-7
-5
-4
-5
-4
-5
-7
-4
-4
-5
-5
-1
-2
-4
-3
-3
-4
-1
1
1
-1
-3
-3
-2
-3
-1
1
0
1
3
2
2
3
4
1
7
9
5
3
3
3
-1
-4
-3
0
-1
-3
-2
-5
-7
-8
-9
-9
-9
-9
-12
-11
-10
-13
-14
-13
-11
-12
-7
-10
-10
-9
-10
-10
-13
-12
-12
-10
-10
-9
-8
-6
-7
-10
-10
-8
-9
-7
-3
-3
-4
0
0
2
2
0
0
-1
-2
0
3
6
5
5
3
0
0
3
3
4
6
9
9
11
12
10
10
11
11
10
10
11
13
14
13
12
13
13
11
11
8
10
10
8
8
10
13
9
10
10
9
9
7
7
7
6
7
8
8
7
6
7
2
-1
0
1
-2
-3
-2
-4
-5
-2
-1
1
2
2
1
-1
2
0
1
0
-2
2
0
-3
-2
0
-1
-2
-3
-3
-4
-2
-4
-4
-1
-1
-2
-3
-3
-3
-3
-2
-5
-7
-7
-9
-8
-9
-11
-9
-6
-7
-8
-8
-8
-10
-11
-13
-15
-14
-13
-16
-15
-12
-12
-11
-9
-8
-8
-6
-9
-8
-8
-10
-10
-8
-7
-8
-7
-5
-6
-4
-3
-3
-2
1
2
5
4
2
1
3
6
6
7
10
11
11
9
8
6
7
9
9
10
11
10
7
7
7
7
7
5
7
7
5
7
6
5
4
4
2
2
4
3
1
1
2
3
1
2
1
0
1
2
3
4
1
1
2
2
1
-1
-1
0
0
0
1
4
4
6
4
3
0
-1
1
0
0
-1
-2
-4
0
0
0
1
2
0
0
2
3
3
2
3
2
2
5
3
3
5
5
4
1
0
3
2
3
5
5
4
5
6
7
6
6
7
3
2
3
3
0
0
-3
-5
-6
-4
-2
-5
-5
-3
-3
-5
-7
-6
-10
-13
-10
-10
-9
-8
-7
-9
-14
-14
-15
-15
-14
-13
-13
-12
-12
-12
-11
-9
-9
-8
-9
-11
-10
-11
-9
-4
-3
-5
-4
-2
-6
-7
-5
-4
-2
-1
-3
-1
4
3
1
2
7
6
3
3
6
7
8
9
8
9
11
13
13
13
13
12
11
12
11
10
11
11
10
10
10
9
8
9
9
8
6
9
10
9
8
5
4
1
-3
-4
-3
-1
-1
1
3
4
3
-1
-3
-5
-7
-7
-5
-2
-2
-1
-2
-3
-6
-7
-4
-6
-6
-5
-3
-3
-2
0
-1
0
-1
-1
-4
-2
-2
-5
-2
-1
-5
-3
-2
1
2
4
0
0
0
-2
0
0
2
2
0
0
-2
-1
-2
-1
1
2
3
0
1
1
4
5
4
3
2
2
3
5
3
4
4
2
3
4
-1
-4
-1
-1
-1
3
7
5
4
4
3
4
2
1
0
-1
-2
-4
-6
-5
-3
-2
-2
-1
-3
-4
-3
-4
-5
-3
-2
-1
-5
-6
-5
-6
-5
-6
-6
-7
-7
-6
-6
-6
-9
-7
-10
-10
-8
-8
-9
-7
-5
-7
-7
-7
-7
-4
-3
-4
-5
-6
-3
-2
0
0
0
0
-3
-5
-5
-2
0
-1
-2
-1
1
1
1
2
0
-1
0
-1
2
4
4
3
3
1
4
5
6
9
9
11
9
9
8
8
11
13
12
11
14
14
13
15
15
16
18
17
16
16
14
12
11
9
8
9
9
8
8
9
7
6
5
3
4
4
2
2
0
0
-1
0
0
-1
-2
-3
-6
-7
-9
-7
-4
-3
-5
-6
-7
-9
-6
-8
-6
-6
-8
-8
-10
-10
-10
-12
-12
-12
-13
-13
-11
-10
-10
-12
-12
-12
-10
-9
-9
-8
-7
-7
-9
-8
-6
-8
-6
-5
-4
-5
-5
-3
-4
-5
-5
-5
-6
-7
-5
-1
0
2
5
6
7
4
2
0
0
2
0
0
3
0
1
1
0
2
1
0
2
1
1
0
0
-1
0
1
1
5
7
4
4
4
1
3
6
3
3
4
5
6
6
5
4
4
2
4
2
2
2
4
6
4
5
5
4
4
5
6
4
2
3
2
2
1
1
1
3
4
2
2
4
3
2
2
3
1
3
4
2
2
3
3
2
1
2
2
3
4
3
2
5
6
6
4
5
4
4
4
5
2
0
0
1
1
-1
2
3
2
3
4
2
-1
-2
-1
-2
-2
-2
-5
-6
-5
-4
-3
-4
-4
-4
-8
-8
-6
-3
0
-2
-3
-5
-3
-3
-4
-3
-2
-6
-7
-8
-8
-8
-7
-6
-7
-6
-6
-7
-5
-3
-4
-6
-8
-9
-7
-6
-9
-7
-8
-9
-8
-9
-5
-4
-6
-4
-3
-5
-4
-1
-3
-4
-3
-2
-3
-5
-6
-4
-5
-6
-4
-4
-4
-2
-1
1
2
2
1
2
3
2
5
6
7
9
10
9
6
6
9
10
12
13
11
10
12
11
9
7
9
10
9
11
13
11
10
8
7
8
10
11
11
12
10
10
8
6
5
3
2
1
0
1
2
3
2
1
-1
-2
-3
-2
-1
1
1
1
1
-3
-1
-3
-3
-6
-7
-5
-4
-3
-2
-4
-4
-4
-6
-5
-6
-5
-9
-6
-4
-8
-6
-7
-5
-3
-5
-6
-4
-4
-6
-6
-8
-8
-8
-6
-8
-7
-3
-4
-2
-3
-4
-3
-2
-1
0
2
2
2
4
5
3
4
4
2
2
1
1
1
3
4
6
6
5
2
3
4
5
5
4
3
4
4
2
0
-2
-4
-6
-5
-2
-3
-3
-2
0
-2
-2
-2
-2
-1
-2
-2
-2
-4
-4
-4
-3
-2
-2
-1
2
1
-1
-2
-3
-6
-7
-6
-5
-4
-1
-1
-2
-4
-4
-1
-4
-5
-3
-4
-2
0
-2
-2
1
3
-1
-2
-2
-4
-4
-2
0
0
4
2
0
-1
0
1
2
3
4
5
6
6
5
5
4
5
5
7
7
7
5
5
6
3
3
5
3
5
6
6
6
7
8
7
8
8
7
10
11
13
10
9
9
6
5
5
6
6
7
7
5
8
6
5
7
4
3
1
0
2
3
0
0
0
-1
1
-1
-1
0
-1
-4
-4
-6
-7
-6
-8
-7
-8
-10
-10
-10
-9
-8
-7
-7
-8
-7
-9
-10
-11
-13
-12
-14
-17
-15
-13
-10
-11
-12
-10
-9
-11
-9
-9
-11
-13
-12
-10
-8
-9
-9
-6
-6
-6
-2
-2
1
-2
-1
-1
-2
-1
-1
2
3
4
0
3
6
5
6
6
7
7
9
6
4
7
7
6
6
7
9
6
6
8
6
3
4
8
7
6
7
9
9
7
5
6
3
2
2
2
0
0
4
4
5
4
1
0
-1
1
1
0
0
0
1
2
-1
0
0
-2
-3
2
2
0
1
1
1
-1
0
2
1
4
6
4
3
3
4
1
4
6
7
7
6
9
7
6
4
4
3
2
5
6
7
8
8
7
6
5
5
5
5
5
6
5
4
0
0
0
-4
-2
1
0
-2
-5
-5
-7
-5
-5
-7
-11
-10
-10
-10
-7
-4
-10
-9
-9
-13
-13
-15
-15
-16
-15
-11
-8
-10
-9
-11
-9
-11
-11
-9
-10
-7
-7
-9
-11
-11
-9
-11
-12
-10
-8
-10
-9
-5
-8
-7
-8
-7
-5
-3
-4
-5
-3
1
2
1
1
2
2
3
0
1
3
4
6
5
5
5
5
6
7
7
9
13
11
7
6
8
6
8
10
14
13
14
15
12
12
12
11
11
12
12
9
8
10
11
11
10
9
9
10
9
9
12
11
11
12
12
9
6
7
8
5
4
4
5
7
3
6
3
1
0
-2
-2
1
1
-1
0
-1
-4
-7
-5
-2
-5
-6
-4
-2
-2
-4
-8
-6
-6
-8
-7
-6
-5
-4
-8
-12
-12
-14
-14
-12
-11
-8
-7
-8
-12
-13
-15
-15
-12
-11
-8
-9
-7
-8
-9
-11
-12
-10
-11
-11
-10
-8
-7
-6
-6
-7
-5
-5
-6
-5
-1
-3
-3
0
2
0
-1
4
6
7
7
6
4
3
3
2
1
1
3
5
7
10
9
6
8
6
3
4
2
3
4
6
7
8
7
7
7
7
6
4
2
3
5
2
4
6
5
4
2
4
1
1
2
1
0
-1
-1
-3
-1
1
2
1
2
2
0
1
0
-3
-1
-2
-1
0
-2
0
-3
-3
0
-2
-3
-1
1
3
3
4
2
0
2
1
0
2
4
6
6
5
5
7
7
7
9
9
10
11
11
10
8
5
5
5
6
6
7
7
7
4
3
0
0
1
3
2
2
0
-4
-3
-4
-7
-9
-6
-6
-9
-8
-9
-11
-11
-12
-12
-13
-13
-16
-15
-13
-13
-14
-13
-13
-12
-12
-13
-12
-11
-12
-11
-7
-8
-7
-10
-10
-9
-6
-6
-5
-2
-3
-2
-1
-2
-1
-1
-2
-2
0
2
1
2
6
5
2
3
5
8
9
7
10
11
7
8
7
5
4
4
5
5
6
6
5
5
6
3
3
3
3
4
0
3
7
6
5
5
6
7
5
4
4
6
6
5
5
3
4
4
3
2
4
5
7
8
7
8
6
5
4
4
5
6
5
3
0
0
0
1
3
2
6
1
1
-1
-2
-4
-5
-6
-5
-5
-5
-4
-3
-1
-3
-4
-4
-5
-7
-7
-6
-6
-6
-7
-5
-6
-8
-8
-7
-9
-9
-5
-5
-3
-2
-3
-2
-2
-3
-3
-2
-3
0
2
4
5
5
3
3
3
3
1
0
2
2
3
4
3
4
6
5
3
2
4
4
4
3
3
2
0
1
3
0
0
1
3
2
1
-1
0
1
-1
0
-3
-3
-2
-3
-2
-2
-5
-7
-8
-8
-7
-10
-11
-8
-9
-10
-8
-7
-8
-11
-9
-7
-8
-11
-7
-5
-7
-7
-5
-5
-4
-6
-5
-4
-3
-3
-4
-5
-4
-4
-4
-2
0
0
2
5
3
0
3
4
5
7
9
15
16
12
10
11
9
8
10
11
11
12
12
15
16
11
13
16
16
14
14
13
13
12
10
6
4
7
5
4
6
9
9
7
5
3
0
-2
-2
-2
-1
-1
1
1
1
2
1
-2
-2
-1
0
-2
-1
0
-2
-4
-5
-5
-6
-3
-2
-6
-6
-3
-2
-1
-3
-6
-6
-7
-7
-7
-7
-9
-7
-8
-11
-8
-7
-7
-7
-8
-5
-4
-8
-12
-10
-13
-12
-10
-11
-12
-11
-10
-14
-13
-9
-10
-9
-5
-7
-9
-6
-7
-9
-10
-11
-10
-11
-8
-6
-4
0
-1
-3
-2
1
1
-1
2
4
1
2
5
5
6
6
6
7
8
11
14
10
10
12
11
12
15
13
11
11
11
9
9
12
9
9
11
9
9
7
4
5
6
5
7
4
5
7
1
1
1
-1
-1
0
2
1
0
1
2
0
1
3
4
4
4
7
8
6
6
8
8
7
6
5
4
0
0
0
3
5
4
4
2
0
3
0
-1
-2
-6
-6
-5
-6
-5
-6
-6
-4
-3
-7
-5
-3
-4
-4
-5
-4
-6
-7
-9
-9
-7
-8
-9
-9
-7
-7
-6
-5
-4
-5
-4
-3
-4
-5
-5
-4
-8
-6
-4
-5
-5
-2
-2
-1
1
0
-1
-3
-2
-4
-5
-2
-4
-3
-3
-1
-1
-1
-3
-5
-3
0
-1
1
1
0
-1
-4
-2
-3
-2
-2
-2
0
0
-1
0
-1
-2
-4
-4
-5
-4
-3
-3
-4
-3
-5
-5
-8
-6
-2
-2
1
1
3
2
1
3
4
4
6
11
12
11
12
12
11
12
11
11
13
12
12
13
13
8
9
9
8
11
10
10
9
8
6
5
5
8
5
3
4
3
7
4
4
7
5
3
5
5
4
3
4
1
-1
1
1
0
1
-1
-4
-3
0
-2
-2
-1
-1
-1
-1
-2
-4
-2
-3
-2
-3
-7
-5
-4
-5
-5
-6
-9
-6
-3
-5
-5
-6
-7
-5
-7
-9
-11
-11
-10
-12
-9
-8
-10
-8
-8
-8
-9
-10
-9
-9
-9
-9
-8
-10
-10
-9
-8
-8
-6
-4
-1
-1
-1
-3
0
-2
-4
-3
-3
-3
-2
0
3
0
2
5
7
4
2
4
3
4
5
7
7
6
6
6
7
10
10
9
9
9
7
6
7
7
7
8
6
3
5
5
8
6
6
4
1
0
-2
-3
-4
-2
-4
-4
-4
-3
0
-3
-2
-2
-2
-3
-4
-3
-3
-3
-3
-5
-5
-3
0
-1
-2
-2
-2
-3
-3
0
1
3
5
5
5
3
0
-2
-1
3
1
3
8
6
3
3
4
5
3
4
6
8
7
3
2
3
1
4
7
5
5
6
7
9
7
9
10
11
11
10
10
9
9
7
8
7
7
9
6
3
2
4
3
2
0
-1
1
-2
-5
-6
-4
-6
-9
-10
-10
-11
-11
-12
-11
-12
-13
-13
-16
-17
-17
-16
-16
-16
-17
-17
-21
-18
-17
-17
-17
-17
-14
-12
-11
-12
-8
-7
-8
-6
-7
-6
-7
-7
-4
0
-2
-2
-1
0
1
0
0
3
4
5
3
4
6
5
5
5
3
6
9
9
11
10
9
10
12
11
11
12
9
13
15
14
13
12
11
8
9
11
10
10
12
15
14
10
9
10
8
6
6
4
4
6
4
2
2
4
2
2
3
1
2
1
-1
-6
-5
-2
-3
-4
-2
-4
-4
-2
-1
-2
-1
-2
-1
-1
-4
-6
-3
-3
-3
-3
-3
-3
-5
-6
-7
-4
-3
-6
-5
-3
-4
-5
-5
-7
-4
-3
-3
-2
0
-2
-5
-4
-2
-2
-3
-3
-1
3
4
1
4
4
3
2
1
4
7
8
8
6
5
3
3
2
1
2
4
3
3
5
2
-2
-2
-5
-6
-4
-3
-2
0
-1
-3
-5
-6
-6
-6
-6
-5
-3
-3
-3
-6
-8
-6
-5
-5
-6
-4
-1
-1
-4
-5
-7
-8
-7
-4
-2
-4
-2
-1
-2
-3
-2
-2
-3
-4
-3
-4
-4
-3
-2
-3
-2
0
-1
-2
-3
-3
-2
-2
-4
-3
0
-1
-5
-3
-4
-4
-3
-1
1
5
6
4
3
2
1
0
2
5
6
6
10
13
10
8
7
9
8
9
9
10
11
11
11
11
14
13
13
12
12
11
10
9
11
11
10
11
12
9
8
8
8
9
7
5
6
3
2
1
-1
-2
1
0
-1
-2
-3
-2
-5
-4
-2
-5
-7
-4
-8
-7
-6
-6
-7
-10
-8
-9
-7
-7
-7
-7
-11
-8
-9
-10
