45
40
44
38
37
43
38
39
42
33
32
29
22
23
20
19
17
19
19
15
13
8
3
1
-4
-4
-10
-13
-14
-16
-14
-21
-18
-19
-20
-21
-26
-31
-29
-34
-34
-36
-40
-40
-41
-42
-41
-41
-38
-40
-42
-37
-31
-29
-26
-26
-28
-25
-31
-26
-28
-27
-27
-22
-22
-20
-18
-20
-16
-15
-14
-17
-14
-15
-19
-15
-17
-16
-12
-12
-13
-12
-10
-9
-7
-9
-7
-10
-7
-8
-11
-11
-14
-12
-14
-9
-9
-11
-8
-7
-6
-8
-12
-17
-17
-17
-17
-16
-16
-15
-16
-14
-10
-9
-6
-5
1
1
4
6
6
8
11
13
13
17
22
21
24
24
24
22
20
22
23
21
23
20
21
20
19
22
23
26
26
24
26
26
26
28
22
26
28
27
28
24
28
25
26
28
26
28
27
27
28
25
25
23
20
23
24
22
22
25
22
24
22
20
22
22
18
17
13
11
11
7
6
2
4
0
-1
-1
-4
-6
-9
-13
-14
-17
-20
-20
-22
-22
-24
-22
-24
-24
-26
-27
-23
-22
-24
-23
-24
-24
-25
-25
-24
-27
-22
-23
-23
-25
-24
-24
-28
-27
-30
-27
-28
-27
-27
-26
-24
-23
-22
-21
-20
-21
-25
-21
-22
-20
-19
-21
-21
-18
-16
-13
-12
-11
-7
-11
-9
-7
-5
-3
-4
0
1
4
8
5
9
6
8
8
6
9
7
9
7
4
8
5
5
3
3
2
-2
0
2
0
1
1
3
2
2
2
5
5
3
9
8
7
10
7
7
9
11
11
12
12
12
14
9
13
13
12
13
12
14
16
19
21
22
24
25
25
24
25
26
26
27
28
30
36
37
37
39
38
39
40
35
32
32
30
29
26
23
20
18
17
18
15
14
9
8
6
2
0
0
0
0
1
-2
-1
-1
-3
-4
-6
-9
-13
-15
-16
-21
-21
-24
-25
-28
-29
-29
-29
-26
-27
-27
-27
-27
-27
-28
-30
-30
-29
-30
-28
-29
-32
-33
-34
-33
-33
-32
-33
-33
-35
-36
-33
-33
-31
-30
-32
-28
-30
-32
-26
-26
-22
-19
-15
-12
-6
-5
-4
-2
-2
1
1
1
3
3
4
5
7
8
9
11
10
8
10
11
13
15
14
15
17
19
20
20
24
24
23
23
19
19
17
16
17
17
16
14
14
13
12
8
6
7
5
4
4
3
1
3
2
4
7
7
5
7
7
8
7
7
9
9
11
10
11
8
9
8
7
6
7
8
6
7
7
6
6
13
11
11
13
10
13
14
16
18
18
19
19
20
16
17
13
13
14
13
13
12
12
10
11
9
8
8
10
6
5
6
3
2
3
1
1
1
-1
2
-2
1
-3
-5
-3
-6
-6
-8
-10
-9
-13
-18
-20
-21
-24
-25
-25
-29
-29
-26
-30
-30
-30
-31
-31
-31
-29
-26
-27
-26
-23
-24
-24
-23
-24
-25
-25
-24
-24
-25
-26
-23
-24
-24
-21
-21
-21
-22
-22
-22
-19
-20
-18
-15
-13
-9
-8
-6
-6
-1
-1
0
1
1
1
3
2
3
6
9
13
14
15
14
14
14
16
18
21
22
24
25
27
31
28
31
32
30
30
30
28
24
24
24
22
21
20
19
18
16
16
14
12
11
10
10
6
7
6
5
3
4
6
5
6
7
6
5
4
5
3
3
2
3
1
2
2
1
2
1
0
2
3
0
0
0
-1
0
3
2
7
8
9
10
8
10
11
11
10
11
11
11
11
10
8
7
6
5
3
4
1
-1
-3
-3
-5
-4
-4
-6
-6
-5
-5
-6
-5
-5
-7
-8
-5
-6
-6
-9
-9
-8
-9
-12
-13
-15
-15
-15
-16
-18
-20
-21
-18
-20
-22
-23
-22
-20
-21
-21
-20
-21
-24
-21
-24
-25
-25
-25
-26
-26
-27
-28
-28
-30
-30
-30
-29
-29
-27
-27
-26
-23
-22
-19
-19
-18
-17
-14
-12
-10
-6
-6
-3
-2
1
2
3
7
9
10
12
15
16
19
22
21
23
25
23
26
29
30
31
32
35
37
37
37
38
37
36
36
36
36
35
33
33
33
32
32
28
29
27
25
24
21
20
16
15
13
13
12
9
10
9
9
7
7
6
6
4
4
3
3
2
1
0
-1
-1
-3
-1
-4
-4
-5
-6
-7
-9
-10
-11
-9
-11
-11
-10
-8
-10
-10
-8
-11
-8
-9
-10
-9
-9
-11
-11
-10
-10
-9
-10
-8
-8
-8
-10
-9
-10
-12
-11
-10
-12
-13
-13
-14
-12
-15
-14
-13
-12
-13
-13
-12
-14
-14
-15
-14
-13
-13
-13
-15
-16
-16
-14
-15
-16
-15
-17
-18
-16
-14
-15
-12
-13
-11
-12
-14
-12
-12
-11
-10
-9
-7
-7
-5
-3
-3
-1
-1
-1
-1
1
2
1
2
2
1
-1
1
2
4
1
3
3
3
2
4
5
6
8
10
11
10
14
14
15
15
17
17
19
18
18
20
18
19
17
16
18
19
19
21
21
21
22
22
24
22
21
23
23
22
22
23
22
22
20
19
17
18
17
15
14
10
10
7
5
3
1
-1
-1
0
-4
-3
-4
-6
-7
-7
-9
-8
-10
-10
-10
-10
-9
-8
-8
-8
-9
-11
-10
-12
-14
-15
-13
-13
-12
-12
-12
-11
-11
-10
-9
-8
-8
-8
-9
-8
-10
-9
-9
-8
-6
-5
-5
-4
-2
-5
-4
-5
-7
-6
-5
-6
-5
-4
-5
-6
-7
-8
-8
-7
-8
-10
-8
-9
-8
-7
-7
-7
-5
-3
-6
-2
-4
-6
-3
-3
-4
-2
-4
-6
-9
-10
-9
-9
-12
-12
-11
-11
-10
-12
-11
-12
-9
-9
-10
-9
-10
-11
-10
-8
-6
-6
-6
-4
-6
-3
-2
0
1
0
0
1
2
2
2
2
3
4
6
8
9
11
14
13
15
15
16
17
18
20
21
21
23
24
26
26
23
25
24
25
24
24
23
22
23
23
20
19
18
18
19
19
17
16
17
17
16
13
13
12
11
12
10
11
11
8
8
6
4
1
1
-2
-4
-7
-8
-7
-8
-9
-11
-7
-9
-9
-9
-10
-13
-11
-12
-14
-15
-15
-14
-15
-14
-16
-14
-15
-16
-16
-17
-19
-18
-19
-20
-20
-18
-17
-18
-17
-16
-14
-13
-12
-11
-11
-9
-9
-9
-10
-8
-8
-9
-7
-6
-6
-7
-6
-7
-8
-6
-8
-9
-8
-8
-7
-7
-6
-6
-5
-5
-4
-4
-3
-2
-1
1
1
2
3
1
1
1
1
0
0
0
1
-1
-2
0
-1
-2
-2
-1
-1
0
1
3
3
4
3
6
6
6
6
8
10
10
10
12
14
15
15
14
14
15
14
13
13
11
10
10
10
10
12
11
12
15
14
14
14
13
14
15
16
17
15
17
17
17
16
15
14
13
13
12
9
8
8
7
7
5
5
5
4
6
5
5
4
2
2
1
-1
-2
-2
-2
-3
-5
-7
-7
-9
-9
-10
-12
-15
-15
-15
-16
-17
-18
-17
-19
-20
-19
-18
-19
-18
-17
-16
-14
-14
-15
-12
-13
-14
-9
-11
-11
-9
-7
-8
-8
-4
-5
-5
-6
-6
-7
-5
-5
-7
-5
-6
-5
-4
-3
-3
-2
-2
-1
0
1
1
1
2
0
1
2
2
2
1
2
3
2
2
1
0
-1
-2
-2
-2
-3
-2
-2
-2
-1
-2
-3
-1
-3
-2
0
0
0
2
2
1
1
2
2
1
-2
0
2
2
2
2
3
1
1
1
1
2
0
1
1
0
2
2
3
5
5
6
6
7
7
7
6
7
9
9
7
8
10
8
9
10
10
12
10
9
10
10
10
9
11
12
13
11
13
14
13
15
13
14
13
15
17
15
16
16
16
15
14
12
12
11
11
8
7
7
5
2
2
0
-1
-2
-2
-6
-5
-7
-7
-9
-11
-10
-14
-11
-15
-15
-16
-17
-19
-19
-18
-21
-20
-21
-20
-21
-21
-21
-22
-23
-24
-21
-21
-20
-18
-17
-16
-16
-16
-17
-16
-15
-13
-13
-12
-13
-13
-12
-12
-10
-12
-8
-8
-7
-6
-6
-6
-4
-3
-1
-1
-1
1
1
3
3
3
5
4
6
5
8
8
7
9
9
10
10
13
13
12
12
12
12
12
13
12
12
11
11
13
13
13
13
12
11
12
10
9
9
10
9
11
11
9
9
8
6
5
7
5
5
4
2
2
1
1
0
1
0
2
2
3
2
3
2
2
2
2
2
2
3
5
6
5
7
5
4
4
3
1
1
1
0
1
0
-1
0
0
2
1
4
4
4
5
5
5
6
7
6
6
5
5
5
5
4
1
1
0
-2
-3
-4
-6
-5
-7
-9
-9
-10
-10
-10
-10
-10
-9
-10
-11
-11
-11
-12
-12
-13
-14
-12
-13
-14
-13
-15
-15
-15
-16
-15
-17
-16
-16
-16
-16
-15
-18
-16
-15
-14
-14
-11
-12
-12
-9
-8
-6
-5
-5
-5
-2
-2
-2
0
1
2
1
1
3
3
4
3
5
6
5
7
8
8
10
10
11
11
12
14
14
15
16
16
17
16
17
17
14
12
12
10
9
9
7
7
7
6
6
5
5
4
6
5
3
4
5
6
5
6
6
8
8
5
8
7
7
6
7
6
6
4
3
3
1
0
0
0
0
-1
0
0
-2
1
1
0
-1
0
0
0
1
-1
0
1
0
0
0
1
0
0
0
-1
-3
-3
-3
-3
-3
-1
-2
-2
0
0
-1
1
3
3
3
3
2
1
2
1
1
1
0
-1
-2
-3
-6
-6
-6
-7
-7
-8
-11
-11
-13
-14
-12
-14
-14
-13
-13
-12
-13
-11
-11
-11
-9
-10
-10
-11
-11
-12
-13
-13
-13
-14
-12
-11
-12
-10
-10
-9
-9
-8
-8
-8
-6
-6
-4
-3
-5
-3
-3
-1
0
1
3
4
4
3
4
3
3
4
4
4
7
7
8
9
7
9
8
9
11
13
14
16
17
18
18
18
18
17
17
15
17
16
15
13
13
12
12
10
11
10
8
10
9
9
10
7
7
6
6
6
6
7
5
5
4
5
4
4
3
2
0
-1
-1
-2
-3
-4
-3
-3
-6
-5
-7
-6
-7
-5
-6
-5
-7
-6
-7
-7
-6
-6
-5
-6
-4
-5
-4
-2
-1
0
0
2
1
0
-2
-1
-1
-2
-2
-3
-3
-4
-4
-4
-4
-5
-4
-6
-5
-5
-6
-6
-6
-5
-6
-5
-5
-3
-3
-3
-4
-5
-5
-6
-5
-6
-6
-6
-8
-7
-7
-7
-8
-7
-7
-8
-7
-10
-9
-11
-11
-9
-11
-10
-11
-11
-11
-11
-10
-11
-11
-11
-11
-9
-9
-9
-8
-7
-6
-5
-5
-3
-2
-2
-1
2
2
1
3
5
5
6
6
8
9
10
10
12
12
11
11
11
14
15
15
16
16
16
18
18
17
18
18
18
18
18
17
17
16
14
15
17
16
16
15
14
13
12
12
11
11
9
8
7
8
7
5
7
6
5
4
1
0
-2
-3
-3
-2
-3
-4
-5
-5
-3
-5
-6
-5
-6
-8
-9
-10
-9
-10
-10
-8
-8
-9
-9
-10
-9
-9
-11
-11
-10
-10
-11
-9
-8
-8
-8
-8
-7
-7
-8
-8
-6
-7
-8
-6
-7
-7
-9
-9
-6
-7
-6
-4
-4
-3
-4
-2
-3
-5
-4
-3
-2
-2
-1
-2
-2
-3
-2
-3
-2
-4
-3
-3
-3
-1
-2
-3
-3
-4
-7
-5
-5
-7
-7
-7
-8
-8
-8
-9
-9
-8
-7
-7
-8
-7
-5
-4
-3
-3
0
1
0
1
1
2
1
2
3
5
5
4
4
6
6
7
9
10
10
9
10
9
11
10
11
13
13
15
15
18
16
15
17
16
17
16
15
16
17
16
16
14
14
16
13
14
15
14
14
13
11
10
8
7
8
7
7
7
8
7
7
7
5
4
4
2
-1
-1
-4
-7
-5
-5
-7
-7
-6
-8
-10
-9
-10
-11
-13
-14
-14
-14
-15
-16
-15
-15
-14
-12
-14
-14
-14
-14
-15
-14
-15
-14
-14
-14
-15
-15
-14
-11
-11
-11
-10
-13
-10
-11
-9
-7
-6
-5
-5
-4
-3
0
1
2
1
1
2
2
2
3
4
3
4
3
2
4
2
2
1
1
0
0
1
1
0
-1
0
-1
-2
-1
1
-1
1
2
2
1
0
1
-1
-1
0
-2
-2
-1
0
-1
-2
-2
-3
-4
-4
-2
-1
0
1
1
0
0
0
1
1
1
0
2
1
2
3
4
4
5
5
6
7
5
6
8
8
9
10
12
11
12
13
14
14
16
15
15
17
16
17
16
15
15
15
15
14
13
14
15
13
12
13
12
11
10
10
8
7
5
6
6
7
5
5
4
3
3
1
0
-2
-5
-4
-5
-7
-8
-9
-9
-11
-13
-15
-15
-16
-18
-17
-17
-18
-19
-17
-21
-20
-21
-21
-20
-20
-18
-19
-19
-17
-17
-16
-14
-13
-12
-12
-11
-11
-10
-10
-10
-10
-10
-9
-8
-11
-7
-7
-7
-5
-3
-2
-1
0
-1
0
0
2
1
3
4
4
4
4
5
8
6
7
6
5
5
5
5
4
6
6
6
7
6
6
7
8
7
6
7
7
5
7
4
6
5
2
3
2
1
0
1
3
1
3
2
1
3
0
0
0
0
1
0
1
2
4
3
3
4
5
5
5
4
4
2
3
4
4
4
4
5
4
5
2
4
2
6
7
8
7
6
8
7
9
10
8
10
12
12
15
15
13
12
11
12
10
12
11
11
10
9
8
4
4
3
3
4
3
2
3
2
0
2
3
1
2
0
-2
-1
-3
-6
-7
-9
-8
-9
-10
-10
-13
-14
-15
-14
-14
-16
-14
-17
-17
-19
-21
-21
-19
-20
-18
-17
-19
-16
-19
-19
-19
-17
-18
-18
-16
-19
-17
-17
-16
-15
-14
-13
-12
-10
-9
-8
-8
-8
-7
-4
-5
-4
-3
-4
-1
-1
2
1
2
3
4
5
7
7
10
9
9
9
8
8
7
7
7
8
8
10
8
8
10
10
9
10
11
11
13
13
12
12
13
12
12
12
10
10
10
9
9
9
9
9
9
8
8
8
9
8
6
6
6
5
4
6
6
6
6
9
9
7
7
6
6
6
6
6
5
4
3
2
2
1
1
2
3
3
3
4
3
4
4
4
4
4
4
4
5
5
5
5
3
3
2
1
2
2
1
0
0
0
-1
-1
-1
-2
-3
-3
-4
-4
-6
-5
-5
-5
-7
-8
-10
-11
-12
-12
-12
-13
-14
-13
-13
-14
-13
-13
-13
-14
-15
-15
-16
-16
-14
-14
-15
-14
-13
-15
-13
-13
-15
-14
-13
-15
-15
-14
-14
-14
-15
-14
-14
-13
-12
-12
-13
-11
-10
-10
-10
-8
-9
-8
-6
-4
-2
-2
-1
-2
-1
0
1
1
2
3
3
5
8
8
10
12
12
10
13
13
14
15
16
16
16
17
18
17
18
19
18
18
18
18
20
21
20
19
22
21
19
19
19
19
19
18
18
18
16
15
13
10
10
8
6
6
6
5
5
3
4
4
4
4
3
1
2
2
-1
1
-1
0
-1
0
-1
0
0
-1
-1
-1
-2
-2
-1
-1
-2
-2
-3
-4
-4
-4
-3
-4
-5
-4
-5
-5
-5
-5
-4
-5
-4
-5
-7
-6
-9
-7
-9
-10
-10
-11
-11
-11
-11
-13
-12
-12
-14
-13
-14
-14
-14
-16
-15
-16
-16
-14
-14
-13
-11
-11
-10
-12
-11
-12
-13
-12
-13
-12
-13
-12
-12
-11
-11
-12
-11
-13
-12
-13
-12
-12
-12
-11
-10
-8
-9
-7
-6
-4
-3
-2
-1
-1
0
1
3
1
3
5
6
6
8
7
5
7
8
10
10
12
13
12
14
16
15
16
17
18
16
18
21
19
18
19
19
18
20
20
17
18
19
19
18
17
18
17
15
17
15
14
14
14
13
12
12
11
11
11
9
10
8
9
9
8
7
5
4
4
1
1
-3
-2
-2
-4
-5
-6
-7
-6
-6
-6
-7
-6
-6
-7
-7
-8
-7
-9
-8
-8
-9
-8
-8
-7
-8
-8
-7
-8
-9
-10
-9
-11
-11
-9
-9
-8
-7
-6
-7
-6
-6
-7
-6
-5
-5
-5
-5
-4
-3
-5
-5
-5
-6
-7
-8
-6
-6
-7
-6
-7
-8
-8
-8
-7
-7
-8
-8
-8
-9
-10
-10
-9
-10
-11
-12
-10
-11
-10
-11
-11
-12
-11
-12
-12
-11
-11
-11
-9
-8
-8
-7
-8
-7
-7
-6
-5
-6
-2
-2
-1
1
2
4
5
5
5
6
6
7
8
9
8
10
8
8
10
10
9
10
10
11
11
13
13
12
13
14
13
14
15
15
17
17
16
17
17
18
19
19
18
19
17
18
19
19
17
19
17
18
17
17
16
14
14
11
12
12
11
10
10
7
6
5
4
4
3
1
-2
-2
-3
-4
-5
-6
-6
-6
-8
-8
-9
-12
-12
-12
-13
-12
-12
-11
-13
-13
-14
-13
-14
-13
-13
-14
-12
-13
-12
-11
-11
-10
-9
-10
-9
-8
-10
-8
-8
-7
-8
-7
-7
-6
-6
-7
-6
-7
-7
-6
-4
-4
-5
-4
-5
-4
-4
-3
-2
-2
-2
-3
-3
-3
-6
-7
-8
-11
-9
-10
-12
-12
-13
-12
-11
-10
-10
-9
-9
-9
-10
-8
-11
-9
-9
-10
-8
-9
-8
-4
-5
-6
-5
-5
-5
-3
-4
-3
-2
-2
-2
1
2
1
1
3
4
5
6
6
8
8
9
10
10
9
12
11
11
12
14
17
17
18
19
17
17
18
19
20
20
19
20
21
19
21
18
18
19
20
19
19
18
18
17
18
20
18
18
17
17
16
15
16
14
14
14
12
11
10
9
6
3
2
2
0
1
-2
-3
-3
-4
-4
-5
-5
-6
-6
-6
-8
-9
-11
-11
-11
-12
-14
-14
-16
-15
-16
-17
-18
-19
-21
-21
-19
-21
-20
-21
-21
-21
-21
-20
-20
-19
-18
-18
-16
-16
-15
-15
-15
-14
-12
-11
-10
-10
-9
-8
-6
-6
-6
-5
-7
-6
-6
-4
-5
-4
-2
-3
-3
-2
-2
-2
-2
-4
-2
-3
-2
-1
0
0
1
3
3
4
2
2
3
4
4
3
3
4
2
1
2
2
0
2
1
1
3
2
2
3
4
4
3
4
5
4
4
5
3
5
6
5
6
6
4
5
2
2
5
5
6
7
5
7
7
7
8
8
8
10
10
13
12
11
14
14
15
15
16
14
16
16
14
14
16
16
16
18
17
16
18
18
18
17
17
15
13
14
12
11
11
11
11
10
9
10
8
9
9
6
5
3
2
0
0
-2
-4
-3
-5
-6
-6
-8
-11
-12
-16
-14
-14
-15
-17
-18
-17
-21
-19
-23
-23
-23
-26
-26
-26
-26
-24
-25
-26
-25
-24
-24
-23
-23
-22
-23
-21
-20
-21
-20
-18
-18
-14
-12
-12
-11
-10
-10
-9
-8
-7
-5
-5
-4
-2
-4
-4
-3
-2
-3
-2
0
0
0
1
1
4
5
5
6
6
7
7
7
8
8
8
8
9
9
9
9
10
11
10
10
8
7
8
6
5
7
4
5
4
4
3
4
5
5
6
7
7
6
9
10
9
10
10
11
11
9
11
10
9
9
11
10
10
10
10
10
11
10
9
9
10
10
10
11
11
11
11
10
13
13
15
15
15
15
14
15
13
12
11
10
10
9
9
8
8
7
5
6
6
5
3
3
4
4
2
2
0
-1
-2
-3
-4
-5
-5
-7
-8
-9
-12
-11
-12
-13
-13
-15
-18
-17
-18
-18
-18
-19
-18
-19
-22
-20
-21
-21
-22
-23
-21
-22
-21
-20
-21
-21
-21
-21
-21
-20
-21
-19
-18
-17
-16
-17
-17
-17
-15
-15
-17
-15
-12
-12
-11
-8
-9
-7
-8
-9
-5
-4
-4
-1
0
2
2
2
3
5
7
6
6
7
8
7
8
9
9
9
8
10
8
10
13
15
16
18
18
18
19
20
21
22
22
22
22
19
17
17
17
16
17
17
16
16
16
18
18
16
16
14
12
13
10
10
10
9
10
10
9
11
14
13
11
11
10
6
2
-2
-1
-2
-5
-4
1
1
-1
3
6
6
5
4
7
6
2
3
2
2
0
0
5
5
5
5
5
4
-1
3
3
-4
-6
-6
-7
-12
-14
-13
-18
-22
-24
-25
-26
-29
-24
-22
-16
-10
-11
-8
-10
-20
-23
-31
-34
-35
-39
-31
-33
-27
-30
-37
-28
-41
-42
-41
-51
-53
-67
-66
-65
-72
-75
-83
-86
-91
-97
-89
-86
-89
-90
-97
-91
-88
-89
-87
-90
-87
-88
-90
-79
-78
-76
-76
-73
-58
-58
-48
-36
-26
-8
-6
6
7
6
9
10
12
19
21
27
35
47
55
57
68
70
85
86
83
96
99
97
98
101
104
99
105
112
110
119
104
100
95
94
99
95
105
116
116
128
135
138
144
128
137
132
131
132
122
125
117
113
113
112
110
102
88
76
56
42
39
34
32
32
39
49
48
56
55
47
48
27
22
14
1
-6
-18
-19
-25
-30
-21
-32
-34
-31
-31
-6
-4
-1
6
5
2
2
8
11
20
24
32
31
25
26
26
22
18
17
2
-1
-9
-16
-19
-32
-39
-59
-68
-81
-95
-97
-106
-106
-101
-106
-96
-104
-106
-119
-138
-138
-150
-158
-159
-171
-176
-180
-195
-202
-208
-210
-204
-202
-193
-173
-159
-157
-162
-162
-149
-141
-151
-159
-159
-157
-156
-152
-133
-117
-105
-91
-80
-56
-43
-38
-27
-11
-16
-18
4
3
-12
-23
-27
-16
-20
-11
4
23
51
65
86
102
113
119
105
87
69
60
52
52
65
84
105
120
128
137
159
165
162
159
156
170
168
169
172
186
233
303
428
488
439
390
311
194
12
-142
-117
-67
-12
77
119
192
186
113
27
-73
-101
-263
-338
-238
-69
296
599
935
1224
1342
1371
1075
651
156
-478
-1101
-1674
-2059
-2196
-2146
-1862
-1383
-810
-189
276
665
933
989
899
687
523
383
300
323
459
702
1006
1354
1617
1700
1577
1260
784
233
-329
-734
-1012
-1187
-1121
-903
-527
-141
155
391
469
458
263
-53
-380
-728
-994
-1223
-1342
-1292
-1177
-1010
-859
-774
-705
-744
-871
-1007
-1117
-1129
-1095
-960
-694
-361
-9
206
298
317
174
-70
-364
-712
-1102
-1438
-1499
-1129
-96
1544
3043
4343
5606
6429
6470
5550
4420
3108
914
-1292
-3021
-4266
-4940
-5245
-4800
-3833
-2680
-1629
-770
-67
102
-7
-314
-660
-993
-1199
-884
-383
133
854
1700
2199
2219
1874
1213
188
-1161
-2314
-2993
-3313
-3280
-2795
-1853
-719
264
1182
1992
2313
2154
1722
1125
520
232
554
1450
2683
4119
5534
6647
7106
6786
5820
4244
2141
-302
-2530
-4323
-5616
-6168
-5985
-5064
-3692
-2200
-793
313
938
1036
689
78
-587
-1172
-1404
-1262
-859
-171
700
1483
1886
1884
1453
536
-728
-2089
-3167
-3842
-4142
-3918
-3178
-2040
-794
335
1373
2078
2317
2100
1514
740
-119
-793
-933
-394
749
2281
3907
5418
6454
6756
6325
5170
3377
1128
-1199
-3279
-4901
-5836
-6034
-5484
-4381
-3034
-1610
-456
227
399
53
-600
-1421
-2204
-2622
-2542
-1925
-881
378
1700
2769
3367
3292
2565
1414
-202
-1873
-3193
-4078
-4371
-4178
-3398
-2164
-905
331
1305
1991
2189
1857
1273
500
-205
-745
-680
140
1518
3280
5096
6759
7855
8157
7596
6238
4148
1639
-934
-3310
-5084
-6164
-6424
-5913
-4897
-3541
-2106
-883
-177
-33
-244
-708
-1404
-2088
-2340
-2023
-1223
-77
1274
2646
3704
4145
3879
2942
1506
-287
-2197
-3834
-4912
-5290
-5040
-4175
-2807
-1140
517
1767
2634
2995
2784
2121
1157
199
-565
-715
-12
1371
3120
5017
6765
7920
8193
7585
6212
4057
1391
-1380
-3722
-5427
-6415
-6521
-5877
-4558
-2981
-1521
-354
283
340
-135
-915
-1769
-2475
-2804
-2582
-1799
-630
742
2127
3221
3720
3543
2711
1325
-490
-2360
-3877
-4931
-5419
-5280
-4505
-3273
-1829
-418
786
1630
1975
1899
1450
793
102
-328
-180
577
1913
3665
5528
7107
8159
8521
8019
6640
4532
2034
-645
-3195
-5226
-6515
-6994
-6763
-5854
-4450
-2923
-1647
-740
-181
-94
-477
-1108
-1644
-1960
-1974
-1528
-574
671
1838
2789
3401
3446
2740
1434
-122
-1815
-3471
-4712
-5288
-5250
-4674
-3570
-2032
-426
969
2047
2696
2859
2489
1805
1063
507
373
889
2109
3721
5428
7027
8245
8720
8305
7034
5093
2589
-222
-2818
-4927
-6328
-7008
-6888
-5969
-4660
-3262
-1992
-1016
-533
-547
-898
-1483
-2052
-2365
-2271
-1719
-750
482
1734
2779
3399
3414
2777
1630
98
-1612
-3160
-4340
-5036
-5158
-4682
-3690
-2363
-917
441
1492
2163
2417
2243
1721
1136
890
1119
1848
3068
4725
6459
7823
8664
8883
8252
6673
4414
1763
-1032
-3695
-5788
-7098
-7663
-7445
-6497
-5054
-3583
-2316
-1292
-640
-553
-937
-1413
-1755
-1914
-1779
-1087
36
1240
2330
3227
3757
3605
2773
1476
-104
-1845
-3488
-4705
-5340
-5414
-4936
-3874
-2445
-936
427
1559
2311
2471
2213
1747
1311
1076
1262
2089
3420
5004
6541
7806
8571
8551
7614
5919
3621
915
-1841
-4338
-6247
-7438
-7803
-7345
-6301
-4887
-3430
-2117
-1199
-805
-833
-1209
-1723
-2176
-2281
-1872
-1089
-32
1258
2548
3478
3816
3605
2864
1503
-224
-1917
-3360
-4460
-5102
-5026
-4305
-3187
-1822
-341
1038
1976
2427
2460
2087
1438
906
903
1432
2445
3952
5754
7438
8642
9186
8939
7773
5752
3155
300
-2510
-4993
-6805
-7728
-7819
-7211
-6029
-4553
-3179
-2116
-1437
-1210
-1409
-1859
-2274
-2414
-2119
-1365
-232
1155
2616
3826
4495
4519
3893
2638
878
-1060
-2862
-4305
-5284
-5658
-5289
-4335
-3021
-1591
-185
1012
1766
2055
1903
1509
1193
1247
1760
2764
4275
6050
7691
8914
9586
9464
8370
6421
3850
941
-1960
-4530
-6503
-7663
-7952
-7484
-6443
-5126
-3815
-2697
-1949
-1672
-1805
-2098
-2396
-2548
-2328
-1568
-388
972
2381
3613
4443
4613
4041
2863
1268
-569
-2411
-3968
-5026
-5474
-5302
-4535
-3358
-1965
-538
665
1453
1785
1760
1466
1154
1123
1531
2436
3762
5371
6964
8242
9020
9087
8250
6581
4234
1487
-1350
-4031
-6152
-7513
-8060
-7887
-7091
-5849
-4568
-3452
-2629
-2130
-2048
-2241
-2436
-2487
-2230
-1603
-577
764
2204
3458
4334
4678
4371
3413
1938
237
-1518
-3100
-4282
-4886
-4866
-4305
-3290
-2000
-610
582
1401
1838
1894
1660
1362
1347
1709
2453
3639
5176
6742
8043
8978
9299
8736
7296
5196
2646
-155
-2932
-5271
-6855
-7668
-7802
-7306
-6253
-5000
-3900
-3015
-2385
-2106
-2135
-2288
-2349
-2165
-1638
-777
374
1712
3007
4018
4518
4441
3778
2600
1062
-639
-2221
-3495
-4348
-4677
-4417
-3643
-2567
-1338
-164
754
1326
1539
1529
1469
1581
1947
2651
3727
5033
6375
7558
8419
8668
8149
6892
4973
2526
-153
-2779
-5088
-6772
-7742
-8005
-7663
-6850
-5773
-4700
-3764
-3107
-2715
-2537
-2493
-2442
-2231
-1704
-897
186
1473
2746
3788
4412
4505
4038
3073
1709
151
-1391
-2755
-3757
-4259
-4220
-3742
-2911
-1819
-726
144
755
1148
1336
1471
1729
2206
2927
3864
5007
6193
7214
7908
8126
7753
6717
5028
2852
451
-2013
-4288
-6055
-7215
-7786
-7840
-7402
-6609
-5745
-4930
-4212
-3633
-3208
-2873
-2522
-2026
-1329
-468
623
1871
3078
4041
4650
4842
4535
3725
2559
1167
-316
-1675
-2769
-3466
-3702
-3489
-2914
-2094
-1198
-373
309
808
1221
1670
2199
2824
3608
4571
5624
6589
7427
8054
8178
7697
6651
5094
3077
752
-1597
-3711
-5459
-6760
-7524
-7745
-7535
-7062
-6433
-5707
-5031
-4457
-3891
-3345
-2850
-2259
-1423
-414
677
1863
3111
4169
4778
4986
4846
4270
3199
1824
438
-879
-2099
-3043
-3499
-3528
-3277
-2778
-2089
-1365
-726
-112
578
1282
1977
2777
3707
4657
5539
6385
7139
7554
7495
7052
6179
4792
2972
956
-1050
-3013
-4794
-6192
-7125
-7695
-7952
-7872
-7514
-7034
-6526
-5906
-5174
-4399
-3583
-2603
-1459
-247
991
2249
3451
4362
4935
5203
5065
4503
3610
2522
1318
58
-1063
-1919
-2523
-2863
-2935
-2776
-2476
-2096
-1573
-906
-163
635
1546
2556
3549
4538
5480
6301
6916
7195
7149
6709
5842
4625
3115
1408
-393
-2149
-3732
-5083
-6205
-7030
-7535
-7824
-7936
-7837
-7531
-7072
-6460
-5634
-4562
-3350
-2036
-569
923
2335
3579
4613
5418
5850
5868
5580
5003
4143
3102
2012
979
17
-850
-1519
-1964
-2284
-2445
-2355
-2023
-1478
-800
37
1049
2099
3097
4054
4950
5684
6170
6394
6409
6135
5527
4678
3606
2359
981
-488
-1943
-3330
-4638
-5777
-6720
-7526
-8129
-8456
-8520
-8346
-7904
-7121
-6011
-4695
-3222
-1601
60
1626
3026
4241
5244
5898
6154
6102
5756
5124
4260
3274
2279
1290
307
-602
-1372
-2040
-2555
-2815
-2808
-2570
-2132
-1475
-642
219
1094
2026
2922
3639
4181
4586
4804
4765
4474
4028
3432
2644
1683
614
-503
-1690
-2937
-4138
-5235
-6265
-7142
-7783
-8181
-8304
-8079
-7468
-6513
-5288
-3843
-2185
-496
1065
2476
3738
4774
5437
5803
5953
5820
5378
4737
4033
3287
2473
1599
751
-44
-827
-1523
-1986
-2212
-2271
-2147
-1811
-1271
-629
52
798
1549
2207
2740
3179
3478
3577
3516
3324
2995
2564
2021
1369
635
-189
-1080
-2039
-3030
-4003
-4896
-5652
-6257
-6616
-6675
-6421
-5832
-4944
-3820
-2540
-1187
131
1334
2437
3366
4039
4470
4669
4689
4556
4234
3766
3240
2695
2111
1464
824
234
-331
-921
-1463
-1831
-2006
-2044
-1936
-1596
-1078
-487
93
685
1296
1812
2200
2476
2656
2698
2606
2475
2258
1936
1527
1059
526
-143
-892
-1644
-2405
-3190
-3882
-4350
-4653
-4790
-4683
-4293
-3661
-2874
-1954
-902
120
1003
1765
2334
2780
3020
3092
3058
2920
2708
2400
2043
1643
1199
694
185
-350
-898
-1429
-1870
-2208
-2450
-2559
-2502
-2274
-1943
-1541
-1021
-439
112
627
1120
1607
1972
2212
2342
2398
2330
2122
1833
1452
1013
475
-75
-621
-1159
-1626
-2029
-2329
-2553
-2653
-2614
-2444
-2142
-1726
-1180
-570
56
661
1205
1664
2000
2181
2265
2261
2126
1894
1555
1199
785
312
-133
-571
-968
-1338
-1626
-1839
-1997
-2076
-2095
-2050
-1984
-1854
-1599
-1296
-935
-511
-17
525
1030
1497
1900
2231
2431
2486
2387
2148
1815
1393
902
354
-169
-620
-1001
-1291
-1445
-1441
-1323
-1119
-852
-505
-93
277
619
945
1236
1471
1671
1783
1852
1885
1832
1699
1488
1227
903
523
84
-343
-747
-1135
-1509
-1834
-2052
-2217
-2329
-2380
-2350
-2198
-1997
-1741
-1422
-1032
-606
-182
258
685
1066
1376
1619
1767
1787
1709
1564
1306
957
583
199
-186
-573
-884
-1096
-1184
-1158
-1047
-794
-448
-53
358
785
1178
1498
1761
1949
2041
2037
1970
1854
1705
1505
1263
1017
739
396
18
-351
-750
-1190
-1626
-2008
-2345
-2665
-2871
-2971
-2970
-2874
-2695
-2384
-2009
-1610
-1192
-744
-277
135
474
781
1006
1123
1125
1057
922
675
375
37
-303
-634
-936
-1157
-1290
-1312
-1242
-1041
-722
-349
89
569
1054
1508
1897
2232
2479
2637
2688
2675
2623
2467
2270
2045
1761
1436
1036
634
229
-234
-688
-1145
-1522
-1845
-2119
-2270
-2320
-2234
-2095
-1859
-1538
-1200
-827
-476
-115
193
423
625
749
831
795
702
599
398
149
-122
-387
-659
-935
-1157
-1307
-1390
-1378
-1292
-1082
-787
-432
-14
410
851
1245
1544
1807
1975
2052
2071
2028
1972
1872
1771
1650
1499
1300
1044
756
413
35
-372
-788
-1128
-1436
-1651
-1747
-1763
-1653
-1482
-1232
-931
-618
-327
-51
203
397
525
626
701
708
648
574
498
351
176
-28
-243
-454
-717
-931
-1092
-1196
-1227
-1202
-1077
-869
-587
-286
43
367
650
894
1042
1134
1180
1171
1127
1081
1025
937
853
732
565
381
153
-131
-427
-746
-1050
-1313
-1554
-1695
-1761
-1731
-1620
-1439
-1185
-904
-604
-323
-42
194
369
509
589
625
604
554
494
383
265
164
22
-136
-258
-398
-512
-585
-661
-659
-627
-522
-361
-178
69
337
603
822
985
1086
1143
1119
1063
986
860
735
617
501
368
252
136
-2
-171
-369
-550
-743
-917
-1043
-1120
-1123
-1048
-908
-716
-461
-187
94
372
586
751
858
918
917
835
755
666
566
480
382
316
265
194
112
61
-13
-101
-156
-207
-201
-167
-73
81
244
422
597
711
781
795
761
679
550
400
257
127
4
-90
-183
-239
-317
-416
-527
-650
-782
-912
-1011
-1096
-1115
-1097
-1038
-917
-757
-565
-358
-155
31
185
290
365
402
392
370
344
308
268
254
256
268
267
257
250
209
162
102
52
29
23
55
121
198
327
465
538
596
630
594
514
382
233
95
-75
-224
-355
-448
-507
-578
-636
-682
-722
-787
-876
-938
-1003
-1055
-1075
-1069
-1011
-915
-778
-611
-454
-289
-131
-6
79
115
135
132
99
67
55
74
103
133
165
203
226
219
194
162
142
124
137
203
295
421
592
777
921
1024
1105
1133
1069
954
819
677
507
322
184
86
0
-77
-129
-163
-210
-266
-319
-380
-447
-507
-554
-573
-556
-507
-438
-311
-171
-33
109
204
293
335
336
301
238
180
103
50
-7
-24
-27
-47
-45
-49
-58
-92
-107
-115
-116
-81
-7
108
233
374
521
651
729
751
738
673
569
421
269
134
14
-84
-159
-211
-243
-259
-290
-318
-361
-416
-455
-511
-564
-599
-595
-566
-524
-432
-332
-188
-56
36
137
197
242
253
211
161
98
36
-16
-76
-109
-118
-119
-135
-156
-154
-167
-181
-190
-168
-126
-85
3
110
207
319
412
467
475
442
385
296
175
45
-47
-134
-234
-307
-339
-357
-395
-439
-453
-455
-488
-526
-561
-574
-581
-610
-591
-546
-474
-392
-307
-179
-64
18
90
141
164
151
133
99
64
31
7
12
12
10
28
57
68
64
56
86
113
127
178
260
342
417
485
548
579
573
560
517
453
390
340
299
254
230
229
231
217
218
225
213
187
150
109
72
33
-11
-40
-56
-52
-31
-7
31
74
124
166
192
219
234
222
194
173
142
100
64
37
15
-15
-42
-54
-72
-101
-124
-146
-156
-162
-178
-165
-155
-159
-159
-171
-190
-214
-244
-270
-302
-324
-335
-327
-311
-278
-230
-195
-136
-92
-59
-35
-28
-17
-22
-38
-60
-74
-82
-82
-79
-60
-23
16
52
95
136
170
197
209
225
218
197
183
170
159
138
136
149
154
149
136
137
123
89
50
14
-24
-88
-150
-208
-276
-341
-404
-459
-497
-533
-552
-547
-533
-504
-459
-396
-332
-273
-213
-152
-104
-67
-44
-20
-2
-6
-9
-16
-18
-12
-16
-14
0
17
30
45
70
92
119
142
154
172
192
214
240
270
309
363
420
462
508
541
554
542
503
457
388
302
210
111
15
-83
-175
-255
-318
-366
-397
-399
-388
-351
-294
-238
-166
-79
7
83
151
222
276
310
325
338
344
324
298
276
259
226
187
158
131
103
67
41
26
9
-1
-7
-1
14
32
61
108
161
224
283
339
388
405
413
398
352
283
190
87
-28
-166
-308
-433
-549
-652
-726
-772
-792
-784
-749
-685
-610
-528
-428
-328
-236
-157
-78
-7
47
83
118
148
154
160
159
151
134
111
80
49
16
-21
-59
-86
-98
-109
-114
-105
-85
-49
-7
41
108
180
253
318
369
411
436
435
406
365
300
221
128
14
-94
-200
-304
-393
-465
-511
-536
-545
-536
-504
-453
-403
-336
-277
-217
-158
-110
-59
-18
14
46
70
84
90
88
78
63
44
11
-23
-56
-89
-125
-160
-179
-194
-198
-190
-166
-128
-73
-11
63
147
232
320
395
463
512
537
547
532
496
443
380
311
231
154
82
16
-38
-83
-109
-118
-114
-100
-72
-32
16
66
115
163
216
262
294
320
338
348
351
343
321
297
260
220
172
121
76
19
-36
-91
-135
-178
-209
-228
-233
-227
-204
-169
-130
-75
-18
43
96
138
165
175
174
150
107
65
11
-54
-117
-173
-223
-268
-305
-326
-329
-338
-336
-325
-308
-285
-261
-233
-203
-169
-136
-105
-73
-44
-18
-3
5
8
1
-10
-21
-41
-64
-88
-104
-125
-156
-179
-199
-219
-234
-252
-251
-242
-228
-204
-166
-115
-61
-2
51
108
154
185
202
211
207
200
182
161
142
122
103
76
58
38
17
0
-17
-35
-38
-36
-40
-31
-13
3
20
42
66
83
99
104
108
103
95
81
65
46
26
6
-21
-40
-69
-104
-133
-166
-198
-235
-251
-254
-254
-240
-209
-167
-121
-64
-7
49
100
142
179
206
219
228
232
224
218
207
208
206
197
188
182
181
174
171
176
189
198
212
236
257
284
309
325
342
355
357
348
333
317
294
267
240
210
175
143
109
70
25
-21
-70
-124
-179
-229
-254
-275
-291
-287
-267
-239
-218
-194
-164
-134
-122
-112
-102
-101
-101
-111
-118
-126
-140
-151
-164
-185
-199
-215
-238
-259
-275
-277
-266
-259
-252
-232
-203
-183
-163
-136
-109
-92
-90
-82
-79
-80
-79
-75
-60
-58
-53
-50
-43
-45
-60
-75
-94
-118
-147
-164
-174
-177
-162
-139
-102
-59
-19
24
70
96
123
157
173
180
191
197
197
188
183
177
150
130
108
82
48
23
5
-19
-25
-23
-10
12
34
54
82
103
116
134
149
155
150
148
139
122
127
128
118
103
84
49
12
-27
-69
-109
-149
-191
-219
-223
-214
-195
-145
-94
-55
-5
42
91
120
153
177
189
194
198
203
200
201
194
173
150
135
107
69
36
19
-1
-8
1
19
40
67
95
126
160
180
197
209
225
225
223
225
214
204
206
199
180
159
125
71
1
-48
-108
-167
-211
-248
-279
-292
-288
-259
-206
-168
-133
-91
-58
-40
-16
11
32
34
25
15
-9
-28
-34
-56
-84
-131
-194
-251
-299
-330
-352
-356
-350
-355
-349
-313
-259
-239
-198
-155
-136
-94
-56
-31
-22
5
30
29
39
77
70
42
35
3
-47
-113
-167
-216
-288
-312
-321
-341
-317
-261
-221
-165
-91
-23
22
59
144
184
212
270
288
281
300
318
295
279
249
198
129
69
30
-32
-92
-126
-131
-137
-121
-56
-11
8
35
83
125
146
172
214
242
263
274
299
324
334
350
329
301
249
189
103
10
-43
-97
-172
-219
-211
-208
-176
-120
-59
-10
54
98
133
206
238
234
259
314
355
383
401
389
340
269
218
140
50
0
-87
-175
-234
-245
-255
-266
-232
-195
-164
-87
-27
-20
16
62
88
102
161
199
236
258
271
300
268
236
175
82
-23
-101
-179
-227
-298
-357
-382
-383
-347
-362
-342
-269
-191
-195
-151
-83
-37
-90
157
419
41
-145
-13
118
77
35
179
100
-320
-465
-468
-449
-285
-358
-532
-546
-562
-680
-501
-332
-350
-351
-263
-260
-243
-97
130
156
-24
89
186
96
-1
87
147
-69
-223
-135
22
41
-28
-186
-315
-437
-487
-323
-114
99
144
33
-54
-32
155
443
579
684
722
628
676
750
676
589
542
439
375
284
230
172
35
-4
41
123
89
-148
-221
-146
-168
-76
111
250
162
13
37
102
121
211
283
271
307
262
65
-175
-262
-261
-225
-211
-177
-188
-234
-277
-271
-223
-172
-112
-107
-119
-92
-1
94
171
258
371
444
426
441
528
503
442
340
218
62
-143
-232
-165
-215
-336
-365
-339
-320
-379
-314
-187
-195
-286
-285
-210
-166
-93
69
181
204
241
247
237
252
259
246
204
141
51
3
-38
-71
-120
-159
-132
-106
-107
-91
-81
-136
-173
-175
-123
-84
-76
-44
32
118
166
164
154
102
-11
-91
-150
-188
-280
-404
-431
-431
-444
-408
-338
-326
-338
-297
-168
-104
-105
-40
-15
-17
-37
-12
117
153
147
151
111
49
-48
-128
-185
-250
-329
-414
-456
-432
-409
-374
-314
-299
-302
-284
-296
-259
-139
-83
-102
-72
-12
32
75
135
182
208
212
209
203
191
188
163
110
97
176
294
405
548
748
978
1194
1293
1329
1367
1370
1298
1230
1186
1123
996
869
760
564
329
101
-141
-408
-658
-856
-1021
-1163
-1271
-1382
-1457
-1489
-1475
-1423
-1332
-1194
-1053
-915
-787
-686
-581
-485
-444
-432
-392
-209
121
392
527
630
698
629
506
448
514
976
1809
2409
2526
2540
2590
2448
2050
1760
1719
1708
1586
1397
1212
928
429
-188
-712
-1176
-1654
-1980
-2055
-2137
-2363
-2554
-2644
-2750
-2936
-3072
-2903
-2420
-1898
-1403
-901
-455
-165
-14
60
106
287
584
832
954
963
914
807
550
164
-190
-469
-675
-771
-711
-611
-618
-685
-713
-803
-862
-391
760
1883
2471
2847
3185
3274
3012
2682
2546
2511
2323
2036
1777
1383
702
-146
-882
-1561
-2340
-2904
-3031
-3116
-3380
-3552
-3511
-3440
-3424
-3343
-2942
-2199
-1442
-718
82
787
1244
1607
1867
1952
2058
2328
2536
2449
2176
1880
1536
1024
437
-54
-476
-946
-1427
-1811
-1867
-1656
-1523
-1485
-1381
-1239
-1114
-566
742
2324
3465
4130
4659
4847
4484
4050
3895
3780
3457
2936
2344
1598
527
-746
-1834
-2659
-3441
-4026
-4224
-4250
-4364
-4458
-4328
-4033
-3738
-3313
-2537
-1570
-656
218
1081
1849
2375
2641
2867
3027
2904
2710
2705
2523
1871
1097
504
-117
-880
-1510
-1823
-2092
-2588
-3025
-3082
-2814
-2440
-2143
-1798
-1293
-959
-789
-6
1659
3328
4294
4896
5417
5348
4614
4005
3755
3292
2446
1597
799
-257
-1578
-2830
-3628
-4142
-4631
-4854
-4641
-4341
-4291
-4163
-3666
-3064
-2540
-1834
-864
95
894
1621
2263
2640
2762
2766
2728
2631
2280
1753
1353
876
47
-876
-1426
-1683
-2014
-2259
-2218
-2169
-2350
-2527
-2402
-1912
-1235
-636
-138
317
535
536
892
2097
3681
4801
5343
5554
5215
4170
3201
2722
2249
1571
935
281
-698
-1929
-2918
-3454
-3712
-3774
-3536
-3041
-2672
-2624
-2521
-2120
-1625
-1114
-388
474
1120
1531
1874
2054
2017
1880
1756
1632
1405
1129
713
154
-418
-986
-1448
-1684
-1665
-1454
-1230
-1050
-1056
-1201
-1328
-1345
-923
19
810
1049
1108
1111
776
222
408
1892
3621
4426
4496
4367
3772
2485
1387
1103
1130
919
585
156
-789
-2041
-2815
-3037
-3046
-2870
-2326
-1632
-1434
-1754
-1953
-1765
-1462
-1091
-481
270
704
730
660
509
256
178
372
479
231
16
22
-218
-863
-1414
-1372
-1067
-924
-671
-277
-170
-503
-892
-1081
-1116
-698
194
798
625
132
-114
-373
-875
-841
508
2421
3420
3462
3353
2993
1976
1134
1316
1816
1775
1439
1018
38
-1426
-2371
-2436
-2197
-2000
-1652
-1155
-1167
-1864
-2485
-2486
-2095
-1580
-885
-211
99
15
-243
-387
-351
-125
396
984
1094
662
215
170
234
-89
-444
-190
316
384
132
11
-25
-310
-763
-982
-694
103
801
641
-164
-711
-777
-857
-989
-353
1447
3155
3669
3644
3754
3462
2691
2415
2908
3259
2835
2059
1179
-99
-1504
-2072
-1706
-1383
-1548
-1661
-1643
-2252
-3262
-3520
-2864
-2117
-1514
-843
-383
-428
-742
-781
-353
214
866
1621
1955
1540
753
225
167
434
712
735
637
417
-104
-758
-1163
-1098
-850
-840
-1075
-1142
-794
-508
-699
-1080
-1083
-694
-481
-562
-224
1106
2957
4002
3990
4037
4164
3464
2620
2708
2933
2451
1651
752
-502
-1903
-2696
-2747
-2737
-2859
-2891
-2907
-3277
-3858
-3975
-3302
-2360
-1701
-1086
-448
-302
-418
-207
269
777
1303
1862
1940
1272
436
-4
-51
76
389
611
164
-676
-1332
-1633
-1671
-1468
-923
-419
-558
-1091
-955
-310
-145
-265
-29
340
278
-13
126
920
2355
3697
4201
4175
4083
3508
2373
1969
2326
2227
1494
516
-627
-1845
-2827
-3219
-2999
-2484
-2181
-2133
-2207
-2478
-2631
-2308
-1531
-700
31
634
878
859
833
890
1082
1353
1590
1758
1599
897
145
-157
-281
-265
3
42
-443
-1023
-1211
-1053
-823
-486
55
378
-82
-755
-558
224
535
386
575
849
361
-522
-720
17
1485
3216
4133
3812
2862
1962
1296
1086
1504
1979
1893
948
-644
-2146
-2906
-2801
-2213
-1497
-1039
-1164
-1740
-2516
-2968
-2658
-1580
-188
659
672
213
-317
-743
-811
-238
717
1407
1456
892
-55
-1047
-1435
-969
-154
516
761
476
-331
-1131
-1309
-770
63
744
1028
560
-594
-1315
-855
-142
-100
-301
-244
-487
-1335
-1832
-1388
-114
1635
2882
3064
2825
2421
1690
1205
1553
2172
2410
2008
752
-760
-1762
-2035
-1878
-1431
-864
-735
-1260
-2020
-2667
-2786
-2087
-1092
-347
-24
-120
-490
-746
-693
-208
610
1242
1409
1138
610
-2
-366
-316
286
1004
1166
977
643
-85
-766
-698
-86
395
496
296
-425
-1408
-1754
-1084
-390
-314
-274
-298
-829
-1433
-1391
-674
587
2161
3206
3360
3120
2770
2221
1965
2638
3291
3022
2114
890
-446
-1540
-1899
-1586
-1021
-740
-1122
-1739
-2222
-2588
-2409
-1640
-729
-132
-35
-152
-431
-647
-406
312
1048
1450
1560
1300
685
-4
-433
-324
201
731
903
596
-180
-958
-1188
-980
-526
16
358
170
-755
-1773
-1932
-1182
-402
-226
-350
-562
-974
-1448
-1626
-1122
116
1787
3088
3314
2898
2448
2081
1881
2254
2977
3202
2455
977
-633
-1599
-1739
-1315
-784
-472
-592
-1403
-2383
-2961
-2789
-2022
-1119
-490
-354
-662
-1082
-1335
-1068
-330
508
1065
1073
694
110
-475
-795
-565
71
657
768
413
-167
-851
-1313
-1181
-551
17
71
-275
-978
-1907
-2313
-1715
-639
-51
-229
-776
-1341
-1759
-1695
-1029
-36
1324
2870
3645
3404
3105
3087
2877
2941
3577
3819
3354
2311
890
-452
-1114
-950
-597
-391
-540
-1174
-2025
-2737
-2938
-2504
-1603
-727
-499
-718
-946
-956
-657
-106
733
1507
1692
1381
915
420
132
319
609
711
840
947
553
-316
-1009
-1104
-809
-618
-565
-486
-689
-1357
-2109
-2396
-1763
-559
73
-285
-864
-947
-895
-851
-244
940
2319
3400
3855
3737
3280
3077
3112
3011
3288
3577
3110
1687
48
-1006
-1526
-1513
-1248
-1167
-1352
-1918
-2668
-3253
-3289
-2491
-1518
-833
-510
-552
-745
-839
-678
-166
631
1262
1355
974
445
-3
-303
-398
-347
-247
96
152
-718
-1792
-2176
-1904
-1745
-1584
-999
-684
-952
-1455
-1866
-1851
-1148
12
695
442
-65
-294
-329
-138
494
1146
1856
3001
3527
3029
2444
2454
2420
2065
2262
2641
2301
1291
-76
-1266
-1715
-1347
-802
-703
-689
-902
-1641
-2359
-2410
-1731
-856
-183
73
-178
-657
-1003
-933
-354
352
838
865
404
-236
-789
-978
-769
-316
114
284
161
-276
-826
-1210
-1205
-711
-100
274
304
106
-229
-721
-987
-613
467
1404
1236
332
-439
-729
-720
-306
512
1217
2007
2645
2442
2000
2077
2421
2584
2801
3172
2905
1982
1020
205
-237
-5
506
576
205
-406
-1237
-1928
-2177
-1896
-1238
-794
-772
-1135
-1695
-1986
-1845
-1289
-507
109
298
-10
-460
-688
-718
-504
-51
376
427
91
-241
-402
-542
-644
-513
-236
-162
-249
-387
-628
-886
-1103
-1200
-958
-288
165
-329
-1203
-1515
-1277
-987
-517
278
962
1733
2417
2434
2248
2376
2644
2726
2851
3155
2898
1993
970
149
-284
-242
33
-53
-523
-1081
-1787
-2362
-2467
-2096
-1571
-1334
-1296
-1516
-1901
-2003
-1671
-1033
-408
-44
19
-245
-508
-490
-322
-78
260
511
428
140
-114
-262
-310
-251
-5
191
166
70
-240
-603
-813
-921
-878
-593
-189
-149
-682
-1241
-1291
-1026
-535
239
906
1260
1924
2723
3030
3031
3279
3577
3441
3356
3449
3014
2017
1098
424
-38
-218
-208
-450
-1061
-1768
-2254
-2458
-2372
-2025
-1632
-1393
-1347
-1478
-1577
-1427
-977
-394
113
411
341
80
-59
3
195
431
580
504
289
30
-264
-250
15
243
381
204
-172
-410
-390
-156
27
56
-209
-729
-903
-561
-280
-346
-384
-295
-273
-282
-41
464
1272
2388
3042
2907
2647
2503
2229
2096
2415
2576
2129
1175
-89
-990
-1324
-1280
-1188
-1332
-1499
-1842
-2410
-2785
-2787
-2236
-1500
-1073
-936
-1053
-1204
-1211
-947
-405
210
608
525
172
-239
-474
-372
-267
-182
-42
-142
-576
-1047
-1051
-534
-69
167
218
9
-218
-226
-34
193
301
160
-263
-544
-391
-104
-26
-34
-56
-244
-454
-283
250
969
1778
2266
2344
2223
2064
1864
1836
2208
2364
1954
1244
401
-295
-643
-644
-558
-668
-833
-1177
-1749
-2106
-1996
-1538
-1090
-794
-640
-775
-976
-926
-671
-200
341
635
526
229
-67
-291
-233
-13
182
219
63
-169
-454
-577
-276
195
467
554
428
144
14
64
234
416
368
19
-465
-626
-337
-122
-77
-37
-96
-202
-249
-88
533
1559
2374
2609
2458
2171
1874
1586
1772
2226
2223
1708
842
-117
-696
-812
-663
-497
-560
-922
-1467
-1979
-2177
-1895
-1344
-827
-573
-630
-748
-904
-934
-538
56
556
631
276
-103
-445
-590
-428
-283
-214
-213
-411
-754
-987
-894
-485
-105
135
240
32
-217
-285
-241
-43
156
34
-367
-645
-558
-364
-245
-92
-41
-385
-715
-666
-408
343
1290
1752
1642
1183
975
996
995
1315
1588
1427
916
96
-494
-574
-417
-225
-293
-630
-970
-1340
-1609
-1410
-940
-549
-264
-293
-532
-617
-624
-376
33
281
434
297
-85
-316
-419
-310
-79
-44
-82
-196
-433
-580
-490
-149
375
703
676
473
276
293
416
524
758
773
362
-77
-266
-127
116
223
201
-123
-629
-791
-654
-195
752
1515
1604
1231
867
700
777
1301
1939
2164
1874
1159
318
-151
-69
311
540
441
139
-343
-964
-1252
-1007
-574
-251
-160
-417
-778
-978
-991
-787
-418
-36
97
-178
-604
-864
-888
-668
-402
-165
-46
-201
-497
-692
-545
-43
511
822
782
520
345
258
215
379
615
513
49
-465
-714
-674
-543
-469
-586
-886
-1220
-1423
-1416
-863
145
817
932
778
572
489
746
1380
1879
2093
1939
1278
605
304
277
473
635
457
-88
-706
-1227
-1509
-1365
-1039
-728
-717
-1023
-1343
-1600
-1651
-1304
-813
-456
-309
-392
-645
-867
-842
-606
-265
53
206
98
-177
-287
-143
185
609
908
897
628
367
182
129
346
527
464
198
-176
-414
-456
-393
-339
-381
-527
-747
-865
-694
-40
752
1134
1192
1167
1136
1172
1447
1936
2253
2332
2082
1520
953
658
702
749
640
447
120
-365
-784
-907
-832
-718
-553
-597
-847
-1047
-1153
-1147
-1040
-727
-365
-321
-422
-497
-626
-662
-475
-215
-56
25
8
-171
-320
-245
-10
217
380
489
424
338
324
381
544
648
636
458
132
-15
16
19
-25
-151
-386
-658
-824
-839
-562
-62
297
334
185
99
102
223
588
936
1121
1136
928
686
537
573
802
924
885
841
617
262
64
-91
-229
-239
-360
-580
-803
-1066
-1180
-1200
-1221
-1109
-1053
-1131
-1110
-1100
-1174
-1138
-1043
-973
-916
-873
-799
-683
-524
-285
-56
114
286
479
599
661
751
770
680
578
501
373
264
157
-16
-203
-397
-619
-803
-948
-998
-900
-801
-647
-429
-375
-373
-254
-133
68
410
695
929
1161
1252
1238
1285
1372
1499
1618
1583
1490
1393
1150
877
689
440
233
208
143
-74
-250
-418
-598
-685
-726
-724
-696
-685
-722
-841
-960
-991
-935
-818
-627
-404
-267
-208
-143
-87
-13
180
448
616
665
657
586
479
415
376
385
426
387
251
31
-190
-331
-400
-418
-414
-371
-266
-144
-149
-221
-187
-56
150
369
489
611
756
777
788
835
909
1076
1178
1110
1064
1023
845
654
489
320
214
107
-32
-165
-270
-353
-506
-707
-825
-881
-915
-989
-1101
-1178
-1290
-1421
-1461
-1437
-1318
-1088
-955
-876
-737
-638
-501
-320
-168
71
305
347
343
316
269
337
384
380
385
275
111
-22
-202
-330
-372
-406
-409
-350
-227
-191
-305
-351
-308
-243
-52
103
226
448
534
520
605
634
709
909
893
834
930
835
673
583
384
315
349
223
132
78
-92
-207
-346
-549
-583
-559
-635
-682
-756
-888
-945
-946
-885
-701
-493
-358
-270
-215
-166
-100
19
167
348
482
519
478
421
396
411
410
404
432
420
357
241
122
92
92
65
89
175
292
411
379
273
307
358
383
505
602
708
828
749
559
526
579
673
766
742
704
707
543
283
221
207
237
337
264
72
-17
-199
-465
-542
-532
-514
-497
-636
-837
-948
-1118
-1215
-1150
-1087
-959
-867
-961
-1044
-1036
-991
-854
-679
-549
-433
-361
-332
-279
-228
-90
106
208
277
317
318
317
263
234
266
235
210
177
115
202
310
168
36
56
55
140
260
283
422
539
414
340
379
492
752
921
885
922
900
631
500
457
364
469
498
254
41
-193
-481
-618
-686
-723
-652
-675
-859
-1009
-1158
-1253
-1169
-1073
-974
-859
-827
-860
-877
-811
-690
-527
-366
-276
-228
-175
-124
-97
-48
71
205
254
275
315
313
267
222
190
169
201
237
253
313
419
495
430
356
404
468
574
731
827
909
953
885
855
932
1012
1134
1179
1082
1014
850
575
460
429
411
454
362
190
50
-110
-249
-291
-295
-244
-221
-336
-458
-545
-632
-664
-695
-706
-667
-669
-718
-810
-885
-834
-765
-750
-684
-588
-481
-370
-282
-221
-139
-27
66
134
229
306
372
411
328
260
253
181
148
195
150
161
180
-34
-152
-99
-108
76
274
250
345
405
274
306
395
463
706
787
654
621
505
333
350
311
278
357
256
81
-60
-245
-360
-396
-449
-480
-535
-655
-781
-895
-990
-1054
-1068
-1073
-1057
-1052
-1068
-1098
-1073
-990
-916
-815
-687
-543
-375
-237
-161
-81
-9
100
235
330
405
474
488
432
357
296
234
188
192
186
213
296
276
190
206
252
334
490
558
630
719
660
609
650
678
827
957
865
818
797
630
527
474
413
460
428
284
197
61
-116
-189
-297
-360
-322
-366
-486
-584
-677
-779
-826
-864
-842
-769
-730
-735
-749
-714
-616
-490
-361
-229
-46
125
223
314
380
442
550
601
611
682
704
668
587
451
343
299
251
238
268
273
330
322
172
121
193
211
318
486
498
530
593
471
443
566
591
691
779
612
517
408
121
75
73
-72
-13
-56
-374
-513
-684
-975
-1004
-1000
-1054
-993
-1056
-1204
-1250
-1362
-1395
-1286
-1224
-1079
-927
-926
-916
-827
-747
-594
-389
-216
-64
14
36
49
71
143
247
300
325
341
338
306
257
229
189
132
131
178
221
276
340
361
314
275
320
371
444
592
657
646
677
637
563
612
659
693
735
679
583
490
325
224
202
149
108
40
-120
-269
-371
-483
-562
-585
-558
-560
-632
-695
-769
-858
-837
-777
-752
-636
-536
-513
-465
-427
-368
-232
-121
-17
123
209
272
331
331
334
391
425
470
507
520
542
485
360
261
187
160
206
242
268
302
259
163
119
134
213
379
497
531
588
574
508
573
653
689
837
873
744
709
581
373
375
360
250
273
169
-55
-152
-325
-516
-519
-566
-628
-614
-734
-854
-866
-954
-968
-873
-828
-731
-652
-654
-617
-558
-501
-385
-278
-184
-58
-4
4
33
21
23
52
47
64
102
97
33
-85
-203
-263
-292
-300
-277
-249
-216
-193
-208
-237
-192
-92
-19
101
247
297
360
450
423
441
574
614
664
726
661
621
597
467
395
370
273
214
131
-37
-161
-269
-418
-518
-566
-606
-649
-714
-773
-821
-857
-844
-813
-764
-640
-558
-516
-450
-399
-317
-197
-104
11
155
247
284
296
282
301
345
368
403
433
410
337
221
108
63
62
92
106
88
81
93
82
94
157
241
348
454
487
527
620
675
716
768
837
901
940
909
844
796
723
633
561
490
428
350
190
21
-99
-226
-320
-362
-425
-471
-504
-606
-695
-729
-754
-721
-668
-636
-575
-534
-538
-494
-455
-388
-259
-179
-112
-37
1
25
50
54
93
130
147
166
133
98
75
-4
-83
-120
-150
-148
-151
-174
-174
-192
-182
-137
-132
-63
58
118
197
248
239
314
381
402
504
567
572
614
552
457
447
382
319
295
202
100
15
-150
-288
-372
-480
-544
-599
-685
-760
-830
-908
-956
-972
-959
-929
-892
-853
-807
-739
-671
-598
-512
-409
-300
-185
-67
33
105
162
203
224
251
293
313
327
339
277
198
144
92
85
105
99
92
96
73
65
123
196
269
366
440
471
531
612
671
787
891
925
976
999
945
925
898
836
822
764
663
593
460
300
199
53
-82
-153
-284
-383
-439
-564
-633
-670
-766
-780
-770
-817
-769
-699
-716
-647
-562
-554
-457
-345
-296
-190
-74
-46
-3
41
27
45
90
100
129
162
120
43
-21
-95
-117
-76
-50
-40
-22
-43
-69
-67
-45
51
167
263
360
401
431
495
531
604
721
778
838
873
798
769
755
675
663
631
521
459
343
160
52
-71
-205
-278
-392
-494
-576
-695
-782
-842
-910
-932
-961
-991
-969
-958
-931
-871
-822
-750
-679
-639
-565
-472
-399
-311
-247
-210
-182
-179
-157
-128
-101
-46
-37
-82
-126
-192
-201
-148
-146
-112
-59
-91
-73
-32
-23
106
240
279
369
448
459
560
663
707
823
899
894
912
900
851
859
850
785
751
709
593
481
375
231
126
48
-68
-149
-203
-319
-419
-487
-592
-648
-658
-687
-668
-629
-639
-611
-571
-557
-499
-448
-399
-307
-224
-159
-108
-97
-89
-79
-75
-24
38
93
132
88
21
-15
-40
-15
63
119
166
188
150
140
182
251
381
520
595
643
674
677
702
778
866
914
971
982
904
881
857
767
761
735
600
548
448
242
170
65
-129
-173
-279
-474
-525
-643
-812
-809
-865
-961
-938
-986
-1047
-1002
-1011
-990
-890
-848
-795
-733
-726
-662
-565
-502
-405
-339
-325
-293
-280
-268
-187
-110
-70
-52
-100
-132
-122
-107
-42
40
104
152
146
112
147
212
301
435
508
563
633
605
582
650
675
731
849
818
773
793
669
564
565
468
405
403
256
117
31
-157
-305
-376
-482
-548
-591
-690
-789
-846
-905
-957
-969
-934
-903
-860
-803
-788
-744
-665
-618
-549
-434
-331
-224
-142
-108
-65
-30
7
75
143
241
328
317
293
273
245
303
378
413
492
532
500
496
500
531
640
720
770
839
851
858
862
849
917
976
979
1008
974
901
888
797
704
702
621
525
475
324
186
104
-51
-167
-235
-348
-437
-516
-629
-709
-780
-847
-895
-931
-931
-937
-947
-925
-919
-909
-851
-821
-780
-691
-642
-581
-519
-490
-444
-389
-339
-267
-199
-128
-89
-94
-77
-66
-32
65
93
101
177
165
156
247
241
261
397
384
387
491
459
477
577
531
545
623
554
554
598
523
529
531
422
393
345
247
208
137
61
19
-85
-177
-248
-363
-427
-482
-571
-592
-624
-693
-716
-750
-783
-774
-790
-787
-739
-716
-674
-618
-586
-532
-475
-447
-405
-335
-270
-182
-92
-39
-10
15
26
48
119
193
267
335
348
338
343
345
389
476
548
612
637
610
598
597
612
679
746
774
781
739
673
641
609
596
612
592
538
481
375
260
186
116
52
22
-46
-153
-238
-343
-438
-477
-521
-556
-559
-599
-642
-662
-695
-696
-650
-620
-575
-519
-505
-464
-403
-357
-267
-166
-100
-30
31
60
127
205
271
355
414
442
469
485
506
553
596
634
644
626
618
593
554
547
548
537
532
491
415
357
301
227
188
163
110
56
-7
-104
-186
-243
-323
-377
-394
-460
-527
-575
-663
-715
-740
-790
-808
-804
-839
-866
-887
-909
-897
-872
-838
-797
-764
-730
-715
-698
-635
-571
-487
-370
-296
-236
-170
-152
-101
13
110
220
346
394
434
473
471
515
616
704
776
815
810
779
763
749
732
785
827
795
771
717
602
556
513
434
440
419
309
260
172
41
8
-52
-138
-133
-189
-293
-332
-413
-489
-489
-519
-541
-530
-564
-601
-623
-645
-634
-601
-568
-530
-508
-502
-492
-475
-429
-359
-274
-181
-122
-83
-51
-30
21
110
208
309
396
441
470
493
518
572
640
732
797
817
825
796
760
770
772
775
812
787
732
693
594
506
476
405
350
319
223
137
67
-57
-144
-204
-282
-331
-382
-461
-515
-574
-642
-681
-716
-734
-734
-756
-766
-776
-793
-765
-751
-740
-682
-647
-637
-591
-559
-529
-442
-370
-323
-258
-209
-192
-134
-47
11
103
191
210
245
304
306
362
464
486
539
588
531
521
553
508
534
594
551
528
499
380
324
310
225
197
193
100
21
-48
-170
-235
-252
-318
-348
-361
-438
-498
-539
-602
-609
-581
-583
-575
-561
-579
-587
-576
-565
-529
-467
-421
-388
-349
-332
-311
-271
-222
-155
-68
-7
34
78
105
144
207
268
340
426
485
529
561
583
620
677
734
791
837
855
856
838
818
806
813
821
805
764
703
625
545
475
402
349
297
214
128
40
-68
-147
-210
-281
-324
-361
-430
-483
-528
-588
-595
-592
-612
-598
-590
-614
-603
-597
-597
-542
-496
-474
-439
-424
-421
-387
-355
-309
-232
-177
-138
-109
-101
-82
-32
19
89
162
206
243
276
299
332
379
427
487
526
543
557
546
533
548
541
530
535
499
442
403
329
261
225
156
89
43
-40
-127
-185
-268
-338
-384
-448
-510
-543
-596
-643
-661
-687
-709
-706
-714
-725
-717
-711
-696
-662
-631
-592
-549
-524
-490
-451
-421
-362
-301
-242
-160
-106
-81
-38
-4
36
121
190
246
321
351
365
416
440
488
577
614
641
678
656
648
668
649
667
695
669
647
610
528
488
458
408
389
349
280
216
135
52
6
-35
-63
-87
-132
-184
-242
-293
-324
-338
-328
-312
-324
-335
-354
-387
-386
-370
-352
-298
-259
-265
-258
-267
-281
-248
-202
-157
-85
-40
-40
-35
-29
-30
19
98
144
218
268
247
269
302
297
367
450
465
521
546
479
481
492
447
489
523
462
455
417
302
270
230
141
146
118
22
-27
-100
-212
-253
-292
-356
-368
-390
-457
-501
-532
-574
-582
-569
-579
-581
-562
-578
-579
-558
-552
-522
-473
-456
-431
-401
-393
-368
-323
-280
-224
-174
-145
-122
-103
-65
-26
20
82
129
160
196
211
235
289
329
367
411
424
434
441
427
433
448
449
455
439
394
367
324
271
250
209
162
131
66
-4
-47
-119
-171
-188
-231
-270
-295
-357
-399
-406
-430
-430
-411
-416
-417
-410
-420
-414
-377
-338
-297
-253
-225
-210
-188
-165
-134
-79
-9
47
89
109
111
127
163
209
268
328
364
384
389
392
405
447
503
538
573
582
559
551
542
539
573
593
580
573
529
468
439
403
367
363
325
267
215
136
61
11
-44
-86
-108
-157
-218
-272
-337
-388
-412
-434
-443
-445
-462
-490
-504
-520
-525
-505
-482
-463
-431
-421
-419
-400
-386
-354
-303
-259
-214
-175
-164
-142
-115
-86
-36
14
51
83
103
110
135
168
198
237
257
263
272
267
261
267
271
275
274
248
214
183
157
144
127
102
68
22
-28
-81
-126
-152
-168
-187
-217
-260
-312
-352
-384
-404
-398
-384
-382
-395
-418
-443
-447
-433
-404
-357
-316
-293
-283
-284
-282
-251
-199
-137
-63
3
35
41
50
69
113
186
255
315
359
371
367
367
386
431
484
526
540
527
504
473
447
438
449
458
451
416
360
302
247
210
188
172
150
110
56
-7
-65
-106
-131
-137
-143
-164
-198
-238
-275
-299
-299
-288
-268
-252
-255
-263
-272
-270
-246
-212
-168
-127
-106
-95
-84
-68
-30
17
75
133
167
182
196
211
245
300
340
384
415
416
415
415
413
436
464
471
465
438
391
348
315
287
265
237
194
136
63
-18
-86
-138
-180
-220
-271
-327
-392
-463
-526
-572
-592
-592
-601
-625
-654
-686
-706
-708
-685
-650
-609
-579
-562
-554
-539
-509
-464
-402
-333
-280
-238
-211
-190
-154
-108
-45
25
86
122
141
157
182
216
258
314
361
392
410
412
417
434
458
476
494
502
496
478
451
426
410
392
372
345
306
262
205
150
100
56
14
-34
-82
-131
-185
-237
-284
-320
-344
-364
-385
-411
-427
-436
-439
-437
-426
-405
-383
-359
-335
-306
-271
-226
-181
-138
-93
-50
-11
37
84
140
196
241
278
310
343
377
414
445
481
510
528
536
539
549
561
572
576
574
563
546
521
498
475
451
428
393
355
313
264
216
169
127
80
32
-23
-80
-134
-182
-229
-274
-316
-359
-398
-438
-479
-510
-531
-541
-552
-564
-570
-575
-581
-578
-563
-538
-502
-471
-442
-419
-397
-364
-322
-273
-215
-157
-108
-71
-45
-17
23
75
128
179
220
248
262
272
286
314
344
370
388
385
367
343
317
301
293
291
277
246
202
148
97
52
21
-8
-34
-72
-120
-170
-228
-278
-309
-332
-341
-352
-382
-416
-448
-478
-488
-482
-467
-450
-439
-438
-438
-431
-419
-386
-344
-296
-252
-223
-197
-170
-130
-83
-22
45
97
139
178
208
243
293
343
398
447
481
508
528
545
569
596
621
643
648
643
630
611
593
575
560
542
512
474
424
368
315
265
222
178
127
76
18
-45
-97
-146
-187
-220
-254
-291
-323
-360
-391
-412
-427
-429
-428
-428
-425
-423
-416
-401
-384
-355
-324
-293
-266
-240
-208
-170
-129
-88
-50
-9
29
65
96
127
159
197
230
258
286
304
319
335
345
359
367
368
366
359
346
333
315
294
271
245
217
180
143
107
65
25
-16
-61
-99
-144
-194
-233
-270
-303
-332
-364
-392
-420
-450
-472
-484
-493
-491
-493
-495
-492
-492
-484
-471
-453
-423
-394
-371
-344
-320
-294
-265
-228
-187
-149
-113
-83
-53
-24
9
42
80
115
138
163
183
204
228
246
264
285
293
300
309
307
308
309
300
297
294
281
272
254
232
215
191
166
146
126
103
77
49
25
5
-12
-30
-50
-62
-77
-90
-102
-109
-115
-114
-116
-114
-108
-105
-93
-85
-74
-56
-39
-24
-8
9
27
51
72
94
115
138
156
174
191
210
228
245
262
273
285
296
300
305
312
314
313
310
300
294
282
264
250
232
210
191
166
140
116
90
60
29
1
-30
-59
-90
-119
-145
-169
-194
-218
-240
-260
-273
-291
-303
-312
-319
-324
-330
-334
-334
-327
-317
-307
-299
-288
-278
-265
-247
-225
-206
-182
-161
-144
-121
-101
-79
-56
-32
-11
9
29
45
57
74
87
99
111
120
128
129
122
122
118
111
104
92
79
66
52
31
13
-7
-28
-50
-74
-97
-116
-139
-163
-181
-201
-221
-234
-250
-264
-271
-278
-287
-291
-291
-290
-282
-274
-266
-253
-234
-218
-198
-176
-153
-124
-95
-69
-38
-8
25
59
86
118
148
179
207
234
260
286
310
332
351
367
382
394
408
414
420
423
421
420
414
407
398
386
374
362
344
327
308
288
264
238
216
190
165
143
116
91
68
41
17
-5
-28
-43
-57
-76
-91
-106
-118
-125
-133
-138
-140
-141
-142
-140
-139
-133
-128
-119
-106
-98
-87
-77
-68
-54
-43
-33
-20
-12
0
8
16
20
26
33
37
39
41
37
35
31
25
22
13
3
-7
-20
-34
-47
-62
-80
-94
-111
-128
-144
-163
-178
-194
-212
-229
-243
-255
-266
-276
-288
-296
-302
-308
-310
-310
-308
-306
-303
-298
-288
-280
-267
-253
-240
-223
-208
-194
-177
-156
-132
-110
-88
-67
-45
-25
-5
18
40
64
87
108
126
144
158
175
191
203
220
232
240
248
248
251
254
253
256
253
247
243
231
218
207
190
179
171
156
141
125
105
90
73
55
45
34
20
9
-7
-18
-27
-36
-40
-45
-49
-46
-51
-50
-48
-45
-36
-27
-18
-5
4
14
25
37
52
68
84
98
114
128
142
156
167
181
195
207
215
223
228
230
234
234
233
235
234
229
220
207
196
184
171
154
140
123
105
84
64
46
25
3
-19
-40
-59
-79
-101
-123
-142
-160
-177
-191
-206
-219
-231
-241
-249
-253
-256
-259
-260
-263
-261
-258
-254
-247
-239
-232
-225
-213
-202
-186
-174
-161
-145
-131
-120
-109
-94
-79
-66
-54
-43
-34
-25
-18
-13
-6
0
5
8
7
9
8
7
7
0
-3
-10
-20
-25
-33
-43
-49
-54
-61
-69
-79
-91
-97
-102
-107
-113
-115
-118
-123
-126
-129
-130
-126
-121
-112
-104
-95
-90
-84
-72
-59
-41
-22
-5
8
25
38
58
78
97
118
135
150
164
177
189
206
220
231
242
251
257
259
262
265
269
273
271
268
264
259
253
243
234
225
215
202
190
174
161
146
129
112
96
82
68
53
36
21
6
-9
-22
-32
-42
-53
-61
-69
-75
-79
-85
-94
-94
-93
-92
-91
-89
-86
-81
-78
-73
-65
-59
-53
-40
-28
-19
-12
-7
-1
10
15
23
32
38
43
46
49
50
55
56
57
56
50
46
41
35
28
22
15
6
-7
-20
-34
-44
-57
-72
-86
-99
-117
-133
-152
-168
-176
-191
-203
-214
-225
-234
-247
-259
-261
-264
-266
-268
-270
-269
-265
-262
-256
-245
-233
-221
-208
-198
-187
-168
-154
-139
-117
-98
-79
-62
-45
-27
-7
12
31
52
70
87
100
113
123
133
145
155
163
170
173
177
179
177
178
178
177
171
162
154
148
140
131
122
114
104
92
79
68
58
51
41
32
27
20
9
3
0
-6
-11
-14
-13
-7
-6
-4
-1
-1
1
6
17
31
41
50
54
55
63
73
88
104
115
124
130
134
141
145
155
167
173
177
177
169
163
161
162
165
161
156
142
127
112
98
87
78
68
52
33
9
-12
-33
-47
-61
-76
-90
-106
-128
-144
-161
-176
-184
-193
-202
-210
-221
-230
-232
-238
-241
-233
-230
-225
-220
-218
-212
-200
-189
-176
-158
-144
-132
-117
-102
-83
-64
-45
-27
-12
7
24
37
55
70
85
97
106
118
127
133
141
147
150
155
152
149
146
143
139
133
125
118
109
98
82
71
61
53
40
23
8
-8
-24
-38
-50
-56
-69
-82
-95
-110
-121
-130
-134
-134
-136
-140
-142
-145
-147
-145
-136
-127
-119
-109
-101
-95
-86
-75
-60
-44
-29
-12
1
10
24
38
53
68
81
95
108
118
126
134
145
152
156
161
161
163
169
163
160
162
157
150
145
135
127
117
104
94
81
68
53
42
26
14
1
-11
-23
-37
-52
-66
-77
-85
-94
-102
-107
-111
-118
-125
-129
-131
-128
-126
-123
-117
-112
-109
-104
-95
-86
-74
-65
-54
-42
-34
-22
-12
-2
14
26
34
45
54
61
71
80
86
94
98
103
106
106
105
103
103
99
97
91
85
78
67
56
49
38
26
14
0
-16
-26
-38
-49
-60
-73
-82
-90
-103
-114
-121
-130
-138
-140
-143
-147
-149
-150
-151
-150
-148
-143
-138
-131
-124
-119
-111
-103
-92
-80
-70
-57
-43
-28
-18
-7
5
18
32
44
56
69
76
85
98
108
117
125
130
133
136
141
140
142
143
142
138
133
127
124
119
110
102
94
86
74
63
53
44
36
26
14
3
-6
-17
-25
-35
-42
-47
-53
-60
-65
-71
-75
-76
-77
-76
-75
-75
-73
-72
-68
-64
-62
-57
-53
-47
-37
-31
-24
-16
-9
-2
6
13
22
28
35
42
48
54
57
61
64
67
70
72
72
74
77
77
76
73
67
64
60
56
54
47
41
36
27
18
11
5
-1
-8
-17
-28
-37
-46
-50
-56
-60
-64
-71
-76
-84
-91
-93
-94
-94
-95
-96
-94
-93
-93
-92
-86
-83
-78
-69
-67
-62
-57
-54
-49
-40
-33
-27
-18
-13
-8
-2
4
11
19
22
26
29
30
31
36
38
44
50
49
52
53
52
51
48
48
47
46
43
39
35
32
28
23
23
19
17
12
7
4
1
-3
-8
-11
-15
-18
-19
-20
-22
-24
-23
-25
-24
-24
-26
-22
-20
-22
-17
-16
-14
-9
-7
-2
2
6
8
8
10
13
18
23
26
29
34
34
36
40
42
43
48
48
51
52
50
50
50
50
49
48
46
42
37
34
29
28
26
22
19
15
10
7
0
-4
-5
-10
-12
-14
-20
-22
-25
-26
-27
-27
-26
-29
-28
-31
-33
-33
-33
-32
-30
-27
-25
-24
-24
-23
-22
-20
-18
-16
-13
-14
-13
-11
-12
-12
-13
-13
-9
-6
-5
-5
-6
-7
-8
-9
-7
-5
-6
-5
-9
-11
-9
-9
-11
-8
-8
-11
-9
-11
-15
-16
-16
-16
-17
-15
-16
-17
-18
-19
-20
-21
-21
-18
-17
-17
-15
-15
-16
-15
-12
-10
-7
-6
-5
-4
-4
-4
-1
3
4
6
6
9
10
10
12
14
16
18
19
17
20
18
18
18
19
21
21
21
21
20
19
19
18
19
18
17
19
18
17
16
15
16
16
14
14
14
15
14
12
11
11
10
10
11
10
10
8
6
4
4
4
5
5
5
5
4
5
7
8
9
10
11
11
10
12
11
10
13
14
15
16
17
14
16
15
15
15
17
17
16
16
13
10
7
4
2
2
0
-1
-4
-6
-11
-12
-14
-14
-17
-17
-19
-22
-26
-28
-29
-31
-32
-32
-34
-36
-35
-35
-37
-34
-33
-34
-34
-35
-35
-34
-33
-33
-29
-30
-28
-26
-26
-25
-23
-22
-18
-15
-15
-14
-14
-11
-9
-8
-4
-1
1
2
4
5
8
8
9
10
11
11
11
11
8
8
7
6
9
8
9
9
8
9
7
7
7
7
6
8
6
6
6
8
9
11
11
8
10
9
8
7
8
9
10
8
8
8
9
12
14
14
17
17
15
16
17
18
18
18
18
20
21
20
20
22
22
19
19
20
19
19
19
21
20
21
19
18
17
16
15
12
10
8
6
3
4
1
0
0
-3
-5
-8
-10
-9
-9
-10
-11
-12
-13
-14
-14
-14
-15
-16
-15
-15
-15
-17
-17
-16
-17
-16
-14
-16
-14
-12
-13
-12
-11
-13
-12
-10
-12
-11
-7
-6
-5
-5
-5
-2
-2
-2
-1
-2
3
2
1
2
3
4
5
3
4
3
2
2
0
1
-2
-4
-4
-7
-8
-9
-11
-14
-15
-15
-15
-17
-15
-15
-18
-18
-19
-19
-17
-17
-18
-18
-19
-17
-19
-17
-17
-17
-14
-13
-13
-12
-14
-13
-9
-10
-9
-8
-6
-6
-4
0
0
2
4
5
8
11
12
14
17
22
25
25
26
27
29
29
31
33
32
34
35
35
36
35
33
33
30
30
27
25
23
24
23
22
20
18
17
16
17
15
13
12
9
6
5
4
1
2
0
-2
-3
-5
-7
-7
-8
-10
-11
-12
-13
-16
-15
-14
-14
-14
-14
-14
-13
-12
-12
-12
-11
-11
-10
-9
-8
-7
-7
-8
-8
-7
-5
-4
-5
-4
-3
-2
-3
-1
-1
-1
0
0
-1
-1
0
0
-2
-1
-3
-3
-4
-5
-5
-5
-7
-8
-9
-8
-8
-9
-8
-9
-9
-10
-11
-11
-10
-9
-10
-9
-9
-9
-11
-11
-10
-10
-9
-10
-9
-11
-9
-9
-9
-7
-5
-5
-5
-6
-4
-3
-3
-1
0
0
1
1
1
1
2
2
3
4
5
3
3
4
3
4
5
5
5
3
4
4
4
3
2
2
3
2
1
0
-1
-1
-1
0
-1
0
1
0
-1
0
2
3
4
5
5
3
4
5
5
7
8
10
9
11
10
9
10
12
13
14
14
14
15
18
17
20
21
22
23
23
23
24
23
22
23
20
21
19
16
16
16
14
14
13
11
8
8
8
6
4
3
2
0
-3
-5
-7
-9
-12
-13
-13
-14
-15
-17
-18
-19
-19
-19
-19
-19
-18
-18
-21
-20
-21
-21
-22
-22
-21
-20
-20
-18
-16
-17
-17
-16
-16
-14
-11
-9
-10
-8
-6
-7
-5
-3
-4
-3
-2
-2
-2
-2
-4
-4
-3
-5
-5
-5
-5
-5
-5
-6
-5
-5
-6
-6
-6
-6
-7
-8
-8
-7
-6
-6
-8
-6
-6
-7
-8
-7
-7
-8
-7
-7
-7
-7
-5
-6
-4
-3
-1
0
1
2
4
5
4
5
5
7
10
11
13
14
14
15
17
17
17
20
21
22
23
23
24
24
24
22
22
22
20
22
20
20
19
19
18
16
18
15
15
16
14
14
12
11
11
11
11
8
8
7
6
4
3
2
1
1
0
-1
-1
-1
-2
-2
-4
-3
-4
-3
-3
-5
-3
-2
-1
-4
-4
-4
-5
-4
-5
-5
-4
-5
-6
-5
-10
-9
-10
-11
-12
-12
-14
-13
-13
-13
-14
-14
-15
-17
-18
-18
-18
-17
-17
-17
-15
-16
-17
-16
-17
-16
-17
-17
-17
-16
-16
-16
-13
-13
-14
-12
-12
-13
-10
-10
-9
-9
-9
-8
-8
-7
-6
-6
-5
-4
-3
-2
-1
-2
1
2
2
4
3
2
3
3
5
6
5
6
8
8
7
9
10
12
12
11
12
13
13
13
12
12
14
13
14
13
13
12
12
12
13
12
14
12
12
10
11
11
11
12
10
10
8
10
9
10
10
9
9
9
7
8
7
8
7
8
6
5
4
2
3
2
2
1
0
-1
0
1
1
1
1
0
0
2
0
1
2
2
1
1
-1
1
2
1
-1
1
0
1
0
-1
-1
0
0
-1
0
1
-1
-1
-2
-4
-5
-5
-6
-5
-5
-7
-6
-7
-7
-7
-9
-7
-8
-11
-10
-11
-13
-12
-13
-12
-14
-13
-14
-14
-12
-13
-13
-11
-12
-13
-13
-14
-11
-12
-9
-10
-9
-9
-9
-9
-9
-7
-9
-9
-9
-6
-6
-5
-6
-5
-4
-4
-4
-4
-6
-5
-5
-4
-4
-3
-1
0
0
1
3
4
4
4
5
7
6
4
5
6
6
8
9
11
11
11
12
11
11
10
11
11
12
11
12
13
11
13
13
12
12
11
12
10
8
8
6
7
6
6
6
7
7
6
7
5
6
6
5
6
6
7
6
6
5
6
6
6
6
7
5
6
5
3
4
4
4
4
3
3
2
0
0
-1
0
0
-1
-2
-2
-2
-2
-2
-2
-1
-2
-4
-5
-2
-2
-2
-2
-2
-1
-3
-2
-1
-1
0
0
-1
-3
-3
-5
-5
-3
-4
-4
-6
-5
-5
-6
-4
-5
-5
-7
-7
-8
-9
-10
-8
-10
-8
-10
-10
-11
-12
-11
-12
-15
-16
-17
-17
-17
-16
-16
-17
-16
-17
-16
-14
-16
-15
-12
-12
-11
-10
-10
-9
-7
-7
-5
-5
-3
-3
-2
-1
-1
1
1
2
4
5
5
5
7
8
9
9
10
10
11
11
10
12
12
12
14
11
11
12
12
13
12
12
12
11
12
12
12
11
10
10
10
10
10
8
8
7
6
6
7
7
6
5
5
5
3
5
4
4
3
5
5
6
5
5
6
7
7
7
6
6
7
5
6
6
8
7
7
8
7
7
7
8
6
5
4
3
2
0
0
-1
-2
-2
-3
-3
-5
-6
-6
-6
-8
-9
-8
-9
-10
-9
-10
-10
-9
-7
-8
-8
-8
-8
-10
-10
-8
-10
-7
-6
-7
-8
-8
-9
-10
-9
-8
-8
-8
-9
-8
-7
-7
-7
-5
-5
-5
-3
-5
-5
-6
-4
-5
-6
-6
-6
-6
-5
-4
-4
-4
-3
-4
-6
-6
-8
-9
-7
-9
-8
-8
-8
-8
-8
-9
-9
-7
-7
-7
-8
-6
-5
-6
-4
-3
-2
-3
-1
-2
0
1
2
3
3
5
4
5
5
4
5
6
6
8
8
9
10
9
9
11
11
12
13
13
13
14
16
17
17
17
16
16
17
16
16
16
15
14
14
14
13
12
11
12
11
11
10
10
10
9
9
8
7
8
7
7
6
7
5
4
4
1
0
-1
0
0
0
-2
-1
-1
0
-3
-3
-1
-3
-3
-2
-3
-3
-4
-6
-5
-6
-7
-7
-8
-8
-8
-7
-7
-7
-7
-8
-7
-8
-8
-9
-8
-7
-6
-6
-6
-7
-8
-9
-9
-9
-8
-7
-8
-6
-8
-8
-7
-9
-9
-9
-10
-11
-10
-11
-10
-9
-11
-11
-9
-10
-10
-9
-9
-9
-10
-10
-10
-10
-10
-11
-11
-9
-10
-7
-6
-8
-6
-6
-5
-4
-2
-4
-3
-2
-3
-4
-2
-3
-4
-2
0
-1
0
-2
-1
1
0
3
4
4
3
6
7
6
7
9
10
11
12
12
12
13
14
14
14
15
14
14
15
16
17
18
15
15
13
15
16
15
14
14
15
14
13
13
12
11
12
12
11
10
10
10
10
9
9
9
8
8
8
8
6
7
6
5
5
5
4
4
2
5
4
4
3
4
5
6
3
2
2
1
-2
-2
-2
-3
-3
-4
-4
-5
-5
-7
-7
-9
-9
-11
-10
-13
-14
-12
-15
-15
-16
-15
-15
-16
-14
-15
-16
-16
-15
-16
-16
-17
-18
-19
-20
-18
-20
-19
-19
-18
-18
-17
-16
-16
-14
-15
-14
-12
-13
-9
-9
-8
-6
-6
-6
-4
-4
-3
-3
-1
-1
-1
0
0
1
0
1
2
2
3
5
4
3
4
4
6
6
6
7
5
7
6
6
6
6
6
6
6
6
6
7
6
6
7
6
7
6
5
6
5
6
5
5
6
6
6
8
8
7
7
7
8
11
11
12
12
11
12
13
15
14
13
13
13
14
15
13
12
14
12
12
14
10
11
10
10
11
10
8
9
9
8
8
7
7
8
7
7
6
6
4
4
5
1
0
-1
-4
-3
-4
-5
-3
-6
-6
-7
-6
-8
-9
-8
-10
-9
-8
-10
-10
-8
-10
-9
-8
-10
-11
-11
-12
-11
-10
-10
-11
-9
-10
-10
-9
-9
-11
-11
-12
-11
-10
-11
-12
-13
-14
-14
-14
-15
-16
-17
-16
-16
-15
-16
-15
-16
-16
-14
-13
-12
-12
-11
-10
-9
-9
-10
-8
-6
-5
-5
-4
-3
-3
-2
-3
-1
1
1
1
2
4
2
4
5
6
7
7
6
6
7
8
8
8
7
8
9
9
10
12
11
13
13
13
14
15
13
13
14
13
13
16
16
16
15
14
15
13
11
11
10
11
11
10
9
10
9
10
10
9
9
7
8
6
6
6
6
7
6
7
5
3
4
5
4
4
4
3
2
2
1
1
1
2
2
3
2
2
1
0
1
-1
-1
-1
-2
-2
1
2
1
-1
1
0
-1
-1
-2
-3
-4
-4
-5
-4
-5
-5
-6
-5
-5
-6
-6
-7
-7
-9
-9
-11
-12
-11
-12
-13
-13
-12
-12
-10
-12
-11
-11
-12
-11
-13
-12
-13
-12
-13
-14
-10
-10
-9
-9
-11
-11
-12
-13
-14
-14
-13
-13
-12
-12
-12
-11
-11
-11
-11
-10
-11
-8
-10
-9
-7
-6
-6
-4
-3
-1
0
1
0
0
2
1
3
3
4
5
5
7
7
8
8
8
8
8
8
10
10
11
12
13
14
15
15
15
15
15
15
14
14
15
16
16
15
15
15
15
15
14
14
14
14
13
14
13
13
12
12
12
12
12
11
10
9
7
9
8
7
6
5
5
5
5
5
4
4
5
4
5
3
2
2
2
2
0
1
2
2
1
1
1
-1
-2
-5
-5
-6
-7
-7
-8
-11
-10
-11
-13
-12
-12
-11
-11
-12
-9
-11
-11
-11
-11
-9
-10
-11
-9
-9
-10
-9
-9
-10
-10
-11
-11
-11
-12
-12
-12
-11
-10
-9
-8
-11
-9
-7
-7
-8
-7
-7
-8
-7
-6
-6
-6
-4
-4
-4
-4
-5
-6
-5
-5
-5
-5
-7
-6
-7
-7
-9
-9
-8
-9
-6
-8
-8
-7
-8
-7
-5
-4
-4
-4
-2
-1
-1
0
0
1
4
4
5
7
7
7
8
9
10
11
10
9
10
11
11
11
11
11
14
14
13
13
15
14
16
15
15
15
13
14
14
15
15
15
14
14
14
14
12
10
10
9
9
8
7
8
6
6
5
4
7
5
5
5
5
3
4
4
4
4
3
3
3
3
2
3
1
0
0
0
0
0
2
2
2
1
0
0
0
0
1
0
-1
-3
-2
-2
-3
-3
-4
-6
-5
-7
-7
-8
-9
-10
-11
-11
-12
-13
-11
-11
-11
-11
-12
-11
-10
-11
-11
-12
-12
-12
-12
-13
-11
-12
-11
-11
-13
-13
-14
-13
-14
-12
-14
-14
-12
-12
-15
-12
-12
-13
-12
-12
-12
-11
-10
-10
-9
-8
-8
-5
-6
-5
-5
-6
-5
-4
-3
-3
-3
-2
-1
-1
1
0
-1
1
1
2
3
3
4
5
4
6
7
7
8
9
10
9
11
10
11
12
12
14
14
12
14
15
16
16
15
17
17
16
16
15
16
16
15
15
15
14
14
13
14
14
13
14
13
12
11
12
11
11
11
8
10
9
8
8
8
8
7
6
6
5
4
5
4
3
2
2
2
3
2
2
3
2
2
1
3
1
0
-2
-3
-3
-4
-5
-6
-7
-8
-6
-7
-7
-7
-6
-7
-10
-8
-9
-10
-10
-10
-12
-12
-12
-14
-14
-14
-17
-17
-16
-18
-18
-19
-19
-19
-20
-19
-18
-17
-17
-15
-13
-14
-12
-12
-10
-10
-11
-10
-9
-8
-8
-9
-8
-9
-9
-7
-10
-9
-8
-8
-7
-8
-9
-7
-7
-6
-6
-5
-4
-3
-3
-1
-3
-2
-2
0
0
0
2
3
4
5
7
6
7
7
7
7
8
8
9
9
9
10
11
9
10
9
10
8
10
11
11
12
12
12
13
16
15
16
16
18
18
19
19
19
19
18
19
19
18
18
16
15
16
15
13
14
13
13
13
13
11
11
10
9
11
8
7
7
6
4
5
3
3
2
1
2
1
1
-1
-2
0
-2
-3
-4
-5
-7
-7
-8
-8
-9
-10
-10
-10
-11
-12
-12
-13
-14
-15
-14
-15
-14
-13
-13
-13
-14
-14
-13
-12
-13
-12
-13
-13
-12
-11
-10
-11
-10
-11
-11
-11
-11
-11
-10
-11
-10
-10
-8
-9
-8
-8
-8
-7
-6
-6
-6
-8
-7
-6
-6
-6
-5
-5
-6
-4
-6
-6
-6
-6
-4
-4
-4
-4
-2
-3
-1
-2
0
2
1
3
1
1
2
2
1
2
2
2
4
3
4
4
4
5
6
7
6
8
8
8
10
9
9
10
10
11
11
9
7
9
7
7
6
6
6
7
9
10
8
10
9
8
9
7
8
7
8
8
9
8
10
11
9
10
9
9
10
9
10
10
10
10
10
9
9
10
10
10
8
9
7
8
4
3
3
2
2
2
2
3
2
1
1
0
-2
-1
-1
-2
-2
-3
-3
-3
-4
-3
-3
-4
-4
-5
-4
-3
-4
-6
-7
-6
-7
-8
-7
-8
-7
-7
-8
-8
-8
-9
-8
-10
-12
-11
-9
-11
-11
-12
-11
-11
-13
-11
-12
-13
-14
-14
-15
-13
-14
-13
-12
-12
-11
-11
-11
-10
-10
-9
-11
-9
-9
-9
-9
-9
-7
-7
-9
-9
-9
-8
-6
-5
-5
-4
-4
-6
-6
-4
-4
-3
-2
-1
1
2
3
3
4
5
4
4
2
5
4
5
5
6
5
6
7
7
8
7
8
8
10
9
8
10
10
10
11
11
10
10
11
13
15
16
16
16
17
15
15
14
15
14
13
14
13
15
15
13
13
12
12
11
12
12
11
10
9
10
10
10
11
10
10
9
9
5
5
6
4
3
4
1
2
2
1
1
0
0
-2
0
-2
-2
-2
-3
-3
-3
-3
-7
-6
-7
-8
-8
-9
-11
-9
-11
-10
-11
-10
-11
-11
-11
-10
-11
-12
-10
-12
-12
-12
-13
-14
-14
-14
-16
-17
-16
-17
-17
-17
-19
-17
-17
-17
-15
-13
-14
-13
-13
-12
-12
-11
-10
-10
-9
-10
-10
-10
-11
-12
-11
-9
-10
-8
-6
-6
-6
-5
-5
-4
-4
-2
-1
0
-1
0
1
1
3
3
2
2
3
2
4
4
4
6
6
6
8
8
9
10
12
13
14
14
15
17
15
15
15
15
15
16
16
15
16
16
16
16
17
17
17
16
16
14
15
14
13
12
11
12
12
12
11
10
11
12
9
9
8
7
6
5
5
5
4
4
3
4
3
3
3
1
3
5
4
3
3
2
1
-1
0
0
-1
0
0
-1
-1
0
0
-3
-3
-3
-3
-3
-3
-2
-4
-5
-7
-8
-8
-7
-8
-11
-10
-13
-13
-13
-15
-15
-15
-16
-15
-16
-14
-14
-15
-17
-17
-17
-18
-16
-15
-15
-15
-15
-12
-12
-11
-10
-9
-10
-9
-8
