5
3
3
4
4
7
9
7
7
11
9
10
12
8
10
11
12
13
13
13
12
14
15
16
15
16
15
16
16
12
11
9
9
9
8
9
7
8
8
9
7
5
3
3
-1
-1
2
0
0
-1
0
0
1
2
3
4
3
5
3
1
-1
-2
0
0
-2
0
1
1
0
0
-1
1
0
-1
-1
-1
0
-1
1
2
1
0
-1
0
-2
-1
-1
-2
-3
-4
-4
-5
-5
-7
-5
-6
-8
-8
-7
-6
-8
-7
-5
-2
0
-1
1
0
-2
-4
-5
-6
-5
-5
-6
-6
-9
-9
-10
-13
-12
-12
-11
-13
-12
-12
-13
-11
-16
-12
-14
-13
-11
-12
-13
-13
-11
-10
-9
-11
-11
-10
-11
-9
-7
-8
-9
-9
-7
-6
-5
-3
-4
-4
-2
-1
1
1
1
1
2
4
5
7
4
6
10
7
7
6
7
6
7
9
9
10
11
13
15
16
18
20
21
18
17
19
18
18
17
17
15
14
15
13
15
14
12
14
14
14
13
13
15
14
14
12
10
11
11
9
8
6
4
4
2
4
3
3
5
5
7
5
5
5
4
2
-1
-1
-2
-3
-6
-5
-6
-4
-6
-8
-8
-10
-10
-12
-15
-12
-11
-13
-11
-8
-8
-9
-8
-9
-9
-9
-11
-13
-11
-12
-12
-11
-11
-9
-8
-7
-6
-7
-7
-8
-7
-6
-6
-6
-7
-7
-8
-10
-9
-9
-9
-8
-6
-5
-4
-6
-7
-4
-5
-8
-8
-7
-6
-5
-4
-5
-3
-2
-3
-5
-6
-3
-2
-2
-2
-4
-4
-6
-6
-8
-9
-8
-9
-10
-7
-6
-7
-6
-4
-4
-4
-5
-3
0
1
-1
0
2
3
3
2
2
3
4
4
6
7
8
10
10
10
9
8
11
13
12
15
14
16
17
16
17
17
15
16
17
16
16
16
18
18
19
21
22
20
20
20
19
18
17
17
15
14
13
14
15
15
15
14
12
11
11
9
5
4
4
0
-1
-3
-5
-5
-2
-4
-3
-3
-2
-2
-2
-3
-6
-8
-10
-10
-12
-11
-12
-15
-14
-17
-18
-19
-19
-17
-17
-19
-17
-18
-18
-18
-18
-18
-20
-20
-21
-18
-16
-13
-14
-13
-11
-11
-11
-12
-12
-12
-12
-12
-12
-13
-12
-9
-8
-7
-5
-2
-3
-2
0
-1
-1
-2
0
0
1
3
3
3
3
3
3
2
2
-2
-2
-2
-4
-4
-3
-3
-2
-1
0
-2
-2
0
0
0
-1
-1
-2
-2
1
2
3
4
6
7
5
6
5
5
4
2
4
5
5
5
4
6
6
8
9
9
11
10
11
11
10
13
12
13
13
12
11
12
13
14
16
14
15
13
12
15
15
14
15
15
15
14
12
10
10
11
11
13
12
13
14
13
10
8
8
6
8
10
5
5
6
3
2
3
2
1
2
3
1
0
-1
-5
-6
-11
-10
-11
-12
-11
-12
-11
-11
-12
-13
-14
-16
-16
-18
-20
-19
-18
-20
-19
-17
-16
-16
-14
-13
-12
-13
-12
-11
-12
-11
-13
-13
-13
-13
-11
-13
-13
-8
-9
-9
-11
-8
-10
-9
-8
-10
-7
-7
-6
-5
-4
-4
-2
-2
-3
-2
-1
-2
-2
-2
-1
1
2
3
4
3
2
2
0
1
0
2
2
2
3
4
5
3
3
3
2
0
1
1
1
1
4
5
4
6
5
5
6
4
3
4
6
5
6
3
3
3
5
5
4
7
6
5
7
7
6
6
4
6
7
7
9
9
11
12
13
11
12
14
12
10
12
12
12
16
15
14
16
15
15
18
18
19
19
19
17
17
16
14
14
12
10
11
11
9
11
12
10
8
5
2
2
0
-1
-3
-3
-5
-6
-6
-6
-8
-8
-9
-10
-10
-12
-13
-18
-19
-19
-21
-24
-24
-24
-22
-20
-20
-18
-16
-17
-18
-15
-16
-17
-19
-18
-18
-20
-17
-16
-14
-14
-15
-15
-16
-17
-16
-16
-17
-14
-17
-16
-14
-16
-15
-13
-9
-8
-5
-4
-3
-4
-5
-4
-4
-6
-5
-2
-3
-1
0
2
3
4
6
8
8
8
9
9
8
8
9
10
12
11
12
13
16
15
13
12
13
13
15
13
12
13
12
11
11
9
8
10
8
8
9
10
8
6
7
7
7
3
5
4
5
4
3
3
2
2
0
-1
-1
1
-1
1
2
2
1
1
1
-1
1
1
3
5
5
8
10
10
11
12
10
9
11
9
7
8
6
7
10
12
13
16
17
19
18
18
15
14
13
10
9
9
8
10
9
7
7
6
6
4
4
2
-1
-1
-5
-6
-8
-13
-12
-13
-14
-15
-15
-15
-15
-16
-19
-20
-20
-19
-23
-24
-24
-24
-27
-29
-27
-26
-24
-26
-23
-23
-23
-24
-25
-24
-23
-22
-20
-18
-19
-17
-19
-20
-20
-21
-18
-18
-15
-14
-11
-8
-8
-6
-5
-8
-5
-6
-2
0
0
3
4
6
5
6
8
8
8
11
10
10
10
11
11
10
9
11
11
12
15
15
16
18
20
20
21
22
22
22
22
21
19
19
18
18
18
21
21
19
20
18
19
20
19
17
14
14
13
13
13
11
8
9
7
5
5
3
4
4
3
3
1
1
-1
-4
-4
-2
-3
-2
0
-1
-2
-4
-3
-5
-5
-5
-3
-3
-4
-2
-3
-4
-3
-2
-1
1
-1
0
1
3
1
2
3
3
4
4
6
6
6
4
3
2
-1
1
0
0
3
1
-1
-2
-3
-6
-6
-7
-8
-9
-8
-8
-10
-11
-11
-12
-13
-16
-15
-19
-22
-22
-25
-23
-23
-22
-20
-21
-21
-25
-24
-25
-25
-26
-25
-23
-23
-22
-22
-20
-19
-20
-19
-17
-16
-16
-13
-12
-10
-8
-10
-8
-7
-6
-5
-3
-1
0
3
2
5
5
7
7
8
12
12
11
14
17
17
19
20
20
20
20
20
22
21
22
24
25
28
28
28
28
26
25
23
22
20
20
19
20
21
20
21
20
18
16
14
14
14
14
11
13
13
13
12
10
8
9
6
4
5
5
4
3
1
1
-2
-4
-6
-6
-6
-8
-7
-8
-10
-9
-11
-12
-13
-15
-15
-18
-18
-18
-14
-14
-11
-10
-10
-9
-8
-7
-6
-7
-9
-9
-7
-6
-4
-5
-3
2
0
1
7
4
4
5
4
4
3
3
0
0
0
0
1
1
2
0
0
3
1
-1
-2
-3
-3
-6
-7
-8
-9
-11
-13
-12
-14
-12
-13
-16
-15
-15
-14
-13
-14
-14
-16
-17
-18
-19
-19
-22
-19
-19
-19
-18
-18
-19
-17
-17
-18
-16
-15
-14
-10
-12
-11
-9
-8
-4
-2
1
3
5
8
8
8
10
8
9
12
13
13
13
16
14
14
14
13
14
16
16
17
20
21
20
21
23
23
23
22
24
22
22
21
20
19
18
19
19
19
20
20
18
17
17
15
15
12
10
10
9
9
6
8
6
7
6
5
6
4
2
1
0
-1
-3
-3
-4
-5
-6
-6
-5
-6
-6
-4
-6
-5
-3
-5
-6
-6
-7
-9
-9
-8
-9
-10
-11
-8
-10
-11
-9
-10
-9
-11
-14
-12
-13
-11
-9
-10
-9
-8
-10
-9
-9
-8
-6
-4
-1
-2
-3
-2
-1
0
1
1
-1
-1
-3
-5
-4
-5
-5
-4
-5
-4
-3
-4
-4
-6
-7
-8
-10
-10
-8
-10
-11
-9
-9
-10
-12
-13
-13
-12
-11
-11
-10
-11
-12
-10
-12
-13
-13
-15
-17
-15
-13
-11
-11
-11
-12
-10
-9
-9
-9
-5
-3
-2
3
2
3
4
5
8
7
8
10
11
14
15
16
15
16
17
17
18
20
20
22
21
20
22
20
20
21
19
19
19
18
18
18
18
20
19
20
20
19
18
17
15
15
14
13
13
12
10
12
12
13
15
14
12
11
8
5
5
2
2
1
0
-1
-2
-3
-1
-2
-3
-4
-6
-6
-6
-8
-12
-14
-13
-11
-9
-8
-11
-12
-14
-16
-14
-12
-13
-14
-12
-10
-10
-10
-9
-9
-11
-9
-8
-10
-11
-14
-11
-10
-9
-6
-6
-5
-5
-5
-6
-6
-7
-6
-5
-6
-6
-7
-8
-7
-5
-5
-4
-5
-2
-3
-6
-4
-4
-6
-7
-8
-9
-7
-9
-10
-7
-6
-6
-5
-6
-8
-9
-10
-11
-11
-11
-11
-10
-8
-9
-9
-8
-10
-9
-10
-10
-9
-9
-7
-7
-5
-5
-6
-5
-3
-6
-5
-2
-3
0
4
5
7
9
8
10
12
12
12
14
13
11
14
16
16
18
21
22
20
20
19
19
17
19
20
20
19
21
23
22
22
22
22
21
21
22
20
19
22
21
21
21
21
19
17
15
17
16
14
14
13
12
12
9
6
7
5
5
3
1
0
0
-1
-2
-2
-6
-6
-8
-11
-13
-15
-16
-18
-19
-19
-19
-21
-21
-18
-22
-21
-19
-20
-18
-19
-21
-19
-19
-19
-18
-19
-18
-20
-21
-20
-18
-16
-15
-14
-16
-16
-16
-16
-15
-13
-13
-12
-10
-10
-10
-11
-8
-8
-8
-7
-5
-4
-3
-1
0
1
1
1
3
5
2
-1
0
-1
0
1
1
2
3
4
2
3
2
-1
-1
-1
-2
-3
-2
-1
-1
0
-1
0
1
1
0
2
2
3
3
4
4
4
3
3
1
4
4
5
7
7
8
8
9
8
7
9
10
9
10
12
11
12
11
10
10
12
13
11
11
10
9
10
11
10
12
12
15
17
16
14
12
12
13
12
12
13
14
15
15
17
19
17
19
15
16
15
13
12
11
8
6
3
3
2
0
-1
-2
0
-1
-2
-3
-3
-2
-4
-3
-5
-7
-5
-9
-9
-9
-12
-13
-14
-17
-15
-16
-18
-15
-18
-19
-20
-19
-19
-20
-21
-20
-19
-19
-19
-19
-19
-19
-17
-16
-14
-14
-13
-14
-13
-12
-12
-11
-9
-9
-10
-9
-9
-8
-9
-7
-8
-8
-6
-3
-3
-4
-3
-3
0
1
1
1
-1
-2
-3
1
0
0
1
2
3
3
3
1
0
0
-1
1
-1
0
2
4
5
8
8
8
6
8
8
6
5
6
6
6
8
8
9
7
8
8
9
9
7
6
7
8
7
8
9
9
10
10
7
7
7
6
7
6
6
6
7
5
5
6
4
3
4
5
8
8
9
10
10
9
10
11
9
9
10
11
11
11
9
8
11
11
9
11
10
10
11
9
8
8
6
4
5
6
4
4
4
4
4
6
6
3
3
4
2
0
0
-1
-2
-3
-5
-5
-7
-7
-7
-7
-9
-11
-12
-13
-14
-16
-17
-19
-19
-21
-22
-20
-20
-21
-20
-20
-20
-20
-20
-21
-20
-21
-21
-20
-20
-21
-20
-17
-17
-17
-15
-13
-12
-11
-12
-11
-12
-12
-10
-10
-10
-8
-8
-5
-4
-3
-3
0
1
2
2
3
1
2
4
3
4
3
4
4
7
9
10
10
8
10
11
12
12
13
13
14
14
14
13
13
13
11
13
10
9
10
11
11
12
12
12
13
12
12
11
9
7
5
4
1
1
3
3
4
6
7
7
7
7
6
6
6
7
11
9
8
10
7
6
5
6
8
7
8
9
8
9
7
8
7
8
7
7
7
6
6
4
4
3
1
1
2
1
1
2
1
2
1
1
0
-1
-1
-2
-1
0
-1
-2
-2
-2
-2
0
0
0
0
0
-1
-4
-8
-9
-10
-10
-11
-12
-12
-12
-11
-12
-13
-13
-12
-13
-14
-16
-17
-17
-17
-16
-18
-17
-17
-14
-15
-15
-14
-16
-17
-19
-20
-21
-24
-23
-21
-19
-17
-16
-15
-13
-13
-14
-14
-15
-14
-12
-10
-8
-7
-5
-4
-2
-2
0
0
0
1
1
2
4
4
5
8
10
10
11
12
12
14
15
16
15
15
17
18
18
17
16
21
21
21
21
21
21
20
18
17
18
16
15
14
12
11
9
9
9
8
9
10
7
8
10
12
12
12
11
9
13
11
12
12
12
10
11
10
8
9
9
7
7
5
4
4
3
4
4
2
4
4
4
3
1
-2
-2
-3
-3
-3
-1
-2
-3
-3
-3
-3
-4
-4
-3
-6
-8
-7
-7
-7
-10
-11
-13
-13
-13
-13
-12
-13
-12
-13
-13
-13
-14
-13
-11
-13
-13
-14
-12
-12
-14
-14
-16
-17
-17
-17
-16
-17
-18
-18
-18
-17
-17
-16
-14
-13
-14
-12
-11
-13
-12
-12
-8
-7
-8
-8
-8
-7
-8
-7
-6
-6
-6
-6
-4
-4
-4
-4
-2
2
-1
-2
1
2
5
6
7
10
10
10
11
12
12
11
12
10
10
11
11
12
14
14
16
15
14
15
15
15
16
18
17
18
19
20
18
17
14
14
15
14
12
11
12
11
12
11
10
10
9
8
10
6
7
9
8
6
9
6
6
7
6
5
4
3
2
0
-1
-1
1
1
1
0
0
1
-1
-1
-1
-1
-1
-2
-4
-4
-2
-2
-2
-3
-3
-3
-4
-3
-2
-2
-3
-5
-4
-5
-5
-6
-7
-7
-9
-7
-8
-9
-5
-7
-7
-7
-9
-8
-7
-9
-7
-8
-8
-9
-10
-11
-11
-12
-11
-11
-10
-10
-11
-11
-11
-9
-9
-10
-12
-12
-12
-15
-14
-12
-13
-14
-11
-9
-9
-11
-12
-14
-14
-15
-14
-14
-15
-15
-14
-11
-7
-8
-6
-7
-4
-3
-4
-2
0
-1
-1
2
2
3
7
9
8
11
11
11
13
13
14
13
12
11
13
12
10
11
11
12
13
13
12
15
15
15
15
16
18
17
16
15
15
15
15
15
16
15
14
15
14
15
15
13
13
12
11
9
10
10
9
9
7
5
6
3
1
3
3
2
1
3
5
6
4
5
4
3
2
-2
-2
-2
-3
-2
-4
-2
-2
-2
-1
-2
-3
-3
-3
-6
-7
-9
-10
-11
-12
-12
-12
-11
-12
-13
-12
-13
-15
-12
-12
-10
-10
-8
-8
-9
-10
-9
-10
-11
-12
-11
-9
-11
-10
-12
-12
-10
-12
-13
-12
-14
-14
-11
-11
-11
-9
-8
-6
-7
-6
-6
-5
-5
-4
-2
-4
-4
-6
-6
-6
-7
-8
-3
-4
-4
-3
-3
-2
-2
-2
-1
0
-3
-1
1
0
1
0
1
2
1
1
3
4
6
5
5
8
6
7
7
8
9
11
9
9
10
10
9
9
8
9
12
11
11
13
9
8
11
10
8
10
9
8
9
11
12
11
13
14
12
13
11
9
12
12
11
11
11
11
12
12
11
11
9
7
5
4
2
1
2
3
3
2
2
3
-1
1
1
0
-2
-1
-1
-3
-2
-1
-2
-1
1
-1
-1
-2
-4
-6
-7
-7
-8
-8
-8
-9
-9
-12
-12
-10
-12
-11
-8
-8
-8
-8
-10
-11
-12
-12
-12
-10
-9
-9
-8
-7
-8
-10
-10
-8
-6
-5
-4
-3
-2
-5
-5
-7
-9
-7
-6
-4
-3
-1
0
0
-1
-1
-2
-2
-2
-2
-3
-4
-5
-5
-5
-6
-5
-5
-4
-7
-7
-8
-7
-7
-7
-3
-5
-2
-2
-2
-3
-2
-2
-2
-2
0
0
-1
-3
-2
-1
-3
-2
-1
0
-1
-1
-1
0
2
4
3
3
7
3
3
3
3
6
6
8
8
8
9
10
10
10
12
11
14
13
13
12
13
13
15
14
12
15
12
13
13
11
10
10
11
10
10
10
6
6
7
9
8
10
12
11
15
14
13
10
10
9
8
10
11
12
14
12
12
11
8
6
5
5
4
2
3
0
-1
0
-2
-4
-6
-6
-5
-4
-7
-10
-10
-11
-14
-13
-16
-17
-17
-18
-18
-17
-18
-17
-18
-18
-17
-16
-17
-16
-14
-15
-16
-14
-15
-14
-15
-17
-16
-18
-18
-17
-17
-16
-18
-19
-18
-17
-16
-15
-14
-13
-14
-14
-13
-11
-8
-7
-7
-7
-7
-5
-5
-5
-3
-3
-2
1
1
2
1
2
1
1
1
1
2
2
4
5
6
7
6
7
7
10
10
11
10
9
10
9
10
8
8
10
11
13
14
15
16
15
16
16
17
17
16
16
16
15
17
18
19
21
22
23
21
18
17
17
18
16
15
15
13
12
10
10
9
7
6
9
7
8
6
6
6
6
5
2
3
2
1
2
3
0
1
-2
-3
-5
-4
-4
-4
-5
-5
-4
-3
-2
-3
-4
-6
-6
-6
-7
-9
-8
-10
-13
-11
-13
-10
-10
-9
-8
-7
-8
-9
-9
-10
-8
-8
-9
-9
-10
-9
-12
-13
-13
-14
-14
-13
-13
-13
-15
-17
-18
-21
-23
-23
-25
-23
-21
-22
-19
-17
-18
-16
-16
-18
-19
-17
-15
-13
-12
-11
-9
-6
-6
-9
-7
-6
-5
-4
-3
-1
0
0
5
8
6
7
6
6
8
7
7
8
7
10
10
9
10
11
12
12
16
16
17
16
14
15
15
16
14
16
17
18
19
18
17
18
19
19
17
16
13
15
16
12
12
13
12
15
15
15
15
13
12
11
12
12
11
8
8
8
7
7
6
6
6
5
4
5
4
3
3
1
2
1
0
1
-2
-2
-2
-3
-2
-2
-2
-2
0
0
-1
-1
-2
-3
-4
-3
-5
-7
-7
-8
-11
-10
-12
-12
-11
-12
-11
-10
-10
-10
-10
-11
-10
-12
-12
-12
-12
-10
-9
-9
-9
-9
-11
-9
-10
-13
-10
-12
-12
-13
-16
-15
-15
-16
-15
-15
-14
-14
-14
-13
-11
-11
-11
-6
-7
-7
-5
-3
-4
-5
-9
-6
-5
-7
-5
-5
-2
-2
-3
-5
-3
-4
-4
-4
-4
-2
-3
-2
-1
1
1
1
3
4
6
7
6
8
7
7
5
4
5
4
4
6
6
9
10
11
13
16
16
16
17
16
17
17
15
17
17
15
18
18
18
19
18
15
14
13
11
10
10
10
11
9
11
11
9
10
10
12
9
9
8
8
5
4
2
1
4
4
4
7
6
6
5
4
4
1
0
2
-1
0
0
0
-1
-1
0
-2
-3
-5
-4
-7
-5
-6
-8
-6
-4
-4
-4
-6
-7
-8
-11
-10
-9
-11
-12
-11
-11
-11
-11
-11
-10
-11
-13
-11
-12
-12
-10
-11
-13
-13
-13
-13
-11
-9
-10
-9
-9
-9
-10
-11
-12
-11
-10
-11
-10
-7
-7
-7
-6
-5
-4
-4
-6
-6
-6
-6
-5
-4
-4
-5
-4
-4
-2
-4
-3
-3
-4
-2
-1
-3
-5
-4
-5
-5
-4
-4
-3
-3
-4
-2
-1
0
2
0
-1
-1
0
1
3
3
4
4
5
7
8
8
9
12
13
13
13
14
12
10
9
8
9
10
12
11
14
15
15
15
16
15
14
14
15
19
19
19
19
19
19
18
18
15
13
12
12
11
11
9
7
8
9
8
9
7
5
5
5
4
2
3
4
4
5
4
6
5
3
3
2
2
0
-1
-2
-4
-5
-7
-9
-9
-12
-11
-9
-11
-12
-11
-10
-11
-12
-14
-14
-14
-12
-13
-14
-13
-12
-12
-13
-14
-14
-15
-16
-14
-13
-14
-13
-12
-10
-11
-9
-12
-11
-10
-12
-10
-12
-13
-12
-8
-7
-6
-5
-8
-7
-6
-4
-5
-5
-6
-6
-4
-5
-5
-2
-2
0
3
2
3
4
2
-1
-1
-3
-2
-1
0
1
1
-1
-1
2
3
0
0
1
-3
-4
-5
-3
-4
-4
-3
-2
-1
-3
-2
-1
-1
0
0
1
2
2
4
6
8
10
11
12
12
11
10
9
10
12
10
13
12
11
14
17
18
16
16
17
16
16
17
17
17
16
18
19
17
16
18
17
18
17
16
14
14
12
11
11
10
9
8
9
7
6
7
7
8
7
6
6
7
7
5
3
3
2
-2
-1
-2
-2
-1
-4
-2
-4
-5
-7
-8
-8
-9
-10
-10
-9
-13
-13
-12
-14
-15
-16
-16
-17
-19
-20
-20
-20
-20
-20
-20
-20
-19
-19
-18
-19
-21
-22
-23
-23
-20
-22
-23
-21
-19
-18
-16
-17
-18
-14
-15
-15
-12
-11
-11
-11
-9
-7
-5
-4
-3
0
2
1
4
4
4
6
5
6
5
7
6
9
10
9
10
13
11
10
11
9
8
7
6
6
6
5
5
6
5
5
4
4
2
1
2
0
3
4
4
6
10
7
10
11
10
9
10
12
9
9
9
8
8
9
9
10
10
8
8
10
7
8
9
7
10
9
9
9
9
9
8
10
11
12
14
14
15
15
13
12
13
13
13
11
10
14
13
11
12
10
8
9
8
8
9
8
7
7
7
6
5
3
2
3
3
1
0
-3
-4
-7
-8
-7
-9
-8
-10
-13
-12
-14
-17
-17
-17
-19
-21
-20
-20
-21
-21
-21
-22
-21
-25
-24
-24
-25
-25
-25
-24
-24
-25
-26
-25
-22
-24
-24
-25
-25
-25
-23
-22
-21
-19
-15
-11
-9
-8
-8
-6
-6
-6
-3
-4
-2
-1
-2
-3
-2
1
2
3
6
6
8
8
9
11
13
12
13
14
13
14
13
14
15
17
19
17
18
18
16
15
15
14
16
18
17
19
19
19
17
14
14
13
14
15
16
16
14
11
12
10
8
4
3
3
3
3
2
1
1
1
-1
0
-1
0
-1
-1
-3
-2
0
-1
0
0
0
1
0
1
2
0
2
4
2
1
3
3
5
6
5
4
4
6
6
4
4
4
4
5
6
4
6
7
5
4
5
4
5
4
3
2
1
2
2
2
1
1
2
3
4
2
3
0
-3
-5
-7
-9
-9
-10
-11
-14
-13
-15
-15
-15
-16
-16
-16
-15
-17
-20
-17
-16
-17
-17
-16
-16
-15
-15
-15
-14
-16
-18
-16
-15
-17
-18
-17
-19
-18
-19
-17
-16
-15
-17
-15
-15
-16
-16
-17
-13
-13
-13
-12
-10
-7
-6
-7
-4
-2
-2
0
1
2
4
7
6
7
8
10
12
13
12
13
14
15
17
19
19
18
18
21
24
23
23
22
22
22
20
20
18
18
20
20
20
21
19
18
18
16
18
16
13
13
13
14
13
13
16
18
14
14
15
13
12
8
7
8
5
1
4
2
2
2
3
3
2
1
0
0
-3
-2
-3
-2
-3
-4
-6
-5
-4
-3
-2
-3
-4
-5
-5
-4
-3
-3
-6
-6
-4
-2
-1
-2
-6
-7
-7
-5
-7
-9
-11
-11
-10
-12
-13
-13
-12
-10
-11
-14
-15
-18
-18
-22
-25
-26
-26
-32
-33
-34
-38
-35
-35
-37
-33
-33
-31
-28
-30
-29
-32
-33
-34
-37
-34
-32
-34
-35
-34
-34
-37
-41
-45
-39
-45
-48
-38
-33
-34
-26
-17
-21
-24
-27
-31
-33
-40
-48
-45
-36
-33
-18
6
17
28
37
42
36
27
29
25
31
43
59
81
96
102
115
123
132
136
129
118
111
116
116
129
144
145
150
158
160
146
148
139
119
129
132
133
138
138
154
168
153
148
147
126
105
110
110
96
96
92
100
110
97
79
67
43
12
0
-15
-17
-24
-40
-37
-27
-34
-40
-40
-56
-76
-84
-104
-134
-145
-142
-130
-129
-130
-132
-133
-127
-152
-171
-193
-226
-220
-197
-198
-193
-176
-160
-145
-137
-135
-104
-93
-117
-101
-109
-120
-114
-106
-68
-51
-52
-44
-49
-47
-50
-67
-63
-65
-58
-53
-31
-9
8
45
52
58
62
56
55
42
42
36
30
36
43
42
36
51
38
15
6
-48
-107
-138
-149
-168
-185
-158
-143
-121
-100
-120
-125
-141
-166
-161
-187
-187
-172
-164
-134
-110
-100
-78
-61
-53
-70
-108
-111
-122
-124
-112
-112
-90
-24
22
63
119
133
133
136
124
115
143
147
138
171
214
251
286
304
307
293
254
239
234
208
182
158
177
202
215
249
282
300
285
254
248
214
163
132
142
170
173
202
229
217
219
217
183
117
71
46
19
21
9
9
26
23
19
9
-18
-60
-90
-95
-117
-129
-126
-112
-75
-41
-30
-27
2
-28
-60
-54
-98
-128
-143
-159
-159
-153
-115
-76
-55
-37
-23
-24
-46
-48
-78
-132
-129
-138
-151
-171
-199
-195
-212
-208
-214
-213
-180
-147
-121
-133
-128
-94
-80
-53
-6
27
25
30
40
40
20
-40
-62
-58
-81
-94
-92
-57
-19
-19
22
35
30
10
12
33
73
64
80
774
1279
1049
967
575
207
-423
-1580
-1793
-2207
-2843
-2437
-1709
-893
-362
257
1140
1459
1117
313
82
-426
-1515
-1509
-1303
-1106
-537
-32
811
1341
1144
1126
1113
383
-338
-671
-535
717
1533
2120
3647
4596
4870
4515
3759
2889
841
-1260
-2258
-3073
-4262
-4545
-3324
-2355
-1635
-708
54
809
383
-434
-40
-417
-1464
-1100
-438
-125
356
786
1549
1701
746
354
61
-1181
-2110
-2097
-2070
-2038
-1507
-738
328
816
660
1142
1097
261
-190
-597
-1001
-1643
-1322
1821
4623
5097
6240
8364
8819
6912
4717
3369
640
-3522
-5195
-4573
-5743
-7057
-4913
-1988
-1106
-1363
-1023
227
-707
-3478
-3440
-2520
-3610
-3105
-339
1779
2969
3935
5503
6348
4328
1911
950
-885
-3585
-4687
-4388
-3951
-3134
-1806
284
1992
1807
1770
2152
1063
-530
-1508
-1806
-1746
-1923
-1634
-323
665
604
790
974
190
-903
-1994
-1367
807
1394
2172
4709
6367
6668
6107
5436
4273
776
-2472
-3236
-4678
-7272
-7214
-5047
-3860
-3006
-1881
-473
570
-724
-1466
-464
-1549
-2568
-987
588
1584
2723
4162
5691
5514
3829
2801
1344
-1690
-3760
-4383
-5013
-5040
-4255
-2414
16
1027
1607
2843
2970
1872
822
65
-553
-1264
-1614
-891
-101
-108
286
1030
750
-329
-872
255
1490
1471
2170
3813
4831
4776
4441
4375
2963
283
-1372
-2158
-3698
-5282
-4885
-3393
-2408
-1665
-637
815
1009
-129
-158
-110
-1169
-1551
-905
131
1133
1942
3373
4665
4320
3419
2828
1282
-1054
-2732
-3712
-4052
-4117
-3799
-1978
-80
890
1982
2815
2790
2095
1042
16
-997
-2085
-2546
-2016
-1741
-1568
-704
-115
26
-502
-619
967
1825
1730
2726
4229
5108
4921
4800
4980
3407
707
-716
-1671
-4178
-6227
-5802
-4952
-4627
-4123
-2725
-864
-936
-1540
-614
-614
-1746
-1822
-926
-153
269
1192
2912
3858
3310
3039
3051
1409
-799
-2035
-2881
-3701
-4387
-3996
-2330
-1172
-412
1130
2310
2274
1902
1598
937
-266
-1317
-1463
-1438
-1836
-1677
-907
-489
-740
-963
587
2523
2864
3510
4931
6007
5967
5257
5275
4019
1250
-469
-1392
-3043
-5333
-5627
-4483
-4091
-3569
-2694
-1107
-337
-1159
-725
-440
-1403
-1630
-1156
-356
154
875
2477
3828
4025
3518
3669
3274
1273
-234
-977
-1688
-2409
-2812
-1824
-670
-403
405
1530
1640
967
493
232
-685
-1924
-2278
-1944
-2054
-2229
-1470
-693
-695
-656
497
2605
3848
4273
5529
6884
6873
5949
5276
4278
1658
-1084
-2215
-3335
-5594
-6729
-5637
-4493
-4211
-3578
-1851
-513
-993
-1170
-207
-388
-1082
-545
632
1401
1780
2809
4253
4469
3395
2722
2315
510
-1689
-2928
-3613
-4130
-4590
-3986
-2469
-1601
-839
572
1601
1461
1078
1155
916
-25
-842
-786
-836
-1476
-1485
-1085
-1373
-1703
-432
1629
2428
2944
4409
5656
5408
4406
4104
3038
355
-1438
-1993
-3214
-4814
-5100
-4089
-3279
-3071
-2491
-1352
-1027
-1613
-1546
-1311
-1807
-1876
-1087
62
981
1577
2850
4222
4167
3386
2903
2199
633
-1091
-2048
-2549
-3027
-3089
-2169
-1047
-404
393
1335
1662
1288
815
468
-89
-767
-1162
-1193
-1028
-788
-350
-60
-228
489
2277
3378
3847
4593
5667
6088
5114
4295
3595
1427
-935
-2075
-3023
-4636
-5567
-5002
-4064
-3453
-3020
-1912
-794
-953
-1019
-637
-798
-938
-761
-55
916
1364
2136
3454
3975
3461
2836
2353
1318
-345
-1713
-2422
-2920
-3260
-2888
-1948
-1117
-257
738
1494
1770
1563
1302
1006
370
-344
-873
-1142
-1206
-1232
-1235
-1318
-922
500
1952
2851
3645
4632
5464
5154
4312
3718
2153
23
-1344
-2346
-3561
-4555
-4555
-3858
-3339
-3121
-2543
-1875
-2041
-2299
-2172
-2212
-2196
-1947
-1093
200
1095
2038
3343
4233
4220
3670
3090
2151
618
-973
-2000
-2592
-3132
-3110
-2499
-1791
-1085
-472
216
557
249
31
-89
-430
-876
-1268
-1187
-909
-802
-574
-421
-37
1282
2690
3439
4122
4958
5433
4991
4075
3246
1599
-526
-1750
-2693
-4029
-4719
-4384
-3844
-3204
-2519
-1910
-1197
-1131
-1466
-1422
-1657
-1771
-1465
-957
193
1308
2200
3575
4625
4599
4216
3796
2710
1089
-471
-1642
-2363
-2960
-2892
-2070
-1390
-590
404
995
1175
947
556
158
-507
-1172
-1421
-1461
-1446
-1062
-572
-400
242
1818
3199
3942
4663
5503
5910
5255
4308
3573
1795
-370
-1604
-2765
-4055
-4800
-4810
-4185
-3587
-3231
-2423
-1509
-1607
-1898
-1619
-1665
-1872
-1779
-1130
88
830
1705
3360
4284
4387
4487
4228
3278
1802
279
-862
-1875
-2854
-3023
-2502
-2130
-1604
-772
-90
180
-53
-204
-272
-842
-1420
-1570
-1570
-1436
-1057
-573
-219
582
2201
3518
4158
4813
5462
5505
4598
3600
2601
598
-1422
-2487
-3426
-4527
-5078
-4728
-4039
-3566
-3220
-2495
-1807
-2038
-2246
-2022
-2051
-2012
-1721
-923
252
1002
1951
3353
4064
4054
4064
3746
2723
1474
274
-717
-1587
-2362
-2323
-1824
-1564
-1008
-196
299
327
126
20
-290
-963
-1451
-1616
-1788
-1739
-1150
-649
-382
861
2825
4067
4749
5637
6538
6327
5045
4165
3010
614
-1405
-2406
-3466
-4618
-4926
-4331
-3658
-3289
-2865
-2075
-1739
-2181
-2349
-2241
-2224
-2159
-1808
-671
525
1220
2460
3919
4432
4480
4570
4215
3223
1842
718
-48
-1198
-2052
-1895
-1626
-1502
-1068
-349
240
195
-76
-8
-273
-1107
-1607
-1785
-2029
-1996
-1630
-1117
-377
961
2842
4335
5224
6066
6729
6415
5268
4055
2322
85
-1724
-3027
-4117
-4918
-5000
-4472
-3803
-3153
-2709
-2298
-2035
-2245
-2548
-2688
-2631
-2443
-2000
-997
121
1124
2324
3442
4053
4200
4068
3645
2755
1598
609
-196
-1036
-1627
-1605
-1354
-1206
-871
-368
-67
-139
-311
-426
-824
-1388
-1805
-2136
-2271
-2122
-1901
-1640
-804
791
2355
3624
4906
6050
6605
6351
5706
4675
2761
535
-1238
-2817
-4416
-5395
-5496
-5160
-4642
-4027
-3153
-2409
-2364
-2436
-2409
-2660
-2949
-2939
-2433
-1628
-769
514
2137
3422
4313
5071
5407
5040
4166
3009
1847
632
-692
-1450
-1581
-1626
-1452
-906
-216
214
247
285
209
-307
-993
-1592
-2059
-2312
-2233
-2001
-1606
-482
1246
2816
4097
5433
6605
6916
6456
5932
4906
2867
805
-659
-2101
-3584
-4492
-4589
-4271
-4023
-3676
-3005
-2579
-2708
-2815
-2805
-3014
-3266
-3161
-2528
-1765
-1021
219
1675
2729
3629
4441
4870
4875
4403
3672
2943
1923
775
27
-468
-979
-1223
-1108
-968
-924
-873
-760
-720
-920
-1224
-1531
-1881
-2066
-2104
-2186
-1960
-992
442
1749
3002
4453
5722
6186
6067
5791
4795
2956
1163
-414
-2086
-3634
-4580
-4803
-4665
-4510
-4053
-3205
-2769
-2764
-2681
-2727
-3030
-3336
-3288
-2897
-2420
-1660
-435
929
2068
3089
4027
4680
4850
4503
3991
3342
2339
1336
551
-77
-576
-912
-978
-901
-918
-1003
-949
-906
-1094
-1389
-1684
-1933
-2030
-2040
-2070
-1804
-948
76
941
1943
3078
3918
4287
4382
4229
3477
2305
1169
-28
-1289
-2325
-2998
-3302
-3322
-3208
-2824
-2257
-1923
-1741
-1554
-1505
-1628
-1787
-1858
-1736
-1510
-1161
-508
282
1077
1887
2561
3082
3456
3505
3317
2982
2475
1902
1309
804
471
220
53
67
190
289
415
504
461
254
-74
-363
-642
-895
-1124
-1246
-970
-428
33
542
1247
1873
2124
2147
2099
1722
995
231
-402
-1032
-1683
-2020
-1977
-1840
-1688
-1397
-976
-631
-528
-530
-546
-666
-917
-1152
-1200
-1175
-1124
-908
-508
-36
354
679
1003
1210
1254
1200
1076
854
549
296
155
38
-44
-5
98
192
267
322
374
376
259
125
39
-98
-289
-487
-623
-677
-689
-570
-350
-183
-32
145
225
119
-80
-245
-529
-947
-1215
-1374
-1536
-1543
-1365
-1065
-704
-321
102
515
798
912
979
957
778
586
443
298
159
111
201
310
341
375
482
510
411
313
237
103
-15
-64
-89
-75
7
146
311
456
561
630
655
596
466
328
142
-78
-281
-468
-627
-714
-697
-642
-601
-534
-446
-405
-414
-486
-624
-761
-888
-1008
-1066
-1063
-986
-796
-533
-281
1
321
595
806
935
1024
1114
1132
1113
1120
1115
1107
1124
1175
1206
1226
1268
1284
1245
1157
1020
837
602
393
201
-11
-162
-229
-251
-231
-153
-63
41
115
170
181
90
-67
-226
-416
-656
-877
-1010
-1040
-1055
-1063
-994
-885
-833
-846
-932
-1077
-1239
-1458
-1658
-1759
-1807
-1753
-1532
-1229
-900
-521
-110
291
599
779
923
1025
1019
979
950
907
879
906
960
1005
1027
1085
1193
1217
1131
1070
991
816
609
425
274
127
7
-27
34
98
163
259
338
361
330
261
136
-46
-271
-480
-648
-775
-852
-857
-823
-753
-654
-598
-597
-683
-836
-1059
-1319
-1570
-1805
-1961
-2006
-1939
-1775
-1523
-1203
-835
-451
-118
139
346
496
549
558
568
559
582
669
764
873
1052
1232
1361
1462
1501
1470
1382
1227
1028
826
604
430
342
264
221
261
349
429
502
581
642
669
644
601
554
453
337
285
271
221
167
174
201
155
68
-35
-197
-442
-725
-1013
-1310
-1595
-1812
-1895
-1882
-1801
-1587
-1229
-857
-512
-154
174
386
468
481
458
345
197
116
75
78
170
345
558
718
842
949
965
832
635
442
218
19
-121
-162
-86
11
122
292
422
501
537
498
417
298
161
26
-78
-136
-125
-69
-22
29
83
114
96
21
-103
-258
-439
-628
-796
-967
-1110
-1178
-1188
-1151
-1091
-943
-731
-544
-359
-148
41
162
235
248
224
162
63
-21
-64
-83
-56
38
155
286
377
444
479
440
354
241
115
-5
-95
-132
-109
-43
46
162
295
379
403
399
361
256
81
-41
-124
-238
-320
-334
-297
-242
-186
-126
-65
-55
-95
-162
-261
-382
-481
-569
-638
-626
-574
-481
-326
-142
57
266
445
569
656
671
630
572
471
357
258
187
166
194
239
285
344
394
403
378
339
277
221
162
143
186
266
358
441
544
631
667
645
578
484
366
230
93
-11
-106
-188
-241
-288
-308
-315
-325
-312
-305
-324
-329
-336
-364
-409
-445
-476
-490
-505
-528
-500
-439
-370
-271
-135
11
146
253
329
371
352
313
259
162
65
6
-24
-27
-23
-1
52
77
64
64
53
2
-31
-44
-36
7
62
131
202
241
256
242
199
105
-7
-119
-234
-327
-399
-452
-483
-478
-447
-419
-397
-365
-343
-340
-372
-429
-478
-510
-550
-595
-619
-615
-576
-516
-446
-360
-240
-103
33
156
251
315
360
359
330
289
237
189
161
142
145
179
204
238
273
271
259
259
259
267
276
317
401
485
548
612
659
678
648
569
460
328
186
62
-42
-125
-182
-199
-187
-173
-163
-161
-148
-162
-213
-248
-281
-313
-322
-313
-299
-281
-256
-222
-182
-141
-122
-86
-36
4
39
89
162
210
225
265
305
309
321
332
347
342
352
361
344
323
313
301
265
235
220
218
221
232
243
253
253
257
251
223
188
128
67
3
-61
-127
-170
-188
-210
-217
-198
-160
-147
-163
-185
-220
-285
-384
-474
-536
-598
-647
-672
-672
-665
-652
-605
-531
-458
-393
-311
-204
-130
-66
-2
36
53
51
40
25
5
6
22
48
66
90
122
138
149
148
149
152
158
171
198
217
224
240
251
225
174
135
76
3
-66
-122
-179
-216
-221
-208
-191
-160
-119
-83
-64
-71
-84
-120
-177
-233
-286
-330
-374
-414
-441
-454
-444
-407
-352
-272
-166
-57
60
164
239
275
305
338
359
365
385
419
448
475
507
534
539
536
529
524
510
488
475
467
447
443
436
415
395
372
329
276
232
183
128
70
12
-23
-38
-70
-107
-122
-122
-136
-159
-180
-218
-247
-273
-299
-334
-363
-362
-364
-388
-416
-442
-462
-485
-490
-461
-400
-335
-257
-152
-63
0
58
90
91
78
56
56
57
63
99
153
211
277
351
415
462
480
485
484
463
430
393
365
333
296
249
205
149
69
3
-71
-147
-211
-257
-284
-315
-331
-311
-282
-251
-215
-189
-158
-141
-155
-194
-244
-298
-362
-417
-467
-510
-535
-550
-552
-543
-511
-466
-430
-397
-358
-316
-292
-274
-261
-249
-235
-215
-180
-140
-86
-32
27
96
170
238
307
389
450
484
505
516
509
472
431
381
320
258
200
142
94
62
32
9
-12
-15
-11
7
28
48
80
121
150
173
194
204
197
180
154
115
64
1
-46
-90
-121
-138
-137
-132
-108
-75
-49
-17
11
34
48
59
56
59
67
79
104
139
167
197
241
286
320
340
364
392
424
424
413
403
383
349
299
236
187
139
72
17
-36
-80
-114
-155
-195
-217
-220
-210
-210
-206
-189
-164
-148
-142
-143
-154
-159
-181
-217
-258
-311
-355
-385
-418
-433
-425
-413
-379
-334
-288
-233
-186
-152
-116
-88
-72
-52
-24
9
43
81
116
155
202
233
255
268
267
277
282
271
250
224
194
143
93
46
-7
-62
-113
-153
-196
-229
-253
-264
-276
-288
-275
-253
-246
-232
-206
-183
-172
-167
-173
-185
-195
-220
-249
-293
-340
-372
-405
-433
-441
-418
-367
-303
-229
-145
-47
33
104
172
219
254
288
317
341
365
389
418
454
493
549
600
627
659
677
674
664
616
562
503
430
358
287
223
167
114
59
13
-42
-95
-140
-183
-224
-246
-242
-224
-200
-174
-127
-76
-53
-57
-66
-80
-100
-147
-210
-256
-306
-363
-398
-418
-433
-431
-399
-362
-318
-278
-228
-171
-123
-76
-35
9
48
106
170
231
298
367
437
505
562
608
641
652
644
624
577
516
452
373
286
205
140
89
39
-9
-42
-75
-89
-108
-130
-140
-140
-131
-114
-94
-70
-42
-23
-4
-6
-27
-62
-97
-142
-214
-278
-339
-401
-458
-510
-542
-560
-565
-551
-526
-498
-469
-426
-380
-344
-317
-298
-272
-241
-221
-205
-169
-120
-72
-24
31
91
141
176
192
193
178
148
113
59
0
-43
-77
-105
-134
-152
-152
-157
-151
-136
-118
-94
-73
-47
-4
34
75
128
179
217
240
256
268
257
232
209
187
142
104
82
48
30
27
36
43
51
63
78
102
116
136
155
165
182
207
227
234
232
251
264
267
276
285
304
318
323
334
320
287
256
220
163
100
43
-12
-64
-110
-151
-177
-193
-203
-204
-193
-174
-145
-109
-82
-56
-26
11
31
42
42
46
57
54
48
43
38
20
11
-3
-30
-58
-69
-69
-80
-81
-73
-40
-3
32
67
106
140
163
173
171
161
153
146
133
125
118
113
108
96
74
49
19
-10
-36
-67
-93
-120
-138
-156
-179
-204
-231
-254
-274
-299
-317
-321
-312
-295
-274
-255
-237
-215
-211
-214
-220
-238
-257
-277
-288
-292
-285
-270
-254
-234
-231
-222
-215
-218
-229
-236
-232
-221
-198
-166
-127
-77
-24
27
65
90
110
123
134
137
132
136
145
150
150
149
156
157
160
157
148
136
122
117
105
93
76
58
44
32
17
8
8
20
30
48
76
106
137
157
162
170
169
165
158
148
141
139
142
151
166
173
182
189
188
174
152
137
130
123
122
128
148
176
203
220
237
249
255
245
238
220
196
178
159
142
126
112
96
90
80
64
61
56
44
34
18
2
-16
-45
-78
-111
-138
-170
-193
-203
-209
-205
-199
-191
-177
-168
-168
-169
-179
-194
-201
-214
-224
-230
-229
-219
-212
-200
-192
-182
-180
-182
-181
-182
-181
-179
-171
-164
-143
-115
-88
-63
-39
-14
4
13
12
12
11
3
-8
-15
-19
-32
-36
-35
-32
-28
-26
-15
-9
-12
-14
-20
-34
-53
-72
-88
-107
-125
-131
-127
-124
-119
-108
-96
-90
-81
-73
-66
-63
-56
-48
-47
-43
-37
-30
-18
-15
-16
-15
-18
-17
-10
-4
4
16
30
47
66
87
101
115
127
140
162
179
198
213
224
234
228
221
220
217
213
209
207
209
216
218
225
236
238
244
247
239
216
187
166
143
122
114
111
104
104
105
112
118
123
121
115
109
110
113
120
135
146
148
151
152
140
123
92
63
34
15
2
-1
-1
-6
-14
-31
-43
-65
-83
-95
-112
-129
-137
-141
-143
-139
-136
-139
-149
-158
-173
-187
-208
-218
-207
-198
-197
-199
-208
-224
-246
-269
-293
-319
-344
-361
-364
-367
-375
-373
-348
-320
-290
-264
-243
-219
-192
-167
-138
-106
-82
-56
-33
-7
11
10
-4
-21
-25
-47
-63
-57
-37
0
27
38
54
73
94
109
119
125
127
129
141
154
170
182
188
193
171
154
124
78
51
34
35
41
38
53
35
-1
-27
-51
-65
-78
-90
-120
-153
-170
-158
-114
-60
-27
-33
-73
-91
-83
-47
9
43
63
78
94
124
139
139
134
97
70
53
45
42
58
113
128
136
158
171
179
168
161
154
151
193
244
270
293
302
285
278
280
271
285
290
294
285
261
245
224
232
237
225
204
178
183
183
182
169
122
94
84
99
115
99
67
35
39
63
70
56
23
-11
-23
-45
-95
-149
-203
-238
-259
-307
-372
-430
-468
-469
-445
-400
-370
-353
-361
-373
-375
-387
-390
-361
-302
-264
-263
-252
-242
-255
-245
-235
-225
-190
-148
-124
-106
-92
-69
-39
-21
-4
-33
-36
-4
8
15
19
4
-18
-26
-38
-66
-80
-85
-68
-55
-53
-34
-29
-22
-10
11
19
40
52
42
6
-34
-58
-86
-114
-120
-121
-137
-121
-94
-82
-68
-40
-3
15
-28
-89
-111
-63
-12
27
65
72
57
44
32
8
11
83
190
238
233
246
299
397
536
658
748
823
923
1027
1057
1032
991
971
945
872
736
591
463
334
190
33
-149
-308
-405
-495
-628
-767
-871
-954
-1012
-1054
-1089
-1109
-1069
-990
-870
-731
-592
-466
-328
-181
-56
11
10
8
22
96
192
283
265
205
181
133
-14
-123
-93
51
716
2017
2819
2478
1997
2027
2035
1706
1502
1505
1492
1483
1528
1248
497
-537
-1397
-1659
-1709
-2248
-2922
-2917
-2652
-2792
-3140
-3310
-3149
-2692
-2222
-1716
-1101
-547
-99
475
990
1071
1079
1447
1988
2295
2212
1910
1786
1633
1022
337
14
-217
-539
-798
-1099
-1438
-1704
-1907
-1990
-1992
-2026
-1909
-1571
-1307
-1364
-1197
310
2882
4370
3955
3282
3410
3450
2948
2614
2470
2220
2011
1839
1197
-142
-1900
-3062
-2923
-2626
-3413
-4183
-3839
-3351
-3472
-3761
-3628
-2831
-1694
-752
192
1203
1784
2078
2645
3045
2852
2717
2980
3205
3009
2347
1656
1382
928
-161
-1059
-1285
-1468
-1792
-2023
-2255
-2377
-2283
-2126
-1888
-1547
-1315
-836
-67
335
148
52
280
639
1670
3683
5322
5226
4046
3018
2367
1506
800
632
631
362
-105
-851
-1880
-3048
-3926
-3780
-2724
-2039
-2212
-2269
-1957
-1720
-1605
-1294
-571
654
1839
2596
2959
2926
2474
2189
2317
2200
1789
1620
1582
1245
433
-728
-1443
-1394
-1181
-1273
-1362
-1375
-1432
-1502
-1679
-1766
-1391
-778
-203
232
297
155
94
116
99
151
64
-142
-279
-524
-284
1400
3129
2724
1072
281
325
266
381
650
578
401
375
136
-420
-1329
-2045
-1480
-155
-83
-1288
-2038
-2040
-1990
-2000
-1797
-1115
-155
340
274
34
-249
-473
-125
638
934
849
1024
1120
690
-22
-542
-308
408
718
550
443
171
-513
-1133
-1405
-1271
-827
-328
-100
-373
-1055
-1488
-1260
-787
-702
-759
-325
159
34
-695
-1328
-242
2885
5093
4285
2323
1558
1772
1880
2034
2250
2113
1854
1840
1318
-212
-1950
-2568
-1523
-175
-538
-2003
-2566
-2365
-2391
-2545
-2184
-1100
209
989
1081
852
714
823
1396
2136
2403
2306
2391
2330
1627
696
86
68
339
148
-460
-790
-1120
-1791
-2359
-2407
-2043
-1565
-1193
-1119
-1385
-1525
-1194
-556
-4
167
279
627
780
322
-328
-369
1285
4144
5178
3209
1002
474
738
968
1426
1629
1069
447
77
-761
-1972
-2737
-2371
-908
35
-907
-2444
-2866
-2676
-2364
-1658
-572
494
1069
828
128
-341
-329
117
959
1716
1673
1144
631
-105
-860
-1093
-842
-247
248
-61
-854
-1268
-1428
-1595
-1512
-1112
-500
38
36
-465
-1060
-1191
-630
128
492
335
149
221
76
-549
-1146
-1442
-726
1861
4387
3795
1214
56
819
1602
1968
2547
2637
1852
1195
698
-254
-1088
-1077
-319
418
-127
-1983
-3148
-2925
-2431
-1929
-1072
-194
121
-230
-794
-1085
-716
228
1260
2162
2418
1703
919
672
497
471
947
1424
1383
731
-430
-1178
-1108
-992
-937
-719
-602
-787
-1151
-1501
-1826
-1785
-995
87
596
305
-232
-324
29
179
-98
-147
28
673
2778
4743
3955
1604
765
1713
2415
2336
2465
2220
1039
-37
-641
-1147
-1415
-1372
-1107
-727
-1189
-2621
-3282
-2753
-2111
-1439
-564
59
-21
-568
-778
-416
345
1196
1784
2152
1941
922
76
-48
28
168
397
245
-345
-1015
-1706
-1883
-1453
-1321
-1432
-1250
-1052
-1103
-1210
-1092
-872
-594
-22
516
555
192
-86
194
815
794
116
-301
-529
-232
1758
3796
3191
1092
281
991
1351
1225
1664
1795
839
-71
-455
-757
-1010
-1036
-610
-104
-590
-1875
-2391
-2128
-1810
-1240
-467
-34
-248
-821
-960
-537
1
534
997
1251
1038
358
-129
-106
126
381
530
289
-266
-780
-1036
-784
-386
-487
-674
-497
-483
-825
-922
-651
-418
-181
301
729
622
183
65
472
747
440
-55
-203
-284
-327
910
3094
3662
2119
913
1125
1460
1330
1721
2424
1944
480
-393
-487
-516
-593
-387
36
-176
-1397
-2313
-2226
-1875
-1320
-514
26
-29
-700
-1161
-759
-137
425
1072
1492
1402
813
116
-3
387
712
794
576
14
-501
-851
-1083
-904
-570
-429
-408
-662
-1014
-1027
-770
-395
-104
69
251
272
55
-87
55
310
380
216
-157
-544
-879
-825
582
2587
3014
1607
158
-94
224
476
1255
2023
1474
105
-696
-813
-864
-796
-371
36
-319
-1452
-2324
-2318
-1906
-1298
-618
-321
-684
-1390
-1567
-1053
-368
295
852
1105
852
104
-458
-244
449
828
717
443
-44
-663
-980
-713
-43
417
324
-170
-653
-826
-694
-288
212
448
495
443
187
-153
-327
-156
250
543
398
-223
-862
-1253
-861
916
2816
3025
1714
464
198
635
1356
2286
2551
1727
627
-61
-368
-429
-219
230
546
50
-1097
-1821
-1935
-1647
-913
-420
-515
-923
-1304
-1149
-570
-59
550
1208
1314
705
-23
-215
217
686
768
653
342
-261
-625
-533
-242
178
424
214
-197
-574
-676
-268
201
327
221
26
-175
-307
-387
-258
135
399
280
-90
-696
-1256
-1349
-886
425
2107
2563
1475
188
-283
140
986
1977
2525
1925
720
-46
-279
-217
107
568
815
412
-760
-1835
-2066
-1751
-1191
-717
-675
-880
-1252
-1544
-1356
-848
-250
307
438
-18
-638
-870
-642
-150
259
213
-88
-317
-460
-373
-124
-5
59
24
-147
-367
-534
-523
-324
-207
-369
-613
-724
-623
-317
-50
21
-34
-243
-539
-831
-999
-898
-468
573
1928
2334
1534
615
391
983
1845
2652
2990
2225
980
276
128
330
710
1038
1011
172
-1057
-1636
-1583
-1403
-841
-226
-306
-715
-1110
-1320
-925
-274
400
1063
1028
384
-62
-77
257
672
813
789
704
424
64
-6
241
474
481
227
-198
-564
-650
-570
-524
-540
-540
-633
-785
-600
-232
-271
-437
-370
-472
-843
-936
-819
-926
-949
-462
555
1581
1717
1013
522
674
1154
1765
2272
2108
1314
542
67
-26
186
340
346
145
-510
-1321
-1619
-1506
-1295
-879
-556
-660
-949
-1188
-1104
-571
-21
245
315
206
-117
-378
-308
-9
329
531
534
384
104
-120
-72
306
787
848
422
-69
-311
-349
-240
75
275
5
-377
-448
-332
-234
-239
-342
-459
-654
-1030
-1378
-1498
-1416
-1177
-602
474
1487
1605
1052
713
885
1322
1868
2414
2510
1802
670
-53
-127
165
601
746
330
-440
-1189
-1569
-1555
-1331
-954
-661
-736
-1071
-1257
-1136
-846
-460
-74
126
16
-319
-519
-436
-149
226
423
293
-15
-243
-290
-63
371
608
440
148
-72
-256
-241
52
307
312
153
-5
-56
-46
-25
16
-55
-309
-688
-1035
-1073
-916
-861
-762
-366
421
1379
1971
2029
1766
1511
1688
2294
2574
2243
1740
1200
637
347
430
574
541
331
-70
-676
-1190
-1264
-1006
-755
-642
-639
-782
-1077
-1262
-1050
-585
-183
-12
-113
-370
-643
-724
-545
-366
-256
-106
-89
-325
-589
-642
-307
280
552
363
60
-198
-268
-84
186
336
276
155
108
44
-114
-286
-415
-530
-672
-849
-1019
-1155
-1216
-1097
-819
-105
1073
1792
1562
1198
1119
1134
1421
1897
2055
1715
1073
467
206
246
536
867
770
134
-592
-1070
-1258
-1144
-832
-549
-516
-799
-1204
-1351
-1169
-813
-421
-172
-246
-617
-1021
-1188
-1067
-765
-434
-264
-333
-506
-575
-430
-80
272
400
368
345
216
7
65
451
708
634
442
206
-32
-111
-47
-103
-284
-385
-481
-806
-1193
-1286
-1046
-704
-320
383
1253
1566
1252
1085
1252
1452
1759
2165
2175
1712
1212
905
834
980
1205
1290
1007
410
-167
-540
-657
-509
-213
-99
-313
-693
-1007
-1109
-980
-707
-488
-492
-664
-805
-918
-955
-790
-486
-226
-121
-132
-157
-116
33
306
569
706
750
596
233
79
271
454
453
318
48
-282
-510
-580
-579
-571
-608
-830
-1164
-1299
-1265
-1247
-1119
-824
-505
-73
624
1174
1060
717
828
1120
1250
1501
1752
1502
938
701
756
733
855
1163
1044
459
-39
-363
-663
-750
-589
-489
-618
-854
-1150
-1486
-1510
-1071
-648
-573
-692
-864
-1039
-1078
-946
-726
-498
-340
-333
-427
-419
-222
62
302
442
463
435
367
255
239
404
561
470
217
3
-81
-47
-20
-127
-292
-452
-639
-828
-974
-1043
-1047
-1002
-894
-544
113
763
980
851
790
894
1121
1554
1946
1943
1683
1520
1472
1412
1441
1580
1534
1135
641
229
-198
-497
-503
-477
-587
-803
-1138
-1423
-1426
-1191
-955
-878
-905
-1035
-1286
-1384
-1180
-838
-497
-142
78
11
1
247
508
756
1060
1150
882
605
571
654
713
758
722
519
191
-75
-205
-338
-418
-427
-530
-718
-970
-1294
-1566
-1605
-1375
-1015
-612
-80
458
668
613
650
837
1110
1492
1834
1967
1889
1697
1548
1558
1669
1782
1762
1449
947
427
-121
-583
-820
-905
-989
-1152
-1435
-1750
-1908
-1829
-1641
-1538
-1493
-1488
-1576
-1627
-1496
-1160
-664
-189
48
95
115
229
462
701
837
922
942
780
497
273
172
162
213
183
-1
-255
-482
-593
-625
-682
-754
-821
-918
-1087
-1278
-1422
-1407
-1194
-909
-588
-124
396
662
673
733
914
1080
1348
1755
2016
2009
1907
1809
1670
1578
1614
1652
1468
1018
500
23
-495
-830
-830
-811
-937
-1139
-1428
-1701
-1777
-1718
-1610
-1442
-1247
-1094
-1039
-1022
-829
-446
-44
288
478
516
517
556
654
794
909
1009
1043
932
701
502
421
423
462
485
396
205
4
-175
-283
-323
-359
-451
-652
-896
-1033
-1050
-968
-747
-482
-230
132
492
615
659
840
1120
1433
1725
1940
2075
2164
2195
2152
2025
1895
1809
1615
1278
908
471
-60
-478
-725
-963
-1195
-1379
-1582
-1816
-1991
-2060
-2023
-1934
-1811
-1623
-1437
-1310
-1167
-972
-750
-508
-284
-92
78
210
293
327
339
354
324
211
128
137
118
10
-128
-213
-228
-262
-356
-443
-524
-655
-817
-937
-1046
-1124
-1152
-1145
-1092
-1014
-943
-839
-605
-216
155
307
373
531
742
998
1286
1506
1674
1799
1861
1879
1756
1554
1498
1495
1368
1173
939
629
297
-37
-301
-391
-409
-520
-721
-911
-1036
-1087
-1112
-1075
-940
-826
-778
-689
-578
-481
-357
-230
-109
0
52
48
92
139
170
229
303
415
516
503
410
349
328
301
240
147
59
-27
-160
-308
-445
-569
-657
-679
-665
-687
-741
-739
-639
-471
-257
1
226
373
520
675
821
1063
1307
1449
1600
1719
1720
1728
1717
1680
1670
1519
1319
1232
1048
701
464
289
107
-40
-261
-512
-654
-780
-931
-1053
-1196
-1241
-1173
-1188
-1238
-1221
-1215
-1218
-1177
-1165
-1161
-1037
-855
-722
-643
-600
-548
-420
-301
-227
-173
-141
-106
-65
-62
-53
-40
-100
-176
-202
-236
-313
-398
-480
-528
-537
-569
-581
-524
-460
-382
-260
-160
-77
50
194
332
535
750
924
1131
1267
1263
1288
1368
1435
1486
1449
1365
1327
1214
1009
870
725
513
350
188
18
-102
-260
-466
-619
-729
-786
-813
-881
-932
-987
-1072
-1076
-1021
-987
-933
-829
-729
-653
-565
-486
-398
-286
-214
-140
-4
102
132
161
211
278
329
312
269
254
245
197
105
-1
-108
-170
-224
-293
-355
-374
-346
-313
-266
-122
46
157
320
460
497
597
765
905
1091
1225
1227
1275
1324
1280
1277
1249
1154
1116
1017
775
595
424
206
102
16
-168
-330
-454
-612
-732
-836
-932
-953
-961
-1018
-1055
-1059
-1067
-1028
-967
-918
-819
-691
-580
-470
-386
-309
-167
-18
82
200
310
366
420
475
478
481
478
439
398
296
137
-9
-145
-270
-352
-449
-550
-543
-501
-515
-504
-429
-282
-89
69
178
292
400
515
660
788
895
1015
1102
1141
1152
1093
998
913
815
676
507
326
145
-45
-242
-414
-537
-663
-801
-915
-1044
-1159
-1234
-1320
-1376
-1349
-1314
-1302
-1245
-1176
-1117
-1003
-896
-805
-659
-520
-387
-223
-117
-55
74
231
365
469
516
565
618
593
522
475
430
362
304
207
88
-20
-151
-227
-221
-229
-231
-173
-136
-69
77
171
263
449
584
729
965
1048
1091
1266
1355
1401
1484
1477
1474
1498
1379
1220
1143
1016
832
658
442
221
57
-147
-386
-552
-695
-855
-986
-1109
-1229
-1274
-1285
-1313
-1276
-1201
-1137
-1005
-878
-789
-679
-576
-433
-233
-99
35
221
355
451
543
575
568
571
560
536
466
346
238
163
78
-33
-140
-277
-385
-411
-455
-512
-496
-404
-324
-257
-135
-28
61
197
308
395
524
671
754
820
903
967
1000
994
942
873
806
720
591
417
268
117
-63
-255
-441
-577
-677
-816
-959
-1071
-1192
-1261
-1280
-1326
-1340
-1303
-1272
-1257
-1223
-1157
-1077
-977
-867
-741
-580
-414
-277
-177
-68
63
150
215
291
344
395
454
471
433
385
334
263
185
101
39
3
-51
-152
-220
-247
-283
-252
-158
-100
-2
148
227
280
428
567
681
890
1060
1167
1309
1388
1402
1443
1457
1456
1478
1410
1291
1190
1016
828
684
499
325
195
22
-164
-309
-459
-605
-711
-815
-900
-960
-997
-1010
-1009
-990
-960
-898
-840
-787
-693
-588
-490
-376
-288
-241
-183
-100
-31
24
72
110
126
117
110
91
61
39
6
-62
-122
-176
-239
-288
-325
-361
-375
-352
-309
-243
-187
-121
-17
81
176
310
431
526
661
768
832
938
1023
1051
1100
1112
1057
1049
1008
908
836
733
579
464
316
118
2
-111
-284
-414
-525
-682
-782
-872
-981
-1022
-1035
-1071
-1062
-1018
-998
-965
-906
-871
-828
-730
-621
-509
-408
-338
-287
-227
-181
-136
-61
-15
5
8
-19
-43
-71
-128
-174
-212
-272
-329
-371
-415
-460
-483
-479
-452
-421
-385
-326
-230
-108
7
116
231
328
425
568
681
801
982
1089
1144
1236
1245
1228
1264
1226
1167
1161
1064
917
823
671
508
417
272
114
19
-118
-247
-321
-431
-531
-569
-611
-657
-655
-648
-657
-636
-584
-529
-458
-389
-343
-282
-197
-137
-86
-17
38
99
158
172
168
183
177
171
148
79
8
-57
-109
-143
-176
-245
-309
-345
-373
-387
-354
-312
-264
-167
-88
-32
49
158
277
416
550
661
795
906
969
1038
1087
1106
1109
1059
967
904
828
695
556
414
267
139
-13
-179
-310
-426
-533
-626
-733
-838
-900
-937
-947
-933
-914
-885
-851
-836
-818
-778
-725
-663
-570
-489
-428
-368
-339
-291
-206
-140
-96
-63
-54
-36
-13
-27
-57
-68
-91
-138
-172
-225
-274
-298
-323
-331
-323
-321
-309
-297
-280
-200
-95
-6
94
192
273
389
507
584
684
779
839
907
933
901
878
841
790
755
685
578
472
358
232
119
23
-89
-205
-299
-391
-472
-524
-586
-640
-665
-663
-660
-645
-625
-592
-532
-486
-446
-390
-308
-205
-106
-38
31
90
156
232
283
346
407
440
451
457
440
408
408
387
335
306
261
201
175
146
121
134
137
132
162
197
239
327
382
411
495
578
624
689
728
729
777
805
768
762
737
650
580
500
362
283
217
55
-58
-168
-350
-452
-529
-673
-742
-798
-910
-966
-1022
-1123
-1141
-1129
-1160
-1132
-1080
-1059
-989
-930
-908
-826
-735
-653
-532
-416
-343
-239
-141
-99
-33
46
93
152
219
234
247
236
184
154
148
127
121
119
99
93
84
65
71
113
164
231
303
363
427
460
509
574
621
702
766
786
829
844
793
774
758
698
666
615
500
414
343
205
95
-3
-157
-249
-336
-490
-592
-660
-771
-834
-881
-958
-984
-989
-1022
-999
-948
-931
-864
-797
-761
-670
-573
-500
-382
-263
-183
-78
23
72
131
190
218
279
320
302
300
292
251
250
248
207
208
210
188
201
210
215
259
313
347
401
444
480
565
633
693
775
831
868
904
918
921
950
968
967
962
926
853
777
705
611
535
468
351
214
89
-53
-195
-301
-409
-515
-594
-686
-793
-872
-932
-983
-997
-994
-984
-958
-932
-911
-874
-807
-732
-657
-581
-521
-461
-386
-318
-267
-217
-183
-162
-132
-116
-111
-100
-91
-93
-91
-98
-111
-99
-98
-96
-65
-45
-40
-5
40
73
131
185
217
291
354
382
443
510
559
628
674
660
666
691
667
652
651
592
529
466
337
238
168
43
-57
-142
-266
-374
-479
-622
-717
-754
-790
-795
-793
-821
-822
-798
-783
-731
-631
-529
-418
-314
-247
-178
-89
1
87
194
283
348
411
419
423
438
427
427
431
399
371
328
252
191
124
51
20
-10
-61
-96
-126
-171
-185
-181
-172
-124
-77
-47
17
84
138
210
285
358
447
527
568
614
669
682
706
734
700
676
661
593
519
462
360
273
203
80
-19
-92
-194
-280
-346
-437
-496
-533
-589
-616
-630
-645
-626
-600
-585
-542
-493
-452
-393
-331
-271
-185
-97
-33
23
68
103
144
187
220
248
269
262
238
216
177
141
121
92
67
46
21
-4
-33
-50
-48
-38
-26
1
19
36
61
69
84
124
148
170
206
208
201
207
174
139
122
81
34
3
-57
-129
-190
-257
-326
-378
-432
-497
-547
-585
-624
-657
-676
-706
-707
-679
-669
-644
-605
-568
-516
-457
-394
-310
-219
-153
-67
19
86
172
247
312
387
448
478
511
532
532
543
546
533
526
523
491
468
451
422
411
410
394
380
381
363
348
353
348
343
354
345
329
321
298
277
271
235
192
162
109
49
4
-53
-112
-158
-218
-290
-347
-404
-466
-506
-552
-605
-626
-650
-682
-694
-702
-704
-681
-654
-630
-585
-531
-477
-408
-340
-271
-185
-98
-5
96
197
281
355
427
490
551
614
667
712
743
753
759
763
757
752
742
726
706
673
623
571
529
492
459
421
374
329
282
231
175
125
84
46
-7
-64
-125
-183
-230
-275
-325
-374
-421
-471
-520
-576
-618
-649
-683
-718
-752
-783
-807
-829
-850
-854
-851
-845
-836
-832
-813
-781
-739
-696
-646
-593
-533
-464
-387
-311
-230
-147
-69
16
101
177
253
334
405
462
520
568
617
664
694
719
748
759
766
764
743
735
725
701
681
661
624
585
546
490
443
406
351
299
247
176
119
62
-6
-57
-102
-154
-200
-253
-316
-367
-402
-445
-482
-507
-537
-560
-580
-614
-630
-633
-638
-632
-622
-623
-599
-563
-552
-527
-484
-448
-399
-334
-287
-231
-165
-108
-46
27
93
168
250
314
375
451
510
568
636
682
726
774
806
822
842
850
864
886
881
865
848
820
784
749
697
642
595
533
463
395
319
245
177
95
18
-48
-126
-202
-275
-348
-417
-475
-533
-591
-639
-680
-722
-755
-785
-812
-827
-834
-838
-841
-830
-814
-792
-766
-744
-713
-663
-613
-567
-516
-469
-416
-352
-288
-232
-170
-103
-41
19
74
127
185
242
293
345
391
428
465
496
524
553
580
601
612
623
624
619
614
600
581
564
534
495
456
407
360
315
261
202
148
85
21
-41
-112
-176
-237
-298
-351
-400
-460
-513
-558
-602
-635
-664
-688
-710
-722
-732
-733
-725
-708
-683
-651
-616
-573
-524
-476
-426
-366
-305
-242
-171
-105
-39
36
99
159
230
291
352
419
470
525
578
620
657
699
727
756
788
802
818
834
838
840
835
813
793
773
743
707
676
635
587
539
479
420
362
303
240
182
114
43
-23
-94
-165
-226
-288
-352
-409
-469
-529
-577
-623
-663
-688
-714
-739
-753
-761
-764
-759
-745
-715
-673
-633
-593
-550
-505
-451
-392
-331
-264
-199
-141
-81
-23
33
92
144
192
239
287
327
355
378
396
409
426
435
439
445
444
425
405
388
363
339
317
289
258
230
192
155
117
85
53
26
2
-29
-63
-90
-123
-156
-182
-209
-231
-255
-290
-320
-348
-382
-405
-428
-448
-465
-483
-505
-523
-535
-546
-547
-541
-520
-505
-491
-480
-462
-437
-401
-356
-314
-265
-219
-176
-131
-83
-36
19
75
129
183
235
275
309
351
393
435
476
513
542
566
582
596
609
621
629
631
631
627
618
608
594
577
565
547
524
501
475
443
412
382
347
314
282
243
202
162
116
72
33
-13
-58
-99
-146
-189
-228
-268
-305
-332
-361
-380
-399
-417
-432
-443
-450
-450
-440
-431
-420
-404
-387
-368
-344
-321
-298
-266
-235
-208
-181
-154
-135
-111
-84
-62
-39
-22
-2
14
29
40
46
56
66
77
80
82
84
84
91
97
103
111
117
122
132
140
147
153
157
160
163
165
163
161
156
150
143
130
115
94
71
48
22
-7
-39
-74
-104
-143
-176
-204
-234
-259
-289
-318
-339
-358
-373
-378
-381
-378
-370
-365
-357
-343
-320
-300
-273
-241
-214
-184
-154
-127
-101
-72
-40
-9
20
40
59
79
94
106
118
128
133
139
141
145
150
145
149
156
163
169
176
179
187
197
204
214
225
237
250
265
281
293
309
323
331
337
340
340
338
335
330
320
307
287
269
248
223
197
166
139
110
81
54
23
-4
-32
-60
-83
-102
-117
-129
-135
-141
-143
-145
-151
-150
-145
-138
-130
-120
-112
-104
-96
-90
-83
-78
-74
-70
-70
-72
-78
-88
-93
-96
-100
-107
-111
-117
-122
-126
-130
-128
-126
-124
-121
-115
-108
-101
-87
-76
-58
-44
-27
-14
-1
13
24
41
56
66
71
76
77
73
71
62
53
45
28
11
-8
-28
-51
-69
-93
-118
-135
-157
-176
-191
-203
-213
-218
-225
-232
-232
-233
-228
-222
-217
-207
-192
-178
-164
-149
-135
-117
-100
-84
-65
-50
-34
-21
-10
1
12
24
37
49
59
66
77
83
85
91
100
110
116
125
133
141
149
157
166
175
182
190
198
199
204
208
209
212
217
219
217
211
204
199
193
180
168
153
139
123
102
81
66
49
34
18
0
-13
-27
-35
-44
-51
-57
-62
-63
-66
-69
-68
-65
-63
-60
-58
-56
-49
-45
-40
-33
-27
-19
-12
-9
-3
5
11
16
22
26
32
38
42
47
49
56
58
63
70
72
73
77
80
82
82
84
83
81
83
78
76
77
70
67
61
52
44
38
27
14
5
-9
-20
-38
-52
-67
-80
-92
-106
-119
-130
-144
-155
-164
-173
-181
-187
-196
-203
-209
-215
-216
-221
-222
-226
-228
-228
-228
-225
-223
-221
-217
-210
-210
-206
-198
-194
-187
-173
-162
-152
-137
-125
-114
-100
-86
-73
-56
-43
-31
-18
0
11
27
40
50
69
81
91
106
119
127
138
147
153
164
174
182
188
190
192
191
191
187
190
190
189
191
187
180
173
163
158
152
145
137
128
120
113
107
96
90
84
73
68
58
55
49
42
38
34
28
25
22
19
18
15
13
12
10
9
8
8
8
9
15
16
19
21
23
26
27
29
33
34
38
37
39
46
49
52
54
56
58
61
59
54
53
52
50
49
43
37
35
30
22
15
9
1
-4
-10
-20
-26
-36
-49
-57
-66
-77
-85
-95
-108
-117
-122
-133
-140
-146
-153
-157
-161
-170
-178
-181
-187
-186
-184
-186
-182
-180
-179
-175
-173
-167
-161
-153
-144
-137
-129
-127
-118
-108
-100
-92
-81
-69
-57
-44
-32
-20
-7
5
19
29
38
47
55
67
76
85
92
99
106
111
116
119
124
124
126
125
125
125
126
124
122
118
115
115
108
104
97
92
84
78
70
63
60
50
42
36
29
23
16
7
1
-4
-8
-13
-16
-21
-22
-26
-27
-28
-31
-28
-30
-30
-30
-29
-28
-25
-20
-17
-13
-13
-12
-9
-7
-2
3
4
8
12
14
14
15
16
16
18
18
18
17
12
9
9
8
8
5
6
6
6
2
-1
-3
-3
-2
2
1
-2
-2
-6
-7
-7
-11
-11
-12
-17
-15
-19
-21
-20
-24
-24
-22
-20
-18
-18
-19
-19
-20
-16
-15
-14
-14
-12
-15
-13
-15
-13
-12
-10
-5
-6
-2
0
-1
1
4
3
3
5
4
1
3
3
1
-1
-1
-4
-5
-9
-14
-16
-19
-23
-28
-31
-36
-37
-39
-41
-43
-40
-41
-42
-39
-38
-37
-33
-34
-33
-28
-30
-30
-26
-25
-22
-18
-18
-16
-14
-10
-8
-6
-4
-2
1
3
3
4
7
12
16
20
23
28
31
36
42
46
51
54
56
61
63
68
70
75
78
77
80
81
80
80
78
73
71
66
61
57
53
50
47
43
37
29
27
24
18
13
7
2
-1
-5
-10
-14
-16
-20
-20
-23
-28
-29
-31
-32
-35
-35
-40
-41
-42
-48
-49
-49
-52
-54
-54
-54
-55
-54
-55
-55
-53
-53
-49
-51
-48
-46
-41
-36
-32
-27
-23
-16
-11
-6
-1
7
13
20
27
30
32
37
42
44
45
48
54
53
51
51
51
49
48
46
43
41
40
37
32
27
24
20
13
9
5
3
-2
-6
-13
-19
-23
-30
-33
-38
-42
-44
-47
-49
-53
-55
-57
-60
-61
-64
-66
-71
-75
-76
-77
-78
-80
-76
-78
-79
-75
-76
-74
-72
-71
-69
-61
-54
-49
-41
-31
-18
-12
-6
4
12
21
27
34
45
52
57
64
70
74
79
84
87
92
98
100
99
101
102
102
103
103
103
102
100
98
95
94
92
91
87
85
82
77
70
63
56
48
44
39
32
28
21
13
7
0
-8
-11
-18
-27
-32
-41
-51
-58
-63
-68
-73
-77
-82
-84
-85
-89
-91
-88
-87
-85
-83
-84
-82
-78
-80
-72
-64
-60
-56
-53
-52
-52
-48
-44
-36
-26
-21
-18
-14
-9
-9
-5
0
6
13
17
20
23
27
30
31
36
42
43
48
46
46
46
47
47
47
49
48
48
47
43
41
37
34
33
29
26
21
16
12
8
3
-3
-5
-8
-11
-10
-16
-22
-25
-29
-32
-36
-38
-41
-44
-47
-45
-47
-48
-47
-48
-48
-47
-47
-47
-42
-42
-42
-39
-38
-35
-32
-28
-27
-22
-19
-15
-12
-11
-7
-4
0
1
5
10
16
18
19
22
24
28
29
32
35
40
43
44
42
43
44
46
49
50
49
49
47
46
46
45
44
42
39
39
37
36
33
32
31
30
29
28
24
20
16
15
12
10
9
8
7
3
4
1
-1
-2
-5
-6
-8
-11
-10
-12
-12
-12
-12
-11
-13
-14
-14
-16
-15
-14
-16
-15
-15
-16
-13
-14
-12
-13
-15
-14
-16
-15
-16
-16
-13
-13
-14
-14
-15
-17
-15
-14
-17
-15
-16
-16
-17
-18
-17
-17
-17
-16
-19
-16
-17
-19
-19
-19
-19
-18
-19
-20
-21
-21
-21
-21
-17
-16
-16
-17
-16
-16
-13
-13
-14
-11
-12
-10
-6
-8
-6
-3
-4
-1
2
1
3
5
5
8
8
8
9
12
13
12
10
10
9
10
12
10
10
12
12
13
15
14
13
14
13
13
14
15
13
13
11
11
13
13
11
13
16
13
16
15
12
15
11
13
10
7
6
5
4
5
3
2
2
0
2
2
1
3
5
6
7
7
10
12
12
16
18
21
20
20
25
29
27
29
29
30
31
30
30
28
29
29
30
29
29
25
24
24
21
18
16
12
9
5
4
1
-2
-5
-8
-12
-16
-19
-22
-24
-26
-28
-31
-32
-34
-35
-35
-36
-39
-40
-42
-45
-46
-47
-50
-53
-51
-53
-51
-52
-53
-53
-51
-50
-50
-49
-48
-44
-40
-37
-35
-32
-28
-25
-21
-17
-14
-8
-4
-1
3
7
12
11
15
17
18
20
22
22
22
25
25
27
29
27
27
27
27
27
25
24
22
22
20
20
19
18
19
18
14
14
12
12
11
10
9
8
8
7
6
3
2
1
0
-1
-4
-4
-2
-4
-3
-2
-5
-5
-5
-1
-1
-2
2
1
5
8
6
8
9
10
12
13
14
16
18
19
22
22
21
21
22
24
25
29
28
28
28
27
27
25
24
24
24
24
22
20
16
13
10
10
11
11
8
7
5
2
2
1
0
2
2
1
-3
-5
-8
-12
-14
-14
-15
-15
-19
-20
-22
-24
-28
-28
-28
-28
-28
-27
-31
-32
-33
-37
-35
-34
-33
-31
-31
-31
-31
-30
-28
-29
-27
-27
-22
-20
-20
-21
-20
-21
-18
-16
-12
-11
-11
-10
-11
-12
-12
-11
-10
-7
-6
-3
-3
-5
-5
-6
-3
-2
-4
-2
0
0
-1
1
3
2
5
5
8
8
5
11
11
12
15
16
15
15
15
15
13
14
16
16
17
17
15
16
14
14
16
15
15
15
16
16
15
15
16
18
15
15
16
12
13
14
15
17
18
18
18
18
17
15
12
14
13
15
13
13
14
9
9
6
5
9
9
8
6
3
1
0
-1
-2
1
1
0
-2
-7
-8
-6
-7
-6
-6
-7
-7
-6
-8
-7
-10
-8
-5
-4
-4
-3
-1
-2
0
1
2
1
4
4
2
2
2
2
0
-1
-2
-3
-3
-4
-3
-3
-4
-5
-5
-5
-6
-6
-5
-7
-7
-9
-11
-13
-12
-12
-11
-11
-10
-10
-11
-13
-12
-15
-16
-16
-17
-17
-19
-19
-20
-19
-23
-21
-20
-23
-24
-23
-23
-23
-19
-15
-15
-14
-14
-14
-14
-15
-14
-12
-6
-7
-5
-2
-4
1
4
2
5
5
4
6
7
9
6
10
11
12
15
14
11
13
11
10
14
14
13
12
15
13
13
13
14
15
14
14
15
14
13
14
12
12
11
11
13
14
14
14
14
15
16
16
12
12
11
16
17
16
18
18
16
14
12
13
11
8
7
7
7
6
5
5
4
5
9
9
8
7
4
6
6
7
6
7
9
6
6
3
2
4
4
2
3
5
1
-1
-3
-5
-4
-6
-8
-7
-7
-6
-8
-7
-6
-4
-6
-4
-6
-8
-8
-10
-10
-14
-13
-14
-16
-17
-19
-21
-21
-19
-19
-19
-20
-21
-20
-19
-19
-19
-22
-21
-18
-20
-19
-19
-19
-17
-17
-16
-18
-19
-18
-18
-17
-16
-16
-15
-14
-13
-11
-10
-10
-10
-10
-10
-9
-9
-9
-7
-8
-9
-10
-7
-5
-6
-3
-1
-1
-1
1
-1
1
3
3
7
9
10
12
14
15
15
16
14
16
17
19
19
20
22
21
23
21
22
22
25
24
24
26
22
26
26
25
24
24
24
23
23
23
24
21
21
20
18
16
17
15
16
13
12
9
8
7
6
7
8
7
8
7
4
3
-1
1
0
0
-4
-7
-8
-11
-10
-9
-10
-10
-9
-11
-12
-11
-11
-13
-13
-11
-13
-11
-13
-13
-14
-15
-13
-11
-9
-7
-5
-6
-6
-4
-1
3
2
4
4
1
1
0
0
0
2
1
1
3
1
0
-1
-3
-5
-4
-6
-7
-8
-8
-9
-9
-9
-11
-9
-11
-10
-11
-13
-14
-17
-21
-20
-18
-19
-19
-21
-20
-21
-21
-23
-23
-24
-26
-23
-21
-25
-23
-23
-25
-24
-23
-23
-22
-19
-19
-15
-12
-11
-9
-8
-8
-2
0
0
0
3
5
6
9
11
13
17
18
21
21
21
22
21
23
27
30
30
32
29
31
31
32
31
31
31
29
28
25
24
24
23
23
23
21
19
20
22
20
20
18
18
19
18
17
17
15
12
13
9
8
5
5
5
6
2
1
2
-2
-2
-3
-5
-6
-5
-6
-5
-4
-7
-9
-8
-8
-9
-9
-9
-10
-8
-7
-9
-8
-7
-10
-8
-8
-11
-11
-12
-13
-13
-11
-11
-10
-9
-11
-10
-9
-8
-7
-7
-6
-8
-8
-9
-10
-9
-7
-7
-7
-7
-7
-9
-12
-11
-11
-8
-9
-6
-4
-6
-4
-6
-8
-6
-7
-7
-8
-9
-10
-10
-10
-11
-11
-11
-10
-9
-9
-12
-12
-11
-11
-10
-11
-11
-13
-12
-12
-11
-10
-12
-10
-8
-7
-7
-5
-5
-6
-5
-4
-2
-1
2
2
4
4
5
5
7
8
8
9
8
8
8
8
8
8
9
9
10
12
11
13
13
11
10
12
12
11
13
12
13
16
17
18
18
19
18
20
20
19
17
16
16
18
19
18
17
16
16
16
14
14
15
16
16
18
16
16
15
15
16
16
15
16
16
12
11
11
9
10
6
7
7
5
3
-1
-3
-3
-4
-3
-5
-4
-7
-10
-10
-13
-15
-17
-15
-18
-22
-23
-24
-23
-23
-26
-23
-21
-23
-22
-23
-23
-23
-22
-22
-22
-23
-23
-22
-22
-22
-20
-19
-17
-17
-17
-15
-15
-13
-12
-11
-8
-8
-5
-5
-5
-2
-3
-2
-1
0
3
1
2
4
3
4
4
3
4
4
2
3
3
4
5
7
4
4
6
3
1
1
0
2
1
-1
0
-1
-1
0
-2
-5
-4
-4
-2
-2
-3
-3
-4
-3
-3
-4
-1
-1
-1
-1
-1
1
1
2
1
3
7
4
6
6
8
8
10
10
10
11
12
11
10
13
13
17
17
16
18
18
17
19
19
19
22
21
18
18
18
18
20
20
19
18
17
17
16
16
14
12
13
13
12
10
8
9
10
10
7
7
8
5
8
5
2
3
2
3
2
1
-1
-3
-7
-7
-9
-10
-12
-14
-13
-14
-14
-16
-17
-18
-17
-18
-17
-20
-21
-22
-21
-20
-20
-21
-21
-21
-20
-23
-24
-23
-24
-23
-21
-18
-18
-17
-18
-17
-17
-17
-15
-16
-15
-15
-13
-12
-12
-10
-7
-7
-5
-4
-6
-6
-5
-6
-4
-4
-4
-3
-2
-1
-2
-1
0
3
3
4
4
2
2
4
4
4
4
3
3
3
4
7
4
5
7
6
6
6
7
6
3
2
4
4
4
5
7
10
9
11
10
10
11
11
11
10
9
7
5
7
8
8
11
14
14
13
14
14
16
15
14
13
14
16
15
15
16
16
15
14
13
16
15
14
13
14
13
11
13
13
13
13
12
13
11
9
8
11
10
10
9
6
6
7
7
5
6
5
4
6
4
3
2
-2
-3
-3
-4
-6
-4
-5
-7
-6
-8
-9
-10
-10
-12
-14
-14
-14
-16
-19
-22
-22
-24
-24
-25
-26
-25
-28
-29
-26
-27
-28
-24
-26
-25
-25
-26
-25
-25
-21
-22
-20
-19
-18
-17
-19
-19
-17
-19
-17
-14
-15
-14
-10
-9
-8
-6
-7
-6
-4
-2
-1
1
2
1
4
5
5
6
5
7
8
8
9
8
8
9
10
9
10
12
11
12
12
13
14
12
13
13
12
14
13
11
12
11
11
12
12
12
14
14
12
13
13
12
14
13
14
15
14
14
14
12
10
11
11
11
13
14
14
12
11
12
11
11
12
12
11
12
11
10
12
12
10
9
8
9
9
9
9
10
8
9
7
6
6
6
5
4
5
4
2
2
1
0
0
-2
-2
-1
0
-1
-2
-3
-4
-6
-7
-9
-11
-13
-12
-10
-10
-9
-8
-10
-12
-12
-13
-14
-15
-16
-19
-21
-21
-21
-20
-21
-23
-21
-21
-22
-23
-23
-23
-25
-26
-26
-25
-25
-24
-24
-22
-21
-20
-18
-18
-18
-15
-17
-18
-16
-15
-16
-12
-14
-13
-10
-8
-7
-5
-4
-3
1
2
3
6
6
6
7
10
8
9
10
11
11
13
14
14
14
14
19
17
17
17
17
17
17
15
15
15
14
15
17
17
17
17
18
17
18
18
17
18
18
15
14
15
15
15
13
16
15
13
13
13
12
11
10
12
9
5
5
2
2
4
5
3
3
3
5
5
3
4
4
4
2
4
3
2
4
3
3
4
6
4
4
2
1
0
0
-5
-5
-5
-7
-5
-7
-4
-5
-4
-5
-6
-6
-6
-6
-7
-8
-10
-8
-10
-10
-12
-9
-9
-9
-9
-11
-10
-10
-10
-10
-8
-8
-7
-7
-8
-10
-13
-13
-13
-13
-11
-9
-10
-9
-10
-12
-12
-11
-13
-12
-12
-11
-13
-13
-14
-15
-16
-16
-17
-20
-18
-18
-18
-15
-15
-16
-14
-12
-10
-10
-7
-7
-5
-3
-2
0
2
1
1
3
3
2
3
4
5
7
6
7
9
9
10
10
12
10
13
14
14
14
15
15
16
17
16
19
16
17
19
18
19
19
20
18
18
18
15
12
11
13
11
11
12
10
11
11
8
11
11
10
11
10
10
10
8
9
6
5
5
5
4
6
5
4
4
5
4
2
3
3
1
1
0
1
1
-1
-3
-2
-2
-1
0
-1
-2
-4
-4
-3
-7
-5
-5
-7
-8
-10
-8
-9
-9
-10
-11
-12
-12
-12
-13
-12
-14
-12
-11
-13
-10
-11
-12
-10
-9
-8
-10
-8
-7
-8
-7
-5
-7
-6
-5
-3
0
-2
-2
-3
-3
-3
-3
-5
-5
-4
-4
-4
-4
-4
-4
-3
-2
-2
-2
-5
-6
-6
-6
-6
-8
-8
-9
-8
-7
-7
-8
-9
-6
-6
-7
-7
-8
-7
-7
-6
-6
-7
-5
-7
-6
-6
-6
-4
-1
-1
1
4
4
4
4
5
4
6
6
6
5
7
7
5
9
8
8
11
11
12
13
13
12
11
13
13
15
16
18
18
16
16
15
14
14
15
15
16
14
13
13
12
13
12
11
9
10
10
8
7
7
6
8
6
6
6
7
7
7
7
6
5
5
4
1
2
0
-1
-1
0
0
-2
-1
0
-1
-4
-5
-2
-7
-8
-6
-9
-8
-8
-13
-12
-8
-8
-7
-7
-10
-8
-7
-8
-8
-8
-6
-7
-7
-9
-7
-8
-8
-8
-7
-6
-6
-6
-7
-7
-8
-8
-9
-9
-8
-8
-6
-6
-7
-7
-7
-5
-5
-5
-6
-6
-6
-6
-8
-7
-6
-8
-13
-11
-10
-10
-11
-11
-11
-8
-10
-9
-7
-8
-7
-7
-8
-11
-11
-11
-11
-9
-7
-6
-7
-6
-8
-8
-9
-8
-4
-4
-4
-3
-2
-1
0
1
3
5
7
8
10
12
12
13
17
18
17
19
18
18
19
19
20
22
22
22
24
22
21
20
20
18
16
15
14
16
15
13
14
12
12
12
11
12
13
12
15
16
14
12
12
10
10
13
12
8
7
7
5
4
3
2
4
5
2
0
1
0
-1
-2
-4
-4
-2
-4
-6
-4
-7
-10
-10
-11
-11
-10
-11
-11
-12
-11
-11
-10
-12
-11
-13
-13
-12
-13
-14
-13
-12
-12
-12
-13
-14
-16
-19
-19
-18
-17
-16
-16
-17
-17
-16
-15
-17
-16
-17
-16
-16
-13
-11
-10
-7
-8
-7
-8
-9
-9
-7
-6
-5
-6
-2
0
-1
0
0
3
4
3
6
5
7
8
4
4
5
2
3
3
1
0
1
-1
-1
1
-1
-2
1
0
1
1
3
6
6
7
7
7
7
7
6
6
8
6
8
9
10
11
11
10
12
12
11
12
9
10
11
11
11
12
11
12
13
12
11
10
10
7
8
10
9
9
11
9
9
9
10
9
11
10
7
6
7
8
7
5
8
8
8
8
8
8
7
6
6
5
3
0
0
-4
-3
-3
-6
-4
-3
-3
-3
-5
-7
-8
-8
-7
-7
-9
-8
-7
-8
-7
-5
-7
-4
-3
-4
-5
-6
-8
-9
-8
-10
-8
-10
-10
-7
-9
-10
-13
-15
-14
-14
-15
-13
-15
-14
-15
-17
-15
-14
-15
-14
-12
-11
-8
-8
-9
-9
-8
-10
-7
-9
-8
-5
-6
-6
-7
-8
-8
-9
-7
-6
-4
-4
-1
1
1
1
0
0
-1
0
-1
1
1
0
1
2
3
3
2
2
3
2
4
5
5
5
6
8
8
8
6
5
6
7
5
4
3
3
5
6
9
8
8
8
10
9
6
9
9
12
11
10
10
11
11
11
13
14
16
18
20
