13
14
12
12
11
11
7
10
9
7
8
8
7
8
6
6
9
7
6
5
4
4
4
2
2
5
3
3
2
2
1
-2
-4
-1
-2
-6
-4
-3
-5
-6
-3
-6
-8
-7
-9
-6
-7
-8
-8
-9
-10
-10
-10
-10
-10
-10
-10
-9
-12
-11
-11
-13
-13
-12
-12
-12
-11
-11
-10
-10
-10
-11
-11
-11
-13
-13
-14
-12
-11
-11
-10
-11
-12
-12
-13
-14
-12
-14
-13
-11
-10
-9
-9
-9
-9
-7
-8
-6
-4
-5
-5
-4
-3
-3
-3
-3
-3
-2
-1
0
1
0
0
1
2
0
0
2
3
4
2
5
4
4
5
6
6
8
10
9
10
11
11
12
11
13
12
11
11
9
9
10
10
10
10
9
9
10
10
8
9
9
7
9
8
9
10
9
10
11
11
12
14
12
10
12
13
12
13
13
12
12
12
11
10
10
10
10
11
9
9
8
10
9
8
7
6
6
5
4
6
4
3
2
1
3
3
1
2
2
1
-1
0
-2
-4
-4
-6
-8
-7
-6
-7
-9
-11
-11
-12
-14
-15
-13
-12
-15
-17
-16
-17
-17
-16
-17
-15
-15
-17
-15
-15
-18
-17
-18
-20
-19
-19
-19
-16
-15
-16
-15
-14
-14
-13
-14
-14
-12
-13
-13
-12
-8
-11
-9
-8
-10
-10
-5
-7
-6
-6
-8
-6
-3
-4
-3
1
0
-1
0
2
5
5
5
4
7
8
7
9
8
9
8
8
8
9
8
9
9
9
10
9
9
10
9
11
10
11
12
11
12
10
10
9
11
10
9
10
7
10
9
9
8
8
9
7
8
9
7
7
9
9
11
10
8
12
13
12
13
11
12
12
12
11
10
10
10
11
10
9
8
8
5
6
5
3
3
2
3
3
2
2
2
3
1
1
1
1
0
-1
-1
1
-3
-2
-1
-3
-3
-3
-4
-4
-5
-5
-7
-7
-8
-9
-9
-10
-9
-10
-10
-9
-12
-11
-10
-11
-12
-10
-11
-13
-11
-9
-9
-10
-11
-10
-12
-12
-12
-12
-11
-11
-10
-10
-10
-11
-11
-12
-13
-10
-11
-11
-12
-12
-11
-10
-11
-12
-10
-9
-12
-12
-12
-11
-11
-13
-12
-11
-11
-9
-9
-9
-8
-5
-4
-5
-4
-1
0
-1
2
2
4
6
4
3
4
7
6
6
6
6
6
7
8
7
8
7
8
10
11
11
12
12
11
15
15
16
18
17
17
19
19
19
18
18
16
18
18
16
15
16
15
13
14
11
12
12
11
13
11
9
9
10
10
9
7
7
7
7
8
7
7
5
7
6
5
4
5
5
4
4
2
2
4
2
2
2
2
0
1
3
1
1
0
1
0
-1
-2
0
1
-3
-1
-3
-4
-4
-3
-2
-5
-6
-7
-7
-9
-9
-10
-12
-11
-12
-14
-14
-13
-16
-14
-15
-15
-14
-14
-16
-16
-17
-17
-17
-18
-18
-16
-18
-18
-17
-16
-17
-17
-18
-17
-18
-18
-18
-16
-17
-18
-15
-13
-15
-13
-9
-11
-11
-10
-11
-8
-7
-7
-8
-7
-8
-5
-4
-6
-6
-4
-2
-2
-2
-1
-1
2
3
2
4
7
6
8
8
9
12
12
13
13
14
15
15
17
15
15
17
15
16
18
18
17
18
19
21
23
22
21
22
20
19
22
20
21
19
19
18
18
18
17
19
18
18
16
16
15
14
15
15
15
15
14
13
11
10
11
9
6
6
5
5
3
2
1
0
-1
0
-2
-4
-3
-4
-5
-3
-5
-5
-3
-3
-5
-4
-7
-10
-8
-8
-9
-9
-11
-11
-12
-13
-14
-16
-16
-16
-16
-17
-18
-18
-16
-17
-17
-20
-20
-18
-18
-18
-18
-18
-19
-15
-16
-17
-16
-16
-15
-15
-14
-12
-13
-13
-13
-14
-13
-11
-12
-13
-11
-12
-10
-11
-10
-10
-10
-8
-8
-8
-7
-6
-6
-7
-5
-5
-4
-4
-3
-2
0
2
1
3
5
6
4
6
3
3
6
3
6
7
7
8
7
8
10
9
9
11
11
9
8
11
12
13
14
14
13
14
13
14
15
15
15
15
15
15
14
15
17
18
17
17
17
17
16
17
15
15
15
14
13
15
14
15
16
14
14
13
13
12
11
10
11
9
6
7
5
4
6
4
1
3
2
0
-1
0
-1
-3
-4
-7
-8
-5
-8
-7
-7
-8
-8
-8
-8
-8
-9
-11
-12
-12
-12
-13
-15
-13
-13
-13
-13
-13
-12
-9
-12
-12
-10
-9
-9
-11
-12
-10
-11
-14
-13
-12
-13
-14
-13
-12
-13
-11
-10
-9
-10
-9
-9
-10
-9
-8
-7
-7
-6
-7
-6
-5
-7
-5
-5
-5
-5
-6
-5
-5
-6
-8
-5
-4
-5
-4
-3
-3
-3
-2
-2
-1
0
0
0
2
2
2
1
2
0
2
2
-1
1
3
-1
3
3
3
3
2
3
5
5
3
5
5
6
7
7
9
10
10
9
11
9
10
11
11
9
10
9
8
9
9
8
7
8
7
7
10
11
12
11
14
14
13
14
15
15
15
15
15
15
15
16
15
15
14
13
15
16
15
15
14
10
12
10
7
8
5
3
3
5
2
0
1
-1
-1
0
0
-4
-5
-4
-6
-9
-7
-8
-9
-9
-8
-8
-9
-11
-10
-11
-14
-15
-13
-15
-15
-15
-16
-16
-15
-16
-15
-15
-16
-14
-14
-15
-14
-13
-13
-12
-12
-12
-14
-12
-12
-12
-10
-11
-11
-9
-11
-10
-8
-9
-9
-8
-7
-7
-6
-6
-6
-4
-4
-4
-3
-5
-6
-6
-6
-5
-5
-7
-4
-7
-4
-4
-3
-2
-1
-1
-1
1
0
1
3
2
2
2
0
2
4
2
1
4
3
2
4
4
4
6
7
6
8
8
8
7
10
11
10
12
12
13
14
14
13
14
12
12
14
13
13
11
8
11
10
11
11
12
13
13
11
12
12
9
11
10
10
10
11
12
12
12
11
11
11
10
11
9
11
10
8
7
5
4
5
5
4
5
7
7
5
5
5
3
3
2
3
2
1
0
-2
-1
-1
-4
-3
-3
-4
-5
-3
-6
-6
-7
-10
-11
-11
-13
-13
-13
-17
-17
-18
-20
-19
-18
-20
-23
-20
-21
-24
-22
-22
-22
-22
-22
-21
-19
-18
-16
-16
-17
-15
-16
-17
-12
-12
-13
-10
-10
-8
-7
-6
-4
-4
-3
-4
-2
-1
-1
0
1
2
3
4
3
4
5
6
4
4
5
4
4
4
4
4
5
4
3
5
4
0
2
2
1
2
3
3
3
5
3
5
5
5
5
6
9
9
7
6
7
7
7
8
7
7
10
10
8
10
11
9
11
11
10
13
13
12
13
13
13
13
16
16
15
15
15
14
15
13
12
14
12
10
8
10
8
7
8
8
7
8
8
7
8
7
7
6
3
4
4
3
2
3
2
3
4
5
2
1
2
1
1
0
-2
-2
-1
-2
-3
-3
-3
-5
-4
-4
-7
-8
-10
-7
-7
-10
-11
-10
-14
-16
-14
-16
-17
-19
-19
-16
-18
-21
-22
-21
-25
-25
-24
-25
-25
-23
-20
-25
-26
-22
-25
-24
-21
-21
-22
-22
-21
-18
-18
-19
-15
-15
-16
-14
-11
-11
-11
-8
-5
-3
-3
-2
0
0
2
6
6
7
8
12
11
10
13
13
14
13
13
14
14
15
16
17
17
16
15
13
14
14
15
17
16
16
15
15
14
16
18
17
16
18
17
15
18
15
14
14
12
12
14
15
14
13
14
12
12
12
13
12
11
11
11
11
10
8
8
8
7
6
6
7
4
4
5
4
5
3
0
0
-2
-4
-3
-4
-6
-6
-4
-5
-6
-6
-6
-5
-6
-5
-6
-5
-7
-9
-7
-7
-8
-9
-8
-9
-8
-8
-9
-10
-10
-11
-10
-8
-8
-9
-10
-9
-10
-8
-7
-9
-8
-6
-7
-8
-8
-8
-9
-11
-10
-9
-11
-10
-9
-12
-12
-12
-12
-13
-10
-11
-11
-9
-12
-12
-11
-12
-11
-11
-12
-11
-11
-10
-9
-9
-10
-12
-11
-11
-10
-10
-9
-10
-8
-5
-7
-5
-3
-3
-2
0
1
2
0
2
5
5
5
8
10
10
12
12
11
13
15
16
15
16
17
18
18
18
20
19
16
18
19
19
18
19
17
16
18
18
16
18
19
18
18
15
15
14
13
12
11
12
11
12
12
8
7
6
4
6
6
5
3
4
3
2
4
0
-2
0
-1
-2
-1
-3
-4
-4
-6
-6
-5
-6
-6
-3
-4
-6
-6
-9
-10
-8
-8
-11
-12
-13
-10
-10
-11
-10
-11
-12
-8
-7
-8
-8
-7
-7
-9
-10
-9
-9
-9
-6
-3
-8
-6
-3
-5
-5
-4
-4
-4
-4
-6
-5
-4
-5
-5
-5
-5
-4
-4
-5
-6
-5
-3
-4
-3
-3
-3
-2
-1
-1
-1
-1
-2
-3
-4
-3
-4
-5
-5
-5
-3
-7
-7
-6
-7
-6
-6
-9
-8
-7
-6
-6
-7
-7
-6
-7
-5
-4
-4
-5
-4
-4
-2
0
-2
-2
1
3
2
3
4
5
6
9
8
8
8
9
8
10
11
9
11
10
10
11
12
12
11
12
13
12
11
13
13
11
14
14
14
14
12
12
13
12
12
12
11
11
11
11
11
9
8
9
6
4
4
3
3
4
3
4
6
5
5
6
4
4
6
6
5
4
3
1
0
-3
-2
-2
-1
-1
-4
-2
-4
-5
-4
-6
-6
-6
-6
-7
-6
-6
-9
-11
-9
-9
-10
-11
-10
-12
-11
-11
-12
-12
-13
-14
-13
-13
-12
-11
-13
-13
-13
-12
-11
-10
-8
-7
-7
-6
-6
-8
-6
-5
-6
-7
-4
-6
-6
-6
-5
-5
-6
-5
-6
-5
-7
-7
-8
-8
-6
-6
-6
-5
-3
-5
-4
-4
-6
-5
-3
-2
-3
-4
-4
-4
-4
-3
-3
-1
-1
0
0
1
0
-1
0
0
2
2
1
3
3
3
4
4
3
4
7
7
8
7
6
8
11
9
11
13
11
14
14
14
14
15
15
16
16
15
14
15
16
15
18
17
17
18
17
16
16
16
15
14
14
14
15
14
14
11
10
10
10
9
8
7
8
6
5
5
4
5
2
3
2
-1
-1
1
-2
-2
-4
-4
-6
-6
-6
-7
-8
-10
-11
-12
-14
-12
-13
-15
-15
-16
-15
-16
-15
-17
-17
-14
-15
-15
-14
-14
-15
-14
-14
-14
-14
-15
-16
-16
-13
-15
-17
-15
-14
-13
-13
-13
-14
-10
-10
-11
-9
-7
-6
-6
-5
-3
-3
0
-2
-1
1
-1
0
0
-1
0
-2
-2
-3
0
-2
-1
1
-1
0
2
-1
0
3
1
2
3
3
4
2
2
2
2
3
3
3
5
5
6
5
4
5
3
2
3
1
1
1
2
4
3
5
5
5
8
7
6
8
10
11
10
11
11
11
12
11
12
12
14
16
16
15
14
17
18
16
15
15
16
15
15
15
15
15
14
14
15
14
12
12
9
7
7
8
8
5
4
5
4
5
6
3
-1
2
-1
-1
-1
-1
-1
-2
-3
-3
-3
-8
-8
-7
-8
-10
-9
-9
-10
-12
-11
-13
-11
-11
-12
-11
-11
-12
-13
-13
-15
-18
-17
-17
-18
-18
-17
-16
-18
-18
-16
-19
-20
-20
-18
-18
-18
-19
-18
-16
-16
-15
-13
-13
-12
-14
-11
-11
-13
-11
-9
-9
-7
-3
-4
-3
0
-4
-3
-1
-3
0
0
0
3
3
3
5
5
4
6
8
6
5
9
6
7
8
9
8
8
10
12
13
12
11
13
12
14
13
11
13
14
14
14
14
14
13
15
15
13
12
11
11
13
14
14
12
10
11
13
11
10
9
10
9
8
11
9
7
7
7
6
5
4
6
4
2
1
1
-4
-3
0
-3
-2
0
0
-1
-1
1
-1
-1
0
1
0
-2
0
0
0
0
3
3
1
4
2
-2
-2
-1
-1
-1
-1
-4
-4
-3
-4
-5
-7
-9
-8
-7
-7
-8
-9
-7
-9
-10
-9
-10
-10
-8
-8
-12
-11
-11
-13
-13
-12
-10
-12
-11
-9
-11
-11
-12
-14
-10
-12
-13
-11
-11
-10
-8
-7
-9
-10
-9
-7
-7
-7
-8
-7
-9
-9
-6
-8
-7
-5
-4
-3
-3
-2
-3
-1
-1
-1
-1
-1
-1
-2
1
0
2
2
0
3
2
4
4
4
3
5
6
6
6
8
9
8
9
8
10
10
11
13
13
13
13
14
13
13
12
13
10
11
11
10
11
11
11
11
10
8
10
9
8
8
9
8
7
7
7
7
6
6
8
7
5
4
6
4
4
2
4
5
5
5
2
3
5
2
2
4
3
3
5
4
3
3
2
3
3
1
1
-1
-1
-1
-4
-5
-3
-5
-5
-3
-4
-6
-6
-6
-5
-8
-9
-7
-8
-6
-7
-8
-10
-6
-5
-6
-7
-8
-7
-5
-2
-3
-6
-8
-6
-3
-3
-7
-9
-8
-6
-5
-5
-9
-12
-9
-7
-10
-11
-11
-12
-10
-8
-10
-12
-12
-12
-9
-9
-11
-10
-10
-8
-9
-10
-11
-11
-9
-8
-8
-12
-12
-10
-8
-7
-7
-7
-8
-7
-6
-8
-8
-6
-4
-2
-1
0
-1
1
1
2
4
5
6
8
9
11
11
12
13
12
13
17
16
14
14
17
15
16
18
17
17
17
17
17
16
17
18
18
17
18
17
15
15
16
16
14
16
14
12
14
13
11
9
10
12
9
8
11
8
5
4
4
4
3
0
1
0
-3
-2
-2
-2
-2
-4
-3
-5
-6
-5
-6
-7
-5
-5
-5
-6
-5
-4
-4
-3
-4
-5
-4
-4
-5
-5
-7
-7
-4
-5
-6
-4
-5
-6
-6
-7
-7
-10
-10
-9
-10
-11
-9
-8
-7
-7
-7
-8
-9
-8
-6
-8
-9
-9
-9
-7
-6
-5
-9
-8
-8
-9
-11
-9
-12
-12
-12
-11
-12
-13
-12
-12
-13
-13
-10
-9
-10
-9
-8
-6
-8
-6
-6
-8
-8
-8
-6
-4
-4
-5
-4
-4
-5
-6
-7
-6
-6
-4
-2
-2
-3
-3
-1
1
1
1
3
4
7
10
9
11
12
12
15
16
15
14
15
14
15
17
16
15
16
15
16
17
16
15
15
17
19
17
19
20
21
20
22
22
18
18
20
18
17
16
15
13
15
14
12
10
11
10
9
9
9
8
5
7
5
3
2
2
1
2
2
-1
-3
-2
-2
-3
-3
-4
-7
-5
-4
-4
-8
-7
-7
-9
-9
-8
-11
-14
-13
-13
-13
-13
-16
-15
-15
-14
-14
-14
-15
-14
-14
-14
-15
-15
-16
-16
-12
-12
-13
-14
-13
-11
-11
-11
-11
-13
-12
-10
-11
-11
-11
-11
-13
-11
-11
-12
-13
-11
-12
-11
-10
-11
-11
-11
-9
-9
-7
-7
-8
-8
-6
-6
-5
-3
-5
-4
-2
-1
-1
-2
-2
-1
0
2
3
3
5
5
4
5
5
3
5
6
5
6
7
9
7
8
9
9
9
10
11
11
12
15
13
14
14
13
12
15
15
14
13
14
15
13
15
17
17
18
18
16
17
18
17
17
18
16
14
15
14
13
14
14
12
12
11
13
11
7
8
9
7
8
9
7
7
7
5
3
3
1
-1
-1
1
-3
-4
-5
-7
-5
-6
-8
-8
-7
-10
-10
-9
-10
-10
-11
-11
-11
-12
-13
-14
-13
-12
-13
-13
-14
-15
-13
-16
-16
-13
-14
-15
-13
-15
-14
-12
-11
-10
-10
-9
-7
-7
-8
-7
-8
-7
-8
-9
-6
-7
-7
-6
-6
-5
-6
-7
-6
-8
-8
-4
-5
-7
-7
-8
-8
-10
-9
-6
-6
-11
-10
-7
-9
-9
-7
-7
-8
-6
-5
-4
-5
-6
-5
-3
-4
-3
-4
-5
-2
-1
1
0
0
2
4
3
3
1
2
3
5
6
7
6
7
9
11
11
11
12
11
13
14
13
12
12
17
18
18
20
20
20
22
24
23
22
21
23
24
24
23
21
23
23
21
21
20
19
21
20
19
17
17
17
17
17
12
12
11
10
8
5
5
1
-1
-1
-4
-5
-5
-7
-8
-7
-7
-10
-11
-9
-12
-11
-13
-14
-12
-13
-15
-13
-14
-16
-15
-16
-17
-16
-17
-18
-16
-18
-20
-19
-19
-21
-20
-18
-19
-18
-16
-16
-15
-13
-13
-13
-13
-12
-12
-14
-13
-10
-12
-11
-8
-8
-10
-6
-6
-5
-5
-6
-4
-4
-4
-4
-3
-2
-3
-4
-2
-2
-2
-2
0
-1
-1
0
1
3
3
5
4
3
2
4
2
3
3
2
3
5
3
2
2
4
2
2
2
2
1
2
2
2
2
0
0
0
1
-1
0
2
2
4
4
6
5
5
8
10
9
9
11
11
11
14
15
12
14
15
15
13
15
13
13
13
12
14
14
14
15
15
15
14
12
12
11
11
11
11
9
10
10
7
8
8
7
7
6
6
6
7
7
4
3
4
2
1
2
-2
-1
-1
-3
-2
-3
-2
-2
-4
-4
-5
-8
-7
-7
-8
-9
-8
-7
-8
-7
-8
-9
-9
-9
-9
-9
-9
-11
-10
-11
-13
-12
-14
-16
-13
-14
-15
-15
-13
-15
-13
-14
-14
-14
-15
-9
-10
-14
-14
-9
-8
-9
-8
-8
-9
-9
-8
-8
-9
-9
-10
-9
-8
-9
-8
-7
-7
-5
-5
-5
-5
-3
-1
-1
-3
-1
-1
-1
-1
1
0
1
1
1
4
4
3
1
3
2
2
2
1
2
1
4
4
3
3
5
4
4
6
6
6
5
6
6
4
2
5
5
6
9
6
6
5
7
9
7
10
11
11
13
16
15
11
17
15
12
17
16
14
17
19
19
19
17
18
18
18
16
15
16
15
15
13
12
10
11
12
8
7
8
7
8
8
7
6
4
4
4
3
-2
1
-1
-4
-2
-3
-5
-1
-2
-6
-7
-7
-7
-8
-9
-8
-6
-9
-10
-8
-11
-13
-10
-10
-13
-13
-14
-12
-13
-15
-17
-16
-14
-15
-15
-17
-19
-15
-17
-18
-18
-19
-19
-17
-16
-19
-18
-17
-18
-17
-16
-16
-19
-17
-17
-15
-15
-17
-15
-14
-12
-12
-11
-10
-10
-7
-6
-7
-7
-5
-3
-1
-3
-3
0
3
3
3
3
3
4
7
8
9
8
10
10
12
12
12
12
13
13
11
14
12
11
13
12
11
10
10
11
10
9
9
9
9
9
10
11
9
10
10
12
11
9
11
10
11
10
10
8
9
11
10
10
10
12
11
11
11
10
9
10
12
10
10
11
12
14
11
12
12
12
11
9
7
8
6
5
3
3
2
-1
1
0
-2
-1
-2
-2
-2
-3
-3
-2
-2
-1
-2
-1
0
0
-2
-2
-3
-4
-5
-5
-6
-7
-8
-9
-9
-8
-8
-9
-10
-9
-11
-11
-10
-10
-13
-13
-11
-12
-15
-15
-14
-15
-14
-14
-16
-17
-16
-14
-15
-16
-17
-17
-16
-15
-17
-18
-16
-13
-11
-12
-12
-12
-10
-10
-11
-10
-12
-10
-7
-7
-10
-10
-9
-9
-10
-9
-8
-11
-6
-5
-5
-4
-2
-1
-2
0
0
-1
1
2
1
5
6
6
7
9
9
10
15
14
12
14
15
14
16
16
14
18
19
17
18
19
19
18
16
20
19
16
19
17
14
16
17
14
14
14
15
12
11
12
12
13
12
12
12
9
8
8
9
7
7
5
5
4
4
3
1
3
3
3
5
4
4
5
5
5
3
1
0
1
-1
-1
-3
-3
-4
-3
-5
-6
-5
-7
-5
-6
-8
-7
-6
-8
-5
-5
-6
-8
-7
-5
-7
-7
-8
-8
-7
-6
-6
-8
-10
-9
-9
-11
-11
-13
-13
-11
-12
-12
-13
-12
-11
-8
-10
-10
-12
-9
-6
-6
-7
-9
-8
-8
-6
-8
-11
-10
-9
-7
-6
-10
-14
-10
-9
-10
-13
-14
-14
-10
-8
-10
-13
-12
-9
-8
-6
-8
-11
-9
-6
-5
-7
-7
-7
-5
-2
-3
-2
-2
-2
2
4
3
4
5
7
10
12
13
10
9
13
15
14
12
14
15
19
19
19
19
19
20
20
20
19
15
17
19
16
16
15
14
17
18
17
16
15
13
14
13
10
10
9
9
8
8
7
5
6
5
5
2
3
1
0
0
1
-3
-3
1
0
0
1
1
2
3
2
1
1
0
1
-1
-3
-2
-3
-3
-4
-3
-5
-5
-4
-4
-6
-5
-5
-3
-3
-2
-2
-5
-3
-1
-1
-2
-3
-1
0
-1
-1
-3
-4
-7
-8
-8
-9
-14
-13
-12
-12
-12
-11
-14
-14
-12
-12
-13
-15
-11
-10
-10
-10
-13
-14
-11
-12
-11
-11
-14
-14
-10
-8
-9
-11
-9
-12
-11
-12
-16
-16
-16
-15
-12
-12
-12
-10
-8
-7
-6
-5
-7
-3
-3
-3
-1
-1
0
3
4
3
3
3
3
5
6
5
4
4
7
7
7
6
5
7
10
9
9
11
11
14
15
13
15
15
16
17
17
17
16
16
18
20
19
19
19
19
19
19
17
16
16
16
16
16
14
14
15
14
14
12
12
12
11
10
10
8
7
4
6
5
5
2
1
0
-2
1
-1
-2
-2
-3
-3
-3
-4
-5
-7
-7
-5
-6
-6
-7
-8
-6
-4
-6
-7
-7
-7
-7
-9
-10
-11
-12
-11
-11
-13
-13
-14
-11
-8
-8
-10
-11
-12
-10
-9
-11
-13
-13
-11
-10
-9
-11
-10
-10
-9
-9
-11
-9
-10
-10
-6
-7
-8
-7
-5
-4
-5
-5
-5
-5
-4
-1
-1
-1
-3
-3
-3
-6
-6
-6
-8
-6
-8
-7
-7
-11
-10
-10
-10
-8
-9
-6
-5
-5
-4
-3
-2
0
-1
-2
-1
0
0
3
3
4
7
5
5
6
4
4
4
5
6
6
6
8
7
8
8
9
9
10
11
11
11
13
13
14
12
12
13
14
13
13
12
12
13
12
13
14
15
14
14
14
13
15
12
12
15
13
14
13
12
13
12
11
11
13
12
11
11
9
11
9
6
5
4
3
4
6
3
1
2
2
1
0
0
0
-2
1
-1
-4
-6
-4
-3
-6
-5
-8
-6
-9
-9
-8
-11
-12
-12
-13
-15
-16
-16
-17
-19
-18
-19
-18
-17
-19
-18
-18
-20
-20
-21
-20
-19
-19
-19
-17
-17
-17
-16
-17
-15
-12
-12
-14
-11
-12
-12
-10
-10
-10
-8
-9
-6
-7
-6
-5
-4
-1
-2
-1
-1
0
0
2
0
0
3
3
4
5
2
4
4
3
6
6
6
6
7
7
6
6
8
8
9
9
10
8
8
10
11
10
8
8
9
10
9
10
10
10
11
11
10
10
9
9
11
11
9
9
11
11
13
13
11
13
13
12
11
10
8
7
8
6
7
7
5
7
9
7
6
7
6
7
7
5
4
6
6
3
6
4
4
4
2
3
2
4
1
0
3
2
-1
1
-1
-2
-2
-2
-4
-4
-4
-4
-5
-5
-4
-4
-5
-4
-4
-5
-4
-4
-4
-5
-4
-6
-7
-6
-6
-8
-8
-6
-7
-11
-11
-10
-12
-13
-11
-12
-15
-15
-13
-13
-13
-13
-13
-12
-13
-12
-11
-13
-13
-12
-12
-14
-14
-14
-15
-15
-16
-13
-14
-14
-14
-12
-15
-14
-11
-12
-10
-7
-6
-6
-6
-4
-4
-3
-1
-1
0
1
3
4
5
4
7
7
5
7
5
4
8
10
10
12
12
10
13
15
16
14
16
15
16
16
15
15
13
14
15
16
16
14
16
15
16
14
13
13
13
13
11
12
11
11
12
12
9
9
10
9
8
6
7
7
7
7
5
2
3
3
1
3
2
-1
-2
-1
-2
-2
-3
-2
0
-1
-1
-1
-1
-1
-1
-2
-3
-5
-4
-4
-5
-6
-5
-5
-6
-5
-4
-6
-5
-5
-4
-5
-5
-4
-3
-3
-3
-4
-4
-2
-2
-3
-2
-3
-4
-3
-1
-2
-2
-2
-1
-1
-2
-2
-3
-5
-5
-5
-6
-8
-9
-9
-9
-9
-9
-10
-9
-7
-10
-10
-9
-11
-12
-11
-12
-14
-13
-12
-13
-15
-14
-14
-16
-16
-14
-13
-12
-13
-11
-9
-10
-10
-11
-9
-9
-8
-8
-8
-7
-7
-4
-1
-4
-1
2
1
4
5
5
5
6
9
10
11
9
11
11
13
13
13
16
17
17
16
19
18
17
18
18
18
16
19
18
19
18
18
20
17
15
15
15
14
15
15
15
15
13
12
10
10
9
6
7
7
6
5
7
6
4
2
0
1
2
2
0
2
0
0
0
-2
-3
-2
-3
-4
-3
-4
-5
-5
-4
-6
-6
-6
-4
-6
-7
-8
-8
-7
-7
-7
-7
-6
-6
-6
-5
-6
-7
-6
-7
-7
-7
-6
-5
-6
-4
-5
-8
-7
-4
-4
-5
-3
-4
-3
-3
-6
-6
-5
-5
-6
-6
-7
-6
-6
-8
-8
-7
-9
-11
-8
-10
-12
-10
-10
-10
-10
-9
-7
-7
-6
-6
-8
-9
-9
-8
-9
-9
-10
-8
-9
-7
-6
-9
-8
-8
-8
-8
-7
-6
-6
-7
-5
-3
-3
-2
-1
1
0
3
2
4
4
5
5
7
6
6
6
8
7
9
9
11
11
10
11
12
13
14
14
13
15
15
14
15
16
13
15
16
15
17
15
13
16
16
16
17
14
15
16
13
12
13
13
13
14
13
11
12
13
11
12
9
7
7
8
5
4
4
4
6
6
4
4
2
-1
-1
-1
-4
-4
-6
-7
-5
-6
-8
-9
-10
-11
-10
-10
-12
-12
-11
-12
-12
-13
-13
-14
-13
-14
-14
-13
-14
-13
-13
-14
-14
-13
-14
-14
-14
-12
-12
-11
-10
-11
-9
-8
-9
-8
-7
-7
-6
-6
-6
-4
-5
-6
-5
-5
-5
-5
-4
-7
-4
-5
-5
-4
-3
-5
-4
-4
-5
-4
-2
-6
-4
-2
-3
-4
-4
-4
-6
-2
-6
-7
-6
-6
-4
-6
-4
-6
-5
-5
-5
-2
-3
0
0
0
3
6
5
3
3
4
7
6
8
7
7
9
11
11
11
11
11
11
12
13
13
13
14
15
15
15
15
15
17
18
17
17
18
17
17
15
17
19
18
17
18
16
14
15
14
12
12
11
10
9
10
8
9
9
8
9
8
5
5
7
3
5
4
2
1
0
-2
-1
-2
-3
-3
-4
-4
-7
-6
-8
-10
-11
-10
-10
-12
-13
-13
-15
-14
-14
-16
-18
-19
-20
-18
-19
-19
-18
-18
-18
-16
-17
-16
-15
-16
-13
-14
-18
-17
-14
-14
-15
-13
-13
-14
-13
-12
-11
-10
-10
-6
-7
-6
-7
-5
-5
-4
-2
-2
0
0
0
2
3
3
2
1
1
2
2
2
4
4
4
5
2
2
5
3
2
4
4
5
4
5
4
7
5
7
7
7
7
4
6
5
4
3
4
5
4
4
2
5
5
5
4
4
4
3
3
4
2
2
4
5
6
6
5
6
6
6
6
5
6
7
7
10
8
10
11
13
13
12
13
13
13
14
14
13
13
13
14
12
14
13
11
12
13
12
10
9
9
8
8
6
5
5
4
2
5
3
0
1
1
-1
-3
-4
-4
-4
-4
-5
-6
-5
-9
-7
-9
-11
-10
-11
-12
-13
-13
-14
-14
-15
-14
-15
-15
-16
-15
-14
-14
-17
-16
-16
-17
-16
-18
-17
-17
-16
-17
-17
-16
-14
-15
-14
-14
-15
-13
-15
-13
-10
-10
-10
-6
-7
-4
-4
-6
-5
-2
-3
-2
-2
-1
-2
-1
1
0
-1
2
4
2
4
2
5
7
6
8
8
6
9
7
8
7
8
7
7
10
9
8
7
7
7
7
7
5
9
7
8
8
5
6
6
7
7
7
6
5
7
6
7
6
5
5
7
6
7
6
6
7
8
6
5
7
8
9
8
9
9
10
8
8
9
7
6
6
6
6
7
7
7
5
4
4
4
4
2
1
3
4
4
5
4
4
6
5
5
6
5
6
6
7
6
5
2
3
4
2
1
1
-1
-2
-1
-1
-3
-2
-3
-5
-6
-7
-7
-7
-9
-11
-11
-9
-13
-13
-13
-12
-14
-14
-13
-12
-14
-14
-13
-16
-15
-13
-14
-17
-16
-16
-19
-17
-18
-19
-20
-18
-19
-20
-19
-17
-17
-16
-16
-16
-12
-13
-12
-10
-9
-9
-9
-8
-8
-5
-4
-2
1
1
0
4
5
3
4
5
6
6
9
8
9
9
8
9
11
13
13
15
14
13
16
18
15
14
16
13
13
15
14
12
14
12
10
10
11
11
12
11
9
11
11
6
9
8
7
9
8
6
8
8
7
8
6
6
9
8
8
8
7
4
7
6
4
4
6
3
5
7
3
5
5
4
5
4
1
3
3
-1
2
3
3
2
2
4
2
4
3
2
4
3
1
1
0
-2
1
-1
-1
-1
-1
-5
-5
-4
-7
-7
-7
-8
-8
-8
-10
-12
-10
-10
-11
-9
-10
-11
-11
-12
-12
-12
-14
-14
-12
-13
-14
-13
-15
-14
-13
-12
-13
-13
-12
-13
-12
-15
-15
-14
-16
-16
-15
-13
-15
-15
-14
-14
-13
-11
-12
-12
-10
-9
-10
-9
-11
-9
-8
-6
-5
-3
-1
-1
-1
-2
-1
0
1
2
6
5
8
10
9
9
8
9
9
9
11
12
11
12
14
14
15
17
16
18
16
15
19
19
17
17
17
16
16
16
15
16
15
15
14
13
14
13
13
13
14
12
12
11
12
12
12
11
12
11
14
13
10
12
11
10
9
9
8
7
4
3
2
0
-1
-1
-2
-1
-2
-4
-5
-6
-7
-6
-5
-6
-7
-6
-4
-6
-4
-6
-7
-6
-8
-8
-7
-9
-12
-11
-11
-12
-11
-11
-11
-11
-9
-10
-12
-11
-11
-11
-9
-9
-9
-9
-10
-9
-8
-10
-9
-7
-6
-5
-7
-7
-7
-7
-9
-10
-7
-9
-7
-7
-8
-7
-9
-8
-8
-7
-8
-6
-7
-7
-6
-6
-6
-6
-5
-5
-6
-5
-6
-7
-6
-8
-8
-4
-6
-6
-5
-6
-3
-4
-4
-3
-2
-2
-3
-2
-2
-2
-2
1
1
2
3
6
7
3
6
7
4
7
8
5
7
9
9
10
10
11
10
12
12
14
16
14
14
15
14
16
19
16
17
19
18
17
17
16
14
15
15
13
12
13
13
12
12
12
12
11
10
11
11
11
10
10
11
11
9
9
9
7
6
6
6
0
2
3
0
1
2
-2
-2
0
-2
-3
-3
-4
-5
-4
-5
-6
-7
-7
-9
-9
-9
-10
-10
-9
-10
-10
-11
-11
-13
-12
-12
-13
-14
-15
-14
-15
-16
-16
-15
-14
-15
-15
-13
-13
-15
-15
-15
-15
-12
-13
-12
-11
-13
-15
-12
-12
-13
-13
-11
-11
-11
-9
-8
-9
-9
-8
-9
-11
-9
-7
-8
-6
-8
-6
-6
-7
-7
-6
-5
-3
-3
-2
1
-2
1
3
3
3
3
3
3
3
2
5
5
5
6
6
6
6
8
7
9
9
11
13
12
14
14
15
14
16
17
15
17
15
16
16
16
16
14
16
14
14
11
13
14
11
11
13
12
12
11
12
12
11
11
11
9
9
8
9
8
8
9
7
4
4
6
5
5
4
5
4
3
2
1
2
0
-1
-1
-2
-3
1
1
-3
-2
-2
-4
-5
-4
-5
-5
-4
-5
-6
-8
-7
-8
-7
-10
-7
-8
-10
-7
-8
-8
-8
-7
-6
-8
-8
-6
-8
-8
-8
-8
-9
-9
-8
-8
-10
-10
-10
-9
-8
-7
-8
-9
-7
-8
-9
-9
-9
-10
-10
-11
-11
-10
-10
-9
-10
-10
-10
-9
-10
-12
-10
-10
-12
-10
-10
-11
-9
-9
-10
-8
-8
-10
-7
-8
-7
-5
-4
-4
-3
-2
-2
-4
0
0
0
-1
-1
-1
1
3
1
2
5
4
5
6
4
5
6
5
6
7
7
10
11
12
11
12
15
14
13
15
16
15
14
17
16
16
16
16
17
17
19
16
15
17
16
14
14
14
14
15
14
14
15
14
14
14
15
15
14
14
13
12
12
12
10
11
8
8
10
8
7
6
5
5
4
3
1
1
0
-3
-3
-3
-5
-5
-4
-4
-7
-6
-7
-9
-9
-10
-14
-13
-13
-13
-15
-14
-14
-16
-16
-14
-16
-17
-16
-17
-16
-15
-17
-16
-16
-15
-14
-15
-14
-14
-15
-14
-14
-14
-16
-14
-14
-17
-12
-12
-14
-12
-12
-12
-10
-12
-12
-10
-10
-10
-9
-8
-7
-8
-7
-5
-5
-5
-4
-4
-4
-4
-4
-3
-4
-4
-1
-2
-2
-2
0
-1
0
-1
0
1
2
2
3
5
5
3
6
8
6
5
7
6
5
7
8
7
7
7
8
8
10
10
9
11
11
12
12
14
15
13
14
15
17
16
17
19
16
20
19
17
17
16
16
16
16
16
17
16
13
15
14
15
16
14
14
17
14
11
13
13
11
12
12
10
10
10
6
7
5
5
0
0
1
-1
-3
-3
-4
-6
-5
-5
-6
-6
-7
-7
-8
-9
-7
-6
-6
-7
-8
-10
-10
-12
-12
-12
-14
-14
-15
-16
-17
-16
-18
-18
-17
-18
-19
-17
-17
-17
-19
-18
-17
-16
-16
-15
-14
-16
-14
-12
-13
-10
-11
-10
-11
-11
-12
-12
-11
-8
-10
-10
-9
-10
-10
-7
-7
-7
-6
-2
-2
-4
-4
-2
-4
-6
-4
-3
-5
-6
-4
-3
-1
0
4
4
4
5
6
6
6
5
5
4
3
5
6
5
7
9
6
6
7
9
6
5
7
5
5
6
6
6
9
9
8
11
10
10
11
13
12
13
12
12
12
15
16
13
15
15
13
13
13
13
14
14
14
17
15
11
11
13
15
15
15
14
12
12
12
11
12
11
9
9
11
12
11
9
10
8
6
6
3
4
5
3
1
-1
-1
-2
-4
-4
-2
-5
-6
-6
-5
-5
-6
-7
-8
-9
-8
-9
-8
-9
-12
-11
-12
-11
-14
-14
-14
-16
-17
-16
-18
-17
-18
-17
-19
-20
-22
-23
-21
-22
-21
-19
-20
-20
-18
-15
-17
-17
-15
-12
-13
-13
-12
-11
-10
-9
-8
-10
-9
-9
-8
-10
-9
-10
-10
-9
-7
-7
-7
-4
-2
-4
-3
-1
-2
1
0
-1
1
1
2
4
5
6
7
5
6
7
4
5
8
8
8
11
13
10
10
13
10
10
13
12
12
14
14
15
18
15
15
17
16
15
14
12
13
13
12
15
15
13
12
12
11
12
11
9
9
12
13
11
8
11
12
8
9
11
11
7
8
9
9
8
3
4
5
1
2
5
4
3
5
6
7
5
4
6
4
2
2
1
1
1
2
3
0
-1
-2
-4
-7
-7
-7
-8
-8
-8
-8
-9
-7
-9
-10
-11
-10
-10
-8
-11
-12
-10
-8
-8
-9
-8
-9
-8
-10
-9
-11
-12
-11
-11
-13
-12
-11
-11
-11
-12
-13
-15
-13
-12
-12
-13
-12
-10
-11
-11
-9
-9
-11
-9
-7
-9
-7
-8
-10
-9
-7
-8
-8
-8
-9
-6
-9
-11
-7
-6
-8
-7
-7
-9
-8
-6
-7
-8
-7
-4
-2
-2
0
2
1
3
5
3
4
1
4
6
6
7
8
9
10
11
13
8
4
5
9
14
17
19
17
15
16
13
10
11
12
13
15
17
17
17
17
16
16
14
14
18
22
25
25
25
21
14
12
13
10
7
8
7
10
15
18
18
18
15
11
8
3
0
-4
0
4
13
18
18
23
20
10
3
0
-3
-2
-2
1
10
19
16
11
10
4
-4
-18
-27
-24
-24
-28
-23
-18
-23
-29
-33
-33
-30
-33
-36
-35
-30
-28
-30
-38
-41
-47
-61
-63
-68
-71
-67
-66
-69
-61
-50
-49
-47
-49
-61
-72
-82
-82
-73
-72
-69
-58
-54
-48
-40
-35
-43
-65
-84
-88
-89
-88
-77
-58
-35
-14
0
12
16
5
-8
-26
-45
-45
-34
-34
-19
19
44
53
59
65
57
34
13
2
-4
1
11
33
62
72
67
60
55
33
11
-1
-6
2
48
105
124
112
117
126
120
95
61
56
60
51
56
82
108
122
99
79
90
103
110
124
140
153
148
127
118
122
117
80
57
66
90
109
126
161
187
168
147
138
115
81
42
22
24
15
12
36
63
62
63
78
86
61
30
26
25
15
6
4
3
28
36
25
33
39
36
32
20
0
-6
-10
-29
-46
-41
-37
-40
-43
-31
-30
-27
-11
-29
-74
-106
-110
-125
-164
-205
-203
-178
-195
-213
-197
-161
-136
-134
-138
-131
-139
-157
-177
-190
-197
-208
-205
-175
-149
-149
-142
-114
-117
-145
-148
-132
-130
-162
-185
-153
-123
-142
-177
-190
-181
-176
-194
-177
-126
-92
-55
-22
-23
-44
-60
-72
-97
-119
-117
-96
-49
-3
29
37
8
-10
5
5
-60
-71
-7
37
46
37
93
201
242
178
92
31
-31
-77
-94
-56
118
269
217
180
239
257
271
278
271
276
199
42
-20
78
183
167
104
103
146
160
178
232
234
163
86
55
56
95
201
366
492
472
375
312
273
207
106
-21
-122
-94
-2
61
103
137
153
128
58
6
23
34
-4
10
82
148
196
197
145
49
-66
-124
-150
-199
-200
-111
3
82
92
88
97
48
-43
-84
-88
-81
-71
-60
-68
-91
-74
-69
-155
-277
-328
-281
-246
-297
-286
-126
52
99
38
-1
-46
-147
-272
-372
-395
-367
-358
-293
-156
-82
-99
-160
-212
-222
-257
-330
-356
-318
-240
-146
-37
67
72
4
-34
-96
-228
-310
-260
-187
-284
-284
348
1319
1457
513
-146
185
464
-433
-2078
-2586
-1657
-850
-18
1331
2435
2930
2917
2781
2016
-547
-3540
-4890
-5237
-5722
-5709
-3983
-920
1734
3267
4322
4836
3787
1347
-1043
-3001
-5008
-6753
-6886
-3782
2103
7492
10017
11053
12954
14745
12601
5459
-2201
-6325
-8342
-10600
-11902
-10172
-5726
-536
4193
7628
8590
7210
5082
2845
-632
-5137
-7783
-7049
-4632
-2393
-547
1514
3515
4108
2692
-173
-3556
-6019
-6808
-6707
-5895
-3575
334
4544
7178
7916
7704
6658
4276
629
-3046
-5507
-6571
-6511
-5802
-4601
-3039
-1781
-963
63
1807
3492
3994
4359
6285
9103
10489
9069
6613
5149
3029
-1135
-5481
-8150
-9004
-8654
-7207
-4282
-697
2094
4141
5654
5341
2922
83
-2110
-3800
-5209
-5808
-4724
-2452
-429
1050
2045
2055
1316
267
-1325
-3048
-3936
-3461
-1857
-159
1432
3529
5340
5686
4746
3101
1002
-1414
-3687
-5197
-5812
-5875
-5486
-4401
-2800
-1014
1072
3331
5245
6643
7826
8955
9314
8059
5635
3049
452
-2364
-5281
-7590
-8524
-8012
-6276
-3733
-1037
1378
3404
4760
4789
3288
1057
-1031
-2734
-4015
-4668
-4435
-3385
-1987
-644
373
747
448
-132
-696
-1311
-1831
-1723
-752
770
2275
3478
4425
4908
4548
3298
1441
-665
-2639
-4231
-5433
-6166
-6117
-5124
-3662
-2294
-638
1939
4980
7270
8385
9115
9923
9827
8046
5294
2451
-363
-3316
-5858
-7173
-7330
-6583
-4788
-2158
451
2278
3366
3815
3276
1673
-434
-2201
-3377
-4179
-4297
-3298
-1528
47
738
818
886
754
-357
-2271
-3530
-3297
-2176
-879
651
2768
5089
6499
6471
5242
3000
120
-2797
-5542
-7923
-9200
-8749
-6867
-4397
-1526
2197
6408
9648
11028
11238
10992
9799
7214
3802
479
-2244
-4389
-5860
-6293
-5901
-4949
-3292
-1183
665
1837
2401
2473
2033
944
-668
-2185
-3295
-4001
-4220
-4165
-3916
-3243
-2377
-1804
-1581
-1435
-1107
-665
-442
-237
422
1329
2210
2979
3447
3592
3396
2655
1305
-463
-2288
-3819
-5186
-6481
-7034
-6451
-5324
-4113
-2357
554
4079
6842
8541
10030
11373
11388
9635
6942
3963
750
-2610
-5375
-6867
-7366
-6986
-5343
-2751
-135
1901
3341
4138
3878
2469
532
-1345
-3058
-4403
-5018
-4841
-4134
-3115
-1892
-825
-235
-4
114
76
-218
-406
-27
790
1629
2350
3112
3812
3960
3276
1941
402
-1150
-2848
-4509
-5584
-5707
-5091
-4270
-3146
-996
2106
5091
7289
8927
10225
10860
10229
8306
5662
2527
-706
-3393
-5464
-6915
-7273
-6275
-4193
-1765
380
2245
3704
4094
3306
1802
-195
-2322
-4097
-5259
-5663
-5411
-4617
-3259
-1757
-710
-45
450
627
467
153
-6
259
807
1379
1978
2645
3136
3040
2187
840
-593
-2124
-3972
-5676
-6385
-5988
-5238
-4512
-3122
-395
3047
5878
7793
9392
10703
11120
10156
7982
5094
1811
-1298
-3787
-5775
-7188
-7403
-6109
-3909
-1722
176
1966
3225
3313
2379
810
-1162
-3129
-4685
-5551
-5735
-5420
-4438
-2878
-1519
-729
-198
131
58
-407
-834
-746
-285
233
932
1943
2893
3349
3112
2210
906
-641
-2424
-4238
-5584
-5985
-5515
-4781
-3878
-1973
1267
4682
7109
8742
10246
11452
11395
9687
7018
3995
887
-2005
-4393
-6141
-7001
-6374
-4433
-2094
108
2062
3728
4568
4026
2450
410
-1806
-3841
-5238
-5843
-5775
-5036
-3687
-2038
-675
60
403
480
161
-331
-550
-329
232
1039
2060
3220
4034
4072
3434
2198
464
-1544
-3648
-5363
-6207
-6199
-5564
-4552
-3003
-477
2617
5325
7456
9074
10197
10772
10298
8712
6265
3144
212
-2090
-4266
-6113
-6785
-6013
-4270
-2340
-566
1340
2935
3363
2716
1303
-690
-2752
-4569
-5861
-6351
-6194
-5345
-3754
-2162
-1021
-149
275
159
-312
-884
-1001
-738
-421
333
1603
2833
3438
3261
2580
1549
-32
-2146
-4068
-5205
-5565
-5361
-4898
-4027
-2129
705
3543
5794
7539
9108
10428
10766
9785
7882
5304
2460
-117
-2562
-4874
-6428
-6596
-5418
-3697
-1967
7
2128
3465
3488
2548
1000
-966
-3077
-4930
-6036
-6354
-5985
-4840
-3292
-1866
-716
-7
221
41
-458
-843
-927
-841
-359
655
1858
2810
3277
3231
2650
1473
-219
-2055
-3666
-4814
-5193
-4941
-4504
-3666
-1796
1047
4004
6316
8029
9680
11122
11469
10349
8077
5243
2472
-134
-2839
-5242
-6503
-6176
-4683
-2868
-971
1246
3328
4291
3865
2461
563
-1560
-3745
-5553
-6523
-6550
-5703
-4237
-2609
-1155
-41
619
767
344
-409
-963
-1133
-1013
-576
240
1364
2399
2846
2629
1918
816
-656
-2336
-3763
-4545
-4693
-4474
-4055
-3131
-1197
1465
4087
6194
7826
9359
10728
11000
9582
7067
4333
1826
-740
-3722
-6182
-6913
-6109
-4619
-2968
-995
1425
3421
4044
3392
1912
-88
-2283
-4374
-6069
-6903
-6699
-5616
-3962
-2410
-1186
-75
591
493
-170
-928
-1365
-1476
-1366
-844
169
1289
2108
2385
2096
1416
303
-1329
-2980
-4072
-4441
-4366
-4244
-3760
-2200
259
2652
4640
6516
8355
9892
10611
10223
8882
6683
4022
1472
-1069
-3733
-5779
-6336
-5506
-4140
-2636
-658
1673
3304
3531
2751
1400
-459
-2615
-4584
-5911
-6437
-6087
-4858
-3197
-1673
-469
466
915
586
-217
-905
-1298
-1487
-1363
-676
490
1647
2439
2740
2480
1633
304
-1251
-2837
-4107
-4690
-4589
-4142
-3428
-1952
504
3304
5618
7351
8940
10460
11134
10353
8517
6279
3898
1304
-1453
-3799
-5205
-5564
-4897
-3505
-1768
79
1816
2983
3107
2195
641
-1195
-3123
-4835
-5867
-6047
-5437
-4213
-2632
-1063
87
662
797
503
-251
-1105
-1681
-1796
-1472
-864
65
1184
1963
2200
1917
1134
-57
-1559
-3017
-4013
-4507
-4668
-4405
-3574
-2034
232
2730
4954
6909
8616
10033
10726
10024
8278
6160
3733
1097
-1609
-4003
-5375
-5610
-5018
-3667
-1903
-125
1543
2570
2498
1558
-51
-2018
-3821
-5381
-6361
-6355
-5622
-4317
-2642
-1117
48
754
800
408
-217
-1089
-1760
-1925
-1723
-1154
-286
645
1489
1837
1500
796
-231
-1496
-2616
-3470
-3912
-3871
-3493
-2566
-897
1192
3366
5399
7154
8704
9819
10010
9303
7970
6001
3642
1207
-1106
-3001
-4315
-4788
-4150
-2951
-1588
-19
1410
2145
2105
1321
-73
-1831
-3644
-4983
-5620
-5715
-5173
-3895
-2318
-821
418
1094
1165
912
379
-378
-1146
-1593
-1458
-938
-378
333
1161
1587
1347
595
-294
-1212
-2306
-3392
-3957
-3882
-3503
-2869
-1670
384
2908
5108
6834
8407
9847
10621
10118
8706
6944
4736
2242
-192
-2326
-3872
-4550
-4228
-3146
-1880
-669
706
1763
1727
828
-500
-2079
-3608
-5016
-5935
-6016
-5459
-4327
-2688
-1135
9
814
1209
1191
630
-334
-1101
-1463
-1693
-1697
-1257
-536
113
469
461
224
-307
-1220
-2178
-2950
-3514
-3764
-3726
-3303
-2092
-124
2103
4242
6195
8024
9667
10361
9793
8572
6813
4483
1937
-661
-2790
-4041
-4622
-4311
-3172
-1881
-523
797
1471
1329
465
-1049
-2600
-4123
-5608
-6266
-5990
-5218
-3964
-2410
-796
701
1446
1508
1417
914
-16
-789
-1338
-1529
-1327
-888
-133
640
944
977
893
321
-681
-1735
-2588
-3230
-3780
-4019
-3464
-2143
-322
1870
4204
6517
8587
10111
10734
10420
9287
7339
4850
2275
-182
-2339
-3729
-4090
-3599
-2639
-1404
-11
1153
1520
1068
92
-1372
-3203
-4901
-6097
-6609
-6392
-5494
-3908
-2005
-396
896
1964
2460
2227
1527
691
-105
-819
-1301
-1257
-825
-385
137
701
913
710
189
-573
-1385
-2252
-3043
-3539
-3803
-3721
-2882
-1284
733
2802
4737
6747
8770
10036
10110
9378
8213
6579
4302
1671
-567
-2044
-2941
-3312
-3034
-2165
-1000
-51
368
272
-329
-1470
-2996
-4525
-5846
-6720
-6869
-6317
-5213
-3712
-2091
-502
830
1604
1877
1736
1237
547
-229
-927
-1185
-1062
-933
-753
-376
0
141
-140
-730
-1268
-1902
-2707
-3329
-3729
-3852
-3357
-2140
-351
1619
3477
5457
7548
9023
9502
9333
8591
7208
5337
3245
1308
-370
-1624
-2060
-1884
-1594
-1112
-401
85
-76
-827
-1810
-2856
-4184
-5623
-6522
-6707
-6426
-5721
-4528
-2952
-1326
30
1170
2096
2540
2450
2125
1672
1096
583
276
125
23
-12
82
234
169
-206
-665
-1094
-1647
-2340
-2985
-3326
-3150
-2511
-1497
-60
1673
3495
5334
6978
8082
8589
8525
7846
6716
5251
3603
2102
885
-5
-499
-690
-630
-428
-415
-686
-1152
-1934
-2978
-4075
-5186
-6100
-6557
-6623
-6274
-5538
-4556
-3273
-1875
-693
353
1288
1910
2172
2181
2055
1900
1651
1295
1002
762
558
447
258
-130
-590
-952
-1214
-1639
-2309
-2860
-2960
-2658
-2206
-1672
-813
481
1957
3297
4383
5283
6008
6346
6178
5632
4914
4157
3389
2610
1941
1459
1127
871
544
29
-614
-1357
-2293
-3373
-4429
-5314
-5971
-6401
-6545
-6319
-5806
-5040
-4075
-3033
-1971
-987
-119
639
1178
1433
1533
1588
1549
1322
998
784
685
529
364
289
234
126
-77
-331
-648
-1084
-1510
-1684
-1608
-1423
-1086
-480
451
1508
2395
3100
3682
4068
4224
4110
3774
3405
3102
2860
2715
2620
2502
2405
2239
1872
1268
426
-542
-1451
-2368
-3291
-3955
-4259
-4329
-4215
-3960
-3572
-3002
-2457
-2023
-1625
-1342
-1098
-812
-652
-593
-441
-244
-32
175
359
650
995
1180
1229
1167
962
717
461
137
-197
-483
-600
-452
-192
117
506
947
1420
1877
2138
2252
2286
2216
2140
2098
2033
2001
2033
2099
2207
2243
2128
1993
1779
1378
877
337
-192
-658
-1087
-1448
-1687
-1892
-2081
-2207
-2311
-2378
-2411
-2525
-2632
-2609
-2581
-2522
-2381
-2249
-2086
-1820
-1519
-1188
-865
-660
-458
-245
-156
-148
-150
-155
-152
-141
-64
99
259
382
557
763
891
940
980
1036
1081
1123
1218
1324
1365
1425
1587
1741
1713
1548
1446
1390
1249
1037
870
799
761
756
777
765
682
533
316
9
-385
-829
-1220
-1514
-1754
-1953
-2037
-2008
-1937
-1820
-1704
-1627
-1549
-1457
-1358
-1284
-1239
-1153
-1009
-889
-796
-656
-488
-350
-227
-121
-55
36
169
285
384
500
647
811
909
914
943
982
974
954
929
941
1038
1127
1183
1265
1309
1273
1253
1215
1103
955
814
710
646
580
517
492
469
413
329
230
112
-39
-227
-378
-492
-590
-649
-660
-650
-600
-542
-479
-406
-370
-354
-311
-259
-264
-274
-248
-226
-230
-272
-304
-296
-287
-274
-230
-185
-118
-40
-19
2
51
40
17
44
42
16
48
95
152
225
265
318
373
353
362
375
305
246
191
88
11
-39
-141
-280
-430
-552
-664
-829
-965
-1007
-1012
-974
-882
-764
-610
-458
-299
-127
-3
59
132
235
353
437
497
589
672
678
666
630
519
400
289
186
91
7
-74
-102
-106
-134
-143
-132
-141
-167
-175
-192
-205
-183
-173
-154
-92
-44
4
75
118
143
156
112
41
-49
-170
-288
-422
-573
-678
-774
-890
-959
-984
-1002
-987
-932
-841
-725
-595
-419
-238
-98
57
245
406
559
669
768
878
955
1027
1072
1081
1095
1110
1074
1020
961
904
835
733
658
610
570
544
506
485
498
492
472
469
464
447
420
371
330
276
214
161
88
0
-95
-220
-367
-501
-665
-851
-1009
-1151
-1304
-1411
-1450
-1489
-1462
-1362
-1253
-1085
-883
-674
-449
-238
-63
136
316
429
535
636
698
748
799
821
851
850
812
805
776
688
619
541
443
384
297
240
230
217
237
282
304
348
394
411
428
425
388
353
306
226
144
39
-96
-240
-405
-570
-729
-917
-1097
-1252
-1449
-1632
-1751
-1861
-1936
-1943
-1916
-1823
-1664
-1490
-1245
-992
-773
-519
-273
-64
144
321
444
552
631
679
744
766
756
769
759
717
684
642
571
524
468
408
403
412
415
470
542
593
696
809
871
945
1025
1055
1070
1045
994
927
802
653
502
297
84
-123
-349
-561
-782
-990
-1170
-1341
-1460
-1533
-1592
-1591
-1525
-1417
-1244
-1037
-809
-554
-276
-16
225
476
666
802
901
945
970
989
960
936
923
875
825
763
643
524
414
267
142
68
-5
-30
4
69
159
265
369
478
599
666
725
801
838
845
854
823
764
702
557
379
209
-15
-270
-524
-785
-1021
-1236
-1432
-1585
-1684
-1744
-1782
-1758
-1676
-1570
-1429
-1243
-1018
-768
-500
-243
16
241
396
521
630
673
694
714
708
689
634
573
486
382
267
133
18
-74
-169
-222
-212
-200
-157
-78
2
109
217
304
423
543
622
731
834
866
897
886
792
684
523
300
80
-153
-427
-652
-861
-1086
-1230
-1361
-1500
-1576
-1615
-1643
-1585
-1504
-1388
-1178
-953
-700
-420
-187
45
262
396
530
648
700
749
804
807
794
754
673
600
496
351
229
126
23
-32
-40
-33
22
92
155
262
357
433
550
655
745
892
1009
1090
1198
1246
1226
1203
1092
911
712
444
152
-86
-336
-576
-739
-889
-1013
-1090
-1155
-1212
-1221
-1206
-1170
-1079
-946
-776
-564
-329
-112
101
292
451
575
640
686
713
712
671
604
546
456
353
247
143
49
-43
-107
-148
-174
-177
-166
-141
-97
-37
55
146
238
367
504
629
734
840
916
932
895
814
708
554
346
150
-48
-262
-460
-639
-805
-969
-1107
-1204
-1284
-1339
-1358
-1329
-1257
-1154
-1017
-862
-689
-520
-378
-242
-117
-24
63
142
200
256
273
272
245
174
83
-12
-127
-257
-333
-365
-390
-366
-325
-262
-178
-110
-37
49
114
180
299
416
510
633
766
849
914
963
958
899
799
654
481
304
106
-69
-212
-357
-477
-560
-636
-679
-702
-712
-683
-637
-562
-456
-351
-245
-127
-29
66
166
236
301
371
427
467
470
442
398
318
216
117
1
-100
-161
-193
-201
-191
-152
-99
-48
3
50
84
129
182
258
347
445
561
680
780
851
889
900
864
769
639
488
332
166
22
-98
-214
-304
-379
-437
-479
-531
-554
-529
-512
-467
-392
-313
-207
-114
-38
54
127
154
205
236
238
251
246
214
172
104
23
-79
-205
-306
-381
-441
-476
-480
-446
-396
-359
-305
-243
-201
-171
-122
-70
4
79
158
269
362
438
508
539
525
478
383
252
105
-52
-184
-300
-406
-490
-529
-560
-599
-613
-600
-576
-546
-496
-429
-345
-253
-179
-100
-18
34
79
121
144
163
165
151
146
108
42
-24
-112
-215
-297
-375
-441
-468
-467
-431
-376
-314
-228
-150
-98
-40
5
47
102
159
232
323
404
497
588
638
663
657
605
516
412
281
156
34
-78
-150
-200
-232
-243
-225
-192
-141
-94
-37
35
94
154
217
267
314
366
412
451
480
499
518
515
470
427
367
267
161
55
-51
-133
-192
-224
-229
-213
-173
-128
-76
-43
-12
29
57
72
103
140
171
225
280
322
353
366
348
327
259
165
78
-32
-142
-245
-351
-431
-486
-535
-558
-558
-541
-495
-427
-347
-261
-181
-88
-3
64
118
156
191
213
222
238
257
244
228
212
165
84
-5
-106
-212
-302
-391
-444
-468
-469
-437
-374
-319
-250
-175
-114
-54
-16
19
58
94
131
167
199
237
266
277
266
233
170
89
-12
-134
-252
-367
-471
-547
-597
-619
-611
-583
-531
-443
-354
-280
-184
-93
-24
36
91
131
166
201
231
244
263
274
262
249
200
131
49
-43
-130
-202
-273
-318
-328
-323
-295
-238
-169
-109
-26
47
116
187
236
288
341
406
461
506
555
606
626
619
612
578
500
418
325
213
105
5
-73
-133
-175
-197
-176
-139
-78
-11
63
139
208
269
316
348
379
411
433
449
453
452
456
421
365
314
221
106
0
-109
-214
-296
-375
-417
-439
-464
-459
-431
-410
-388
-347
-304
-273
-234
-193
-142
-84
-45
3
51
80
86
94
84
42
2
-46
-129
-204
-282
-361
-417
-464
-501
-512
-490
-453
-396
-325
-246
-167
-84
-2
60
131
198
256
317
355
388
419
426
422
412
368
308
250
178
93
14
-54
-112
-162
-208
-248
-265
-279
-292
-288
-278
-253
-213
-188
-147
-104
-65
-27
5
23
33
36
24
15
-9
-47
-95
-148
-216
-286
-356
-432
-476
-516
-554
-544
-511
-471
-388
-309
-233
-138
-56
16
87
148
201
273
338
399
469
523
557
587
586
560
525
468
414
359
317
284
260
244
250
255
256
251
248
251
240
229
232
246
261
285
309
333
352
359
343
317
273
215
160
82
6
-68
-145
-219
-284
-340
-404
-452
-482
-496
-495
-478
-445
-402
-359
-313
-268
-229
-192
-156
-121
-82
-40
0
52
95
133
157
161
156
140
107
79
63
39
26
32
37
44
64
71
88
98
104
115
125
131
142
166
189
210
228
249
255
250
239
205
163
107
47
-11
-78
-147
-211
-264
-317
-356
-385
-420
-430
-426
-427
-426
-419
-409
-398
-388
-386
-373
-355
-336
-316
-285
-254
-220
-193
-176
-152
-138
-136
-139
-133
-125
-117
-103
-85
-53
-29
-13
9
31
54
65
75
106
130
156
187
222
252
281
299
318
327
322
319
308
287
268
255
227
208
190
167
154
136
122
116
111
104
98
88
83
76
69
46
35
22
0
-18
-30
-25
-38
-37
-38
-44
-44
-55
-68
-73
-73
-60
-41
-28
-10
11
39
55
70
81
94
102
107
122
129
139
143
155
152
146
144
141
128
119
108
94
93
88
83
82
76
76
75
79
86
93
112
128
143
147
148
149
142
119
86
56
16
-31
-78
-129
-171
-212
-256
-287
-317
-350
-377
-392
-399
-397
-382
-363
-324
-276
-233
-188
-145
-113
-80
-51
-34
-9
7
17
36
43
40
37
29
15
1
-15
-44
-58
-76
-96
-116
-128
-135
-136
-121
-114
-82
-51
-15
32
73
111
146
168
173
169
155
133
106
69
20
-27
-72
-118
-161
-214
-268
-307
-339
-379
-417
-432
-426
-410
-387
-339
-278
-206
-123
-45
11
73
127
165
203
230
254
279
295
299
298
291
273
244
212
167
118
80
36
4
-24
-38
-38
-23
-1
32
83
141
199
256
317
367
418
458
474
494
504
497
481
460
421
377
331
262
189
117
38
-46
-118
-191
-240
-269
-280
-269
-247
-207
-175
-119
-67
-29
28
77
115
159
196
208
220
230
233
219
195
160
129
85
13
-42
-97
-153
-205
-261
-311
-336
-358
-380
-368
-356
-327
-271
-212
-151
-86
-15
54
112
154
183
198
199
194
162
120
73
24
-37
-104
-182
-250
-292
-346
-393
-426
-438
-438
-431
-418
-389
-350
-309
-264
-223
-172
-126
-67
-6
39
89
123
140
136
114
95
69
20
-23
-65
-99
-134
-178
-209
-238
-275
-295
-290
-285
-264
-236
-187
-120
-60
13
96
166
223
293
353
385
415
425
432
435
391
344
303
253
190
118
44
-16
-55
-78
-101
-118
-114
-88
-37
2
25
85
242
319
231
119
89
116
105
-11
-66
-36
-53
-60
-72
-81
-71
-43
-70
-171
-285
-326
-305
-357
-461
-476
-397
-318
-247
-141
1
161
328
480
621
729
802
886
951
968
964
995
1049
1072
1037
932
807
713
601
452
259
66
-58
-114
-170
-244
-315
-378
-401
-399
-405
-438
-437
-376
-350
-378
-379
-321
-209
-138
-137
-134
-132
-140
-162
-215
-306
-411
-453
-488
-574
-650
-703
-725
-739
-778
-777
-717
-675
-693
-718
-684
-585
-481
-397
-297
-169
-35
89
171
229
294
349
383
368
322
268
222
178
125
104
124
125
126
159
201
207
171
160
186
189
148
125
177
224
198
171
182
190
172
131
119
91
2
-85
-133
-165
-236
-335
-420
-496
-593
-685
-739
-736
-698
-668
-624
-531
-423
-331
-253
-165
-63
71
247
430
564
702
903
1154
1378
1501
1566
1627
1663
1633
1538
1383
1223
1103
1011
904
772
633
492
362
230
78
-102
-297
-489
-679
-856
-1026
-1177
-1267
-1315
-1350
-1377
-1406
-1407
-1384
-1351
-1312
-1274
-1245
-1162
-1007
-928
-1001
-1082
-994
-705
-401
-233
-123
98
428
689
755
710
889
1496
2322
2935
3116
3114
3270
3460
3277
2647
1929
1508
1343
1123
733
273
-138
-385
-534
-796
-1230
-1707
-2009
-2088
-2185
-2499
-2840
-2923
-2787
-2646
-2633
-2603
-2308
-1769
-1298
-1060
-793
-253
336
567
500
646
1156
1492
1318
1045
1100
1303
1247
842
342
-45
-320
-486
-708
-1215
-1803
-2025
-1862
-1804
-2040
-1794
-405
1375
2289
2331
2572
3389
3920
3480
2644
2316
2440
2452
2219
1878
1413
866
490
352
37
-813
-1723
-2010
-1989
-2472
-3406
-3960
-3773
-3442
-3505
-3671
-3408
-2802
-2235
-1743
-1192
-600
28
845
1861
2661
2825
2675
2877
3329
3304
2620
1973
1946
2067
1568
550
-276
-653
-929
-1472
-2238
-2906
-3223
-3193
-3019
-2712
-1979
-637
913
2081
2777
3347
3948
4308
4248
4003
3727
3409
3078
2738
2259
1621
962
454
92
-389
-1169
-2004
-2576
-2954
-3387
-3936
-4349
-4414
-4251
-4085
-3891
-3558
-3093
-2474
-1673
-821
-93
520
1327
2389
3134
3113
2823
2898
3151
2942
2214
1642
1512
1276
575
-279
-1008
-1600
-2040
-2349
-2777
-3450
-4045
-3978
-3331
-2702
-1967
-451
1646
3256
3888
4224
4925
5481
5223
4504
4082
3918
3471
2603
1686
970
280
-479
-1020
-1334
-1859
-2638
-3220
-3449
-3680
-4171
-4608
-4527
-4078
-3726
-3465
-2968
-2265
-1584
-987
-372
314
990
1645
2369
2946
2963
2607
2400
2380
2077
1302
570
327
208
-286
-1051
-1713
-2115
-2370
-2637
-3012
-3511
-3902
-3754
-3057
-2172
-1002
774
2781
4247
4992
5504
6095
6372
6009
5465
5034
4416
3496
2461
1424
414
-517
-1187
-1449
-1676
-2263
-2973
-3439
-3745
-4108
-4488
-4591
-4210
-3661
-3295
-2959
-2452
-1860
-1266
-681
-78
665
1527
2365
2889
2869
2514
2341
2385
2149
1487
881
704
659
258
-437
-949
-1259
-1668
-2117
-2340
-2415
-2702
-3261
-3476
-2878
-1849
-824
483
2322
4165
5281
5665
5944
6360
6427
5884
5146
4436
3581
2468
1249
156
-663
-1267
-1691
-1931
-2178
-2672
-3291
-3743
-3968
-4067
-4070
-3870
-3485
-3077
-2799
-2590
-2275
-1795
-1191
-472
270
915
1417
1775
1956
1974
1833
1594
1344
1068
744
412
59
-429
-875
-1021
-1034
-1261
-1745
-2172
-2227
-2150
-2454
-3109
-3341
-2720
-1785
-978
164
2043
3942
4913
5187
5585
6158
6246
5620
4782
3936
2894
1773
765
-231
-1077
-1487
-1497
-1476
-1809
-2480
-3063
-3298
-3367
-3465
-3566
-3498
-3215
-2861
-2740
-2757
-2533
-1956
-1151
-382
144
586
1020
1341
1538
1636
1705
1787
1800
1582
1198
864
642
410
206
182
270
82
-523
-1144
-1442
-1531
-1774
-2359
-2794
-2495
-1833
-1400
-723
972
3225
4675
4841
4835
5563
6203
5706
4495
3486
2866
2206
1249
197
-612
-1029
-1133
-1152
-1382
-1914
-2512
-2917
-3096
-3150
-3233
-3330
-3245
-2931
-2627
-2516
-2434
-2043
-1267
-468
38
356
685
1025
1353
1668
1834
1741
1545
1469
1419
1116
644
448
673
869
659
226
-168
-603
-1206
-1718
-1855
-1801
-1987
-2492
-2818
-2593
-1890
-644
1287
3332
4580
4807
4766
5104
5368
4792
3703
2946
2517
1843
673
-656
-1562
-1789
-1733
-1754
-1966
-2374
-2831
-3168
-3405
-3513
-3525
-3390
-3056
-2707
-2549
-2562
-2404
-1911
-1232
-506
114
475
643
766
1129
1428
1299
1187
1387
1475
1079
431
394
781
732
389
342
534
231
-512
-1189
-1595
-1601
-1286
-1384
-2342
-3440
-3280
-1808
-273
1108
2851
4404
4831
4514
4599
5026
4714
3806
3207
2779
1830
459
-634
-1279
-1438
-1123
-808
-989
-1611
-2012
-2105
-2541
-3002
-2754
-2102
-1821
-2036
-2114
-1926
-1778
-1494
-879
-148
318
473
670
805
803
966
1295
1485
1266
904
771
755
784
834
827
911
978
869
558
-156
-940
-1245
-938
-756
-1490
-2750
-3507
-3212
-2247
-952
1067
3345
4467
4190
3605
3849
4648
4776
3972
3043
2345
1530
346
-964
-1868
-1734
-811
-318
-664
-1386
-2120
-2578
-2646
-2509
-2268
-2061
-1883
-1749
-1923
-2349
-2431
-1840
-897
-111
333
435
237
85
250
736
1248
1412
1377
1319
1050
701
470
440
694
991
984
590
-33
-595
-1066
-1611
-2035
-2049
-2066
-2917
-4232
-4664
-3850
-2441
-741
1399
3389
4027
3370
3075
4067
5260
5180
4100
3082
2259
1178
-168
-1219
-1408
-763
-106
-195
-930
-1778
-2494
-2834
-2704
-2289
-1891
-1778
-1889
-2075
-2407
-2637
-2207
-1141
-125
318
346
216
151
349
846
1525
1962
1928
1712
1457
1143
856
794
1150
1578
1554
1054
396
-84
-517
-1226
-1874
-1891
-1573
-2120
-3717
-4817
-4304
-2772
-1207
453
2598
4264
4346
3669
3931
5357
6447
5996
4505
3100
2130
1189
15
-927
-879
-12
389
-407
-1725
-2624
-2857
-2677
-2338
-2022
-1934
-2013
-2168
-2418
-2745
-2550
-1390
-14
584
369
154
341
531
591
942
1729
2401
2313
1593
793
391
549
912
1064
933
604
133
-524
-1194
-1692
-2142
-2535
-2612
-2588
-3197
-4485
-5221
-4374
-2678
-1326
-18
2003
3919
4415
3831
3896
5256
6515
6199
4597
2885
1675
870
118
-623
-938
-635
-408
-1003
-2091
-2850
-3055
-2886
-2512
-2205
-2178
-2365
-2526
-2565
-2435
-2022
-1190
-194
369
343
78
-113
11
475
1048
1483
1622
1506
1060
290
-235
-4
695
1057
593
-196
-616
-775
-1045
-1467
-1897
-2065
-1927
-2002
-2770
-3830
-4188
-3317
-1797
-555
638
2518
4371
4915
4400
4404
5786
7190
6801
4818
2836
1789
1326
607
-389
-905
-564
-80
-493
-1740
-2653
-2499
-1840
-1451
-1471
-1639
-1735
-1737
-1715
-1562
-1133
-481
281
830
802
360
44
178
701
1192
1375
1316
1017
490
-98
-445
-273
192
369
57
-520
-1012
-1214
-1204
-1174
-1350
-1741
-2074
-2213
-2415
-2973
-3515
-3216
-2008
-789
52
1251
3120
4552
4609
4071
4534
5956
6426
4947
2692
1221
827
571
-376
-1400
-1453
-711
-394
-1161
-2213
-2328
-1592
-1125
-1296
-1579
-1606
-1484
-1425
-1460
-1427
-1152
-678
-232
-105
-399
-782
-846
-592
-195
89
54
-146
-288
-355
-470
-631
-556
-136
206
80
-303
-453
-290
-109
-166
-525
-1010
-1344
-1519
-1772
-2239
-2538
-2096
-1211
-643
-97
1350
3322
4403
4188
3778
4288
5214
5036
3533
1841
835
589
479
-106
-742
-741
-265
-58
-441
-965
-1061
-770
-593
-745
-1075
-1449
-1675
-1605
-1420
-1329
-1339
-1247
-1031
-1011
-1178
-1253
-1104
-753
-409
-315
-319
-187
-10
63
54
107
380
722
721
429
320
432
464
398
251
-153
-796
-1294
-1406
-1421
-1739
-2183
-2170
-1487
-673
67
1409
3160
4159
4186
3953
4188
4937
5047
3905
2570
1919
1734
1563
955
120
91
760
807
37
-649
-884
-833
-939
-1501
-2089
-2307
-2366
-2444
-2477
-2544
-2595
-2413
-2106
-2000
-2080
-1985
-1607
-1206
-930
-773
-510
62
452
257
-28
163
682
1040
847
285
197
689
793
238
-324
-683
-962
-1252
-1600
-1851
-2042
-2370
-2510
-2049
-1435
-696
920
2868
3732
3480
3167
3732
4939
5273
4141
2825
2286
2177
1952
1237
330
258
965
1080
241
-737
-1234
-1254
-1307
-1750
-2333
-2606
-2571
-2608
-2820
-3038
-3081
-2775
-2245
-1975
-2064
-1989
-1538
-1034
-606
-250
54
477
894
902
628
620
961
1266
1073
469
234
566
734
355
-226
-567
-603
-689
-1064
-1537
-1876
-2033
-2001
-1807
-1577
-977
640
2778
3888
3544
2959
3410
4820
5709
4930
3289
2442
2545
2538
1720
498
71
828
1471
770
-673
-1541
-1535
-1327
-1563
-2268
-2800
-2682
-2415
-2687
-3216
-3314
-2868
-2170
-1729
-1839
-1949
-1490
-744
-214
123
500
913
1233
1292
1049
869
1085
1404
1384
999
602
521
651
683
506
122
-387
-766
-912
-1203
-1786
-2268
-2397
-2156
-1737
-1398
-555
1257
2813
2996
2497
2578
3648
4792
4658
3270
2066
1869
2113
1797
715
-78
327
1190
1094
-166
-1446
-1709
-1271
-1192
-1892
-2780
-3094
-2918
-3093
-3776
-4160
-3828
-3108
-2502
-2410
-2535
-2099
-1229
-575
-190
204
701
1211
1522
1441
1173
1136
1415
1686
1619
1287
1093
1185
1245
981
400
-212
-585
-786
-1139
-1805
-2358
-2332
-2014
-2044
-2456
-2304
-576
2108
3568
2855
1736
2253
4158
5396
4540
2570
1743
2590
3249
2256
586
122
1280
2372
1608
-258
-1135
-747
-295
-808
-2191
-3224
-3147
-2892
-3534
-4443
-4544
-3773
-2840
-2503
-2706
-2565
-1820
-1043
-509
-46
411
834
1153
1244
1209
1294
1566
1950
2182
2126
2011
1952
1839
1586
1186
663
46
-493
-854
-1168
-1514
-1866
-2159
-2374
-2485
-2277
-1142
1123
3008
2958
1875
1738
3009
4475
4505
2939
1685
2051
2800
2381
1147
340
927
2372
2539
897
-495
-459
-58
-481
-1773
-2884
-2943
-2512
-2768
-3658
-4210
-3864
-2931
-2463
-2726
-2752
-2198
-1623
-1271
-1150
-1014
-347
468
698
635
702
862
1202
1426
1207
1153
1536
1712
1479
1000
411
116
5
-352
-680
-836
-1111
-1373
-1554
-1916
-2214
-2053
-1075
895
2584
2403
1135
773
1834
3289
3486
1994
801
1395
2389
2178
1002
-33
391
2126
2685
1096
-422
-557
-181
-273
-1289
-2423
-2290
-1471
-1554
-2452
-3204
-3327
-2709
-2070
-2183
-2418
-2172
-1867
-1738
-1741
-1731
-1252
-417
145
431
670
687
634
783
1039
1441
1936
2075
1873
1666
1428
1166
929
728
765
915
641
18
-430
-702
-983
-1300
-1586
-1200
343
1796
1641
396
-340
305
1805
2452
1494
601
1225
2277
2344
1641
817
813
2200
3265
2540
1361
943
892
771
170
-746
-949
-616
-802
-1474
-2339
-3123
-3145
-2738
-2719
-2787
-2751
-2811
-2679
-2494
-2457
-2029
-1272
-687
-117
258
187
320
851
1256
1704
2201
2277
2291
2424
2116
1686
1673
1670
1537
1326
681
-128
-598
-1000
-1413
-1659
-1950
-2130
-1714
-939
-519
-769
-1265
-1209
-432
443
764
370
124
808
1566
1619
1544
1495
1657
2598
3227
2506
1630
1327
1011
789
493
-306
-866
-959
-1358
-1984
-2530
-3019
-3036
-2729
-2795
-2968
-2877
-2781
-2617
-2347
-2195
-1926
-1362
-873
-529
-174
133
505
950
1236
1496
1807
1927
2036
2223
2146
1855
1640
1353
986
789
582
182
-224
-565
-834
-1001
-1117
-1208
-1095
-559
-32
-194
-659
-658
-256
318
820
719
424
943
1609
1591
1599
1700
1731
2348
2848
2280
1695
1561
1212
913
673
12
-315
-76
-305
-874
-1185
-1465
-1553
-1423
-1598
-1795
-1652
-1590
-1697
-1733
-1779
-1675
-1263
-916
-727
-469
-193
104
401
520
603
853
1026
1084
1223
1196
1020
1041
993
730
692
710
415
174
100
-100
-257
-341
-517
-361
167
174
-329
-498
-354
-155
260
381
-62
-32
564
625
412
510
449
594
1259
1297
715
629
675
403
260
18
-323
-210
-122
-465
-757
-950
-1160
-1230
-1372
-1632
-1638
-1552
-1669
-1836
-1922
-1861
-1619
-1409
-1303
-1088
-789
-498
-288
-313
-290
106
433
438
498
644
765
1014
1195
1037
939
1082
1085
902
743
541
322
205
41
-176
-72
353
410
-62
-408
-329
-73
263
317
-151
-283
202
355
221
335
341
555
1315
1514
1029
970
1126
1017
997
870
554
599
631
223
-122
-390
-724
-797
-809
-1041
-1185
-1241
-1399
-1542
-1612
-1600
-1502
-1392
-1245
-1016
-821
-651
-512
-486
-384
13
414
643
899
1072
1106
1262
1386
1260
1221
1339
1281
1050
813
491
154
7
-111
-307
-164
295
292
-255
-609
-579
-355
22
35
-445
-454
60
227
265
406
380
784
1656
1816
1392
1361
1414
1217
1067
823
526
523
470
76
-332
-685
-976
-1086
-1195
-1362
-1433
-1488
-1640
-1826
-1966
-1957
-1798
-1613
-1407
-1163
-971
-760
-554
-470
-260
169
470
661
915
984
958
1128
1187
970
879
864
590
299
128
-201
-502
-647
-945
-1086
-625
-199
-465
-941
-1097
-957
-518
-124
-345
-598
-150
379
534
678
725
820
1545
2258
2098
1738
1753
1686
1432
1176
819
564
550
372
-73
-502
-846
-1103
-1234
-1367
-1553
-1663
-1675
-1777
-1975
-1991
-1780
-1572
-1415
-1199
-929
-602
-223
-22
7
252
650
878
1058
1229
1253
1322
1430
1251
944
829
709
451
263
94
-181
-380
-558
-786
-643
-114
58
-291
-564
-518
-208
252
335
-12
58
601
934
1102
1212
1146
1445
2144
2282
1827
1611
1666
1571
1311
931
542
388
341
100
-273
-581
-763
-932
-1146
-1362
-1525
-1578
-1524
-1576
-1733
-1736
-1601
-1503
-1394
-1178
-925
-639
-389
-333
-307
-96
118
247
398
469
474
598
649
458
300
326
312
234
199
79
-155
-295
-409
-527
-249
286
274
-227
-431
-303
-11
377
284
-179
-40
473
596
614
616
525
971
1713
1712
1317
1327
1434
1344
1153
843
636
687
678
417
-27
-468
-703
-855
-1105
-1348
-1516
-1672
-1831
-2052
-2295
-2326
-2204
-2123
-1977
-1753
-1561
-1312
-1075
-1002
-815
-399
-61
182
423
520
589
825
936
799
761
827
747
648
529
213
-67
-196
-400
-408
37
324
8
-413
-512
-325
108
406
198
29
414
836
980
1081
1153
1434
2200
2777
2632
2388
2467
2468
2230
1895
1570
1392
1298
1023
481
-134
-557
-782
-1045
-1382
-1692
-1936
-2101
-2259
-2492
-2632
-2532
-2337
-2164
-1945
-1675
-1349
-942
-642
-462
-148
248
512
710
903
987
1047
1155
1105
909
786
693
489
256
45
-196
-426
-626
-799
-724
-309
-79
-384
-692
-572
-242
142
343
136
70
588
1098
1298
1450
1518
1746
2368
2696
2406
2181
2198
2092
1801
1362
910
672
506
192
-253
-720
-1091
-1405
-1774
-2094
-2260
-2361
-2442
-2550
-2722
-2768
-2590
-2381
-2188
-1900
-1559
-1183
-819
-658
-573
-309
-17
175
400
580
584
621
725
657
511
473
392
244
142
-13
-233
-426
-623
-694
-385
35
37
-281
-451
-322
52
431
454
319
553
1018
1292
1373
1373
1480
1975
2524
2570
2310
2149
2048
1866
1550
1150
879
765
574
148
-408
-865
-1161
-1409
-1624
-1787
-1965
-2111
-2245
-2459
-2579
-2432
-2185
-1990
-1774
-1518
-1232
-898
-635
-509
-307
58
377
573
765
912
981
1110
1208
1135
1066
1091
1047
932
777
529
269
96
-84
-185
50
376
317
7
-145
-65
221
589
667
505
654
1056
1305
1413
1421
1458
1837
2323
2419
2208
2032
1936
1765
1384
920
631
457
226
-128
-652
-1170
-1473
-1741
-2098
-2366
-2507
-2580
-2614
-2705
-2829
-2813
-2656
-2465
-2217
-1910
-1552
-1181
-936
-846
-685
-357
-43
243
561
795
937
1059
1065
957
918
1003
1004
832
606
364
118
-113
-344
-452
-185
209
160
-222
-383
-218
152
535
548
388
615
1030
1212
1232
1204
1312
1784
2236
2174
1858
1682
1591
1388
1017
566
238
60
-202
-642
-1127
-1528
-1802
-2000
-2195
-2389
-2489
-2488
-2535
-2630
-2618
-2497
-2347
-2156
-1886
-1584
-1263
-932
-710
-554
-268
112
382
604
888
1147
1308
1413
1414
1356
1381
1396
1256
1012
818
681
529
310
63
37
361
674
591
314
246
460
846
1135
1049
906
1142
1455
1582
1647
1612
1642
2033
2388
2242
1930
1787
1627
1364
1036
600
250
136
-46
-490
-950
-1328
-1645
-1820
-1937
-2143
-2275
-2281
-2391
-2538
-2562
-2547
-2476
-2239
-1947
-1722
-1469
-1185
-991
-815
-502
-142
148
430
694
865
983
1103
1126
1066
1081
1084
920
697
522
337
166
15
-164
-214
22
245
155
-54
-109
40
370
623
505
362
568
803
917
1057
1078
1173
1610
1897
1718
1499
1393
1272
1165
917
481
208
74
-224
-603
-989
-1362
-1559
-1651
-1878
-2161
-2319
-2411
-2481
-2528
-2581
-2576
-2472
-2278
-2043
-1822
-1579
-1254
-936
-675
-355
-24
202
435
737
986
1166
1261
1228
1174
1185
1132
963
836
696
509
392
248
9
-57
193
433
442
378
321
310
514
780
770
715
920
1098
1155
1304
1380
1392
1712
2040
1962
1800
1729
1525
1300
1100
748
481
398
212
-148
-511
-876
-1187
-1354
-1496
-1680
-1841
-1933
-2057
-2215
-2296
-2306
-2253
-2040
-1731
-1476
-1231
-981
-797
-576
-245
51
282
539
775
949
1099
1150
1074
1026
1076
1049
952
827
600
384
300
224
43
-46
88
270
370
357
215
100
200
456
595
564
546
612
742
925
1005
1031
1227
1477
1568
1505
1348
1116
936
776
465
151
-36
-227
-497
-814
-1174
-1482
-1660
-1832
-2077
-2245
-2313
-2366
-2394
-2406
-2417
-2336
-2113
-1864
-1602
-1290
-998
-766
-527
-302
-121
91
337
540
740
948
1059
1026
992
964
854
805
781
601
394
307
135
-97
-145
-134
-127
64
236
143
102
196
248
393
646
707
688
868
1014
1053
1203
1362
1461
1697
1867
1746
1573
1448
1231
994
785
496
204
-31
-296
-652
-1027
-1296
-1492
-1675
-1827
-1939
-2070
-2165
-2157
-2143
-2135
-2023
-1819
-1607
-1323
-1055
-884
-663
-337
-67
142
356
529
703
941
1092
1090
1126
1213
1220
1182
1123
962
790
716
636
486
367
289
224
260
332
303
244
231
249
344
477
519
495
543
698
878
1003
1093
1218
1376
1498
1523
1408
1261
1186
1048
792
523
258
-16
-200
-412
-759
-1019
-1191
-1415
-1610
-1762
-1942
-2035
-2011
-2012
-2024
-2007
-1955
-1790
-1528
-1293
-1105
-907
-692
-442
-215
-59
77
263
519
716
770
754
765
777
762
697
557
406
296
184
20
-142
-259
-312
-326
-315
-278
-268
-270
-261
-247
-113
99
183
242
384
483
647
907
1003
1084
1317
1411
1344
1289
1134
964
906
719
440
241
26
-203
-410
-700
-967
-1101
-1229
-1347
-1471
-1629
-1681
-1649
-1664
-1603
-1453
-1330
-1134
-874
-730
-580
-300
-87
86
356
531
626
824
968
1003
1122
1185
1125
1112
1070
929
807
640
387
245
136
-1
-72
-142
-204
-112
-18
-76
-117
-53
88
275
399
382
369
518
730
883
967
1038
1168
1319
1390
1330
1142
1044
1030
891
650
446
230
1
-125
-298
-602
-779
-831
-1003
-1178
-1263
-1410
-1522
-1488
-1500
-1559
-1516
-1423
-1308
-1135
-991
-888
-743
-555
-351
-180
-63
71
228
354
443
497
498
506
553
531
431
346
241
127
62
-18
-125
-199
-203
-173
-123
-68
-89
-136
-58
70
144
238
278
292
452
641
706
776
882
994
1156
1250
1184
1114
1081
985
893
755
537
410
310
70
-162
-368
-624
-803
-918
-1105
-1271
-1373
-1509
-1630
-1674
-1683
-1639
-1554
-1465
-1339
-1217
-1081
-908
-782
-624
-382
-188
-29
175
315
409
550
616
620
640
649
618
543
419
311
219
107
41
19
-51
-58
35
-13
-134
-75
17
48
186
288
266
412
689
799
864
1059
1241
1419
1629
1665
1567
1564
1611
1546
1360
1162
995
846
673
438
104
-209
-364
-514
-777
-1026
-1226
-1381
-1405
-1445
-1605
-1698
-1644
-1482
-1277
-1184
-1155
-1003
-758
-506
-313
-254
-130
166
409
527
591
581
601
710
737
616
471
334
196
67
-63
-168
-255
-379
-474
-431
-388
-427
-451
-448
-295
156
444
134
-195
-40
318
781
1138
935
738
1186
1562
1427
1255
1075
1025
1394
1490
874
296
103
-33
-214
-513
-868
-962
-839
-865
-1154
-1511
-1667
-1592
-1468
-1355
-1290
-1267
-1164
-1028
-962
-884
-700
-462
-177
125
294
356
417
456
491
596
664
628
582
494
296
109
-45
-228
-344
-401
-507
-602
-646
-725
-792
-749
-651
-541
-384
-268
-237
-130
74
250
393
568
766
970
1206
1356
1351
1352
1437
1487
1468
1390
1217
1005
866
707
433
195
15
-195
-343
-426
-610
-833
-940
-997
-1070
-1067
-1044
-1097
-1083
-943
-834
-753
-608
-470
-327
-101
77
148
265
424
525
595
626
607
614
619
552
449
366
318
263
181
93
29
5
-19
-72
-85
-19
27
74
137
150
209
348
407
432
560
694
785
894
934
911
938
932
839
741
676
607
475
288
79
-136
-326
-476
-652
-842
-938
-1019
-1168
-1293
-1385
-1464
-1483
-1451
-1439
-1388
-1242
-1121
-1074
-967
-818
-708
-555
-378
-280
-141
42
106
117
204
272
281
308
304
283
322
309
195
83
40
83
105
73
61
99
177
226
192
157
238
406
537
574
572
629
740
824
842
834
860
950
976
919
835
672
543
473
333
191
100
-47
-221
-349
-509
-663
-741
-830
-919
-934
-975
-1044
-1064
-1086
-1076
-1001
-926
-838
-709
-595
-503
-410
-318
-222
-112
3
88
177
263
317
332
326
316
319
355
365
348
329
301
292
298
282
275
341
376
403
486
522
539
600
638
647
710
778
810
856
874
879
892
872
828
781
707
625
566
457
307
164
23
-117
-241
-355
-511
-642
-688
-751
-831
-906
-984
-1027
-1008
-999
-1019
-985
-924
-859
-759
-688
-636
-530
-413
-322
-244
-181
-92
16
59
66
98
130
168
202
185
162
208
254
244
207
165
172
217
247
257
249
272
330
347
334
339
360
399
443
448
414
395
395
343
291
288
238
166
118
35
-71
-140
-238
-386
-484
-543
-618
-691
-780
-884
-936
-954
-961
-973
-997
-968
-901
-868
-848
-810
-760
-673
-561
-477
-383
-246
-100
4
93
170
252
378
493
546
586
655
702
746
798
790
800
887
940
946
935
897
877
893
860
787
765
763
740
727
680
579
513
513
467
389
328
238
153
124
60
-79
-183
-235
-293
-339
-371
-455
-560
-585
-604
-711
-783
-787
-831
-835
-764
-781
-827
-791
-758
-766
-714
-636
-598
-510
-373
-310
-285
-215
-147
-59
73
191
263
359
463
520
577
609
643
731
820
890
935
931
924
940
917
874
852
822
798
786
718
601
496
398
301
239
164
65
-20
-110
-207
-322
-458
-563
-626
-698
-749
-796
-888
-952
-980
-1040
-1092
-1096
-1100
-1089
-1049
-1038
-1041
-1014
-978
-945
-904
-864
-809
-707
-595
-526
-476
-415
-348
-256
-135
-39
40
166
266
337
422
473
535
651
762
843
925
964
998
1036
1037
1033
1038
1031
1029
1028
985
933
860
748
655
598
515
422
347
238
124
34
-76
-210
-306
-361
-413
-452
-502
-573
-629
-642
-680
-724
-727
-708
-672
-624
-603
-610
-577
-538
-516
-470
-426
-373
-267
-196
-184
-157
-134
-103
-24
37
72
146
231
276
318
345
366
429
518
601
659
715
756
779
781
774
781
800
839
858
831
792
742
669
594
528
457
381
318
245
128
5
-99
-222
-330
-384
-443
-529
-579
-627
-713
-759
-790
-841
-851
-813
-795
-785
-756
-747
-747
-702
-640
-610
-540
-436
-376
-338
-281
-248
-224
-153
-81
-35
28
96
136
171
191
215
273
330
377
428
448
461
512
529
515
526
538
540
565
563
517
484
445
401
358
302
228
160
95
26
-50
-154
-245
-317
-392
-464
-518
-581
-656
-690
-713
-759
-792
-794
-797
-796
-762
-743
-732
-689
-628
-589
-541
-464
-394
-329
-243
-160
-112
-53
41
99
150
234
293
340
415
476
499
541
594
611
638
680
694
702
725
733
722
735
738
716
711
712
688
675
647
590
547
503
447
401
345
281
231
182
117
57
-13
-86
-131
-188
-242
-278
-331
-381
-408
-443
-484
-485
-484
-505
-487
-471
-484
-468
-432
-420
-386
-333
-309
-265
-218
-185
-135
-91
-64
-16
35
64
106
134
141
171
213
218
233
260
248
250
266
241
229
248
224
209
226
190
160
168
123
83
97
64
18
23
-18
-78
-84
-120
-175
-175
-195
-244
-246
-273
-334
-332
-345
-392
-385
-388
-427
-419
-411
-440
-426
-403
-408
-376
-339
-332
-302
-262
-255
-212
-148
-129
-95
-35
-13
17
78
96
116
176
212
227
267
272
259
285
289
270
282
269
239
240
223
173
153
129
86
79
65
17
-4
-9
-50
-71
-72
-109
-120
-99
-121
-134
-112
-129
-135
-100
-102
-107
-74
-72
-77
-47
-37
-36
-2
10
4
44
69
73
109
134
133
176
212
208
241
285
290
318
361
361
382
421
423
435
463
458
456
469
452
434
442
422
388
379
357
314
287
253
192
158
125
69
23
-14
-70
-113
-142
-188
-228
-255
-283
-315
-338
-368
-387
-393
-412
-420
-418
-426
-429
-420
-419
-418
-404
-395
-392
-377
-360
-351
-338
-326
-310
-280
-252
-227
-209
-192
-164
-126
-101
-77
-47
-16
14
48
73
86
116
148
171
191
202
213
228
237
236
232
227
222
212
196
180
162
136
116
91
59
37
11
-14
-42
-68
-93
-124
-152
-169
-185
-204
-210
-218
-233
-234
-225
-242
-241
-225
-232
-227
-210
-216
-210
-190
-188
-184
-163
-152
-145
-116
-104
-97
-69
-52
-42
-11
17
34
66
92
105
137
163
176
203
232
245
267
300
313
320
339
348
346
361
370
366
366
365
354
345
339
321
309
294
277
269
245
220
211
186
158
147
130
104
99
86
55
44
35
9
-6
-16
-37
-40
-49
-72
-84
-90
-109
-118
-120
-139
-142
-134
-149
-155
-151
-161
-164
-149
-148
-152
-135
-132
-136
-121
-110
-106
-90
-80
-70
-52
-51
-51
-39
-36
-29
-8
-10
-15
-2
-3
-11
-1
-2
-6
7
1
-12
-10
-13
-25
-30
-31
-38
-40
-39
-49
-61
-69
-80
-85
-86
-100
-109
-108
-125
-133
-131
-154
-160
-152
-168
-174
-176
-192
-197
-193
-203
-206
-198
-205
-209
-197
-203
-210
-192
-196
-191
-169
-165
-160
-140
-132
-121
-93
-76
-65
-39
-17
-4
28
47
60
87
110
129
156
179
191
215
234
240
260
269
268
283
295
287
295
298
287
286
287
276
264
258
242
223
212
195
173
159
145
120
103
87
63
44
30
7
-8
-25
-51
-61
-72
-93
-108
-111
-120
-129
-126
-132
-133
-129
-126
-123
-118
-105
-86
-73
-62
-46
-26
-4
17
39
54
81
115
138
152
175
195
214
238
251
258
273
285
292
289
285
283
279
274
263
250
227
213
191
166
140
111
87
57
30
-2
-35
-68
-99
-134
-165
-194
-221
-246
-278
-303
-330
-357
-374
-395
-415
-423
-432
-448
-456
-459
-466
-464
-454
-447
-442
-420
-404
-391
-366
-345
-326
-295
-262
-239
-205
-172
-142
-107
-78
-45
-8
24
55
88
116
139
162
178
196
215
226
237
246
246
252
251
246
239
229
221
210
197
176
158
141
121
102
83
64
43
27
7
-12
-33
-46
-59
-71
-80
-93
-107
-110
-112
-113
-104
-104
-104
-90
-78
-75
-63
-54
-43
-16
4
17
36
55
72
100
120
132
153
177
195
219
233
242
259
274
285
293
299
304
312
315
313
304
301
295
286
278
263
247
232
214
199
180
156
136
118
95
73
56
35
12
-10
-31
-52
-68
-85
-105
-119
-134
-144
-150
-159
-168
-178
-181
-177
-180
-186
-184
-186
-179
-170
-166
-164
-158
-150
-141
-130
-121
-118
-114
-99
-90
-87
-78
-73
-71
-60
-50
-50
-48
-49
-52
-48
-49
-53
-60
-68
-68
-75
-89
-96
-106
-118
-122
-129
-139
-147
-154
-164
-167
-171
-176
-174
-174
-174
-170
-166
-166
-160
-150
-144
-136
-125
-119
-113
-98
-92
-80
-63
-51
-41
-28
-15
-7
6
18
26
37
50
54
61
69
74
74
79
83
85
85
88
89
84
85
83
78
73
72
70
69
65
61
58
53
52
49
44
45
46
41
40
37
36
39
36
39
47
49
55
65
74
86
97
107
117
130
142
152
164
180
194
205
215
223
230
241
250
257
263
264
268
272
270
261
255
254
250
241
234
222
210
199
183
166
146
125
109
93
69
45
18
-12
-32
-53
-79
-104
-125
-148
-171
-194
-219
-246
-262
-278
-296
-308
-320
-332
-341
-350
-352
-354
-352
-348
-343
-339
-333
-320
-306
-292
-277
-259
-241
-223
-200
-181
-164
-138
-116
-97
-74
-51
-33
-13
8
22
38
54
65
77
88
95
104
109
111
113
116
115
115
110
99
96
88
72
65
53
41
28
11
-5
-23
-35
-50
-69
-88
-103
-116
-131
-142
-155
-170
-176
-181
-189
-186
-189
-186
-179
-174
-163
-150
-139
-122
-99
-78
-55
-32
-8
13
39
67
93
124
158
183
210
237
258
279
301
323
343
361
372
385
396
402
407
407
406
406
402
393
381
368
353
338
320
296
267
245
221
190
164
133
101
73
43
13
-19
-54
-82
-104
-133
-158
-184
-208
-226
-246
-263
-276
-282
-288
-291
-289
-296
-296
-287
-277
-267
-250
-228
-209
-184
-161
-140
-114
-86
-56
-30
-4
25
53
72
101
126
144
167
186
201
215
226
233
234
241
239
235
232
223
209
193
180
158
139
121
92
66
40
6
-20
-50
-89
-119
-149
-181
-210
-243
-276
-305
-330
-353
-375
-398
-415
-427
-439
-451
-462
-467
-463
-460
-450
-441
-437
-417
-402
-384
-357
-333
-305
-268
-235
-205
-166
-136
-99
-59
-20
17
51
89
123
160
190
219
246
276
301
322
341
354
371
383
386
396
401
397
402
396
385
377
367
352
335
319
298
274
254
229
201
177
149
122
99
72
41
19
-7
-32
-49
-71
-91
-103
-125
-140
-148
-160
-170
-172
-175
-178
-173
-168
-170
-162
-150
-143
-132
-112
-99
-81
-60
-46
-22
1
20
44
68
87
110
129
145
166
180
193
216
226
233
246
246
253
253
251
249
243
235
228
213
202
188
164
151
139
118
101
80
55
36
15
-11
-33
-55
-76
-96
-116
-138
-160
-176
-195
-211
-223
-237
-247
-253
-263
-270
-272
-276
-276
-273
-272
-269
-263
-254
-246
-234
-223
-213
-198
-180
-164
-150
-132
-119
-100
-84
-74
-56
-40
-29
-13
-1
7
12
23
33
35
39
44
43
41
41
34
30
31
24
14
10
0
-8
-15
-30
-40
-44
-57
-66
-73
-83
-93
-98
-101
-107
-107
-111
-113
-111
-110
-105
-102
-96
-87
-73
-66
-53
-37
-24
-9
9
27
43
64
81
103
120
138
157
176
196
208
227
242
256
271
279
285
295
303
307
312
312
314
311
306
298
290
277
266
252
233
215
194
172
149
126
106
84
59
31
5
-17
-42
-67
-90
-114
-138
-157
-179
-198
-214
-230
-241
-253
-260
-263
-271
-274
-275
-271
-268
-265
-255
-246
-232
-219
-205
-189
-171
-152
-132
-109
-88
-63
-42
-19
5
24
49
74
97
118
140
158
172
189
204
216
228
236
239
245
249
247
242
238
231
222
211
199
180
164
147
123
105
82
59
38
13
-14
-37
-62
-90
-113
-139
-163
-186
-206
-230
-249
-261
-277
-292
-304
-313
-323
-325
-330
-333
-327
-327
-318
-307
-296
-284
-270
-252
-231
-213
-191
-168
-142
-117
-93
-68
-44
-11
12
36
62
88
111
136
161
178
200
220
237
250
264
277
284
293
298
296
295
295
289
283
279
273
260
246
235
222
204
191
173
154
141
123
105
87
69
51
41
25
11
0
-18
-27
-37
-46
-53
-62
-69
-73
-76
-78
-80
-78
-77
-73
-71
-72
-66
-60
-51
-44
-39
-33
-26
-15
-11
-4
5
11
16
24
24
27
33
34
37
38
37
35
32
25
20
16
7
0
-9
-21
-32
-44
-57
-71
-79
-88
-100
-108
-119
-134
-143
-153
-162
-165
-172
-178
-180
-186
-185
-184
-184
-185
-180
-172
-167
-156
-149
-145
-134
-123
-112
-99
-82
-67
-54
-37
-24
-8
10
28
40
59
78
92
106
119
130
138
149
156
163
170
175
181
182
182
177
176
174
171
168
161
151
143
131
118
108
94
83
72
58
42
30
17
1
-14
-28
-36
-51
-60
-69
-81
-90
-96
-101
-106
-109
-110
-113
-115
-117
-115
-113
-105
-102
-96
-88
-84
-72
-60
-53
-43
-26
-16
-1
11
20
34
47
58
69
80
90
99
111
117
122
128
134
138
140
143
140
139
142
141
134
133
129
118
113
107
92
84
75
63
55
43
30
19
3
-12
-21
-36
-48
-58
-70
-84
-94
-102
-115
-121
-128
-136
-140
-143
-149
-153
-150
-152
-153
-150
-148
-145
-134
-130
-126
-115
-105
-97
-87
-76
-67
-54
-41
-33
-20
-7
2
14
28
38
48
59
71
77
82
89
94
94
98
100
96
96
94
92
91
88
84
76
70
67
60
52
42
31
25
16
9
0
-8
-14
-22
-29
-36
-46
-55
-58
-66
-73
-75
-83
-86
-85
-90
-89
-86
-90
-84
-79
-79
-74
-69
-64
-58
-52
-44
-38
-35
-25
-17
-10
0
6
11
17
27
35
39
44
52
55
63
70
69
74
81
81
85
86
89
90
89
87
87
84
82
82
77
73
69
64
64
57
51
47
44
37
33
32
23
20
18
11
4
2
-2
-9
-12
-14
-18
-18
-22
-25
-25
-29
-33
-29
-31
-34
-32
-32
-33
-30
-29
-29
-26
-26
-26
-24
-23
-22
-23
-23
-22
-25
-25
-24
-24
-21
-20
-22
-24
-24
-24
-22
-24
-25
-22
-22
-23
-22
-23
-27
-25
-24
-23
-22
-24
-24
-25
-26
-25
-23
-22
-21
-19
-20
-21
-19
-17
-15
-15
-14
-14
-12
-12
-9
-8
-7
-5
0
2
-2
1
3
1
0
4
7
7
10
8
8
9
9
12
12
15
15
16
18
16
13
16
17
18
21
20
21
20
18
18
19
16
16
18
17
14
15
16
16
16
15
15
16
14
11
10
7
7
8
7
5
6
8
10
11
9
7
7
5
6
8
4
2
3
4
4
5
6
6
5
6
6
5
5
5
3
2
1
1
4
3
2
3
4
5
7
5
6
4
4
5
2
4
5
5
5
7
6
4
2
2
3
1
0
3
2
2
1
-1
-2
-1
-3
-4
-5
-5
-6
-7
-10
-8
-7
-8
-6
-6
-3
-1
-3
-6
-2
-7
-7
-3
-7
-10
-10
-9
-12
-14
-13
-15
-14
-14
-14
-16
-19
-20
-23
-22
-24
-24
-22
-23
-22
-22
-23
-24
-20
-22
-21
-16
-19
-22
-20
-21
-20
-17
-17
-18
-12
-11
-8
-7
-8
-10
-8
-5
-4
0
3
1
1
4
3
7
8
8
11
14
10
11
16
12
14
17
17
19
21
20
21
20
21
23
23
25
28
27
24
27
26
24
24
23
21
21
22
18
15
13
11
11
12
12
9
8
6
5
6
2
-1
2
0
-1
-3
-3
-4
-5
-5
-3
-5
-6
-6
-4
-7
-5
-4
-3
-3
-2
1
0
1
2
3
1
2
3
1
1
2
5
6
6
9
8
6
8
9
5
8
10
7
9
8
6
5
7
3
2
2
1
1
0
-2
-4
-6
-5
-3
-8
-11
-8
-8
-9
-10
-12
-11
-10
-12
-11
-11
-13
-13
-12
-12
-13
-16
-19
-19
-18
-17
-18
-21
-25
-25
-25
-25
-28
-27
-27
-27
-28
-28
-23
-27
-27
-22
-22
-23
-20
-15
-16
-12
-10
-8
-7
-2
-3
-3
-3
-2
1
1
3
5
4
5
6
8
11
12
11
13
12
11
13
12
13
14
15
16
13
17
19
18
18
17
19
20
19
18
18
18
17
19
20
18
21
19
20
19
17
19
18
19
17
17
16
16
16
14
12
12
12
13
12
9
9
11
12
10
12
12
10
12
11
9
7
8
6
9
9
4
5
5
5
2
3
2
-1
0
-1
-3
-7
-5
-5
-6
-6
-9
-8
-8
-10
-11
-14
-14
-15
-16
-17
-15
-17
-17
-19
-19
-17
-21
-18
-18
-17
-16
-18
-18
-17
-17
-20
-17
-14
-14
-12
-13
-14
-14
-15
-13
-10
-7
-7
-7
-6
-5
-3
-2
-2
-3
0
2
0
-2
0
-3
-2
2
-4
-6
-2
-4
-6
-5
-6
-7
-7
-6
-7
-7
-6
-6
-4
-1
-3
-4
-3
-2
-3
-3
-4
-7
-4
-5
-6
-5
-6
-5
-3
-1
1
-2
-2
1
1
3
5
5
5
9
13
12
15
17
15
15
18
16
18
19
21
21
21
22
20
18
21
20
21
21
21
22
20
19
20
20
18
21
20
19
21
19
20
18
18
16
17
17
15
12
12
12
9
8
6
5
4
2
0
-2
-5
-7
-8
-9
-9
-11
-12
-12
-11
-12
-13
-11
-12
-12
-12
-12
-14
-13
-13
-15
-14
-13
-14
-14
-12
-14
-16
-14
-14
-13
-11
-12
-14
-14
-14
-13
-10
-12
-14
-13
-15
-17
-14
-15
-15
-15
-15
-12
-12
-14
-12
-10
-12
-10
-8
-10
-8
-5
-6
-6
-5
-5
-4
-4
-1
-3
-5
-3
-4
-3
-3
-5
-4
-1
-4
-3
1
-2
-1
2
3
2
3
6
5
7
7
9
10
11
13
13
10
12
13
11
11
12
10
9
8
8
9
6
6
5
6
7
8
6
7
7
5
5
7
6
5
4
3
5
3
4
5
4
6
8
7
6
6
4
4
5
5
7
7
4
3
3
3
3
3
4
3
2
3
3
6
8
5
5
7
7
5
6
6
8
7
9
10
6
4
5
5
3
4
2
2
1
1
-2
-2
-2
-1
-1
-2
-2
-2
-3
-3
-3
-3
-2
-4
-3
-3
-5
-8
-8
-7
-8
-7
-7
-6
-5
-7
-8
-9
-9
-11
-10
-10
-10
-11
-11
-13
-13
-14
-13
-11
-11
-11
-8
-7
-9
-11
-11
-9
-10
-9
-9
-9
-8
-8
-5
-5
-5
-4
-4
-6
-4
-3
-6
-8
-5
-6
-6
-6
-8
-8
-5
-7
-7
-5
-4
-4
-2
-4
-3
-1
1
1
2
1
0
1
2
2
2
6
5
5
7
5
5
5
7
6
5
2
6
7
6
9
10
7
9
11
10
8
10
10
12
12
11
11
10
10
10
13
11
12
15
11
10
12
12
11
11
13
12
12
11
11
12
10
10
11
9
9
11
9
9
8
8
9
7
7
8
6
7
7
6
5
5
1
1
1
1
1
3
0
-2
-2
-5
-6
-6
-6
-9
-10
-9
-8
-8
-8
-7
-8
-10
-9
-9
-14
-13
-13
-14
-14
-15
-14
-12
-15
-16
-15
-17
-16
-14
-16
-14
-13
-12
-14
-12
-13
-12
-11
-12
-11
-10
-11
-11
-9
-10
-8
-6
-8
-7
-7
-6
-8
-7
-7
-5
-5
-3
-3
-4
-3
-3
-1
-1
0
0
1
3
1
0
-1
-2
0
2
2
2
2
2
4
4
5
4
3
5
5
7
7
6
8
10
10
12
12
10
10
10
8
9
8
6
9
9
7
7
9
11
9
10
11
7
9
11
9
8
6
9
11
8
8
10
9
8
9
9
9
7
9
7
5
6
5
3
4
4
2
1
1
1
0
0
-3
1
0
-1
1
0
0
2
4
4
4
5
5
8
6
2
4
5
3
3
6
2
-1
1
0
-1
-1
0
0
-1
-5
-3
-5
-4
-4
-5
-3
-5
-4
-5
-6
-8
-7
-9
-8
-6
-7
-9
-9
-10
-11
-14
-11
-14
-15
-13
-16
-16
-17
-18
-18
-15
-18
-18
-16
-17
-17
-16
-18
-15
-17
-15
-14
-14
-13
-13
-10
-9
-11
-10
-8
-10
-9
-7
-7
-4
-2
-2
1
2
-1
0
4
4
5
6
7
9
9
10
9
6
8
11
10
12
9
8
11
11
10
11
11
11
12
12
11
11
14
13
14
14
15
15
13
15
15
11
11
12
11
12
12
9
8
7
6
8
9
8
7
8
7
6
5
5
6
5
5
7
7
5
8
5
3
2
4
2
3
3
-1
1
1
1
1
1
1
-1
-1
0
-1
-2
-3
-2
-2
-4
-1
0
-3
-4
-3
-3
-2
-1
-3
-4
-5
-4
-2
-3
-6
-5
-2
-3
-5
-3
-5
-5
-6
-5
-4
-6
-4
-2
-2
-5
-5
-4
-6
-6
-6
-7
-6
-8
-10
-11
-10
-13
-14
-13
-16
-17
-16
-16
-17
-16
-15
-14
-13
-14
-15
-10
-11
-11
-9
-9
-11
-11
-10
-12
-11
-12
-10
-9
-9
-8
-8
-7
-6
-6
-6
-3
-5
-1
0
0
2
4
5
7
7
6
8
10
10
11
12
12
12
13
10
10
11
11
12
13
12
14
15
15
16
16
17
17
18
18
17
16
16
16
13
15
13
14
16
12
12
14
14
13
11
12
12
11
12
13
10
8
10
9
6
7
7
5
4
3
1
2
1
1
2
1
0
-1
-3
-1
-6
-6
-5
-6
-8
-9
-8
-10
-9
-8
-8
-9
-8
-7
-9
-10
-10
-10
-12
-11
-11
-12
-12
-9
-9
-11
-9
-8
-11
-11
-7
-8
-9
-9
-8
-7
-7
-7
-7
-7
-6
-7
-5
-4
-4
-4
-4
-3
-1
-2
0
0
0
0
-2
-3
-1
-1
-3
-4
-5
-3
-4
-3
-2
-2
-4
-5
-4
-3
-6
-6
-5
-8
-9
-8
-8
-9
-7
-6
-5
-6
-8
-5
-7
-6
-5
-5
-6
-4
0
-2
-2
0
0
1
4
2
2
4
3
3
4
4
3
5
4
5
5
4
4
6
6
8
10
7
8
8
9
9
11
9
9
10
9
11
11
10
10
13
14
13
16
16
16
15
17
14
14
14
14
16
15
14
13
15
15
15
15
13
13
14
14
12
11
10
9
9
9
9
7
4
5
5
4
3
1
0
-1
-2
-5
-4
-9
-11
-11
-11
-14
-13
-14
-15
-16
-16
-15
-15
-13
-14
-15
-16
-16
-15
-14
-15
-12
-11
-11
-13
-13
-10
-11
-14
-11
-12
-13
-12
-7
-11
-10
-8
-8
-8
-9
-9
-8
-8
-9
-6
-6
-5
-5
-4
-4
-4
-3
-5
-6
-5
-6
-7
-5
-7
-7
-7
-5
-5
-5
-5
-7
-5
-5
-6
-4
-4
-5
-3
-1
-2
-1
-2
-4
-3
-1
-3
-4
-1
0
0
-1
-1
2
1
1
2
4
4
5
5
7
6
7
10
12
12
13
14
15
16
15
17
16
16
17
19
17
15
17
17
17
17
17
16
16
14
14
14
14
14
16
15
14
14
11
14
13
8
11
13
11
9
12
9
8
9
8
8
6
5
8
7
4
3
2
1
0
0
-1
-2
0
0
-2
-2
-2
-3
-3
-2
-7
-8
-7
-10
-9
-11
-12
-10
-13
-13
-11
-12
-15
-17
-16
-16
-18
-13
-14
-16
-13
-14
-13
-15
-14
-15
-15
-16
-15
-15
-15
-15
-17
-17
-18
-17
-15
-13
-14
-15
-15
-14
-13
-13
-11
-9
-11
-12
-9
-9
-9
-8
-3
-3
-5
-2
-2
-1
-1
-2
-2
0
1
2
2
2
1
-1
0
0
2
-1
-2
0
1
0
0
0
1
2
4
2
4
4
3
6
6
6
8
8
7
9
13
11
11
14
13
14
15
14
15
15
16
16
14
15
17
17
21
18
19
21
19
21
19
17
18
18
18
16
17
16
14
14
13
11
11
10
9
9
4
2
4
2
1
2
2
1
3
2
-1
0
1
0
-1
1
1
0
-2
-1
-2
-5
-4
-2
-2
-3
-3
-3
-6
-4
-3
-5
-7
-5
-5
-8
-9
-9
-10
-12
-9
-10
-12
-11
-11
-11
-12
-13
-16
-16
-15
-18
-15
-15
-17
-15
-13
-13
-13
-14
-14
-15
-14
-13
-11
-11
-14
-14
-13
-15
-14
-14
-14
-13
-13
-12
-12
-12
-10
-11
-9
-8
-8
-6
-6
-6
-3
-4
-1
-1
-1
0
-1
0
-1
0
1
1
2
4
1
2
3
2
2
3
4
3
3
7
6
7
8
9
10
10
11
11
11
12
11
13
12
11
12
12
12
11
9
11
10
9
11
11
8
10
12
9
9
11
9
9
10
11
11
12
12
12
13
12
13
12
11
15
12
11
11
12
12
10
13
14
10
11
13
9
10
14
12
11
9
6
6
5
5
3
2
0
2
2
0
-1
-1
-1
-4
-4
-3
-4
-6
-7
-9
-8
-6
-7
-8
-8
-9
-9
-9
-9
-9
-11
-11
-12
-12
-13
-13
-12
-14
-14
-13
-15
-15
-14
-16
-17
-16
-16
-17
-16
-18
-19
-18
-18
-19
-19
-18
-17
-16
-15
-17
-17
-17
-15
-14
-16
-16
-12
-12
-14
-12
-13
-13
-11
-9
-9
-8
-7
-8
-5
-1
-4
-2
1
2
1
5
6
6
10
9
8
9
10
9
11
12
10
11
11
9
11
10
9
9
11
10
10
10
8
11
12
11
10
9
11
10
13
12
11
12
12
11
11
9
8
9
11
9
9
10
8
9
8
8
9
10
10
8
13
12
10
12
12
12
13
13
12
12
12
12
10
8
9
9
6
7
8
8
5
5
6
6
5
6
5
4
3
1
4
3
2
1
1
1
-1
-2
-3
-4
-2
-3
-3
-5
-6
-7
-10
-8
-8
-8
-8
-8
-9
-10
-11
-11
-10
-10
-8
-9
-10
-12
-12
-13
-14
-13
-13
-13
-13
-13
-14
-15
-16
-16
-16
-18
-17
-18
-20
-20
-20
-17
-20
-18
-17
-17
-15
-17
-16
-13
-13
-14
-13
-13
-12
-11
-10
-10
-9
-10
-10
-9
-6
-8
-6
-4
-6
-4
-4
-5
-4
-5
-2
-3
-1
0
2
5
5
6
7
9
10
10
13
16
14
15
17
15
14
16
16
15
18
19
18
18
19
19
19
21
20
20
23
21
17
19
17
16
16
17
15
15
18
15
13
16
14
10
11
9
9
8
8
6
7
8
7
9
9
10
9
9
6
4
3
0
1
1
0
2
1
-1
0
1
-1
-3
-1
-2
-5
-4
-3
-3
-2
-3
-4
-5
-2
-3
-4
-5
-5
-5
-6
-7
-7
-7
-7
-7
-7
-8
-9
-9
-9
-11
-9
-9
-10
-10
-9
-8
-10
-9
-9
-10
-9
-6
-9
-8
-6
-10
-9
-11
-11
-9
-11
-11
-10
-11
-12
-12
-13
-14
-15
-17
-17
-15
-16
-17
-16
-15
-17
-16
-15
-16
-15
-13
-12
-11
-9
-11
-10
-10
-11
-9
-7
-6
-6
-5
-7
-5
-4
-5
-4
-1
-1
-1
2
3
2
3
6
6
8
6
7
10
11
10
10
12
15
16
17
17
17
18
19
20
19
21
20
20
21
21
20
20
21
21
20
20
19
19
16
18
18
17
17
16
15
15
16
16
16
14
13
13
12
13
12
8
7
8
6
5
6
4
4
5
2
3
2
0
-1
-1
-3
-4
-4
-6
-7
-5
-7
-6
-7
-9
-7
-7
-7
-7
-8
-8
-5
-5
-8
-5
-7
-6
-4
-4
-6
-5
-7
-6
-6
-8
-5
-8
-9
-7
-9
-10
-9
-9
-10
-7
-10
-11
-8
-11
-12
-9
-9
-9
-11
-11
-11
-11
-10
-12
-10
-10
-11
-11
-9
-10
-13
-13
-13
-11
-12
-14
-14
-15
-15
-14
-13
-14
-14
-12
-13
-13
-11
-10
-12
-12
-11
-8
-8
-9
-8
-4
-7
-8
-6
-5
-5
-4
-3
-3
-2
-1
-2
-2
1
1
2
2
2
6
6
6
9
9
12
11
12
15
16
18
18
19
20
21
21
20
21
21
23
22
22
24
22
22
24
21
23
24
24
22
23
21
22
23
22
23
21
21
21
19
17
16
14
12
11
11
12
11
6
8
7
6
4
4
4
2
1
0
-1
-2
-3
-3
-4
-6
-6
-7
-8
-10
-9
-10
-10
-11
-11
-11
-12
-13
-14
-13
-15
-14
-13
-12
-14
-12
-12
-14
-13
-12
-12
-14
-14
-12
-11
-13
-12
-11
-12
-12
-12
-16
-15
-13
-15
-17
-15
-14
-17
-15
-13
-15
-13
-11
-11
-11
-11
-9
-9
-10
-9
-8
-8
-9
-7
-8
-9
-9
-9
-9
-9
-10
-9
-9
-9
-11
-9
-5
-7
-5
-4
-5
-4
-2
-2
-2
1
1
0
2
1
1
2
3
2
3
2
0
1
1
1
0
2
2
5
5
7
8
8
9
7
13
13
12
14
15
15
17
17
18
20
20
21
19
21
21
21
23
25
24
23
24
25
25
24
24
26
26
24
27
24
23
24
22
20
19
19
16
13
12
11
8
8
5
2
2
-1
-2
-4
-6
-5
-7
-8
-7
-9
-10
-7
-6
-11
-10
-8
-11
-10
-8
-12
-14
-11
-13
-14
-14
-12
-15
-14
-14
-15
-16
-16
-17
-14
-16
-17
-15
-16
-18
-17
-16
-18
-15
-16
-15
-14
-14
-14
-13
-11
-13
-10
-11
-12
-10
-10
-11
-11
-10
-9
-7
-7
-8
-7
-5
-8
-7
-4
-4
-4
-4
-4
-4
-2
-3
-5
-5
-4
-3
-4
-4
-3
-4
-4
-5
-5
-3
-5
-5
-4
-5
-3
0
-2
1
1
-4
-2
2
0
0
1
-1
3
4
4
5
4
4
5
4
6
5
7
11
9
10
13
12
13
12
13
15
13
12
14
13
13
15
15
15
16
17
16
16
18
19
19
19
17
17
19
18
17
15
17
16
15
16
16
16
15
15
15
14
13
14
12
11
11
10
7
7
7
6
6
4
6
4
2
2
2
3
1
-1
-1
-4
-5
-4
-6
-8
-7
-9
-11
-10
-11
-12
-14
-14
-17
-15
-16
-18
-20
-20
-17
-19
-21
-19
-20
-22
-23
-22
-21
-21
-21
-22
-22
-21
-21
-21
-20
-18
-16
-15
-17
-14
-13
-14
-13
-12
-10
-9
-9
-10
-8
-8
-9
-8
-6
-5
-5
-4
-3
-2
-2
-1
-1
0
0
-1
2
3
3
4
4
4
5
4
5
6
4
5
6
5
5
7
6
5
6
7
5
6
7
6
7
7
6
5
7
5
5
5
5
7
6
6
6
6
6
7
4
6
8
8
10
12
9
9
10
9
12
12
11
12
11
11
13
13
10
11
13
14
11
13
14
13
14
11
12
14
12
11
12
12
13
10
