1
-1
-3
-2
-1
0
2
3
0
2
0
0
2
4
3
4
5
6
4
6
5
4
5
6
8
8
7
5
6
6
5
6
4
6
7
7
6
4
3
3
4
3
2
0
0
0
-2
0
-1
-1
-2
-3
-4
-4
-6
-6
-6
-5
-5
-6
-5
-5
-7
-8
-6
-4
-1
-2
-3
-2
-2
-3
-4
-3
0
1
1
1
-1
-2
-2
1
2
3
2
0
0
0
0
0
1
4
4
3
3
1
1
1
1
1
3
2
1
2
5
5
5
5
3
1
1
3
2
2
4
1
2
0
-1
0
-1
0
3
1
1
0
-1
-1
-2
0
2
0
2
1
-3
-3
-5
-5
-6
-5
-3
-3
-5
-6
-7
-7
-7
-9
-7
-2
-2
-1
-3
-5
-5
-4
-3
-1
0
2
2
-1
-3
-5
-3
2
5
5
2
1
-1
-2
0
3
6
5
3
1
-3
-3
0
4
6
8
4
0
-3
-6
-2
2
7
8
6
2
-4
-7
-4
2
8
10
9
7
-1
-3
-3
0
6
11
10
8
2
-2
-2
-1
4
7
9
6
2
-3
-4
-3
1
5
4
3
-2
-5
-6
-6
-4
-2
-1
0
-4
-6
-7
-4
-1
1
0
-2
-1
-6
-6
-4
-3
-1
-2
-1
-2
-6
-6
-5
-2
0
3
4
3
-1
-4
-5
-5
-1
2
5
6
4
1
-3
-5
-3
1
6
7
5
2
-3
-5
-5
-1
5
8
7
3
-3
-4
-5
-2
2
7
9
5
0
-4
-6
-4
3
8
12
9
3
-1
-5
-5
-1
3
7
7
2
-2
-7
-7
-4
1
4
4
2
-4
-9
-10
-9
-5
-2
-2
-3
-5
-8
-8
-4
-2
-1
0
-1
-5
-8
-6
-2
0
1
1
0
-1
0
-1
0
3
1
2
2
0
-1
0
1
4
4
3
2
-1
0
1
1
1
2
3
3
3
4
5
6
7
5
3
3
4
5
4
6
6
4
2
0
2
5
6
7
5
2
-1
-3
-1
1
4
5
4
2
-3
-3
-2
-1
0
0
0
-2
-2
-3
-4
-3
-3
0
1
-2
-3
-3
-3
-1
0
0
-1
0
-1
-3
-3
-2
-2
0
-1
-3
-5
-4
-4
-1
1
1
0
-3
-3
-4
-5
-1
0
1
3
0
-3
-5
-7
-5
0
3
4
4
2
-1
-3
-5
-3
0
3
3
5
3
-2
-4
-5
-4
-2
0
2
2
1
-2
-5
-5
-4
-1
3
3
4
0
-2
-2
-1
0
1
2
3
3
-1
1
-1
-2
-1
1
2
1
2
2
-1
2
3
3
5
5
5
2
-2
0
3
2
6
6
3
-2
-4
-3
-1
3
5
7
4
-4
-10
-10
-6
-4
5
9
7
2
-5
-7
-6
-3
0
4
6
4
0
-4
-7
-4
3
6
7
8
5
0
-4
-1
4
7
8
10
7
1
-3
-1
2
4
10
9
7
-1
-5
-6
-5
-5
-1
5
4
-3
-9
-10
-10
-9
-3
1
4
0
-4
-7
-6
-2
0
3
3
2
-6
-11
-9
-2
1
2
1
-1
-4
-10
-8
-4
1
2
4
5
3
-6
-9
-7
-7
-3
4
6
3
-3
-10
-8
-7
-1
5
8
8
2
-6
-7
-3
7
12
14
9
-3
-12
-12
-5
3
12
14
7
-4
-11
-13
-8
1
12
13
9
1
-10
-13
-7
5
12
14
7
-1
-9
-16
-9
2
5
7
7
5
-2
-7
-3
1
2
5
6
11
7
-3
-4
-2
-1
-1
6
10
8
2
0
0
1
2
3
7
12
9
1
-1
0
-4
-8
-6
2
13
13
4
-4
-17
-24
-20
-6
10
15
14
5
-9
-20
-25
-11
7
18
19
13
1
-8
-16
-13
-3
5
15
14
12
3
-6
-10
-6
-1
6
12
15
9
-3
-8
-8
-4
1
5
4
5
-1
-11
-14
-12
-7
-2
4
8
4
-8
-16
-16
-7
0
11
17
10
-7
-18
-24
-20
-4
11
17
9
-5
-21
-27
-21
-6
16
20
11
0
-14
-19
-17
-1
16
21
14
-4
-14
-15
-13
-4
4
12
11
0
-7
-14
-18
-11
1
13
17
9
1
-4
-5
2
12
21
30
22
4
-11
-7
-1
3
26
35
20
-5
-26
-25
-13
3
24
34
24
-7
-24
-20
-4
16
30
36
27
3
-24
-23
-7
6
12
19
23
10
-19
-32
-17
0
8
3
14
19
-8
-29
-33
-14
2
4
10
11
-9
-39
-42
-16
11
18
7
8
-2
-24
-30
-5
23
23
10
-3
1
-3
-14
-10
6
10
-7
-23
-10
9
7
4
5
6
-1
4
19
26
16
5
6
4
2
10
25
18
-6
-13
-4
5
8
16
26
21
-2
-10
-3
9
10
6
4
-3
-16
-15
0
4
-6
-14
-17
-20
-19
-12
3
13
6
-15
-25
-19
-21
-25
-8
13
14
2
-13
-25
-30
-38
-35
-11
17
16
-11
-34
-38
-40
-34
-6
29
30
-5
-31
-25
-19
-20
-4
25
28
-4
-26
-17
-2
-15
-13
-1
19
23
-1
-6
3
5
-4
-2
17
38
32
5
-6
0
2
12
31
57
50
13
-13
-14
10
28
40
53
44
8
-35
-33
3
28
36
47
52
26
-15
-24
-2
22
26
20
36
35
16
-10
-10
10
18
13
24
32
20
-7
-32
-29
-13
-1
7
11
5
-20
-37
-21
0
7
7
-4
-17
-32
-39
-21
-5
-10
-8
-18
-33
-36
-31
-18
-6
-3
-11
-21
-22
-11
-21
-20
-1
7
7
-9
-12
-3
-9
-20
-5
18
29
5
-11
-10
-20
-24
-20
6
25
15
6
-1
-9
-29
-30
5
13
11
7
11
2
-15
-12
6
11
-5
-5
-6
-13
-21
-7
18
20
15
-3
-27
-29
-21
1
32
34
30
5
-26
-32
-22
6
21
15
10
-1
-18
-26
-13
7
7
7
12
16
-3
-12
0
3
-9
-9
10
18
7
-4
-15
-14
-10
9
35
54
42
10
-4
-13
-6
26
57
75
58
20
-5
-24
-15
15
37
43
32
5
-15
-26
-14
23
36
39
32
14
-1
-5
3
18
15
5
-2
-3
-5
-5
-5
-11
-17
-13
-14
-19
-12
-2
-5
-22
-31
-15
1
4
-7
-14
-15
-24
-29
-25
-7
-13
-28
-33
-21
-9
-5
-11
-23
-43
-44
-25
-13
16
27
13
-8
-42
-43
-9
25
36
36
28
2
-35
-42
-10
14
35
46
34
14
-20
-42
-27
7
40
54
52
42
10
-23
-29
-15
23
49
41
30
9
-24
-36
-27
-11
7
4
-11
-21
-36
-35
-15
8
16
19
5
-29
-54
-48
-20
1
6
13
2
-19
-34
-45
-32
-13
-1
1
7
0
-6
-15
-12
-2
-13
-7
7
21
25
10
2
0
-2
-3
-4
0
9
9
-14
-28
-4
25
38
34
25
31
13
-6
5
25
32
39
40
31
18
5
7
5
6
23
33
30
15
1
-5
-9
13
29
37
29
16
7
-5
-11
8
31
31
15
-13
-24
-20
-4
4
9
23
17
1
-15
-33
-20
-7
-9
5
13
8
0
-28
-29
-18
-18
-10
-1
6
7
-14
-33
-18
1
0
-9
-5
-15
-36
-35
-25
-14
10
8
-4
-29
-50
-33
-20
-13
4
9
-3
-26
-38
-25
-2
3
11
14
-3
-29
-32
-7
15
31
24
7
0
-13
-23
-16
-4
25
36
13
12
10
-8
-16
-22
-13
11
19
26
32
15
-9
-24
-23
3
27
33
23
2
-20
-22
-16
-3
14
38
27
-14
-45
-32
6
18
16
30
46
9
-38
-43
-18
-12
-11
7
26
19
-14
-38
-38
-23
-6
-7
-4
21
17
-11
-30
-13
30
37
8
-13
-8
-5
-15
7
53
59
36
1
-13
-20
-19
19
59
66
32
-9
-23
-13
7
41
61
36
7
-11
-11
6
26
39
26
3
-26
-32
-13
14
23
24
11
-3
-10
-3
16
31
22
-6
-16
-4
16
5
-11
-2
5
-19
-30
-5
15
-9
-45
-43
-1
25
19
24
24
-21
-75
-62
-19
28
47
30
-9
-58
-83
-76
-38
-6
18
10
-22
-48
-52
-21
6
12
19
4
-11
-12
-12
-7
-1
-4
-4
-4
-7
-12
-26
-32
-17
-1
9
15
14
5
-23
-41
-20
18
38
39
13
-12
-41
-44
-2
40
47
18
-7
-20
-19
-12
14
37
34
-3
-4
12
12
22
31
36
10
-8
5
31
31
25
9
-19
-36
-28
2
43
45
11
-8
-15
-18
-16
10
30
32
0
-10
16
16
-1
-2
-2
-6
-24
-17
18
33
16
0
0
-7
-19
-4
23
21
2
-7
-5
-3
-9
-18
-7
-13
-21
-8
12
17
-9
-33
-16
5
14
24
19
10
-4
-12
8
28
28
16
13
3
-27
-29
-8
18
30
21
-7
-25
-25
-11
19
40
33
27
10
-12
-8
0
-5
-11
5
24
16
-16
-27
-27
-32
-35
-29
4
28
26
11
-5
-12
-31
-52
-23
27
32
19
-7
-25
-36
-39
-20
1
11
2
-17
-40
-46
-35
-3
31
36
35
8
-36
-47
-26
-3
8
21
38
33
-7
-40
-47
-26
-1
22
55
60
6
-41
-42
-16
-2
17
52
53
5
-57
-51
-13
14
29
32
23
-19
-56
-47
-7
31
46
23
-19
-33
-38
-13
20
24
25
21
-5
-18
-20
-13
2
19
37
35
16
-7
-17
-25
-27
-14
30
59
29
0
-11
-39
-50
-26
31
69
48
-2
-38
-46
-45
-23
31
61
23
-28
-27
-14
-15
-13
26
74
48
-13
-45
-29
-4
10
35
45
47
2
-26
-7
-1
-17
-15
20
58
41
8
-18
-23
-11
8
31
37
28
5
-7
-2
9
21
23
18
10
-17
-38
-34
10
39
21
-3
-11
-18
-22
-3
30
37
1
-27
-14
7
12
5
0
-10
-48
-61
-16
18
16
-9
-19
-15
-42
-37
-18
7
-1
-30
-35
-19
-10
-11
6
19
-3
-31
-27
-12
-10
-18
-14
-21
-22
-13
29
39
3
-25
-29
-11
9
25
33
24
-2
-17
-4
1
-8
-8
4
25
19
-7
-2
1
-11
-13
-10
1
19
37
32
5
-34
-25
16
37
35
26
-4
-45
-44
-14
17
33
16
-13
-30
-43
-34
5
35
21
-4
-16
-3
6
-7
-10
11
-1
-8
8
2
20
16
-11
-21
-6
12
14
10
7
0
-17
-10
15
19
19
31
35
11
-15
-33
-45
-29
-4
28
58
49
10
-27
-63
-49
7
52
59
51
23
-34
-66
-49
18
71
62
48
41
3
-37
-29
33
78
57
13
19
24
-2
-26
-8
36
60
57
33
3
-28
-38
-17
19
44
47
32
5
-35
-42
-31
-9
19
38
25
-9
-31
-39
-36
-39
-6
33
25
-9
-39
-51
-65
-66
-33
29
47
-9
-39
-52
-74
-65
-23
10
9
8
-12
-26
-53
-66
-47
0
20
-3
-1
-12
-55
-96
-68
-2
36
6
-3
8
-30
-89
-79
-5
47
51
33
14
-31
-63
-32
13
31
27
23
19
-18
-51
-36
-7
29
44
40
41
23
6
-2
-8
6
45
72
58
44
24
8
-9
3
37
52
27
1
1
1
-4
15
43
63
40
5
-12
-11
4
1
10
36
52
12
-30
-55
-51
-12
21
45
57
32
-4
-47
-59
-20
44
70
49
22
-13
-45
-50
-17
19
55
56
16
-11
-37
-45
-19
27
64
63
27
-14
-44
-58
-37
5
63
85
62
3
-61
-74
-52
-17
39
90
71
-14
-76
-60
-19
19
41
46
37
-18
-70
-70
-36
13
42
46
31
-3
-53
-78
-67
-43
-4
38
26
-8
-26
-46
-52
-49
-2
54
60
22
-28
-60
-86
-71
-22
38
64
11
-45
-69
-67
-35
-14
19
22
-6
-36
-81
-63
-19
11
30
2
-16
-17
-32
-48
-40
-11
-7
-12
-4
12
16
-9
-25
-29
-13
-9
21
63
54
25
-18
-26
5
30
41
43
45
33
-4
-37
-20
27
58
44
36
17
6
12
3
8
26
38
51
45
41
26
8
-14
-21
6
34
50
49
49
6
-44
-40
-2
28
46
52
54
17
-49
-49
-10
30
73
83
51
8
-50
-61
-22
10
27
37
42
11
-34
-59
-35
-9
14
49
63
15
-42
-47
-51
-41
-16
21
37
12
-21
-52
-68
-52
-10
27
46
25
-13
-37
-49
-28
14
45
38
11
-5
-25
-45
-35
-10
2
4
-1
5
-3
-33
-45
-12
27
23
-6
-27
-14
-6
-26
-42
-20
16
31
14
-9
-28
-35
-27
-27
-16
3
-7
-21
-20
-10
-4
-22
-12
16
18
-6
-31
-29
-15
-10
-15
-21
-5
14
-1
-32
-16
-2
-22
-59
-67
-31
3
2
-17
-9
15
20
-13
-22
14
48
51
8
-20
-19
-10
9
34
60
55
18
-19
-17
-6
9
42
71
73
38
4
-9
8
9
23
47
61
54
25
2
-6
-18
-18
7
31
52
59
40
5
-15
-29
1
45
58
46
31
23
-15
-39
-12
24
55
61
31
-3
-28
-32
-28
1
34
56
51
15
-13
-27
-37
-32
5
36
39
22
-19
-53
-49
-48
-32
9
32
14
-34
-66
-73
-52
-22
5
35
23
-15
-20
-22
-41
-40
-29
7
25
11
0
-5
-15
-26
-47
-44
-14
-11
8
1
-27
-46
-48
-21
-3
12
28
20
-11
-35
-31
-22
8
32
23
3
-21
-36
-37
-30
-16
20
37
20
-9
-42
-55
-46
-41
-24
-5
24
37
26
-11
-59
-65
-33
6
25
26
23
20
-11
-32
-9
32
49
50
27
-16
-40
-37
-23
-3
27
36
37
1
-40
-32
-10
1
15
32
40
43
13
-6
13
10
28
60
76
58
20
-9
18
33
12
13
36
54
36
5
4
14
-4
28
52
41
40
21
-6
-15
-17
10
34
41
46
28
6
-26
-21
4
28
42
21
-1
-1
-8
-28
-7
0
14
21
10
4
-2
-27
-32
-13
-15
-8
-4
-6
-13
-38
-26
-16
-19
-13
-10
-6
-11
-18
-35
-40
-32
-18
-7
4
2
-21
-11
-29
-62
-23
-12
-21
-9
-10
-10
-16
-29
-17
-12
-25
-27
-16
9
10
-19
-31
-23
-29
-33
-13
-18
-21
-20
-30
-31
-42
-40
-17
12
14
-8
-2
-10
-4
-2
-4
13
14
12
1
-11
-35
-23
16
24
20
32
17
-3
10
20
16
21
39
56
38
11
-7
-20
7
18
19
23
12
-25
-29
-19
-3
24
29
27
30
34
21
-4
-5
5
28
44
38
32
13
-5
-7
3
14
21
19
34
33
7
-4
7
23
46
40
29
13
-7
-8
-1
7
-7
1
21
14
6
1
-10
-20
-19
7
24
31
25
0
-4
10
-1
12
57
59
42
21
1
-10
0
27
49
55
31
-19
-35
-33
-36
-12
9
1
-9
-34
-58
-64
-55
-44
-35
-14
-27
-30
-6
-33
-74
-52
-35
-38
-33
-55
-35
-25
-63
-62
-30
-35
-50
-26
-10
-21
-26
-9
-15
-30
-20
12
10
7
22
24
26
27
-2
-11
16
13
6
14
1
-33
-35
-19
-22
-9
7
23
39
11
-19
-14
-29
-26
3
18
32
18
-4
2
6
-17
-16
7
-6
14
22
-8
-3
8
19
27
40
29
39
35
25
27
32
43
39
33
15
28
21
4
23
30
19
38
31
30
35
4
5
24
22
27
47
52
51
38
8
-13
-14
-16
6
3
-6
-1
-2
-13
-45
-23
-12
-11
9
4
4
7
2
-21
-13
-2
-6
10
4
-10
-38
-56
-21
-4
-13
9
13
-6
-17
-24
-32
-22
-4
12
9
-8
-17
-19
-11
-3
-13
16
29
-13
-15
-23
-8
6
7
11
19
31
-3
-13
-17
-16
-15
1
24
16
-18
-19
-9
-21
-30
-31
-9
10
3
-16
-22
-25
-37
-56
-38
-23
-21
-16
-15
-33
-52
-64
-50
-8
-14
-12
-2
-17
-26
-28
-36
8
32
13
19
22
-3
3
23
9
22
32
28
17
9
-1
-19
-1
17
15
20
38
29
20
-5
-10
18
20
21
18
33
36
9
2
21
27
21
43
16
12
7
-19
-16
19
31
10
15
29
26
-4
-7
26
25
24
29
16
9
-9
-25
-10
1
-2
7
13
9
-1
-13
-10
-8
18
22
20
22
2
10
24
16
2
0
14
16
-4
-16
2
14
6
-7
4
26
0
-34
-34
-17
-17
9
22
1
1
-6
-36
-39
-15
-10
-20
-12
-10
-43
-43
-33
-31
-4
6
-10
-11
-19
-29
-4
19
1
26
35
-18
-22
-2
9
0
4
3
7
1
-19
-16
-25
-12
-9
-9
4
10
1
-20
-12
-10
-5
-5
0
-1
-6
-8
-21
-18
-35
-35
-13
-11
-37
-23
-11
-27
-12
-12
-23
-44
-16
6
-16
-3
15
18
-6
-29
-29
-29
-8
3
0
-2
-15
-33
-15
-8
-13
12
20
11
18
12
3
-7
-3
20
29
47
38
9
-9
10
16
39
54
44
41
32
29
32
22
28
59
70
71
47
32
32
44
55
66
59
63
34
16
32
50
29
30
38
14
30
26
11
11
5
-6
30
23
-4
-3
-7
-6
-18
-29
-27
-23
-24
-5
-12
-30
-33
-49
-41
-44
-48
-23
-35
-49
-40
-36
-37
-41
-53
-34
-19
-21
-9
-23
-36
-32
-42
-62
-53
-27
-25
-43
-26
-16
-31
-20
-25
-25
-17
-19
-25
-23
-19
-15
0
11
2
-5
-10
-27
-45
-17
12
18
34
27
-5
-13
-9
-16
11
34
34
30
20
4
1
2
1
19
48
35
24
17
1
2
5
11
5
25
25
12
3
7
12
10
1
21
34
7
-20
-26
-3
15
27
26
11
2
-4
-13
4
13
18
15
15
4
3
-4
-6
6
9
17
37
25
-7
-3
-6
-7
2
8
3
9
12
-3
-18
-17
-11
6
28
16
7
-7
-16
-15
8
22
15
23
32
18
11
26
18
11
11
-1
6
15
26
21
17
22
2
-5
24
18
-9
6
-14
-12
20
10
10
-3
-20
-16
-11
-9
-20
-9
-3
3
-16
-27
-26
-28
-7
-10
-8
-1
-1
-7
-1
-8
-12
-14
-32
-24
-12
-6
-9
-8
-15
-23
-19
-17
-29
-35
-33
-28
-29
-21
-16
-18
-17
-33
-37
-30
-37
-35
-29
-39
-23
-17
-34
-28
-19
-17
-12
-12
-1
12
3
1
9
21
12
10
25
24
20
18
22
26
38
42
41
41
47
25
13
16
30
36
33
25
29
29
18
18
23
38
19
4
3
3
8
19
15
17
21
23
25
19
-4
-4
0
-12
-8
-4
-6
-20
-19
-9
-1
-1
1
9
4
-6
-6
-12
-29
-26
-16
-9
-1
-16
-13
-20
-26
-9
-2
3
1
-10
-4
20
6
-12
2
4
8
11
12
-1
-4
4
11
-2
-15
-18
-21
-10
-10
-2
6
-3
-3
7
-5
-21
-9
-10
-7
-5
-8
0
4
7
14
10
0
8
-6
-12
-3
3
0
3
8
3
3
6
12
8
17
9
0
14
8
8
17
8
8
13
10
17
24
3
3
10
4
-12
-17
-13
-12
-16
-7
-5
-8
1
-6
2
1
-1
14
17
6
-6
-17
-4
-15
-21
-8
0
-7
-5
-11
-14
-7
-11
-12
-16
-17
-27
-13
-2
-14
-17
-8
-9
-8
-6
-13
-15
-19
-22
-23
-17
-12
-2
1
-12
7
4
-10
-3
7
5
3
-3
-3
-2
14
19
10
8
10
7
7
6
-3
10
7
5
7
5
11
7
10
19
17
20
15
17
-3
-6
-10
-8
0
-10
-8
-12
-14
-9
-6
3
16
22
21
14
10
-13
-10
4
5
-1
16
15
11
15
14
14
17
14
13
20
-1
0
6
19
23
32
26
22
27
20
17
15
15
8
15
10
10
-1
-10
-9
-4
6
-5
1
14
16
3
-1
-8
-8
2
1
5
-4
-6
-10
-5
-5
-19
-17
-4
-4
-18
-16
-13
-6
-16
-17
-12
-11
-5
2
-12
-9
-19
-15
-6
-21
-25
-20
-13
-31
-27
-16
-16
-21
-14
-14
-35
-34
-14
-7
-11
-16
-15
5
-6
-6
1
-4
-2
-7
7
2
-15
-13
-7
-17
-23
-15
-7
-6
-1
0
1
-7
0
-3
-4
12
4
4
9
-5
3
12
8
4
16
6
-3
15
-2
-10
6
4
-5
-2
-13
-10
9
9
2
11
12
4
-1
6
8
1
5
5
2
11
14
3
3
6
5
13
16
3
17
21
18
15
22
32
29
38
38
40
37
37
32
33
38
31
27
27
25
28
26
21
2
8
7
4
13
3
-1
4
11
4
3
-8
-13
-10
-2
-3
-4
-7
-6
-7
-10
-3
-18
-9
3
-1
-12
1
12
10
0
1
-6
-12
-6
-9
-14
-13
-14
-15
-19
-28
-39
-33
-19
-22
-31
-24
-23
-33
-28
-28
-33
-27
-38
-34
-32
-37
-30
-29
-32
-27
-26
-20
-16
-13
-11
-23
-20
-2
5
0
-2
-4
-6
-3
-4
-8
-2
4
-9
-1
-3
-9
1
-7
-4
-2
-7
-2
6
-2
8
7
-2
12
20
20
4
9
6
0
4
6
16
18
22
20
18
32
36
33
28
20
41
34
28
32
19
15
19
14
23
29
20
20
13
18
12
12
10
11
5
0
13
9
6
-3
13
15
6
2
6
0
-4
-4
-13
-5
-7
4
10
15
9
0
6
6
3
0
3
-9
0
-1
-10
-9
-12
1
0
2
-5
-1
2
4
6
7
2
-6
-2
3
-4
-7
-6
-8
-8
-7
-11
-25
-20
-12
-20
-13
-3
-10
-9
-1
-1
-15
-11
-18
-19
-11
-29
-17
-11
-20
-20
-12
-7
-15
-7
0
-5
-10
-2
-7
-12
-11
-13
-9
-9
-9
-9
-1
-3
-6
-7
0
-7
-12
-3
-10
-2
8
-7
-5
-2
-4
-16
-15
-14
-22
-19
-26
-24
-8
-3
-10
1
-1
-3
5
5
-1
2
15
16
19
10
17
26
23
25
32
17
24
24
28
26
17
9
15
21
16
21
12
17
18
13
4
2
2
6
8
-2
-9
-4
5
11
10
12
10
5
7
11
15
3
3
12
8
1
5
15
2
0
17
16
12
13
24
9
-1
3
0
-2
-3
1
4
2
-7
-5
-6
-9
-5
-2
-18
-19
-16
-12
-11
-14
-16
-12
-8
-12
-20
-16
-13
-16
-30
-19
-5
-19
-14
-13
-10
-12
-17
-9
3
-8
-19
-2
-2
-7
-1
7
-7
-6
-3
-2
-5
-2
8
1
-5
-6
1
-1
5
3
4
9
8
8
7
18
12
4
11
11
10
11
10
10
14
3
-5
9
18
8
13
13
5
2
0
5
-1
2
1
-3
1
0
-4
-3
0
-5
-6
4
1
-6
-9
-6
-13
-20
-5
-8
-4
-10
-9
-8
-14
-12
-10
-11
-10
-10
-14
-14
-7
-5
1
0
-9
-4
-1
-5
-7
-2
-1
-2
-7
-3
0
-6
2
10
-2
-4
1
7
3
8
8
3
6
12
13
7
14
12
8
12
11
7
10
11
14
5
8
16
13
8
15
5
1
14
16
12
9
5
5
4
6
5
1
8
7
7
3
-8
6
11
-8
-5
-3
-12
-13
-3
2
-1
-8
-6
-13
-14
-17
-13
-17
-13
-1
-5
2
7
1
2
8
-2
3
2
4
12
6
5
9
8
2
0
-3
0
5
9
3
6
12
10
11
5
0
5
1
5
-6
1
3
-2
4
0
-12
-9
-8
-15
-16
-12
-8
-14
-7
-6
-18
-8
0
-18
-16
-10
3
4
-6
-6
-10
-12
-3
-1
-4
-7
-15
-5
-9
-10
-8
-4
0
-2
-6
-7
-7
-4
0
-10
-16
-7
-8
-18
-8
-9
-9
-6
-10
-12
-12
-13
-10
-10
-15
-10
-1
2
2
8
4
-3
-5
7
6
5
14
16
10
12
19
15
15
22
22
14
14
15
22
18
23
25
21
16
18
18
12
19
19
7
13
17
8
9
9
-6
-3
4
-2
6
3
-1
3
11
-4
1
8
-1
-2
2
11
9
5
4
7
2
6
-3
-2
-5
-4
8
3
8
8
10
6
0
1
-4
-5
3
8
-1
2
7
-3
-6
-9
4
-4
-10
-7
-12
-7
-6
-1
-10
-14
-7
-7
-13
-13
-12
-13
-6
-1
-4
-9
-13
-14
-16
-16
-5
-10
-16
-10
-10
-16
-8
-4
-8
-6
-13
-7
1
-9
-21
-13
-5
-14
-4
-7
-13
-9
-11
-17
-16
-16
-12
1
-8
-23
-17
-18
-18
-15
-15
-7
-5
-4
-4
-10
-6
-4
-2
-3
-10
0
9
7
4
13
8
10
18
14
15
7
14
20
16
26
28
20
23
13
15
22
20
21
29
22
22
18
13
11
8
12
15
14
15
12
10
19
10
14
12
6
5
7
15
11
9
9
4
11
15
6
4
7
4
3
-1
-7
-3
-4
-3
0
-4
-6
2
0
-3
-6
-11
-11
-3
-2
-13
-6
-6
-8
-13
-4
-7
-15
-3
-5
-14
-12
-4
-8
-7
-14
-19
-22
-11
-18
-17
-5
-13
-10
-11
-13
-12
-8
-10
-9
-8
-3
6
6
0
-5
0
4
1
0
-3
2
8
-3
-1
7
-1
-1
0
-6
-8
-12
-1
2
-11
-2
-1
-4
-1
-2
-7
-3
-2
-7
1
-2
-7
2
2
-7
0
0
6
10
1
4
2
-7
2
7
6
2
9
21
7
-4
5
-1
6
1
-5
0
-1
3
2
-2
-5
0
-3
1
-2
-11
2
2
-1
4
-1
7
1
-5
1
5
3
-1
-3
2
6
2
0
-1
2
2
7
7
-2
15
23
6
13
10
5
3
1
5
1
2
12
16
2
13
2
7
10
0
15
8
-6
-9
3
8
13
22
13
8
14
14
4
5
6
2
6
0
0
0
-3
4
2
-4
-9
7
8
-13
-12
-14
-15
-13
-14
-15
-8
-13
-19
-23
-20
-13
-19
-13
-16
-25
-17
-18
-16
-5
-8
-10
-2
-2
-2
-3
-1
5
-5
-2
-4
-2
7
6
5
3
0
9
8
2
6
5
2
3
0
12
16
9
8
3
-8
1
5
-5
-2
-4
-3
2
-3
-10
-2
-2
-3
-2
-9
-10
-2
7
10
-4
4
-2
-1
11
3
9
10
14
9
15
4
2
10
6
10
3
8
1
4
9
-1
1
5
2
-2
3
-6
-8
-2
-12
-14
-16
-17
-3
-7
-15
-13
-12
-12
-3
-6
-13
-17
-7
-5
-1
5
-5
-5
4
-3
-12
-8
-2
-1
3
-1
-6
-6
-2
2
2
-2
-7
-2
-1
4
7
4
6
12
6
5
15
25
9
4
19
8
19
31
25
19
15
12
24
20
14
14
13
11
19
18
18
22
7
10
7
12
15
1
-1
1
2
3
0
-2
-11
-14
-9
-9
-16
-6
-3
-4
-1
-17
-17
-14
-21
-14
1
-15
-29
-7
-22
-14
0
-11
-5
-6
-19
-11
1
-9
-10
-10
-11
-7
-2
-6
-3
-6
-11
4
2
-18
-10
-10
-10
-8
-13
-10
1
-4
-10
6
5
3
0
1
2
18
6
-9
3
2
7
10
0
-10
-4
-14
-14
0
2
-1
-7
-6
-4
-2
-18
-12
9
5
-16
-9
10
7
14
-3
-4
-3
-7
10
14
7
1
-5
-3
9
22
20
17
18
10
1
0
11
29
10
7
13
-5
1
14
14
9
8
8
7
6
12
13
-2
-9
-2
-11
-6
23
18
-6
-18
-40
-21
9
-1
-13
1
0
-16
-19
-20
11
15
5
-5
-2
4
11
25
21
6
1
-3
10
47
36
39
39
11
26
39
35
45
37
10
1
6
25
52
29
-4
-8
-13
-8
3
17
15
-25
-54
-33
-12
-17
-25
-13
-20
-46
-47
-39
-25
-19
-32
-25
-27
-28
-9
-8
-3
17
-18
-26
6
-3
1
22
7
-10
-5
-22
-2
15
-20
-42
-25
-28
-31
-17
-16
-5
-32
-53
-41
-43
-42
-25
-16
-31
-52
-51
-18
-28
-32
-4
-2
5
-7
-30
-3
23
8
32
52
22
29
36
32
54
37
25
67
48
34
59
19
4
14
6
43
44
12
5
0
-15
-26
1
35
49
27
-21
-31
-8
-38
-15
43
11
-20
-2
-52
-53
-3
13
77
55
-21
-32
-13
-38
-1
30
28
52
-5
-34
29
27
-17
16
1
-34
-4
-13
16
67
0
-22
-8
-41
6
57
9
23
-25
-40
30
21
0
50
25
-27
-6
-19
-6
8
20
-4
-3
-6
-14
43
40
2
60
25
-52
6
26
41
66
-11
-27
44
-7
-31
21
37
18
-1
-55
-31
25
-9
4
52
9
-53
-41
-63
10
22
-34
8
17
-58
-26
-31
-55
18
-11
-20
-4
-49
-72
-2
-52
-66
-11
-8
-35
-60
-34
-35
-10
-33
-38
-7
-3
-15
38
19
-6
-14
-65
-2
58
13
22
10
-44
-29
-25
25
58
24
-43
-26
-3
1
0
42
76
5
-7
18
41
19
8
15
81
34
-57
-30
8
22
-19
-45
28
38
-47
-36
1
28
-18
-68
9
5
-60
-28
-10
45
-16
-93
-13
8
10
41
25
23
-4
-61
46
73
63
57
27
47
0
2
77
79
50
11
-64
-3
44
22
55
26
-3
-8
8
54
60
27
-7
-12
-8
-12
35
68
18
-50
-74
-74
21
85
10
44
23
-49
-57
-5
19
49
68
1
-16
-34
7
54
37
3
-8
9
-37
10
63
16
32
-24
-61
3
20
-3
50
-23
-121
-31
-18
19
33
-52
-65
-22
-48
-33
44
12
-36
-34
-23
-8
-42
-56
11
19
-35
-8
43
-10
-40
1
-18
-18
-6
-36
3
-17
-27
2
-23
-15
-30
-33
15
40
-40
-53
-93
-80
-7
-26
-34
-43
-85
-34
-33
-84
-50
-17
0
23
-43
-64
-11
-49
-29
-34
-17
51
10
-47
47
42
24
69
30
103
90
33
114
100
30
70
85
124
121
29
49
70
-42
-8
51
96
85
-13
-19
24
-33
-26
40
-25
-18
-42
-35
11
-62
-73
5
-30
-68
-79
-95
-49
-46
-71
-21
-51
-45
26
8
10
3
-10
3
-19
-16
78
91
42
41
7
24
49
27
58
120
127
93
71
37
107
103
57
77
84
15
-30
1
67
39
-31
-29
8
12
-94
-97
22
30
-54
-45
-46
5
-38
-50
46
17
-16
-42
-79
-82
-14
10
24
-8
-55
-39
-28
-31
-3
26
-9
-57
-13
29
15
3
-1
-10
-21
-40
-6
31
-20
-14
13
-1
-37
-46
-35
2
-37
-85
-88
-54
-28
-60
-92
-56
-61
-79
-42
-45
-8
-17
-41
-20
-48
-64
-9
-25
-22
-4
-11
-24
-25
-54
-28
11
-7
47
-9
-14
-19
-1
40
28
-19
16
4
-8
50
27
62
75
36
37
14
14
82
76
121
110
69
16
7
20
24
37
55
34
-3
-16
17
109
29
25
14
-8
27
58
82
97
56
-1
80
32
66
39
2
26
-37
-15
13
36
26
11
-44
18
27
-17
9
-12
-13
4
3
25
27
-13
-64
-44
-38
-2
11
-60
-36
-58
-54
-52
-69
-55
-63
-50
18
32
5
-5
-56
-18
-20
-44
15
47
20
-18
-16
-4
2
-25
9
50
25
14
-2
12
10
50
87
80
-3
-9
-18
27
89
60
23
-44
-57
-11
-31
-45
-9
-86
-73
-56
-27
-36
-11
-46
-45
-43
-54
-9
-50
-88
-68
31
-40
-17
-34
-79
-79
-68
-57
-43
-72
-44
8
-28
-52
-37
-43
-57
-31
16
47
-8
-2
-7
18
-43
-6
31
-20
-47
2
24
31
58
18
23
4
51
68
-5
2
91
60
73
86
63
78
54
16
74
69
73
71
29
15
50
89
80
157
76
49
33
48
34
18
42
92
53
14
-2
12
-2
-38
61
71
42
-38
-3
-37
2
-118
-35
30
-11
-21
-21
-37
-56
1
-41
7
-40
-74
-10
17
-47
-9
-82
-63
-8
-24
-32
15
-16
-55
-133
-123
26
8
57
34
-1
-95
-58
37
68
-5
3
6
-17
-28
-28
49
-7
-102
-84
33
-14
-70
-15
38
-70
-84
-3
89
60
-65
-27
21
-70
-37
10
73
49
-39
-1
-6
-60
-55
7
69
60
16
99
59
-1
23
90
85
5
-38
93
98
67
23
40
73
-46
-75
4
59
23
-50
-15
70
43
-19
-36
49
11
-26
-42
3
6
-33
-47
-33
-32
-118
-128
-70
-10
-79
-96
-41
-26
-101
-88
-66
-73
-114
-94
-21
-8
-22
-94
-19
-20
-52
-49
2
-26
-53
7
13
12
-1
0
80
120
59
27
20
-9
37
90
64
60
11
74
102
65
93
129
89
16
1
8
104
42
71
85
38
35
59
83
25
93
118
114
38
39
-4
51
106
16
-25
14
75
9
-15
-14
12
4
-19
-57
34
55
-76
-127
-84
-18
19
-22
-35
-4
-51
-72
-43
-5
-31
7
-1
-24
-5
-96
-144
-90
-2
22
2
-87
-124
-78
-84
-53
67
110
14
-116
-156
-85
-31
-38
52
71
5
-53
-5
8
-90
-86
47
86
-46
-41
5
91
0
-87
64
154
90
58
66
18
-94
-158
-74
83
10
-33
56
36
-13
-78
-29
62
51
-60
36
64
-22
-8
-8
30
-8
-17
8
41
43
-49
-61
-54
-33
-102
-70
40
30
-3
-80
-44
-31
-59
-63
50
92
-15
-27
-31
9
-93
-125
45
130
48
-67
-34
-11
-50
-75
35
111
26
-1
-4
9
6
-7
94
117
136
42
-12
57
44
37
-20
4
35
65
25
35
69
40
1
7
122
97
56
28
14
28
38
81
137
110
-23
-34
83
102
73
68
23
40
25
6
18
-17
-71
14
88
30
-19
-14
65
4
-66
-51
33
-20
-55
-35
1
1
-38
-52
-12
-27
-168
-154
-92
-40
-72
-96
-43
-12
-143
-215
-113
29
-28
-119
-61
-26
-44
-86
-47
5
-61
-116
-20
9
-53
-62
-11
20
-34
-139
-63
53
72
45
21
35
-7
-24
13
72
51
4
-3
47
46
-9
-27
57
37
-21
32
90
112
19
-113
-26
103
30
-48
-67
-7
57
-11
-37
21
-15
-16
-55
-7
60
20
-23
86
59
-24
-33
-38
16
-5
64
46
8
-12
31
-43
-74
-18
-79
-27
65
88
25
-45
-16
51
-10
-43
108
199
67
6
26
78
44
-12
79
148
103
47
33
-27
25
10
77
111
5
3
52
75
26
-16
34
111
104
9
-42
-25
-46
-25
38
97
48
34
-37
-65
-74
-92
-19
-29
7
-16
-64
-155
-139
-63
7
34
42
34
-46
-68
-78
49
151
91
-8
-107
-56
6
-44
-74
-1
104
67
-77
-49
-5
-112
-176
-126
18
-11
-152
-118
-41
-100
-117
-64
55
-13
-163
-90
22
26
-62
-79
-32
-85
-61
74
86
-2
-107
-37
50
-26
-73
51
109
-62
-249
-142
88
105
7
-29
-53
25
91
53
-1
15
165
203
95
38
106
160
26
-82
62
190
85
-69
-51
62
118
85
87
40
-36
29
92
51
-26
21
101
38
-56
-11
68
80
-33
-80
65
53
-104
-178
-48
51
-134
-264
-122
93
51
-151
-202
-62
-6
11
39
32
39
-57
-52
96
136
122
166
140
52
51
76
49
31
55
115
160
82
10
20
7
27
26
-36
12
31
-14
19
-12
-90
-116
-119
-90
-11
4
-5
-35
-107
-97
13
77
-14
-96
-34
49
-6
-127
-72
76
40
-86
-71
46
7
-99
-111
18
55
-70
-91
-41
50
-3
-35
72
128
53
-64
-15
122
171
57
12
31
41
-8
-63
-80
-56
-36
-23
-42
-157
-188
-116
-100
-111
-73
-19
2
-87
-188
-187
-48
23
14
-5
43
69
-58
-136
-63
53
-9
-95
-34
47
-13
-145
-127
-26
58
25
6
96
116
78
78
74
77
129
197
218
172
166
260
249
164
149
174
209
162
57
48
74
24
-50
-49
-11
-55
-151
-145
-22
2
16
39
22
-18
-92
-98
-15
59
116
122
96
83
38
13
-32
-97
-144
-106
-74
-164
-226
-234
-220
-232
-302
-275
-143
-32
0
4
-11
37
74
39
55
66
147
225
230
164
115
155
181
120
36
31
62
44
-15
-42
-47
-65
-72
-53
-44
-16
25
50
99
100
42
26
61
76
44
21
37
82
57
-15
-99
-202
-202
-193
-231
-258
-285
-297
-291
-273
-255
-250
-250
-206
-140
-54
7
0
6
71
114
105
106
144
168
141
113
121
133
138
161
197
240
251
203
136
145
221
305
391
394
390
426
479
485
372
275
228
168
87
43
-42
-155
-272
-428
-603
-722
-825
-890
-898
-895
-859
-897
-953
-944
-822
-725
-700
-675
-606
-435
-288
-147
-13
53
61
53
115
241
368
502
641
859
1213
1516
1677
1809
1882
1878
1878
1853
1887
1942
1905
1755
1446
982
496
67
-281
-479
-640
-864
-1101
-1411
-1808
-2108
-2270
-2318
-2240
-2088
-1947
-1798
-1709
-1672
-1592
-1461
-1253
-1022
-833
-665
-559
-519
-531
-515
-454
-309
-80
142
303
376
358
525
1191
2128
2884
3258
3322
3221
3024
2831
2790
2875
3047
3098
2787
2102
1218
334
-427
-959
-1286
-1472
-1568
-1655
-1936
-2410
-2874
-3209
-3235
-2952
-2462
-1952
-1562
-1322
-1289
-1363
-1348
-1097
-697
-320
-65
-22
-118
-191
-249
-382
-498
-523
-450
-327
-345
-504
-566
-357
-78
117
315
947
2081
3122
3734
3859
3630
3317
3211
3304
3508
3645
3474
2979
2139
1005
-160
-1017
-1519
-1761
-1870
-1997
-2173
-2463
-2857
-3186
-3295
-3150
-2642
-1900
-1291
-892
-679
-694
-772
-770
-664
-376
-6
134
-49
-429
-841
-1061
-1097
-1092
-1105
-1119
-1085
-1009
-1035
-1153
-1024
-549
-12
373
693
1418
2737
4036
4749
4901
4677
4272
3971
3914
4022
4014
3587
2675
1400
-90
-1432
-2260
-2587
-2628
-2628
-2666
-2709
-2799
-2970
-3008
-2691
-2118
-1372
-562
92
388
382
175
-133
-340
-407
-338
-222
-324
-835
-1562
-2154
-2353
-2187
-1909
-1616
-1364
-1204
-1090
-1018
-950
-600
126
904
1390
1494
1659
2490
3884
5058
5573
5396
4697
3933
3321
2955
2863
2721
2209
1221
-281
-1961
-3202
-3717
-3578
-3063
-2499
-2053
-1834
-1945
-2220
-2215
-1714
-876
102
952
1337
1069
367
-389
-992
-1328
-1381
-1276
-1256
-1576
-2276
-2989
-3259
-2916
-2247
-1542
-842
-330
-176
-141
-26
219
717
1436
2079
2240
1796
1275
1572
2866
4239
4881
4735
4041
3052
2090
1493
1404
1593
1668
1301
252
-1269
-2588
-3234
-3184
-2633
-1912
-1200
-606
-382
-753
-1319
-1420
-959
-143
637
1085
943
144
-882
-1737
-2251
-2229
-1848
-1587
-1584
-1909
-2415
-2556
-2108
-1345
-574
136
774
1057
872
543
418
611
995
1294
1263
852
255
-14
774
2413
3731
4283
4190
3516
2592
1930
1849
2382
2985
2944
2016
361
-1390
-2532
-2886
-2621
-1975
-1369
-1028
-937
-1230
-1827
-2132
-1799
-889
334
1166
1130
482
-450
-1357
-1861
-1843
-1399
-835
-674
-1229
-2169
-2940
-2921
-2032
-1001
-204
372
438
-11
-661
-1115
-832
46
712
873
689
114
-641
-1052
-339
1859
4344
5706
5779
4728
2966
1676
1548
2411
3647
4083
3086
1002
-1523
-3580
-4480
-4224
-3089
-1681
-761
-619
-1160
-2056
-2563
-2113
-849
859
2322
2789
2032
554
-996
-2088
-2342
-1892
-1127
-602
-936
-2178
-3641
-4477
-4057
-2578
-953
264
851
567
-294
-1096
-1202
-318
955
1723
1817
1455
622
-358
-845
132
2851
5613
6755
6259
4561
2385
1061
1202
2463
3934
4284
2927
330
-2526
-4486
-4875
-3970
-2274
-546
327
247
-544
-1673
-2124
-1288
324
2134
3410
3404
1953
-295
-2233
-3224
-3219
-2511
-1691
-1367
-1918
-3291
-4802
-5476
-4605
-2504
-401
1005
1612
1254
290
-562
-788
23
1446
2331
2233
1588
635
-479
-1239
-730
1712
4816
6474
6267
4709
2482
874
720
1928
3758
4646
3490
803
-2267
-4468
-4982
-4140
-2538
-693
598
763
-160
-1597
-2377
-1585
242
2019
3070
2925
1482
-778
-2951
-4141
-4097
-3333
-2493
-2089
-2459
-3532
-4811
-5472
-4664
-2440
59
1736
2280
1893
1023
257
40
649
1837
2642
2380
1448
477
-430
-1372
-1742
-283
2901
5619
6263
5169
3197
1371
736
1562
3284
4747
4614
2590
-401
-3082
-4458
-4329
-3140
-1381
197
874
509
-615
-1807
-1994
-827
867
2257
2711
1782
-163
-2151
-3567
-4102
-3738
-3042
-2557
-2402
-2727
-3549
-4351
-4329
-2941
-621
1486
2560
2583
1977
1268
722
540
1032
1864
2049
1247
92
-818
-1455
-2042
-2171
-717
2405
5198
5956
4954
3270
1900
1620
2551
4158
5339
4911
2864
99
-2510
-4091
-4200
-3216
-1614
-83
483
-6
-1098
-2273
-2579
-1618
-55
1376
2009
1311
-331
-2058
-3312
-3829
-3728
-3203
-2448
-1864
-1886
-2606
-3603
-3907
-2749
-562
1458
2543
2665
2151
1466
843
335
302
843
1265
949
132
-672
-1371
-1961
-2098
-1051
1651
4897
6581
6220
4983
3658
2750
2844
3884
4991
5049
3675
1261
-1692
-4187
-5094
-4488
-3086
-1502
-654
-916
-1645
-2448
-2948
-2388
-863
786
1855
1893
878
-725
-2235
-3135
-3378
-3125
-2452
-1768
-1679
-2321
-3406
-4196
-3798
-2038
146
1677
2314
2203
1514
671
-2
-317
80
997
1559
1228
230
-820
-1419
-1538
-1137
347
3240
6161
7225
6526
5107
3422
2252
2404
3519
4623
4625
2899
-120
-3340
-5446
-5682
-4593
-3006
-1500
-806
-975
-1474
-2183
-2406
-1346
324
1741
2644
2470
996
-914
-2436
-3290
-3471
-3073
-2424
-2069
-2378
-3260
-4280
-4699
-3703
-1495
724
2215
2834
2444
1439
560
110
327
1347
2398
2593
1755
346
-716
-986
-905
-645
645
3262
5613
6129
5176
3724
2190
1298
1751
3211
4416
4138
2242
-604
-3338
-4757
-4616
-3574
-2145
-1043
-695
-805
-1353
-2088
-2043
-1080
164
1283
1813
1356
5
-1561
-2655
-3181
-3263
-2819
-2225
-2078
-2323
-2798
-3344
-3344
-2216
-334
1399
2441
2653
2038
1155
623
467
783
1509
2007
1891
1169
56
-751
-954
-903
-745
135
2359
4737
5482
4909
3917
2598
1743
2079
3188
4193
4096
2499
-38
-2590
-4251
-4566
-3875
-2767
-1862
-1409
-1281
-1671
-2454
-2712
-2065
-984
229
1175
1191
185
-1083
-2026
-2665
-2797
-2231
-1659
-1533
-1561
-1868
-2638
-3174
-2764
-1510
37
1179
1585
1381
798
164
-123
225
990
1680
2030
1852
1121
327
-99
-286
-467
97
2301
4869
5982
5775
4690
2992
1750
1497
2180
3453
3910
2752
570
-2012
-4145
-5000
-4660
-3594
-2324
-1306
-750
-987
-1971
-2571
-2134
-1098
354
1782
2131
1394
324
-855
-1871
-2262
-2084
-1741
-1441
-1458
-2068
-3112
-4010
-4020
-2894
-1179
361
1297
1456
1155
820
641
1016
1889
2664
3207
3349
2629
1530
804
216
-386
-183
1504
3852
5196
4978
3765
2142
688
106
802
2243
3141
2623
882
-1428
-3512
-4577
-4324
-3215
-1880
-700
-105
-523
-1648
-2368
-2113
-1154
238
1487
1819
1229
97
-1283
-2378
-2855
-2782
-2349
-2047
-2264
-2872
-3660
-4249
-4108
-2917
-923
879
1777
2031
2013
1701
1561
1976
2527
2976
3427
3436
2593
1377
372
-394
-1012
-1193
-380
1357
2943
3582
3260
2274
1050
221
410
1701
3044
3207
2196
543
-1421
-2926
-3408
-3187
-2492
-1526
-813
-765
-1369
-2114
-2377
-1981
-1102
-105
569
654
133
-744
-1620
-2229
-2449
-2396
-2294
-2175
-2139
-2266
-2507
-2636
-2093
-772
581
1468
2072
2416
2458
2416
2392
2364
2430
2600
2647
2309
1551
685
-134
-979
-1674
-1687
-513
1446
3072
3775
3507
2338
1004
551
1309
2611
3478
3478
2502
617
-1462
-2988
-3688
-3413
-2431
-1409
-881
-1086
-1854
-2578
-2716
-2191
-1256
-183
572
640
158
-518
-1152
-1662
-1871
-1696
-1425
-1261
-1214
-1462
-1895
-1862
-1137
-191
575
1120
1523
1800
1917
1884
1698
1514
1595
1833
1902
1605
937
150
-533
-1190
-1594
-1055
626
2648
3983
4118
3155
1738
784
802
1622
2649
3116
2600
1151
-872
-2723
-3774
-3906
-3260
-2327
-1604
-1333
-1641
-2268
-2638
-2517
-1908
-859
126
570
511
135
-430
-971
-1361
-1584
-1662
-1628
-1496
-1517
-1771
-1891
-1606
-1071
-501
-38
419
1068
1705
2033
2058
1938
1836
1878
2010
1895
1394
955
694
247
-411
-719
-69
1366
2777
3573
3368
2253
1139
623
732
1369
1951
1991
1461
272
-1187
-2304
-2911
-2883
-2381
-1819
-1371
-1286
-1579
-1828
-1906
-1738
-1169
-562
-262
-158
-165
-248
-430
-774
-1141
-1456
-1652
-1578
-1422
-1394
-1306
-1056
-650
-262
-73
203
803
1506
2072
2313
2231
2041
1818
1700
1612
1333
1141
1097
787
103
-610
-659
282
1618
2719
3200
2748
1774
916
455
723
1395
1843
2002
1456
155
-1097
-2141
-2840
-2855
-2555
-2059
-1531
-1484
-1666
-1886
-2190
-2063
-1564
-1157
-670
-220
-25
73
-80
-499
-858
-1070
-1109
-966
-855
-825
-750
-560
-326
-285
-225
215
754
1187
1543
1674
1599
1465
1430
1506
1433
1332
1374
1171
656
62
-376
-62
959
1886
2461
2454
1645
690
78
-51
369
803
1027
986
238
-850
-1719
-2469
-2790
-2504
-2099
-1629
-1285
-1359
-1519
-1601
-1614
-1334
-933
-618
-282
-92
-37
-30
-246
-457
-550
-824
-1033
-1018
-1033
-958
-717
-426
-154
16
233
593
908
1290
1644
1772
1874
1909
1795
1749
1633
1384
1231
1029
604
-7
-426
-51
732
1213
1587
1514
802
218
-127
-185
291
701
897
1021
563
-212
-908
-1606
-1805
-1589
-1406
-1029
-887
-1212
-1359
-1443
-1632
-1627
-1441
-1105
-692
-451
-243
-94
-211
-226
-251
-512
-579
-434
-273
-59
102
340
564
525
597
816
961
1208
1388
1348
1290
1116
971
1002
897
773
727
452
31
-440
-730
-330
403
908
1229
1164
749
342
66
220
730
1004
1211
1329
742
-91
-684
-1186
-1411
-1427
-1433
-1357
-1430
-1587
-1568
-1635
-1716
-1534
-1273
-928
-479
-204
-2
270
439
490
422
213
28
-24
18
-1
-28
109
197
71
-2
82
113
107
188
335
424
435
539
604
419
309
344
154
-182
-473
-572
-124
488
677
758
886
793
611
482
551
799
915
994
995
539
-43
-316
-625
-1009
-1233
-1374
-1415
-1328
-1220
-1163
-1142
-1112
-968
-778
-538
-202
120
424
690
863
839
585
227
-66
-200
-206
-194
-184
-106
-141
-358
-487
-449
-351
-222
-21
245
434
449
522
714
700
585
584
511
248
-111
-381
-294
93
364
569
783
828
721
470
340
604
837
870
1013
1042
754
410
123
-245
-627
-915
-872
-693
-683
-670
-607
-594
-560
-422
-331
-168
39
210
412
474
284
77
-112
-182
-211
-441
-656
-757
-824
-771
-677
-660
-601
-512
-332
-163
-51
142
376
534
679
782
729
625
430
242
75
-164
-340
-283
-74
50
81
89
226
322
247
342
550
615
589
618
727
830
808
661
441
170
-189
-355
-229
-103
-132
-105
-4
-96
-319
-526
-526
-468
-409
-332
-304
-399
-556
-637
-796
-1034
-1208
-1221
-1136
-965
-865
-804
-678
-526
-354
-228
-159
20
306
543
631
515
383
430
487
391
213
5
-126
-241
-418
-406
-201
-4
216
449
585
633
628
615
806
1046
1244
1453
1513
1447
1246
943
766
634
369
294
406
369
230
0
-214
-285
-315
-292
-250
-303
-465
-608
-740
-837
-979
-1061
-941
-856
-885
-915
-889
-846
-762
-662
-537
-384
-237
-131
-79
-59
-21
-34
-8
91
149
106
-4
-149
-295
-328
-246
-185
-218
-207
12
308
510
644
772
897
959
951
966
1095
1158
1091
1021
1005
1009
946
844
825
764
571
422
363
300
211
200
223
123
-132
-313
-439
-626
-768
-885
-1038
-1104
-1104
-1108
-1092
-1086
-1118
-1130
-1105
-1011
-910
-887
-794
-595
-472
-507
-539
-574
-517
-381
-377
-375
-284
-208
-130
-54
-62
-33
108
280
438
399
325
447
640
813
953
1031
1061
1064
947
844
884
1014
1137
1196
1220
1277
1332
1223
1059
939
770
625
510
350
155
-60
-256
-402
-656
-980
-1197
-1287
-1299
-1298
-1286
-1242
-1181
-1091
-998
-953
-948
-980
-916
-787
-804
-897
-909
-871
-782
-742
-797
-738
-591
-423
-214
-79
52
267
439
615
725
654
588
618
615
625
612
598
777
974
1028
1030
1069
1135
1168
1138
1181
1348
1436
1468
1524
1493
1392
1230
969
755
512
246
119
-30
-242
-448
-684
-759
-704
-796
-933
-993
-1061
-1063
-1095
-1181
-1138
-1069
-1080
-1122
-1265
-1471
-1580
-1575
-1459
-1340
-1341
-1234
-1005
-879
-796
-651
-463
-178
164
371
472
452
383
412
510
597
702
779
771
740
742
830
898
974
1189
1386
1423
1410
1405
1430
1438
1353
1263
1192
1118
1026
926
829
770
622
431
317
203
38
-75
-204
-405
-564
-692
-762
-923
-1093
-1217
-1357
-1500
-1581
-1642
-1724
-1685
-1602
-1582
-1580
-1521
-1422
-1323
-1170
-983
-899
-789
-589
-493
-488
-453
-450
-387
-179
29
135
190
385
664
860
989
1108
1171
1222
1286
1273
1290
1389
1405
1382
1427
1387
1234
1050
968
989
974
873
807
811
771
744
670
577
536
432
268
110
-30
-218
-439
-593
-675
-787
-919
-1044
-1199
-1316
-1373
-1384
-1323
-1230
-1155
-1105
-1114
-1109
-1087
-1090
-1095
-1078
-1038
-994
-988
-999
-970
-864
-654
-400
-139
125
445
758
951
1045
1139
1288
1417
1516
1582
1527
1438
1387
1247
1003
806
699
635
618
611
638
687
707
694
650
602
571
478
376
393
360
212
116
55
-25
-145
-315
-441
-575
-754
-805
-823
-877
-841
-861
-945
-935
-949
-1057
-1088
-1073
-1098
-1101
-1101
-1153
-1168
-1159
-1105
-970
-879
-742
-507
-326
-164
53
164
237
370
472
558
640
708
768
828
873
892
876
874
882
887
899
949
976
913
874
844
778
692
565
482
438
316
161
32
-95
-195
-266
-331
-282
-217
-228
-175
-84
-51
-48
-42
-38
-27
-98
-246
-321
-424
-555
-631
-694
-779
-860
-949
-1006
-1030
-1068
-1004
-873
-781
-632
-463
-364
-306
-267
-245
-164
-18
65
112
208
359
428
474
561
637
735
877
991
1014
1005
1008
977
883
787
639
460
322
200
32
-138
-235
-287
-285
-230
-109
-2
59
125
192
279
364
399
460
566
592
521
427
326
231
81
-100
-222
-353
-505
-582
-637
-685
-673
-633
-578
-452
-391
-383
-347
-344
-362
-377
-384
-377
-364
-404
-403
-385
-396
-362
-317
-258
-137
-49
2
92
144
176
217
218
171
143
122
83
53
22
-24
-47
-12
37
76
72
63
74
64
80
135
157
267
440
501
452
379
326
305
317
323
351
363
365
375
322
288
311
291
309
379
367
324
319
243
110
-41
-204
-326
-474
-611
-698
-794
-874
-870
-854
-799
-647
-556
-522
-459
-419
-379
-301
-242
-255
-309
-335
-309
-302
-334
-343
-309
-227
-131
-103
-61
21
89
168
242
331
402
488
584
617
595
577
582
596
634
663
715
752
715
667
604
611
631
609
672
785
814
804
839
806
699
555
383
197
10
-165
-293
-398
-544
-681
-789
-837
-845
-860
-890
-840
-791
-794
-758
-717
-772
-862
-901
-947
-1014
-1061
-1032
-989
-906
-809
-773
-732
-626
-492
-342
-150
71
293
494
676
789
811
847
893
906
946
928
800
697
640
572
492
414
399
455
611
770
805
795
827
876
882
821
774
764
721
634
513
337
142
-36
-285
-475
-571
-648
-656
-656
-726
-786
-849
-928
-960
-1010
-1060
-1051
-1039
-1044
-1065
-1106
-1133
-1109
-1107
-1117
-1059
-991
-890
-731
-560
-417
-248
-78
116
323
464
597
759
907
965
915
889
936
980
992
986
980
945
920
915
833
764
774
773
790
888
969
940
867
791
699
586
437
330
289
235
198
177
130
78
-16
-202
-371
-481
-579
-639
-629
-698
-822
-942
-1101
-1223
-1313
-1367
-1371
-1306
-1271
-1280
-1288
-1304
-1252
-1147
-1019
-832
-590
-395
-257
-115
-17
59
148
233
353
499
585
660
743
789
840
899
930
976
1036
1066
1093
1104
1041
927
807
685
567
471
458
574
702
656
515
442
400
392
356
276
310
392
405
411
365
208
1
-243
-500
-707
-875
-954
-939
-1001
-1157
-1332
-1503
-1623
-1662
-1634
-1483
-1217
-1000
-872
-779
-727
-697
-635
-520
-354
-222
-149
-80
-35
-58
-113
-94
34
257
449
582
719
895
1074
1198
1269
1284
1306
1340
1286
1183
1057
914
767
595
353
109
-12
44
284
503
554
544
572
610
565
469
511
703
811
753
611
401
130
-188
-512
-792
-1039
-1245
-1297
-1293
-1378
-1527
-1604
-1568
-1478
-1366
-1188
-927
-710
-603
-566
-559
-616
-686
-689
-636
-564
-496
-435
-329
-252
-246
-191
-17
235
489
670
792
905
988
1056
1110
1106
1095
1078
1003
866
719
603
511
449
394
306
231
297
562
878
1053
1095
1077
1028
909
751
668
725
792
740
600
344
-54
-440
-729
-961
-1161
-1260
-1204
-1063
-1025
-1152
-1272
-1309
-1295
-1207
-1082
-956
-868
-829
-786
-769
-856
-927
-846
-732
-660
-575
-455
-312
-170
-92
-56
-13
91
267
434
583
733
855
940
944
913
941
993
1022
1010
891
727
611
524
436
289
204
293
590
874
916
883
873
818
695
557
567
735
839
798
684
427
51
-256
-512
-733
-935
-1058
-1048
-1059
-1237
-1505
-1705
-1805
-1812
-1712
-1528
-1313
-1108
-924
-782
-699
-672
-599
-376
-180
-146
-136
-98
-92
-67
-72
-100
-53
46
150
252
368
514
748
911
933
955
1031
1141
1247
1242
1106
981
850
639
396
163
132
502
979
1174
1192
1197
1088
892
729
741
979
1229
1311
1276
981
403
-116
-500
-884
-1197
-1388
-1435
-1404
-1564
-1884
-2058
-2092
-2086
-1890
-1571
-1267
-955
-662
-466
-416
-494
-534
-445
-319
-231
-215
-242
-334
-421
-473
-574
-539
-287
-13
218
389
522
729
907
968
1093
1255
1336
1416
1380
1163
928
708
510
293
68
59
509
1066
1310
1383
1357
1252
1095
977
1043
1303
1483
1490
1389
899
135
-482
-915
-1295
-1587
-1712
-1689
-1673
-1840
-2068
-2158
-2177
-2093
-1812
-1468
-1227
-966
-705
-578
-556
-586
-584
-492
-459
-523
-515
-536
-646
-633
-598
-617
-491
-253
-62
97
243
465
783
965
1111
1315
1458
1486
1446
1309
1085
885
742
595
369
157
281
818
1307
1513
1630
1669
1491
1274
1237
1408
1624
1685
1620
1403
810
49
-472
-874
-1248
-1387
-1344
-1339
-1442
-1695
-1909
-1953
-1988
-1880
-1516
-1219
-1015
-808
-706
-761
-889
-911
-779
-649
-619
-653
-722
-805
-859
-754
-613
-492
-199
107
229
264
335
544
849
1085
1273
1460
1487
1364
1242
997
678
520
487
398
238
186
532
1150
1532
1623
1709
1656
1427
1299
1332
1519
1703
1749
1623
1207
487
-194
-638
-1014
-1280
-1327
-1291
-1360
-1589
-1933
-2181
-2233
-2149
-1910
-1564
-1333
-1219
-1096
-1122
-1270
-1333
-1238
-969
-699
-593
-629
-787
-979
-1000
-862
-722
-498
-114
244
358
322
340
499
748
1052
1352
1535
1562
1488
1342
1044
736
615
608
535
362
279
563
1053
1316
1358
1362
1327
1232
1196
1265
1480
1701
1739
1592
1185
561
3
-375
-745
-1011
-1096
-1187
-1319
-1538
-1870
-2100
-2158
-2075
-1839
-1577
-1432
-1295
-1195
-1186
-1190
-1158
-1005
-689
-382
-266
-322
-487
-655
-672
-559
-421
-189
162
444
475
396
398
615
942
1281
1601
1783
1780
1631
1406
1056
762
661
613
424
113
-95
88
587
929
1104
1278
1389
1355
1277
1331
1594
1860
1923
1817
1450
825
240
-174
-563
-913
-1110
-1246
-1515
-1927
-2353
-2569
-2551
-2417
-2160
-1839
-1612
-1455
-1315
-1283
-1257
-1144
-936
-620
-341
-251
-326
-557
-825
-915
-821
-647
-409
-55
263
341
263
281
501
862
1301
1686
1875
1785
1534
1255
918
602
504
514
411
145
-145
-121
308
833
1172
1430
1600
1585
1499
1454
1605
1932
2140
2137
1814
1077
283
-311
-767
-1171
-1401
-1509
-1671
-1960
-2339
-2652
-2732
-2536
-2175
-1720
-1345
-1168
-1106
-1135
-1197
-1131
-964
-738
-441
-263
-300
-552
-929
-1187
-1115
-844
-577
-176
247
468
511
485
548
795
1224
1695
1989
2003
1807
1550
1232
862
614
537
482
278
-29
-240
-28
587
1126
1439
1646
1704
1646
1612
1685
1940
2243
2340
2156
1583
698
-73
-572
-932
-1208
-1345
-1489
-1745
-2061
-2380
-2566
-2511
-2254
-1881
-1476
-1231
-1115
-1044
-1065
-1069
-973
-831
-644
-440
-348
-485
-744
-998
-1083
-922
-712
-451
-106
170
338
429
480
654
1008
1430
1792
1901
1755
1533
1322
1120
893
678
495
308
34
-291
-399
10
800
1443
1738
1777
1587
1350
1274
1414
1795
2173
2321
2085
1299
236
-572
-1034
-1234
-1269
-1310
-1420
-1702
-2163
-2606
-2819
-2734
-2345
-1790
-1351
-1164
-1137
-1203
-1289
-1279
-1144
-872
-549
-330
-321
-533
-900
-1200
-1195
-958
-692
-421
-137
107
285
414
538
792
1205
1625
1892
1867
1668
1506
1407
1316
1170
953
734
455
56
-359
-554
-182
645
1354
1687
1674
1400
1120
987
1126
1637
2199
2512
2355
1572
490
-379
-894
-1091
-1060
-1022
-1119
-1465
-1996
-2525
-2837
-2799
-2420
-1846
-1342
-1107
-1142
-1269
-1358
-1340
-1167
-838
-457
-176
-190
-467
-877
-1195
-1196
-896
-526
-191
150
402
546
610
685
927
1421
1911
2207
2196
1953
1735
1583
1417
1197
944
712
404
-69
-571
-813
-394
563
1388
1816
1882
1532
1154
1026
1212
1783
2432
2758
2617
1796
539
-440
-997
-1215
-1111
-956
-1029
-1451
-2102
-2757
-3213
-3193
-2650
-1908
-1340
-1093
-1138
-1351
-1633
-1718
-1474
-1104
-675
-314
-329
-697
-1184
-1553
-1528
-1136
-665
-208
168
353
416
452
523
774
1251
1737
2070
2099
1811
1486
1223
1014
883
766
613
395
24
-441
-758
-627
115
1092
1751
1959
1730
1245
896
909
1371
2110
2609
2637
2083
934
-255
-1024
-1320
-1221
-953
-848
-1097
-1687
-2428
-3033
-3240
-2890
-2179
-1496
-1056
-968
-1209
-1524
-1741
-1681
-1279
-725
-235
-14
-230
-717
-1134
-1267
-961
-372
179
568
789
823
753
704
808
1193
1713
2115
2231
2030
1644
1282
1080
978
896
811
670
391
-9
-431
-703
-471
366
1324
1918
2030
1694
1212
960
1069
1583
2253
2603
2503
1881
742
-340
-986
-1228
-1105
-885
-918
-1304
-1959
-2682
-3187
-3256
-2860
-2187
-1517
-1125
-1134
-1383
-1657
-1815
-1649
-1174
-619
-145
15
-257
-687
-982
-958
-540
23
456
751
881
791
602
511
693
1138
1620
1915
1918
1606
1202
923
801
806
815
775
622
260
-206
-596
-753
-391
484
1308
1688
1679
1310
850
674
849
1361
1945
2183
1991
1314
229
-727
-1284
-1456
-1283
-1101
-1202
-1569
-2167
-2808
-3218
-3243
-2832
-2224
-1628
-1243
-1217
-1396
-1619
-1759
-1587
-1123
-547
-63
81
-118
-374
-517
-506
-263
123
495
796
987
980
853
796
920
1262
1616
1778
1791
1638
1386
1196
1061
979
959
915
750
416
24
-319
-518
-327
312
1072
1555
1639
1410
1042
841
937
1300
1820
2175
2114
1654
848
-80
-712
-985
-991
-873
-899
-1201
-1711
-2288
-2773
-2918
-2723
-2318
-1763
-1317
-1165
-1254
-1435
-1602
-1549
-1179
-644
-109
218
222
52
-217
-418
-307
37
406
729
929
933
808
618
577
743
1018
1354
1526
1503
1335
1078
878
770
739
724
667
473
221
-108
-445
-509
-187
453
1081
1397
1403
1161
839
714
810
1140
1555
1773
1648
1160
349
-462
-973
-1170
-1156
-1136
-1261
-1566
-2032
-2547
-2939
-3041
-2840
-2391
-1853
-1481
-1391
-1490
-1639
-1725
-1553
-1127
-601
-105
160
147
-33
-256
-321
-134
164
475
800
954
911
748
598
582
775
1076
1356
1485
1437
1292
1119
970
831
781
775
781
629
338
-46
-353
-339
45
702
1242
1456
1398
1128
816
668
779
1144
1621
1913
1776
1221
412
-321
-742
-882
-869
-844
-938
-1226
-1734
-2283
-2700
-2813
-2566
-2074
-1517
-1196
-1147
-1273
-1421
-1437
-1214
-754
-203
293
517
448
240
40
-21
134
378
682
908
983
933
798
676
644
751
916
1118
1203
1242
1193
1025
837
674
579
507
412
216
0
-222
-326
-220
119
613
973
1149
1127
908
617
522
695
1058
1455
1589
1383
868
147
-505
-930
-1179
-1258
-1276
-1352
-1580
-1976
-2405
-2696
-2704
-2420
-1977
-1557
-1246
-1114
-1125
-1153
-1130
-954
-637
-286
20
125
68
-81
-231
-240
-77
150
360
538
679
768
801
825
892
1013
1143
1294
1405
1442
1400
1316
1182
963
715
491
292
125
-2
-78
-157
-160
-11
290
602
730
769
695
615
645
787
921
1045
1104
962
603
62
-467
-845
-1052
-1185
-1224
-1334
-1517
-1680
-1866
-2028
-1992
-1767
-1469
-1117
-889
-790
-751
-751
-736
-691
-551
-327
-161
-70
-50
-101
-148
-136
-69
29
145
332
556
744
917
1039
1097
1135
1194
1305
1424
1537
1632
1602
1438
1165
862
574
350
243
229
185
105
-17
-175
-190
4
320
595
733
756
670
525
432
395
414
522
582
444
83
-391
-785
-1076
-1270
-1317
-1269
-1222
-1153
-1188
-1342
-1445
-1444
-1321
-1121
-924
-771
-666
-655
-724
-831
-917
-842
-616
-444
-337
-260
-286
-336
-307
-232
-74
230
603
909
1090
1135
1111
1098
1126
1209
1341
1451
1481
1414
1226
952
658
460
348
256
200
85
-95
-208
-224
-116
85
214
229
191
65
-78
-105
-69
21
169
262
192
-31
-328
-559
-630
-604
-510
-408
-404
-443
-556
-802
-991
-1065
-1036
-929
-845
-834
-883
-939
-1001
-1043
-1070
-968
-796
-619
-425
-315
-274
-185
-23
126
308
510
769
1050
1207
1251
1264
1246
1269
1342
1363
1374
1370
1336
1245
1017
726
488
302
172
89
-46
-156
-170
-182
-190
-196
-244
-311
-379
-439
-449
-396
-303
-202
-86
-20
15
18
9
32
153
251
260
256
176
82
-27
-139
-231
-326
-438
-520
-654
-816
-924
-1006
-1026
-1032
-1050
-1045
-1015
-972
-843
-732
-604
-414
-245
-69
99
240
398
588
748
894
1007
1086
1154
1142
1107
1049
970
936
885
791
699
580
472
400
291
176
70
-57
-149
-179
-236
-301
-378
-439
-446
-472
-464
-422
-354
-208
-12
133
263
326
412
500
504
486
460
413
367
308
131
-73
-277
-470
-655
-806
-968
-1057
-1085
-1153
-1226
-1306
-1367
-1346
-1260
-1165
-1021
-880
-729
-588
-462
-323
-180
-9
195
416
563
692
817
861
896
941
961
982
1037
1046
1045
1000
879
797
713
610
527
418
284
235
183
49
-94
-223
-288
-271
-235
-177
-80
61
221
330
373
374
387
451
489
466
443
375
313
200
-20
-245
-428
-589
-714
-817
-937
-989
-1043
-1136
-1224
-1323
-1377
-1337
-1250
-1152
-1032
-880
-722
-597
-498
-381
-230
-18
269
491
700
905
1023
1091
1145
1160
1177
1254
1312
1337
1326
1253
1129
996
832
663
551
402
249
115
-45
-177
-280
-398
-474
-518
-503
-378
-278
-181
-30
86
196
292
316
344
400
423
438
408
303
215
120
-53
-232
-411
-583
-698
-816
-954
-1052
-1144
-1212
-1249
-1326
-1379
-1387
-1358
-1271
-1163
-1046
-870
-711
-565
-360
-187
-20
209
378
537
704
781
873
969
1002
1064
1120
1104
1111
1095
1017
953
834
673
544
410
255
122
1
-72
-102
-164
-245
-295
-290
-234
-149
-44
76
188
311
416
427
403
420
449
461
436
338
227
155
36
-159
-359
-541
-667
-726
-833
-965
-1023
-1074
-1099
-1125
-1227
-1303
-1287
-1218
-1133
-1036
-920
-739
-554
-381
-215
-83
86
296
504
683
801
921
1066
1116
1143
1176
1172
1201
1213
1148
1045
913
779
642
473
352
255
173
142
89
27
-2
-51
-66
-14
47
151
256
325
409
463
452
444
432
416
404
374
305
212
93
-43
-186
-344
-510
-634
-737
-832
-935
-1025
-1081
-1133
-1190
-1261
-1307
-1333
-1322
-1246
-1128
-1013
-881
-738
-610
-478
-355
-223
-47
151
337
515
643
723
793
848
881
911
945
964
947
885
778
666
548
433
370
312
245
207
153
92
69
44
7
36
64
108
195
212
236
289
302
330
363
321
309
304
236
192
108
0
-54
-152
-303
-404
-553
-666
-723
-825
-888
-930
-987
-1025
-1098
-1178
-1174
-1156
-1076
-943
-868
-755
-621
-539
-403
-286
-178
0
193
355
519
629
707
807
858
921
971
982
998
1001
958
876
782
690
626
578
517
433
372
330
298
305
289
248
251
257
276
308
311
334
400
416
417
404
328
288
264
187
115
41
-50
-125
-234
-403
-548
-659
-758
-846
-932
-1019
-1069
-1103
-1170
-1218
-1264
-1265
-1182
-1097
-1023
-941
-854
-755
-617
-516
-401
-250
-89
105
273
390
493
605
692
794
851
877
921
944
947
929
869
821
769
679
626
554
470
427
395
357
354
311
269
255
221
224
256
265
304
361
366
373
335
268
231
166
87
50
2
-81
-168
-311
-471
-601
-736
-829
-906
-993
-1033
-1049
-1107
-1172
-1208
-1232
-1187
-1114
-1046
-943
-860
-777
-665
-573
-513
-377
-217
-66
101
217
326
440
529
622
715
764
827
890
905
929
896
860
848
780
715
672
624
581
547
496
479
455
402
379
355
347
372
375
395
416
418
433
429
358
297
250
173
130
76
-19
-84
-207
-377
-511
-654
-769
-836
-898
-955
-987
-1055
-1105
-1137
-1185
-1164
-1102
-1035
-951
-863
-804
-719
-641
-564
-442
-318
-191
-27
105
195
297
373
468
576
658
743
808
838
872
887
867
859
824
786
762
706
646
609
576
554
541
502
463
430
394
390
391
389
420
445
423
387
332
245
175
102
39
-2
-75
-174
-274
-425
-571
-694
-795
-848
-893
-941
-964
-1005
-1058
-1078
-1116
-1120
-1073
-1026
-942
-859
-814
-750
-669
-588
-478
-392
-296
-155
-33
74
182
274
389
520
601
682
732
764
833
865
870
882
864
828
790
712
646
602
555
515
494
451
399
360
312
268
277
299
315
350
331
299
255
177
120
71
12
-8
-54
-155
-229
-338
-446
-521
-599
-662
-686
-734
-770
-782
-855
-884
-880
-911
-882
-847
-839
-778
-724
-704
-632
-584
-535
-426
-361
-271
-158
-61
54
190
293
405
522
592
683
769
814
876
931
932
928
892
822
769
700
635
584
549
512
467
412
351
291
253
255
261
285
317
340
335
313
279
229
186
159
134
94
31
-39
-115
-201
-294
-383
-453
-519
-578
-616
-684
-746
-782
-826
-877
-900
-924
-946
-934
-920
-901
-884
-864
-831
-790
-734
-651
-561
-460
-339
-214
-76
50
167
289
401
515
626
719
797
864
898
900
874
830
789
750
711
680
637
586
541
478
421
376
348
346
355
362
360
349
335
313
276
243
222
198
163
125
74
2
-77
-141
-211
-301
-367
-414
-481
-537
-594
-673
-723
-764
-808
-839
-875
-901
-879
-879
-884
-864
-855
-814
-759
-703
-621
-519
-412
-295
-169
-61
53
180
297
417
541
628
715
783
812
838
847
829
810
780
732
703
650
584
539
481
430
407
371
335
322
313
313
333
316
315
331
310
288
264
217
191
174
113
85
34
-56
-121
-208
-304
-362
-435
-496
-527
-592
-644
-682
-752
-796
-826
-866
-866
-859
-873
-856
-845
-848
-801
-766
-723
-622
-540
-446
-313
-220
-112
19
113
241
371
457
560
653
698
755
799
798
816
809
782
774
744
693
661
611
556
526
477
439
423
395
377
381
366
356
346
320
298
275
233
205
175
146
106
42
-34
-108
-189
-271
-345
-417
-475
-537
-592
-664
-740
-809
-864
-903
-924
-940
-940
-935
-941
-934
-917
-890
-832
-756
-680
-580
-474
-371
-264
-153
-45
79
200
312
423
509
588
660
703
748
772
785
788
771
746
714
675
631
587
541
504
473
453
423
400
392
384
384
378
377
377
385
376
370
347
312
286
235
175
104
32
-47
-119
-198
-292
-371
-450
-545
-615
-683
-753
-795
-839
-867
-885
-902
-906
-910
-906
-883
-855
-794
-724
-662
-573
-486
-404
-306
-209
-104
14
124
242
342
425
509
576
636
689
729
748
753
754
732
710
685
643
607
571
523
491
452
417
403
372
353
348
340
329
320
301
289
271
244
216
180
137
89
37
-31
-98
-156
-226
-293
-359
-434
-495
-550
-605
-654
-699
-733
-763
-793
-810
-820
-826
-823
-806
-783
-744
-696
-642
-580
-510
-424
-333
-228
-137
-28
73
164
259
343
423
493
557
595
634
649
650
648
619
605
578
549
514
474
434
396
360
326
298
279
274
269
260
242
235
232
224
213
203
190
171
145
111
75
36
-9
-48
-95
-147
-187
-239
-286
-328
-378
-423
-460
-508
-540
-563
-599
-626
-643
-659
-654
-650
-644
-624
-596
-566
-511
-453
-398
-312
-238
-160
-80
-6
79
169
238
319
394
434
484
516
532
550
560
571
575
570
556
544
523
500
480
459
453
451
445
443
436
423
417
405
391
371
349
329
309
274
241
200
144
99
40
-23
-81
-134
-202
-261
-334
-406
-467
-538
-605
-661
-714
-762
-800
-845
-874
-890
-906
-908
-896
-876
-837
-784
-725
-653
-574
-484
-396
-302
-202
-95
18
120
208
289
367
433
497
552
606
652
688
709
716
714
711
712
706
701
686
671
657
624
592
565
533
504
466
420
375
325
275
222
165
109
51
-4
-66
-133
-205
-267
-326
-383
-446
-510
-561
-615
-672
-727
-766
-797
-818
-841
-858
-859
-860
-847
-823
-788
-735
-672
-606
-525
-442
-358
-261
-159
-54
46
154
257
344
423
506
571
631
687
736
777
805
825
826
832
830
817
807
786
762
737
702
660
621
571
524
472
419
367
301
240
175
113
49
-17
-78
-135
-196
-261
-328
-385
-425
-480
-524
-565
-608
-638
-665
-694
-716
-736
-737
-733
-738
-741
-729
-704
-676
-633
-594
-538
-479
-410
-341
-275
-201
-118
-24
54
138
214
282
349
408
460
516
559
589
621
632
634
628
625
611
593
571
548
524
502
470
434
400
364
331
295
256
216
182
139
102
47
-3
-44
-94
-137
-181
-238
-282
-323
-368
-406
-450
-487
-512
-529
-555
-570
-583
-594
-591
-591
-589
-579
-567
-545
-519
-493
-461
-419
-369
-314
-266
-218
-158
-96
-33
32
88
153
209
265
312
359
405
448
483
511
541
559
564
567
571
561
557
552
538
522
503
488
473
449
420
391
359
328
288
248
209
167
122
75
30
-22
-65
-114
-162
-205
-248
-290
-324
-356
-391
-415
-437
-460
-476
-486
-492
-494
-496
-483
-474
-457
-437
-418
-392
-364
-336
-297
-258
-217
-174
-129
-88
-49
-5
42
85
122
166
203
235
262
288
314
330
345
360
366
376
376
375
371
365
360
350
339
328
316
309
296
275
259
242
221
199
171
145
118
80
49
14
-19
-57
-98
-140
-175
-212
-251
-288
-324
-350
-380
-405
-430
-450
-460
-463
-469
-467
-466
-457
-443
-427
-399
-377
-343
-310
-275
-243
-211
-169
-130
-89
-46
-3
37
76
115
151
184
208
235
261
285
307
324
342
356
359
360
361
360
359
361
361
353
344
333
312
305
286
265
251
230
209
181
151
120
87
57
23
-8
-39
-71
-104
-135
-170
-204
-231
-264
-286
-308
-327
-339
-354
-361
-362
-364
-356
-343
-331
-315
-292
-269
-240
-213
-183
-146
-113
-79
-43
-8
26
63
95
134
161
188
214
236
252
268
282
292
306
309
314
317
315
310
301
298
290
277
266
252
235
221
202
177
161
139
118
93
67
42
16
-14
-43
-75
-110
-132
-164
-197
-220
-250
-274
-304
-328
-348
-365
-375
-384
-393
-396
-391
-386
-375
-367
-353
-327
-302
-280
-248
-222
-186
-155
-123
-86
-57
-17
19
52
81
108
141
168
194
212
237
252
261
271
278
287
287
287
289
287
276
269
257
248
236
224
212
203
188
169
152
125
107
94
73
53
30
12
-11
-38
-64
-88
-111
-129
-145
-169
-185
-202
-219
-230
-244
-254
-257
-256
-255
-252
-250
-243
-229
-215
-201
-180
-156
-127
-106
-82
-55
-31
-3
31
56
77
105
128
147
166
182
202
215
224
229
235
236
234
231
224
217
209
199
184
172
156
141
131
112
98
86
70
61
49
31
16
2
-8
-23
-32
-45
-56
-66
-81
-94
-109
-116
-127
-136
-146
-152
-160
-166
-170
-176
-180
-180
-172
-175
-172
-169
-157
-149
-143
-132
-119
-101
-91
-74
-63
-43
-28
-12
7
21
41
56
65
79
92
101
116
122
129
135
140
140
139
138
129
133
126
121
116
110
104
91
81
73
65
53
48
42
30
18
6
-2
-14
-19
-32
-39
-49
-69
-77
-87
-99
-104
-114
-120
-126
-135
-140
-144
-148
-149
-148
-142
-138
-133
-122
-113
-108
-93
-83
-74
-58
-44
-26
-16
-1
22
38
51
66
76
89
99
106
122
127
133
136
134
139
134
131
126
118
109
103
91
83
71
58
51
38
34
25
20
14
7
-3
-6
-14
-20
-17
-25
-23
-23
-25
-27
-29
-26
-29
-24
-21
-24
-22
-21
-20
-18
-19
-19
-9
-15
-13
-9
-12
-8
-9
-4
0
1
1
3
4
8
9
5
9
15
19
20
21
19
24
20
20
24
24
26
23
23
17
15
12
7
0
-2
-8
-13
-13
-21
-23
-29
-27
-34
-35
-38
-38
-38
-40
-37
-41
-36
-39
-37
-42
-40
-37
-38
-29
-27
-24
-24
-19
-16
-17
-20
-15
-11
-12
-8
-7
-1
0
-6
-5
-3
-3
-3
1
-5
-3
-6
-12
-15
-18
-17
-23
-24
-21
-22
-27
-33
-33
-30
-33
-38
-41
-42
-41
-42
-41
-42
-40
-33
-28
-28
-26
-22
-21
-9
-10
0
7
12
22
26
32
37
53
55
60
65
71
75
84
86
90
91
95
95
94
97
96
97
95
98
94
92
94
90
91
81
80
79
73
67
63
61
52
48
33
30
21
16
14
4
-2
-11
-18
-25
-35
-41
-47
-54
-62
-66
-79
-83
-87
-92
-94
-97
-100
-101
-97
-101
-98
-99
-97
-89
-89
-80
-79
-72
-62
-56
-48
-43
-38
-27
-14
-13
-4
2
7
16
22
24
31
34
40
44
43
44
48
49
52
54
46
49
50
48
48
43
38
37
33
27
25
21
15
12
5
5
-1
-6
-14
-20
-26
-32
-38
-47
-50
-59
-58
-63
-70
-71
-72
-74
-74
-76
-78
-73
-71
-71
-66
-64
-61
-53
-51
-47
-38
-33
-25
-16
-12
-3
5
9
11
24
30
36
42
47
53
57
66
69
76
74
78
84
86
87
89
91
90
93
91
90
88
87
87
76
77
71
68
65
58
53
46
44
32
30
20
12
4
-4
-11
-16
-22
-32
-35
-44
-43
-50
-58
-58
-65
-65
-68
-71
-70
-70
-71
-65
-63
-64
-53
-53
-48
-41
-38
-29
-22
-18
-9
-2
0
9
15
22
25
29
34
38
37
42
51
51
50
51
51
53
53
52
53
48
43
41
39
35
29
26
19
14
9
5
0
-7
-14
-17
-26
-34
-43
-50
-54
-63
-70
-78
-77
-82
-84
-88
-94
-94
-98
-99
-97
-93
-91
-88
-86
-81
-74
-68
-59
-54
-45
-36
-30
-23
-16
-9
2
12
22
31
40
49
56
65
70
77
82
88
90
97
96
96
98
100
101
100
98
97
96
92
87
84
78
71
65
56
50
39
29
20
12
5
-6
-18
-26
-32
-45
-50
-60
-65
-68
-74
-77
-83
-87
-90
-89
-92
-89
-89
-86
-81
-82
-73
-71
-64
-61
-56
-44
-36
-27
-20
-8
-2
8
17
27
34
41
54
61
67
72
81
83
89
91
91
95
94
94
90
88
90
87
82
83
77
73
71
63
59
51
43
39
29
19
16
10
-1
-10
-20
-28
-37
-49
-56
-63
-70
-75
-84
-92
-98
-101
-101
-104
-107
-105
-107
-105
-104
-104
-96
-95
-90
-83
-77
-68
-59
-50
-41
-30
-24
-12
-5
2
14
23
35
43
51
58
65
72
78
81
88
90
92
94
96
96
95
94
93
87
81
80
76
71
63
57
49
42
32
23
15
7
-4
-12
-25
-35
-44
-57
-61
-70
-76
-83
-91
-92
-102
-106
-108
-113
-113
-112
-115
-111
-113
-115
-104
-101
-99
-89
-84
-76
-68
-54
-45
-32
-24
-13
0
10
24
38
44
55
68
78
88
99
104
115
123
131
137
139
142
145
145
143
146
139
131
131
127
120
111
102
98
85
73
59
51
37
26
15
2
-15
-27
-33
-50
-60
-71
-82
-92
-103
-114
-117
-124
-130
-132
-136
-141
-145
-143
-142
-141
-138
-134
-124
-123
-115
-108
-96
-91
-78
-67
-57
-45
-33
-18
-4
4
15
32
43
54
63
75
86
95
106
111
120
128
135
139
135
139
143
139
138
134
129
128
119
112
105
96
87
75
66
54
44
31
17
6
-8
-22
-34
-45
-58
-68
-78
-85
-96
-103
-105
-112
-120
-124
-128
-128
-132
-135
-129
-130
-128
-125
-122
-113
-106
-100
-92
-85
-78
-66
-56
-45
-34
-23
-10
3
12
25
31
39
50
57
64
73
82
87
93
94
100
100
100
100
99
97
95
90
89
88
80
72
67
57
56
46
34
30
24
15
5
-3
-12
-17
-26
-32
-37
-45
-51
-54
-55
-56
-60
-59
-58
-58
-61
-56
-53
-52
-51
-46
-41
-41
-32
-27
-20
-17
-10
-1
4
8
11
18
27
34
39
43
44
49
53
55
59
61
65
60
61
63
63
58
53
53
50
49
44
40
36
32
23
17
12
8
4
-3
-9
-15
-22
-25
-32
-37
-43
-49
-49
-56
-60
-61
-65
-67
-68
-68
-71
-72
-69
-69
-70
-67
-65
-60
-57
-53
-50
-48
-46
-36
-33
-28
-22
-17
-13
-11
-5
-1
4
7
16
20
25
26
31
32
34
37
37
42
39
42
44
42
41
41
39
39
40
35
36
31
32
29
25
25
22
15
14
11
7
8
2
1
-6
-6
-8
-10
-11
-12
-15
-17
-17
-18
-22
-21
-19
-20
-19
-21
-20
-16
-15
-14
-13
-14
-10
-6
-4
-1
-1
5
10
11
10
16
21
24
28
29
33
35
37
37
39
40
43
43
43
44
42
45
45
41
41
39
36
34
28
29
22
19
16
12
7
1
-3
-6
-9
-16
-19
-28
-33
-39
-43
-48
-56
-57
-62
-62
-64
-68
-71
-73
-68
-68
-68
-69
-69
-66
-65
-62
-61
-55
-52
-46
-38
-37
-31
-27
-21
-19
-8
-1
2
9
13
20
23
35
38
42
51
55
59
61
67
68
70
71
76
76
76
79
79
78
76
72
65
63
58
52
49
42
37
32
27
20
13
5
-1
-7
-16
-24
-31
-33
-41
-44
-48
-55
-58
-62
-69
-73
-77
-79
-79
-81
-81
-79
-81
-81
-79
-78
-77
-74
-67
-64
-59
-54
-49
-42
-36
-29
-23
-14
-10
-1
8
12
21
26
32
41
48
52
58
63
65
68
72
77
78
83
83
85
87
86
85
81
82
83
78
77
76
73
63
60
59
52
48
40
37
28
25
19
11
8
-2
-4
-12
-17
-23
-28
-32
-39
-41
-49
-53
-57
-59
-58
-62
-68
-69
-69
-70
-67
-70
-73
-71
-69
-68
-67
-65
-58
-53
-52
-48
-46
-45
-40
-37
-32
-30
-25
-18
-17
-12
-9
-4
0
1
8
10
15
17
21
21
25
32
34
34
35
40
37
37
37
40
39
37
38
37
35
33
32
32
34
32
30
28
25
23
20
17
17
15
12
9
10
9
6
5
3
0
-4
-3
-9
-12
-11
-13
-13
-15
-16
-14
-13
-13
-13
-12
-10
-12
-11
-11
-9
-6
-8
-11
-9
-7
-4
-4
-5
0
-1
-2
-1
-3
0
-3
0
1
1
3
0
-4
-2
-2
-4
-6
-4
-3
-2
-2
-2
0
-4
-2
-2
-4
-6
-5
-2
-5
-4
-6
-8
-7
-7
-8
-9
-11
-7
-6
-7
-6
-5
-6
-3
-3
-6
-2
-3
-3
-1
2
4
8
6
8
11
8
15
14
14
16
17
21
20
19
22
20
21
21
17
20
18
17
17
17
17
20
16
14
15
10
12
10
6
6
4
-1
-1
-2
-6
-6
-6
-8
-9
-11
-12
-13
-11
-13
-15
-17
-19
-18
-22
-20
-23
-21
-22
-27
-25
-22
-26
-26
-23
-21
-23
-21
-19
-23
-21
-22
-20
-20
-19
-16
-14
-15
-10
-9
-11
-6
-3
-5
-3
0
2
4
4
4
7
7
7
9
14
15
14
17
17
22
18
20
21
20
20
16
19
19
18
23
22
20
18
17
15
14
14
11
9
9
10
9
8
6
5
1
1
4
-2
0
0
0
-1
-4
-5
-3
-5
-3
-6
-6
-1
-2
-2
-2
-3
-3
2
-3
-1
-2
1
-1
1
1
-1
1
-3
-6
-5
-3
-4
-1
-6
-2
-1
-6
-8
-6
-4
-6
-6
-3
-5
-4
-6
-4
0
1
3
1
6
5
7
7
4
8
8
8
6
5
4
4
5
6
4
3
4
5
2
5
0
4
3
3
1
-2
0
1
-1
-5
0
-4
-2
-6
-5
-3
-8
-10
-8
-10
-9
-12
-14
-14
-14
-16
-13
-13
-17
-15
-17
-16
-17
-16
-16
-14
-9
-11
-15
-8
-7
-8
-6
-1
-5
-5
-3
-2
-1
-2
4
0
4
2
2
7
5
2
5
6
6
4
5
7
9
8
10
8
6
11
7
10
5
10
11
10
13
9
9
11
8
10
14
7
7
8
13
9
11
12
9
12
11
9
10
11
9
8
9
9
8
6
7
9
6
6
4
4
4
5
4
3
0
4
-1
-2
1
-2
0
-2
-1
1
-6
-5
-7
-7
-4
-11
-5
-12
-9
-15
-10
-8
-10
-13
-11
-7
-9
-11
-7
-7
-8
-9
-12
-3
-6
-3
-6
-2
0
-1
1
0
3
1
2
0
3
3
3
1
0
3
2
2
-3
-6
-4
-7
-4
-2
-4
-7
-5
-3
-5
-6
-2
-4
-4
-4
-3
-3
0
0
0
5
3
0
-2
-6
-5
-5
-5
-4
-2
-2
-5
-3
-6
-7
-8
-8
-5
-5
-3
-2
-3
-9
-4
-5
-5
-1
-2
-1
0
4
-1
1
2
6
2
1
5
5
4
7
5
7
8
9
10
4
7
6
13
12
5
10
12
10
11
14
10
7
9
10
9
8
8
13
8
9
4
5
9
11
7
5
6
5
6
6
9
9
10
7
5
7
7
4
6
3
3
5
-2
-1
-5
-8
-6
-6
-7
-9
-9
-10
-12
-14
-15
-12
-11
-14
-17
-15
-13
-16
-16
-16
-15
-13
-13
-7
-9
-9
-7
-7
-7
-5
-7
-4
-4
-3
-2
-6
-1
0
-1
-1
2
1
-5
2
3
2
6
4
2
4
1
0
4
1
1
9
5
3
7
10
8
8
5
2
4
7
3
5
5
3
2
0
1
-1
-2
0
-1
-1
-1
1
-2
-5
-1
-3
-3
-1
0
-1
3
0
2
1
0
-1
-2
-1
-3
-2
-5
0
0
1
2
-1
-1
2
-1
4
0
-1
2
3
5
3
2
-1
5
4
3
1
3
2
1
8
5
2
4
1
3
-1
0
-3
-1
0
-3
-1
-1
-5
-4
-6
-5
-7
-8
-6
-4
-5
-2
-3
-4
-1
-2
0
3
-5
4
-1
3
2
4
10
5
6
3
9
0
2
7
3
0
3
-1
1
5
4
5
2
5
0
1
6
0
5
5
1
2
0
1
-4
-4
-3
0
-4
-3
-1
-5
-4
-3
-6
-6
-6
-5
-2
-1
-2
0
-3
-5
-4
-4
-6
-7
-4
-6
4
-2
0
2
-5
-1
-3
1
2
1
2
4
1
0
3
-5
6
3
5
5
4
10
1
4
4
2
5
1
-2
-1
-1
-6
-3
0
-3
-5
-7
0
-4
-3
-4
-2
-4
-6
0
-1
-4
-1
1
1
0
-1
-1
0
0
1
4
0
0
0
0
-1
-2
0
-2
-2
-3
0
4
-1
-2
-3
-4
-2
-4
-2
-4
-3
-2
-1
3
-1
-2
0
-2
-3
-2
3
-1
3
0
5
6
-1
7
4
-1
0
4
5
1
3
2
0
-2
4
0
-2
8
-1
10
9
5
5
1
6
3
5
8
2
8
8
7
5
8
6
6
2
2
4
0
7
0
4
3
-1
3
-7
-2
-5
-4
-4
-9
2
-2
1
3
0
4
-2
0
0
-4
2
-6
1
2
-1
3
-3
-1
-2
-3
0
2
-3
-1
-1
-6
-3
-2
-7
-2
-5
-6
-4
-7
-6
-10
-5
-6
-6
-5
-7
-2
-5
-2
-3
-8
1
-4
-7
-7
-9
-5
-6
-7
-7
-5
-7
-8
-6
-6
-7
-7
-4
-2
-1
-6
-1
-2
-4
0
-1
2
1
-3
7
7
2
3
-2
5
3
2
10
4
8
5
4
10
7
10
11
7
5
9
1
4
7
-1
9
6
6
7
6
11
14
13
8
6
4
6
6
3
1
0
2
6
7
8
4
7
5
0
5
-3
-2
0
1
1
-4
0
-1
-4
-3
1
-1
-2
-4
-4
-2
-1
-1
-4
-6
-6
-1
0
4
1
-3
-1
-6
0
-6
-6
-11
-6
-2
-6
4
-1
0
-5
-7
-4
-9
-2
-7
-5
-2
-4
-4
-3
-2
-2
3
-4
2
0
-6
0
-4
-2
-4
0
2
-3
1
-6
-5
-2
0
-2
5
-2
-3
5
-9
1
0
-4
-5
4
4
-4
4
-3
4
2
-5
2
-4
-1
-6
-3
0
0
1
4
10
3
2
3
3
2
-1
-3
2
-1
1
0
-5
1
-6
1
-2
-3
-2
-2
5
0
0
4
0
1
9
2
4
6
-1
5
6
7
8
7
9
2
10
9
4
8
0
1
1
0
3
3
0
1
4
0
5
-3
2
6
-4
2
0
1
1
1
4
5
2
7
6
2
3
3
0
-3
-1
-4
-4
-6
-4
-4
-6
-7
1
2
-6
-4
-6
0
-2
-5
1
-3
3
-4
-4
10
-5
2
3
-6
5
-1
-1
0
1
-3
3
1
-6
5
2
-4
4
-6
-5
-4
-4
3
-4
2
0
-3
2
-5
-1
-8
-6
-5
-10
-3
-13
-4
-10
-10
0
-7
5
-4
3
1
-1
7
-6
-4
1
-3
-2
-2
-4
0
0
2
4
4
2
-1
0
-1
-1
0
2
-2
2
2
2
3
2
8
3
1
4
2
0
3
-4
-1
-2
0
0
-3
5
-9
-3
3
-6
5
2
1
-2
-3
1
1
3
-1
6
8
8
7
10
3
10
8
13
14
3
14
8
7
13
-1
9
7
0
8
4
3
5
11
5
4
4
1
1
2
-1
6
1
-4
1
-7
-4
-2
-5
-6
-1
-6
-8
1
-7
-7
-6
-5
-2
-6
-3
-5
-3
-5
-8
1
-11
-11
-3
-3
-5
-4
-6
-7
-3
-10
-7
-4
-6
-4
-4
-1
-2
-9
0
-5
-9
-6
-3
-5
-12
-3
-5
-4
-4
-4
-2
-5
-1
-6
1
0
-5
6
-2
5
3
3
3
5
6
6
12
5
11
12
3
10
6
6
11
2
7
8
4
1
10
1
3
5
1
2
-5
-3
-1
-1
-5
-3
1
-3
-7
3
-1
-3
-3
-2
-4
-5
-3
-6
-4
-7
-5
-4
-8
-3
2
-1
0
3
4
2
3
2
3
6
0
3
0
-3
0
-1
5
2
0
6
4
2
6
3
1
2
-1
1
2
3
3
5
1
7
6
5
7
2
6
8
4
7
4
5
8
6
5
7
14
6
7
5
4
4
6
4
2
7
2
1
-2
0
-7
-3
-5
-6
-5
-7
-6
-7
-8
-13
-8
-14
-17
-14
-12
-10
-5
-11
-5
-8
-13
-7
-11
-13
-7
-5
-4
-6
-4
-4
-6
0
-3
1
1
3
-2
4
1
-3
6
-2
1
5
-3
4
-3
-8
5
4
3
7
6
5
6
-2
3
2
-9
2
-2
-7
1
-2
-2
-4
2
0
-2
1
-3
1
-4
-2
-2
-6
6
-2
-1
7
-3
4
3
3
11
7
4
8
6
5
9
7
5
9
1
3
5
-1
5
-1
-3
7
3
4
5
1
5
4
-2
3
2
-2
3
5
1
1
-1
1
2
-6
1
-2
-3
8
-6
4
5
-2
5
4
0
2
-1
0
5
-2
0
-1
-1
6
1
1
6
2
0
10
5
7
6
4
-3
-1
1
0
1
-2
1
0
-3
-1
-3
-4
-4
-6
-2
-4
-9
-2
-5
-10
-8
-9
-13
-4
-4
-1
-2
-6
1
-2
-2
-1
-3
-1
-4
-5
-4
-3
-1
2
5
0
0
5
-2
4
1
4
3
-1
4
-4
-1
0
1
-1
-11
-3
-6
-6
-6
-8
-7
-10
-7
-9
-3
-4
-6
-6
-13
-3
-6
-6
3
-5
-9
-9
-5
-5
-3
-5
1
0
-2
4
-3
-3
0
2
4
4
2
9
10
0
5
5
-1
4
6
9
14
7
10
7
10
10
7
11
6
8
8
10
6
12
8
7
7
8
10
12
7
4
9
2
7
4
7
6
4
1
3
2
-1
2
2
-1
-2
-2
0
0
-1
4
3
-1
-2
-6
-3
0
-3
-1
-6
-6
-6
-5
-8
-3
-2
-3
4
-2
-2
-1
-9
-6
-6
-8
-3
-1
-3
-3
-4
-2
-5
-6
0
-3
-1
0
-2
-2
-2
-5
-4
-2
-5
-3
-4
-2
-3
-5
-4
-3
-7
-5
-4
-6
0
-2
-1
-2
0
-1
-8
-1
-3
-4
1
-2
-1
4
1
-1
3
0
5
3
2
1
3
3
-2
0
2
3
-3
1
0
-2
1
-2
-1
-4
0
2
-4
-4
-1
0
-4
-2
-1
-3
-1
-1
0
-1
1
-3
0
0
0
-1
-2
2
-4
1
3
0
-2
-2
2
0
0
3
7
-3
3
7
5
5
3
7
2
3
4
6
4
5
6
5
9
10
8
10
13
9
6
4
7
7
4
7
6
4
6
7
7
4
5
0
-1
-2
0
-4
-3
6
1
-2
-4
-1
-5
0
-2
-5
2
-4
-3
-3
-6
-3
-4
-6
-2
-3
-4
0
-2
-2
-2
-3
-2
1
-6
-6
-7
-5
-2
-10
-7
-3
-3
-2
-3
-6
-6
2
-2
-3
-3
-4
2
-3
1
-3
-3
-3
-3
1
-3
-3
-2
5
2
2
4
1
-3
3
1
1
2
-1
2
0
3
5
1
-1
1
-2
0
-1
-3
-2
0
-2
-1
-2
-1
-5
-6
2
-1
-1
1
-1
2
1
-3
0
0
2
-3
1
-4
-3
-1
-5
-4
-3
0
-3
-6
-2
-7
-6
0
-2
-3
-3
1
-9
-2
-3
-4
-4
-2
-4
-5
2
-2
4
4
1
4
2
3
3
6
4
4
5
3
5
5
9
7
11
10
7
9
12
10
10
11
6
9
7
8
9
0
3
4
4
7
5
3
7
4
0
5
-1
3
5
2
2
1
3
0
-1
-2
0
0
3
1
0
1
-2
-2
0
0
-4
0
-1
-2
0
-3
-3
-2
-2
-1
-2
-4
-3
-4
-6
-3
-1
-5
-1
0
-2
0
0
-2
-3
-2
-2
-6
-7
-5
-4
-4
-5
-3
-2
1
-2
-5
-3
-2
-7
-6
-6
-7
-6
-7
-8
-7
-7
-6
-2
-6
-5
-5
-8
-5
-8
-11
-7
-8
-2
-6
-3
4
-4
1
-1
-2
-1
-4
-2
2
2
-3
1
3
4
4
1
3
6
4
6
3
0
3
3
0
3
3
4
3
2
3
5
5
6
4
1
7
5
3
3
4
3
4
3
1
3
5
7
8
6
3
8
8
7
9
5
6
6
6
3
4
6
4
6
1
5
3
0
4
1
1
3
3
3
1
-1
1
3
-1
0
-2
-2
3
-2
-1
1
-2
-4
-1
-2
-4
-4
-4
-2
1
-1
-1
0
-3
-6
-2
-4
-4
-1
-2
-2
-1
0
1
-3
-3
-1
-2
-2
-3
-4
2
4
1
0
0
-5
-2
0
1
1
3
5
4
2
2
1
0
1
-1
-2
-4
-4
-4
-5
-7
-4
-4
-8
-3
-2
-4
-4
-6
-4
-7
-8
-10
-11
-8
-9
-9
-6
-5
-5
-6
-4
-6
-7
-5
-4
-4
-2
-4
-6
-1
-6
-2
0
-2
-2
-2
0
-1
-2
-2
2
1
0
-3
-1
1
1
3
4
2
4
3
2
4
3
4
1
1
4
2
4
2
5
7
7
8
7
9
8
9
10
7
10
12
12
14
12
14
9
8
11
8
8
9
9
7
9
10
6
3
3
2
3
2
4
3
4
3
1
1
0
1
1
-1
1
-2
-3
-2
-2
-3
-5
-6
-5
-3
-10
-7
-4
-5
-6
-5
-6
-7
-5
-7
-6
-2
-2
-2
-2
-3
-3
-2
-5
-4
-3
-1
-2
-3
-3
-3
-4
-3
-4
-2
-4
-5
-3
-3
-4
-2
-1
-1
-1
-2
0
-3
-3
-5
-4
-2
-7
-6
-3
-1
-3
-2
-3
-2
-4
-6
-5
-6
-3
-4
-3
-3
-6
-5
-4
-5
-6
-3
-1
-3
-3
-4
-5
-3
-4
-3
1
-3
-1
3
3
1
-1
2
3
-1
0
1
2
5
3
2
5
2
1
3
3
6
7
6
7
6
9
12
11
9
10
7
6
6
3
2
2
1
5
3
3
5
6
3
3
7
5
7
5
5
7
7
4
5
5
5
5
0
4
7
3
3
5
4
4
2
-1
1
2
4
4
2
4
5
2
2
-1
-5
-4
-1
-3
-1
-2
-4
-1
-3
-3
-4
-4
-8
-7
-6
-5
-5
-7
-8
-8
-6
-7
-10
-10
-5
-7
-6
-6
-5
-7
-11
-5
-6
-8
-6
-5
-4
-5
-3
-3
-5
-3
-5
-3
-4
-4
-1
2
3
3
2
4
0
2
-2
-2
-3
-1
2
2
2
4
3
4
3
1
5
1
6
5
3
1
3
-1
-1
0
-1
0
-2
1
-4
-2
-3
-3
-5
-4
-3
-2
-1
0
-2
-6
-1
-5
-4
-3
-2
-4
-5
-2
-1
0
2
3
3
3
2
3
1
3
6
5
5
4
7
6
10
10
10
8
9
8
6
6
7
5
6
6
5
5
6
5
4
2
3
3
-3
-2
-2
-2
-2
0
-2
-1
0
-3
-3
-2
1
-1
0
-1
-2
-3
-2
0
-4
-2
-4
-1
-1
-4
-2
-5
-3
-3
3
-2
0
0
-1
0
0
1
0
2
0
-1
-1
-2
-3
-5
-3
-2
-4
-3
0
0
-3
1
0
-1
1
3
1
1
3
3
2
-1
4
4
2
4
2
4
2
4
2
2
5
3
3
4
3
1
-2
1
-3
-1
-2
-2
-1
-6
-3
-2
-6
-4
-5
-4
-5
-7
-9
-8
-7
-8
-9
-7
-6
-7
-5
-5
-3
-5
-3
-4
-4
-3
-7
-7
-9
-9
-8
-3
-3
-3
-1
-2
-1
1
-1
0
2
1
5
4
4
5
4
5
6
6
6
6
5
6
4
6
6
7
6
10
8
7
8
6
8
7
7
4
6
5
4
3
1
0
0
-1
3
3
0
1
3
1
1
4
3
0
4
2
0
2
5
4
3
3
2
1
1
3
2
5
3
2
5
2
-1
2
1
1
-1
-2
0
-1
-3
-1
1
2
-2
-4
-4
-1
-8
-8
-6
-6
-5
-4
-5
-5
-3
-5
-4
-4
-5
-4
-5
-2
-2
-1
-4
-4
-3
-1
-1
-1
-2
-6
-5
-4
-4
-5
-3
-5
-5
-6
-6
-6
-5
-2
-3
-2
0
2
-1
-5
-2
-2
-2
-3
-1
1
-1
1
-1
-1
0
1
4
3
3
3
3
3
3
2
1
0
-1
1
2
2
4
5
4
3
2
3
5
3
1
2
-1
-2
2
4
2
0
1
0
1
1
-2
-1
-1
0
-4
-1
-2
-1
-2
-7
-1
2
2
0
3
3
5
2
3
5
5
2
4
5
7
5
4
2
2
5
4
4
7
5
5
8
6
4
4
5
1
2
1
3
0
0
3
-4
-3
-3
-4
-1
0
-2
-1
-1
-3
-3
-4
-6
-7
-6
-5
-6
-5
0
-1
-1
-1
0
2
1
2
0
0
-1
-1
-1
-4
0
-2
-2
-2
-2
0
-1
0
1
0
-3
-4
-3
-3
-1
-3
-5
-4
-5
-2
-4
-5
-6
-7
-7
-6
-4
-1
-3
-4
-3
-3
-3
-3
-1
0
2
0
0
1
3
1
2
5
4
1
2
5
7
9
8
6
7
6
5
3
6
3
4
6
3
5
4
2
3
4
4
4
5
5
1
0
0
-2
0
-1
-5
-2
-2
0
-2
2
-1
1
3
1
0
-2
-1
-2
-4
-5
-3
-3
-5
-4
-2
-2
-2
-2
1
1
0
1
-1
0
1
0
2
1
2
-1
0
1
1
0
0
2
-2
0
0
-2
-1
-4
-5
-5
-8
-6
-4
-4
-4
-3
-4
-2
-4
-1
-2
-3
-3
-3
-1
-3
-4
-1
0
0
0
1
3
4
4
4
5
4
6
6
3
6
4
7
7
8
7
4
6
6
6
5
4
6
3
2
1
-2
-2
-4
-3
-2
0
-1
0
-2
-2
-3
-4
-4
-3
-2
-2
-2
0
0
-2
0
1
-1
0
1
2
0
0
0
0
0
0
-1
0
1
-3
-3
-4
0
1
-2
-2
-2
-1
-1
-3
-3
-3
-3
-3
-1
-3
-5
-5
-4
-3
-5
-5
-4
0
-3
-4
-2
-4
-3
-1
-2
-1
1
2
3
2
3
-1
-1
1
2
3
1
1
3
1
2
2
3
1
0
1
4
1
2
6
4
4
4
1
2
2
1
2
2
2
0
1
1
4
3
3
1
1
1
-1
1
-2
0
1
-1
-3
-3
-2
-1
0
2
3
-1
-1
-1
-1
-2
-2
-4
-1
-3
-3
0
1
2
0
1
2
1
1
1
-1
-2
3
0
-1
1
1
-2
-1
-1
-2
0
1
0
2
3
3
3
0
2
2
1
3
4
2
3
4
0
2
3
2
1
-1
-1
0
0
0
0
-1
0
3
3
2
1
1
-1
-2
-2
-6
-3
-2
-6
-4
-3
-3
-5
-5
-6
-5
-4
-3
-2
-1
0
2
2
-1
0
-1
-2
-1
-4
-5
-4
-1
-1
-2
-3
-4
-7
-1
-2
0
1
3
2
2
0
0
0
0
0
1
1
0
1
1
1
-1
2
0
-3
-1
-1
-1
0
-1
0
3
1
4
4
0
0
3
2
2
1
3
4
3
2
1
2
2
2
0
1
5
2
0
4
3
0
-2
2
2
0
3
2
0
-1
0
3
0
1
1
2
1
2
2
0
0
-2
1
-1
-1
-2
1
2
1
4
2
2
6
2
1
2
2
5
3
1
4
2
0
0
1
1
2
0
-3
-1
-2
-3
-2
-1
-4
-4
-2
-5
-4
-3
-5
-6
-4
-3
-3
-6
-7
-4
-4
-8
-6
-4
-5
-5
-3
-3
-1
-2
-2
-4
-2
-3
-5
-3
0
-1
-2
-3
-3
0
3
2
0
1
1
1
2
0
2
2
1
1
1
1
2
2
1
4
3
5
2
3
2
4
0
1
5
4
4
3
4
1
-1
2
3
-1
0
4
1
1
1
1
2
1
1
3
3
0
2
3
2
0
1
1
-2
0
-1
-2
-3
-2
-3
-3
-2
-3
1
-2
0
3
3
1
1
1
2
1
0
3
0
2
0
2
3
1
1
2
2
2
-1
0
0
1
2
1
1
1
0
2
2
-1
0
2
1
-3
0
-1
0
1
0
2
5
1
-1
1
-3
-2
-1
-2
-2
0
3
1
-1
-2
0
-3
-1
0
-2
-2
-6
-4
-3
-5
-9
-9
-6
-4
-5
-5
-1
-3
-3
-2
-4
-4
0
-3
-5
-2
-2
-3
-2
-1
-3
-1
-5
-2
-2
-2
-1
-3
-2
0
-2
-4
0
3
1
-2
0
3
-1
-4
-2
0
1
0
1
3
2
0
1
2
3
3
0
2
2
5
4
4
5
5
9
5
8
6
8
10
8
5
7
8
6
8
9
6
5
5
4
4
2
4
1
0
3
1
1
1
1
-2
-4
-1
-2
-4
0
0
1
-1
-1
0
-3
-3
-2
-2
-3
1
0
0
2
0
-2
-3
-3
-2
-2
-2
-2
0
2
0
-1
0
-2
-4
-4
-4
1
-1
-5
-3
-1
-1
-4
-2
-2
-4
-4
-3
-2
-3
-4
-5
-4
-2
-1
-4
-2
-1
0
0
-2
-2
-1
2
-2
1
3
4
0
-2
0
-3
-2
-3
-4
-2
-4
-5
-3
-3
-2
1
-1
1
0
-1
2
-1
2
-1
-4
-5
-2
-3
-4
-3
-5
2
-2
-2
1
1
0
-1
0
2
0
-1
0
-1
0
-3
1
2
3
2
1
1
0
-1
0
3
0
0
2
2
3
4
3
4
7
5
4
7
6
7
9
8
8
9
3
2
2
7
8
5
9
7
8
9
7
6
5
5
3
6
8
3
3
2
2
3
0
0
-2
0
0
-1
0
-4
-5
-4
-5
-6
-7
-7
-8
-7
-6
-7
-7
-5
-9
-7
-5
-7
-4
-3
-1
0
-2
-2
-1
0
0
-2
-2
-1
-3
-4
-3
-3
-4
-5
-6
-5
-6
-3
-2
-3
-2
-1
-2
-1
-3
-5
-3
-1
-2
0
0
-1
-1
-1
-1
-1
1
2
0
3
1
0
2
-1
1
3
0
-1
-1
3
2
2
4
1
2
4
0
-1
-2
2
0
-1
0
0
-1
-2
0
-1
-1
0
1
-3
0
3
-3
-2
0
-1
-1
1
-1
-3
-4
-1
0
-2
2
3
4
4
4
4
4
4
3
2
4
2
0
3
5
4
2
3
4
3
2
1
3
2
1
1
0
1
4
2
3
1
0
2
1
3
1
-1
0
-1
-1
0
1
2
4
3
0
2
3
1
4
2
2
3
1
-2
-2
0
0
2
-1
0
-1
-1
1
0
1
-2
-1
1
-2
0
1
-1
-4
-4
-1
-1
-3
-1
-2
-2
-1
1
2
-1
-3
-3
-5
-5
-2
0
0
-1
1
0
-1
-1
-2
0
-1
-2
-2
0
0
-1
-3
-2
-1
-6
-1
-2
-1
-3
-4
-1
-3
-1
1
-1
-2
-2
-4
-5
-2
-1
0
-3
-2
-3
-4
-3
-6
-4
-4
-5
-4
-5
-4
-4
-5
-4
-3
0
-3
-3
0
-3
-3
-2
-3
-5
-3
-2
-1
-1
-1
3
4
3
4
4
6
3
4
5
3
6
5
6
4
2
6
5
3
4
5
6
0
1
4
6
3
1
4
3
6
3
1
5
2
1
2
5
1
2
4
5
3
4
9
5
7
7
6
6
5
5
5
5
7
4
1
3
4
3
4
2
7
5
-2
1
2
2
0
2
0
-1
-3
-2
-3
-3
-3
-3
-3
-6
-9
-8
-8
-10
-10
-10
-9
-9
-11
-11
-7
-5
-4
-1
-6
-6
-2
-2
-1
-2
-2
-1
0
-3
-3
-5
-2
-3
-5
-2
-3
-1
-3
-1
-2
-3
0
1
0
-1
-1
-2
-1
-1
0
1
-1
-1
3
1
-2
-2
-2
-2
-2
0
2
-1
1
0
1
-2
-1
1
0
2
-1
2
-1
0
5
3
2
4
4
2
1
2
2
3
0
3
-1
0
1
0
-1
-2
0
-1
-2
0
-1
1
1
-1
1
0
0
0
1
1
2
5
4
3
2
2
-2
-1
-2
-2
3
2
3
4
4
5
3
4
6
4
2
4
4
9
5
2
2
1
2
1
1
1
3
2
0
2
0
-2
2
0
-3
0
3
4
5
4
4
2
3
5
3
2
3
4
7
5
4
1
1
4
3
2
1
2
3
0
0
1
-3
-3
-3
-3
-4
-4
-2
-5
-6
-4
-6
-7
-8
-6
-7
-10
-8
-8
-8
-8
-8
-6
-8
-12
-6
-7
-6
-5
-6
-4
-6
-4
-2
-3
-2
-3
-4
-5
-4
-5
-1
-1
-4
-4
-2
-1
-3
-1
-2
0
1
-2
-1
0
-2
-1
-1
-1
-1
0
1
-1
0
1
2
1
5
7
6
5
7
4
3
5
5
4
4
3
5
5
4
3
3
