3
3
2
4
4
5
3
4
2
3
3
2
3
3
2
1
1
-2
-1
-2
-5
-6
-5
-6
-6
-7
-6
-4
-6
-4
-4
-5
-6
-8
-7
-7
-8
-7
-8
-9
-9
-12
-10
-9
-9
-8
-8
-7
-8
-8
-7
-7
-6
-2
-3
-4
-6
-7
-7
-9
-8
-8
-7
-6
-8
-12
-13
-14
-13
-11
-10
-8
-9
-7
-4
-1
2
6
7
10
12
12
14
15
16
19
20
24
22
22
23
22
21
24
23
24
27
25
24
26
22
21
20
19
17
16
14
12
9
8
7
4
2
-2
-3
-5
-7
-7
-6
-6
-5
-5
-6
-6
-6
-7
-8
-7
-8
-6
-8
-8
-7
-8
-7
-7
-7
-7
-5
-6
-5
-3
-2
-1
-1
1
3
1
1
2
1
1
0
-2
-3
-3
-6
-8
-11
-13
-15
-16
-17
-20
-22
-25
-28
-29
-31
-32
-31
-31
-30
-30
-30
-27
-28
-25
-22
-18
-15
-12
-7
-3
2
4
9
11
14
16
20
22
26
28
29
34
35
37
39
39
39
40
39
37
35
31
30
28
24
21
18
14
11
9
6
3
-1
-4
-7
-9
-13
-14
-16
-18
-19
-21
-21
-24
-25
-25
-24
-25
-24
-21
-20
-20
-16
-13
-11
-7
-6
-4
0
2
5
7
9
11
14
14
16
17
17
16
15
16
14
14
12
10
8
7
7
5
5
5
5
5
6
5
3
2
1
-1
-5
-3
-5
-5
-5
-8
-6
-9
-10
-9
-9
-8
-11
-12
-12
-12
-12
-14
-14
-14
-16
-13
-13
-13
-13
-12
-10
-9
-7
-7
-6
-7
-4
-2
-1
1
3
3
1
2
2
1
2
3
3
5
5
4
7
7
6
6
7
5
5
7
8
8
4
7
7
6
4
6
7
7
8
7
10
9
11
11
12
16
19
23
26
26
25
24
25
22
23
20
19
17
14
11
9
7
4
4
0
-4
-7
-11
-12
-13
-14
-16
-18
-18
-21
-22
-21
-22
-24
-26
-28
-29
-29
-29
-28
-26
-27
-29
-29
-30
-30
-28
-25
-23
-22
-20
-18
-17
-16
-13
-11
-12
-12
-9
-8
-7
-4
-3
-1
-1
2
4
7
8
12
14
15
19
18
21
20
21
23
24
26
27
27
28
25
25
25
23
22
19
17
18
18
16
14
11
9
8
7
7
6
6
9
8
10
8
3
4
3
1
0
1
1
1
0
0
1
0
-1
-1
-2
-4
-5
-5
-5
-4
-3
-2
-3
-5
-5
-5
-4
-4
-6
-6
-6
-9
-8
-9
-8
-8
-6
-3
-1
-1
-4
-4
-3
-2
-2
-2
0
-2
-2
-2
-1
1
0
2
0
1
-1
-3
-1
0
2
0
1
1
0
1
1
3
2
1
0
0
-2
-4
-4
-5
-5
-6
-6
-7
-7
-7
-7
-7
-9
-12
-15
-16
-17
-18
-17
-18
-18
-18
-17
-18
-19
-16
-17
-15
-14
-14
-14
-13
-12
-11
-11
-10
-10
-7
-8
-7
-6
-1
-1
-1
1
2
1
4
7
9
12
16
18
19
21
22
23
25
25
24
24
23
23
25
25
22
25
24
22
22
20
20
18
19
18
18
18
19
18
19
18
19
18
15
17
13
11
9
7
6
4
4
1
0
-2
-4
-4
-5
-8
-11
-11
-12
-13
-13
-12
-13
-14
-16
-16
-15
-18
-19
-17
-16
-17
-16
-13
-14
-12
-12
-8
-9
-8
-8
-8
-9
-10
-8
-7
-5
-5
-4
-3
-3
-3
-2
-2
-4
-2
-4
-4
-7
-6
-3
-5
-6
-9
-8
-9
-11
-11
-12
-13
-11
-12
-12
-11
-10
-10
-10
-8
-8
-8
-8
-8
-6
-7
-5
-6
-5
-4
-4
-4
-2
-1
-2
-1
1
-1
1
0
0
0
0
0
0
1
0
1
1
1
3
5
5
8
9
12
12
14
17
20
22
24
26
25
26
26
26
29
27
27
27
26
24
23
24
23
23
23
24
23
23
21
21
20
19
17
17
16
14
14
12
9
9
6
5
2
-1
-4
-9
-11
-13
-14
-15
-16
-18
-19
-21
-22
-22
-23
-24
-25
-25
-27
-27
-29
-29
-30
-29
-29
-30
-30
-31
-32
-32
-33
-35
-33
-33
-32
-33
-32
-32
-30
-29
-26
-23
-21
-18
-15
-11
-7
-5
-2
0
2
5
6
7
10
12
13
15
14
16
16
18
18
19
20
22
23
24
27
29
29
30
31
32
33
32
34
33
33
34
32
32
33
30
28
28
26
25
23
22
21
19
15
14
12
11
9
10
10
8
6
6
2
0
-4
-7
-8
-13
-15
-19
-21
-22
-23
-25
-26
-29
-32
-33
-35
-35
-36
-37
-33
-33
-30
-31
-30
-27
-25
-24
-22
-19
-18
-14
-14
-12
-10
-9
-7
-6
-4
-5
-5
-4
-6
-3
-2
-2
0
-1
-1
-1
-2
-1
-1
3
3
2
4
6
7
8
8
10
11
10
9
9
9
6
5
6
4
5
5
4
4
6
9
10
11
12
12
13
13
15
17
17
18
18
18
18
17
18
21
21
22
21
21
20
19
17
17
17
16
16
15
12
10
8
6
5
3
2
1
-1
-2
-4
-5
-6
-6
-9
-10
-12
-11
-12
-13
-13
-12
-12
-13
-14
-14
-14
-13
-12
-12
-10
-10
-11
-10
-11
-12
-12
-12
-11
-12
-11
-11
-10
-8
-10
-8
-10
-10
-9
-10
-10
-9
-11
-10
-10
-10
-10
-10
-10
-10
-10
-7
-6
-5
-5
-5
-4
-2
-4
-3
-5
-6
-5
-4
-1
-2
-4
-1
-3
-5
-3
-4
-4
-4
-2
-1
0
0
1
3
3
4
5
6
7
9
8
9
11
11
12
13
13
11
12
10
10
11
10
11
11
9
8
9
9
10
12
13
15
16
17
19
18
18
18
18
16
16
17
18
16
18
18
18
16
15
14
12
12
10
10
9
12
10
10
10
6
4
2
1
0
-3
-2
-3
-4
-5
-7
-8
-9
-11
-12
-12
-12
-13
-13
-13
-14
-15
-16
-18
-17
-19
-21
-21
-21
-21
-21
-21
-23
-25
-25
-25
-26
-26
-25
-23
-23
-21
-21
-21
-19
-19
-18
-18
-18
-18
-18
-14
-13
-9
-8
-7
-5
-5
-3
-4
-3
-5
-6
-4
-4
-3
-4
-3
-2
-3
-3
-4
-3
-1
0
1
4
4
5
7
8
9
10
12
14
17
20
22
23
26
26
29
31
32
35
36
38
38
38
40
41
38
37
35
33
32
31
30
27
25
25
20
18
16
14
11
8
5
4
3
2
0
0
1
-2
-3
-6
-7
-9
-9
-9
-9
-9
-11
-13
-13
-14
-15
-16
-16
-18
-19
-20
-22
-23
-23
-24
-25
-25
-24
-24
-22
-23
-22
-21
-21
-23
-22
-21
-20
-22
-23
-22
-24
-24
-22
-22
-23
-25
-23
-22
-21
-19
-17
-16
-16
-14
-12
-11
-11
-9
-8
-5
-5
-3
-1
2
4
5
9
10
12
14
16
17
21
24
25
29
27
30
29
29
30
27
28
28
27
28
27
27
29
28
28
28
26
25
23
22
20
17
17
16
15
15
13
13
11
10
7
3
2
0
-3
-2
-4
-7
-8
-10
-13
-14
-17
-18
-17
-18
-19
-21
-22
-22
-21
-21
-23
-24
-24
-25
-26
-26
-25
-25
-24
-25
-24
-22
-21
-20
-19
-16
-16
-14
-11
-7
-7
-3
-1
0
1
1
2
3
2
4
5
8
8
10
12
12
14
15
17
17
17
19
17
18
18
17
18
19
18
18
19
18
19
20
18
16
14
13
11
11
10
10
10
8
10
8
5
6
4
2
2
0
-1
-2
-4
-6
-6
-6
-10
-9
-11
-13
-12
-10
-12
-13
-12
-15
-13
-14
-14
-15
-14
-13
-12
-13
-12
-11
-13
-11
-10
-9
-8
-9
-8
-7
-6
-6
-7
-7
-6
-6
-7
-7
-6
-6
-5
-4
-4
-2
-1
-2
0
1
2
3
1
3
2
3
3
3
1
3
2
1
3
1
0
0
1
2
2
4
4
5
6
6
6
7
6
7
9
9
8
6
6
7
6
6
4
5
4
5
5
4
5
5
6
5
6
5
4
4
3
2
3
2
3
2
1
1
1
2
0
0
1
1
1
3
2
3
2
4
5
5
3
4
5
6
8
7
8
6
8
6
4
4
2
3
3
3
3
3
3
1
2
2
1
1
1
2
0
0
0
-1
-1
-2
-2
-1
-2
-4
-3
-5
-7
-7
-9
-10
-9
-10
-10
-12
-13
-14
-15
-16
-17
-19
-19
-20
-20
-20
-19
-20
-20
-19
-19
-18
-18
-18
-16
-15
-15
-14
-13
-11
-11
-9
-8
-6
-3
-2
0
2
2
4
3
4
4
4
6
6
8
7
7
8
12
12
13
14
17
20
20
20
23
22
23
23
23
22
22
21
22
20
19
18
18
19
17
16
16
15
15
14
12
12
11
10
7
6
3
3
0
-1
-1
-3
-3
-5
-7
-9
-9
-11
-12
-11
-9
-9
-7
-8
-8
-7
-6
-5
-3
-3
-3
-2
-3
-3
-4
-4
-5
-6
-7
-6
-7
-8
-8
-9
-9
-10
-10
-11
-11
-9
-11
-8
-9
-10
-9
-9
-8
-6
-5
-4
-3
-2
-3
-3
-2
-1
1
0
2
3
2
3
0
0
-1
-1
-1
-1
1
0
0
1
0
0
0
0
-1
-2
-3
-2
1
0
1
1
-1
0
1
2
1
1
2
2
1
-1
-2
-2
-2
-3
-1
-2
-2
-2
-2
0
0
-1
3
2
3
4
3
3
4
2
2
1
2
1
1
1
3
3
4
4
4
5
5
5
5
6
7
7
7
8
9
9
9
7
8
6
5
3
2
1
0
0
-1
0
-1
1
3
2
4
3
3
4
1
2
3
2
2
2
2
2
0
0
-1
-1
-2
-3
-3
-2
-3
-1
0
-2
-2
-2
-3
-5
-6
-6
-6
-6
-6
-6
-5
-5
-5
-5
-7
-8
-9
-9
-8
-9
-9
-8
-10
-7
-7
-7
-7
-9
-9
-8
-9
-11
-9
-8
-6
-7
-6
-1
0
2
3
5
5
6
7
7
9
11
10
12
12
13
13
12
14
15
14
13
13
12
14
12
12
11
12
11
10
10
11
10
11
10
9
9
9
9
8
5
3
1
-2
-2
-2
-3
-4
-5
-5
-7
-10
-10
-11
-14
-12
-12
-15
-14
-12
-13
-15
-15
-15
-16
-18
-19
-19
-20
-19
-18
-18
-17
-17
-17
-15
-14
-13
-14
-12
-12
-10
-10
-8
-7
-7
-6
-4
-2
-3
-1
-2
-3
-2
-2
0
1
2
3
3
2
5
5
6
7
7
7
9
10
11
12
15
14
17
19
19
21
22
22
22
22
22
23
22
21
22
22
22
21
22
20
20
20
20
17
16
14
14
12
12
11
7
7
7
5
3
4
2
2
2
1
-1
0
-1
-1
0
-3
-4
-6
-7
-8
-10
-10
-12
-12
-12
-12
-13
-13
-15
-15
-17
-18
-19
-20
-21
-23
-22
-24
-22
-23
-22
-22
-19
-18
-19
-16
-16
-14
-13
-14
-12
-10
-9
-9
-7
-7
-4
-5
-7
-6
-6
-7
-8
-6
-6
-8
-9
-8
-8
-9
-9
-10
-7
-7
-7
-6
-6
-6
-3
-2
0
-1
-1
3
1
4
3
4
5
7
7
9
11
11
13
16
19
18
20
19
21
20
19
20
19
20
19
20
19
19
16
16
17
16
15
14
13
11
12
12
13
13
15
15
15
16
14
16
15
15
16
16
16
14
15
13
9
8
7
5
3
4
2
1
0
-1
-3
-2
-4
-5
-7
-10
-11
-13
-14
-15
-16
-20
-21
-20
-20
-22
-25
-21
-22
-24
-24
-24
-25
-25
-25
-23
-24
-22
-20
-21
-19
-20
-19
-20
-18
-19
-18
-18
-18
-16
-16
-15
-14
-12
-10
-9
-8
-5
-3
-1
1
2
3
4
8
10
10
10
11
12
14
14
14
14
15
17
17
18
18
19
20
20
20
21
20
19
19
16
15
13
13
12
12
11
13
12
12
11
10
10
7
6
4
3
4
4
2
2
2
1
0
-1
-2
-2
-3
-5
-4
-6
-8
-8
-9
-11
-11
-12
-11
-11
-11
-9
-8
-10
-10
-9
-9
-11
-11
-9
-9
-10
-9
-7
-7
-7
-7
-5
-6
-6
-7
-5
-4
-1
1
1
1
2
4
5
7
7
7
9
9
10
11
11
10
10
10
11
11
10
10
9
10
9
8
8
8
9
8
6
6
4
5
5
3
2
1
-1
-2
-3
-4
-4
-3
-5
-6
-6
-7
-9
-9
-10
-9
-11
-9
-10
-9
-8
-8
-9
-8
-11
-10
-11
-12
-11
-11
-8
-9
-8
-4
-3
-5
-3
-2
-2
0
1
0
2
2
0
1
2
0
1
1
1
2
1
3
2
3
3
2
1
1
3
3
4
3
4
3
3
4
4
5
4
3
6
7
7
9
9
10
11
11
9
9
10
7
6
5
4
5
5
5
5
5
3
3
2
3
1
0
-1
-3
-2
-3
-3
-5
-6
-6
-8
-9
-9
-12
-12
-13
-14
-13
-13
-12
-10
-10
-10
-10
-8
-8
-7
-4
-3
-3
-2
0
0
1
3
2
3
2
3
5
6
6
5
4
3
3
2
3
3
4
4
4
3
4
4
3
2
1
2
0
3
1
2
3
3
3
4
4
4
6
5
5
5
4
6
6
7
8
6
7
6
6
5
4
4
3
2
3
2
2
2
1
2
2
0
-1
0
-1
-1
-2
-3
-2
-3
-4
-3
-3
-3
-5
-5
-6
-5
-7
-7
-9
-9
-8
-9
-9
-8
-9
-11
-11
-9
-9
-11
-10
-9
-10
-12
-9
-11
-10
-8
-8
-5
-7
-5
-5
-4
-3
-4
-1
0
0
1
1
1
2
3
6
5
4
5
7
10
10
10
11
11
11
10
11
12
12
12
14
13
12
12
12
12
9
9
9
7
7
5
4
3
3
-1
-3
-2
-3
-4
-5
-6
-8
-8
-8
-9
-9
-10
-8
-9
-9
-7
-7
-7
-7
-9
-8
-7
-7
-7
-5
-4
-3
0
-1
2
2
1
2
1
3
4
3
3
5
5
4
2
3
4
2
2
3
2
5
5
5
4
5
5
4
5
6
6
7
6
4
5
5
5
4
2
1
1
-1
-1
-1
-3
-3
-3
-2
0
2
1
0
1
1
0
-2
-4
-3
-5
-5
-4
-4
-3
-5
-4
-5
-6
-6
-6
-6
-6
-6
-5
-4
-6
-4
-5
-6
-5
-5
-5
-5
-4
-4
-3
-5
-5
-4
-1
-3
-3
-4
-3
-3
-4
-3
-4
-4
-3
-2
-3
-2
-1
1
0
2
4
1
2
3
2
5
4
6
6
8
9
8
9
7
9
9
7
7
7
7
7
7
8
10
10
9
9
8
9
8
5
5
6
3
1
0
-1
-1
-2
-3
-3
-2
-5
-4
-5
-6
-7
-7
-8
-8
-8
-8
-6
-7
-4
-4
-3
-4
-4
-5
-4
-3
-3
-4
-1
-2
-2
0
1
1
2
3
1
1
2
3
4
3
3
4
4
4
4
4
3
3
3
3
3
4
5
5
6
4
4
4
4
5
5
2
2
1
0
-1
-1
-4
-5
-5
-5
-5
-4
-5
-5
-6
-7
-8
-9
-9
-8
-8
-9
-9
-11
-8
-8
-9
-10
-9
-8
-8
-7
-6
-5
-3
-4
-2
-2
-1
-2
-1
-1
0
1
2
3
2
3
6
8
6
7
6
7
6
6
7
7
9
8
9
9
9
9
10
10
10
11
12
12
12
12
13
12
12
11
12
11
9
9
7
6
4
2
2
0
-1
-5
-4
-5
-6
-9
-9
-10
-11
-12
-13
-14
-14
-13
-14
-15
-14
-14
-13
-12
-12
-12
-11
-11
-11
-11
-10
-10
-9
-7
-7
-5
-5
-4
-3
-3
-3
-3
-2
0
0
1
4
5
5
6
5
6
5
6
6
6
5
7
7
8
7
7
7
6
8
8
7
7
8
8
7
8
7
7
7
6
6
7
8
8
5
8
7
6
8
8
7
6
6
5
6
2
2
0
-1
0
-2
-3
-2
-3
-4
-3
-6
-6
-6
-7
-9
-11
-11
-11
-12
-12
-13
-14
-12
-14
-12
-12
-12
-10
-9
-8
-8
-6
-7
-5
-5
-3
-2
-2
-1
1
-1
0
1
0
1
3
2
1
3
4
5
5
6
6
6
7
7
7
8
8
8
11
11
12
10
11
12
10
9
8
8
9
7
6
6
7
6
6
3
1
0
-1
-1
-1
-1
-1
-2
-2
0
-1
-2
-3
-3
-2
-4
-4
-4
-5
-6
-7
-6
-8
-7
-5
-6
-8
-8
-8
-9
-8
-8
-9
-8
-8
-7
-7
-8
-7
-6
-5
-7
-7
-6
-4
-5
-6
-3
-4
-4
-5
-4
-4
-4
-2
-2
-2
-1
-1
1
3
3
4
6
6
6
8
8
8
9
9
8
7
8
7
9
8
9
8
7
9
9
8
10
8
8
7
7
8
9
7
8
7
8
6
6
6
6
4
3
6
6
7
6
5
5
4
5
5
5
2
0
2
1
0
-1
-2
-1
-4
-4
-5
-7
-7
-7
-6
-8
-10
-10
-10
-10
-10
-11
-14
-14
-11
-12
-12
-11
-11
-12
-12
-12
-11
-14
-15
-14
-13
-13
-11
-10
-11
-10
-11
-9
-9
-8
-5
-6
-5
-3
-3
-2
-2
1
4
5
4
2
6
7
9
11
9
13
11
11
14
13
12
13
14
16
18
18
16
13
11
10
11
10
10
8
7
6
7
6
7
6
5
1
-2
-2
-1
1
-1
-1
-2
-3
-1
-2
-1
-3
-4
-3
-3
-1
-1
-3
-5
-7
-8
-7
-6
-3
-6
-7
-6
-6
-3
0
-2
-3
-3
-4
-3
-3
-3
-3
-2
-3
-1
-3
-2
-4
-6
-7
-9
-6
-5
-6
-7
-7
-6
-3
-1
0
0
0
-1
-1
2
6
7
4
2
3
5
6
5
7
6
7
8
5
10
6
5
5
3
8
8
10
8
4
6
6
9
14
9
10
6
5
9
6
5
5
2
0
-1
-3
-1
-2
-4
-3
-6
-4
-6
-7
-8
-9
-8
-8
-6
-7
-10
-13
-14
-15
-12
-12
-14
-14
-15
-17
-12
-13
-9
-12
-13
-14
-11
-6
-9
-3
-3
-7
-5
-3
1
5
1
-1
-1
-2
-1
4
8
4
-1
0
1
6
10
13
11
9
9
7
10
13
12
6
9
6
10
14
11
13
11
8
11
12
13
11
11
10
8
11
11
10
10
3
2
3
4
7
6
2
3
2
2
2
-1
6
5
-4
2
3
3
6
7
2
3
1
-6
-4
0
-2
-1
-1
-3
-2
-5
-7
-4
-7
-11
-6
-12
-15
-17
-14
-14
-21
-18
-20
-17
-18
-20
-22
-24
-18
-22
-21
-16
-15
-19
-19
-20
-21
-20
-14
-21
-17
-17
-25
-15
-13
-1
-3
-3
1
-7
1
5
4
13
8
8
9
13
8
15
18
16
21
14
19
27
23
19
24
23
17
17
23
19
25
27
16
16
26
30
26
23
23
11
9
15
20
22
20
18
3
-3
15
16
19
20
4
4
1
-1
-1
15
7
3
0
-16
-9
1
5
9
-15
-15
-14
-22
-13
-10
-4
-13
-23
-32
-30
-6
5
-17
-25
-26
-24
-16
-15
3
-11
-16
-19
-28
2
15
14
2
-19
-11
-12
-7
3
2
2
-3
-21
-25
1
4
5
-6
-20
-16
-6
7
-4
-5
-1
-20
-23
-5
-10
1
0
-21
-13
0
-7
-11
0
2
-15
2
-6
-12
4
1
-11
-17
6
11
-9
2
2
-16
8
15
-15
-2
5
-9
4
-3
-4
-5
-1
-8
-2
14
19
1
-2
-23
-2
23
3
16
19
5
5
15
24
35
43
34
-4
21
34
30
39
35
3
9
19
24
23
36
23
-5
-5
8
9
27
32
-13
-8
-15
-2
4
5
13
-3
-18
-12
-15
-3
8
-10
-13
-13
-2
-14
-13
22
3
-17
-3
-12
-8
5
7
1
-13
3
-7
-18
9
5
5
14
-2
-17
9
10
-9
-16
0
11
-12
-17
-26
-1
10
-18
-7
3
-4
-19
-30
-4
14
-8
-28
-29
-26
-14
-5
-11
0
-35
-29
-16
13
11
3
11
-34
-20
8
11
14
10
-12
-22
-2
-8
-13
2
-9
-27
-26
12
-34
-11
-4
-39
-19
-13
-16
-21
0
-6
-22
-36
-19
-27
-4
32
-18
1
1
-28
-9
-7
7
11
41
20
5
33
23
18
41
43
33
60
43
30
5
27
38
23
39
21
25
31
-1
23
28
-1
34
10
-5
21
1
20
-1
-1
30
-5
14
-7
-30
22
3
-5
18
7
20
13
5
-28
6
16
-22
9
40
-8
-16
-14
-30
-6
13
20
-20
12
-17
-45
-14
6
-16
-32
-34
-12
-17
-26
-11
-30
-36
-16
-14
24
17
-12
-28
-6
19
-12
14
8
15
10
-21
13
46
3
17
24
0
15
16
3
19
1
38
6
27
43
9
12
-19
15
16
38
42
26
-16
-10
-19
25
25
14
30
-20
-19
-25
5
22
-7
-2
-22
-42
-9
-41
-51
-21
-68
-55
5
-34
-38
-22
-46
-54
-70
-18
-27
-67
-28
-55
-60
-70
-70
-27
-40
-62
-26
-43
-49
-34
-54
-45
-28
5
-7
-31
-17
-28
-11
-27
-4
86
51
-22
4
-2
14
36
67
71
27
10
34
17
52
102
46
61
46
47
28
35
69
24
61
103
20
44
90
19
34
46
57
101
75
38
-2
40
-1
-10
48
76
49
29
-13
-6
23
-8
14
47
37
12
2
-4
10
-32
15
-12
20
16
-20
-26
-29
-38
-41
-22
22
-23
-32
-27
-55
-23
-21
-36
-1
5
-37
-57
-60
-9
-47
-22
-4
15
-34
-33
-12
-13
-46
14
13
-20
12
-49
-16
9
-61
1
16
-11
15
-15
11
-31
-41
-44
-32
-3
7
-46
3
-42
-71
-37
-38
-13
-39
-8
-45
-48
-31
-49
-26
-16
8
-2
-15
4
-27
-33
-4
13
20
5
-4
-4
-31
-13
16
23
9
4
14
4
-23
-6
33
60
19
16
27
-4
0
13
24
35
43
24
25
29
40
-1
4
35
20
38
46
38
5
8
27
2
3
59
52
12
19
19
-10
25
20
48
44
-9
-12
-9
-3
-11
30
7
-15
-13
1
-15
-14
19
2
-11
-26
-7
-11
18
34
-17
6
13
21
0
22
47
17
31
-20
3
37
4
3
-5
16
6
-20
15
17
8
-20
9
15
2
7
-6
25
11
-3
-15
32
23
-10
13
22
-26
9
-2
4
24
-12
-64
-53
-8
-69
-23
0
-35
-44
-38
-43
-6
-48
16
-23
-73
1
-28
-26
-42
-10
6
-64
-19
4
-30
7
-23
-31
-23
-8
-8
1
24
-14
-16
4
-7
-12
10
46
25
-51
-17
-2
-34
15
39
32
-3
-35
-34
-16
-6
37
-17
-45
14
-22
-37
-46
17
26
-44
5
14
-7
29
-23
-18
-3
24
48
-13
46
33
-22
-15
0
44
47
77
37
-38
4
15
-10
31
29
48
40
-18
-11
13
22
-22
-11
39
37
22
-52
-18
27
3
-48
21
50
-31
0
-18
-42
-62
-19
81
6
-22
-4
-27
-34
-47
39
31
49
25
-50
-38
-3
-9
4
58
18
20
12
-23
18
57
32
10
41
76
22
74
14
-7
27
23
22
-6
70
80
-37
9
29
12
41
29
57
10
16
34
7
67
59
36
41
5
-8
3
54
-9
1
33
14
-47
-10
-7
-20
26
-21
-19
11
-6
-43
-19
6
-52
-51
14
-18
4
-13
-42
-26
-86
-77
13
20
-21
-71
-48
-64
-98
-41
28
-18
-89
-69
-49
-61
-94
-74
-43
-29
-6
-96
-105
-39
-102
-92
-76
-66
-86
-87
-139
-64
-47
-130
-128
-62
-28
-74
-35
-51
-96
-55
-31
-29
-13
9
13
-21
4
-29
10
91
94
13
20
106
48
13
115
137
65
94
76
87
92
120
111
116
181
81
95
159
136
93
100
116
52
92
164
199
122
-26
39
82
111
116
109
128
15
-18
24
83
60
83
25
-38
52
31
-26
7
-5
6
-34
-12
-6
-83
-18
8
-61
-28
22
-27
-34
-25
-36
-63
-41
-59
-48
-45
-20
-70
-71
-35
-77
-39
-73
-56
-26
-53
-73
-73
-62
-72
-45
43
-14
-71
-72
-80
-86
-50
-10
-14
-60
-135
-114
-64
1
-28
-75
3
-74
-99
-27
21
4
-80
-27
-46
-35
29
-13
14
21
-63
-20
-17
-27
-4
13
-47
-57
-6
-10
-72
-18
1
-1
11
-57
-45
-11
-55
-33
-4
3
10
-34
-70
-48
13
17
36
-26
5
23
-38
12
62
-1
-28
96
101
43
50
15
-8
34
112
136
55
11
21
51
105
178
124
27
92
153
91
88
138
67
49
109
74
107
108
4
37
123
88
9
39
63
106
91
-4
-15
19
47
8
50
80
19
-67
-57
87
72
-62
-61
26
68
-44
-72
-73
-74
-71
-23
79
21
-98
-176
-96
5
-30
-39
-60
-87
-68
-103
-26
39
-85
-130
-72
23
0
-76
-99
-100
-61
-54
-58
-42
-75
-44
45
-8
-79
-81
-16
5
-18
15
40
-94
-149
-82
70
103
-13
-85
-104
-25
-54
-64
40
55
-51
-116
-76
16
-19
-78
39
86
-39
-66
-43
-26
-2
21
94
79
-31
-17
25
10
71
30
33
62
-2
7
41
87
30
1
21
-5
92
15
-30
72
91
6
11
40
13
56
48
30
46
-19
3
78
103
71
52
-35
-92
-1
90
122
140
56
-69
-90
-25
53
89
60
15
-5
8
-33
-14
39
42
50
72
15
-52
0
31
32
-23
83
59
-101
6
35
-8
-9
0
2
10
28
40
0
-25
24
-29
-53
6
-16
-2
-1
-20
-70
-63
-40
-49
21
-19
-79
-10
11
-81
-180
-59
3
-98
-112
-20
-30
-144
-166
-79
-35
-66
-69
-72
-60
-95
-86
-30
21
4
-20
-60
-39
57
18
-11
13
-30
-81
-13
147
169
65
-79
-111
-15
96
202
210
179
-22
-142
-31
144
254
228
132
11
-48
35
118
175
158
71
-25
-37
-2
86
117
103
118
20
-37
-44
-11
-12
5
63
1
-56
-54
-20
-56
-76
11
9
-46
-29
21
-18
-87
-60
-43
-18
12
19
5
-36
-74
-80
-13
26
11
-53
-70
-129
-133
-55
-45
-24
-56
-58
-69
-94
-64
-59
-40
-22
-26
-49
-42
-48
-111
-81
-26
-14
-35
-44
-42
-46
-83
-63
-3
-9
-3
6
3
12
12
15
19
39
70
47
24
60
18
-16
51
122
58
-12
22
52
68
45
99
119
45
29
36
64
84
62
64
83
36
6
59
62
54
62
40
14
4
59
66
41
63
47
-30
-24
47
69
25
43
79
-3
-27
-10
43
60
17
11
25
52
22
57
93
29
31
3
15
9
8
10
-23
-50
-42
49
35
16
11
-4
-5
18
30
35
-14
-54
-51
-43
-82
-87
-53
-27
-24
-57
-71
-102
-87
-65
-36
-43
-21
-60
-112
-99
-89
-67
-60
-27
-24
-65
-107
-109
-108
-97
-30
-38
-37
-25
-92
-85
-71
-84
-100
-150
-165
-203
-229
-235
-246
-279
-297
-238
-217
-178
-148
-139
-104
-140
-162
-132
-107
-88
-70
-86
-80
-24
-54
-91
-11
52
110
107
119
133
142
256
311
379
476
525
526
517
520
552
596
647
666
616
560
498
406
334
320
277
173
84
-23
-171
-273
-367
-411
-420
-497
-495
-532
-587
-606
-583
-575
-527
-406
-363
-355
-351
-410
-482
-378
-146
-44
17
111
89
56
78
168
288
440
607
694
817
1032
1278
1515
1763
1974
1956
1890
1893
1720
1417
1091
718
162
-356
-723
-1103
-1299
-1399
-1461
-1537
-1603
-1568
-1547
-1468
-1294
-1102
-1000
-868
-659
-662
-785
-822
-892
-949
-897
-789
-833
-875
-859
-940
-973
-835
-551
-356
-152
137
283
340
512
761
840
882
1097
1417
1816
2091
2182
2128
1896
1684
1615
1641
1567
1358
993
383
-344
-1080
-1554
-1647
-1502
-1237
-1029
-1046
-1230
-1315
-1269
-1075
-638
-158
87
89
-56
-324
-684
-862
-806
-695
-573
-568
-721
-952
-1113
-1048
-741
-217
269
480
526
506
462
465
667
1029
1278
1290
1113
743
248
100
626
1385
1876
2151
2154
1773
1429
1469
1707
1869
1895
1649
978
7
-844
-1397
-1537
-1276
-931
-851
-1054
-1343
-1582
-1640
-1427
-929
-436
-109
-33
-254
-668
-1011
-1139
-1040
-744
-520
-489
-610
-781
-980
-1073
-782
-202
226
447
509
292
2
-33
53
62
163
299
193
-101
-392
-668
-673
-17
1036
1797
2202
2451
2352
2053
2135
2488
2615
2515
2175
1347
122
-1006
-1742
-2099
-2042
-1736
-1598
-1723
-1918
-2000
-1990
-1772
-1141
-398
114
401
341
-53
-502
-692
-610
-432
-125
46
-131
-561
-1010
-1300
-1278
-743
-84
237
277
157
-134
-320
-198
36
397
754
858
652
240
-119
-318
-168
470
1399
2132
2391
2359
2118
1800
1801
2109
2355
2247
1692
767
-367
-1385
-2021
-2204
-2045
-1686
-1378
-1374
-1550
-1578
-1439
-1047
-368
235
608
795
690
250
-190
-397
-479
-506
-424
-504
-824
-1027
-1076
-1102
-972
-469
68
275
349
395
356
275
338
483
512
433
308
110
-228
-426
-396
-397
-351
54
761
1349
1693
1941
2127
2272
2420
2626
2676
2311
1690
995
147
-811
-1533
-1839
-1919
-1906
-1844
-1792
-1738
-1593
-1228
-792
-367
99
473
636
661
578
302
-96
-405
-611
-850
-1077
-1251
-1432
-1561
-1563
-1347
-840
-359
-108
48
179
237
417
788
951
778
520
198
-241
-474
-435
-433
-401
-295
-345
-375
157
1044
1691
2261
2780
2822
2523
2532
2673
2302
1614
947
144
-867
-1736
-2240
-2533
-2546
-2192
-1870
-1747
-1533
-1121
-726
-309
182
642
1023
1253
1049
424
-206
-650
-943
-1133
-1230
-1401
-1640
-1741
-1680
-1577
-1168
-410
227
593
837
1052
1205
1354
1453
1292
965
720
507
119
-259
-394
-381
-424
-503
-346
254
1151
1919
2417
2748
2842
2707
2669
2708
2365
1639
919
140
-897
-1964
-2639
-2832
-2786
-2580
-2248
-1985
-1772
-1292
-645
-109
379
878
1167
1088
764
287
-315
-859
-1181
-1412
-1644
-1799
-1874
-1933
-1906
-1636
-1094
-364
330
816
1143
1386
1504
1541
1581
1495
1203
867
486
-72
-529
-643
-622
-680
-761
-626
-27
918
1779
2363
2717
2778
2636
2572
2491
2116
1493
820
-58
-1235
-2311
-2967
-3213
-3140
-2837
-2433
-2038
-1629
-1083
-477
44
589
1209
1562
1497
1242
832
215
-382
-752
-1053
-1364
-1557
-1703
-1885
-1987
-1733
-1050
-256
372
879
1340
1674
1843
1949
1941
1704
1363
1027
573
-96
-639
-893
-1014
-1118
-1265
-1373
-993
85
1228
1955
2453
2710
2545
2287
2255
2213
1890
1441
803
-305
-1675
-2704
-3121
-3108
-2760
-2194
-1670
-1264
-883
-450
-28
416
986
1530
1695
1500
1161
538
-339
-1023
-1429
-1792
-2027
-2129
-2267
-2371
-2252
-1809
-1033
-141
602
1252
1798
2075
2160
2175
2024
1672
1252
701
-28
-682
-1086
-1274
-1357
-1448
-1503
-1378
-783
346
1496
2258
2765
3039
2878
2623
2695
2778
2433
1749
801
-537
-2009
-3034
-3405
-3348
-3016
-2399
-1777
-1434
-1142
-652
-130
374
1031
1650
1884
1785
1405
610
-376
-1142
-1563
-1769
-1905
-2088
-2303
-2366
-2259
-1934
-1232
-258
746
1632
2226
2431
2400
2284
2100
1873
1538
1042
523
33
-514
-1080
-1475
-1766
-1953
-1677
-802
325
1291
1985
2424
2467
2255
2310
2730
2934
2517
1686
623
-684
-2002
-2776
-2905
-2716
-2284
-1733
-1445
-1399
-1154
-640
-74
552
1243
1702
1769
1515
910
-27
-895
-1412
-1619
-1731
-1916
-2130
-2277
-2289
-2134
-1677
-875
118
1131
1925
2280
2328
2296
2177
1993
1757
1311
680
111
-474
-1213
-1861
-2213
-2403
-2455
-2113
-1263
-144
888
1708
2266
2399
2308
2550
3055
3169
2704
1902
879
-366
-1582
-2380
-2647
-2555
-2242
-1830
-1562
-1434
-1128
-626
-170
309
898
1360
1477
1299
808
57
-657
-1039
-1205
-1399
-1658
-1855
-1936
-1907
-1716
-1215
-398
546
1412
2028
2304
2363
2411
2297
1935
1500
990
267
-475
-1090
-1663
-2151
-2404
-2428
-2298
-1961
-1276
-173
1043
1995
2642
3005
3066
3150
3475
3632
3275
2527
1505
251
-1068
-2177
-2855
-3065
-2900
-2566
-2240
-1949
-1646
-1311
-855
-224
403
957
1415
1546
1251
699
68
-521
-949
-1215
-1437
-1673
-1785
-1696
-1518
-1292
-785
95
998
1619
2010
2246
2270
2115
1870
1527
1006
366
-236
-779
-1359
-1882
-2185
-2224
-2114
-1934
-1470
-512
698
1710
2506
3033
3211
3222
3324
3388
3125
2447
1451
302
-958
-2237
-3185
-3556
-3530
-3328
-2972
-2521
-2138
-1777
-1228
-473
259
899
1451
1722
1552
1131
661
146
-288
-554
-786
-1092
-1359
-1433
-1415
-1356
-998
-206
649
1166
1449
1663
1695
1542
1423
1310
966
398
-166
-648
-1073
-1412
-1569
-1565
-1439
-1287
-1090
-598
346
1459
2284
2752
2940
2863
2681
2698
2748
2360
1492
509
-532
-1753
-2815
-3330
-3367
-3125
-2651
-2046
-1518
-1116
-626
20
646
1157
1605
1963
2044
1797
1303
653
14
-455
-788
-1170
-1583
-1784
-1752
-1704
-1583
-1077
-246
470
913
1258
1491
1541
1529
1577
1457
958
348
-101
-489
-908
-1273
-1479
-1542
-1533
-1521
-1286
-572
387
1187
1795
2210
2254
2202
2466
2760
2539
1847
1014
115
-938
-1916
-2572
-2822
-2732
-2387
-1962
-1661
-1411
-992
-390
165
584
970
1341
1527
1440
1099
593
44
-379
-641
-944
-1359
-1636
-1614
-1514
-1427
-1058
-352
324
742
1027
1177
1171
1224
1358
1309
910
339
-172
-539
-828
-1111
-1332
-1368
-1295
-1270
-1212
-802
70
1086
1896
2356
2488
2475
2616
2903
2907
2379
1580
721
-215
-1213
-2018
-2395
-2363
-2109
-1810
-1548
-1318
-991
-521
-36
412
809
1150
1420
1432
1088
589
173
-155
-428
-713
-1104
-1499
-1695
-1668
-1527
-1271
-764
-77
445
643
673
713
785
932
1094
962
449
-126
-506
-728
-895
-1021
-1024
-926
-910
-1012
-1011
-611
209
1121
1759
2035
2124
2208
2353
2490
2357
1814
1083
367
-441
-1359
-2059
-2311
-2214
-1928
-1551
-1247
-1017
-707
-341
-45
224
570
954
1201
1178
852
400
7
-284
-501
-752
-1135
-1435
-1458
-1364
-1294
-1025
-412
217
551
668
756
807
910
1139
1253
956
460
161
16
-205
-471
-646
-730
-802
-929
-1068
-1002
-456
416
1141
1562
1820
1936
2003
2178
2273
2016
1500
1010
487
-236
-1032
-1560
-1678
-1560
-1326
-1056
-845
-758
-655
-447
-269
-128
167
540
668
491
218
-92
-427
-632
-721
-898
-1114
-1091
-859
-700
-610
-329
128
428
478
490
499
481
565
680
486
20
-321
-405
-439
-546
-630
-678
-727
-782
-895
-1006
-799
-75
843
1458
1722
1851
1901
1930
1977
1897
1622
1234
796
265
-431
-1158
-1576
-1545
-1305
-1076
-925
-831
-723
-594
-487
-382
-171
116
370
468
388
185
-64
-267
-414
-619
-843
-932
-830
-663
-567
-499
-287
20
195
210
242
311
423
571
567
311
-24
-186
-142
-57
-45
-43
-20
-67
-226
-478
-686
-504
159
932
1396
1562
1615
1624
1614
1634
1653
1565
1339
1078
740
161
-495
-852
-831
-740
-679
-581
-456
-451
-573
-673
-732
-702
-554
-359
-279
-370
-501
-610
-770
-941
-1028
-1041
-949
-692
-366
-220
-197
25
338
380
263
260
338
454
547
456
168
-72
-121
-70
-75
-129
-144
-130
-226
-463
-676
-740
-592
-178
399
824
1011
1184
1389
1491
1542
1643
1745
1703
1414
988
593
185
-257
-520
-589
-726
-894
-955
-1067
-1298
-1471
-1469
-1339
-1178
-1048
-863
-628
-505
-486
-433
-367
-347
-255
-57
145
261
270
262
265
226
160
113
46
-62
-72
-27
-132
-220
-101
100
232
345
444
433
319
158
11
-93
-141
-124
23
249
471
676
869
1065
1233
1345
1441
1531
1495
1283
992
752
533
246
-56
-273
-467
-761
-1036
-1200
-1298
-1356
-1342
-1267
-1222
-1202
-1073
-810
-573
-426
-278
-145
-88
-47
74
186
189
178
139
77
76
92
28
-112
-204
-190
-129
-10
165
323
453
550
587
531
431
384
347
201
33
-72
-161
-274
-273
-90
105
239
444
694
809
866
1033
1155
1090
944
843
780
623
317
-1
-284
-556
-822
-1047
-1174
-1204
-1221
-1271
-1255
-1165
-1065
-897
-648
-438
-292
-205
-128
-21
57
21
-44
-100
-228
-323
-277
-199
-211
-235
-196
-130
-71
86
303
471
561
690
834
825
688
625
606
417
125
-36
-117
-272
-422
-466
-405
-276
-119
72
287
452
642
904
1124
1194
1196
1179
1107
946
675
356
86
-190
-532
-810
-954
-1009
-1069
-1124
-1075
-964
-868
-776
-595
-380
-261
-154
45
195
97
-105
-203
-252
-373
-401
-263
-140
-70
-16
24
7
22
149
309
451
634
791
794
656
507
381
250
117
24
-21
-112
-225
-352
-542
-684
-599
-341
-54
220
500
718
868
992
1086
1111
1042
924
849
703
359
3
-255
-499
-717
-756
-681
-687
-736
-720
-661
-649
-665
-572
-366
-165
-22
49
19
-98
-244
-368
-470
-499
-444
-351
-263
-190
-145
-86
13
97
163
237
365
492
503
440
371
318
282
203
112
32
-57
-139
-237
-372
-490
-535
-503
-348
-73
156
298
492
692
785
825
869
894
848
701
507
323
123
-82
-208
-264
-332
-372
-377
-358
-318
-334
-358
-294
-199
-170
-141
-96
-96
-145
-199
-260
-324
-368
-390
-402
-398
-384
-377
-358
-272
-157
-90
-43
22
60
96
160
212
255
328
360
310
268
241
169
89
67
17
-49
-72
-76
-52
20
124
242
330
380
416
434
440
442
422
376
290
167
90
67
46
-33
-79
-65
-42
-59
-91
-104
-115
-124
-134
-138
-191
-289
-353
-366
-396
-439
-452
-428
-443
-484
-501
-482
-443
-354
-255
-155
-46
-2
-4
41
90
83
134
246
288
265
264
273
249
220
208
201
204
229
253
251
236
205
157
125
114
111
147
195
213
196
190
225
268
301
334
368
389
404
387
329
293
295
277
251
227
176
103
1
-145
-264
-294
-314
-327
-312
-318
-361
-417
-500
-574
-559
-532
-552
-576
-563
-559
-580
-553
-472
-432
-418
-357
-305
-294
-269
-218
-161
-44
96
190
230
257
300
335
333
313
276
196
84
-22
-158
-300
-365
-339
-262
-197
-125
3
161
303
461
617
713
742
749
751
716
632
526
457
393
273
145
55
-12
-86
-165
-235
-262
-249
-258
-261
-245
-225
-221
-237
-277
-346
-393
-399
-395
-405
-417
-414
-385
-341
-315
-292
-224
-111
27
175
290
371
467
570
634
660
666
621
507
370
217
41
-114
-223
-294
-322
-352
-373
-316
-157
10
145
312
489
616
693
746
752
690
611
575
519
395
254
158
82
-17
-117
-173
-169
-164
-190
-258
-311
-348
-391
-445
-508
-569
-619
-672
-713
-759
-823
-861
-842
-773
-703
-637
-545
-418
-277
-144
-37
57
154
261
375
425
399
369
350
299
202
102
24
-37
-110
-158
-181
-217
-230
-176
-79
2
66
185
368
507
575
630
725
778
772
741
697
623
535
469
402
328
249
209
216
210
122
25
-15
-51
-192
-345
-418
-470
-557
-626
-641
-661
-684
-681
-641
-601
-586
-576
-524
-452
-398
-365
-298
-206
-122
-66
-22
8
30
43
39
39
42
39
49
88
92
57
32
61
118
150
173
238
302
334
366
392
371
373
468
559
542
517
544
584
578
547
550
581
571
543
554
525
420
319
254
163
34
-91
-175
-241
-334
-445
-502
-533
-594
-630
-617
-613
-641
-648
-608
-558
-543
-522
-453
-358
-303
-296
-282
-224
-184
-206
-209
-167
-147
-132
-68
-21
-23
-26
45
141
191
217
260
316
333
328
335
332
322
330
320
246
137
88
160
269
304
350
461
553
581
581
585
567
499
407
345
265
113
-36
-110
-167
-255
-349
-408
-423
-456
-553
-626
-637
-680
-715
-669
-604
-573
-554
-534
-508
-505
-562
-606
-586
-574
-610
-592
-508
-409
-354
-334
-273
-161
-44
85
222
317
401
486
577
647
667
679
710
718
636
527
451
422
398
383
375
343
359
472
590
654
690
710
695
641
592
533
451
370
307
257
191
38
-112
-181
-241
-320
-386
-424
-432
-441
-502
-538
-513
-500
-515
-491
-475
-534
-635
-704
-746
-794
-839
-817
-712
-635
-620
-565
-425
-256
-123
-27
79
194
289
367
466
558
610
656
700
666
553
489
481
474
447
414
380
360
358
353
336
301
306
352
385
355
330
335
341
359
383
379
305
198
100
52
-22
-164
-247
-253
-286
-363
-428
-459
-450
-479
-540
-564
-595
-721
-847
-878
-913
-960
-951
-877
-831
-819
-794
-701
-546
-401
-288
-149
11
128
189
221
287
382
455
498
526
545
574
608
650
675
655
633
635
619
563
478
391
310
205
98
10
-39
-22
64
139
164
201
270
328
373
423
439
399
322
261
220
115
-40
-133
-162
-219
-296
-397
-506
-591
-708
-829
-852
-842
-856
-844
-768
-734
-736
-699
-601
-484
-417
-383
-302
-184
-128
-90
27
181
269
302
324
356
404
454
517
616
716
770
822
881
873
789
682
585
486
382
267
181
124
57
-5
-55
-53
37
161
243
313
390
447
495
565
592
523
394
277
200
90
-95
-260
-357
-452
-560
-670
-757
-806
-841
-882
-906
-900
-890
-842
-750
-680
-652
-635
-607
-556
-515
-474
-402
-279
-159
-80
-23
73
192
258
296
340
402
500
613
696
746
750
704
639
573
459
332
265
209
155
90
-1
-79
-107
-122
-136
-75
74
248
369
446
510
539
542
575
603
527
376
213
80
-66
-262
-452
-569
-640
-729
-818
-880
-923
-956
-960
-920
-866
-831
-789
-711
-652
-645
-623
-539
-437
-372
-303
-197
-96
-25
43
170
322
463
577
691
764
765
759
800
804
730
651
637
653
598
496
416
343
257
179
98
28
-29
-55
-53
-2
113
277
433
549
654
716
710
720
773
742
588
415
279
134
-79
-293
-437
-554
-705
-811
-847
-896
-971
-1010
-986
-956
-967
-948
-821
-684
-603
-507
-386
-286
-216
-185
-159
-106
-42
52
173
304
428
519
514
467
425
351
316
384
476
490
454
409
386
337
220
117
91
64
16
-22
-79
-123
-157
-172
-69
135
295
398
506
591
617
603
619
674
627
442
278
163
-42
-304
-470
-570
-705
-845
-936
-990
-1065
-1145
-1151
-1068
-979
-916
-812
-641
-500
-459
-395
-281
-185
-100
10
106
169
210
240
308
390
382
331
356
378
360
368
399
440
470
447
411
397
353
337
345
311
251
221
152
61
-18
-96
-149
-88
84
279
430
496
568
665
714
738
823
827
675
468
291
101
-145
-373
-493
-597
-781
-936
-1013
-1071
-1121
-1097
-1005
-863
-753
-668
-544
-414
-343
-258
-121
8
120
189
198
186
180
160
180
282
364
361
324
285
258
283
327
367
409
453
474
452
414
376
369
354
316
240
126
-16
-108
-168
-258
-276
-77
231
439
546
640
702
726
790
889
908
752
519
321
97
-234
-558
-703
-775
-926
-1047
-1081
-1139
-1199
-1177
-1099
-984
-845
-704
-537
-377
-333
-337
-271
-229
-213
-158
-107
-98
-54
-19
-37
19
100
115
75
47
26
79
219
316
382
428
441
423
398
336
285
275
243
202
152
0
-180
-239
-240
-231
-54
279
553
688
781
834
828
860
1007
1119
997
687
412
197
-107
-421
-542
-547
-643
-750
-803
-902
-1036
-1056
-948
-779
-657
-571
-441
-323
-328
-362
-330
-295
-247
-127
-53
-66
-59
9
77
111
154
208
241
241
255
317
390
429
476
543
567
489
406
384
319
223
165
131
45
-81
-184
-227
-253
-239
27
462
735
810
928
1035
1018
1028
1168
1226
1040
682
374
105
-280
-589
-622
-617
-777
-865
-853
-917
-1041
-1040
-926
-770
-629
-504
-401
-380
-410
-396
-379
-429
-439
-335
-267
-311
-331
-273
-246
-227
-91
52
63
45
114
181
226
254
293
394
478
444
395
362
238
132
95
3
-132
-228
-327
-405
-408
-349
-61
396
659
739
852
917
909
1002
1161
1189
1032
726
413
97
-278
-570
-607
-580
-644
-705
-769
-875
-971
-979
-904
-762
-608
-455
-372
-367
-400
-403
-419
-424
-373
-277
-211
-210
-192
-134
-89
6
221
357
340
322
353
382
448
497
504
537
598
584
490
350
233
187
122
6
-100
-224
-369
-405
-357
-298
-48
421
800
939
990
1049
1059
1102
1257
1398
1278
917
550
230
-174
-536
-618
-557
-605
-726
-787
-872
-992
-1019
-932
-822
-710
-562
-441
-437
-512
-528
-492
-508
-492
-371
-306
-348
-340
-254
-262
-279
-87
184
230
147
173
264
308
365
483
545
514
455
415
339
207
144
140
39
-121
-237
-366
-483
-476
-356
-207
96
545
870
969
1001
1059
1094
1175
1338
1402
1173
771
408
79
-287
-555
-577
-530
-605
-710
-793
-947
-1089
-1077
-977
-879
-771
-655
-572
-552
-587
-603
-586
-564
-451
-294
-271
-296
-227
-181
-214
-170
-41
63
131
199
264
293
291
350
462
532
528
509
477
408
326
220
95
-20
-109
-210
-313
-356
-342
-270
-40
387
798
1001
1083
1163
1174
1171
1314
1475
1363
979
596
296
-59
-384
-484
-472
-588
-674
-682
-849
-1112
-1171
-1062
-973
-855
-685
-562
-544
-532
-499
-519
-593
-504
-257
-169
-237
-201
-150
-205
-181
-5
119
103
136
273
363
330
360
497
552
505
491
478
412
356
338
262
86
-70
-115
-140
-231
-269
-197
-89
101
454
794
931
944
986
1029
1035
1135
1269
1135
749
404
149
-183
-446
-500
-541
-665
-735
-766
-920
-1113
-1160
-1077
-1002
-909
-759
-652
-619
-567
-539
-613
-663
-529
-309
-212
-232
-218
-202
-257
-224
-35
98
117
211
347
377
365
440
554
612
575
528
505
427
330
285
216
87
15
-6
-62
-139
-199
-193
-115
42
319
654
826
852
911
945
970
1086
1164
1021
709
364
80
-176
-394
-513
-563
-640
-712
-795
-973
-1124
-1178
-1165
-1086
-954
-832
-721
-616
-558
-531
-546
-558
-411
-225
-168
-164
-117
-126
-142
-86
11
107
225
361
443
468
485
558
636
688
689
667
604
540
489
398
266
196
196
161
89
-1
-92
-138
-104
-9
235
568
783
856
911
921
899
955
1030
977
743
445
250
39
-256
-464
-562
-673
-765
-833
-979
-1130
-1197
-1191
-1141
-1069
-950
-760
-637
-610
-575
-563
-569
-418
-238
-185
-177
-133
-143
-158
-123
-36
147
315
410
440
400
345
424
514
544
564
525
404
309
221
126
78
79
122
179
123
-21
-117
-177
-179
-112
97
417
673
710
740
788
736
761
953
1002
807
609
426
156
-186
-414
-502
-591
-702
-735
-841
-1058
-1141
-1086
-1098
-1091
-918
-727
-640
-594
-550
-542
-545
-433
-243
-127
-102
-36
16
-26
-63
18
192
350
466
520
481
383
407
507
544
566
603
555
440
358
295
240
215
252
296
252
119
-10
-117
-197
-231
-114
198
508
646
705
710
599
571
716
825
780
690
521
228
-134
-427
-604
-685
-714
-678
-738
-967
-1102
-1104
-1145
-1133
-909
-690
-589
-510
-444
-458
-503
-438
-249
-106
-32
76
122
30
-17
66
199
337
484
575
559
456
423
479
506
534
597
588
489
414
350
257
201
218
251
236
115
-41
-179
-276
-308
-250
-53
235
442
516
544
486
419
507
649
683
648
515
248
-67
-356
-592
-718
-754
-740
-740
-875
-1051
-1129
-1165
-1173
-1013
-791
-663
-557
-445
-436
-495
-474
-324
-152
-13
105
164
130
107
143
225
367
534
638
631
539
439
428
464
541
610
571
471
426
333
221
237
301
331
366
315
145
-37
-165
-176
-110
-72
62
338
447
405
415
370
320
486
681
714
645
462
185
-47
-299
-521
-582
-591
-630
-677
-833
-1048
-1148
-1155
-1091
-926
-765
-672
-553
-475
-510
-525
-397
-226
-88
40
133
119
108
199
227
197
313
510
592
574
495
398
384
442
501
519
456
407
416
363
269
273
318
322
341
243
17
-162
-216
-217
-185
-201
-169
24
177
192
243
314
347
478
648
706
650
485
280
126
-128
-414
-476
-471
-577
-636
-724
-954
-1074
-1046
-1023
-950
-822
-698
-560
-501
-537
-447
-307
-259
-128
40
46
61
225
288
227
232
327
424
481
485
433
383
392
445
448
406
411
460
496
486
412
340
309
271
198
82
-58
-151
-166
-171
-212
-295
-300
-112
99
192
322
452
446
474
634
689
584
511
455
293
22
-215
-343
-435
-546
-599
-664
-854
-974
-933
-928
-954
-833
-672
-597
-530
-436
-349
-284
-222
-120
-14
32
96
247
321
267
281
382
428
444
448
375
307
329
346
327
334
344
361
399
371
291
258
251
211
146
37
-91
-167
-191
-197
-236
-331
-344
-157
34
123
240
343
349
403
530
554
488
461
424
305
79
-153
-293
-390
-490
-556
-642
-772
-808
-793
-839
-836
-745
-665
-560
-421
-357
-324
-215
-107
-48
-1
46
120
243
341
335
302
346
414
425
396
302
227
262
318
334
377
405
393
415
395
291
236
264
241
202
132
-16
-139
-188
-227
-297
-370
-355
-171
2
66
166
254
252
310
435
462
440
444
385
237
46
-152
-283
-358
-429
-505
-586
-647
-677
-709
-756
-742
-679
-598
-478
-362
-331
-309
-191
-124
-145
-93
19
59
157
305
273
187
259
328
302
313
305
277
342
406
421
472
490
475
519
516
408
355
344
260
167
86
-22
-108
-173
-238
-299
-365
-383
-273
-146
-62
51
154
172
155
205
277
307
297
298
258
86
-85
-169
-280
-393
-402
-401
-442
-471
-513
-559
-578
-562
-505
-440
-384
-316
-275
-272
-279
-280
-248
-175
-117
-46
53
50
19
92
155
157
229
303
317
392
487
538
602
637
633
665
652
569
526
466
346
275
201
64
-34
-100
-198
-268
-320
-391
-398
-310
-215
-143
-74
-37
-42
-29
52
127
132
142
162
108
-1
-78
-145
-188
-185
-164
-159
-195
-241
-269
-318
-344
-319
-291
-256
-199
-206
-259
-270
-265
-273
-249
-199
-166
-137
-130
-112
-66
-5
95
219
273
302
377
432
470
558
618
620
628
625
539
444
392
358
317
261
184
74
-35
-122
-192
-272
-328
-373
-397
-387
-359
-326
-296
-257
-207
-159
-112
-55
8
58
81
64
55
60
47
19
19
32
17
4
-23
-66
-127
-169
-180
-173
-187
-228
-242
-255
-307
-332
-321
-336
-359
-306
-278
-304
-266
-159
-77
12
143
212
246
304
367
410
482
558
602
610
572
514
474
434
398
371
322
251
176
80
-24
-113
-194
-251
-274
-296
-315
-328
-345
-353
-332
-292
-249
-197
-142
-85
-41
-14
15
45
73
99
116
140
162
149
134
145
124
77
63
59
26
3
-38
-110
-184
-230
-256
-283
-312
-317
-309
-334
-319
-241
-181
-143
-56
2
16
55
103
140
197
255
304
363
380
369
370
345
306
299
279
247
232
190
109
38
-43
-110
-132
-151
-169
-164
-183
-219
-228
-220
-222
-212
-198
-164
-110
-82
-64
-26
10
34
66
85
83
74
80
99
110
109
120
111
88
69
6
-97
-150
-176
-231
-253
-243
-266
-298
-279
-255
-247
-216
-142
-79
-44
-16
10
40
73
127
178
215
270
331
348
329
303
290
277
264
272
277
240
197
159
87
1
-37
-44
-69
-85
-120
-185
-222
-233
-256
-269
-254
-246
-225
-168
-117
-101
-66
-19
-10
-4
25
39
54
91
112
124
143
146
137
132
83
19
-15
-53
-90
-95
-92
-112
-118
-110
-124
-133
-109
-80
-70
-41
-12
-13
9
57
83
95
136
178
209
242
264
258
232
199
192
200
191
163
138
108
61
1
-57
-89
-116
-148
-159
-181
-234
-272
-270
-273
-279
-266
-251
-217
-165
-124
-86
-65
-69
-47
-10
0
21
74
93
100
136
156
146
148
127
57
15
5
-12
-20
-16
-42
-70
-78
-90
-119
-132
-115
-89
-76
-59
-44
-40
-6
46
81
101
129
155
184
216
219
192
169
168
164
153
133
100
80
64
34
3
-14
-45
-80
-98
-111
-137
-158
-159
-160
-160
-158
-148
-115
-87
-71
-46
-18
-18
3
36
27
29
71
94
96
115
120
117
116
93
39
-4
-21
-15
-5
-20
-48
-66
-76
-89
-103
-120
-124
-103
-78
-63
-53
-41
-22
21
65
83
90
119
132
125
132
132
105
101
115
108
83
67
56
43
24
16
13
-14
-36
-35
-53
-93
-99
-98
-124
-126
-114
-125
-113
-75
-73
-80
-48
-30
-27
7
25
15
29
60
65
67
72
72
69
55
35
14
-10
-21
-11
-16
-45
-53
-48
-55
-67
-78
-93
-96
-81
-67
-56
-60
-48
-5
19
25
36
40
52
71
75
64
65
79
93
95
83
71
65
73
72
54
41
39
37
24
2
-28
-43
-43
-49
-61
-76
-85
-76
-59
-65
-72
-58
-35
-14
-3
3
1
9
21
27
30
35
37
32
33
24
10
10
15
11
3
-3
-14
-19
-30
-49
-56
-68
-82
-78
-76
-85
-90
-73
-47
-26
-13
-1
13
14
20
36
30
33
68
93
89
89
82
78
92
92
84
86
92
88
83
73
38
20
24
16
-1
-16
-24
-15
-14
-30
-34
-33
-28
-5
6
-6
-8
4
13
13
2
-2
2
1
-9
-11
-25
-32
-20
-18
-29
-31
-37
-47
-51
-63
-81
-90
-94
-104
-111
-117
-114
-103
-90
-65
-46
-35
-17
-10
-12
-2
9
16
51
81
87
99
109
97
105
121
118
115
127
119
105
94
73
45
26
19
6
-15
-30
-25
-29
-35
-37
-43
-45
-28
-12
-15
-14
-7
-7
-11
-12
-21
-31
-30
-22
-22
-29
-24
-12
-13
-22
-32
-36
-44
-51
-56
-70
-83
-89
-94
-109
-117
-116
-111
-99
-76
-62
-57
-42
-25
-25
-24
-9
8
28
63
87
98
108
110
111
120
126
129
142
150
139
129
114
90
69
63
56
40
32
30
32
24
14
11
0
-6
8
12
1
-2
0
-8
-22
-30
-38
-41
-40
-36
-37
-38
-31
-22
-29
-45
-48
-62
-75
-72
-81
-97
-96
-97
-113
-124
-125
-125
-117
-101
-83
-70
-61
-43
-28
-30
-21
9
26
53
98
123
131
147
157
157
168
183
196
201
201
195
178
146
132
119
94
83
77
63
55
55
40
17
-3
-15
-27
-32
-38
-43
-49
-62
-71
-90
-112
-117
-123
-133
-128
-127
-132
-123
-122
-133
-134
-137
-150
-150
-155
-162
-156
-152
-159
-163
-165
-164
-161
-149
-136
-120
-101
-79
-57
-49
-37
-6
20
48
86
116
137
166
184
191
193
200
211
218
218
218
207
189
182
168
144
127
126
116
110
111
102
80
60
49
32
16
9
9
5
-5
-16
-33
-58
-76
-87
-96
-95
-87
-86
-80
-79
-86
-91
-91
-96
-101
-105
-107
-110
-110
-112
-121
-130
-135
-131
-125
-119
-105
-80
-61
-41
-22
-13
2
32
58
82
114
136
153
169
176
166
167
172
171
177
184
175
162
151
130
108
90
81
76
70
67
63
47
20
8
-8
-30
-31
-32
-40
-45
-52
-69
-91
-113
-122
-126
-132
-126
-116
-116
-112
-111
-121
-127
-123
-130
-138
-138
-140
-140
-139
-146
-154
-157
-159
-146
-136
-127
-100
-74
-54
-34
-20
-13
12
38
59
94
125
139
163
179
169
165
175
179
188
200
200
195
184
164
149
134
122
122
123
118
112
101
81
62
43
27
22
16
9
4
-10
-35
-58
-78
-95
-107
-118
-118
-119
-126
-129
-137
-155
-161
-163
-172
-177
-180
-180
-174
-171
-173
-169
-167
-160
-144
-128
-111
-84
-54
-32
-9
6
21
45
69
94
126
156
177
200
207
206
211
212
211
220
228
225
224
216
195
175
162
150
145
141
134
123
109
92
71
54
38
24
14
3
-19
-45
-70
-97
-122
-142
-159
-172
-178
-186
-198
-205
-212
-221
-224
-225
-229
-226
-219
-218
-214
-206
-198
-187
-171
-157
-144
-121
-99
-77
-52
-24
0
22
48
73
95
120
147
169
190
209
217
220
223
223
220
216
214
206
198
188
173
155
140
132
123
119
116
103
96
85
66
53
41
23
12
5
-15
-36
-61
-88
-108
-129
-141
-149
-163
-175
-180
-191
-202
-205
-214
-218
-208
-204
-206
-196
-196
-195
-180
-168
-159
-140
-116
-95
-70
-49
-25
2
26
50
78
99
121
147
160
175
194
203
210
211
205
203
200
187
178
169
156
149
141
122
112
110
98
91
89
79
72
71
58
43
33
19
7
-5
-20
-38
-54
-72
-95
-113
-129
-142
-154
-170
-183
-195
-205
-212
-219
-226
-222
-214
-216
-214
-209
-205
-188
-167
-147
-124
-99
-75
-49
-21
0
29
62
92
120
149
171
187
202
216
224
236
242
244
241
235
227
210
192
176
166
151
142
126
112
102
91
79
73
66
57
55
44
30
19
6
-10
-22
-39
-55
-69
-92
-113
-134
-153
-168
-179
-198
-215
-226
-239
-245
-247
-251
-250
-240
-235
-228
-219
-211
-193
-168
-145
-121
-91
-67
-41
-15
6
31
64
95
123
151
169
180
193
202
206
216
222
222
222
213
199
184
166
153
142
130
121
109
95
85
75
67
62
59
59
53
46
34
20
8
-2
-14
-31
-48
-64
-85
-106
-125
-146
-164
-175
-193
-212
-222
-229
-235
-234
-229
-227
-215
-204
-196
-185
-168
-153
-125
-96
-73
-42
-15
7
31
53
73
105
133
155
177
186
192
203
208
209
214
219
216
215
203
184
171
157
146
139
128
113
105
91
76
67
62
54
55
52
39
28
12
-8
-19
-30
-43
-53
-71
-94
-111
-134
-155
-168
-182
-194
-203
-215
-228
-235
-242
-239
-229
-224
-211
-197
-186
-169
-147
-131
-107
-76
-51
-24
4
25
44
70
93
116
146
167
180
192
200
205
212
211
216
219
213
207
197
179
168
159
146
136
125
109
95
79
62
47
38
27
19
9
-7
-20
-33
-54
-69
-82
-94
-104
-119
-138
-151
-168
-183
-191
-202
-211
-215
-220
-226
-225
-223
-217
-206
-194
-183
-166
-152
-135
-116
-99
-75
-47
-23
0
26
44
63
86
104
120
142
157
170
181
188
196
200
205
210
212
206
204
199
190
186
181
174
166
154
142
127
115
97
82
71
54
43
29
9
-10
-26
-46
-62
-78
-94
-108
-125
-141
-157
-172
-183
-193
-198
-204
-209
-209
-210
-207
-200
-193
-180
-166
-150
-135
-120
-102
-83
-61
-39
-18
3
21
41
61
75
90
103
117
133
144
151
158
161
164
165
164
162
161
159
155
150
145
138
131
124
113
105
91
79
68
52
39
26
11
-3
-16
-34
-51
-66
-81
-99
-111
-125
-140
-150
-163
-175
-183
-191
-195
-196
-199
-197
-191
-186
-177
-166
-154
-137
-120
-104
-86
-66
-47
-24
-3
14
33
53
70
88
105
120
135
148
157
163
168
173
180
182
180
181
178
175
172
167
161
155
150
140
133
122
106
94
81
63
49
32
14
-3
-23
-40
-57
-72
-88
-104
-121
-138
-152
-167
-181
-189
-197
-204
-207
-211
-211
-212
-208
-200
-190
-178
-162
-146
-130
-113
-95
-76
-57
-35
-12
9
29
47
63
80
93
109
121
133
145
151
156
161
165
168
171
172
171
170
168
166
162
159
155
148
142
135
126
114
102
88
72
59
43
26
9
-11
-30
-47
-65
-81
-95
-111
-126
-142
-156
-170
-183
-191
-195
-198
-202
-203
-203
-198
-191
-183
-171
-155
-141
-124
-107
-92
-71
-52
-33
-16
5
22
39
55
69
81
93
106
117
126
132
138
142
146
148
148
149
152
152
148
144
140
136
132
130
121
112
104
95
83
72
55
40
27
12
-6
-23
-39
-57
-73
-89
-102
-115
-130
-141
-151
-163
-173
-181
-183
-187
-186
-184
-179
-172
-165
-156
-143
-130
-112
-93
-76
-57
-37
-20
-1
19
33
47
66
83
93
106
114
125
134
141
147
150
152
152
155
153
151
149
149
146
141
136
129
122
116
110
100
89
81
71
56
43
28
12
-3
-18
-34
-50
-64
-81
-98
-112
-128
-140
-150
-162
-168
-177
-183
-189
-192
-191
-188
-183
-175
-165
-152
-140
-126
-111
-94
-77
-55
-36
-16
2
18
37
52
67
85
97
111
122
129
136
142
149
153
157
157
156
154
151
148
142
140
134
127
120
111
100
88
75
63
51
37
27
12
-6
-23
-39
-53
-67
-82
-93
-107
-119
-129
-142
-155
-162
-167
-174
-177
-179
-179
-176
-172
-167
-157
-146
-133
-118
-105
-89
-71
-54
-38
-17
2
20
39
53
66
81
96
106
118
131
140
147
154
155
156
159
159
160
158
153
151
143
135
129
120
112
104
93
80
67
56
43
29
15
2
-9
-22
-37
-51
-64
-75
-85
-98
-107
-115
-123
-131
-140
-146
-152
-152
-155
-151
-150
-149
-144
-140
-134
-126
-113
-100
-89
-76
-62
-48
-35
-21
-3
14
30
47
58
69
81
90
102
111
121
129
133
136
136
136
137
138
139
138
134
127
120
110
101
93
87
80
67
55
40
27
15
0
-12
-20
-29
-44
-55
-67
-79
-88
-96
-102
-110
-116
-122
-129
-135
-139
-140
-140
-138
-136
-134
-131
-125
-119
-113
-102
-91
-79
-68
-55
-42
-31
-18
-2
16
28
44
55
65
75
85
93
103
110
120
123
125
128
128
127
128
128
128
127
120
113
106
99
88
83
74
63
54
40
24
12
0
-11
-19
-29
-40
-51
-60
-70
-79
-86
-92
-97
-101
-106
-111
-114
-117
-117
-116
-115
-110
-109
-105
-98
-92
-86
-75
-63
-51
-38
-30
-17
-6
7
20
33
47
59
72
78
86
95
101
108
114
116
119
120
119
118
116
116
112
106
101
94
88
80
71
60
50
41
29
15
3
-11
-23
-35
-45
-54
-63
-70
-78
-88
-96
-102
-108
-110
-112
-112
-115
-116
-116
-114
-114
-109
-108
-104
-97
-92
-86
-79
-71
-62
-49
-36
-26
-14
-2
9
20
32
43
54
67
75
84
90
95
101
107
110
111
113
114
114
110
106
102
99
95
89
82
74
66
58
50
40
29
21
9
-4
-15
-27
-36
-47
-57
-63
-71
-79
-84
-91
-95
-100
-102
-103
-105
-106
-104
-101
-100
-97
-92
-90
-84
-77
-71
-66
-58
-48
-40
-28
-18
-8
4
16
26
35
47
56
64
73
83
88
93
99
103
105
109
111
110
111
109
106
102
97
93
88
81
74
67
60
53
45
35
27
19
9
-5
-14
-25
-36
-45
-52
-60
-68
-73
-79
-84
-88
-93
-93
-97
-98
-99
-97
-97
-94
-90
-88
-83
-79
-73
-69
-64
-58
-51
-41
-33
-24
-15
-6
3
11
21
32
42
52
59
65
69
75
79
82
85
87
89
89
88
85
82
81
76
71
65
61
55
46
40
34
27
21
14
4
-4
-12
-21
-29
-39
-47
-54
-61
-68
-73
-75
-79
-81
-81
-83
-85
-85
-85
-85
-82
-81
-77
-74
-67
-62
-57
-50
-45
-38
-31
-23
-16
-8
3
12
19
28
36
45
50
58
64
68
73
76
78
82
84
85
85
86
84
79
77
73
68
63
61
54
50
46
37
30
25
18
12
7
1
-6
-13
-21
-29
-36
-41
-47
-52
-55
-60
-63
-64
-68
-67
-67
-68
-68
-67
-64
-61
-59
-53
-48
-44
-40
-34
-31
-26
-20
-13
-4
3
8
14
20
27
31
37
42
49
54
57
59
61
63
64
63
64
63
61
60
58
50
47
43
39
34
31
25
20
14
8
3
-4
-9
-15
-19
-24
-30
-34
-39
-43
-48
-51
-54
-56
-59
-61
-60
-63
-62
-61
-60
-58
-58
-56
-54
-50
-47
-44
-42
-35
-32
-26
-24
-18
-11
-5
-1
6
11
17
21
25
32
36
42
47
51
53
53
54
57
56
58
57
56
55
54
51
49
43
41
38
34
30
26
23
19
13
10
6
1
-2
-7
-11
-17
-19
-21
-24
-30
-31
-34
-36
-42
-42
-42
-42
-42
-42
-44
-45
-43
-43
-41
-39
-36
-33
-28
-24
-20
-17
-14
-8
-4
0
5
10
13
16
21
24
27
30
33
36
35
38
40
40
42
41
41
41
40
37
35
33
33
29
24
23
21
15
11
7
4
0
-3
-6
-9
-14
-17
-18
-23
-24
-27
-28
-30
-32
-33
-34
-36
-36
-38
-37
-37
-36
-35
-34
-32
-30
-27
-26
-22
-19
-17
-15
-12
-7
-4
-1
4
8
10
11
14
17
20
22
24
27
28
30
30
30
30
29
28
28
25
25
24
22
21
17
14
13
9
5
2
-2
-4
-7
-10
-13
-15
-16
-19
-22
-22
-23
-24
-24
-24
-23
-25
-23
-22
-23
-22
-21
-21
-19
-15
-14
-13
-10
-9
-7
-3
-2
1
4
8
11
15
16
19
21
24
27
29
31
32
33
34
33
35
34
34
34
32
31
29
26
23
21
17
14
13
8
4
1
-2
-4
-6
-9
-11
-15
-19
-20
-24
-26
-27
-27
-28
-28
-28
-29
-29
-29
-28
-28
-28
-27
-26
-25
-25
-22
-21
-21
-17
-15
-14
-11
-10
-9
-8
-7
-3
-1
1
4
6
9
12
14
17
19
20
21
23
23
25
26
27
29
28
27
28
28
26
24
24
22
21
19
17
15
11
10
7
7
4
1
-1
-4
-8
-10
-13
-16
-18
-19
-22
-23
-25
-23
-24
-25
-23
-24
-24
-25
-24
-25
-26
-26
-25
-25
-22
-21
-19
-16
-15
-12
-11
-9
-6
-2
-3
1
3
7
10
13
16
19
23
22
23
24
25
25
24
27
29
28
28
26
27
27
25
25
24
21
19
16
13
11
9
6
4
3
-1
-4
-8
-11
-12
-15
-18
-19
-21
-22
-23
-24
-25
-26
-25
-23
-23
-23
-23
-23
-23
-20
-19
-19
-18
-15
-12
-11
-8
-6
-4
-2
1
4
6
8
11
13
17
17
19
22
23
22
23
22
22
24
24
23
23
21
20
20
20
18
18
18
15
13
11
10
7
4
3
2
-1
-3
-5
-6
-10
-12
-14
-15
-16
-18
-20
-24
-24
-25
-25
-23
-23
-23
-21
-21
-21
-20
-17
-17
-16
-14
-13
-11
-7
-7
-6
-3
-1
1
1
2
3
4
6
10
9
9
9
11
12
12
13
13
13
13
14
14
11
12
11
9
11
10
9
8
8
7
4
3
2
1
1
-1
-1
-2
-2
-4
-5
-7
-7
-8
-8
-9
-11
-10
-11
-9
-10
-10
-11
-7
-7
-9
-6
-4
-5
-5
-3
-4
-4
-1
-1
0
3
3
4
6
7
8
8
10
11
11
11
12
11
11
11
10
9
11
10
9
10
10
8
8
5
6
6
6
7
6
7
6
5
6
6
4
4
2
2
1
-3
-4
-3
-6
-6
-7
-8
-8
-8
-8
-8
-9
-9
-7
-7
-7
-5
-6
-7
-6
-5
-4
-3
-2
-4
-5
-5
-3
-3
-5
-2
-1
-1
0
-3
-1
-1
0
0
1
0
-1
0
-2
-2
-1
-3
-1
-2
-3
-3
-2
-1
-4
-2
-2
1
0
0
0
0
1
0
-2
-1
-2
-2
-4
-4
-6
-5
-5
-7
-7
-7
-6
-8
-7
-7
-5
-4
-4
-3
-1
0
0
1
1
1
2
4
3
3
4
4
4
4
4
5
5
7
5
6
7
6
7
5
6
6
6
9
8
7
7
6
6
5
5
6
6
4
3
5
5
5
6
8
7
7
6
7
7
5
6
5
5
4
3
2
2
0
0
-2
-3
-4
-6
-6
-6
-7
-6
-6
-6
-6
-3
-3
-3
-4
-4
-4
-5
-4
-5
-3
-3
-2
-2
-1
-1
0
0
-1
0
1
2
2
2
2
3
2
2
1
0
1
0
-1
-1
-1
-1
-2
-3
-1
-2
-2
1
1
-1
-1
-1
-1
-4
-3
-4
-4
-7
-8
-8
-9
-9
-11
-11
-12
-10
-11
-12
-9
-11
-9
-8
-8
-7
-7
-6
-5
-3
-4
-2
-1
-1
-1
-2
-2
-1
-1
0
2
2
3
1
4
3
4
3
5
5
7
8
6
8
7
7
6
6
6
6
7
5
7
5
5
6
6
8
7
8
8
8
9
9
7
6
9
8
7
7
7
5
3
3
2
3
-1
-1
-1
-4
-2
-3
-3
-2
-3
-2
-1
-1
-2
-1
-2
-2
-1
0
-1
-1
0
-1
-1
-1
-2
1
2
1
3
2
3
4
3
2
4
5
3
3
3
3
4
3
3
3
3
4
3
2
3
1
3
2
-2
-1
-3
-4
-4
-5
-5
-7
-8
-8
-8
-9
-9
-11
-11
-10
-11
-10
-12
-12
-12
-11
-10
-9
-9
-8
-8
-10
-7
-6
-7
-4
-4
-3
-5
-3
-2
-2
0
1
-1
0
0
-1
-1
2
1
1
2
3
5
3
4
5
4
4
5
3
3
2
2
4
5
4
5
6
6
5
4
5
5
4
4
3
2
2
1
3
4
2
3
1
2
1
-1
-1
-3
-1
-1
0
0
0
1
1
1
3
1
2
1
2
1
2
2
3
2
3
1
3
3
2
2
2
2
2
2
1
2
1
-1
2
1
3
3
2
3
3
2
1
1
2
1
0
1
0
3
3
2
1
2
2
2
2
1
0
1
-1
-1
0
-2
-2
-4
-3
-3
-4
-4
-4
-5
-5
-5
-5
-3
-3
-2
0
-2
-2
-2
1
2
-1
1
2
2
0
3
1
1
0
-1
0
-2
-2
-1
-1
-3
-3
-3
-3
-2
-4
-1
-2
-3
0
-3
-2
-2
-2
-2
-4
-3
-4
-4
-3
-5
-5
-5
-3
-5
-4
-3
-5
-5
-5
-5
-5
-4
-5
-5
-5
-5
-4
-6
-4
-2
-4
-3
-3
-4
-4
-3
-1
-3
-2
-2
0
1
1
1
5
4
6
6
5
7
8
7
7
8
8
8
10
10
11
12
11
11
9
12
11
9
9
8
7
8
8
6
5
6
4
4
3
1
1
2
1
-1
0
0
-1
-1
-2
-3
-3
-4
-3
-5
-5
-4
-5
-4
-2
-3
-1
-2
-2
-1
-3
-2
-2
-2
-3
-3
-3
-4
-4
-3
-3
-4
-2
-2
-2
-3
-1
0
-1
0
1
3
2
4
1
2
4
3
2
3
2
0
3
4
5
6
4
3
4
3
2
1
0
0
-1
-4
-3
-2
-2
-3
-3
-3
-3
-4
-4
-5
-6
-6
-6
-6
-7
-6
-7
-5
-4
-5
-4
-4
-4
-4
-3
-4
-4
-4
-4
-4
-3
-4
-4
-4
-4
-4
-4
-5
-6
-6
-5
-3
-2
-2
0
0
0
1
2
2
2
4
3
4
5
5
3
4
4
2
2
3
1
1
3
3
2
2
1
1
2
4
3
3
2
3
4
3
3
3
3
4
2
3
4
3
3
2
2
1
2
0
2
2
1
3
3
2
5
5
4
4
5
4
5
3
3
3
3
3
4
4
5
4
4
4
3
2
3
5
4
3
4
4
3
3
2
2
-1
-1
-2
-2
-3
-5
-4
-7
-7
-6
-6
-6
-5
-7
-7
-5
-7
-8
-6
-7
-7
-6
-6
-5
-6
-6
-4
-4
-5
-3
-4
-2
-3
-3
-2
-1
-1
-1
1
1
2
0
1
2
3
1
0
2
1
2
1
1
3
3
4
4
3
4
4
3
4
4
3
2
2
1
1
-1
-2
-1
-5
-3
-3
-3
-6
-7
-5
-5
-7
-6
-6
-8
-8
-6
-5
-7
-7
-7
-5
-6
-6
-6
-5
-6
-5
-2
-3
-3
-4
0
0
-1
0
0
2
1
3
5
4
5
6
7
8
10
9
11
11
10
10
9
10
9
10
12
10
9
10
8
7
8
7
6
6
5
6
5
4
4
4
1
1
2
1
0
-2
0
-1
0
1
-1
-1
0
-1
-1
-1
0
0
1
0
-1
0
1
1
0
1
-2
-4
-2
-2
-4
-3
-4
-3
-5
-6
-5
-5
-5
-5
-5
-4
-4
-3
-3
-3
-3
-3
-4
-3
-4
-5
-4
-4
-5
-3
-4
-5
-4
-5
-4
-5
-4
-2
-2
-2
-2
-3
-3
-2
-2
-2
-2
-2
-2
-1
-1
-1
0
-1
1
1
2
1
0
1
0
1
1
2
2
1
0
1
-1
-2
0
-2
-3
-2
-3
-1
-1
-2
-1
-1
0
-1
-2
1
1
3
2
3
5
5
5
5
5
4
5
3
5
5
6
6
6
7
6
6
6
5
5
4
4
4
4
4
3
3
0
2
0
-1
-1
-1
-2
-3
-2
-2
-4
-3
-3
-3
-3
-2
-2
-3
-2
-3
-4
-4
-4
-5
-2
-2
-2
-1
0
0
1
1
3
2
2
3
3
3
3
3
4
3
5
5
4
4
4
3
2
1
1
0
0
-1
1
0
0
0
0
-3
-2
-1
-1
-2
-3
0
0
-1
-2
0
-2
-2
-2
-3
-4
-3
-3
-4
-3
-5
-4
-4
-4
-4
-5
-4
-5
-4
-5
-4
-5
-4
-3
-3
-1
-2
0
0
0
0
2
3
4
3
2
3
3
5
5
4
6
5
6
6
6
6
3
5
3
3
3
2
1
1
1
2
2
1
0
-2
-2
-3
-2
-3
-5
-4
-4
-5
-4
-7
-5
-5
-6
-4
-4
-6
-5
-3
-4
-2
-2
-2
-1
-2
-2
-1
-1
-1
0
2
-1
0
1
0
0
0
0
-1
-1
0
0
1
-1
1
1
2
2
2
2
1
2
4
3
3
4
3
3
3
1
2
1
1
1
1
3
2
2
3
2
2
3
4
4
3
3
3
2
2
3
1
3
4
3
4
2
3
3
1
-1
1
1
0
2
2
2
3
3
1
3
2
0
0
-1
-1
0
-1
1
1
1
0
0
-1
-1
-2
-1
-3
-2
-2
-2
-2
-3
0
-2
-1
0
0
-1
-1
-1
-1
-2
-3
-1
0
-1
0
-3
-2
-3
-2
-1
-2
-2
-2
-3
-3
-2
-3
-3
-3
-4
-4
-5
-5
-4
-4
-4
-5
-5
-4
-5
-5
-4
-4
-4
-6
-4
-2
-3
-2
-3
-2
-3
-3
-1
-1
-1
0
1
2
2
2
2
2
3
3
3
2
3
1
1
3
2
1
2
1
2
1
1
1
0
1
-2
1
0
0
0
0
1
0
2
1
1
1
2
1
4
3
3
4
3
4
4
5
5
5
6
6
5
4
6
7
7
7
7
6
5
4
3
4
4
4
3
4
5
5
4
5
5
4
3
3
3
2
2
1
3
1
-1
1
1
-1
-1
0
-2
-1
-2
-2
-3
-6
-2
-4
-5
-2
-4
-4
-4
-7
-6
-6
-6
-8
-7
-7
-7
-7
-6
-8
-9
-8
-10
-7
-8
-9
-7
-7
-6
-6
-6
-3
-4
-3
-4
-2
0
-1
1
0
0
1
1
1
2
1
3
3
3
4
4
4
4
4
4
4
3
3
3
4
4
2
2
3
2
1
2
2
3
2
0
0
2
0
0
0
-2
1
0
-1
-1
-2
-1
-3
-2
-3
-2
-3
-2
0
0
1
1
0
0
1
0
0
0
1
2
2
3
4
4
5
5
6
4
6
5
4
6
5
6
4
6
4
2
3
2
2
2
1
0
1
-1
-2
-3
-3
-4
-3
-3
-3
-3
-4
-4
-4
-3
-3
-3
-3
-3
-4
-4
-4
-3
-3
-4
-3
-5
-5
-4
-2
-2
-1
0
2
3
3
5
5
5
5
5
5
6
6
5
6
6
5
5
6
5
3
4
4
3
3
4
4
4
2
0
0
-1
-1
-2
-2
-2
-4
-4
-5
-3
-5
-3
-4
-4
-3
-3
-6
-6
-6
-8
-7
-6
-7
-6
-5
-6
-5
-4
-5
-5
-4
-4
-2
-4
-3
-1
0
-1
2
0
1
3
2
2
3
3
4
2
1
1
-1
0
0
0
1
0
0
-1
-2
0
-1
-1
0
-1
-2
-2
-1
-2
-2
-1
-1
-2
-1
0
1
0
2
0
-1
0
1
2
3
4
4
4
4
4
3
4
5
5
4
5
6
5
4
4
5
4
3
4
3
4
5
3
4
2
1
1
0
0
-1
-1
0
0
0
0
-1
0
-2
0
0
1
2
2
3
3
3
4
5
4
3
4
3
3
2
1
0
2
0
0
1
2
1
0
1
0
0
0
-2
-5
-4
-4
-4
-6
-7
-5
-8
-7
-6
-8
-9
-8
-9
-9
-10
-9
-7
-7
-7
-6
-6
-5
-5
-6
-5
-3
-4
-6
-3
-3
-3
-2
-4
-2
-2
-1
-3
-1
-2
-1
0
-2
1
1
2
4
4
4
5
5
4
5
5
6
5
5
6
6
6
7
6
4
4
5
4
4
3
3
2
2
2
3
2
2
2
-1
0
0
-1
-1
-2
-2
-1
-2
-2
-1
-3
-1
-1
-3
-2
-2
-2
-2
-1
0
0
0
1
0
1
2
3
3
5
4
4
4
4
5
5
5
6
7
7
7
6
6
4
3
1
-1
0
1
0
0
-2
-2
-1
-2
-1
-2
-2
-3
-3
-5
-5
-4
-5
-5
-4
-4
-5
-5
-6
-5
-4
-4
-3
-6
-4
-3
-3
-2
-4
-2
-2
0
0
-2
-2
-3
-2
-2
-1
0
0
-1
0
0
1
1
1
1
1
2
1
1
1
1
2
2
0
1
1
-1
0
-1
1
1
1
1
1
0
-1
-1
0
1
0
-1
-2
-2
-4
-3
-2
-2
-2
-3
-2
-2
-2
-2
-1
-2
0
0
-1
0
1
0
1
2
2
3
2
2
2
4
3
4
6
5
4
4
3
2
3
5
5
3
2
3
3
2
2
-1
1
1
0
-1
1
0
-2
-2
-2
-1
-1
0
-1
-1
0
0
0
-1
-1
1
-1
-3
-2
-1
0
-1
-1
0
-2
-1
-1
0
0
-1
-1
0
1
-1
1
1
0
1
1
2
2
1
3
1
2
1
1
-1
0
0
-1
-1
1
2
1
1
2
3
3
2
2
3
2
3
2
2
2
2
2
0
0
-1
-1
1
-3
-3
-3
-2
-4
-3
-3
-4
-4
-4
-5
-5
-6
-5
-4
-5
-7
-5
-5
-7
-5
-6
-4
-5
-5
-3
-5
-4
-5
-4
-3
-2
-2
-3
-1
-2
-2
-2
-2
-3
-1
-2
-2
-1
0
2
2
2
2
3
3
4
4
4
4
4
4
5
5
5
7
5
5
6
5
7
6
7
7
6
7
7
6
8
7
6
5
5
4
4
4
5
4
3
3
3
2
2
2
2
1
2
2
1
1
1
1
1
0
0
0
-1
-2
0
-2
-3
-3
-4
-2
-2
-2
-2
-3
-1
-1
-1
-2
-3
-3
-3
-2
-2
-3
-2
-3
-3
-2
-3
-1
-2
-2
-2
-3
-4
-4
-4
-5
-4
-4
-6
-4
-5
-5
-6
-6
-4
-6
-6
-5
-6
-6
-5
-6
-5
-5
-4
-3
-3
-2
-2
-2
-2
-1
0
0
0
0
0
0
0
0
1
-1
0
0
0
2
0
1
2
2
2
3
1
2
4
4
4
5
6
5
5
4
3
4
3
3
3
3
3
4
4
4
4
5
4
4
5
4
5
6
4
4
4
4
4
3
3
1
0
1
1
0
-1
0
1
-1
0
-1
-1
-1
-2
-1
0
1
0
2
0
0
0
1
2
2
1
0
2
1
0
1
0
0
0
1
0
1
1
2
2
1
2
1
0
-1
0
-2
-2
-2
-3
-2
-3
-4
-4
-3
-3
-3
-3
-3
-5
-4
-4
-4
-4
-2
-3
-3
-3
-2
-2
-4
-4
-2
-3
-4
-4
-4
-5
-5
-6
-4
-3
-2
-3
-1
0
-1
-1
-1
-1
1
1
1
2
0
1
1
0
-1
1
0
0
-1
-2
-1
1
2
1
2
1
1
2
2
2
0
0
1
0
0
2
1
-1
0
1
1
0
-1
0
1
0
1
1
2
2
1
1
2
2
2
2
2
4
4
3
4
4
5
6
5
5
3
3
2
1
1
0
-1
1
0
1
1
-1
1
1
1
1
-1
-4
-3
-2
-3
-2
-1
-1
-1
-2
-1
-1
-2
-1
-2
-1
-1
-1
-1
0
0
1
2
3
2
1
3
2
4
5
3
4
4
4
4
4
2
3
1
1
1
0
1
1
2
3
1
1
1
2
0
-1
0
-1
0
0
-1
0
-1
0
-1
-1
-1
-2
-2
-1
-2
-3
-3
-3
-3
-3
-1
-2
-3
-1
-1
-2
-1
-2
-2
-4
-3
-4
-4
-4
-5
-4
