-3
-2
-3
-3
-4
-2
-2
-3
-3
-3
-3
-5
-5
-3
-2
-3
-1
0
-2
-1
-2
-2
-3
-3
-3
0
-1
1
2
3
1
2
0
1
1
-2
-3
-2
-3
-5
-4
-4
-5
-5
-5
-7
-8
-6
-6
-8
-7
-6
-6
-7
-6
-7
-8
-9
-8
-7
-7
-6
-8
-8
-6
-7
-6
-4
-4
-4
-2
-1
-2
-1
-1
0
1
1
3
2
3
3
4
4
4
4
5
4
4
4
4
3
3
4
5
6
6
5
5
7
6
7
6
6
5
4
2
4
4
3
3
3
3
3
4
4
4
6
6
4
6
7
6
8
7
7
6
6
8
7
6
7
6
7
7
6
5
4
5
5
5
4
5
5
3
2
0
-1
-2
-2
-2
-3
-5
-4
-4
-3
-3
-3
-5
-4
-5
-6
-4
-7
-6
-5
-4
-6
-5
-7
-6
-6
-5
-4
-7
-6
-7
-6
-6
-5
-5
-3
-3
-3
-3
-3
-3
-3
-2
-2
-1
-2
-1
-4
-1
0
0
-2
-1
-2
-2
1
-1
-2
-1
-3
-2
-3
-3
-3
-2
-1
-2
0
0
-2
-2
0
-1
-1
-2
-2
-1
-1
-1
-2
-1
-3
-2
-1
-1
-3
-2
-1
0
1
1
0
1
0
0
-1
1
0
0
1
0
-1
0
0
1
2
2
0
2
4
4
5
5
3
3
3
2
3
3
5
4
4
4
4
5
5
4
4
4
5
5
4
6
4
4
4
4
7
5
4
5
6
5
4
4
4
4
4
5
6
5
6
8
6
7
6
5
4
3
3
2
2
1
1
0
-1
-2
-2
-3
-4
-5
-5
-6
-6
-8
-8
-7
-9
-8
-8
-7
-7
-6
-5
-6
-6
-5
-4
-4
-4
-3
-3
-3
-4
-5
-4
-3
-2
-3
-3
-2
-4
-3
-3
-4
-2
-1
-3
-3
-3
-2
-3
-3
-3
-5
-4
-2
-1
-1
1
2
1
0
1
1
-1
0
0
0
0
1
1
2
3
4
3
2
4
2
0
0
0
-1
-1
-1
-1
0
-1
0
-1
-1
-1
-1
-2
-3
-4
-4
-3
-1
-3
-4
-2
-1
-1
-1
-1
-1
0
0
-1
1
1
1
3
2
2
3
2
4
4
4
4
4
3
3
3
2
3
4
3
3
3
3
3
3
4
5
4
6
5
6
6
4
6
5
6
4
6
5
4
6
7
7
6
5
7
7
6
6
7
6
6
5
5
4
3
3
1
1
0
1
0
0
-3
-4
-3
-5
-4
-6
-6
-8
-6
-7
-7
-7
-6
-6
-5
-6
-6
-6
-5
-7
-8
-8
-8
-7
-8
-7
-7
-7
-6
-8
-7
-7
-9
-8
-6
-5
-4
-2
-3
-3
-4
-5
-3
-4
-2
-3
-3
-3
-2
-1
1
0
1
0
0
1
3
3
3
2
3
2
3
4
2
3
3
3
3
3
4
2
0
0
-1
-2
-3
-2
-4
-4
-3
-4
-2
-1
-2
0
-3
-3
-2
-3
-2
-1
1
2
3
2
4
3
4
6
6
5
7
7
7
6
5
7
7
5
6
6
6
4
3
3
2
2
2
2
2
2
1
1
1
2
2
0
3
3
3
3
4
4
4
5
3
3
4
3
4
3
3
2
3
2
4
3
3
5
3
4
4
3
2
3
2
3
3
2
2
0
1
0
-1
-2
-3
-5
-5
-5
-7
-6
-9
-8
-9
-9
-9
-10
-10
-10
-8
-9
-8
-8
-6
-6
-7
-9
-6
-7
-6
-5
-6
-6
-4
-4
-3
-5
-4
-1
-2
-3
-1
0
-1
-2
-1
-2
-1
-1
-1
-2
-2
-1
-1
0
1
0
0
0
-3
-1
-2
-3
-4
-2
-1
0
-1
0
1
2
2
2
2
3
2
3
5
6
7
7
8
8
8
9
9
9
8
7
9
5
5
5
5
4
3
3
2
3
4
2
2
3
2
2
0
0
1
-1
-1
-2
-2
-4
-4
-4
-4
-3
-2
-3
-2
-4
-2
-2
-1
1
1
2
1
2
1
1
0
3
2
3
4
3
4
4
2
2
2
3
5
4
3
4
3
4
5
3
3
1
1
1
1
0
1
-2
-1
-2
-3
-4
-3
-3
-3
-2
-4
-3
-3
-4
-3
-3
-3
-4
-3
-2
-2
-2
-2
-3
-4
-3
-2
-2
-3
-4
-3
-5
-5
-6
-4
-4
-3
-2
-2
-2
-3
-4
-4
-4
-5
-5
-5
-6
-7
-6
-5
-4
-6
-6
-5
-4
-4
-5
-6
-4
-2
-2
-1
-2
-1
0
1
1
4
3
4
5
3
6
5
3
5
6
4
5
4
6
5
6
6
6
4
5
5
5
5
4
4
3
3
3
3
2
2
2
3
4
4
4
3
2
3
3
2
3
3
3
3
3
4
3
3
2
0
-1
1
2
1
1
0
0
1
0
0
0
-1
0
-1
-1
0
-1
-3
-3
-3
-5
-3
-4
-5
-5
-3
-3
-4
-3
-3
-4
-5
-4
-3
-3
0
-1
-1
-1
-1
0
0
2
0
0
1
0
2
0
-1
0
1
0
2
4
1
3
4
3
3
3
2
2
2
-1
0
-1
0
-1
-2
-3
-2
-3
-4
-4
-4
-5
-6
-6
-6
-4
-5
-4
-4
-4
-4
-4
-3
-3
-3
-5
-3
-4
-2
0
0
0
0
2
2
0
1
0
0
1
1
0
-1
2
1
1
1
1
2
0
1
3
3
3
4
4
4
3
3
4
3
3
3
5
5
5
5
6
7
5
5
7
5
5
5
4
5
6
7
4
3
3
1
-1
-1
0
0
0
-2
-1
-2
-2
-3
-5
-3
-4
-7
-7
-5
-6
-6
-5
-5
-6
-6
-5
-5
-5
-6
-5
-5
-4
-6
-5
-6
-4
-5
-2
-2
-2
-1
0
-1
-1
0
-1
-1
-1
-1
-1
1
2
2
1
4
2
3
4
4
2
4
3
3
5
4
3
4
4
4
6
4
4
4
5
5
5
5
5
5
4
3
4
4
3
4
4
4
4
3
2
2
2
1
0
1
-1
-1
0
0
-1
0
0
-1
0
0
1
1
-2
-2
-2
-3
-3
-5
-4
-6
-5
-4
-7
-7
-5
-5
-5
-6
-6
-6
-6
-6
-6
-6
-7
-5
-5
-5
-5
-4
-3
-3
-3
-1
-1
0
1
0
0
2
1
1
2
2
2
3
0
2
2
0
2
1
1
3
2
3
2
2
3
1
1
3
1
2
2
1
2
1
1
2
0
0
0
0
0
1
0
-1
0
1
0
0
0
0
1
0
0
1
0
1
0
-1
1
1
2
2
2
3
3
3
3
1
3
3
1
3
3
2
3
4
4
3
4
4
3
4
3
3
3
3
4
2
2
1
1
2
0
0
1
-1
0
1
1
0
0
0
0
0
-1
-1
1
-1
-1
0
1
-1
0
0
0
0
-2
-2
1
0
-1
-1
-1
-2
-2
-2
-2
-2
-3
-3
-3
-3
-3
-5
-4
-4
-4
-4
-3
-4
-5
-5
-5
-6
-5
-5
-7
-7
-6
-8
-8
-7
-8
-6
-7
-7
-8
-6
-5
-6
-5
-5
-5
-7
-4
-4
-3
-1
-1
1
0
0
2
1
1
3
3
3
3
4
5
5
5
6
8
8
9
8
9
9
9
8
9
10
9
10
8
8
9
8
7
8
6
6
7
5
5
5
5
4
4
2
3
4
2
2
3
1
1
2
1
2
-1
0
-1
0
-2
-2
0
-1
-2
-1
-1
0
-1
-1
-2
-3
-5
-3
-5
-5
-2
-4
-4
-3
-4
-4
-6
-6
-6
-7
-6
-7
-7
-8
-6
-7
-7
-6
-6
-6
-4
-3
-7
-5
-4
-5
-4
-3
-3
-3
-3
-2
0
-2
1
0
2
0
0
1
2
1
1
1
1
1
1
1
2
2
3
2
0
2
2
1
2
3
2
1
2
1
1
3
3
2
2
1
2
2
1
2
1
0
1
1
0
1
1
0
-2
-2
0
-3
-2
-1
-2
-1
0
2
0
1
0
0
0
1
1
1
4
1
1
3
1
2
4
4
3
3
3
3
3
6
4
3
4
3
3
3
2
3
2
1
0
0
0
-1
-2
0
0
1
0
1
1
-1
-1
-2
-2
-3
-1
0
0
0
1
0
1
1
0
0
1
0
0
-1
0
-1
-1
0
1
1
1
2
0
0
-2
-4
-3
-3
-3
-3
-3
-4
-6
-4
-3
-5
-7
-5
-5
-7
-6
-6
-7
-6
-5
-4
-4
-4
-5
-5
-5
-4
-5
-4
-2
-3
-1
-4
-1
1
2
3
2
1
2
2
2
3
3
3
3
4
4
5
4
4
4
4
4
5
5
4
3
3
4
5
6
3
4
3
4
6
5
5
3
2
0
0
0
0
2
1
-1
3
2
2
1
-1
-1
0
1
3
-1
2
1
-1
-1
0
0
0
-2
-4
-3
-2
-2
-3
-2
-2
-2
-1
1
0
0
0
0
1
0
2
0
-1
1
-1
0
0
0
0
-1
-3
-1
0
0
1
0
-1
-1
-2
-2
-1
-1
-3
-3
-3
-2
-1
-1
-2
-3
-4
-1
2
-1
-1
-2
-4
1
0
1
2
2
-1
-1
0
1
0
0
-2
-2
-2
-2
0
0
-3
-4
-5
-4
-4
-3
-3
-4
-2
-3
-3
-2
-2
-3
-3
-2
0
0
2
2
2
0
0
0
3
0
1
0
1
3
3
5
6
2
4
5
6
7
6
8
6
5
7
5
6
7
7
9
6
6
8
4
4
2
4
5
3
2
2
0
4
0
-1
0
-3
-1
-1
-3
1
-4
-5
-4
-6
-3
-4
-4
-2
-4
-4
-5
-5
-1
-7
-3
-5
-6
-5
-6
-3
-5
-6
-7
-6
-7
-5
-5
-5
-7
-9
-6
-5
-2
-5
-5
-2
-4
-3
-1
0
-1
-1
-4
1
3
0
3
2
3
2
1
1
2
2
3
4
7
6
5
4
3
6
7
7
9
3
4
5
5
7
7
6
5
3
4
2
2
8
3
5
3
3
6
3
5
6
2
5
5
2
5
4
3
0
-2
2
1
-1
0
-6
-4
-2
-6
-1
-7
-4
0
-8
0
-7
-5
-1
-8
0
-4
-2
0
-7
-5
-3
-3
6
-7
-3
-11
-16
2
-9
0
4
-10
-9
-15
-11
6
-4
4
-5
-13
-5
-10
4
4
-4
-1
-17
-6
6
0
13
-1
-8
-2
-9
5
10
2
2
-12
-3
8
9
21
8
3
-4
-10
10
12
10
12
-9
-6
-5
1
22
11
7
-5
-14
-4
-4
9
12
-2
-6
-21
-8
4
6
11
2
-12
-5
-11
5
14
-1
3
-11
-12
-1
1
13
3
-3
-4
-6
11
9
12
11
1
-2
3
2
14
9
9
2
2
7
9
14
5
10
5
0
2
5
9
6
2
2
1
3
0
-1
-4
-1
-3
-4
-6
0
-8
-7
-3
-9
-1
-4
-1
-7
0
2
1
8
-8
-4
-3
-9
5
3
4
4
-7
-4
-1
2
6
3
0
-1
2
2
2
8
-1
2
-2
-14
-9
-5
-2
-10
-10
-8
-10
-12
-12
-15
-5
-10
-16
-6
-15
-11
-16
-19
-9
-15
-15
-3
-17
-14
-4
-11
-11
-9
-15
-3
2
1
3
-8
1
-8
3
11
4
8
-5
-11
-2
15
10
6
4
8
7
1
13
18
1
4
15
-5
21
8
3
30
6
14
17
19
20
11
31
13
11
16
8
27
18
15
1
0
9
0
7
4
8
5
-10
6
12
-6
28
-9
3
20
-17
9
2
-12
17
7
-4
15
-17
21
16
-2
19
-24
10
3
-9
23
-14
16
2
-11
29
2
10
-1
-24
4
1
14
-11
1
3
-33
17
-18
-21
17
-44
-5
-10
-26
-6
-26
-4
-31
-23
-16
-22
-21
-9
-31
-20
-12
-35
-12
-2
-18
-16
-21
-23
8
-8
-9
2
-31
-15
-13
-14
2
-4
-13
-6
-7
-6
5
3
2
0
-6
7
5
13
9
3
26
7
4
2
11
-8
20
-9
3
24
-6
-2
2
-7
4
4
0
11
5
-2
7
-18
21
19
7
25
-14
5
12
-4
12
17
1
22
-7
8
11
5
18
9
4
14
6
29
9
14
12
16
21
17
37
-4
20
-4
10
12
3
10
9
-19
-3
4
0
25
-15
-7
2
-10
-9
13
-11
-5
-7
6
-1
-7
1
-17
-15
19
-14
23
4
-21
10
-5
-4
2
-6
4
3
-5
-12
-3
-20
-8
5
-17
11
3
-11
-17
1
-20
16
-16
-17
-5
-13
-37
-7
16
-13
23
-12
-26
-3
-28
-1
9
-15
-6
-14
-1
-40
23
2
-8
6
-37
-7
-1
-5
-21
0
-1
6
-18
12
21
-6
-1
-13
1
-17
-2
18
3
15
-3
-10
16
1
-2
52
-15
-12
-15
-23
49
3
34
4
-19
15
-20
-15
33
9
22
-16
-7
-12
-17
2
-17
7
16
-34
48
18
-44
-11
-62
19
22
52
0
14
-34
-48
10
48
34
44
34
-52
-30
-7
-24
14
60
44
-17
-14
-20
-25
-5
-17
29
-21
-1
-18
-54
10
6
-8
11
5
11
1
-17
-11
13
16
15
-19
2
-16
-34
27
5
33
28
2
4
47
-3
19
61
26
5
11
31
32
8
-13
64
0
4
36
5
24
-2
-24
17
-23
49
13
5
43
-32
-66
22
-22
19
43
-56
3
-14
-4
-24
-20
14
-12
-20
19
-11
-3
-7
-2
-25
29
-25
7
3
-19
-18
12
-4
15
-19
-25
21
-26
-28
-24
4
9
-7
-20
1
-4
-2
-5
15
-5
6
-59
-3
-53
9
-4
-37
-30
-15
-51
2
19
-36
12
-27
-44
-14
-3
-9
22
-39
4
-33
-35
36
19
-4
15
-38
17
-37
50
22
-2
7
-42
-10
-6
-1
25
44
-39
25
-2
-5
-5
50
-17
-4
11
5
22
-16
-9
14
15
-12
31
-9
30
-21
8
28
23
25
21
-4
20
-25
10
19
20
26
-12
-21
19
-6
-22
6
31
23
-14
-6
-10
54
-29
1
-18
35
28
-4
19
23
-18
18
4
20
55
-11
11
7
40
15
-10
47
-8
6
73
4
70
18
-36
40
27
21
27
-19
45
-12
-18
80
-15
26
-4
-35
-11
35
23
2
-27
3
-37
-15
49
-36
17
-62
-51
-6
-32
20
-50
-55
-50
-58
-25
-11
6
-12
-45
-80
-25
-42
-11
17
-28
-19
-22
-30
-17
18
-17
6
-32
-20
-37
-44
38
-39
-57
-18
-31
-18
-4
18
-32
-21
-26
-20
-1
17
17
-40
-7
-14
19
-28
-31
28
-12
-7
-24
3
28
-41
47
44
-22
50
-25
-1
68
-26
67
-10
2
25
-27
15
1
2
41
-13
27
59
-8
26
-6
42
30
48
34
22
28
10
31
0
34
15
-1
46
9
31
46
6
5
2
7
1
52
0
-56
-27
25
-6
28
30
-14
18
-19
5
45
-1
19
-17
-18
25
13
43
-40
3
37
-16
10
-64
9
72
-70
39
9
-23
14
-18
38
68
-21
-4
-30
-1
46
-18
12
-48
-19
32
15
41
-11
-55
27
-53
10
30
-28
25
-24
-40
45
-49
-15
-44
-20
86
-76
-40
-28
-33
46
-13
-53
-24
-73
-32
13
-7
-10
-14
-82
-48
-39
-12
34
-41
-42
-15
-42
-54
-57
9
3
-43
16
-10
-95
-33
13
9
21
-54
13
13
2
6
-1
18
-19
-28
33
19
23
-7
-66
21
5
62
37
9
-4
-21
13
29
41
106
13
-14
17
10
32
-9
29
78
-5
22
55
3
41
-1
56
12
2
20
-1
45
8
28
11
-8
8
48
6
-6
71
-47
-59
23
51
44
-13
-37
-12
5
-10
56
49
-7
-23
-29
3
42
11
5
31
6
-19
13
7
-20
37
9
-13
17
-23
6
-18
16
3
-65
6
34
10
-10
-52
29
13
-69
17
30
-3
-17
-98
7
27
-27
-19
-9
58
-32
-74
24
14
-43
-38
-2
5
-5
-97
-43
16
22
-53
-34
43
-18
-45
-4
-1
-58
-19
-27
-11
-4
22
3
15
-12
28
-11
-24
30
-10
-24
-45
-7
26
-3
-13
44
-28
-18
-12
13
-27
-55
-2
-28
-16
59
7
35
-32
-7
61
-8
13
4
52
-14
-43
25
18
-18
9
1
83
42
-38
-10
38
-13
8
15
41
13
-20
35
0
17
-4
-4
37
19
33
-18
-23
11
-7
66
30
16
-17
-5
-32
27
84
56
0
8
-4
-66
28
49
23
-26
26
38
-17
-23
26
53
1
-37
10
-33
9
15
-2
-20
-18
-62
-51
-50
-78
17
18
16
-86
-22
45
-19
8
27
4
-12
-35
47
-19
-44
21
6
17
-15
29
-24
-58
-50
-69
11
-6
48
9
-51
48
7
-40
-46
38
47
-40
-27
8
-22
-15
15
47
93
-4
-53
-3
32
28
1
47
51
-58
-2
62
-1
-30
44
57
15
-40
-48
-22
5
41
21
43
40
1
-42
-2
42
58
17
-60
-36
2
-14
-47
-33
2
26
-31
-35
48
-33
-80
-56
-2
71
-52
1
28
-96
-70
49
60
-33
-26
45
-26
-24
33
20
-11
-14
35
51
-16
-44
30
-42
-115
41
75
26
3
-40
58
-27
-91
13
88
31
-37
-79
-90
-16
54
22
16
99
-27
-118
-26
49
-11
-88
-80
23
-11
-8
45
46
22
-22
15
36
2
26
22
-7
-31
-22
12
60
41
29
54
125
80
-50
8
87
58
18
47
5
-8
-20
-34
-7
77
21
-41
-8
30
42
-44
33
43
-17
8
-78
-4
-25
-76
-14
35
-48
-123
-114
-41
109
37
74
73
-31
-99
20
116
114
56
-53
-53
-22
-55
-40
-58
25
-1
1
2
-24
-3
-6
-6
0
33
34
-15
-75
48
66
-6
-35
-74
-31
10
-72
-41
-23
-76
-36
16
-8
-4
13
22
-27
24
83
6
-2
-43
-42
0
-81
-15
2
-22
-15
-16
-43
-71
-59
-31
8
55
27
72
20
13
104
77
37
-45
-6
-70
-65
47
-22
-26
-55
-48
3
-4
32
13
21
64
35
-79
-30
45
17
-47
62
49
-83
-71
-53
-49
-78
-45
4
3
-33
3
-8
7
22
104
115
108
104
-29
-24
-3
-56
53
57
86
62
23
8
26
50
32
93
144
133
35
52
52
-24
64
92
52
15
-22
18
-13
-57
5
-32
-22
6
-37
1
18
31
-18
13
64
89
63
2
-10
-25
-10
-30
-24
3
-62
-96
-107
-105
-38
-76
-40
10
20
-96
-43
1
-57
17
45
-2
27
-79
-48
-84
-70
-26
-10
33
5
17
-59
-43
-122
36
29
82
59
-44
-56
-111
-115
-101
-32
-1
-38
4
-77
-130
-70
-47
41
47
79
72
22
-5
-2
3
4
37
35
38
30
-49
-13
-22
-28
-10
30
68
-1
-1
6
-54
0
86
120
142
53
7
0
-54
-27
35
55
42
1
-31
-70
-110
-82
-17
12
20
28
-15
-30
-57
-38
-45
-3
56
66
79
-19
1
-73
-59
27
38
103
64
33
11
-34
-21
6
6
16
64
46
50
32
7
9
-2
58
63
97
109
116
104
53
100
95
80
120
99
100
41
27
-4
-19
38
57
85
21
28
16
-8
42
43
18
15
-9
-13
-54
-70
-61
-99
-89
-31
-112
-151
-184
-174
-147
-155
-139
-112
-145
-163
-147
-181
-172
-171
-98
-136
-134
-117
-130
-122
-131
-109
-116
-94
-37
-4
-8
54
73
127
219
268
307
379
435
517
476
471
468
440
445
401
329
242
216
142
-3
-78
-150
-223
-281
-307
-386
-533
-575
-602
-638
-646
-654
-645
-622
-606
-558
-528
-489
-426
-423
-408
-382
-341
-222
-99
-78
-29
30
75
111
233
377
503
636
865
1166
1319
1391
1524
1645
1618
1642
1716
1671
1408
1094
720
185
-244
-516
-707
-916
-1027
-1106
-1279
-1435
-1517
-1525
-1441
-1240
-973
-795
-682
-601
-613
-643
-589
-520
-435
-263
-202
-241
-297
-341
-392
-410
-259
-53
42
89
178
217
180
249
377
430
626
1146
1641
1818
1950
2046
1933
1810
1890
1980
1831
1615
1295
657
-95
-661
-1098
-1331
-1313
-1244
-1233
-1350
-1437
-1540
-1558
-1396
-1065
-646
-340
-182
-213
-370
-511
-520
-503
-413
-217
-156
-304
-432
-602
-741
-661
-364
-156
-75
-3
-8
-46
-14
80
160
257
450
471
258
131
353
813
1149
1444
1712
1741
1599
1556
1665
1666
1575
1425
1015
346
-390
-974
-1295
-1319
-1221
-1128
-1136
-1233
-1325
-1420
-1301
-973
-557
-130
132
106
-126
-431
-689
-748
-662
-444
-300
-266
-322
-556
-791
-769
-427
-46
236
432
463
283
98
80
114
243
361
391
283
-54
-383
-437
-44
603
1200
1671
2011
1984
1810
1885
2147
2264
2242
2075
1519
581
-344
-970
-1396
-1460
-1288
-1211
-1325
-1498
-1641
-1788
-1707
-1253
-720
-254
95
134
-122
-450
-658
-679
-526
-290
-161
-177
-280
-504
-763
-720
-411
-66
248
438
407
197
23
-96
-131
-101
32
172
103
-116
-349
-498
-382
227
1107
1729
2075
2372
2362
2164
2182
2342
2350
2127
1727
887
-289
-1201
-1755
-2016
-2054
-1907
-1763
-1719
-1753
-1732
-1600
-1286
-640
5
472
639
580
384
97
-83
-126
-144
-115
-221
-527
-825
-1046
-1129
-943
-517
-202
-125
-33
63
-35
-114
-20
161
314
370
238
-82
-404
-481
-383
-257
55
651
1273
1578
1695
1811
1819
1916
2242
2431
2158
1585
898
45
-810
-1447
-1723
-1739
-1588
-1450
-1508
-1628
-1571
-1268
-854
-323
236
638
792
741
541
231
-39
-133
-226
-380
-573
-832
-1088
-1254
-1228
-1088
-745
-275
72
218
286
329
389
564
734
743
640
468
172
-214
-452
-467
-442
-342
-4
551
1089
1411
1635
1894
2135
2333
2557
2693
2411
1761
970
38
-853
-1476
-1737
-1808
-1864
-1925
-1957
-1945
-1816
-1448
-920
-363
145
522
724
726
575
288
-31
-257
-474
-671
-902
-1168
-1396
-1528
-1495
-1350
-1009
-545
-171
75
226
425
640
852
965
925
760
524
283
-15
-314
-467
-365
-239
-188
153
814
1382
1757
2192
2542
2565
2627
2839
2695
2015
1173
356
-553
-1411
-1881
-2116
-2266
-2238
-2138
-2112
-2081
-1727
-1100
-429
172
650
932
1004
852
440
-47
-426
-686
-899
-1149
-1498
-1829
-1975
-1910
-1747
-1429
-778
-50
426
655
854
1095
1317
1493
1514
1297
908
611
341
-126
-545
-590
-467
-539
-525
-21
754
1410
1981
2512
2690
2504
2473
2625
2408
1736
979
149
-906
-1904
-2517
-2754
-2778
-2612
-2315
-2099
-1956
-1521
-767
-80
423
905
1350
1437
1119
659
189
-290
-649
-799
-965
-1306
-1577
-1582
-1504
-1456
-1146
-437
327
763
1077
1407
1522
1503
1552
1518
1203
824
568
200
-420
-859
-838
-787
-964
-969
-454
399
1205
1874
2410
2597
2369
2192
2264
2083
1548
978
259
-879
-2037
-2737
-3016
-2964
-2593
-2098
-1739
-1427
-910
-265
262
741
1321
1704
1657
1300
834
280
-377
-919
-1215
-1512
-1847
-2016
-2067
-2126
-2059
-1600
-847
-80
570
1159
1572
1685
1673
1669
1539
1318
1077
691
103
-519
-983
-1225
-1274
-1303
-1315
-962
5
1184
2000
2455
2786
2829
2588
2513
2630
2446
1871
1067
-94
-1505
-2656
-3144
-3106
-2809
-2371
-1865
-1445
-1095
-612
-123
360
1013
1631
1770
1492
1095
537
-270
-992
-1459
-1818
-2039
-2113
-2205
-2307
-2184
-1818
-1217
-381
513
1254
1796
2091
2116
2015
1868
1618
1301
847
228
-350
-814
-1154
-1251
-1211
-1274
-1181
-538
509
1504
2183
2681
2980
2879
2534
2401
2423
2123
1412
397
-957
-2336
-3229
-3455
-3228
-2797
-2201
-1553
-1055
-685
-218
319
911
1541
2002
2116
1885
1315
457
-482
-1306
-1863
-2070
-2133
-2273
-2380
-2348
-2199
-1863
-1147
-108
939
1794
2341
2499
2376
2186
1976
1700
1360
878
311
-222
-757
-1266
-1530
-1676
-1777
-1493
-671
354
1219
1841
2234
2350
2138
1990
2205
2370
2025
1242
128
-1203
-2357
-3023
-3103
-2719
-2127
-1509
-1073
-856
-579
-80
490
1077
1685
2012
1870
1353
542
-490
-1424
-2018
-2257
-2272
-2302
-2363
-2367
-2283
-2041
-1477
-530
661
1811
2627
2944
2866
2651
2391
2096
1785
1355
661
-128
-829
-1520
-2122
-2367
-2367
-2246
-1819
-973
121
1141
1925
2498
2769
2653
2670
3094
3236
2705
1806
669
-712
-1933
-2652
-2859
-2640
-2209
-1804
-1507
-1231
-863
-372
148
705
1257
1544
1468
1106
424
-430
-1199
-1733
-1998
-2096
-2197
-2308
-2283
-2103
-1772
-1196
-265
918
1957
2598
2858
2851
2668
2375
2035
1612
1044
312
-477
-1214
-1854
-2310
-2529
-2478
-2164
-1686
-970
126
1312
2164
2769
3197
3258
3220
3458
3574
3070
2118
944
-437
-1770
-2688
-3040
-2989
-2762
-2408
-2005
-1695
-1405
-992
-487
126
787
1258
1393
1173
611
-130
-833
-1376
-1669
-1749
-1779
-1841
-1828
-1631
-1330
-896
-136
935
1885
2469
2759
2752
2418
1981
1627
1200
597
-101
-778
-1416
-1987
-2419
-2582
-2457
-2069
-1496
-702
431
1605
2451
3106
3568
3596
3486
3546
3423
2806
1822
584
-813
-2134
-3166
-3691
-3690
-3485
-3159
-2644
-2118
-1660
-1109
-407
378
1154
1747
2003
1841
1303
629
-20
-590
-955
-1113
-1279
-1483
-1569
-1522
-1419
-1177
-576
387
1335
1921
2199
2205
1912
1476
1146
897
522
-29
-581
-1079
-1578
-1951
-2024
-1863
-1535
-1041
-391
479
1465
2304
2859
3136
3122
2908
2745
2682
2433
1666
489
-754
-1989
-3085
-3597
-3518
-3272
-2836
-2154
-1522
-1038
-512
110
791
1480
2020
2237
2093
1616
922
171
-536
-1103
-1451
-1664
-1865
-1994
-1973
-1856
-1629
-1105
-190
869
1655
2073
2235
2153
1820
1513
1301
963
404
-187
-708
-1213
-1684
-1992
-2007
-1769
-1434
-964
-158
843
1615
2159
2653
2826
2641
2585
2785
2706
2043
1038
-96
-1345
-2452
-3046
-3139
-3010
-2688
-2087
-1456
-1046
-638
-56
555
1075
1536
1902
1917
1505
926
276
-486
-1101
-1409
-1634
-1879
-1965
-1854
-1703
-1554
-1182
-357
651
1346
1767
2075
2043
1666
1374
1182
763
187
-325
-811
-1293
-1689
-1945
-2010
-1807
-1437
-1005
-300
650
1527
2261
2823
3014
2881
2823
2891
2807
2343
1423
249
-925
-1985
-2793
-3137
-3068
-2749
-2272
-1749
-1247
-770
-276
310
912
1414
1781
1935
1747
1233
554
-105
-659
-1086
-1388
-1614
-1817
-1911
-1800
-1634
-1361
-712
150
828
1278
1559
1606
1474
1354
1238
997
536
-51
-532
-847
-1127
-1402
-1466
-1261
-1006
-772
-319
385
1114
1764
2307
2598
2531
2401
2456
2435
2015
1257
348
-642
-1638
-2418
-2790
-2795
-2570
-2140
-1561
-1005
-536
-42
488
942
1300
1634
1836
1672
1184
596
-33
-673
-1163
-1491
-1781
-2029
-2115
-2006
-1788
-1477
-901
-56
733
1253
1582
1730
1670
1543
1475
1325
882
239
-286
-647
-1013
-1361
-1491
-1406
-1275
-1140
-906
-489
120
902
1689
2208
2380
2414
2456
2451
2241
1750
1033
231
-581
-1364
-1994
-2310
-2354
-2193
-1821
-1325
-822
-361
36
321
611
900
1035
1061
998
645
140
-253
-659
-1129
-1466
-1656
-1766
-1669
-1345
-1016
-706
-202
401
839
1084
1229
1280
1245
1194
1100
769
180
-375
-700
-874
-1070
-1242
-1241
-1104
-987
-867
-567
-11
721
1480
2115
2481
2534
2479
2492
2416
1988
1304
628
-74
-895
-1589
-1977
-2177
-2177
-1846
-1340
-912
-539
-133
233
507
753
1002
1179
1140
866
506
103
-386
-816
-1119
-1477
-1847
-1912
-1706
-1478
-1181
-684
-143
232
469
663
806
902
1039
1208
1095
595
55
-248
-412
-539
-602
-599
-541
-491
-487
-521
-499
-156
599
1367
1831
2078
2148
2061
1964
1837
1559
1155
682
153
-407
-961
-1389
-1533
-1438
-1241
-948
-594
-294
-67
87
159
215
302
332
239
42
-222
-563
-897
-1148
-1432
-1734
-1830
-1689
-1414
-1045
-674
-313
89
433
616
744
869
989
1138
1191
936
447
23
-180
-250
-381
-549
-641
-697
-769
-800
-781
-587
-71
628
1259
1706
1912
1983
2078
2078
1907
1744
1514
1065
535
10
-559
-1025
-1234
-1258
-1195
-1112
-982
-798
-689
-688
-647
-506
-363
-251
-180
-193
-296
-438
-574
-726
-914
-1031
-959
-734
-456
-207
-41
98
255
343
350
377
474
616
702
593
260
-59
-170
-119
-87
-78
-42
-76
-188
-265
-321
-315
-41
477
978
1321
1545
1703
1816
1834
1794
1752
1604
1245
801
324
-229
-741
-1050
-1191
-1255
-1257
-1210
-1150
-1144
-1146
-1032
-828
-661
-493
-323
-269
-291
-285
-299
-365
-421
-466
-494
-455
-341
-206
-123
-102
-51
50
82
73
121
189
258
318
283
175
156
237
319
359
331
216
81
-53
-168
-203
-151
-23
246
592
854
1081
1306
1441
1485
1530
1526
1372
1104
772
334
-127
-516
-796
-979
-1100
-1176
-1215
-1231
-1229
-1194
-1104
-957
-770
-579
-428
-307
-218
-135
-104
-123
-171
-247
-302
-282
-218
-177
-168
-190
-227
-234
-189
-162
-141
-55
107
219
257
343
462
533
582
604
540
422
281
105
-52
-150
-227
-219
-104
72
323
594
824
1040
1208
1272
1318
1355
1242
1007
757
469
164
-129
-400
-617
-807
-996
-1136
-1203
-1243
-1223
-1120
-993
-858
-715
-546
-365
-228
-135
-72
-56
-57
-35
-4
14
-12
-121
-249
-304
-306
-277
-204
-127
-62
41
152
266
383
477
596
709
747
721
602
382
155
-19
-180
-304
-322
-263
-147
56
283
485
667
852
1039
1211
1346
1401
1317
1102
855
585
234
-115
-395
-664
-908
-1094
-1262
-1365
-1359
-1302
-1212
-1059
-862
-676
-512
-366
-233
-128
-90
-57
37
86
35
-47
-151
-253
-306
-273
-178
-103
-51
26
113
196
304
437
539
610
675
708
617
434
250
48
-172
-322
-382
-446
-502
-452
-295
-135
35
281
573
831
1053
1274
1420
1414
1310
1155
939
653
320
-3
-316
-639
-950
-1186
-1314
-1375
-1351
-1256
-1125
-982
-844
-686
-515
-338
-205
-108
6
115
135
49
-60
-153
-237
-270
-209
-114
-41
-6
23
67
136
224
319
415
499
574
609
564
441
324
228
129
16
-88
-173
-244
-321
-384
-384
-286
-70
185
458
744
963
1093
1209
1303
1268
1124
960
750
450
136
-146
-428
-698
-868
-942
-941
-913
-869
-807
-712
-597
-479
-347
-209
-89
-8
40
42
-16
-124
-255
-359
-418
-405
-351
-307
-248
-187
-107
20
131
207
293
396
492
525
473
408
358
287
207
135
27
-121
-233
-305
-418
-507
-513
-445
-268
-16
224
443
657
845
980
1077
1125
1080
952
786
582
320
44
-201
-388
-512
-581
-616
-640
-631
-587
-561
-520
-446
-373
-296
-207
-134
-131
-193
-269
-337
-417
-471
-464
-435
-413
-402
-372
-293
-188
-93
-4
76
125
166
205
213
206
187
196
220
203
128
56
-24
-120
-176
-197
-216
-195
-124
-55
41
178
335
485
643
770
825
837
817
758
645
499
348
208
94
-13
-92
-125
-125
-122
-118
-78
-51
-63
-70
-44
-65
-127
-164
-196
-260
-313
-355
-394
-447
-501
-539
-549
-529
-496
-437
-335
-219
-160
-112
-66
-28
10
55
85
121
153
160
132
119
91
59
73
95
103
112
112
116
157
165
176
236
292
318
354
374
345
332
345
361
376
395
393
378
371
356
336
311
289
260
219
171
114
26
-69
-145
-227
-313
-380
-446
-482
-471
-483
-519
-518
-510
-537
-527
-501
-519
-514
-479
-480
-489
-449
-407
-399
-393
-366
-319
-264
-197
-93
4
117
238
372
468
517
553
573
581
543
455
364
250
88
-48
-157
-242
-259
-215
-147
-59
62
189
314
455
589
666
703
725
709
674
607
523
436
341
249
135
24
-90
-215
-273
-334
-427
-463
-450
-483
-530
-540
-580
-615
-631
-671
-744
-754
-722
-713
-676
-615
-557
-449
-326
-222
-110
1
111
244
381
455
504
549
565
560
522
457
366
240
110
-23
-148
-259
-316
-323
-312
-251
-134
13
182
368
541
704
825
910
972
977
924
839
726
616
488
345
235
168
96
17
-58
-96
-79
-84
-120
-138
-175
-235
-273
-347
-477
-564
-622
-699
-746
-780
-830
-808
-749
-703
-657
-583
-490
-390
-274
-178
-97
-19
95
201
269
325
359
348
301
232
138
44
-28
-102
-174
-199
-233
-263
-235
-145
-48
49
188
342
481
579
642
672
679
701
718
694
653
593
542
490
401
343
354
373
360
330
251
142
51
-51
-183
-315
-431
-551
-664
-759
-834
-885
-909
-911
-886
-875
-863
-836
-789
-703
-623
-522
-379
-240
-151
-56
36
58
69
107
110
92
75
48
39
34
23
5
21
79
158
233
304
383
463
518
531
522
516
524
563
594
558
503
500
501
497
532
588
655
687
674
641
595
521
432
340
214
61
-75
-186
-315
-436
-520
-598
-678
-739
-775
-814
-840
-821
-780
-755
-728
-677
-617
-558
-481
-423
-389
-342
-293
-282
-297
-301
-316
-307
-243
-182
-132
-67
31
154
269
376
488
612
728
783
768
750
727
676
619
540
419
318
260
225
239
290
358
441
525
567
601
652
674
654
587
470
333
198
55
-78
-191
-313
-414
-499
-592
-652
-688
-720
-735
-734
-727
-704
-663
-617
-571
-551
-557
-577
-600
-639
-689
-727
-738
-740
-724
-665
-573
-514
-463
-359
-221
-62
110
270
429
568
663
743
796
815
836
841
781
686
607
542
491
457
427
412
403
391
393
403
406
418
421
381
344
319
284
251
232
194
137
72
13
-30
-83
-123
-138
-173
-216
-236
-264
-289
-291
-317
-373
-433
-515
-603
-693
-799
-903
-968
-999
-973
-912
-871
-833
-749
-634
-503
-351
-198
-48
83
205
313
386
453
561
656
684
681
671
663
687
699
681
686
700
699
700
683
621
542
456
333
216
118
43
9
1
-6
-1
17
27
54
92
115
150
174
137
107
91
54
18
-24
-69
-115
-167
-265
-387
-502
-605
-697
-775
-823
-839
-854
-866
-854
-803
-734
-651
-545
-455
-391
-337
-263
-199
-135
-58
33
119
179
222
272
349
444
534
626
712
749
765
786
796
783
753
666
552
453
335
216
124
39
-43
-91
-122
-162
-167
-140
-85
-24
5
44
96
118
114
127
131
113
73
22
-54
-147
-262
-383
-476
-547
-592
-600
-598
-624
-652
-649
-617
-575
-534
-480
-423
-378
-339
-318
-293
-257
-219
-190
-145
-105
-48
32
128
235
350
467
568
677
769
829
868
866
808
743
667
607
562
515
457
390
307
211
124
42
-33
-85
-118
-150
-180
-204
-221
-215
-181
-139
-83
-27
-2
23
36
10
-46
-118
-190
-241
-292
-357
-401
-423
-442
-430
-392
-362
-351
-348
-357
-369
-381
-376
-324
-269
-241
-201
-150
-130
-111
-76
-38
16
104
211
320
426
497
543
552
532
522
513
516
546
581
581
563
525
465
397
334
277
223
175
130
83
22
-61
-152
-215
-248
-294
-337
-331
-295
-267
-242
-232
-231
-227
-216
-215
-198
-180
-201
-240
-251
-254
-275
-302
-307
-304
-314
-317
-292
-270
-282
-285
-259
-240
-257
-252
-219
-179
-144
-93
-34
29
77
99
104
96
86
77
91
150
211
250
291
320
331
357
403
434
461
470
458
454
451
420
378
342
289
232
171
69
-41
-141
-239
-324
-383
-416
-412
-368
-309
-249
-189
-132
-72
-17
25
77
99
83
65
33
-21
-73
-107
-122
-99
-74
-64
-56
-62
-96
-124
-127
-106
-65
-28
16
31
-5
-61
-110
-169
-217
-207
-179
-140
-92
-51
6
72
121
176
258
336
412
497
547
591
623
595
546
495
407
323
247
146
43
-49
-163
-260
-325
-416
-474
-481
-497
-478
-396
-316
-240
-156
-84
-27
27
61
89
120
121
121
132
104
49
22
4
-17
-19
-11
12
28
-6
-76
-145
-222
-302
-351
-365
-362
-361
-366
-374
-385
-407
-404
-354
-290
-219
-117
-2
116
224
314
390
457
506
551
585
594
579
541
472
390
291
194
119
44
-35
-102
-173
-257
-334
-405
-455
-469
-450
-383
-277
-167
-57
53
148
236
334
421
486
523
498
441
381
283
188
126
54
-26
-87
-152
-216
-277
-357
-438
-487
-524
-553
-537
-507
-472
-432
-398
-371
-335
-299
-255
-179
-102
-23
62
144
219
278
328
363
395
433
471
503
541
563
547
514
471
412
335
262
191
121
39
-51
-136
-218
-296
-365
-392
-368
-277
-132
12
152
272
366
458
536
585
607
599
545
463
338
173
-1
-158
-288
-380
-452
-518
-577
-643
-703
-747
-777
-797
-793
-749
-683
-622
-548
-465
-391
-323
-250
-181
-110
-18
51
121
224
302
358
417
455
466
483
506
514
529
523
483
443
388
287
185
88
-9
-94
-177
-260
-324
-370
-390
-357
-278
-144
37
235
421
591
712
799
857
873
841
767
635
473
295
81
-127
-313
-473
-606
-693
-775
-842
-882
-906
-891
-837
-765
-681
-583
-488
-425
-380
-340
-289
-234
-182
-139
-102
-58
-39
-21
18
75
138
214
289
336
370
411
458
501
536
550
533
486
423
341
245
170
102
28
-31
-88
-148
-179
-173
-108
46
248
424
575
687
747
793
839
858
828
742
587
398
176
-59
-265
-438
-570
-643
-711
-796
-872
-937
-959
-924
-850
-768
-666
-581
-522
-475
-451
-431
-388
-322
-250
-203
-171
-137
-105
-53
26
117
215
310
376
417
454
489
521
564
580
568
529
453
366
285
207
139
90
26
-52
-108
-160
-177
-121
-6
167
366
527
652
741
785
832
875
858
788
659
457
212
-48
-296
-496
-637
-724
-761
-810
-872
-927
-975
-987
-945
-877
-780
-675
-598
-527
-463
-431
-394
-342
-313
-284
-254
-240
-207
-156
-96
16
133
236
334
397
416
462
512
545
594
605
561
515
448
348
273
216
162
129
72
-22
-93
-145
-158
-87
44
219
415
563
664
723
737
756
794
780
725
619
425
200
-41
-277
-443
-552
-633
-672
-723
-806
-857
-895
-926
-880
-811
-754
-649
-561
-532
-487
-440
-404
-325
-259
-233
-206
-189
-174
-114
-35
81
228
341
433
507
527
554
620
674
712
731
678
605
536
439
352
295
229
179
125
31
-58
-131
-161
-114
-10
148
334
466
562
644
658
668
729
742
679
571
389
153
-74
-292
-467
-593
-700
-770
-826
-918
-999
-1032
-1042
-999
-912
-839
-764
-685
-639
-598
-540
-474
-382
-290
-236
-202
-191
-174
-123
-49
61
206
347
448
517
538
539
591
666
711
730
690
585
476
386
296
234
199
155
94
1
-126
-236
-288
-262
-150
24
208
355
469
545
591
627
702
770
769
691
531
288
47
-146
-333
-469
-551
-646
-747
-837
-948
-1012
-992
-948
-859
-747
-679
-624
-562
-543
-510
-417
-332
-231
-143
-112
-95
-64
-23
64
189
286
390
478
512
531
561
587
642
705
718
693
613
510
430
347
273
223
164
77
-17
-125
-228
-281
-269
-190
-64
101
272
395
474
538
580
640
731
761
706
592
402
177
-19
-216
-380
-477
-576
-667
-752
-867
-960
-979
-971
-927
-830
-747
-673
-592
-532
-489
-421
-337
-245
-163
-106
-60
-23
16
78
150
237
324
375
408
444
460
497
561
608
618
604
548
465
375
292
234
166
99
38
-68
-187
-254
-303
-312
-267
-184
-61
109
245
349
447
494
549
648
702
674
600
448
266
84
-111
-303
-451
-564
-662
-745
-839
-924
-971
-960
-918
-872
-801
-713
-627
-529
-454
-397
-318
-228
-150
-65
-12
16
82
137
166
242
332
389
454
492
493
516
555
584
612
603
555
531
484
415
369
301
227
173
87
-42
-146
-213
-237
-206
-176
-129
-23
110
226
332
394
424
489
577
623
594
505
368
207
44
-128
-310
-454
-543
-614
-692
-763
-833
-874
-854
-824
-782
-705
-612
-520
-423
-352
-298
-232
-170
-101
-31
15
77
161
191
195
251
291
342
436
475
466
487
509
537
562
550
534
533
480
414
352
238
136
98
17
-119
-225
-296
-325
-314
-306
-274
-172
-30
124
258
327
351
398
470
528
517
445
341
213
34
-139
-296
-428
-498
-529
-571
-632
-682
-704
-701
-684
-633
-552
-489
-446
-405
-393
-391
-375
-339
-314
-287
-252
-190
-118
-88
-60
22
120
236
372
468
527
588
632
664
675
653
631
618
556
448
332
207
103
27
-58
-153
-247
-311
-313
-290
-284
-269
-175
-23
137
270
372
427
463
526
584
570
512
439
316
142
-41
-191
-313
-395
-427
-455
-506
-539
-548
-551
-548
-498
-425
-372
-346
-331
-339
-360
-357
-336
-340
-349
-303
-233
-182
-112
-42
23
135
279
392
467
542
598
649
681
690
661
622
594
536
432
330
226
131
55
-37
-142
-223
-291
-315
-307
-331
-336
-277
-159
6
172
283
381
452
480
513
527
495
462
392
241
68
-107
-282
-381
-442
-503
-521
-533
-555
-545
-561
-571
-496
-432
-394
-346
-341
-362
-334
-334
-357
-343
-317
-257
-181
-147
-122
-78
-23
75
178
230
294
365
401
463
521
515
549
593
553
500
443
353
274
205
95
-21
-128
-215
-263
-323
-375
-369
-351
-305
-142
29
131
260
381
406
419
470
483
445
405
321
168
-11
-162
-283
-384
-450
-448
-438
-463
-468
-463
-490
-468
-367
-290
-249
-199
-176
-194
-219
-243
-267
-275
-242
-191
-180
-186
-145
-86
-19
90
193
264
382
491
546
618
691
726
775
791
717
639
563
444
350
269
150
41
-50
-175
-296
-377
-426
-426
-401
-342
-222
-86
24
124
189
203
234
310
346
325
296
227
96
-34
-138
-267
-356
-364
-371
-400
-397
-393
-416
-416
-381
-336
-304
-273
-236
-234
-269
-280
-294
-325
-328
-290
-274
-261
-207
-135
-64
31
157
239
307
407
492
536
625
713
736
739
716
629
532
463
374
282
203
92
-43
-178
-309
-417
-484
-503
-477
-448
-409
-301
-177
-92
-1
104
156
216
306
348
333
312
249
135
32
-80
-174
-226
-270
-316
-339
-371
-406
-411
-421
-413
-362
-321
-307
-275
-253
-279
-283
-266
-283
-301
-251
-209
-198
-133
-44
8
76
185
248
304
411
507
574
679
759
776
785
764
692
620
564
478
388
291
155
-3
-146
-281
-386
-451
-484
-492
-490
-480
-436
-351
-253
-152
-46
51
105
172
254
280
274
283
239
152
96
36
-56
-105
-131
-178
-197
-206
-241
-261
-253
-260
-254
-246
-253
-245
-241
-263
-280
-294
-318
-296
-250
-230
-168
-71
-4
69
169
221
275
381
475
538
628
710
728
720
692
619
528
472
413
321
222
110
-32
-160
-289
-404
-475
-514
-528
-522
-542
-545
-494
-427
-337
-212
-121
-50
44
122
164
206
235
221
199
168
107
37
-7
-44
-71
-79
-101
-138
-155
-186
-234
-259
-287
-315
-305
-294
-328
-335
-334
-356
-331
-249
-202
-137
-6
78
129
210
267
301
385
483
535
594
661
697
687
658
597
512
451
409
344
249
151
34
-96
-223
-335
-429
-480
-502
-517
-543
-582
-590
-548
-480
-395
-289
-196
-103
-4
86
158
224
279
302
304
293
265
237
214
173
126
91
41
-22
-76
-157
-237
-282
-312
-337
-332
-327
-344
-333
-305
-293
-252
-173
-109
-30
69
116
140
205
261
317
401
470
509
574
623
626
599
555
505
472
445
395
325
233
130
22
-100
-221
-306
-384
-450
-492
-549
-619
-647
-650
-643
-582
-483
-402
-299
-182
-98
0
113
187
246
302
318
330
351
339
315
296
253
195
135
47
-33
-104
-164
-199
-223
-251
-267
-273
-286
-288
-265
-236
-191
-140
-95
-50
-14
10
50
94
133
198
248
276
322
358
368
382
364
331
325
315
281
248
195
120
59
-6
-92
-164
-230
-294
-345
-391
-435
-460
-474
-475
-435
-380
-310
-227
-152
-81
3
80
136
197
239
258
289
309
286
275
263
217
182
144
71
2
-40
-94
-127
-148
-177
-185
-186
-204
-204
-183
-175
-146
-112
-98
-72
-41
-30
-11
17
32
72
111
115
132
156
154
170
191
171
183
207
196
194
188
140
111
98
42
2
-26
-83
-123
-145
-189
-236
-260
-278
-270
-233
-185
-132
-91
-46
11
64
109
159
202
228
264
293
284
273
267
229
187
165
111
60
32
-12
-60
-76
-96
-120
-117
-129
-146
-139
-125
-127
-122
-112
-115
-111
-100
-103
-108
-105
-93
-82
-74
-58
-45
-33
0
32
45
68
103
130
151
174
168
146
141
127
85
47
12
-32
-75
-106
-149
-196
-218
-231
-225
-201
-175
-147
-112
-77
-31
12
44
96
131
147
170
180
156
153
141
106
99
89
52
35
15
-24
-35
-47
-76
-78
-73
-101
-96
-78
-102
-109
-97
-116
-118
-104
-106
-115
-107
-114
-113
-99
-94
-77
-46
-7
35
63
82
119
144
165
196
204
198
212
212
188
167
134
89
60
31
-18
-57
-91
-128
-138
-134
-131
-119
-104
-81
-50
-16
8
44
76
93
123
142
131
134
145
125
121
129
104
74
61
24
-12
-21
-48
-76
-75
-89
-100
-94
-100
-111
-105
-107
-109
-101
-99
-105
-104
-107
-105
-96
-91
-74
-53
-27
11
47
66
102
135
152
186
207
206
211
220
208
184
157
121
79
43
7
-35
-83
-120
-144
-161
-161
-158
-151
-133
-104
-78
-52
-26
-5
18
40
54
65
71
71
67
66
58
50
30
2
-18
-39
-62
-73
-82
-105
-104
-100
-121
-124
-124
-139
-139
-131
-150
-155
-147
-165
-173
-164
-162
-145
-105
-83
-54
-10
22
62
101
130
174
215
232
255
264
250
257
261
223
205
188
133
96
70
0
-40
-49
-84
-97
-84
-96
-97
-75
-72
-51
-21
-8
17
39
37
46
56
48
55
62
47
46
43
13
-3
-18
-45
-53
-52
-70
-73
-73
-92
-102
-99
-114
-117
-114
-129
-131
-126
-138
-135
-126
-130
-104
-74
-68
-40
-3
16
60
106
126
163
210
226
249
271
261
267
288
266
249
246
198
157
137
79
20
-3
-45
-83
-91
-107
-125
-122
-128
-127
-112
-103
-89
-65
-51
-32
-8
-1
10
29
24
23
33
16
-2
-7
-29
-50
-55
-72
-89
-94
-110
-127
-135
-150
-165
-173
-184
-196
-185
-181
-183
-171
-158
-147
-118
-91
-71
-36
6
43
85
120
146
180
214
230
249
259
259
269
262
240
217
191
148
113
74
20
-23
-53
-95
-128
-139
-151
-157
-151
-148
-147
-127
-107
-81
-45
-19
10
38
52
63
75
75
72
75
66
54
49
36
17
6
-10
-30
-39
-55
-73
-81
-94
-111
-119
-134
-146
-138
-137
-137
-122
-113
-101
-72
-53
-37
-5
26
53
93
122
146
182
205
222
243
252
253
263
249
227
210
175
131
97
53
-2
-34
-75
-119
-140
-162
-174
-167
-169
-167
-154
-141
-119
-87
-62
-32
6
26
43
65
62
59
65
58
52
57
46
31
27
10
-11
-20
-37
-55
-61
-69
-78
-86
-99
-113
-117
-116
-114
-110
-100
-88
-74
-59
-43
-29
-11
17
44
70
100
126
144
166
184
193
201
208
199
186
166
138
103
70
39
0
-39
-74
-112
-148
-174
-190
-205
-207
-202
-197
-184
-170
-152
-123
-89
-59
-26
2
15
29
43
48
56
68
74
76
80
72
60
53
44
39
34
22
11
-3
-26
-46
-59
-75
-83
-81
-84
-89
-84
-83
-82
-66
-52
-38
-10
18
44
74
104
125
152
179
198
219
231
238
238
225
208
187
158
130
100
61
18
-19
-59
-99
-127
-154
-178
-183
-189
-191
-183
-177
-165
-139
-118
-93
-66
-50
-38
-19
-7
-3
12
24
31
39
43
39
34
31
27
26
19
8
-1
-17
-34
-45
-58
-68
-68
-73
-82
-84
-93
-94
-85
-74
-63
-40
-18
5
33
56
80
112
142
167
192
211
224
233
230
220
211
198
173
154
125
88
52
13
-29
-62
-93
-114
-127
-141
-147
-150
-154
-154
-149
-141
-124
-104
-87
-70
-53
-45
-35
-27
-21
-11
4
13
19
28
27
24
21
15
6
-1
-10
-20
-33
-43
-54
-65
-72
-80
-94
-101
-107
-111
-103
-90
-79
-60
-37
-19
4
28
53
79
111
136
156
175
184
184
184
171
162
153
132
112
87
52
20
-12
-46
-72
-91
-111
-125
-133
-142
-146
-143
-139
-131
-113
-98
-80
-64
-45
-27
-7
8
25
41
53
68
82
88
93
100
99
100
96
88
78
66
52
38
25
7
-7
-23
-40
-54
-65
-77
-82
-80
-77
-67
-53
-44
-26
-6
12
38
63
81
102
121
127
141
150
149
150
149
131
114
98
67
37
12
-17
-41
-62
-91
-114
-134
-152
-165
-170
-173
-167
-154
-144
-133
-118
-111
-94
-69
-52
-32
-8
6
20
35
44
49
57
64
67
70
68
63
56
46
38
28
16
7
-3
-15
-25
-36
-47
-54
-55
-59
-54
-48
-39
-26
-9
6
24
44
60
78
93
103
118
127
131
136
132
121
106
86
61
37
9
-18
-41
-66
-95
-119
-142
-163
-175
-183
-185
-181
-174
-163
-150
-135
-116
-93
-73
-48
-21
2
23
44
61
78
92
104
111
117
116
113
110
102
90
81
69
50
32
14
-5
-23
-39
-52
-61
-69
-70
-69
-63
-51
-32
-13
10
38
62
87
113
133
155
176
189
200
206
203
196
186
167
147
124
96
66
35
-2
-37
-66
-100
-125
-146
-166
-181
-191
-196
-199
-195
-188
-178
-161
-144
-124
-101
-81
-60
-40
-18
1
19
34
44
51
56
57
55
50
45
38
26
14
-3
-20
-36
-50
-68
-81
-90
-97
-104
-105
-101
-94
-81
-63
-45
-23
-1
24
47
69
90
110
128
145
156
163
166
165
159
147
131
112
88
65
37
11
-15
-42
-63
-84
-105
-120
-127
-135
-136
-130
-124
-112
-96
-82
-63
-44
-27
-8
11
30
46
62
73
79
82
82
79
77
75
66
60
50
33
20
4
-11
-24
-41
-54
-64
-74
-81
-86
-87
-81
-72
-60
-45
-30
-13
4
23
41
62
77
94
111
118
126
131
132
132
126
115
101
84
68
45
23
3
-18
-39
-56
-75
-90
-103
-112
-116
-117
-113
-105
-97
-87
-72
-57
-42
-27
-10
7
25
40
51
60
65
69
71
71
66
62
53
43
31
17
2
-15
-29
-44
-57
-71
-84
-92
-100
-100
-97
-93
-84
-73
-65
-50
-34
-19
0
17
36
52
68
81
93
102
109
113
115
111
104
96
82
66
50
33
18
-1
-23
-38
-58
-77
-87
-98
-107
-108
-111
-112
-107
-101
-93
-80
-68
-57
-43
-30
-15
0
11
19
27
33
36
40
37
32
32
27
19
11
3
-6
-14
-21
-30
-33
-38
-39
-37
-36
-30
-21
-12
0
10
23
37
51
64
80
94
105
119
129
134
140
142
142
139
134
126
112
99
82
63
42
26
5
-15
-30
-47
-63
-74
-87
-95
-100
-102
-102
-100
-95
-90
-84
-76
-70
-62
-54
-46
-39
-33
-31
-29
-25
-23
-23
-24
-23
-23
-26
-29
-33
-35
-39
-42
-48
-50
-51
-52
-51
-48
-43
-38
-29
-21
-14
-5
6
18
32
45
62
78
95
110
125
139
152
163
170
176
178
176
170
163
151
137
122
106
86
65
44
20
-1
-22
-43
-63
-80
-96
-111
-124
-136
-144
-149
-157
-162
-165
-167
-167
-168
-169
-168
-163
-157
-152
-146
-141
-132
-122
-113
-106
-96
-84
-73
-62
-53
-40
-26
-14
0
13
26
41
55
65
76
86
97
109
124
133
144
157
167
177
188
197
207
215
220
223
222
219
212
203
191
177
162
144
122
98
74
47
20
-7
-32
-57
-82
-106
-128
-145
-162
-177
-190
-200
-208
-215
-216
-216
-215
-211
-203
-198
-187
-177
-169
-156
-141
-128
-114
-97
-82
-67
-52
-39
-26
-9
7
22
37
52
66
77
86
95
106
115
125
136
143
151
158
164
171
180
185
188
191
193
190
187
181
173
164
153
140
123
104
84
65
41
18
-6
-28
-51
-76
-100
-122
-141
-160
-174
-186
-198
-207
-209
-213
-214
-213
-207
-199
-189
-180
-166
-153
-140
-124
-111
-95
-77
-63
-49
-34
-20
-9
2
14
24
35
46
52
59
65
71
79
83
90
98
102
110
119
123
128
135
141
144
148
151
153
151
152
148
143
135
127
115
102
86
68
48
31
9
-12
-31
-52
-73
-92
-113
-132
-146
-161
-172
-181
-189
-194
-194
-194
-192
-187
-179
-171
-158
-143
-131
-114
-98
-83
-63
-46
-33
-15
2
17
32
45
55
68
79
87
96
105
109
114
117
118
118
120
122
122
125
126
127
127
128
128
130
129
130
129
127
125
119
112
106
97
85
74
60
43
25
7
-13
-32
-50
-69
-88
-106
-124
-140
-151
-161
-168
-176
-179
-182
-182
-180
-172
-163
-156
-142
-130
-117
-104
-91
-75
-61
-46
-30
-16
-3
10
21
32
40
49
60
68
75
81
87
90
93
95
99
101
102
105
105
105
105
104
103
103
103
99
96
92
89
85
79
74
66
58
47
35
22
9
-6
-20
-35
-52
-69
-84
-102
-114
-128
-141
-150
-161
-166
-173
-178
-177
-177
-174
-165
-158
-150
-138
-125
-114
-99
-85
-71
-55
-39
-27
-15
-2
9
20
32
41
48
57
64
71
78
84
90
96
103
108
111
114
117
123
125
127
130
132
133
132
130
130
128
126
123
119
113
105
97
86
74
63
48
35
21
5
-10
-26
-42
-57
-72
-84
-98
-109
-119
-127
-134
-138
-139
-139
-138
-133
-124
-119
-110
-98
-87
-76
-64
-51
-36
-24
-11
-1
9
20
32
41
49
55
60
66
69
71
73
76
76
77
76
73
73
70
67
64
60
57
54
50
44
40
35
31
26
20
14
6
1
-7
-14
-22
-29
-40
-47
-57
-66
-74
-83
-91
-98
-103
-108
-113
-115
-120
-120
-119
-116
-111
-108
-99
-92
-83
-76
-65
-52
-41
-28
-17
-6
5
15
26
34
44
50
59
65
72
76
78
81
83
83
83
83
80
80
80
75
74
73
68
65
62
57
54
51
48
43
41
36
32
27
22
16
12
4
-1
-9
-16
-23
-32
-40
-50
-57
-65
-71
-77
-84
-87
-90
-93
-94
-93
-89
-86
-80
-72
-65
-56
-45
-31
-20
-10
5
17
28
42
52
66
77
86
95
101
107
112
115
117
119
119
118
117
111
105
99
90
83
75
67
56
47
37
26
16
8
-2
-11
-18
-29
-35
-42
-50
-56
-61
-66
-69
-75
-78
-81
-86
-88
-91
-97
-102
-100
-104
-106
-107
-107
-106
-105
-102
-99
-94
-89
-81
-73
-64
-54
-45
-35
-26
-15
-3
8
20
31
41
49
58
66
74
78
84
89
92
95
97
96
92
91
89
84
80
71
66
59
48
40
31
20
11
3
-7
-17
-25
-33
-40
-45
-48
-54
-57
-59
-62
-64
-62
-62
-61
-60
-58
-54
-52
-52
-50
-48
-45
-40
-39
-33
-28
-24
-19
-12
-6
0
5
11
16
21
26
32
40
44
49
56
61
65
69
74
78
80
84
85
84
85
84
81
80
78
73
70
64
57
49
42
33
23
15
6
-3
-13
-22
-28
-34
-41
-46
-52
-55
-61
-63
-64
-65
-67
-67
-66
-65
-61
-60
-59
-56
-53
-51
-51
-47
-46
-43
-39
-36
-34
-30
-27
-23
-19
-15
-11
-7
-2
3
10
16
20
26
32
36
39
44
50
54
59
63
67
70
73
73
75
75
73
70
67
64
58
50
41
34
23
12
4
-9
-20
-31
-43
-52
-62
-73
-79
-87
-93
-98
-101
-103
-103
-102
-101
-98
-93
-90
-83
-77
-71
-62
-56
-49
-42
-35
-28
-19
-12
-4
3
10
18
25
31
37
42
46
53
58
62
66
70
72
75
79
80
82
85
88
88
87
87
86
82
80
78
72
68
64
59
51
42
32
23
13
5
-6
-15
-26
-37
-45
-56
-65
-72
-77
-85
-88
-92
-95
-95
-95
-92
-90
-86
-80
-73
-67
-60
-53
-44
-35
-29
-21
-13
-5
3
10
19
26
34
41
45
50
53
56
60
62
64
65
68
67
69
69
69
70
70
70
67
64
64
60
58
54
51
48
44
39
32
27
19
13
4
-3
-13
-22
-29
-40
-49
-59
-67
-74
-84
-88
-94
-99
-101
-103
-107
-106
-103
-100
-95
-89
-85
-76
-68
-60
-52
-45
-37
-28
-18
-11
-1
8
15
23
32
37
42
46
50
54
56
59
61
63
64
64
62
61
59
58
56
53
51
48
43
42
38
34
31
27
24
20
18
12
8
2
-4
-11
-18
-24
-29
-36
-41
-47
-53
-56
-58
-62
-66
-68
-70
-69
-71
-67
-64
-60
-56
-49
-45
-37
-29
-21
-11
-3
5
12
19
26
33
40
46
51
56
60
64
65
67
67
68
70
69
66
66
63
58
57
54
51
49
46
41
36
32
27
21
16
12
8
3
-2
-7
-11
-15
-19
-25
-29
-31
-37
-41
-46
-50
-54
-56
-59
-60
-61
-61
-61
-61
-61
-58
-56
-51
-46
-43
-36
-27
-22
-15
-9
-3
4
12
16
23
28
31
36
39
42
42
45
46
44
46
47
46
44
41
39
37
33
28
26
23
19
16
11
6
2
-1
-4
-10
-15
-16
-19
-21
-24
-27
-28
-31
-33
-38
-38
-40
-42
-43
-47
-49
-50
-52
-54
-53
-55
-53
-51
-50
-47
-46
-38
-34
-32
-26
-19
-12
-7
1
8
15
24
29
35
42
47
51
55
57
62
63
66
67
68
68
68
66
64
61
58
54
51
46
38
36
30
22
16
10
4
0
-8
-11
-15
-20
-28
-31
-35
-38
-41
-44
-45
-45
-46
-47
-46
-48
-47
-46
-46
-45
-44
-43
-41
-38
-36
-34
-28
-25
-22
-18
-14
-10
-3
1
6
12
16
22
28
30
36
41
43
46
49
50
54
55
56
57
57
58
57
56
54
52
50
48
44
40
36
28
25
19
14
10
3
-1
-6
-11
-16
-22
-28
-33
-37
-42
-45
-46
-51
-52
-55
-56
-58
-57
-57
-59
-59
-59
-59
-56
-55
-53
-49
-48
-47
-43
-40
-37
-31
-26
-22
-18
-12
-9
-4
3
6
9
15
19
22
27
29
31
34
39
39
41
43
43
41
41
42
39
39
37
36
33
33
29
25
24
21
18
16
12
9
5
2
-2
-4
-7
-11
-13
-16
-18
-19
-19
-19
-21
-22
-20
-19
-19
-20
-21
-19
-18
-19
-16
-15
-15
-12
-11
-8
-6
-4
-1
1
4
7
10
13
16
18
19
22
24
27
29
28
30
31
31
32
30
31
29
27
27
27
25
23
21
18
18
13
11
8
4
-1
-5
-8
-13
-14
-18
-20
-24
-27
-29
-31
-30
-33
-33
-35
-35
-35
-35
-37
-36
-35
-33
-33
-30
-28
-28
-26
-24
-22
-21
-20
-17
-14
-10
-9
-5
-1
2
3
6
8
12
15
16
18
19
22
24
26
26
27
26
28
27
27
29
28
27
27
26
25
22
22
21
18
18
16
14
12
11
6
4
0
-3
-4
-6
-8
-11
-12
-15
-16
-16
-18
-19
-20
-22
-23
-23
-24
-23
-23
-22
-21
-21
-20
-20
-20
-17
-16
-15
-14
-13
-11
-10
-6
-4
-2
1
3
4
5
8
10
9
11
13
13
13
15
15
17
18
19
18
16
17
16
15
15
15
16
15
14
13
12
12
11
9
7
7
4
2
1
1
-2
-5
-6
-9
-9
-11
-10
-11
-13
-12
-12
-12
-12
-13
-11
-10
-10
-9
-8
-7
-6
-5
-4
-3
-1
0
0
-1
2
0
2
4
4
6
6
7
8
9
10
11
11
12
12
12
12
11
11
10
11
9
10
8
8
7
5
6
5
6
5
3
2
2
-2
-3
-3
-6
-7
-8
-10
-11
-13
-12
-14
-14
-15
-16
-16
-16
-16
-15
-15
-14
-15
-14
-13
-13
-10
-11
-10
-9
-7
-7
-7
-7
-5
-5
-4
-2
-1
2
3
4
5
6
7
8
8
9
9
11
11
10
12
10
11
12
9
10
11
8
8
8
7
5
7
4
2
2
1
1
1
0
-1
-2
-4
-4
-5
-7
-7
-7
-5
-7
-6
-4
-6
-5
-4
-5
-3
-2
-1
-1
-2
0
0
0
2
2
3
4
4
4
4
6
6
4
2
4
4
2
4
4
2
3
3
3
3
5
4
3
3
3
3
4
3
4
3
2
3
2
2
2
2
-1
-1
-1
-3
-1
-2
-3
-3
-4
-4
-4
-6
-5
-8
-6
-6
-7
-4
-6
-5
-6
-6
-4
-5
-5
-6
-5
-3
-3
-4
-3
-2
0
0
0
1
2
1
2
1
1
0
2
3
2
3
3
3
3
3
3
5
4
5
3
4
5
2
3
0
1
2
2
2
2
1
-1
-1
-1
-1
-1
-3
-1
-4
-3
-1
-2
-2
-2
-3
-6
-5
-5
-6
-6
-6
-6
-7
-7
-8
-7
-8
-6
-6
-7
-7
-5
-5
-2
-2
-3
-3
-2
-1
-2
-1
1
-1
2
4
3
5
5
6
6
6
6
6
6
5
7
6
5
5
6
6
6
5
5
7
8
8
8
8
7
8
5
4
5
4
3
2
1
0
1
1
1
3
2
1
1
1
0
0
1
2
0
1
1
2
2
3
1
3
2
2
2
2
1
0
1
1
2
0
-2
-1
-2
-3
-3
-5
-4
-4
-6
-6
-7
-8
-6
-7
-6
-6
-5
-5
-6
-5
-6
-5
-5
-7
-6
-5
-5
-5
-7
-7
-6
-7
-7
-7
-8
-6
-5
-5
-5
-4
-4
-2
-1
-2
-2
-2
-1
-1
0
1
1
2
2
3
4
3
4
4
4
3
3
3
4
5
4
6
5
6
5
5
4
6
5
4
5
3
2
2
3
1
2
0
0
2
1
0
0
-1
-2
1
-1
0
0
-1
-1
-3
-1
-3
-3
-3
-3
-2
-4
-3
-2
-4
-4
-3
-4
-2
-1
1
1
2
2
2
2
1
1
2
2
2
4
4
3
5
4
4
3
4
5
5
6
6
7
7
9
7
8
7
7
6
6
6
7
7
4
6
4
5
4
1
3
2
1
1
1
1
0
-1
-2
-4
-4
-3
-6
-6
-6
-6
-7
-9
-12
-10
-11
-11
-11
-11
-12
-12
-11
-11
-10
-8
-7
-7
-5
-7
-6
-5
-4
-4
-3
-3
-3
-2
-2
0
1
0
-1
1
1
2
5
4
5
6
6
6
6
6
4
3
5
4
3
3
3
3
1
0
-1
-1
-2
-3
-2
-1
-2
-1
1
0
0
-1
-2
-1
-1
0
-2
-2
-2
-4
-4
-1
-2
-3
-2
-2
-2
-1
0
1
0
1
2
0
2
2
1
2
3
3
3
4
3
2
4
4
5
5
5
6
6
7
6
5
6
6
6
6
5
5
6
4
3
4
5
4
4
2
-1
1
0
0
0
0
0
0
-1
-2
-2
-1
-1
-2
-2
-3
-2
-2
-1
-2
1
-1
-1
1
-1
-1
-1
0
1
3
2
1
1
-1
-1
-1
-1
-1
-2
-2
-2
-3
-3
-4
-4
-3
-3
-5
-3
-4
-5
-4
-4
-4
-4
-3
-2
-2
-4
-2
-3
-3
-1
-1
-1
-1
-3
-1
-1
-3
-2
-2
-2
-2
-2
-2
-3
-4
-2
-3
-3
-3
-2
-3
-4
-4
-3
-4
-5
-5
-6
-3
-2
-5
-2
-1
-2
0
-1
0
0
1
2
3
2
4
5
6
6
6
6
7
8
9
7
8
8
5
5
5
5
5
5
5
6
7
4
4
4
3
1
1
2
0
-1
-1
-3
-5
-4
-5
-5
-6
-7
-6
-6
-6
-6
-5
-4
-3
-4
-3
-3
-2
-2
-2
-1
-2
-1
0
0
1
1
2
1
2
4
5
4
5
5
3
5
5
6
5
5
6
7
7
7
7
7
8
6
5
4
4
4
3
5
6
4
3
3
2
2
2
1
1
-1
0
-1
-3
-4
-5
-4
-6
-5
-5
-6
-8
-8
-7
-9
-9
-9
-8
-6
-7
-6
-7
-8
-7
-7
-6
-6
-4
-6
-4
-4
-6
-4
-4
-5
-6
-5
-3
-2
-2
0
0
0
0
0
0
1
2
0
0
0
0
1
0
0
2
2
1
3
3
4
4
3
3
4
3
4
3
2
3
3
3
2
1
3
2
1
1
0
2
2
1
2
0
1
2
3
1
2
3
2
1
2
3
1
2
2
1
2
2
0
2
1
1
2
0
1
0
-1
-1
0
0
1
1
2
2
2
2
1
2
2
1
2
1
1
1
2
4
3
2
2
1
0
2
3
2
1
1
1
1
1
0
1
0
0
-2
-3
-4
-4
-5
-4
-5
-4
-5
-3
-4
-4
0
-2
-3
1
0
-1
0
-2
-1
0
0
-1
0
-1
-1
0
-1
0
0
-1
0
0
-1
-1
-1
0
-2
0
-2
-2
-1
-4
-3
-3
-2
-1
-3
-3
-2
0
-2
2
0
0
1
1
0
0
1
0
0
0
0
-2
-3
-3
-3
-3
-3
-2
-3
-2
-2
0
-1
-1
-1
-1
0
-2
-1
0
-1
-1
0
1
1
3
0
0
1
1
1
1
2
1
2
4
5
5
5
7
7
6
7
6
7
8
7
8
8
6
8
7
5
6
5
4
5
3
4
3
2
1
0
1
0
-1
-1
-1
-3
-3
-4
-4
-3
-5
-6
-5
-5
-4
-4
-6
-5
-3
-3
-3
-4
-3
-3
-3
-3
-3
-2
-3
-4
-2
-3
-2
-2
-4
-2
-3
-1
-4
-4
-4
-5
-3
-4
-3
-2
-3
-4
-4
-2
-4
-2
-2
-2
-2
-3
-1
-1
1
1
1
1
2
1
1
2
3
1
3
2
3
4
5
5
4
3
5
4
3
3
4
5
4
4
4
5
3
4
2
2
3
2
1
1
0
-1
-1
-1
-1
-1
0
0
0
-1
0
-1
0
-1
-2
-2
-2
-1
-1
0
-1
1
0
0
2
0
0
-2
0
-1
-2
0
0
0
-2
-1
0
1
1
-1
1
0
0
0
-1
2
1
2
1
2
1
0
1
1
1
1
1
-1
1
0
-1
1
0
-2
-1
-1
-1
-1
-1
-2
-2
-1
-2
-1
-3
-4
-3
-3
-4
-3
-4
-4
-5
-6
-5
-5
-4
-3
-4
-2
-2
-1
-1
2
2
0
1
2
1
2
3
3
5
3
4
5
4
4
6
6
7
5
4
2
5
4
3
1
0
1
0
0
-3
-2
-2
-2
-3
-1
-3
-2
-4
-4
-2
-3
-3
-3
-3
-2
-3
-2
-1
-1
-1
0
0
-1
-2
0
-1
1
2
0
1
2
0
1
1
3
2
2
3
3
2
2
3
2
1
3
2
2
2
1
1
3
1
2
1
1
1
0
0
-1
0
0
-1
0
-3
-2
-1
-1
-1
-2
-2
-4
-5
-5
-5
-5
-4
-5
-4
-2
-3
-2
-2
-1
-3
-2
-1
0
0
1
1
-1
2
2
3
2
3
3
2
4
5
5
4
3
3
4
3
4
6
7
7
6
3
6
3
2
3
3
2
0
2
1
2
0
3
1
1
0
-1
0
-2
0
-1
-3
-3
-3
-5
-5
-3
-3
-4
-3
-3
-4
-4
-3
-4
-4
-4
-4
-2
-3
-2
-3
-4
-5
-5
-3
-4
-6
-4
-4
-3
-2
-1
-2
-1
-1
-2
-1
-2
1
0
0
0
-1
0
0
2
1
1
2
3
2
3
1
1
2
2
3
3
3
3
3
3
3
4
3
2
3
2
1
1
4
2
2
2
2
1
-1
0
1
0
0
0
-1
-1
-3
-2
-3
-2
-2
-2
-1
-1
-3
-2
-1
0
1
2
0
1
2
1
1
1
3
2
3
3
3
3
4
4
4
5
3
4
2
1
0
1
1
1
1
0
0
-1
0
-1
0
-1
0
1
1
1
2
1
0
1
3
3
2
2
1
2
2
2
2
-1
-1
0
0
1
-1
-1
-1
-3
-4
-3
-6
-6
-5
-6
-7
-7
-6
-5
-6
-6
-6
-6
-5
-5
-5
-5
-4
-4
-4
-4
-2
-2
-2
-1
-3
-3
-2
-1
-2
1
-1
0
0
0
1
0
0
1
1
1
1
2
1
0
1
0
2
1
-1
0
1
1
1
1
0
-1
1
-1
-1
1
-1
2
2
2
2
2
2
2
2
2
1
2
0
1
1
