8
4
2
4
3
3
5
4
3
1
3
1
-3
-2
-2
-4
0
1
-1
-3
-3
-6
-6
-8
-7
-8
-8
-5
-8
-8
-9
-10
-11
-13
-11
-12
-12
-12
-12
-11
-9
-11
-12
-11
-10
-10
-10
-9
-10
-10
-9
-6
-5
-3
-3
-4
-6
-4
-2
-3
-1
-1
-3
-3
-2
-2
0
1
3
4
4
8
7
7
7
6
7
8
8
8
8
8
7
7
9
11
10
9
9
10
10
13
12
13
14
13
11
11
10
9
11
12
12
13
13
13
10
8
7
9
9
7
6
6
3
3
2
0
0
2
1
-1
-2
-2
-3
-4
-4
-7
-7
-8
-8
-9
-12
-11
-9
-9
-9
-12
-14
-13
-13
-11
-11
-11
-11
-12
-13
-12
-10
-11
-11
-11
-11
-13
-13
-13
-14
-13
-14
-11
-9
-9
-9
-8
-8
-6
-3
-4
-4
-2
-2
-3
-1
0
1
3
-2
0
0
0
2
3
5
5
7
6
8
10
9
9
9
10
14
13
13
12
12
12
13
14
16
13
15
15
13
15
12
12
10
8
9
8
9
10
8
8
8
6
5
5
7
7
6
4
4
2
-2
-3
-2
-1
-3
-6
-4
-3
-4
-7
-7
-7
-7
-8
-8
-8
-8
-8
-7
-7
-8
-6
-9
-9
-9
-7
-9
-11
-9
-7
-7
-5
-6
-8
-7
-9
-7
-7
-6
-6
-8
-7
-5
-5
-6
-5
-5
-6
-7
-4
-1
-1
1
0
1
0
0
2
0
0
0
3
3
2
2
2
2
1
3
5
4
4
4
3
4
5
6
6
8
9
6
7
8
9
8
6
7
6
5
7
7
6
4
3
3
5
4
5
6
4
4
1
0
1
0
2
1
-2
-3
-3
-1
1
-1
-4
-1
0
-3
-4
-4
-6
-6
-7
-5
-5
-6
-6
-6
-6
-5
-5
-6
-9
-9
-8
-11
-10
-7
-6
-6
-7
-8
-6
-5
-5
-7
-6
-3
-3
-1
-1
-3
-2
-2
-2
-1
-2
0
1
0
2
2
3
2
3
3
5
4
3
3
5
7
7
8
6
6
9
7
7
9
8
9
10
12
11
7
7
11
8
8
8
8
9
7
7
5
5
3
2
5
3
4
3
1
2
0
1
0
-1
-1
-1
-2
-3
-4
-3
-4
-7
-5
-5
-7
-10
-11
-10
-7
-8
-7
-7
-7
-8
-10
-9
-11
-9
-8
-6
-5
-8
-7
-5
-5
-8
-7
-9
-7
-7
-6
-6
-6
-4
-3
-2
-3
-6
-3
-2
0
-2
0
1
1
1
0
0
1
3
1
2
3
5
6
7
6
5
7
4
6
7
7
8
8
6
6
7
6
7
6
5
7
7
6
7
7
8
8
8
7
7
5
5
6
5
5
3
1
2
2
2
2
1
1
-1
-1
-1
-2
-3
-2
-3
-2
0
1
-3
-4
-2
-3
-3
-3
-5
-4
-4
-6
-4
-6
-7
-8
-8
-6
-6
-7
-6
-5
-2
-5
-5
-4
-5
-4
-4
-5
-4
-6
-5
-3
-4
-4
-4
-5
-3
-3
-4
-2
-3
-1
-2
-3
-2
-2
-1
2
2
0
2
3
1
5
3
2
5
5
3
4
5
5
5
7
5
6
7
6
7
9
8
9
8
6
7
9
9
9
7
7
7
6
4
2
2
1
0
2
2
1
-1
0
2
1
2
-1
0
2
0
-2
-3
-4
-5
-6
-5
-5
-5
-4
-4
-3
-5
-6
-5
-7
-6
-5
-5
-6
-6
-5
-7
-4
-6
-7
-6
-7
-6
-6
-4
-5
-4
-2
-2
-3
-4
-2
-1
0
-1
0
-2
0
0
1
2
1
1
1
1
2
3
4
4
3
3
6
5
3
4
3
5
5
5
1
2
2
2
5
5
4
5
5
3
3
5
5
3
2
3
3
1
1
1
1
1
2
4
2
3
2
-2
2
0
-1
-1
0
0
-1
0
1
-1
-1
-2
-3
-2
-2
-3
-3
-4
-3
-2
0
1
-1
-2
-2
-1
-2
-5
-2
-3
-4
-1
-1
-1
-4
-3
-3
-1
-2
-3
-1
-1
0
0
-2
-1
-1
-3
-2
-3
-4
-4
-2
-2
-3
0
-1
0
0
0
2
1
1
-1
1
1
1
2
-1
-1
-2
-2
-2
0
0
-2
1
2
3
2
-1
2
3
2
3
0
3
3
3
4
3
3
1
1
3
2
2
2
2
2
2
1
1
-2
0
0
1
1
0
1
-1
1
1
0
0
-2
-4
-2
-2
-2
0
0
2
1
-1
0
-1
-2
0
-1
0
0
0
1
-2
-1
-4
-2
1
1
-1
-1
0
0
0
0
0
1
2
0
2
1
2
3
0
1
1
-1
-1
-1
-3
-1
-2
0
0
-1
-2
-2
1
-1
0
0
0
1
1
1
0
0
0
-2
0
1
0
1
-2
-2
0
1
1
2
1
-1
0
1
2
0
0
-2
-4
-2
-3
-2
-2
-3
-1
-2
-1
-2
-2
-3
-3
1
2
2
0
1
2
2
2
2
3
2
2
0
1
0
-1
-2
-3
0
0
1
3
1
0
1
3
3
3
3
1
4
4
4
2
0
0
3
3
2
3
3
2
2
1
1
0
-1
0
1
3
3
0
1
2
1
-2
1
1
0
0
-3
-4
0
-1
-2
-3
-5
-2
-2
1
-1
-1
-2
-2
-2
-2
-1
-1
-3
-2
-3
-7
-5
-5
-7
-3
-2
-2
-3
-2
-3
-2
0
1
2
-1
0
2
0
-1
-1
-2
-3
-2
0
-1
-3
0
1
1
-1
0
1
0
1
-1
1
3
4
3
2
3
3
2
1
0
3
2
1
3
1
3
3
3
3
5
4
4
6
3
3
1
0
1
1
2
2
1
2
2
-1
1
0
5
3
0
1
0
0
0
1
0
-1
-1
-2
-1
-1
-1
-1
-1
-3
-1
-2
-4
-5
-6
-4
-5
-4
-6
-7
-5
-4
-1
0
-1
-2
-2
-1
0
-2
-2
-2
-4
-3
-1
-2
-2
-2
-3
-3
-3
-2
-1
1
0
1
0
1
3
2
1
0
0
0
-1
0
0
1
3
4
2
2
1
2
3
6
7
7
6
4
5
4
4
3
2
-1
-2
1
1
1
2
2
3
3
2
1
2
2
5
5
4
3
1
0
0
-1
-1
2
-1
0
-3
-2
-2
-4
0
-1
-1
0
-2
-3
-3
-2
-1
-2
-3
-1
-2
-4
-4
-3
-2
-3
-4
-5
-3
-5
-4
-5
-3
-6
-5
-4
-6
-5
-7
-5
-1
0
-2
0
2
1
0
0
-1
-2
-1
-1
2
2
-1
-2
-3
-3
-1
-1
0
4
4
1
3
6
5
7
4
4
4
1
5
5
5
4
0
4
5
3
2
1
3
5
6
5
6
5
5
5
5
4
2
0
-2
0
-1
-2
-1
-2
-3
-4
-3
-2
-1
0
1
-1
0
0
1
-2
-2
-2
-3
-4
-3
-1
-1
0
1
0
-1
0
-1
-2
-3
-3
-3
0
1
1
2
-1
-2
-3
-4
1
2
-3
0
1
0
-2
-2
-2
-1
-2
-2
-2
-5
-3
-2
-2
-2
0
1
-2
-4
-4
-2
1
-1
0
-2
-3
-2
-2
-1
-1
-2
1
1
-2
-1
-3
-1
0
-3
-3
-3
-5
-1
1
-3
6
5
-2
0
-1
3
-1
1
2
0
1
-1
1
5
6
7
11
9
7
5
3
-1
0
4
5
11
9
6
7
4
7
12
4
2
6
2
4
2
1
4
1
1
0
5
1
-3
-3
5
-1
0
7
-2
-4
-7
-2
-1
-1
1
1
-3
-6
2
-3
-1
2
-6
-2
2
3
-6
-9
-5
-11
-4
-6
0
-8
-15
-4
-17
-3
4
-13
-1
-1
-10
-3
-4
-5
-10
-5
-10
-8
-6
-6
-5
-2
11
9
2
3
-3
-5
8
3
14
22
7
-1
4
3
0
1
1
9
15
-1
0
-11
-20
3
9
12
4
8
7
-7
-2
9
-9
0
18
-4
-8
-15
-14
-4
4
-3
-2
2
-18
-26
-24
-23
-4
-1
10
15
-12
-19
-6
-8
-8
12
12
12
5
-13
-8
-8
-17
7
17
11
-4
0
18
-2
16
19
23
21
4
14
-5
-3
8
2
22
17
-2
15
-1
0
27
33
4
30
35
-7
18
0
-5
21
9
11
5
-10
-17
-3
32
4
11
23
-18
-11
-16
0
-7
-7
15
-24
-13
-3
-24
8
-18
-33
17
-20
-18
-26
-18
-29
-13
22
9
2
-51
-31
18
-40
8
45
-17
-30
-18
-1
-45
20
-8
-44
45
-8
-8
17
-10
-15
7
44
-15
-5
-26
-19
1
-26
22
1
21
-46
3
27
-5
34
-12
27
29
-22
47
-44
-2
16
-29
21
37
-37
-74
57
21
-48
74
28
-40
61
5
15
6
-35
-9
27
12
13
-29
25
23
-33
12
39
-81
26
100
-27
-43
55
4
-28
42
-5
4
-15
37
14
-21
-46
-5
22
30
-4
-39
-16
-42
27
21
12
-61
62
14
-40
13
-8
21
-12
67
-25
-37
71
-37
-21
24
-69
11
66
-12
-186
150
9
-175
140
22
-65
12
23
-61
44
26
-139
88
23
-92
80
-37
-25
52
-93
-51
149
-34
-141
183
-27
-95
161
-135
16
158
-155
-8
176
-192
45
177
-293
153
25
-163
106
-17
-139
60
126
-220
177
-16
-135
233
-54
-41
74
-123
124
35
-61
89
-121
101
33
-71
-141
141
23
-260
437
-324
27
281
-327
252
-217
149
84
-100
-25
67
60
-209
294
-216
-111
356
-382
196
-42
-96
142
-115
76
-61
14
31
-1
-73
-90
147
-199
177
-52
-90
229
-101
-97
106
-8
-74
143
-114
36
0
-70
63
-166
92
110
-224
287
-106
-125
190
-119
3
211
-30
-218
229
22
-119
-19
60
22
-1
98
-175
173
-25
-133
167
-180
121
-38
-200
415
-229
-29
149
-193
291
-278
156
142
-367
347
-245
68
176
-230
118
-221
317
-224
-137
379
-423
161
124
-124
101
-43
43
-169
201
96
-420
305
74
-204
186
-33
-147
197
45
-215
208
18
-257
43
84
11
-150
17
97
-112
79
-224
198
-35
-116
115
-235
275
-156
66
-194
123
56
-164
264
-102
-263
454
-138
-349
179
122
-365
68
233
-86
-156
244
-294
230
85
-345
335
-206
154
-18
-140
238
-122
-18
-17
91
-27
-35
80
-74
170
124
-436
374
120
-433
262
68
-16
-133
212
-27
-208
523
-343
204
-178
307
-216
-271
632
-491
128
-35
32
-67
180
116
-250
169
42
91
-125
-105
266
-419
161
-39
49
-144
225
-61
-227
538
-480
259
82
-465
414
-277
120
-195
-195
890
-1109
441
336
-561
288
89
-113
-156
453
-491
88
71
125
-405
247
-111
-235
620
-601
151
75
-331
637
-622
257
61
-311
537
-710
498
-340
440
-392
156
237
-609
647
-459
10
197
-156
-39
83
128
-379
453
-187
71
-150
45
309
-432
247
188
-380
196
-5
164
-267
16
559
-824
744
-373
-89
361
-274
236
-251
447
-235
-238
826
-690
9
735
-694
243
247
-384
302
-376
363
-223
353
-464
42
411
-644
752
-588
250
177
-347
128
158
-278
11
437
-563
318
-53
-169
254
-395
465
-475
482
-783
854
-626
108
145
-515
953
-1099
606
64
-338
139
178
-295
-54
454
-393
-134
389
-510
32
437
-600
230
329
-573
535
-399
284
198
-241
407
-654
713
-468
457
-534
33
511
-578
423
-239
-104
-78
600
-622
322
-121
248
129
-489
594
-416
85
489
-658
221
-113
451
-332
44
-114
260
181
-881
732
106
-821
959
-664
388
-87
57
-377
416
-38
-936
1700
-1387
222
678
-458
61
-289
616
-1162
1267
-1199
529
585
-1002
820
-553
575
-611
96
39
183
65
-185
129
246
-333
-81
37
-72
-110
210
-131
-256
479
-351
180
55
55
57
148
-86
-163
216
-38
-330
364
147
-1027
1155
-486
-36
500
-494
582
-408
283
-360
-109
756
-1257
1228
-568
143
158
-147
28
-196
290
-290
-42
332
-28
47
-370
678
-701
380
-36
-320
292
-221
430
-826
986
-587
-258
803
-817
181
294
-129
-714
1158
-784
-10
797
-1306
1049
-866
916
-590
-1
1077
-1679
1574
-1170
573
-134
-855
1474
-1784
1417
-870
486
-70
-309
484
329
-750
152
1253
-2002
1397
-795
655
-867
809
162
-1339
2279
-1973
977
-185
-275
331
-663
475
-604
447
348
120
-672
735
243
-1000
515
-41
-38
68
456
-977
1014
-15
-1482
2057
-1351
140
542
-1021
1461
-1445
804
-74
-386
542
-27
-296
-79
297
300
-727
651
-51
-496
875
-1321
1105
-729
434
256
-520
718
-783
575
-848
815
-380
-75
513
-768
995
-1189
365
679
-1086
887
23
-26
-698
531
100
-105
-453
450
167
-649
128
219
-326
32
497
-628
230
168
-466
324
-356
22
340
-211
391
-577
379
-136
-455
771
-795
1131
-811
104
409
-1051
1000
-584
189
216
-434
574
-565
1119
-1702
1651
-828
106
335
-224
-398
434
715
-2427
2945
-1836
419
320
-547
544
-165
-335
225
443
-1136
1114
-134
-518
320
192
-528
455
84
-135
206
242
-861
854
218
-1417
1684
-936
128
-469
1243
-1562
293
1630
-2131
1104
730
-684
-290
657
-74
-109
-328
753
-1109
1229
-996
669
-58
-478
754
-687
497
-470
440
-664
625
-12
-568
497
-561
373
-166
-195
489
-351
448
-111
-189
139
-400
95
281
-1032
1020
-531
623
-597
202
113
-491
227
-145
-446
1035
-585
133
434
-1115
768
-1108
1582
-1696
727
253
-619
342
-186
230
-580
906
-816
756
-589
417
-317
-572
967
-487
147
660
79
-490
590
584
-1147
545
544
-1094
687
-33
-18
-715
1323
-1337
366
593
-1159
1034
-838
533
-582
767
-704
-123
440
-354
-194
466
-166
616
-1008
974
-448
-237
880
-1673
1828
-1487
773
-70
-556
668
-519
762
-661
49
1575
-1520
1274
-479
121
427
-710
1250
-1615
1552
-146
-1090
451
595
241
-2061
2665
-1362
-592
1366
-785
-563
832
-1204
1008
-1313
1345
-1061
-33
814
-1385
2272
-2271
1300
176
-988
806
-798
-248
1068
-945
654
-268
773
-1222
1054
-824
354
119
-662
1242
-922
157
-67
309
-1028
981
-562
-272
692
-343
26
316
420
-616
1375
-481
-126
703
-1145
106
-43
470
-891
114
840
-1315
363
-102
64
-802
698
54
-1295
1856
-1914
1260
-718
512
507
-961
1844
-1898
2265
-1575
646
421
-1551
1292
-640
455
-565
-24
375
-595
779
-452
-253
1010
-1319
1073
-1015
688
105
-229
301
-176
294
111
-901
1294
-1264
779
-91
-181
-174
603
-702
169
119
-410
596
-306
425
-885
1139
-778
360
-645
1313
-919
390
292
-486
809
-807
695
-1068
743
234
-383
-793
1811
-1167
-3
469
-527
224
-251
1049
-1446
822
508
-1229
923
-882
821
-686
392
675
-1069
454
690
-831
-174
702
-752
583
-673
1055
-783
413
141
-1484
1736
-1299
641
-242
25
216
-277
466
-862
441
-19
-360
505
-286
-24
581
-1407
1778
-2019
1327
-101
-880
1498
-1464
550
238
-940
323
165
-190
-8
633
-833
1388
-1161
221
58
-687
1281
-1576
1548
-753
79
297
-33
-814
565
473
-1158
740
-132
1234
-1817
1235
282
-1391
1994
-1471
318
17
396
-246
-574
1715
-1474
141
609
-59
-1630
1649
-230
-1261
1831
-406
-718
1064
-111
-864
335
1114
-1676
1401
-167
-891
866
-431
380
-774
699
-422
327
-571
269
-572
759
-382
561
-369
-214
2059
-3285
2048
-411
-406
83
284
644
-1577
1833
-1338
185
196
-304
-275
227
-152
88
-400
811
-386
157
-500
857
-299
-679
1171
-721
64
129
131
-396
-279
705
-449
-311
1405
-1435
461
148
-883
913
-390
540
-683
647
267
-1235
724
-373
621
-244
-620
1030
-314
-529
300
320
-1016
729
-368
96
314
41
-553
877
-255
-174
-208
1009
-1557
837
587
-968
1341
-1564
2440
-2544
1742
-698
-835
2689
-3196
2147
-1445
1122
-542
-504
849
-618
522
378
-1496
1539
-864
-132
778
-1222
1683
-1012
254
-201
287
-750
861
-911
1302
-1170
714
181
-1239
2077
-2425
1412
-294
-579
499
-436
387
-785
1253
-1233
1095
-476
65
-26
-1051
1587
-1602
1515
-616
-21
107
60
226
-1119
2320
-3223
3755
-2752
392
1150
-1233
4
108
1362
-1932
1581
-351
-1054
958
-440
166
-298
965
-1359
2114
-2449
946
394
-1908
2760
-1978
734
1086
-1919
962
210
-516
245
491
109
-851
345
360
-1077
1068
121
-691
1576
-1814
1064
271
-1658
2426
-2605
2346
-1523
176
1158
-2062
2140
-998
-491
1683
-1528
1308
-2028
2831
-2500
518
1883
-2565
1779
-952
858
-718
393
-179
-1182
2532
-2804
554
1390
-1546
565
220
15
259
-1296
3579
-6449
6346
-4081
611
1952
-3398
4487
-3441
1587
-292
-248
178
-1026
1189
-16
-1238
1631
-974
350
-305
191
-199
738
-1424
2000
-2337
2144
-1271
-1106
2634
-3442
3468
-2196
1401
-689
218
-32
-312
628
-1100
1831
-1460
1098
-701
1021
-514
63
-28
560
-936
688
-625
393
-1302
1695
-1435
66
1460
-1452
1606
-1199
48
1084
-1310
497
357
-514
-42
1204
-47
-782
1016
-575
-499
1091
-822
-823
1764
-1329
178
-507
1003
-1526
1298
-532
252
-532
1002
-391
-956
1176
-644
-397
1331
-1163
366
-155
-46
25
-251
1027
-2467
3120
-2624
1268
-409
-102
1597
-2698
2940
-1295
-1064
1785
-2744
3108
-3309
2186
275
-1353
2224
-3308
2106
249
-2640
3208
-2532
1395
246
-1925
2751
-2205
1699
-1445
1512
-344
-1555
2534
-1140
-347
1544
99
-1116
837
665
-1842
1208
-362
444
-833
1354
-769
-97
682
-1155
2120
-1920
797
-72
-512
-303
-176
588
-603
1441
-272
-1904
3041
-2217
-673
2020
-1956
431
249
1045
-1566
216
1658
-1764
355
882
-1219
959
-555
595
-352
-263
957
-747
568
67
-1437
1937
-1765
853
-680
24
905
-1849
2296
-1955
884
936
-1577
1910
-1144
462
-340
-250
-19
-1281
617
-1381
2016
-1389
851
-1155
1034
-632
-1699
2743
-3401
3631
-2137
1232
-123
-739
991
-1652
2953
-1847
1626
-220
331
137
-248
-6
-495
304
722
-506
-362
346
485
-2172
2224
-586
-283
971
-768
173
443
-760
316
319
-1163
1183
-1519
1132
-539
-685
-475
1094
-223
-343
169
1125
-2243
1537
-722
-841
1469
-734
742
532
592
167
363
-1398
1167
-467
-393
882
-200
367
-532
275
494
-1572
871
-131
616
-1318
715
491
-1250
1588
-1163
1598
-1255
1089
-331
-2013
1328
-1610
886
-532
772
-1200
61
901
-1442
-271
447
395
-924
708
479
-1922
2697
-995
-37
1380
130
103
-961
546
-726
-632
2276
-2392
1404
2482
-2905
2262
-274
-465
-736
316
1226
-2708
1489
-20
-2370
966
-96
351
-90
1359
-727
983
-1332
-331
-1343
-305
561
-1088
1180
-313
1542
-1572
544
1085
-1174
637
451
-622
-367
561
-1571
450
1326
-534
897
480
-424
-495
605
-1474
854
340
205
70
1161
-460
-311
1387
-2010
1521
-815
361
325
-2287
2384
-2144
355
1281
-601
220
-673
8
-502
-624
1104
-1667
1516
-64
470
-719
1858
-1000
450
466
68
302
-1624
1136
-1747
252
1778
-1804
598
602
-861
327
428
388
-560
285
575
-1082
650
-1055
-372
-1461
-1114
1668
-1495
2166
95
953
-662
381
122
-2302
425
-17
20
777
-205
1334
-1229
378
616
-411
294
1566
-1554
1539
-771
-1180
2424
-3541
2577
-753
-556
2195
-1264
521
1220
-1679
808
1094
-462
-405
-1004
210
-1154
-41
2307
-2675
2335
135
-1014
204
-1097
1042
-957
173
747
-21
187
462
-1830
760
-177
-88
441
-269
920
-1880
169
207
-2333
1494
174
-242
-390
116
1036
-1296
417
824
-463
1277
-342
1086
-2137
-368
1542
-2373
1641
-89
430
-299
1120
-901
1
833
-737
-567
-7
2134
-2524
1862
172
-1062
429
-50
687
-846
1602
-1553
-948
814
-632
-109
1178
-398
-1558
2266
-1517
488
-894
1390
-312
346
1083
215
-374
-39
67
-737
-493
1031
1055
-2354
1373
-311
-509
687
-920
300
32
395
-1753
271
775
48
243
-463
1597
-1445
731
-1257
907
-932
456
1123
-2184
1673
-745
461
-518
225
-217
-922
1295
-957
513
-86
-345
1142
-1690
673
954
-1255
518
985
-968
449
-173
1139
-1411
1026
1415
-1644
1844
-797
-153
752
-431
-159
-450
477
-3779
727
6041
-1575
636
-1853
-2545
-434
1274
-901
-1077
1233
-878
597
565
244
-1714
222
585
-336
1447
-1265
-350
733
-1004
1814
-219
387
306
-1332
1062
643
1377
3067
-2154
-136
184
-2115
1303
-1666
1910
-1317
1618
2044
-2917
705
-1378
-84
658
-652
-350
-185
-73
-857
-246
-99
285
-501
-159
-507
76
379
710
153
-1409
186
-611
-653
1996
-935
-342
-162
-931
1863
294
105
-52
-461
924
256
-812
-2086
-1432
1858
-58
733
-165
-475
607
805
-278
-289
747
-240
654
178
401
-44
-318
156
495
-18
306
29
-612
368
1030
-397
38
857
-525
748
111
-1102
116
880
349
-290
988
-367
707
1312
-2847
180
460
-442
310
-743
-171
510
-666
-941
436
-68
835
444
-1215
1529
-612
-989
1660
-610
364
74
-358
229
-912
459
-627
-966
884
-1045
1018
-473
-1238
885
-1840
1026
363
-614
230
-540
630
-616
684
-617
-718
1123
-339
-79
203
-395
-1258
293
570
-273
18
-1423
337
598
-429
824
-858
256
1211
546
798
-836
-369
413
-290
298
-161
605
-447
-838
327
355
851
-703
-874
-171
916
733
-1458
-665
1384
1098
245
-571
600
930
-42
534
-770
750
160
-1278
1659
-219
-388
1465
-1231
-69
1053
-638
-1538
214
649
-1040
1034
151
-1782
905
378
-759
230
-105
629
-171
-178
-182
-22
546
-444
251
468
-128
525
-1481
-450
2157
-951
-726
769
-650
-22
776
-1589
-273
782
-410
378
17
90
-371
475
205
-853
701
-518
73
457
-775
473
-618
-32
822
-494
-145
-633
-140
398
29
384
-1082
462
990
-43
303
-1008
-351
733
1469
457
-1456
-473
1132
480
-1064
-782
-681
637
1334
-895
-588
102
1003
-480
-308
99
-1482
971
402
143
1427
634
1112
-338
-1119
-1236
-899
1200
-727
-832
-1159
366
2030
-1358
-1149
-483
523
1403
189
-1832
-1267
2325
1492
-418
-277
-38
1906
1826
-781
-1530
247
1232
1079
-1446
-1762
1003
777
-504
-1495
-1305
934
699
-502
-1504
153
1543
-327
37
-77
-92
1392
-268
-691
297
468
1140
-1373
-585
146
884
488
-1994
98
1281
656
-596
-1547
524
1183
-67
-443
-744
744
793
-572
267
-399
597
529
-1260
514
-252
-585
292
-673
-27
302
258
556
-322
-577
-261
-183
-66
-99
275
280
455
201
-565
527
328
38
-101
-255
-98
-88
726
-592
-366
907
-99
-295
-507
15
609
-84
-400
-452
388
484
-902
-689
711
80
-263
322
327
-267
-90
208
-403
234
479
-88
187
524
-558
-794
-159
454
-511
-489
938
-174
-342
-103
-327
259
405
608
-540
63
1351
-539
-713
256
517
337
-98
-569
29
382
-316
-500
-747
998
1027
-864
-415
-227
531
371
-869
-641
301
887
1016
-831
-771
1231
306
-232
-741
-422
965
183
-343
-741
-209
982
-695
-586
116
100
1628
-12
-682
223
-93
969
-762
-753
350
0
898
-805
-1210
64
868
368
-870
-280
587
445
-349
-1018
-755
746
1265
174
-727
288
768
-3
-317
-736
11
641
402
-504
-484
109
-95
114
-633
-112
512
-227
-152
-851
361
429
151
307
-519
577
217
-381
101
25
445
673
-71
-367
-262
212
2
-355
-202
395
524
-135
-391
-241
232
309
-47
-199
33
176
-75
-307
-10
139
113
370
-259
-44
357
5
-82
-205
416
64
-12
-83
-358
34
227
140
-371
-332
35
71
-195
-367
-330
72
283
-267
-258
-141
138
-198
-433
190
265
295
109
-129
-9
163
172
-1
63
409
380
84
196
-15
34
414
223
-19
215
331
44
-216
-140
366
59
54
-150
-256
323
2
-400
-238
273
5
-453
-483
-216
-13
-367
-466
-563
-293
-279
-1001
-645
-361
-451
-517
-441
-364
-209
145
-98
-50
9
135
-57
160
615
546
599
1004
1109
1082
1034
814
1011
1220
1141
1020
894
1034
926
425
294
91
-80
95
16
-380
-531
-644
-723
-1289
-1592
-1392
-1683
-1565
-1871
-2161
-1646
-1496
-1411
-1573
-1010
-502
-1146
-988
-879
-1017
-183
-78
-139
419
1092
1417
1174
1691
2312
2335
2771
3118
3274
3393
3453
3206
2802
2812
2273
1678
1523
1491
683
122
-74
-942
-1609
-2277
-3043
-3286
-3278
-3770
-4181
-4134
-4099
-4658
-4531
-3584
-3026
-2172
-1594
-1046
-565
-288
-331
-450
36
598
625
539
1178
1599
2175
3327
4286
4282
4093
4468
3787
2758
2746
3198
3049
3542
4181
3161
2441
1988
837
-713
-918
-706
-1796
-2132
-2359
-3074
-4105
-3828
-4110
-5289
-3890
-2947
-3550
-3528
-2726
-2841
-2863
-2041
-1634
-1154
108
854
-12
-96
128
-433
-934
-803
-800
-269
1551
3648
4600
4335
4555
4596
3378
2130
1881
2645
3538
4768
5375
4149
3168
2511
662
-1031
-657
-606
-1375
-1175
-1471
-3214
-4044
-4083
-4861
-5238
-3579
-2436
-3045
-2334
-1844
-2735
-2674
-1964
-2313
-1942
198
552
-236
177
328
-1086
-1459
-1370
-2005
-1320
40
1858
4311
5600
4894
4576
4639
3081
1498
2056
2949
4266
6074
6260
4234
3008
2743
-234
-1983
-1200
-1026
-1202
-1003
-2018
-4040
-4263
-4339
-5832
-5477
-3054
-2369
-2663
-2134
-2061
-2498
-2201
-1810
-2441
-1738
20
-10
-526
52
-34
-1128
-1416
-1855
-2196
-1832
-363
2648
5502
6166
5061
5460
4892
2123
1192
2078
3317
5445
7553
6481
3814
3287
2073
-1774
-2961
-1912
-1204
-624
-381
-1198
-5006
-5794
-6125
-7497
-4722
-1718
-1710
-2374
-1273
-1490
-2060
-1142
-1869
-3082
-838
1567
438
-372
-488
-1102
-1740
-1163
-1739
-3162
-2359
-1163
1470
5675
6980
5351
4941
4806
2548
973
1892
2846
4997
8406
7619
4212
2927
1875
-1556
-3454
-2715
-1903
-321
596
-2569
-5391
-4301
-4492
-5902
-4897
-2650
-1231
39
934
-1187
-2412
-1086
-1229
-2129
-1039
145
-748
-1264
-1231
-2076
-2934
-2359
-3097
-4038
-3374
-3191
-1711
2891
7008
6454
6147
7590
6319
3244
2234
2587
3742
7482
9576
6956
3629
2736
215
-3259
-4066
-3920
-3395
-1111
-46
-3465
-5795
-4693
-5100
-6245
-3999
-1432
-371
1496
2012
-275
-1364
198
-347
-1782
-661
-179
-1801
-2084
-1677
-3559
-4344
-3481
-3970
-4874
-4547
-4381
-3215
2404
8019
8470
7434
8885
8031
4244
2987
3346
3953
6935
9983
7659
3608
1706
-1070
-4711
-5844
-5243
-4558
-1873
-427
-3124
-5528
-4838
-4340
-4916
-2961
104
1720
3351
3902
1382
-496
164
193
-1199
-1117
-1008
-3071
-4294
-4408
-5446
-6323
-5231
-4782
-5339
-4608
-4416
-4241
345
8500
12302
11390
11995
11751
7365
3904
3419
2428
3453
8169
8760
3455
-232
-2980
-7355
-8413
-6330
-5875
-4269
64
46
-3219
-3594
-2857
-3421
-1534
2922
4382
4747
5864
3680
-185
-1275
-1386
-3047
-3751
-3496
-5318
-7497
-7900
-8092
-8138
-6402
-4523
-4048
-3242
-2015
-2064
-1679
3716
13201
18694
17707
15481
12525
6452
1072
-645
-2210
-1439
4201
6132
450
-4826
-7027
-10353
-10676
-6381
-3316
-823
3131
4933
2978
1357
481
-761
1437
5788
6125
3845
2651
643
-2913
-5379
-6671
-7592
-6481
-5151
-6625
-9256
-9784
-8837
-6775
-3629
-918
1334
2880
3155
2581
1679
1163
5391
15319
21378
18002
12203
7400
593
-5400
-7481
-8314
-6078
1949
6261
1597
-3948
-6756
-8160
-6191
-1537
1145
4044
8758
8906
4523
1699
-289
-2163
-259
2490
1011
-1184
-2069
-4948
-8033
-7886
-7158
-6484
-3602
-2691
-4898
-6208
-6833
-6573
-3432
729
3093
5142
6549
3792
-196
-1574
-2489
-978
7866
17948
19005
13701
8213
593
-6973
-8965
-8120
-6275
1264
9149
7665
742
-4595
-8063
-7792
-2276
2318
4465
7431
8200
3739
-1600
-3938
-4838
-3302
505
1674
-23
-1873
-4360
-6994
-6960
-4634
-2224
-252
354
-1493
-4630
-6995
-7889
-5757
-1415
2648
5463
6023
3543
25
-2473
-4019
-4243
-749
8462
18269
20767
15056
6884
-585
-6590
-8747
-8112
-5520
868
7380
6863
285
-6199
-9955
-8067
-1157
4608
7013
7535
5328
1190
-2201
-5028
-5999
-2891
1529
2973
927
-3187
-6542
-6024
-2849
-527
944
2052
1150
-2154
-6585
-10187
-10370
-6023
348
4525
5692
4694
2018
-868
-2815
-4226
-4598
300
12592
23453
22734
12848
3071
-4049
-9361
-11113
-10389
-6534
1736
8200
5379
-2514
-7767
-8679
-3383
4851
8496
8503
8459
4735
-3327
-8248
-7454
-3620
1106
3736
2788
-3
-3137
-5588
-5416
-2303
1758
4359
3122
-2124
-7924
-11951
-12790
-9678
-3460
3509
7850
8313
5642
1857
-1448
-4270
-5997
-5813
-1549
9290
22337
25069
14950
3931
-3354
-9852
-12822
-11570
-8241
-372
8625
8821
1144
-5413
-7868
-3977
5064
9948
8661
6482
2583
-3844
-8081
-8493
-5109
923
5294
5419
1447
-3463
-5590
-4317
-1604
1243
2958
1194
-3726
-9520
-13780
-14281
-9844
-2058
5591
9695
9201
6436
2830
-1176
-4602
-6861
-7651
-4604
5826
20350
26327
18028
5733
-2971
-10279
-14376
-13353
-9288
-549
10041
12017
4557
-3619
-8299
-5827
3941
10309
9917
8374
3933
-4446
-10054
-10965
-7947
-172
6830
7959
3992
-2155
-6621
-6408
-3407
-581
1847
1476
-2671
-8314
-13260
-14407
-9670
-1144
6865
10952
9887
6083
2394
-1344
-5289
-7906
-8017
-5279
1750
13756
24236
21996
10032
256
-6501
-12220
-12908
-8914
-2722
6506
12195
8163
204
-5713
-6460
99
8261
10032
7609
3487
-3781
-9428
-10525
-8872
-3161
4639
8528
6476
-73
-6517
-7718
-4355
-1396
608
1427
-1033
-5777
-10570
-13060
-10513
-2914
5089
9813
10104
7141
3222
-1280
-5261
-7445
-7770
-6736
-4048
3484
17550
26697
20102
7215
-964
-7047
-10925
-9455
-6270
-475
8203
11301
5007
-3179
-8234
-6404
2757
9607
9179
5144
-1054
-7924
-10912
-10157
-7445
-1113
6184
9896
7139
-1371
-8075
-7461
-3246
-384
1358
892
-2163
-6266
-10382
-12067
-8653
-1410
5586
9497
8913
5695
1918
-2468
-6172
-7748
-7344
-5412
-1343
7135
19987
25828
17579
5543
-1862
-6721
-9546
-8592
-5805
18
7489
8155
1391
-5691
-8328
-4018
4265
8484
6858
3122
-2349
-7767
-9477
-7747
-3975
1245
6293
8810
6117
-1415
-6944
-5970
-2335
842
1857
-487
-4344
-8104
-10886
-10719
-6300
-77
5751
9394
9477
6730
1818
-3699
-6534
-6224
-5434
-4699
-2935
4273
18404
26560
18963
6096
-1922
-6824
-9028
-8799
-7776
-2314
6091
7846
1601
-5292
-8533
-4797
4149
9449
8362
3631
-2825
-7721
-8127
-6087
-3219
1247
5970
8458
5624
-2166
-7888
-6590
-1791
1639
1721
-1524
-5507
-8528
-10178
-9207
-5019
748
6114
8883
8186
5266
625
-3568
-4898
-4737
-5060
-5726
-5291
1170
15373
25198
20620
9787
1440
-4853
-8854
-10238
-9668
-3945
4562
7501
3113
-3750
-7799
-4730
3260
8681
8807
5209
-1074
-6189
-7303
-6308
-3838
356
4219
6471
4888
-1487
-7137
-6462
-2105
1419
2046
-1144
-5538
-8660
-9926
-8924
-5107
386
5357
8226
8504
6095
1353
-3229
-4620
-4307
-4669
-5335
-5603
-539
13370
25372
22631
10909
1173
-5238
-8663
-9608
-9149
-4566
3751
7975
4343
-2822
-7738
-5544
2398
9033
9883
5768
-1070
-6459
-7737
-6625
-4323
-992
2318
4766
4218
-1201
-6554
-6123
-1405
2375
2323
-1161
-5576
-8528
-9354
-7792
-3998
802
5122
7217
7062
5428
1904
-1891
-3361
-3526
-4576
-5585
-6550
-4662
7090
22775
26525
16960
5567
-2789
-7806
-9545
-9856
-7010
1037
7306
5563
-1382
-7692
-8414
-1469
7145
10467
8060
1942
-4898
-8484
-7998
-5546
-2408
825
3960
5356
1844
-4050
-6360
-3366
1297
3239
762
-3786
-7307
-8951
-8338
-5301
-1180
2703
5655
7012
6632
4174
475
-2239
-2977
-3310
-4524
-6446
-6797
913
16766
26765
21469
8734
-1086
-6180
-8446
-9729
-8795
-2777
5121
6853
954
-6785
-9863
-4693
4623
10510
9982
5096
-1876
-7394
-8572
-6931
-4068
-655
2538
4624
3366
-1556
-5422
-4217
-59
2833
1704
-2069
-5888
-8277
-8674
-6117
-1397
2951
5729
6477
6107
5103
2439
-1100
-3276
-4222
-4975
-5358
-6177
-4521
6244
21525
26261
16846
3684
-5180
-8347
-8299
-7771
-5191
1121
5698
3157
-4049
-9761
-8899
-469
9256
12575
8687
1448
-5726
-9599
-8906
-5507
-1760
1527
3939
4154
692
-3858
-5087
-1942
2218
3654
1526
-2476
-5752
-7232
-6480
-3357
910
4021
4831
3970
2983
2270
1116
-755
-2603
-3754
-4177
-4747
-6432
-5107
5663
21358
26921
17416
3453
-5506
-8899
-9162
-8311
-5793
-73
4384
2221
-4213
-8849
-7409
573
9382
11562
6782
-225
-6226
-8913
-7363
-4162
-741
2743
4639
3482
-318
-3815
-3164
776
3520
2955
832
-1554
-4474
-6735
-6716
-3939
63
2870
3360
2006
1462
2465
2481
485
-1943
-3238
-3625
-4180
-5662
-5681
1969
16850
26201
19812
4510
-6322
-9130
-7915
-6755
-6115
-2747
2626
3524
-1795
-7367
-7448
-637
8540
11890
7197
-342
-5965
-8295
-6353
-2251
1333
3623
4277
2566
-1089
-4078
-3530
771
4587
4530
1712
-1314
-4286
-6827
-7286
-4699
-306
3011
3009
273
-1545
-135
2430
3074
1250
-1302
-3310
-4556
-5810
-6918
-3678
8305
22577
24209
10913
-4029
-10519
-9682
-6686
-4795
-2681
1735
4991
1899
-4630
-8000
-4747
3579
10081
8954
2228
-4092
-6675
-5208
-1518
1501
2620
2730
2498
600
-2734
-3786
-356
4347
5443
2422
-1655
-4011
-5204
-5841
-5330
-2978
320
2410
1413
-1579
-2082
1251
4603
4125
454
-3400
-5114
-5547
-6886
-7448
-2085
11297
23453
21438
6263
-7469
-10785
-6777
-2570
-1006
679
4181
4971
-164
-6636
-8631
-4470
3753
9683
7508
-117
-6092
-6845
-2684
2933
5062
3035
1019
531
-184
-2177
-2937
342
5331
5965
775
-4755
-6309
-5042
-3946
-3416
-2286
-22
1416
29
-3010
-3571
124
4283
4736
1392
-2692
-5019
-6073
-6870
-6738
-2572
7999
19836
21146
9036
-4555
-9094
-5400
-131
2109
1978
2930
3246
-1004
-7181
-9550
-6079
1497
7803
7254
1018
-4677
-5747
-1496
4291
6136
3834
806
-742
-1147
-1672
-2306
-932
2455
3850
1158
-2886
-4895
-4619
-3343
-2333
-1782
-1026
-204
-590
-2427
-3283
-1200
2504
4938
4049
257
-3213
-4680
-5847
-6742
-5497
-600
8847
18279
17474
5592
-4670
-5510
-1212
2598
3431
2188
2031
1333
-3390
-9359
-10620
-5645
2371
7615
5614
-856
-5135
-4035
299
3673
4089
2480
1033
713
623
-60
-810
-404
1334
2367
1024
-1692
-3182
-2814
-2549
-2938
-3253
-3020
-2222
-1580
-2082
-2640
-903
2765
5451
4747
1144
-2413
-3787
-4363
-5675
-6415
-4375
2458
11908
15686
9037
-585
-3525
20
4166
4975
2827
574
-1267
-4261
-7623
-8321
-5025
200
3810
3193
-767
-4345
-4305
-558
3930
5956
5002
3084
1865
1369
1137
1207
1883
2476
2154
569
-1371
-2377
-2993
-4401
-5877
-5895
-4475
-2436
-651
-213
-658
-619
753
3037
4142
2708
100
-1447
-2744
-5253
-7626
-7643
-3802
3732
10969
12109
6617
642
-683
1792
3795
3247
1337
103
-756
-2522
-4413
-4905
-3581
-1149
910
515
-2034
-3638
-2236
1229
4461
5355
3931
2221
1800
3028
4901
5232
3208
785
-457
-1240
-2816
-5068
-6505
-5793
-3966
-2866
-2717
-2482
-1697
-1059
-1315
-1776
-519
2547
4434
3114
151
-2133
-3353
-4222
-4780
-4610
-2774
1600
6793
8119
3775
-1370
-1399
3030
6341
5421
2374
659
704
203
-1915
-3682
-2770
252
2544
1510
-2412
-5603
-5119
-1595
2059
3556
3155
2931
4014
4796
4078
3232
2947
1987
391
-534
-771
-1225
-2348
-3816
-4722
-4725
-4600
-4542
-4116
-3448
-2977
-2756
-2094
20
2825
3461
1848
472
-519
-2007
-3527
-4581
-4563
-2014
2390
5860
6080
2854
-824
-680
2843
5023
4409
3640
3629
3302
1926
-413
-2133
-1699
-287
-137
-1550
-3326
-4084
-2699
203
2189
1815
734
759
2049
3518
4106
4566
5279
4986
2486
-510
-1871
-2074
-2824
-4454
-5602
-5431
-4866
-5152
-5441
-4539
-2971
-1983
-1652
-1016
384
1315
480
-853
-739
198
-452
-2160
-2778
-1512
1182
3996
4866
3051
909
1193
3767
5675
4572
1793
773
1988
2905
2065
692
606
1574
1677
-309
-2983
-4013
-3055
-1392
-403
-319
-219
524
1812
2820
2884
2674
2907
2922
1990
982
643
349
-892
-3340
-5595
-5972
-4786
-3984
-4129
-4399
-4317
-3763
-2911
-1980
-787
355
299
-940
-2002
-1996
-1462
-994
-578
67
1226
3095
4859
4649
2706
1722
3194
5310
5845
4559
3372
3409
3385
2007
-12
-1390
-1794
-1594
-1222
-1026
-1362
-1975
-1865
-719
150
101
-32
564
1627
2322
2040
1550
1707
1522
202
-533
28
-134
-2098
-3929
-3922
-2792
-2115
-2772
-3736
-3675
-3008
-2790
-3171
-3380
-2988
-2127
-1625
-1918
-2101
-1445
-458
-96
-261
162
1848
4285
6912
8310
6880
3752
2670
4075
4492
2508
552
292
876
1108
493
-389
-231
826
1231
474
-964
-2310
-2456
-1119
-126
-700
-1878
-2396
-2151
-1339
-770
-402
1029
3099
3497
2433
1946
1418
-372
-2086
-2348
-1717
-1437
-2587
-4454
-5147
-4433
-3773
-3316
-2903
-2952
-2727
-1687
-1153
-1632
-1592
-544
710
1750
2213
2151
2452
3665
5063
5537
3859
1268
1397
4278
5489
3468
1709
1955
2758
2737
1677
222
-174
291
-109
-1445
-2851
-4001
-4241
-3293
-2496
-2492
-2034
-924
261
1363
1411
457
864
2584
2307
307
-18
1231
1286
-258
-1681
-1619
-338
-192
-2163
-3772
-3563
-3041
-3214
-3589
-3803
-3301
-1866
-1111
-1632
-1932
-1513
-1174
-728
-6
378
964
2970
5889
7106
4887
1547
1635
5042
6481
4090
1947
2545
3647
3168
1258
-781
-1430
-727
-336
-1047
-2306
-3494
-3493
-2157
-1599
-2658
-3621
-3290
-2207
-1024
-320
-175
976
3231
4102
3076
2752
3532
3227
1621
93
-577
-274
-305
-1858
-3668
-4260
-4288
-4494
-4827
-5307
-5207
-3676
-2230
-2329
-2616
-1907
-858
-138
225
-107
-251
1343
4443
7173
7253
4428
2307
4015
6433
5157
2131
1627
3425
4669
3744
1067
-921
-545
346
-218
-1621
-2983
-3795
-3526
-2778
-2931
-3556
-3304
-2215
-958
-273
-698
-962
654
2894
3520
2933
2828
3364
3418
1957
-535
-1968
-1530
-1068
-2147
-3893
-4718
-4053
-2861
-2849
-3997
-4303
-3276
-2635
-2987
-3161
-2439
-1096
156
472
-28
-202
399
1828
4076
5502
4377
2680
4009
7049
7304
4552
2876
3972
5581
5228
2781
401
109
1137
934
-915
-3037
-4555
-5018
-4466
-4085
-4636
-4766
-3364
-1243
49
-34
-532
-169
1058
1843
1642
1351
1792
1992
1036
-64
-149
450
677
-29
-1438
-2451
-2384
-1876
-1941
-2612
-2997
-2491
-1888
-2541
-4134
-4906
-4178
-2947
-2169
-1980
-1741
-649
1195
3179
4867
5330
4249
3996
6145
7923
6766
5000
5105
5908
5510
3342
302
-1275
-469
453
-249
-1526
-2259
-2229
-1547
-1498
-2820
-3944
-3574
-2729
-2324
-2337
-2769
-2987
-2033
-619
-77
-232
-342
127
986
1436
1231
1468
2599
3181
2296
755
-403
-738
-716
-1573
-3203
-3726
-2889
-2946
-4684
-5992
-5384
-3923
-3123
-2857
-2366
-1161
457
2121
4248
5882
4922
2503
3219
6453
6669
3509
2214
4021
5985
6211
4278
2179
2491
4111
3640
1307
-729
-1965
-2113
-1479
-2149
-4422
-5694
-5411
-4916
-4559
-4806
-5602
-5145
-2858
-872
-333
36
1023
2064
2357
1954
1863
2553
2941
2421
1420
348
-242
-208
-705
-2411
-3545
-2921
-1741
-1503
-2464
-3608
-3491
-2180
-1544
-2222
-2921
-2877
-2074
-344
1838
3149
2381
621
1571
5576
7399
4850
3081
5019
7421
7582
5656
3237
2578
4017
4215
1953
-450
-1884
-2200
-1531
-1692
-3765
-5218
-4492
-3436
-3328
-3973
-4828
-4608
-2762
-1378
-1893
-2710
-2163
-518
581
223
-190
1080
2909
3204
2223
1294
1265
2080
2433
941
-999
-1389
-867
-1002
-2362
-4188
-4743
-3461
-2467
-3223
-4375
-4343
-3120
-1280
1112
2850
1897
-477
530
5177
6895
3738
1961
4283
6883
7255
5216
2568
2772
5384
5779
3352
1277
283
86
798
338
-2235
-4165
-4153
-3781
-3809
-4513
-5987
-6240
-3774
-2006
-2186
-3016
-2350
-114
647
936
303
450
1926
2081
1329
714
536
604
704
-121
-1435
-1528
-505
-221
-791
-1698
-2722
-2587
-1831
-2388
-3707
-3640
-2673
-1835
-624
1014
1567
-248
-985
2420
5855
4552
2044
2926
5707
7288
6623
4134
2713
4746
6546
4961
2233
492
29
1199
1915
-285
-3247
-3754
-2950
-2598
-2847
-4135
-5162
-3887
-2180
-2516
-3481
-3338
-2659
-1979
-1459
-1486
-1538
-981
-57
772
1249
1079
927
1440
1129
-292
-846
-453
-261
-713
-1078
-1574
-2159
-1960
-1809
-2084
-1949
-1612
-1755
-1599
-1006
3
1637
1900
-343
-560
3629
5969
3369
1489
3361
5937
7159
6108
3054
2144
4503
5509
3484
1392
515
844
2151
1518
-1837
-3666
-2407
-1397
-1942
-3309
-4721
-4755
-3185
-2528
-3420
-3571
-2582
-1770
-1543
-1763
-2052
-1443
-605
-648
-926
-685
-336
366
1327
933
-327
-186
767
488
-464
-848
-1010
-1113
-1147
-1590
-2012
-1617
-1210
-1549
-1490
-1027
83
2115
2546
-311
-1607
2248
5397
3598
1346
2265
4591
6485
6169
3192
1805
4007
5615
4348
2297
540
18
1513
1922
-367
-2118
-1557
-1018
-1290
-2164
-3798
-4537
-3311
-2469
-3360
-4014
-3526
-2566
-1836
-1874
-2252
-1683
-680
-767
-1328
-1419
-1206
-521
370
170
-797
-558
410
607
356
322
84
-313
-567
-1037
-1589
-1669
-1496
-1396
-956
-520
-203
1088
2033
115
-1580
1420
5213
4053
1250
1586
4053
6173
6500
4045
1997
3786
5985
4794
2284
720
32
940
1693
-278
-2654
-2348
-1048
-727
-1088
-2216
-3258
-2609
-1923
-3061
-4367
-4216
-3439
-2826
-2865
-3286
-2641
-1215
-862
-1316
-1114
-663
-325
137
-15
-904
-750
370
499
-236
-495
-63
324
171
-567
-1132
-761
-342
-718
-1310
-1048
-274
547
2096
3302
1612
-838
992
4907
4585
1293
593
2718
4765
4924
2401
364
2587
5669
5008
2572
1431
1189
1862
2596
910
-1789
-2109
-1021
-1028
-2027
-3295
-3899
-2825
-1632
-2323
-3731
-4013
-3471
-2791
-2866
-3558
-2992
-1327
-958
-1786
-1731
-1137
-682
-4
175
-402
-179
745
576
-100
-1
219
527
1034
559
-763
-815
112
122
-476
-531
-467
-576
224
1739
1685
-444
-876
2348
4803
2927
393
1076
3664
5187
4285
1887
1454
3875
5169
3457
1560
1137
1558
2382
1963
-417
-1974
-1060
-196
-988
-2412
-3588
-3556
-2182
-1737
-3269
-4434
-3636
-2392
-2213
-3181
-3985
-3100
-1582
-1438
-2056
-1772
-1023
-582
-283
-397
-589
77
1011
977
421
163
329
1059
1346
325
-744
-369
443
197
-722
-1040
-461
140
486
1155
1205
-339
-542
2518
4539
2600
635
1472
3444
4779
4201
2030
1898
4475
5380
3456
1946
1547
1632
2496
2310
-13
-1617
-1171
-1096
-2030
-2901
-3621
-3619
-2641
-2569
-3750
-4054
-3173
-2516
-2401
-2852
-3328
-2472
-1177
-1564
-2660
-2324
-1069
-204
-28
-614
-929
204
1218
841
166
106
507
1212
1565
625
-466
-239
388
177
-494
-922
-769
-293
-162
369
1571
1138
-846
-176
3308
4241
1964
1002
2561
4667
5498
3764
1327
2063
4477
4276
2306
1217
744
877
1721
1247
-563
-1154
-683
-866
-1495
-2402
-3701
-3835
-2770
-2839
-3985
-4193
-3383
-2786
-2874
-3452
-3471
-2064
-917
-1446
-1972
-982
280
507
-153
-957
-603
972
1746
908
205
449
854
1044
784
-97
-508
248
820
197
-794
-1046
-329
362
210
406
1643
1520
-384
-222
2496
3430
1754
892
2058
3977
4789
3228
1481
2489
4308
3740
2005
1156
734
884
1746
1361
-528
-1405
-1055
-1005
-1324
-2115
-3374
-3516
-2445
-2419
-3613
-4132
-3513
-2571
-2261
-2961
-3313
-2136
-915
-1189
-1826
-1575
-636
257
349
-302
-375
588
1241
985
684
676
981
1512
1393
250
-601
-374
-131
-489
-897
-933
-598
-235
-515
-629
789
1903
515
-667
1158
3508
3201
1793
1723
3046
4639
4753
2781
1447
2511
3520
2884
1850
956
225
634
1172
-5
-1426
-1163
-432
-561
-1401
-2731
-3545
-2776
-2037
-2981
-4087
-3739
-2889
-2549
-2682
-3107
-2697
-927
110
-846
-1749
-1117
72
621
27
-997
-647
970
1435
254
-517
-40
807
1307
861
-211
-325
518
635
-198
-685
-299
456
444
-474
-417
1112
1239
-731
-814
1890
3260
1999
749
1343
3604
5499
4671
2500
2571
4143
4043
2560
1180
98
186
1117
441
-1746
-2631
-1850
-1088
-990
-1680
-2613
-2492
-1571
-1686
-3060
-3739
-3142
-2257
-1738
-2316
-3209
-2569
-1175
-825
-1189
-1065
-406
345
815
322
-417
122
1352
1610
832
76
-136
276
805
522
-455
-944
-581
-383
-682
-866
-726
-176
300
-209
-346
1425
2638
678
-1358
300
3178
3122
866
-397
1057
4027
4774
2196
598
2571
4599
3675
1511
257
388
1498
1693
-124
-1927
-1874
-982
-546
-1047
-2265
-2720
-1564
-714
-1711
-3049
-2928
-1809
-1173
-1819
-2822
-2470
-1071
-616
-1397
-1853
-1259
-177
409
-119
-923
-551
489
693
82
-204
152
752
1007
516
-33
109
388
22
-582
-859
-717
-265
19
-449
-1203
-736
1102
2005
243
-1683
-244
3070
3789
1376
-484
932
4132
5168
2588
369
2052
4878
4694
2225
457
626
2003
2353
389
-1754
-1670
-500
-246
-1103
-2297
-2643
-1491
-491
-1419
-3036
-3262
-2259
-1469
-1882
-3128
-3366
-1836
-711
-1570
-2607
-1973
-406
523
112
-819
-502
1104
1772
677
-282
53
725
670
-141
-878
-601
249
196
-862
-1488
-1088
-442
-162
-359
-915
-845
862
2689
1932
-508
-692
2079
4139
3019
438
-244
2182
4831
3963
897
393
2963
4520
3123
720
-198
1117
2732
1847
-731
-1669
-593
72
-754
-2304
-3231
-2443
-920
-959
-2546
-3340
-2374
-1042
-894
-2057
-3023
-2178
-341
-48
-1521
-2406
-1401
306
774
-543
-1873
-1188
742
1342
114
-852
-141
1250
1442
162
-881
-327
863
817
-642
-1821
-1392
-171
95
-819
-1613
-1281
192
1728
1478
-569
-1287
1104
3778
3589
1331
8
1392
4066
4507
1913
218
2015
4476
4093
1628
-44
630
2591
2814
375
-1635
-840
867
759
-1081
-2620
-2324
-844
-509
-2027
-3350
-2884
-1596
-1162
-1936
-2950
-2829
-1492
-589
-1155
-2225
-2319
-1276
-133
-181
-1371
-1917
-812
562
573
-341
-684
143
1164
993
-139
-532
321
1033
561
-529
-1138
-802
-125
-15
-468
-722
-444
269
1191
1397
283
-546
639
2767
3463
2227
795
1243
3465
4536
2738
739
1557
3752
4096
2150
226
372
2077
2638
816
-1147
-1088
132
494
-614
-2237
-2826
-1917
-1093
-1768
-3136
-3529
-2651
-1661
-1757
-2775
-3202
-2194
-967
-1035
-2006
-2371
-1597
-522
-292
-1011
-1442
-719
390
752
345
-93
79
807
1171
645
19
153
646
681
231
-271
-458
-225
56
13
-146
-203
-161
279
1134
1240
273
-192
878
2386
2808
2023
1137
1566
3245
4071
2944
1645
1941
3074
3349
2206
595
274
1452
2004
630
-1165
-1541
-711
-162
-922
-2434
-2961
-2009
-1210
-1834
-3000
-3252
-2461
-1720
-1998
-2897
-3073
-2116
-1210
-1356
-2037
-2121
-1343
-457
-300
-709
-686
166
1022
1063
563
384
853
1307
1162
596
247
389
607
347
-264
-560
-334
-17
-31
-319
-475
-158
318
478
558
920
1119
860
727
1204
1992
2428
2045
1305
1489
2660
3141
2269
1468
1753
2472
2572
1580
254
80
982
1176
3
-1293
-1672
-1258
-881
-1447
-2669
-3011
-2063
-1266
-1606
-2472
-2802
-2189
-1266
-1193
-2020
-2395
-1660
-775
-742
-1343
-1696
-1227
-375
-149
-588
-655
22
666
708
377
210
512
1000
1058
656
397
527
646
423
64
-32
212
392
174
-135
-5
472
626
352
383
1126
1840
1606
740
415
1061
1871
1844
1051
634
1239
2023
1809
867
429
982
1719
1626
624
-247
-60
649
690
-136
-922
-988
-582
-534
-1182
-1830
-1716
-1100
-878
-1362
-2001
-2106
-1642
-1275
-1468
-1891
-1893
-1418
-1090
-1304
-1740
-1732
-1113
-456
-366
-638
-620
-111
478
712
629
613
896
1212
1182
860
588
564
703
767
633
437
398
494
472
256
73
51
197
425
502
334
145
158
333
536
575
469
577
1039
1414
1290
926
841
1127
1427
1374
1006
741
843
940
670
256
29
9
-13
-192
-529
-797
-875
-879
-909
-1005
-1131
-1205
-1169
-1129
-1247
-1462
-1590
-1536
-1387
-1312
-1319
-1230
-966
-681
-511
-393
-194
44
244
350
366
439
523
486
355
234
122
17
-36
-55
-106
-165
-204
-224
-189
-127
-137
-198
-151
3
122
155
136
152
247
387
469
463
473
534
657
849
1006
1061
1105
1221
1323
1334
1286
1195
1046
851
675
536
430
324
165
-29
-159
-188
-200
-257
-336
-368
-319
-233
-230
-311
-336
-288
-280
-369
-456
-466
-429
-434
-510
-582
-576
-498
-468
-548
-649
-669
-559
-424
-406
-551
-699
-732
-690
-690
-792
-937
-975
-853
-724
-701
-733
-669
-463
-241
-148
-158
-143
-32
116
195
196
222
329
441
455
397
364
428
569
700
775
803
851
969
1130
1219
1195
1143
1177
1261
1257
1083
862
780
816
797
637
468
421
479
507
467
417
414
440
384
195
-11
-87
-102
-197
-409
-634
-738
-711
-718
-892
-1108
-1156
-1030
-955
-1048
-1201
-1199
-1016
-856
-877
-1003
-1008
-873
-786
-822
-891
-886
-791
-682
-647
-655
-625
-531
-393
-266
-182
-116
-39
35
58
48
41
35
43
84
209
382
503
538
587
746
970
1122
1120
1091
1168
1298
1321
1210
1104
1107
1186
1178
1013
851
841
896
861
709
561
553
638
647
490
308
249
285
283
149
-63
-204
-197
-193
-353
-578
-669
-595
-528
-614
-795
-868
-778
-734
-880
-1100
-1215
-1217
-1251
-1380
-1510
-1486
-1342
-1251
-1245
-1209
-1067
-878
-726
-650
-592
-473
-318
-217
-196
-199
-165
-59
71
131
119
142
267
419
499
516
561
688
812
848
804
797
880
945
909
826
800
833
841
819
824
879
954
1023
1083
1146
1204
1231
1241
1231
1174
1053
891
761
673
544
353
170
33
-82
-213
-349
-455
-524
-594
-703
-820
-918
-1018
-1129
-1233
-1324
-1389
-1435
-1460
-1463
-1433
-1383
-1311
-1190
-1047
-924
-825
-716
-577
-435
-321
-253
-214
-165
-117
-130
-193
-239
-250
-239
-220
-195
-173
-122
-45
15
74
148
210
257
318
396
470
520
544
573
648
749
819
855
906
1010
1155
1284
1348
1351
1336
1331
1329
1283
1190
1091
997
881
722
559
432
319
187
52
-58
-137
-213
-315
-427
-482
-463
-475
-549
-628
-686
-711
-738
-795
-855
-843
-796
-800
-849
-894
-896
-842
-780
-782
-823
-824
-758
-687
-664
-701
-741
-692
-609
-585
-621
-632
-543
-393
-285
-279
-287
-197
-55
43
71
90
162
282
372
384
388
461
560
626
653
672
708
761
802
817
848
887
908
907
905
900
885
867
845
823
817
830
830
794
721
637
586
585
569
488
379
288
219
131
-9
-181
-316
-362
-403
-516
-654
-746
-770
-765
-802
-888
-958
-960
-944
-965
-1007
-1034
-1016
-963
-935
-946
-938
-868
-766
-685
-641
-601
-519
-406
-321
-280
-241
-179
-119
-105
-128
-126
-66
1
20
4
21
100
180
204
208
270
407
535
589
595
634
731
813
813
774
793
890
980
983
932
909
973
1051
1040
951
881
879
881
807
666
537
471
429
324
146
-12
-96
-138
-215
-340
-454
-497
-496
-531
-614
-676
-679
-670
-693
-752
-792
-777
-736
-732
-784
-813
-778
-729
-718
-724
-692
-609
-536
-517
-534
-522
-464
-417
-422
-437
-415
-362
-321
-311
-304
-262
-174
-94
-65
-53
-1
100
195
234
250
301
408
507
535
518
543
638
736
759
722
722
799
884
887
810
759
779
821
796
698
622
612
628
577
451
332
281
268
223
127
41
23
32
-18
-128
-208
-212
-199
-236
-325
-402
-402
-359
-382
-477
-543
-519
-459
-452
-516
-581
-566
-485
-445
-497
-561
-561
-515
-486
-517
-570
-572
-509
-444
-448
-479
-466
-400
-328
-305
-322
-318
-267
-195
-150
-139
-120
-72
-17
11
23
61
129
204
262
305
341
396
460
497
533
580
635
687
722
734
742
752
766
774
768
768
764
751
730
709
689
668
629
574
518
467
400
314
234
167
102
8
-100
-194
-247
-282
-340
-424
-497
-534
-547
-579
-638
-691
-713
-701
-718
-779
-830
-828
-793
-771
-791
-811
-803
-761
-723
-723
-736
-708
-626
-548
-512
-514
-502
-438
-360
-325
-326
-303
-220
-105
-22
11
44
136
271
381
434
473
554
676
787
834
845
878
957
1030
1047
1037
1038
1063
1093
1084
1037
989
966
958
919
838
752
689
634
564
454
340
269
220
149
23
-118
-219
-279
-331
-414
-513
-575
-594
-616
-682
-780
-842
-864
-874
-912
-976
-1011
-1000
-977
-984
-1021
-1044
-1013
-957
-918
-911
-903
-851
-768
-701
-662
-629
-569
-473
-370
-300
-264
-193
-82
37
139
197
246
334
451
544
606
659
731
831
919
970
994
1031
1081
1118
1132
1131
1134
1140
1146
1137
1103
1059
1011
959
901
835
763
689
612
515
408
307
204
103
-3
-103
-196
-292
-392
-504
-597
-671
-743
-822
-895
-946
-983
-991
-1037
-1130
-1160
-1095
-1056
-1097
-1118
-1079
-1023
-978
-946
-921
-878
-798
-715
-637
-579
-535
-473
-378
-272
-202
-152
-88
5
98
169
222
283
368
447
501
554
622
687
747
799
840
871
902
935
966
996
1015
1014
1006
996
980
956
919
874
829
788
729
659
585
515
445
364
277
181
90
5
-77
-161
-249
-325
-391
-455
-523
-589
-654
-701
-738
-775
-813
-845
-864
-881
-888
-892
-885
-863
-835
-808
-778
-747
-712
-668
-617
-569
-524
-477
-426
-371
-310
-247
-183
-122
-58
8
75
136
196
251
302
352
398
442
479
517
551
583
607
616
622
634
647
647
646
649
654
649
627
600
571
555
534
501
458
416
378
339
289
235
190
151
117
73
21
-23
-62
-104
-150
-193
-238
-280
-317
-358
-395
-422
-447
-471
-500
-521
-530
-535
-530
-534
-536
-527
-509
-492
-485
-473
-452
-427
-401
-381
-369
-346
-312
-275
-243
-210
-171
-130
-86
-44
-10
23
68
114
146
173
196
222
250
274
290
310
334
356
372
386
403
415
426
431
427
421
416
408
390
373
361
351
336
313
281
251
227
208
190
163
131
100
69
44
19
-6
-31
-64
-95
-122
-142
-164
-186
-200
-212
-228
-254
-275
-285
-284
-279
-275
-286
-297
-305
-310
-308
-307
-308
-297
-287
-283
-274
-266
-254
-232
-205
-185
-162
-141
-116
-94
-76
-56
-35
-12
13
39
59
77
101
123
141
162
176
186
197
209
214
220
229
235
240
243
239
233
229
226
225
217
204
191
184
183
177
167
156
146
133
119
97
74
61
57
50
34
16
-2
-18
-32
-41
-52
-61
-66
-76
-94
-110
-123
-135
-146
-159
-169
-172
-171
-168
-172
-182
-182
-176
-171
-174
-179
-173
-153
-144
-146
-147
-142
-124
-105
-97
-100
-100
-86
-70
-58
-59
-57
-41
-19
-6
-7
-12
-5
16
29
33
35
48
70
83
83
77
76
84
97
107
115
123
131
132
126
119
117
118
125
133
138
143
145
144
143
136
132
125
116
115
110
104
95
83
75
66
67
63
52
43
34
27
21
8
-8
-16
-21
-27
-39
-53
-70
-77
-77
-79
-88
-97
-103
-110
-118
-130
-144
-155
-161
-159
-158
-163
-167
-167
-162
-164
-170
-170
-163
-148
-134
-120
-112
-104
-92
-77
-67
-60
-49
-37
-28
-16
-4
6
24
42
53
62
74
87
99
110
120
129
135
139
144
145
147
154
156
154
154
153
157
163
159
156
146
136
124
112
105
97
93
89
80
62
45
34
28
18
4
-5
-14
-20
-30
-46
-62
-74
-84
-95
-107
-118
-129
-132
-135
-143
-151
-157
-153
-146
-140
-138
-136
-131
-122
-113
-108
-106
-102
-98
-90
-79
-70
-62
-53
-41
-30
-18
-10
-1
16
31
41
45
48
48
55
67
74
80
82
80
75
75
80
84
87
96
103
96
84
80
76
80
86
84
83
75
58
45
53
50
37
35
40
32
20
17
15
16
22
24
10
-5
-18
-24
-21
-23
-29
-28
-31
-49
-50
-36
-29
-33
-25
-18
-27
-27
-18
-12
-5
-2
0
-9
-23
-37
-36
-7
3
4
5
-1
-18
-30
-18
-13
-4
7
5
-6
-28
-41
-35
-38
-36
-37
-32
-35
-58
-58
-49
-38
-30
-24
-21
-31
-24
-25
-24
-27
-38
-24
-25
-19
-19
-24
-25
-39
-25
-29
-35
-20
10
42
44
39
25
27
19
25
46
57
70
87
77
37
35
59
74
93
106
105
99
85
68
70
72
59
51
61
42
-5
-5
26
19
10
12
17
6
-3
-8
-11
1
-13
-8
-13
-37
-66
-52
-18
-47
-59
-66
-98
-136
-134
-97
-81
-66
-58
-75
-109
-155
-153
-108
-77
-82
-73
-62
-109
-148
-146
-112
-78
-26
26
18
5
-10
-19
11
39
60
58
68
56
43
61
58
62
112
145
123
95
121
136
126
141
145
144
109
90
102
101
114
109
134
116
66
56
55
93
99
144
145
100
38
-5
3
-4
27
65
39
-34
-97
-119
-136
-138
-96
-38
-7
-49
-108
-137
-157
-165
-122
-55
-63
-122
-149
-167
-193
-170
-111
-65
-46
-67
-94
-103
-85
-70
-22
9
-28
-54
-70
-107
-136
-70
-11
-27
-33
-44
-64
-66
-18
51
116
149
80
39
49
40
61
133
207
186
146
105
24
9
42
112
180
222
170
67
29
12
34
116
152
126
96
69
-51
-96
12
68
77
98
61
-35
-85
-58
-17
90
142
23
-43
-74
-201
-202
-17
68
33
94
-105
-421
-351
-51
29
84
249
190
-104
-424
-534
-159
205
82
327
1029
419
-1271
-1297
-307
15
-38
561
695
140
-724
-1015
-293
99
-181
-101
1398
1153
-790
-999
-118
295
-107
604
1139
840
184
-194
645
434
-128
-418
480
442
-121
524
411
17
-635
-704
-1171
-1043
-77
-159
73
-537
-814
-1301
-1596
-1062
-512
784
703
472
224
-388
-601
-588
826
1551
1675
1315
509
-146
-857
-318
321
853
913
375
-297
-1292
-1548
-1357
-451
477
719
627
-294
-995
-1264
-592
470
1268
1773
1503
793
-1
-307
11
728
1481
1784
1555
813
-146
-822
-606
41
651
927
738
89
-733
-1026
-939
-379
281
639
508
57
-342
-711
-697
-174
351
548
444
118
-353
-690
-600
-324
-139
88
-71
-526
-827
-998
-1035
-761
-333
-367
-490
-695
-1038
-1091
-809
-468
-274
4
-42
-468
-613
-598
-456
-137
370
401
168
-42
-447
-605
-422
-69
151
391
415
-80
-427
-479
-480
-239
308
600
473
368
133
-160
-40
342
621
953
1083
813
485
487
436
547
922
1091
1026
791
483
240
272
396
664
882
723
412
36
-161
-100
264
567
637
540
199
-136
-283
-98
99
388
648
405
5
-219
-409
-290
-5
197
302
216
-220
-619
-524
-407
-203
68
168
-61
-549
-682
-702
-684
-338
31
49
-182
-401
-734
-843
-610
-239
-52
-130
-202
-465
-728
-685
-535
-402
-65
40
-108
-218
-408
-523
-369
-27
-26
-73
3
-85
-325
-297
-56
-53
133
113
-29
22
-111
-248
-28
171
1
170
395
157
-88
-29
146
138
182
224
182
309
176
-84
75
228
113
96
182
124
267
331
135
191
70
-203
-282
-41
204
137
352
405
46
-256
-251
-275
-90
437
549
512
366
-162
-519
-385
-181
167
657
679
248
-27
-305
-651
-324
250
448
405
463
159
-375
-439
-320
136
488
604
353
42
-119
-269
-217
50
421
505
496
168
-149
-149
-59
40
108
323
291
46
-166
-110
-112
-57
138
-6
11
36
-176
-168
89
31
-71
-8
-79
-218
-152
22
38
38
130
-128
-367
-156
-229
-171
133
156
-125
-191
-269
-435
-301
-246
-93
77
42
-186
-295
-195
-267
-238
-37
64
-50
-79
-143
-154
-63
-65
-75
-32
35
-208
-256
-118
-42
-15
72
19
-166
-64
-206
-168
-10
101
245
155
49
-130
-171
-204
13
227
306
410
205
77
-147
-274
-80
174
389
417
304
115
-126
-377
-314
47
293
403
354
140
-65
-437
-440
-115
230
406
356
414
85
-370
-462
-197
99
320
563
359
100
-244
-482
-294
-38
264
459
478
175
-271
-466
-434
-165
246
383
373
184
-258
-568
-462
-90
295
614
539
212
-158
-529
-539
-235
300
748
710
355
-106
-555
-695
-347
161
589
796
539
-73
-476
-740
-592
-25
534
760
609
152
-442
-616
-630
-363
228
689
716
270
-182
-553
-602
-323
-66
438
659
401
-90
-322
-463
-485
-114
232
484
309
9
-200
-394
-317
-84
134
312
234
-70
-287
-359
-408
-158
229
280
182
44
-265
-553
-393
-114
1
268
324
61
-109
-330
-450
-126
121
171
310
277
-31
-296
-309
-244
-89
118
223
163
78
-126
-259
-190
-120
-25
80
171
133
59
-113
-167
-119
-68
67
63
97
96
56
20
-30
-44
-10
82
35
67
61
32
-41
-44
49
-22
-34
62
23
-65
12
32
13
47
118
57
21
-4
-40
1
30
47
154
189
89
38
-43
-87
-36
34
100
167
118
21
-9
-154
-151
-39
95
127
117
186
12
-85
-151
-110
33
117
175
162
143
13
-45
-27
-61
11
29
103
143
4
44
-34
-74
-85
-62
42
39
117
31
45
-48
-70
-95
-145
-7
30
144
41
23
-2
-98
-101
-38
111
90
147
27
-61
-112
-91
-5
63
236
142
83
-80
-261
-249
-70
30
93
231
109
-114
-304
-375
-258
-28
179
288
224
33
-240
-413
-365
-201
105
288
301
139
-76
-365
-432
-254
-24
277
286
179
-83
-313
-472
-409
-121
98
297
251
95
-215
-376
-370
-200
127
312
342
181
-42
-292
-320
-229
4
297
404
348
94
-129
-300
-275
-88
171
350
326
198
-39
-216
-270
-157
68
298
360
278
65
-136
-238
-205
23
205
306
297
163
-58
-205
-209
-100
131
269
267
174
-22
-205
-283
-183
-16
143
232
194
110
-85
-207
-207
-109
52
145
225
141
32
-100
-179
-107
-48
95
161
178
81
5
-119
-203
-90
-4
94
106
126
46
-41
-121
-160
-72
-11
100
124
129
11
-63
-97
-167
-72
7
111
123
134
49
-37
-94
-159
-78
-21
82
99
111
50
-65
-101
-141
-65
-22
71
118
121
54
-93
-140
-194
-99
5
99
140
104
14
-106
-148
-178
-91
3
106
129
49
-48
-150
-173
-156
-7
85
120
121
17
-68
-153
-109
-81
32
99
92
86
-23
-69
-110
-62
-36
39
82
13
12
-53
-60
-83
-67
-31
-8
25
-10
10
-9
22
18
20
5
-10
-4
-7
30
47
100
38
19
-1
-12
-11
-45
18
19
47
18
5
-12
-68
-33
-33
46
34
36
31
0
-13
-61
-6
-5
38
61
58
56
12
16
-16
9
2
2
51
58
87
67
72
-10
-56
-62
-64
5
52
89
104
98
17
-45
-70
-85
-20
62
110
141
112
6
-70
-98
-119
-63
46
125
143
140
74
-28
-100
-128
-106
-30
59
113
121
60
-26
-75
-94
-131
-78
8
68
96
81
29
-78
-103
-122
-75
19
57
106
65
2
-96
-130
-122
-75
49
76
94
19
-54
-125
-130
-48
10
128
103
55
-42
-151
-192
-158
-4
94
191
149
12
-124
-248
-227
-150
34
156
208
161
-35
-174
-252
-180
-33
145
244
205
85
-113
-229
-242
-135
40
199
258
170
5
-179
-250
-215
-68
98
215
214
89
-49
-190
-204
-133
26
179
237
199
59
-77
-173
-154
-39
90
187
179
106
-27
-120
-149
-91
33
127
179
134
34
-75
-127
-83
20
120
157
128
36
-76
-129
-119
-27
67
138
147
85
-12
-107
-132
-86
15
109
147
119
14
-96
-156
-153
-74
45
139
148
96
-12
-124
-162
-126
-35
80
149
148
74
-51
-140
-157
-102
7
97
139
105
22
-80
-140
-120
-57
42
111
123
47
-42
-113
-147
-78
18
106
129
93
1
-95
-130
-113
-10
81
138
132
48
-58
-139
-138
-75
40
125
150
88
-30
-129
-197
-144
-43
78
155
146
75
-61
-155
-190
-125
-5
116
174
126
31
-103
-168
-159
-85
29
113
142
81
-13
-102
-147
-114
-44
44
115
121
51
-20
-87
-108
-59
15
78
107
92
28
-36
-85
-80
-22
35
82
90
58
-2
-51
-61
-52
-2
54
84
79
36
-12
-52
-63
-34
16
56
70
63
31
-7
-37
-38
-16
18
56
55
37
7
-30
-38
-31
-9
12
33
33
8
-14
-36
-44
-40
-9
11
33
45
19
0
-30
-41
-41
-22
-3
19
43
23
1
-26
-44
-54
-31
5
26
39
16
-3
-36
-56
-51
-26
10
31
48
26
5
-27
-52
-39
-24
17
41
49
33
1
-25
-41
-27
-15
23
43
46
33
9
-4
-25
-15
-6
14
28
32
25
12
1
-18
-3
-2
6
8
1
8
6
10
2
5
-1
-4
-2
-6
2
8
26
20
12
-5
-20
-27
-30
-12
3
21
19
14
-7
-31
-34
-34
-12
0
11
18
10
-1
-12
-17
-17
-4
3
9
11
5
0
-11
-14
-14
-8
3
6
5
1
1
-7
-14
-16
-11
-5
-1
2
-1
-2
-8
-5
-2
-5
2
7
10
4
-2
-8
-8
-5
-1
1
-1
-5
-4
-5
-11
-10
-1
2
2
5
3
-1
-13
-19
-16
-5
5
13
25
17
-1
-21
-29
-21
-6
11
25
35
29
8
-8
-13
-8
6
21
31
34
21
0
-15
-24
-20
-4
10
20
21
14
2
-8
-13
-7
4
16
29
39
42
27
11
-3
-15
-13
0
17
26
30
25
12
-5
-20
-21
-12
-3
6
12
6
-11
-17
-23
-29
-24
-16
-3
0
1
-2
-7
-15
-15
-8
-2
9
19
20
15
6
-7
-17
-18
-17
-10
0
5
2
0
-9
-21
-19
-14
-4
0
5
8
3
-5
-16
-19
-14
-6
6
13
18
16
9
-3
-11
-12
-7
2
9
16
19
14
1
-9
-13
-10
-4
3
11
9
0
-8
-14
-16
-15
-11
0
1
3
8
2
-5
-11
-13
-10
-5
2
7
10
10
10
9
9
3
-4
-8
-5
-2
1
3
1
0
0
2
-1
-3
0
2
4
3
3
4
2
1
1
3
3
4
7
7
5
3
-1
-3
0
-1
-3
-2
-2
1
3
-1
-3
-2
1
3
3
2
4
3
3
-1
-1
1
1
2
4
1
-3
-5
-8
-9
-5
-2
3
7
1
-3
-9
-10
-5
4
9
12
12
5
-1
-6
-7
1
6
12
15
14
8
1
-1
-3
1
10
12
18
18
10
0
-4
-6
-2
7
14
18
15
12
5
0
-5
-3
-2
2
8
8
3
-2
-10
-14
-14
-10
-8
-4
0
-5
-10
-11
-12
-13
-12
-9
-8
-9
-10
-10
-10
-9
-10
-10
-13
-12
-10
-5
-3
-1
6
2
-2
-8
-17
-19
-15
-15
-5
2
-2
-5
-5
-10
-11
-3
4
7
7
7
7
2
-4
-3
1
6
7
12
10
5
5
5
4
1
-1
2
3
4
3
4
4
1
0
-3
-4
0
5
12
12
11
10
8
2
0
3
12
15
12
9
5
2
-2
-5
0
4
4
5
4
-1
0
-3
-1
2
3
4
5
3
3
7
6
7
8
7
4
4
1
0
4
7
8
11
8
2
0
-4
-2
-2
-2
2
0
-3
-6
-9
-8
-6
-3
-1
1
-3
-5
-7
-12
-10
-9
-6
-4
-4
-7
-8
-10
-8
-7
-6
-4
-5
-5
-6
-6
-2
-3
-6
-5
-6
-5
-2
3
4
3
3
1
-2
-5
-3
-2
5
7
7
4
0
-4
-8
-7
-4
-2
1
6
8
6
3
1
0
1
0
-1
-3
-2
-1
-1
2
0
-1
0
1
1
3
3
2
1
0
-1
-5
-9
-8
-5
-5
-2
-1
-3
-5
-3
-1
-1
1
4
6
8
8
6
5
5
7
9
9
11
11
7
6
2
0
-1
-2
-1
3
6
6
9
8
5
-1
-5
-6
-6
-1
6
9
10
5
1
-4
-6
-4
1
6
9
7
1
-3
-6
-10
-13
-12
-8
-5
-2
1
-2
-6
-7
-8
-7
-7
-4
-1
1
2
4
2
2
7
4
2
1
-1
-3
-2
2
3
1
0
-1
-1
0
3
7
9
9
7
2
-2
-2
-2
2
6
7
9
8
2
-1
-2
0
2
4
6
3
-2
-3
-6
-6
-4
-1
0
-3
-3
-6
-10
-10
-13
-9
-6
-3
3
0
-4
-8
-10
-13
-13
-9
-4
0
2
-1
-6
-9
-8
-8
-4
0
2
4
5
2
1
-4
-4
-2
-1
-3
-2
-2
0
0
-2
1
3
4
7
7
5
6
7
10
8
7
5
5
6
5
4
5
4
5
6
6
6
7
5
1
1
-4
-5
-3
-3
1
2
4
5
2
1
-2
-1
0
2
4
5
2
0
0
-3
-2
0
3
4
4
4
2
1
-2
-6
-8
-6
-3
-1
-1
1
4
2
0
-1
-3
-1
-1
-1
2
7
8
6
4
4
3
1
1
4
3
0
0
0
-2
-3
-3
-4
-2
-3
-1
-3
-3
-1
-3
-3
-5
-6
-6
-4
-4
-4
1
-2
-3
-5
-5
-3
-4
-3
-5
-3
-2
-5
-4
-3
-2
-4
-1
-1
-2
-4
-6
-6
-6
-1
1
3
5
5
5
4
3
0
0
1
-1
1
4
6
4
4
3
0
1
1
0
-3
-3
1
-1
-1
-1
-1
1
1
1
4
5
8
6
-1
-3
-6
-7
-7
-3
2
0
4
5
5
3
0
-1
-1
-3
-1
4
2
2
1
0
-1
1
3
3
3
3
3
2
1
0
0
1
3
4
4
4
5
4
3
2
0
-2
-2
0
3
5
8
10
11
9
4
0
-2
-5
-1
1
1
1
1
-2
-4
-2
-2
-1
1
2
2
-1
-5
-6
-6
-6
-2
0
0
-1
-1
-2
-3
-3
-1
-1
-4
-5
-7
-5
-5
-5
-4
-3
0
-3
-5
-7
-10
-10
-10
-7
-5
-2
0
2
3
5
5
2
1
1
6
6
3
2
2
4
3
3
1
0
-1
0
1
0
-2
-3
-5
-5
-5
-3
-5
-1
0
-1
-1
-2
-5
-3
-1
-3
-2
-3
1
3
1
4
6
4
2
0
0
-2
-1
0
-1
0
1
1
-1
0
-1
-1
2
2
3
2
1
4
7
6
6
6
5
6
7
9
9
7
8
8
6
6
5
5
8
6
8
4
1
1
-2
-2
-2
1
1
1
-1
-3
-3
-4
-2
-3
-2
-2
-2
-3
-3
-4
-2
-3
-2
-2
-1
-1
-3
-3
-2
-4
-2
-4
-4
-6
-5
-4
-4
-3
-2
-1
-2
-3
-6
-7
-5
-7
-5
-2
-1
-1
0
0
-2
-2
0
0
1
0
-3
1
2
0
2
1
1
-1
0
-2
-2
-1
-1
-2
-2
-2
-4
-1
0
0
3
3
4
4
3
1
-1
-1
-1
1
2
2
1
2
2
1
0
2
1
-1
1
0
-2
-1
1
0
1
1
2
1
1
4
1
1
1
3
2
2
4
2
3
1
1
2
-1
-1
-2
-4
-1
0
0
1
2
2
3
4
5
4
1
1
1
1
0
-2
1
0
1
1
0
1
2
3
3
1
-2
-2
-3
-3
0
1
1
1
0
1
0
-2
-3
-3
-1
1
2
0
0
1
-1
1
1
1
3
2
-1
-4
-3
-4
0
2
2
1
2
0
-3
-5
-6
-6
-6
-5
-6
-5
-6
-5
-4
-4
-2
-1
1
2
0
-2
-2
-2
-4
-4
0
2
2
2
1
1
1
3
1
1
2
1
2
1
-3
1
2
2
0
1
-2
-2
-2
-1
0
2
5
3
4
4
3
5
5
5
5
5
2
-1
-3
-2
-3
-2
-1
-1
0
-2
-2
-1
-3
-2
-2
-5
-1
-1
-2
-2
-1
-1
-3
-4
-3
-3
-4
-1
1
3
1
-2
-2
-2
0
2
1
1
2
1
3
4
1
-1
0
-1
1
2
1
4
3
2
0
0
1
-2
1
-1
0
2
2
2
1
1
0
1
0
-1
1
1
3
2
2
1
2
5
3
2
1
4
4
3
0
2
2
0
1
1
1
2
1
1
1
0
-2
-1
0
-1
0
1
-2
-1
0
-1
-3
-4
-3
-6
-5
-4
-6
-3
-3
-2
-1
0
2
0
-1
-2
-3
-3
-5
-2
-3
-3
-1
-1
-3
-2
-2
-2
-2
-1
-1
-1
-2
-3
-3
-4
-2
0
0
1
1
-2
-4
-3
0
2
3
4
3
2
0
3
3
3
3
4
3
1
1
0
-2
-2
0
3
-1
-1
3
2
3
4
2
1
1
3
2
1
5
5
3
4
3
2
0
0
1
-1
-2
1
2
3
3
2
2
2
-2
-3
-1
-1
-3
-2
-1
0
1
-2
-2
-3
-4
-1
1
1
2
1
-1
-3
-3
-4
-3
-2
-2
-5
-5
-3
-3
-1
-2
-4
-4
-3
-2
0
0
0
-1
-1
-2
-2
-2
1
2
1
0
-1
0
0
1
1
1
3
1
2
3
1
2
4
5
5
2
3
4
1
2
2
6
7
6
6
4
3
1
1
1
2
2
2
0
-3
-2
-1
0
0
2
2
0
-1
0
0
-1
0
0
-2
-2
-4
-5
-6
-7
-5
-5
-4
-4
-4
-3
-4
-4
-4
-3
-2
-2
-1
0
-1
-1
-3
-5
-3
-2
-1
-2
-2
-2
-2
-2
-2
-1
-1
0
4
3
3
1
1
0
0
0
1
1
4
1
-2
-1
-3
-3
-2
-2
0
2
0
1
3
3
0
3
3
1
1
-1
-2
-2
-2
-1
-1
1
2
2
3
3
0
1
2
0
-1
-2
0
3
2
2
2
0
0
3
4
3
3
1
2
5
3
3
4
2
2
3
3
3
3
2
2
4
3
5
5
3
5
2
2
1
0
1
2
1
3
1
-1
1
1
2
1
1
0
0
0
1
1
2
1
1
-2
-2
-3
-4
-3
-3
-3
-3
-5
