-14
-17
-20
-30
-39
-39
-25
-18
-8
-4
-5
-7
-10
-5
2
8
7
9
0
-5
3
17
25
29
27
0
-13
-19
-29
-23
-17
-3
5
4
9
-3
-19
-9
-6
-8
-15
-12
-6
-16
-11
-1
20
40
48
52
54
57
57
55
52
44
49
47
40
34
30
24
11
0
-2
-9
-23
-23
-18
-14
-11
0
7
6
-3
-19
-26
-26
-26
-29
-32
-23
-13
-8
0
12
20
15
10
6
6
9
16
18
13
10
9
2
-10
-18
-18
-16
-10
1
7
6
-7
-22
-25
-23
-21
-20
-23
-26
-26
-12
-3
5
17
25
27
31
30
13
-2
-15
-27
-21
-10
-10
-6
-13
-19
-13
-13
-6
4
7
12
21
24
21
23
26
30
41
43
42
40
24
6
-9
-28
-38
-34
-14
-3
-12
-20
-26
-30
-35
-33
-28
-27
-29
-32
-30
-31
-32
-36
-28
-19
-19
-6
10
22
27
19
19
26
24
15
5
3
-2
-9
-12
-9
-16
-17
-7
3
6
0
-6
-14
-15
-4
-1
0
-10
-14
-10
-12
0
17
32
28
24
21
21
26
31
26
13
2
-3
2
4
3
-2
-5
-5
7
20
23
9
1
5
4
2
12
22
25
29
19
14
15
16
21
13
2
5
10
8
11
20
24
27
25
12
0
3
5
14
22
19
11
5
5
1
-10
-17
-9
-7
-18
-8
1
-4
-17
-31
-39
-47
-49
-42
-39
-44
-34
-21
-20
-18
-12
-15
-33
-50
-46
-35
-25
-12
-2
6
-2
-7
-9
-13
-16
-7
5
8
15
19
20
26
35
30
12
3
7
8
11
10
2
3
2
7
4
5
3
-11
-16
-17
-7
11
21
26
31
24
16
5
-5
-14
-16
-13
-5
11
25
24
10
-3
-1
1
-2
-1
2
-7
-12
-6
8
17
22
26
22
8
-8
5
27
26
32
39
26
6
-8
-13
-26
-49
-55
-64
-75
-71
-44
-19
-10
-8
-15
-19
-18
-11
-4
-2
-4
3
13
25
35
43
37
28
30
25
26
37
36
22
17
29
34
32
34
30
23
25
33
28
14
8
4
-17
-35
-31
-33
-45
-58
-44
-41
-46
-30
-24
-32
-43
-44
-40
-37
-28
-10
-5
-12
-13
-17
-15
-15
2
10
4
9
7
3
0
12
20
18
19
17
20
16
13
21
35
47
44
47
35
19
15
7
10
30
43
46
54
55
33
18
14
10
13
19
16
7
-4
-8
-2
-4
-10
-7
-6
-26
-45
-49
-58
-60
-59
-52
-47
-50
-48
-37
-34
-33
-25
-20
-19
-13
-6
-10
-15
-17
-16
-22
-17
-9
-12
-6
-1
10
16
21
31
39
45
40
30
23
24
29
36
45
49
44
32
27
32
35
26
25
20
-3
-22
-40
-46
-53
-55
-46
-41
-32
-28
-28
-34
-42
-49
-57
-63
-59
-49
-39
-42
-31
-9
4
13
12
12
14
15
22
18
24
33
39
54
51
40
37
45
56
57
45
37
37
35
26
13
1
3
10
6
-9
-17
-21
-23
-21
-15
-9
0
9
0
-3
-4
-9
-1
7
7
3
9
28
40
50
47
33
17
0
-7
-5
-9
-5
2
8
5
0
8
14
19
33
42
41
29
18
2
-9
-19
-32
-36
-41
-44
-57
-68
-74
-71
-63
-43
-24
-21
-25
-33
-37
-42
-42
-35
-24
-16
-16
-14
-15
-18
-10
-3
1
6
18
27
34
37
34
26
14
8
0
-7
-9
-8
-12
-11
6
24
34
32
29
32
32
34
27
20
10
10
8
-3
-3
-3
0
-1
3
8
6
-3
-12
-20
-32
-36
-19
-6
-10
-9
-3
3
-1
-9
-4
-5
-4
-2
-3
-4
7
19
15
8
-6
-10
-10
-20
-18
-7
2
15
20
23
27
19
13
-1
-17
-17
-9
-13
-14
-13
-17
-18
-21
-15
-11
1
21
30
32
35
35
33
34
35
33
22
1
-11
-22
-26
-22
-17
-3
19
30
26
21
23
28
29
23
4
-3
-10
-22
-21
-12
-1
24
39
39
44
46
41
15
-10
-19
-22
-20
-19
-15
-21
-27
-20
-18
-10
-8
-4
-7
-27
-42
-45
-39
-40
-33
-23
-18
-17
-15
-15
-14
-4
-1
6
7
15
17
11
12
9
7
-2
-8
-8
3
12
17
19
21
22
21
22
12
2
0
2
2
-3
-7
-7
-3
-3
-12
-22
-23
-21
-26
-25
-22
-22
-29
-33
-29
-28
-25
-27
-31
-28
-26
-21
-10
0
9
21
29
40
40
38
25
14
9
8
7
7
8
4
21
32
40
41
37
36
33
22
11
-1
-7
-3
-12
-32
-45
-35
-17
-5
-8
-14
-20
-19
-21
-15
-1
9
8
-6
-13
-6
7
16
21
22
20
22
29
31
29
34
35
29
20
2
-9
-12
-14
-12
-11
-19
-13
-8
-10
-5
6
24
41
48
38
29
13
3
4
-1
-6
1
0
-11
-16
-6
-7
-18
-13
-19
-28
-33
-36
-28
-21
-13
-2
-4
-13
-13
1
18
18
10
12
23
30
23
18
14
5
-5
-8
-2
14
27
29
21
11
8
7
12
16
10
1
-9
-14
-11
-15
-17
-14
-23
-30
-30
-34
-45
-57
-59
-61
-67
-73
-76
-68
-56
-48
-40
-25
-15
-5
4
8
5
6
9
9
23
32
33
42
44
45
47
47
41
34
24
19
19
10
8
9
8
9
15
22
23
15
8
-4
-20
-18
-11
-7
-1
-1
-1
-1
10
21
18
12
2
1
4
-1
4
13
13
13
18
20
17
29
44
35
15
6
-3
-13
-17
-14
-17
-32
-36
-31
-27
-23
-24
-22
-31
-26
-15
-11
-1
17
35
44
38
27
19
11
3
-14
-18
-12
-3
7
4
-4
-6
0
-7
-4
9
14
12
12
19
24
25
29
24
22
10
-3
-7
-16
-7
4
14
16
13
8
-2
-9
-15
-20
-23
-16
-12
-23
-20
-12
-18
-19
-15
-9
-7
4
12
17
13
-3
-8
-13
-18
-20
-17
-15
-18
-22
-27
-44
-53
-42
-37
-32
-32
-32
-23
-18
-11
-4
5
9
12
16
15
8
7
12
16
29
41
51
49
38
34
32
27
16
3
-8
-13
-5
7
14
15
4
-8
-15
-21
-22
-13
0
0
-4
-9
-8
-1
9
18
22
25
31
32
32
28
18
16
13
-2
-18
-23
-17
-11
-15
-27
-36
-36
-23
-11
-8
-21
-37
-51
-45
-33
-23
-14
-15
-4
8
11
2
-9
-26
-37
-31
-28
-24
-17
-21
-13
-3
2
9
14
32
44
46
37
29
38
44
50
51
41
38
52
66
72
69
65
67
64
59
47
34
24
20
21
23
25
26
27
29
30
23
5
-13
-25
-37
-43
-43
-51
-56
-52
-43
-35
-29
-22
-21
-29
-41
-41
-49
-60
-60
-58
-47
-35
-26
-16
-8
-2
-8
-21
-23
-20
-20
-27
-31
-30
-34
-38
-38
-39
-39
-32
-22
-15
0
-1
5
24
27
14
-3
-7
-14
-2
16
23
37
41
41
27
21
20
21
14
5
13
20
29
34
28
27
29
25
20
2
-15
-29
-39
-35
-31
-29
-22
-7
1
4
3
-9
-28
-36
-23
-12
-9
-1
9
14
12
10
20
19
22
33
35
26
15
14
20
25
30
38
44
54
59
62
50
42
39
31
33
32
28
26
14
3
-5
-18
-30
-32
-24
-33
-51
-56
-56
-55
-57
-60
-44
-21
-1
7
5
6
5
4
4
1
6
21
34
32
12
-5
-4
8
8
1
-1
0
14
23
21
3
-13
-11
-19
-26
-30
-36
-31
-25
-15
1
9
15
22
12
-17
-41
-45
-24
0
10
7
-2
-6
7
18
3
-9
-3
1
6
10
11
19
31
38
38
37
29
15
11
2
-8
-17
-14
3
8
14
-3
-23
-33
-42
-51
-61
-57
-55
-49
-44
-37
-35
-38
-39
-44
-41
-42
-33
-32
-39
-31
-23
-11
-3
6
13
17
21
23
21
24
27
29
22
17
22
24
29
36
32
27
30
41
57
60
60
60
49
35
25
27
33
41
43
37
20
6
-3
-7
-13
-14
-9
-1
7
5
7
-5
-5
6
1
10
17
7
1
3
11
11
12
19
19
18
12
-3
-19
-20
-19
-31
-33
-38
-41
-32
-14
-3
-10
-15
-22
-29
-30
-25
-23
-20
-16
-16
-13
-8
10
13
4
-13
-19
-17
-15
2
3
-1
-5
-14
-16
-19
-22
-12
-2
14
18
7
1
3
8
-5
-17
-18
-14
-12
-8
1
13
18
10
4
4
-3
-3
4
-3
-8
-3
8
16
25
35
36
31
22
15
8
-17
-30
-25
-21
-11
-3
1
13
15
25
31
23
26
16
4
-9
-17
-23
-36
-29
-23
-14
-7
0
2
-7
-1
-5
-8
1
1
0
0
2
12
21
20
19
18
14
15
13
0
-12
-11
-9
-7
-15
-18
-23
-32
-30
-31
-31
-31
-23
-7
4
13
22
30
34
22
5
-1
-9
-8
-5
4
17
15
17
18
6
0
-7
-14
-19
-20
-20
-21
-17
-10
-5
-10
-19
-13
-1
8
9
9
2
-6
0
-1
7
17
25
21
20
23
28
34
33
48
51
52
56
64
72
68
58
48
40
32
23
29
31
16
-1
-12
-13
-17
-23
-21
-20
-26
-32
-27
-22
-37
-59
-67
-58
-46
-56
-57
-49
-51
-53
-52
-42
-39
-36
-19
-13
-7
-1
7
9
-1
-11
-5
3
9
14
21
28
21
11
0
3
-3
-26
-26
-18
-18
-16
-2
9
4
-4
-11
-12
-19
-21
-1
23
36
36
36
31
29
26
23
25
21
21
26
30
25
17
2
-4
0
-2
-4
-13
-37
-49
-45
-34
-28
-24
-12
-2
-3
-9
-9
-5
-5
3
5
-8
-3
-7
-13
-23
-31
-18
-9
-7
-11
-6
-7
-12
-10
1
18
28
27
19
18
21
19
17
22
28
25
23
26
30
32
31
38
30
12
1
-8
-2
2
4
8
7
16
19
26
31
28
24
16
8
9
17
24
25
27
28
25
33
32
31
26
20
20
12
12
4
-9
-19
-24
-31
-39
-35
-28
-14
-17
-20
-14
-23
-35
-57
-72
-80
-80
-58
-38
-33
-33
-36
-40
-39
-37
-36
-23
-12
0
1
-13
-10
-6
0
6
-1
-11
-19
-10
5
13
19
14
13
14
13
10
7
10
19
19
15
11
0
-3
-7
-11
2
10
10
12
5
4
11
8
6
0
-3
2
2
-3
1
3
11
14
8
12
10
8
11
20
17
4
-7
-13
-14
-19
-24
-18
-11
-14
-24
-25
-15
-8
-9
-7
1
15
12
19
23
20
24
27
35
31
19
16
32
50
51
33
9
-13
-23
-24
-5
11
14
29
37
42
43
35
32
31
21
0
-23
-39
-41
-37
-34
-24
-17
5
19
7
-3
-8
-15
-17
-14
-18
-21
-25
-28
-13
4
19
32
43
39
37
29
16
13
0
-17
-31
-41
-47
-44
-43
-33
-16
-6
-3
2
1
-2
1
3
10
17
26
23
18
20
16
11
6
3
0
-3
-4
5
3
-4
-15
-28
-33
-41
-45
-38
-33
-22
-16
-21
-20
-15
-16
-17
-22
-32
-39
-47
-44
-41
-28
-19
-8
6
3
-4
-7
-5
-2
5
10
16
19
16
22
32
44
54
60
65
70
68
55
35
26
22
23
25
19
14
12
19
25
31
32
23
17
8
-2
-13
-21
-25
-28
-24
-26
-32
-38
-43
-40
-42
-39
-29
-21
-10
-13
-20
-36
-48
-39
-36
-34
-29
-32
-30
-17
-12
-5
6
20
29
27
21
12
15
13
9
12
15
27
35
30
24
24
35
36
33
29
24
23
19
15
11
9
12
10
18
17
12
12
6
12
4
-11
-23
-35
-39
-33
-27
-23
-24
-13
8
18
15
13
27
26
22
20
12
15
15
16
29
31
27
26
22
18
20
25
26
20
21
22
16
5
-1
-10
-23
-25
-22
-20
-20
-38
-49
-56
-58
-54
-51
-30
-19
-22
-25
-27
-30
-26
-19
-13
1
3
-1
-9
-17
-18
-10
2
7
7
-3
-13
-21
-26
-24
-28
-27
-30
-36
-34
-33
-28
-20
-16
-6
-9
-14
-12
-8
4
2
3
17
18
19
22
22
22
13
16
23
27
30
24
24
24
15
6
1
-10
-8
-4
-10
-15
-21
-16
-13
-17
-10
-2
17
23
21
24
24
18
12
6
13
17
20
23
20
19
8
5
9
10
14
14
18
21
19
22
24
25
33
35
32
24
10
16
24
32
29
17
13
21
27
19
12
4
-14
-17
-14
-8
-3
6
19
15
-3
-17
-20
-23
-26
-22
-10
-3
-5
-4
5
16
23
30
33
22
5
-3
-3
3
-6
-19
-16
-15
-8
2
8
7
5
4
-1
-11
-18
-30
-39
-39
-49
-41
-30
-24
-27
-27
-22
-22
-26
-37
-46
-55
-52
-50
-49
-45
-46
-42
-32
-21
-17
-21
-21
-26
-33
-42
-46
-44
-42
-25
-16
-2
12
15
15
11
7
1
-7
-2
7
10
16
14
2
-2
6
15
27
38
40
37
28
23
22
23
23
25
27
36
52
60
55
45
42
41
35
32
28
14
6
4
5
11
12
15
13
3
-4
1
6
2
9
14
8
2
-2
6
21
23
27
36
44
42
40
43
37
25
10
-1
-13
-21
-18
-11
-14
-7
1
-1
-2
-9
-10
-11
-18
-25
-22
-19
-21
-13
-3
3
10
2
0
7
4
6
-8
-25
-29
-23
-15
-5
-1
-5
-5
4
8
5
6
3
2
8
7
-2
-11
-14
-21
-28
-25
-24
-30
-36
-31
-23
-20
-12
-8
-6
-8
-14
-19
-20
-34
-38
-21
-13
-14
-14
-15
-17
-13
-14
-19
-26
-33
-42
-42
-43
-39
-28
-11
-1
1
12
21
26
18
7
3
0
-7
-13
-13
-15
-14
-10
-10
-1
-1
-2
9
14
10
5
12
23
24
26
27
23
25
25
24
24
34
52
67
70
58
48
47
43
29
10
-11
-19
-20
-23
-17
-6
8
18
22
13
7
2
3
4
-4
-4
-11
-15
-13
-5
-4
0
9
18
27
29
25
18
17
23
21
23
26
23
19
15
11
20
22
25
36
33
34
23
23
27
18
10
-2
-9
-17
-25
-24
-20
-13
-16
-25
-29
-32
-41
-36
-26
-28
-28
-26
-26
-41
-48
-47
-44
-42
-40
-37
-29
-20
-10
-8
-12
-13
-17
-14
-7
-10
-26
-43
-56
-61
-54
-46
-41
-35
-21
1
19
19
17
11
9
13
6
0
10
16
21
22
21
27
20
17
29
34
41
49
51
59
60
62
62
50
38
26
23
13
2
-4
-11
-9
-7
-4
-2
-6
-20
-30
-35
-39
-36
-34
-48
-56
-56
-58
-58
-48
-33
-22
-18
-14
-13
-11
-14
-22
-20
-21
-21
-18
-13
-3
-3
9
19
20
22
22
17
15
23
30
37
39
41
40
32
30
28
28
29
39
44
52
66
64
61
67
62
47
32
19
13
1
9
22
27
25
26
40
42
37
24
14
3
4
13
11
-5
-4
-14
-25
-28
-42
-42
-45
-44
-38
-37
-37
-39
-35
-33
-27
-32
-33
-34
-44
-44
-43
-48
-47
-33
-28
-20
-5
-6
-8
-23
-29
-23
-30
-34
-37
-34
-31
-27
-10
1
3
8
13
17
6
2
7
9
6
-10
-17
-21
-21
-19
-18
-16
-26
-27
-21
-13
-1
13
24
18
5
7
18
22
12
8
8
8
3
12
30
34
43
60
70
69
65
57
46
31
28
33
28
31
29
29
29
20
13
8
11
-2
-17
-23
-39
-45
-31
-16
-8
-12
-20
-16
-16
-17
-24
-41
-43
-38
-47
-43
-24
-18
-19
-9
6
16
21
12
5
4
-10
-15
-9
-2
10
23
23
24
21
14
19
25
25
27
24
16
7
15
21
16
7
6
18
19
11
3
-2
-1
5
13
15
9
8
3
6
0
-19
-22
-10
-2
-3
9
22
27
19
8
3
-10
-15
-17
-32
-33
-24
-19
-14
-13
-7
4
16
18
6
-5
-8
-1
7
-5
-8
-5
-11
-18
-19
-12
-2
-1
-2
-2
-11
-23
-29
-22
-28
-41
-43
-34
-33
-37
-35
-30
-34
-36
-34
-42
-54
-54
-41
-31
-24
-17
-9
4
3
1
1
-4
-1
7
16
22
29
29
45
49
56
60
50
40
36
33
20
22
28
29
26
25
28
32
44
48
35
34
38
39
43
43
48
42
27
17
13
15
21
36
39
30
12
-9
-13
-17
-21
-24
-26
-20
-15
-13
-28
-49
-63
-56
-45
-53
-62
-59
-59
-49
-39
-32
-20
-20
-15
-16
-23
-25
-27
-26
-24
-17
-5
8
20
28
33
39
35
32
19
4
-7
3
12
21
31
34
42
31
13
5
-6
-21
-26
-21
-18
-27
-32
-24
-11
5
6
14
22
25
30
29
21
16
11
15
22
23
19
14
15
8
1
-2
5
9
5
7
-1
-12
-24
-36
-31
-40
-40
-31
-23
-15
-13
2
5
-1
1
-2
-12
-16
-7
-5
-14
-17
-18
-14
-10
-4
4
8
6
13
21
12
5
2
0
0
1
-1
-2
-2
5
16
17
20
28
28
21
6
0
-7
-13
-13
-7
9
16
20
20
24
30
29
24
5
-10
-24
-35
-38
-35
-35
-29
-15
-4
-8
-21
-27
-33
-39
-48
-45
-34
-31
-15
-5
1
-8
-11
-3
0
6
12
7
2
-1
0
17
21
18
13
18
27
28
30
41
43
47
65
79
77
75
79
79
77
68
59
40
16
3
-5
-11
-23
-25
-19
-10
-9
-12
-10
-20
-29
-33
-42
-48
-47
-41
-30
-30
-25
-26
-33
-42
-41
-32
-32
-30
-26
-25
-22
-20
-14
-7
-11
-18
-18
-13
-4
-4
-6
-5
-1
4
11
18
16
-3
-19
-19
-9
1
9
17
17
14
6
-3
1
-1
10
20
19
20
11
3
-6
-12
-13
-16
-17
-17
-11
-1
1
9
19
8
0
-13
-16
-5
2
7
8
9
-1
-4
-5
-6
3
15
30
42
53
56
49
35
21
7
-12
-28
-30
-27
-24
-31
-32
-22
-15
-6
-5
0
6
4
-3
-9
-8
-6
-1
-2
-3
0
4
9
19
23
31
44
51
42
31
22
19
19
12
10
2
-7
1
20
26
32
42
46
35
26
20
8
3
0
-1
0
-1
-7
-13
-17
-18
-12
-11
-7
-12
-15
-10
-11
-10
-11
-8
-10
-9
-14
-17
-17
-26
-28
-25
-23
-33
-48
-63
-72
-73
-75
-67
-64
-59
-52
-52
-42
-38
-35
-22
-14
-6
-13
-6
10
18
21
35
47
52
52
44
35
21
8
-1
7
18
22
20
18
21
30
38
49
46
38
38
19
5
-2
-3
3
6
16
29
39
44
45
42
28
4
-20
-40
-61
-71
-62
-46
-37
-25
-18
-14
-10
-14
-13
-6
3
0
-5
3
4
-3
-8
-9
0
11
21
35
36
30
27
26
30
37
38
31
19
20
16
13
7
1
-1
-2
2
-2
7
16
14
13
5
-5
-14
-18
-8
7
15
23
27
20
9
2
-5
-10
-7
-11
-14
-20
-18
-2
13
25
30
36
30
17
9
6
-8
-28
-42
-45
-35
-25
-20
-23
-30
-37
-31
-26
-31
-34
-36
-35
-32
-32
-34
-32
-27
-26
-24
-15
-16
-11
-5
-6
-6
-13
-16
-21
-20
-23
-28
-17
-18
-18
-10
-12
-11
0
5
14
26
34
38
37
33
32
32
31
31
32
41
32
29
31
26
20
18
34
27
1
-7
-5
-1
3
12
21
10
-5
-10
-14
-16
-21
-24
-28
-40
-43
-40
-41
-33
-25
-14
-4
-1
8
13
18
15
9
-5
-22
-19
-8
-2
-5
2
9
4
3
15
27
27
31
39
37
36
45
44
43
39
39
42
34
33
34
30
27
30
33
32
43
53
53
54
54
55
44
25
18
8
0
1
2
-11
-35
-54
-45
-41
-58
-61
-59
-68
-70
-64
-60
-52
-48
-40
-36
-42
-52
-46
-35
-38
-28
-12
-14
-12
-4
-5
-8
-10
-7
-7
-1
4
13
17
19
24
20
26
29
22
8
-1
-5
-4
0
-10
-16
-18
-21
-19
-9
-4
-13
-17
-18
-22
-16
-15
-29
-43
-40
-30
-27
-21
-13
-10
-18
-11
-3
-3
-11
-20
-8
-6
-11
0
12
6
5
22
26
23
21
34
40
32
31
23
3
-7
-7
2
6
11
19
25
28
34
47
49
44
43
38
33
43
54
53
42
33
31
31
25
14
7
0
-2
-2
-8
-9
-7
-4
-10
-9
-10
-16
-15
-19
-19
-25
-30
-27
-24
-29
-28
-35
-49
-62
-61
-41
-23
-5
11
22
12
-1
5
4
-3
7
20
26
20
15
21
22
21
33
43
43
28
24
24
14
9
9
9
9
13
14
10
5
2
-6
-15
-8
-3
1
1
-7
-11
-13
-13
0
14
7
0
5
4
0
2
8
11
9
16
29
33
31
31
25
9
6
10
6
-4
-4
-8
-20
-20
-21
-27
-41
-47
-43
-49
-58
-59
-51
-59
-67
-62
-60
-62
-60
-53
-52
-57
-55
-53
-49
-43
-33
-19
-21
-30
-28
-27
-31
-28
-25
-19
-16
-4
-2
-8
1
16
26
35
33
33
32
20
21
19
10
0
-7
-19
-32
-31
-22
-7
3
11
29
34
43
57
57
57
64
81
88
90
97
105
99
84
83
87
70
62
67
59
33
25
23
8
4
12
30
32
26
30
29
22
23
27
11
-19
-35
-34
-32
-27
-17
-4
-2
6
12
5
-11
-30
-33
-26
-33
-28
-15
-6
-2
-10
-9
-13
-19
-14
-12
-17
-23
-20
-14
-7
-3
-5
-15
-21
-23
-32
-34
-33
-31
-28
-19
-8
-6
-13
-9
3
1
-10
-27
-35
-49
-53
-47
-43
-40
-47
-50
-43
-44
-39
-27
-22
-20
-19
-21
-29
-32
-42
-45
-46
-41
-27
-27
-23
-10
-1
15
28
27
21
7
0
6
6
11
22
18
17
22
23
26
24
36
42
36
39
45
54
50
50
52
48
37
16
14
7
4
13
14
7
-7
-9
-15
-22
-27
-24
-24
-36
-30
-23
-28
-31
-34
-31
-26
-23
-23
-23
-22
-12
-3
7
19
21
21
8
1
1
1
12
23
27
23
19
28
41
45
51
64
89
102
100
97
86
76
66
76
85
85
82
70
65
51
39
33
30
20
3
-18
-32
-35
-35
-39
-44
-46
-48
-48
-43
-42
-45
-48
-44
-41
-51
-50
-39
-31
-23
-17
-10
-11
-14
-16
-19
-24
-32
-34
-36
-53
-57
-63
-77
-81
-71
-69
-72
-57
-34
-22
-20
-26
-30
-47
-73
-77
-68
-55
-40
-24
-15
-16
-12
4
8
11
14
20
31
37
49
49
44
49
49
46
35
35
34
27
27
30
30
29
34
41
40
24
13
1
-16
-25
-24
-15
-7
7
26
28
16
17
25
28
24
30
36
29
19
17
21
17
27
56
63
57
54
49
36
25
26
25
18
20
36
51
50
41
30
0
-20
-23
-16
-19
-33
-35
-38
-42
-32
-26
-28
-34
-38
-40
-57
-73
-77
-80
-84
-73
-61
-61
-71
-79
-77
-76
-73
-70
-70
-69
-60
-52
-46
-41
-40
-39
-34
-31
-35
-29
-13
-1
10
23
46
54
51
40
27
23
20
22
24
36
49
57
56
55
50
53
71
90
116
137
157
168
177
186
187
178
169
170
157
135
125
123
123
120
126
134
126
101
74
53
23
0
-20
-40
-61
-73
-84
-90
-103
-114
-121
-137
-143
-153
-165
-181
-189
-196
-218
-234
-240
-235
-232
-224
-210
-195
-189
-182
-163
-152
-141
-123
-110
-98
-95
-84
-79
-87
-90
-77
-58
-44
-14
17
48
68
82
94
105
106
99
94
87
74
72
79
90
107
120
129
132
134
142
142
139
138
122
101
105
113
111
104
96
103
104
109
114
103
99
92
83
74
63
60
44
24
19
9
0
-17
-23
-25
-29
-25
-22
-25
-25
-23
-21
-13
-7
-9
-13
-13
-18
-24
-30
-24
-15
-2
7
0
-4
5
-1
-10
-14
-24
-41
-43
-33
-36
-46
-49
-48
-57
-77
-84
-86
-98
-101
-105
-101
-100
-106
-94
-88
-86
-82
-80
-78
-73
-69
-55
-48
-55
-47
-30
-17
-15
-14
-17
-23
-13
-2
1
4
13
17
19
21
16
15
7
2
10
15
9
6
12
15
15
28
42
47
51
52
52
46
43
41
40
49
60
69
61
51
66
74
73
73
86
96
89
97
98
88
68
60
59
51
57
65
64
52
44
31
15
4
-1
-9
-17
-19
-20
-29
-35
-29
-37
-48
-56
-60
-59
-68
-67
-53
-55
-63
-52
-32
-31
-32
-36
-45
-59
-64
-49
-38
-36
-27
-7
8
21
34
34
35
39
37
27
19
21
25
15
17
21
28
33
36
35
15
5
-7
-14
-18
-20
-22
-30
-42
-44
-38
-38
-35
-27
-23
-35
-46
-51
-62
-77
-79
-61
-51
-50
-42
-33
-42
-48
-39
-41
-53
-64
-56
-45
-41
-29
-21
-25
-30
-25
-9
-11
-10
-4
-6
-7
-18
-15
-12
-3
16
19
29
33
41
46
44
43
35
19
23
41
60
83
102
114
100
85
87
93
81
68
76
87
97
107
124
124
113
115
116
100
84
71
48
20
9
12
-1
-15
-12
-1
4
9
12
8
-7
-24
-32
-42
-55
-56
-47
-39
-34
-17
-2
-5
-16
-33
-48
-54
-55
-60
-70
-74
-84
-85
-79
-67
-58
-55
-49
-49
-44
-56
-62
-63
-66
-73
-76
-69
-63
-53
-45
-35
-36
-37
-28
-26
-29
-33
-32
-38
-38
-33
-28
-33
-45
-53
-57
-55
-50
-39
-25
-22
-26
-26
-34
-40
-26
-19
-23
-33
-30
-17
-2
22
45
55
55
56
57
49
34
31
33
40
29
28
34
41
59
72
76
76
85
101
113
114
116
115
108
102
105
109
118
131
141
142
149
151
149
134
114
94
77
71
61
52
46
53
52
51
34
6
-21
-45
-72
-94
-97
-88
-76
-77
-71
-69
-77
-92
-109
-123
-147
-166
-177
-177
-179
-176
-151
-134
-122
-110
-100
-86
-76
-62
-57
-53
-46
-41
-23
-12
-4
15
32
51
47
36
22
9
8
17
47
62
78
92
111
110
100
95
85
66
49
50
44
37
43
52
56
58
71
91
93
80
64
50
31
16
15
11
7
0
-17
-26
-37
-36
-37
-42
-44
-33
-27
-40
-56
-71
-85
-105
-90
-65
-62
-63
-51
-50
-67
-57
-49
-55
-66
-74
-62
-63
-67
-57
-41
-28
-23
-13
-8
-11
-16
-14
-21
-39
-50
-46
-39
-34
-31
-27
-23
-17
-6
-4
4
14
12
5
1
1
-1
-2
20
32
33
24
5
-14
-14
-3
12
40
54
62
61
59
56
62
70
75
78
86
83
74
62
51
63
74
91
95
92
88
78
65
55
60
67
73
64
64
61
40
33
45
52
37
32
35
14
-23
-45
-43
-62
-83
-77
-59
-55
-55
-34
-16
-32
-46
-44
-47
-68
-88
-87
-83
-79
-61
-37
-33
-43
-30
-5
7
12
15
13
4
2
-6
-13
-18
-25
-26
-17
-5
3
14
35
29
27
27
25
16
10
21
27
31
28
32
38
32
29
34
34
32
28
26
12
-7
-10
-4
6
4
-3
-11
-27
-44
-50
-56
-67
-71
-67
-78
-86
-74
-61
-58
-60
-40
-35
-48
-53
-49
-52
-44
-16
14
19
9
20
18
4
10
28
27
0
-11
-9
-13
-29
-38
-17
-3
-6
1
2
-18
-34
-27
-18
-25
-27
-16
-21
-29
-11
16
23
28
27
18
1
1
19
25
24
16
9
3
3
20
27
33
42
45
41
29
40
35
22
22
24
28
27
44
58
45
41
46
40
29
47
60
31
0
-11
-9
-21
-17
16
45
27
18
37
23
-14
-18
-3
-18
-32
-2
21
11
6
38
61
42
56
97
92
50
34
45
29
29
72
112
117
104
106
89
58
58
59
40
-2
-22
-36
-64
-62
-36
-15
-23
-15
7
-15
-40
-47
-62
-125
-168
-157
-145
-148
-111
-56
-67
-83
-68
-41
-55
-60
-32
-46
-74
-78
-53
-48
-65
-35
-11
-12
-33
-3
23
-25
-51
-39
-26
-83
-102
-61
-68
-104
-90
-47
-49
-55
-36
-12
-45
-77
-77
-97
-120
-125
-92
-67
-42
-6
-11
-13
-3
11
16
8
13
24
25
36
68
56
60
79
72
57
39
38
47
24
17
29
7
-19
-6
49
15
7
52
55
1
-34
29
26
-19
37
124
105
103
175
222
179
126
184
220
138
111
178
197
165
184
234
216
172
192
224
211
198
278
282
208
162
205
182
110
177
213
190
168
118
92
12
8
68
21
-32
-16
-84
-171
-88
-127
-135
-144
-161
-237
-319
-342
-256
-217
-193
-112
-158
-144
-128
-145
-128
-181
-228
-187
-193
-272
-321
-284
-235
-212
-115
-16
-82
-212
-229
-181
-150
-166
-138
-117
-256
-180
-183
-156
-153
-222
-68
-86
-148
-110
-103
-99
-103
-176
-156
-131
-178
-98
-91
-88
-28
-1
58
-2
-46
62
37
60
61
9
-1
32
1
69
81
220
498
197
252
165
72
101
234
283
176
159
217
158
-147
20
123
185
198
164
69
-37
61
140
157
127
5
-10
-18
-73
-18
37
153
180
188
91
43
-18
66
126
-18
-59
-19
-60
-23
-5
166
18
196
80
107
212
82
518
107
494
45
28
-128
-189
38
-21
262
219
220
-58
37
-24
226
311
263
487
33
-108
75
-71
271
292
325
364
49
-209
-168
-232
24
120
-21
-66
-488
-608
-360
-106
-115
-25
-62
-327
-528
-561
-218
-149
41
260
77
-343
-582
-325
-196
-13
125
48
-166
-443
-509
-323
-113
265
212
5
-54
-493
-610
-84
-72
18
223
80
-44
-459
-354
-68
-126
147
209
-84
-263
-327
-309
-164
-57
-112
-142
-113
-238
-262
16
285
280
93
133
0
-261
75
209
59
241
212
53
-11
-59
147
299
266
405
16
-170
38
-32
147
397
239
5
34
-24
-276
-107
329
447
326
294
292
89
32
309
191
65
147
64
-141
-120
-15
100
217
263
228
181
162
35
100
66
158
303
124
157
-31
-218
-16
25
4
197
405
85
66
-60
17
-28
-20
311
-5
-80
30
-32
-58
124
155
115
58
-86
-231
-378
-78
-10
-85
157
47
-178
-222
-97
-190
-173
12
-26
-293
-366
-156
-320
-189
146
106
46
183
57
-89
15
87
70
49
59
-56
-166
-119
-76
-216
-165
-40
-191
-208
5
-39
-85
122
72
-189
-237
-74
-53
-50
-5
-146
-260
-387
-369
-343
-170
142
1
-61
-112
-350
-455
-193
27
-45
-89
-46
-169
-313
-278
-114
-32
-14
119
162
118
21
90
265
289
96
86
82
5
-11
46
91
103
96
190
236
193
333
276
206
251
101
111
315
173
141
179
-68
-247
-166
-78
-90
-52
-7
153
181
42
125
173
0
-95
-72
-88
-260
-328
-7
197
49
37
205
161
172
303
381
395
373
291
162
110
11
-21
81
127
-55
-17
176
-3
-150
69
189
37
116
342
88
-203
-178
-125
-292
-251
26
44
114
215
139
117
179
248
322
395
376
272
52
-69
-93
-10
234
309
229
113
150
89
71
217
184
138
7
-204
-453
-670
-684
-473
-479
-419
-619
-857
-19
-395
-1330
-409
-189
-1233
-1241
-685
-568
-1265
-943
-102
-808
-1080
57
-120
-605
23
69
-219
11
356
449
721
1060
1097
884
870
991
1072
1163
1344
1317
1074
747
325
-10
-36
-10
-123
-96
-253
-663
-910
-1064
-1246
-1251
-992
-855
-904
-926
-864
-786
-664
-666
-696
-635
-385
-249
-297
-278
-260
-200
-293
-299
-154
-392
-433
-263
-377
-438
-117
562
1164
1373
1224
1239
1383
1522
1936
2441
2723
2752
2803
2517
1784
1307
1235
1300
1306
1158
589
-378
-1017
-1093
-976
-891
-721
-620
-951
-1254
-1315
-1215
-996
-802
-524
-406
-661
-884
-732
-464
-507
-687
-892
-1098
-1281
-1170
-844
-958
-1192
-1259
-1450
-1698
-1616
-852
280
1250
1810
1776
1417
1252
1656
2402
3145
3822
4167
3838
2856
1953
1550
1520
1766
1879
1406
428
-453
-1278
-1879
-1928
-1834
-1678
-1408
-1212
-1505
-1805
-1685
-1370
-1050
-848
-870
-987
-1098
-1186
-1135
-1104
-1096
-1168
-1319
-1617
-2010
-2061
-1784
-1715
-1905
-1943
-1899
-2087
-1924
-1023
-14
518
762
863
627
476
760
1359
2053
2859
3426
3316
2593
1757
1339
1429
1816
2083
1756
1050
293
-601
-1142
-1160
-1052
-851
-509
-415
-821
-1434
-1784
-1773
-1481
-975
-599
-446
-571
-979
-1293
-1233
-878
-473
-274
-305
-459
-691
-736
-627
-358
-41
62
269
440
465
500
764
1206
1474
1660
1745
1639
1513
1551
1672
1658
1590
1775
2002
1858
1546
1318
1182
1156
1258
1326
1173
833
479
254
63
-67
9
103
102
-20
-311
-563
-766
-946
-968
-904
-891
-962
-1051
-1162
-1248
-1137
-870
-760
-805
-820
-777
-644
-510
-357
-238
-179
-170
-153
-47
-16
-146
-206
-128
10
94
52
-115
-231
-121
109
201
58
-60
-44
86
128
94
251
560
796
711
434
178
77
243
471
492
173
-278
-441
-339
-340
-484
-680
-959
-1192
-1222
-1173
-1171
-1249
-1246
-1135
-1133
-1129
-970
-773
-673
-587
-406
-262
-314
-401
-431
-335
-173
15
248
365
421
457
503
464
423
330
138
140
326
588
812
928
833
579
539
711
844
824
828
775
603
512
532
485
313
318
566
737
625
369
68
-260
-460
-279
-11
26
-5
-69
-242
-482
-576
-428
-155
86
173
122
1
-158
-216
-100
-21
-80
-62
55
79
-4
-151
-237
-288
-214
29
122
-71
-326
-368
-235
-61
-63
-200
-220
-166
12
244
278
206
315
664
1031
1184
1108
926
761
762
948
1106
1075
988
1108
1314
1371
1271
987
707
465
336
329
218
-53
-339
-431
-352
-305
-347
-426
-652
-786
-763
-676
-685
-980
-1220
-1062
-943
-1031
-1072
-1127
-1132
-958
-812
-899
-1224
-1490
-1322
-1084
-946
-922
-858
-597
-456
-508
-610
-690
-641
-350
-23
41
-37
-75
-11
70
219
444
594
695
671
582
503
415
389
419
469
646
799
716
540
368
180
86
74
156
216
121
11
-25
-17
-47
-92
-197
-267
-201
40
176
28
-199
-402
-388
-231
-252
-417
-597
-592
-391
-315
-460
-581
-518
-256
-69
-86
-255
-363
-145
174
356
369
291
308
516
705
809
825
863
1055
1114
1056
916
780
841
1000
1163
1135
964
822
790
711
572
445
367
301
239
148
71
-102
-294
-214
-145
-193
-177
-18
27
-261
-570
-518
-382
-471
-528
-364
-331
-352
-260
-442
-1104
-1406
-1041
-564
-377
-584
-790
-902
-956
-922
-884
-684
-110
461
851
894
590
346
614
1052
1381
1523
1433
1334
1267
1215
1102
920
708
616
631
607
444
184
-10
-145
-301
-506
-583
-623
-674
-640
-704
-883
-1158
-1198
-1059
-1042
-1052
-1014
-1018
-1174
-1358
-1432
-1469
-1375
-1212
-1172
-1248
-1342
-1241
-1006
-810
-748
-657
-500
-296
-49
166
280
283
517
908
1052
1029
1077
1061
1037
1069
1221
1296
1283
1317
1268
1070
733
522
400
271
156
184
214
104
-2
-74
-167
-290
-395
-519
-723
-720
-488
-420
-546
-762
-896
-875
-638
-220
24
-77
-239
-207
-101
-101
-55
33
180
396
523
578
419
339
580
812
819
741
681
738
773
790
892
851
815
930
987
904
723
726
847
832
732
771
808
651
535
459
412
337
224
136
19
-281
-628
-815
-867
-893
-916
-945
-934
-981
-1032
-917
-829
-819
-852
-791
-743
-816
-792
-524
-251
-247
-403
-371
-351
-422
-373
-403
-553
-489
-246
-154
-347
-566
-483
-299
-229
-233
-186
-71
106
304
509
581
645
839
1005
958
882
1029
1191
1255
1203
1083
954
768
709
740
604
326
105
-3
-166
-324
-351
-298
-322
-419
-456
-667
-1038
-1159
-964
-810
-913
-1146
-1267
-1325
-1325
-1276
-1258
-1252
-1182
-941
-809
-880
-928
-807
-630
-604
-633
-544
-360
-205
-26
204
334
461
658
869
979
943
1011
1185
1155
1010
1107
1324
1469
1597
1638
1425
1044
787
756
807
877
884
742
539
354
130
8
-15
-76
-78
-58
-136
-335
-554
-604
-576
-616
-631
-602
-621
-624
-500
-408
-395
-360
-381
-490
-630
-660
-555
-456
-395
-369
-461
-446
-235
-168
-190
-73
147
366
580
729
741
791
943
974
942
1095
1355
1525
1571
1499
1318
1123
1086
1112
1095
1030
811
498
161
-171
-504
-675
-582
-454
-468
-637
-925
-1211
-1309
-1217
-1017
-866
-911
-948
-897
-884
-953
-955
-776
-660
-658
-600
-692
-942
-896
-577
-502
-681
-743
-724
-779
-817
-728
-526
-129
350
555
396
110
56
216
489
784
982
1147
1222
1070
702
379
228
210
340
393
143
-385
-794
-881
-910
-1003
-1042
-972
-1016
-1083
-966
-907
-912
-710
-287
12
-119
-304
-235
-9
320
751
1138
1141
840
591
461
283
287
645
893
725
312
-76
-207
-14
455
1063
1677
1733
1227
810
611
718
1299
2206
2752
2684
2344
1829
933
224
394
921
1265
1226
418
-856
-1684
-1742
-1460
-1252
-1232
-1373
-1658
-2074
-2410
-2427
-1956
-1207
-667
-508
-811
-1360
-1442
-902
-290
56
327
338
-155
-668
-804
-642
-334
156
433
-46
-784
-1102
-741
458
1861
2199
1417
715
577
916
1840
2929
3556
3693
3509
2457
760
41
879
2220
3016
2517
302
-2083
-2709
-1988
-1308
-972
-983
-1558
-2336
-2949
-3503
-3623
-2688
-1104
-135
-329
-1373
-2436
-2401
-1522
-799
-470
-452
-770
-1281
-1695
-2159
-2382
-1777
-913
-718
-1245
-1748
-1471
-44
1602
1803
620
-228
238
1540
3035
4121
4470
4613
4510
3269
1545
1264
2524
4050
4677
3180
-101
-2570
-2433
-1046
-271
-283
-933
-1932
-2560
-2761
-2935
-2723
-1598
-192
226
-559
-1489
-1515
-479
706
1091
775
279
-126
-219
-92
-91
-176
-282
-620
-1190
-1704
-1513
63
1793
1644
92
-1036
-862
587
2642
3905
3640
3073
2876
2042
902
1135
2510
3652
3926
2396
-847
-3073
-2387
-563
221
-192
-1540
-3142
-3824
-3595
-3245
-2671
-1554
-668
-713
-1395
-1990
-1691
-199
1211
1104
24
-750
-934
-508
274
646
514
235
-616
-1950
-2521
-2028
-922
914
2739
2120
-776
-2416
-1296
900
3106
4815
4792
3436
2762
2485
1271
922
2862
4886
4862
2769
-588
-3153
-2640
-149
1076
99
-1947
-3828
-4297
-3248
-2283
-2012
-1497
-1081
-1685
-2615
-2827
-2257
-834
889
1102
-443
-1630
-1591
-1090
-308
237
-151
-1016
-1683
-2183
-2347
-1428
784
2687
2203
-267
-2092
-1700
415
3103
4791
4476
3349
3061
2777
1818
1870
3515
4864
4689
2711
-687
-2957
-1772
965
1782
344
-2088
-4175
-4254
-2586
-1431
-1431
-1488
-1524
-2026
-2459
-2474
-1887
-200
1392
1192
-330
-1560
-1746
-834
504
730
-252
-1067
-1651
-2435
-2660
-1902
-546
1240
2115
350
-2291
-2256
198
2611
4188
4233
2861
2260
2874
2578
1668
2330
3851
4423
3689
1257
-1786
-2084
601
2195
1049
-1080
-3129
-4074
-2655
-608
-550
-1399
-1264
-1017
-1281
-1108
-568
-41
684
883
-175
-1542
-1877
-1250
-374
70
-427
-1274
-1683
-1882
-2035
-1766
-893
610
1733
813
-1270
-1571
441
2854
4558
4872
3612
2858
3587
3647
2521
2498
3563
3743
2905
988
-1963
-3145
-1156
688
-112
-2294
-4255
-5117
-3965
-1962
-1486
-2163
-2420
-2396
-2341
-1902
-1461
-883
231
714
-104
-955
-1065
-716
-23
199
-695
-1604
-1737
-2015
-2560
-2581
-2221
-1187
732
1248
-815
-2184
-715
1508
3130
4120
3589
2628
3546
4708
3560
2342
3186
4354
4622
3693
881
-1738
-920
1648
1909
-97
-2385
-3995
-3590
-1447
-577
-1715
-2333
-1910
-1739
-1572
-1096
-886
-403
605
659
-445
-1099
-826
-278
85
-240
-1160
-1749
-1733
-1748
-1789
-1383
-307
1117
1357
-318
-1580
-401
1889
3696
4651
4058
2925
3577
4872
4272
3300
3863
4446
4051
3029
775
-1615
-1213
866
960
-974
-3095
-4679
-4562
-2696
-1778
-2899
-3906
-3762
-3205
-2524
-2053
-2059
-1757
-1019
-918
-1431
-1677
-1479
-958
-480
-1073
-2195
-2424
-2303
-2609
-2733
-2572
-2224
-690
867
-215
-2056
-1150
1126
2545
3647
3897
2888
3230
5027
4867
3380
3694
4856
5093
4725
3022
332
0
2119
2815
1191
-854
-2453
-2766
-1432
-413
-1066
-1892
-1973
-1813
-1345
-848
-920
-1005
-647
-587
-787
-643
-585
-674
-505
-773
-1558
-1614
-1226
-1535
-2017
-2126
-2051
-1049
606
394
-1287
-1056
904
2276
3293
3877
2935
2750
4760
5144
3058
2630
3875
4072
3879
3083
151
-1693
216
1633
-55
-1890
-3035
-4104
-3180
-1166
-1702
-3455
-3337
-2652
-2498
-1756
-1276
-1799
-1716
-1010
-1149
-1478
-1136
-871
-797
-852
-1634
-2242
-1846
-1839
-2403
-2380
-2279
-1808
191
1180
-831
-1909
108
1971
2931
4167
3837
2641
4082
5726
4133
2954
4277
4763
4223
3955
1724
-1055
9
2234
1133
-1200
-2403
-3510
-3463
-1716
-1539
-3167
-3411
-2645
-2613
-2369
-1706
-1592
-1426
-1107
-1495
-1674
-1096
-984
-1271
-1295
-1768
-2287
-1729
-1447
-2398
-2884
-2634
-2321
-872
842
4
-1608
-447
1752
2703
3762
4454
3486
3807
6263
6373
4254
4464
5896
5500
4940
4333
1745
308
2316
3067
451
-1508
-2030
-2786
-2147
-555
-1432
-3410
-3120
-2143
-2290
-1950
-1238
-1502
-1649
-1034
-950
-1368
-1330
-1176
-1297
-1505
-1872
-1905
-1473
-1771
-2634
-2827
-2596
-1889
-71
623
-1118
-1697
329
1858
2405
3308
3225
2717
4464
5953
4162
2813
4148
4767
4152
3908
2190
-288
392
2237
910
-1573
-2440
-2872
-2861
-1853
-1837
-3178
-3595
-2820
-2329
-2133
-1954
-1948
-1715
-1395
-1284
-925
-645
-1098
-1483
-1598
-2073
-2099
-1334
-1505
-2627
-2816
-2575
-2631
-1331
347
-715
-2245
-791
1108
1371
2422
3612
2746
3087
5686
5547
3112
3592
5159
4388
3859
3786
1256
-486
1445
2096
-438
-1848
-2062
-3192
-2980
-1471
-2170
-3747
-3221
-2299
-2407
-2169
-1765
-2144
-2107
-1083
-414
-492
-807
-1049
-1040
-962
-1051
-730
-258
-878
-1681
-1545
-1483
-1094
876
1817
-103
-963
1089
2539
2864
4019
4096
2912
4300
6450
4826
2883
4417
5399
4340
4133
2842
-264
-131
2473
1681
-1109
-1790
-2103
-2881
-1998
-1311
-3010
-4064
-2828
-2159
-2592
-2355
-2065
-2370
-2249
-1691
-1464
-1480
-1484
-1585
-1846
-2143
-1877
-1182
-1359
-2356
-2670
-2207
-1624
-279
1251
458
-1396
-396
2112
2812
3220
4071
3269
2978
5264
5775
3336
3161
4989
4683
3765
3491
1181
-988
670
1933
-406
-2124
-2143
-3133
-3326
-1789
-1921
-3493
-3387
-2573
-2676
-2573
-2200
-2288
-2195
-1586
-1136
-1007
-1201
-1712
-1774
-1471
-1689
-1668
-1088
-1604
-2448
-1836
-1343
-1408
159
1563
-76
-1086
1171
2613
2381
3468
3914
2469
3499
6102
4750
2357
3692
4730
3368
3150
2527
-467
-984
1416
829
-1838
-2413
-2606
-3261
-2300
-1670
-3214
-3935
-2868
-2339
-2210
-1726
-1750
-1764
-1212
-1156
-1148
-443
-387
-979
-831
-901
-1549
-862
-79
-1267
-2062
-1114
-728
-378
1324
1379
-706
-394
2119
2762
2728
3979
3938
3109
4844
6145
3943
2810
4559
4788
3511
3350
2135
-179
399
2025
441
-1786
-1868
-2274
-3237
-2615
-2151
-3321
-3602
-2588
-2600
-3052
-2543
-2194
-2547
-2357
-1626
-1301
-1484
-1886
-2072
-1808
-1353
-947
-884
-1462
-2144
-1963
-1295
-828
248
1364
498
-663
776
2631
2691
3235
4162
3402
3606
5888
5590
3012
3526
5414
4578
3640
3591
1393
-242
1682
2255
-627
-2079
-1632
-2430
-2956
-2141
-2565
-3875
-3649
-2876
-3095
-3281
-2799
-2497
-2719
-2789
-2277
-1834
-2126
-2482
-2174
-1900
-1820
-1119
-771
-1807
-2443
-1592
-1012
-765
695
1664
249
-660
996
2353
2376
3326
4092
3059
3361
5464
4817
2542
3414
4948
3973
3287
3079
839
-348
1562
1695
-994
-2066
-1903
-2715
-2639
-1716
-2585
-3708
-2988
-2526
-3035
-2814
-2351
-2525
-2336
-1674
-1331
-1062
-793
-1175
-1585
-1301
-756
-216
-68
-830
-1513
-1040
-426
86
1292
1612
-63
-573
1414
2403
2061
3055
3727
2683
3398
5340
3967
2008
3745
5061
3370
2775
2859
651
-165
1974
1475
-1707
-2214
-1602
-2967
-3001
-1323
-2253
-4109
-3171
-2255
-3177
-2844
-1685
-2422
-3078
-1687
-921
-1820
-1991
-1508
-1671
-1359
-300
-228
-1102
-1432
-1112
-736
-314
529
1570
1315
-122
34
1905
2676
2728
3560
3430
2645
4161
5582
3744
2716
4487
4644
3230
3171
2092
-92
978
2954
900
-1772
-1805
-2162
-2716
-1598
-1691
-3722
-3726
-2119
-2268
-2961
-2573
-2549
-2655
-1917
-1767
-2378
-2075
-1499
-1846
-2136
-2004
-1946
-1630
-1494
-2280
-2580
-1762
-1129
-316
857
263
-1313
-405
1769
2060
2204
3285
2788
2287
4491
5363
2948
2715
4836
4335
2897
3232
2075
62
1383
2718
271
-1755
-1232
-1592
-2404
-1489
-1359
-2995
-3183
-2262
-2627
-2801
-1737
-1479
-2111
-1818
-1097
-1237
-1495
-1288
-1323
-1306
-680
-290
-775
-1322
-1427
-1126
-591
-436
-202
568
203
-1092
-268
1872
2238
2267
3299
2809
2069
4163
5203
2778
2267
4271
3801
2642
3435
2309
269
1946
3141
116
-1794
-1095
-1616
-1847
-657
-1707
-3730
-2751
-1575
-2674
-2915
-1975
-2134
-2104
-1361
-1865
-2400
-1260
-714
-1615
-1893
-1654
-1583
-957
-722
-1636
-1729
-705
-403
20
1168
428
-1201
188
2484
2178
2000
3149
2590
2166
4709
5632
3028
2706
4700
4114
3010
3633
2326
121
1350
2442
-151
-1907
-1103
-1468
-2380
-1732
-1893
-3383
-3307
-2400
-2940
-3329
-2572
-2423
-2898
-2794
-2484
-2339
-1982
-1843
-2225
-2363
-1868
-1275
-1163
-1688
-2137
-1598
-846
-906
-537
736
531
-713
298
2306
2316
2287
3494
3267
2744
4867
6104
3778
2762
4497
4585
3532
3652
2388
133
864
2098
177
-1623
-1348
-1554
-1811
-1051
-1719
-3298
-2628
-1452
-2176
-2537
-1768
-1894
-2145
-1562
-1691
-2093
-1175
-613
-1614
-2087
-1579
-1458
-1456
-1502
-2132
-2160
-1277
-1106
-1113
-151
-244
-1549
-622
1565
1545
1346
2820
2882
2317
4457
5660
3244
2653
4943
4749
3254
3711
2718
240
1182
2944
852
-1135
-283
-536
-1802
-1247
-1420
-3225
-2934
-1455
-2141
-2939
-2040
-1772
-2112
-1472
-1160
-1546
-1050
-458
-1007
-1395
-1072
-1070
-1155
-1015
-1474
-1891
-1363
-1222
-1269
149
985
-616
-1055
1081
1826
1300
2550
3117
1788
2947
5401
3868
1758
3668
4881
3207
3038
3007
418
-48
2197
1303
-1412
-1418
-1280
-2545
-2086
-1310
-2848
-3662
-2483
-2407
-2933
-2201
-2029
-2610
-2032
-1315
-1489
-1250
-901
-1363
-1348
-579
-424
-691
-753
-1227
-1689
-1195
-817
-826
130
881
-323
-956
677
1663
1456
2379
2957
1917
2498
4547
3837
1971
3046
4252
3070
2617
2692
877
267
2048
1662
-683
-1094
-990
-1790
-1513
-1356
-2817
-3247
-2187
-2277
-2724
-1992
-1809
-2289
-1740
-1338
-1903
-1568
-741
-1217
-1674
-1008
-721
-1040
-971
-1173
-1851
-1553
-688
-729
-348
1008
649
-1004
-183
1959
2024
2014
3305
2944
2213
4393
5565
3134
2607
4841
4601
3233
3738
2632
319
1348
2715
517
-1105
-307
-998
-2352
-1652
-1646
-3251
-3138
-2107
-2734
-2970
-1785
-1939
-3014
-2522
-1664
-1833
-1694
-1249
-1769
-2156
-1372
-947
-1415
-1488
-1441
-1798
-1517
-1006
-1002
-154
877
-123
-908
968
2379
1945
2582
3362
2269
2677
5129
4588
2288
3240
4636
3405
2988
3215
1100
-32
1756
1733
-599
-1191
-917
-1841
-1880
-950
-1775
-3081
-2593
-2159
-2620
-2228
-1658
-2123
-2201
-1504
-1344
-1456
-1266
-1421
-1809
-1613
-1122
-1005
-1138
-1439
-1981
-1952
-1223
-972
-606
599
429
-1065
-373
1615
1594
1334
2572
2592
1883
3635
4785
2462
1549
3715
3999
2693
2777
1760
-246
846
2416
538
-1224
-672
-708
-1242
-671
-1024
-2522
-2333
-1339
-1761
-1950
-1055
-1111
-1757
-1473
-1160
-1151
-652
-447
-1264
-1919
-1479
-666
-454
-823
-1429
-1771
-1245
-607
-380
434
1056
-65
-654
1065
2217
1887
2528
3113
1980
2311
4566
3871
1355
2184
3764
2719
2319
2484
350
-502
1713
1609
-1176
-1733
-1135
-1982
-1975
-1073
-2157
-3537
-2640
-1827
-2454
-2261
-1582
-2278
-2756
-1869
-1383
-1650
-1660
-1774
-2343
-2343
-1383
-789
-1171
-1525
-1601
-1591
-1050
-492
-198
814
1381
186
198
2408
3137
2616
3592
3877
2687
4029
6333
4546
2415
4221
5015
3273
3392
3288
589
336
2363
998
-1534
-1167
-1007
-2278
-2045
-1670
-3220
-3714
-2401
-2489
-3303
-2540
-2014
-2755
-2694
-1894
-1863
-1862
-1383
-1603
-2322
-2055
-976
-721
-1299
-1673
-1891
-1780
-925
-501
-602
288
697
-393
115
2087
2118
1682
2977
3125
2160
3930
5681
3414
1904
3903
4247
2962
3545
2737
-103
387
2414
923
-993
-641
-1312
-2504
-1373
-758
-2519
-3068
-2008
-2384
-2814
-1677
-1685
-2824
-2351
-1437
-1809
-1885
-1259
-1580
-2167
-1442
-675
-1121
-1463
-1262
-1572
-1654
-774
-531
-564
556
621
-826
-171
2029
2303
1992
2887
2719
2125
4085
5415
3047
1750
3712
4252
3199
3182
1819
-561
434
2376
741
-1383
-1353
-1769
-2290
-1040
-947
-3037
-3409
-2146
-2344
-2428
-1160
-1372
-2604
-1949
-982
-1506
-1371
-652
-1359
-1861
-804
-362
-1059
-1007
-738
-1154
-755
118
-162
-13
1154
590
-708
532
2293
2097
2213
3014
2392
2480
4894
5338
2685
2202
4106
4093
3200
3117
1463
-363
1120
2499
478
-1307
-1195
-1671
-1942
-811
-1296
-3574
-3647
-2367
-2694
-2699
-1861
-2811
-4040
-2956
-1901
-2288
-2035
-1611
-2447
-2517
-1106
-804
-1609
-1464
-1169
-1639
-1184
-293
-696
-387
1117
774
-546
572
2452
2345
2288
3138
2741
2496
4372
5004
2706
2130
4089
4334
3376
3167
1744
139
1412
2612
601
-1347
-1137
-1263
-1928
-1585
-1798
-3316
-3374
-2276
-2663
-3097
-2244
-2309
-3209
-2834
-1897
-1813
-1694
-1421
-2076
-2562
-1420
-250
-668
-1152
-975
-1112
-843
100
40
-324
505
810
-154
161
1765
2146
1905
2635
2856
2471
3824
5051
3297
1967
3534
4368
3593
3414
2418
531
1188
2858
1678
-224
-253
-493
-1131
-422
-470
-2452
-2918
-1697
-2050
-2688
-1949
-2175
-3233
-2465
-1310
-1751
-1764
-1100
-1757
-2477
-1386
-385
-990
-1366
-972
-1214
-1362
-414
-150
-705
195
1326
157
-693
937
2030
1499
2021
2826
2032
2498
4588
3818
1457
2405
4289
3630
2849
2352
367
-130
1889
1878
-571
-1552
-1539
-1970
-1478
-1185
-2840
-3892
-2982
-2657
-3130
-2911
-3019
-3620
-2871
-1906
-2312
-2480
-1841
-2054
-2376
-1452
-709
-1004
-1050
-648
-741
-961
-466
-87
-572
-205
1401
1461
-127
221
2033
2182
2061
3228
3161
2275
4055
5911
3817
2164
4194
4986
3431
3555
3242
720
804
2950
1707
-989
-1056
-612
-1233
-1315
-1573
-2876
-3309
-2522
-2408
-3042
-3076
-2732
-2513
-2302
-2330
-2079
-1354
-1330
-1701
-1526
-1317
-840
64
-181
-1151
-965
-272
-102
40
121
324
1155
1415
635
581
1534
1889
2089
2707
2357
2144
3796
4321
2177
1695
3342
3091
2190
2445
925
-1076
209
1557
-361
-2074
-1877
-2402
-2888
-1746
-1801
-3732
-3767
-2389
-2747
-3236
-2420
-2502
-3014
-2150
-1382
-1675
-1475
-855
-1149
-1401
-493
127
-458
-717
-278
-367
-542
-56
-58
-628
65
1799
1877
316
198
1681
2346
2719
3563
3062
2353
3935
5186
3565
2635
4126
4468
3527
3419
2200
151
1000
2608
886
-1244
-1257
-1732
-2164
-1041
-1339
-3356
-3213
-1710
-2172
-2859
-2046
-2110
-2841
-1874
-934
-1681
-1576
-372
-657
-1450
-723
-44
-495
-588
-314
-641
-884
-262
-64
-1011
-958
704
1102
-359
-623
674
1263
1609
2571
2147
806
2051
4058
2621
817
2123
2906
1972
2152
1625
-899
-980
1259
500
-2105
-2406
-2218
-2941
-2154
-1396
-3439
-4697
-2768
-1932
-2862
-2517
-2101
-2539
-1827
-706
-1194
-1676
-556
52
-613
-562
-16
-141
-47
312
-63
-246
242
239
-105
-124
403
1594
1868
554
223
1587
2435
2717
3302
2879
2268
3867
5039
3022
1870
3496
3674
2664
2938
1805
-384
559
2126
257
-1863
-1729
-1822
-2092
-1103
-1324
-3442
-3745
-2236
-2145
-2604
-2068
-2057
-2327
-1511
-863
-1075
-929
-303
-134
-342
-169
332
651
593
309
228
528
674
608
599
284
616
2294
2595
694
297
1711
2183
2425
3256
2553
1254
2651
4003
1915
591
2061
2078
1115
1641
449
-2179
-1316
561
-1214
-3223
-2642
-2685
-3649
-2925
-2362
-3961
-4509
-2907
-2666
-3475
-2720
-1882
-2368
-2562
-1737
-1156
-1107
-697
-384
-887
-845
359
887
342
138
259
278
682
920
459
-18
458
1813
2076
633
-18
915
1616
1908
2517
2107
892
1747
3391
2058
342
1716
2582
1334
1331
1157
-1209
-1249
1361
779
-1980
-2192
-1548
-2097
-1524
-631
-2365
-3782
-2294
-1320
-1950
-1725
-1353
-1919
-1533
-314
-273
-591
-65
232
-37
204
906
1081
854
782
660
652
1028
1167
821
327
82
1082
2576
1890
107
538
1868
1998
2596
3344
1990
1323
3607
4077
1402
1370
3416
2570
1519
2249
546
-1560
543
1984
-686
-2151
-1468
-2270
-2400
-786
-1847
-4322
-3341
-1648
-2451
-2571
-1601
-2176
-2444
-1119
-924
-1578
-753
93
-447
-655
-4
219
396
784
292
-511
-146
535
306
-258
-929
-1487
-427
1468
881
-1185
-1032
223
343
1202
2350
915
-41
2394
3238
990
1130
2947
2069
1253
2157
720
-1208
411
1421
-1025
-2332
-1560
-1886
-2013
-1303
-2574
-4105
-2920
-1596
-2064
-2325
-2020
-2144
-1533
-443
-642
-892
95
735
465
391
623
749
1023
1140
473
-151
207
730
273
-442
-644
-990
-537
1287
1198
-1316
-1618
583
1085
710
1731
1589
422
2215
4218
1949
134
2343
3550
2375
2223
1397
-858
-165
2244
1251
-1417
-2021
-1864
-1961
-1190
-1016
-2628
-3224
-1852
-1239
-1627
-1451
-1357
-1386
-510
220
-80
-56
718
1032
699
851
1495
1526
1271
1158
578
281
902
1010
126
-450
-539
-510
544
1873
713
-1569
-974
1045
1235
1136
1768
887
289
2594
3557
1008
402
2583
2604
1422
1703
567
-1399
167
2104
-68
-2265
-1684
-1769
-2365
-1121
-1164
-3649
-3808
-1703
-1656
-2376
-1599
-1540
-2052
-1006
-156
-920
-808
537
511
-440
-255
249
54
89
297
-235
-528
98
171
-824
-1518
-1424
-1186
-323
946
123
-2044
-1594
588
933
800
1595
915
26
2059
3451
1184
312
2390
2592
1644
2336
1519
-740
214
2139
601
-1174
-808
-1246
-1801
-509
-318
-2164
-2462
-1368
-1560
-1807
-1026
-1059
-1482
-820
-358
-685
-291
600
528
11
224
673
635
611
614
-14
-338
482
847
-74
-842
-925
-1077
-499
1293
1508
-839
-1671
235
1314
1173
1842
1598
75
1254
3906
2773
251
1249
2759
1995
1991
2235
29
-788
1594
1745
-1004
-1715
-929
-1547
-1493
-502
-1769
-3412
-2323
-1125
-1704
-1805
-1250
-1466
-1245
-349
-451
-839
-156
331
-73
-25
533
639
654
731
70
-467
105
609
154
-641
-1049
-1130
-965
13
967
230
-1018
-411
1040
1550
1900
2204
1435
1182
3055
4078
2367
1564
2784
2812
2230
2650
1719
-77
595
1643
-4
-1748
-1712
-1956
-2453
-1951
-2238
-3804
-3911
-2794
-2902
-3348
-2696
-2357
-2561
-1996
-1591
-1801
-1099
200
309
-309
-102
487
699
861
795
261
132
641
730
176
-296
-297
-285
-263
443
1043
222
-828
-141
1040
1200
1588
1935
957
689
2324
2777
1417
1638
2748
2036
1465
1891
818
-257
922
1358
-326
-1216
-1244
-1960
-1818
-944
-1692
-2841
-2281
-1746
-2158
-1670
-986
-1335
-1133
-313
-526
-706
303
833
279
39
328
483
672
809
363
-267
-318
67
272
-67
-747
-1079
-1075
-939
-11
835
-160
-1341
-360
1022
1176
1722
2309
1395
1109
2842
3193
1463
1575
2954
2457
1782
1994
811
-384
812
1621
-80
-1668
-1808
-1876
-1707
-1019
-1469
-2906
-2970
-1863
-1553
-1797
-1632
-1196
-858
-766
-740
-635
-457
49
687
553
-11
195
798
796
396
80
-99
53
506
540
-204
-725
-502
-298
156
1117
955
-233
-73
1047
1204
1381
2157
1801
1016
2098
3009
1502
759
2005
1877
866
1299
759
-1177
-786
616
-637
-2335
-2054
-2073
-2739
-1924
-1360
-2903
-3566
-2107
-1615
-2154
-1458
-858
-1432
-1078
117
52
-377
432
1135
681
557
1080
1013
812
1044
735
7
109
527
351
-59
-527
-989
-944
-544
-98
454
346
-504
-497
451
856
1044
1529
1110
417
1385
2248
1162
671
1537
1255
611
1152
549
-1197
-893
124
-818
-1628
-1358
-2080
-2756
-1630
-1060
-2183
-2329
-1475
-1523
-1436
-603
-654
-912
108
839
442
474
967
977
1018
1317
1371
1284
1275
1234
975
629
467
542
679
424
-198
-386
-137
-254
-82
843
817
-159
163
1220
1182
1254
2126
2019
1369
2184
2851
1594
1006
2070
1902
921
1161
634
-980
-864
34
-762
-1747
-1725
-2212
-2772
-2095
-1711
-2583
-2887
-2255
-2083
-1965
-1275
-1084
-1323
-956
-398
-158
57
352
451
251
271
744
947
646
341
-37
-314
-73
74
-240
-591
-850
-985
-735
-549
-712
-400
133
-158
-384
414
919
790
1471
2093
1422
1416
2443
2119
1273
1980
2388
1557
1463
1282
-197
-514
697
355
-1065
-1115
-1225
-2323
-2053
-981
-1664
-2463
-1614
-1327
-2014
-1453
-441
-771
-835
133
303
-105
408
840
246
282
1119
1087
542
483
184
-511
-423
-92
-689
-1184
-926
-1002
-1372
-1211
-1102
-1147
-406
259
-262
-484
332
740
837
1553
1659
935
1557
2792
2189
1456
2169
2209
1485
1675
1427
-1
-188
664
65
-1106
-1196
-1325
-1754
-1240
-864
-1793
-2165
-1321
-1019
-1080
-575
-412
-561
35
714
736
787
1095
1174
1136
1151
1002
889
983
790
280
17
-144
-513
-562
-323
-671
-1127
-977
-986
-1276
-825
17
-67
-471
39
635
694
1274
1918
1481
1325
2302
2440
1579
1720
2192
1677
1319
1255
206
-617
-3
118
-1061
-1829
-2069
-2609
-2559
-1978
-2327
-2937
-2495
-2003
-2088
-1853
-1459
-1455
-1119
-293
-35
-278
46
591
558
484
741
829
750
863
724
59
-274
-135
-276
-500
-475
-666
-940
-791
-681
-833
-393
325
203
-45
558
1159
1303
1852
2244
1711
1732
2723
2703
1865
1888
1947
1359
1288
1254
12
-886
-423
-462
-1311
-1550
-1710
-2471
-2395
-1619
-1888
-2418
-1954
-1487
-1526
-1149
-607
-603
-479
161
609
644
833
1108
1029
820
869
933
789
667
567
210
-171
-219
-164
-352
-596
-729
-810
-710
-488
-114
360
513
317
504
1144
1461
1671
2151
2105
1593
1874
2453
2016
1403
1580
1445
836
758
429
-741
-1261
-874
-1134
-1898
-2131
-2327
-2705
-2468
-2003
-2177
-2373
-1933
-1458
-1340
-1102
-715
-502
-272
176
510
582
793
1182
1328
1216
1180
1170
940
702
654
491
239
311
386
-91
-527
-342
-126
-188
-187
-95
13
226
336
247
304
599
847
1131
1332
1116
1067
1488
1437
680
424
605
279
-31
-213
-1041
-1787
-1431
-1041
-1571
-2101
-2261
-2528
-2451
-1867
-1734
-2094
-2049
-1553
-1066
-619
-221
-17
181
562
897
1121
1238
1351
1528
1635
1577
1452
1458
1399
1081
789
715
609
390
261
144
-127
-334
-282
-254
-346
-83
428
480
233
362
631
794
1181
1331
884
723
1114
1127
709
653
598
130
-131
-230
-814
-1373
-1272
-1213
-1672
-2125
-2365
-2456
-2170
-1790
-1882
-2059
-1837
-1558
-1222
-735
-543
-625
-271
442
843
1010
1300
1420
1289
1393
1646
1590
1386
1335
1131
717
650
789
585
214
148
183
37
90
223
-43
-242
208
635
342
117
459
695
794
1165
1335
955
895
1284
1105
649
686
657
304
132
-252
-1051
-1311
-995
-1064
-1416
-1651
-2017
-2283
-1957
-1555
-1665
-1790
-1598
-1457
-1276
-809
-524
-518
-165
332
363
303
598
820
685
667
812
604
270
344
392
76
-97
29
-55
-333
-342
-249
-325
-324
-244
-304
-68
539
725
461
592
1014
1223
1646
2134
1855
1334
1598
1935
1527
1223
1359
998
445
446
273
-382
-518
-279
-666
-1166
-1208
-1458
-1833
-1567
-1245
-1505
-1617
-1293
-1211
-1119
-618
-330
-412
-339
-161
-232
-218
31
102
13
48
-40
-275
-223
-87
-284
-532
-545
-634
-803
-699
-585
-770
-812
-459
-219
-206
168
642
642
644
969
1117
1141
1553
1849
1540
1414
1714
1670
1346
1490
1610
1146
858
808
296
-184
-83
-46
-475
-781
-871
-1090
-1116
-791
-599
-756
-872
-760
-603
-423
-204
1
123
26
-46
154
324
253
260
393
181
-126
-35
-10
-465
-771
-673
-791
-1020
-964
-1011
-1274
-1184
-935
-944
-1003
-894
-565
-189
-45
-61
76
349
596
905
1082
919
901
1215
1304
1094
1093
1170
987
885
946
672
342
475
587
334
191
162
-75
-185
19
129
67
100
81
-61
-73
112
255
297
197
23
-35
-91
-159
-144
-203
-490
-620
-505
-673
-986
-1017
-998
-1102
-1086
-976
-1133
-1355
-1239
-1012
-899
-794
-724
-615
-283
24
122
269
445
543
801
1210
1249
1065
1213
1370
1147
999
1097
973
806
862
645
89
-100
40
-111
-401
-502
-639
-766
-606
-424
-581
-832
-767
-573
-461
-350
-234
-152
-90
63
272
331
275
323
394
300
125
85
-19
-226
-291
-329
-462
-551
-552
-668
-764
-624
-550
-672
-634
-459
-425
-270
115
256
126
330
766
950
1122
1525
1601
1461
1672
1835
1618
1449
1452
1299
1061
902
647
279
139
51
-185
-370
-490
-700
-892
-861
-888
-1127
-1209
-1131
-1168
-1114
-864
-713
-833
-800
-537
-443
-366
-128
-20
-105
10
172
53
-7
154
135
-41
-9
39
-161
-277
-231
-362
-513
-385
-263
-335
-350
-131
51
74
155
256
349
503
745
862
760
675
737
844
875
899
883
748
565
395
241
103
-26
-160
-386
-662
-839
-912
-893
-935
-1017
-984
-973
-907
-668
-520
-542
-444
-188
-63
-31
122
249
287
442
618
564
422
485
534
396
302
208
-10
-194
-230
-329
-497
-525
-501
-510
-491
-450
-435
-409
-278
-204
-174
46
260
315
439
643
719
870
1178
1253
1058
1042
1129
972
872
858
552
232
313
432
218
45
-56
-364
-533
-401
-367
-593
-703
-609
-584
-557
-381
-195
-175
-217
-112
-33
-80
-12
109
28
-137
-128
-8
-16
-71
-98
-219
-410
-477
-419
-433
-578
-684
-631
-551
-545
-482
-347
-226
-25
174
202
195
350
553
712
838
899
891
938
1005
928
788
662
554
481
368
115
-132
-199
-273
-467
-575
-655
-792
-760
-610
-683
-864
-764
-575
-565
-505
-350
-276
-230
-86
27
-15
10
186
238
115
18
-113
-274
-353
-403
-532
-694
-750
-726
-719
-701
-658
-609
-488
-321
-193
-78
76
215
435
704
843
1008
1279
1474
1564
1700
1780
1700
1688
1757
1668
1499
1386
1225
999
776
530
221
31
-165
-393
-531
-694
-858
-911
-885
-947
-988
-917
-908
-898
-783
-750
-816
-779
-631
-575
-559
-510
-541
-590
-556
-502
-466
-480
-511
-556
-617
-701
-747
-657
-589
-654
-645
-486
-385
-302
-53
213
313
428
724
953
1011
1170
1396
1453
1465
1603
1635
1445
1338
1330
1154
942
857
745
494
279
61
-226
-424
-522
-699
-886
-957
-1056
-1111
-1059
-1065
-1153
-1105
-934
-858
-830
-662
-547
-515
-345
-137
-99
-148
-29
87
88
93
110
66
21
34
37
23
-64
-140
-129
-79
-84
-114
-33
65
105
176
336
426
436
518
679
750
726
798
927
931
858
885
938
865
772
746
623
428
301
214
33
-244
-454
-533
-571
-653
-751
-803
-871
-939
-887
-765
-719
-752
-685
-555
-489
-371
-191
-53
-74
-94
19
117
107
60
10
-133
-238
-159
-48
-116
-278
-321
-290
-286
-323
-388
-437
-445
-351
-143
20
62
93
266
478
600
699
803
903
972
1096
1296
1308
1164
1113
1113
1072
962
838
641
394
256
183
58
-139
-313
-460
-661
-790
-791
-835
-931
-982
-960
-875
-730
-598
-501
-433
-351
-237
-107
-34
-66
-72
-2
9
-40
-27
-49
-195
-279
-245
-327
-444
-449
-488
-608
-607
-540
-583
-563
-401
-306
-283
-123
39
56
130
296
363
395
534
648
606
650
809
815
777
798
763
600
480
462
379
240
169
145
53
-36
9
45
-48
-110
-129
-135
-133
-98
-37
-17
23
66
128
182
176
165
152
149
132
88
31
-65
-155
-213
-277
-368
-468
-529
-569
-570
-548
-560
-606
-612
-587
-558
-478
-391
-347
-238
-58
69
166
313
482
557
634
754
764
742
739
728
657
559
533
500
424
328
225
126
66
21
-64
-123
-150
-228
-274
-306
-362
-413
-388
-290
-263
-229
-146
-123
-131
-69
-26
-61
-46
-8
-109
-188
-147
-153
-238
-270
-264
-371
-433
-338
-337
-425
-381
-327
-358
-344
-257
-263
-325
-253
-122
-74
-28
108
214
267
362
467
500
479
495
540
541
505
475
457
401
360
360
326
206
126
134
121
78
48
-5
-71
-99
-112
-116
-161
-224
-213
-142
-112
-102
-52
-25
-53
-44
-17
-55
-102
-54
-13
-35
-8
19
-15
-57
-91
-121
-153
-162
-138
-143
-137
-134
-157
-155
-113
-109
-121
-70
-60
-64
-22
32
68
102
145
137
132
157
177
203
231
221
155
123
120
61
-7
-16
-67
-109
-66
-14
-52
-96
-45
-31
-36
16
59
16
-25
4
17
7
27
55
83
107
152
192
192
205
175
144
99
-6
-88
-158
-229
-295
-359
-364
-308
-280
-249
-211
-179
-195
-207
-144
-138
-190
-213
-146
-102
-90
7
126
159
159
221
286
301
332
403
337
253
240
272
273
202
174
190
178
153
141
145
126
80
79
82
58
13
33
59
7
-63
-95
-76
-65
-48
-51
-72
-101
-120
-141
-176
-240
-276
-267
-295
-355
-409
-402
-391
-375
-334
-294
-288
-305
-278
-223
-199
-162
-88
-23
11
62
171
249
241
240
268
230
183
199
216
173
148
191
232
209
163
154
77
-13
-50
-53
-49
-80
-51
-8
-21
-17
27
93
106
123
177
193
174
187
252
266
213
198
194
104
50
55
39
3
-23
-25
-67
-103
-101
-140
-164
-152
-149
-135
-122
-142
-159
-116
-64
-42
-48
-20
9
-33
-40
1
-3
-35
-20
9
-19
-58
-40
-13
-58
-123
-122
-110
-137
-139
-84
-53
-70
-54
-10
6
-12
28
125
172
156
179
208
203
224
266
282
244
221
227
202
134
93
98
68
10
-21
-61
-136
-213
-265
-271
-295
-322
-312
-316
-321
-311
-267
-222
-208
-178
-82
-15
4
32
80
134
168
225
283
298
283
271
283
267
248
231
186
114
29
6
-21
-101
-174
-218
-246
-272
-286
-272
-267
-294
-249
-188
-183
-202
-199
-145
-123
-97
-23
46
93
135
197
237
229
239
259
246
186
153
146
105
56
45
34
7
-18
-26
-35
-78
-97
-83
-36
-30
-62
-61
-37
-51
-56
-6
19
-6
10
65
71
53
68
97
74
57
66
64
69
51
36
55
68
51
47
75
87
72
87
137
122
80
115
134
99
67
60
42
-23
-68
-51
-62
-106
-100
-73
-84
-157
-193
-182
-229
-274
-236
-178
-181
-192
-114
-53
-37
-3
45
67
73
128
209
246
246
260
253
229
175
158
157
118
71
44
1
-71
-139
-172
-205
-278
-311
-317
-312
-321
-303
-274
-264
-245
-219
-185
-172
-152
-108
-43
-11
9
71
133
141
134
171
178
138
129
149
135
89
81
90
70
39
60
94
92
63
64
54
6
-6
22
24
4
21
43
41
49
83
100
99
126
149
147
148
174
168
133
129
117
83
67
59
28
-26
-58
-80
-102
-117
-121
-115
-112
-95
-79
-84
-123
-155
-154
-147
-136
-121
-81
-45
-23
-1
1
-16
-16
-20
-20
-42
-61
-65
-78
-74
-90
-92
-74
-68
-49
-16
-13
-12
30
62
52
40
93
125
113
143
177
159
133
191
227
179
163
219
216
144
136
148
84
2
-3
-4
-80
-126
-100
-104
-167
-185
-175
-199
-215
-180
-128
-122
-123
-105
-78
-98
-113
-94
-94
-98
-77
-33
-1
13
29
66
70
57
60
46
19
-9
-26
-19
-16
-17
-8
-15
-21
-7
-2
-17
-37
-51
-62
-68
-45
-25
-38
-16
31
34
19
28
25
20
33
42
45
59
63
63
64
65
38
17
13
8
4
6
25
32
48
73
73
71
66
63
67
66
69
58
49
50
47
44
36
60
98
111
107
98
78
47
21
6
-5
-16
-7
-1
-7
-22
-34
-41
-44
-46
-28
-37
-65
-61
-67
-76
-73
-49
-43
-56
-45
-20
-13
-5
0
0
-7
-27
-44
-52
-62
-66
-74
-84
-54
-32
-23
-6
7
19
12
9
12
11
8
10
19
27
30
23
39
52
31
13
0
-22
-28
-25
-33
-43
-56
-58
-34
-32
-46
-57
-62
-78
-107
-93
-70
-61
-65
-39
8
-1
-5
8
5
-12
-17
-7
-8
-15
-5
16
31
22
27
32
21
17
26
28
4
-5
3
-2
11
26
33
27
30
59
68
72
83
80
73
74
81
97
102
106
114
94
81
68
32
21
12
10
-8
-26
-52
-74
-69
-81
-90
-77
-57
-51
-42
-17
-8
-15
-18
-1
15
3
15
31
32
40
39
48
47
60
81
87
80
64
58
51
14
-10
-11
-18
-41
-48
-42
-48
-38
-33
-37
-49
-61
-55
-69
-65
-47
-36
-20
4
18
22
36
37
20
-16
-23
-18
-30
-34
-30
-26
-26
-30
-21
5
13
14
28
4
-19
-27
-27
-41
-70
-47
-16
-14
-8
5
20
2
-24
-2
-5
-30
-28
-11
-18
-53
-60
-46
-48
-53
-25
-17
-37
-44
-31
-20
-52
-57
-31
-34
-38
-17
3
13
15
39
50
-1
-25
-7
2
-2
12
41
27
-9
12
63
64
68
105
112
69
42
58
59
24
24
39
18
-6
17
53
53
51
75
93
78
63
67
54
26
21
34
28
3
-21
-13
-12
-14
8
30
7
-37
-45
-44
-58
-68
-41
-19
-28
-51
-41
-32
-43
-25
10
12
-10
-4
11
10
26
49
44
29
36
29
-3
-10
29
31
-8
-9
15
18
16
29
31
24
-1
11
10
-40
-33
-7
-20
-46
-30
13
-6
-35
-3
11
-23
-41
-16
-26
-60
-48
-19
-32
-56
-25
-15
-40
-41
8
34
-6
-20
-19
-38
-82
-70
-22
-35
-55
-44
-35
-54
-55
-12
-22
-45
-23
12
14
-9
25
55
29
15
27
13
-34
-45
-28
-27
-29
-35
-22
-49
-70
-35
5
-6
-17
20
35
9
8
52
45
8
37
76
68
68
96
113
106
100
123
117
79
71
79
43
15
32
36
14
-1
19
26
-2
4
26
4
-10
3
-5
-27
-46
-18
-22
-49
-45
-18
-26
-48
-6
11
-15
-28
-1
-2
-41
-46
-22
-45
-68
-40
-18
-63
-88
-59
-56
-92
-96
-54
-50
-64
-24
0
-16
-3
46
70
50
54
81
70
47
66
90
58
34
79
109
74
59
110
105
58
66
88
75
25
48
61
-9
-33
15
21
-37
-51
-21
-21
-53
-24
29
-8
-43
-38
-47
-95
-118
-77
-70
-117
-107
-63
-68
-77
-44
-12
-35
-43
2
11
-21
-18
-7
-26
-54
-42
-12
-33
-33
23
20
-17
0
40
31
5
12
23
-9
-39
-14
-11
-35
-9
36
36
9
28
72
44
-6
9
35
5
-24
1
-4
-48
-37
6
-7
-57
-35
-7
-38
-64
-41
-28
-57
-44
5
10
-18
2
48
27
-9
25
48
12
7
34
32
2
22
79
77
46
67
95
64
43
50
42
19
26
70
73
36
34
60
49
34
56
80
55
31
44
43
1
-19
9
1
-21
-16
-3
7
-3
14
31
20
28
28
8
-10
-35
-28
-17
-21
-20
-21
-20
-23
-26
-39
-51
-63
-63
-66
-63
-66
-90
-85
-48
-42
-67
-62
-38
-46
-76
-55
-34
-58
-90
-68
-39
-60
-54
2
24
-4
5
55
55
14
24
53
23
-28
5
36
-3
-24
33
71
21
6
54
36
-14
13
76
62
2
35
80
54
30
77
81
21
9
43
38
-12
-3
44
18
-30
-21
-4
-49
-86
-41
-16
-64
-71
-28
-32
-81
-71
-18
-34
-56
-25
5
-20
-47
-7
16
-6
-7
16
17
-8
-1
25
7
-30
-28
7
-2
-10
26
41
33
23
46
50
25
35
46
43
24
14
23
32
21
18
26
26
17
10
16
-2
-1
10
27
45
43
45
42
42
44
28
15
21
6
-17
-28
-33
-33
-34
-13
2
-22
-39
-27
-21
-10
0
13
8
-20
-36
-35
-45
-62
-36
-25
-35
-41
-26
7
-5
-23
3
11
-19
-23
-21
-22
-31
-32
-11
-4
0
21
37
35
30
46
52
31
31
36
22
-9
-13
1
-6
-5
10
18
16
15
35
41
18
14
26
10
-36
-37
-13
-16
-28
-18
0
-9
-21
-2
4
-8
-5
3
1
-22
-24
0
-6
-29
-26
-12
-23
-34
-16
1
-23
-34
-15
3
-13
-22
-6
-16
-29
-16
1
-1
-14
0
25
16
4
16
22
-3
1
27
22
12
9
21
12
-17
-1
12
-16
-30
-15
2
-6
3
39
49
32
18
23
21
14
30
39
21
3
4
-7
-41
-41
-9
-3
-15
-16
0
-3
-14
3
15
1
-12
-10
-18
-38
-33
-9
-4
-11
0
11
-1
-6
4
1
-6
-3
12
8
-7
5
19
6
-1
19
28
17
12
29
39
25
35
53
50
38
38
30
12
10
13
14
3
9
19
7
1
24
38
21
14
17
-5
-23
-22
-16
-25
-37
-28
-10
-16
-20
-5
-14
-15
11
24
8
-10
-14
-11
-30
-45
-24
-30
-53
-44
-31
-44
-57
-48
-31
-33
-42
-42
-54
-56
-42
-27
-30
-40
-9
24
10
-7
1
20
21
17
38
48
41
66
91
80
56
58
61
41
27
31
22
-8
-5
17
10
-7
-9
-8
-33
-60
-61
-50
-43
-34
-15
-13
-27
-19
10
16
8
7
3
-8
-21
-20
-9
-10
-7
2
7
-6
-20
-16
-24
-27
-13
3
18
15
22
18
-15
-39
-41
-18
-7
-12
5
27
36
43
40
31
17
-9
-7
-1
6
24
44
49
56
65
61
53
44
38
25
1
-17
-22
-19
-15
-18
-18
-6
2
-2
-3
5
6
5
2
10
19
23
15
6
3
-14
-24
-23
-22
-22
-9
1
10
10
6
10
7
9
10
-7
-16
1
20
23
19
32
35
21
27
41
18
-22
-35
-37
-52
-60
-39
-21
-24
-28
-20
-28
-52
-47
-42
-60
-82
-84
-71
-63
-50
-27
-9
-12
-3
24
39
37
53
87
100
98
95
90
50
6
-9
-15
-24
-28
-21
-8
-9
-11
-10
-17
-23
-30
-35
-46
-48
-29
-7
4
3
10
14
7
4
3
-6
-5
6
16
2
-12
-8
-7
-14
-3
10
-5
-27
-35
-18
-8
-7
-4
0
-3
-4
-11
-14
-13
-14
-4
-6
-3
8
16
34
48
60
44
27
30
39
42
47
65
72
62
60
60
37
21
28
33
14
-3
5
8
-11
-20
-15
-11
-14
-12
-13
-34
-53
-36
-12
-14
-14
8
21
5
-12
-3
-14
-44
-55
-52
-50
-60
-54
-25
-13
-10
5
18
6
-16
-9
3
-1
-5
-5
-12
-30
-31
-16
0
9
17
27
34
25
24
25
9
0
6
21
25
16
19
11
2
-1
15
37
39
34
36
38
22
3
11
11
2
0
4
-1
-9
-3
-2
-13
-33
-35
-29
-41
-58
-57
-51
-56
-40
-20
-18
-9
3
8
4
-5
-12
-8
-14
-28
-22
-7
2
12
18
18
22
29
30
29
10
-4
-5
-6
-3
6
11
19
22
22
24
23
15
-2
-10
-21
-27
-30
-33
-26
-11
2
10
7
-4
-6
-3
-7
-5
0
2
9
14
16
7
-3
-7
-11
-22
-32
-36
-37
-33
-25
-13
-7
-18
-19
-6
-18
-27
-19
-7
-11
-5
14
22
22
18
30
31
15
25
51
51
31
14
14
5
1
14
24
28
33
37
43
38
37
57
64
62
59
65
61
46
46
50
54
53
50
48
36
19
6
-3
-12
-19
-13
-18
-40
-59
-55
-56
-63
-57
-42
-44
-58
-58
-47
-41
-51
-52
-42
-41
-33
-24
-19
-26
-36
-32
-25
-22
-22
-21
-18
-8
0
6
9
1
-8
-1
4
-7
-14
-1
7
-5
-16
-20
-20
-11
-8
-9
-16
-32
-37
-26
-15
-5
-5
-3
-2
-5
5
22
27
28
36
38
24
10
12
7
-8
3
16
18
21
29
25
10
4
1
-6
-20
-25
-15
-3
3
13
26
20
0
-17
-30
-49
-58
-43
-37
-19
1
9
17
24
33
29
15
5
3
-2
1
3
4
18
31
31
25
25
34
36
38
49
45
45
41
40
43
42
36
28
17
9
14
37
51
45
46
47
36
25
22
20
12
9
15
22
9
-5
-5
-16
-27
-29
-33
-34
-43
-47
-45
-49
-41
-32
-21
-19
-15
-6
-5
-11
-15
-14
-18
-25
-30
-37
-51
-62
-51
-36
-39
-41
-22
-14
-17
-15
-11
-21
-28
-24
-30
-39
-36
-24
-20
-17
-9
6
14
6
3
7
10
4
3
9
16
18
12
5
7
13
13
26
42
49
46
33
15
3
-16
-26
-14
0
11
20
26
30
28
13
-2
-22
-42
-50
-57
-65
-71
-59
-49
-45
-36
-24
-17
-22
-27
-30
-23
-8
8
20
26
38
50
52
47
46
41
36
32
38
40
39
47
54
63
66
53
43
25
4
-1
0
-4
-5
10
25
31
35
36
24
10
6
4
-9
-21
-20
-16
-11
-2
11
20
15
10
2
-8
-13
-2
10
6
3
6
4
-9
-14
-12
-8
-3
-2
-4
-6
-8
-6
-10
-16
-8
6
7
-2
2
-2
-13
-12
-12
-29
-38
-26
-14
-12
-17
-17
-11
-4
4
13
7
13
21
20
6
-5
0
-10
-11
2
5
-4
-20
-16
-18
-29
-28
-13
-12
-34
-43
-42
-51
-63
-48
-36
-38
-28
-16
-2
-2
4
22
17
0
-4
-3
-16
-25
-8
18
18
9
16
20
7
5
14
10
-1
-4
-1
-5
-5
-4
-14
-28
-25
-14
-13
-10
2
1
-16
-19
-7
5
6
3
4
0
-5
10
21
27
31
31
36
32
28
35
34
27
38
50
50
46
52
55
47
44
47
40
37
44
45
32
17
6
-18
-43
-36
-18
-13
-6
1
-9
-31
-34
-15
-8
-25
-26
-9
-13
-21
-7
17
17
-4
-1
1
-19
-28
-14
-1
-12
-8
14
16
10
8
15
1
-12
10
20
16
9
10
5
-11
1
18
12
14
35
32
14
6
14
8
-15
-22
-17
-27
-38
-23
-21
-37
-45
-36
-19
-16
-12
-6
-15
-16
-6
-1
-14
-21
-15
-27
-51
-58
-51
-51
-47
-28
-6
-14
-34
-34
-36
-46
-27
-2
3
-2
-7
-9
-26
-40
-23
6
15
24
47
42
36
43
39
25
15
26
20
8
9
25
17
6
22
25
19
20
42
38
4
0
1
-16
-17
4
26
17
13
34
30
11
10
20
10
-17
-15
-2
-14
-12
22
33
16
14
31
21
-7
-12
3
-7
-16
8
25
9
-1
9
20
11
8
24
0
-25
-23
-25
-41
-53
-26
-10
-11
5
26
23
-2
-1
5
-10
-21
-4
2
-15
-21
-13
-12
-13
5
24
15
4
25
36
29
25
36
39
26
23
17
8
-5
3
14
0
-2
19
21
9
14
21
18
11
19
10
-24
-42
-42
-47
-58
-52
-27
-25
-40
-33
-34
-53
-61
-45
-37
-47
-31
-16
-19
-18
2
8
-2
0
13
15
-11
-10
6
14
26
50
64
45
13
18
24
9
18
40
37
11
9
19
2
-7
12
19
1
-9
-1
-14
-39
-38
-23
-25
-41
-32
-21
-37
-45
-29
-32
-45
-41
-27
-23
-30
-13
2
1
2
14
10
-9
1
8
4
-11
-6
12
0
-1
14
22
13
9
29
29
19
24
25
14
10
39
58
47
45
53
40
4
-5
6
3
-4
11
31
27
30
43
51
35
31
47
36
9
-1
5
-5
-22
-2
8
3
16
33
36
23
11
1
-13
-38
-33
-21
-37
-40
-19
-14
-29
-29
-17
-31
-46
-43
-28
-19
-21
-1
7
7
9
21
25
13
11
9
3
-7
-9
-1
-5
-10
-6
-4
-19
-21
-22
-33
-39
-33
-28
-35
-49
-47
-45
-50
-44
-37
-36
-45
-23
-5
2
-3
1
17
0
6
9
0
-13
-19
-1
4
4
14
33
30
23
20
16
12
17
43
48
41
39
36
29
16
23
33
19
21
38
35
25
20
30
30
7
-5
-4
-5
-9
15
24
7
7
14
23
-6
-29
-25
-29
-26
3
30
18
4
4
-3
-30
-35
-23
-25
-36
-38
-29
-35
-49
-27
-7
-8
-17
-11
-13
-26
-22
-13
-13
-25
-10
-1
-28
-45
-34
-8
0
14
40
45
41
46
61
45
31
32
22
-5
-20
-4
4
3
16
33
32
17
12
8
-1
-8
0
9
-1
-4
4
5
1
5
21
18
19
37
31
13
-5
-5
3
-11
-5
11
11
2
-5
-5
-11
-17
-12
-3
-13
-19
-6
-2
2
0
2
-11
-29
-34
-37
-43
-46
-40
-25
-27
-28
-12
-2
6
6
11
13
-1
-2
-7
-13
-14
-9
-1
4
15
23
36
42
41
35
23
25
22
9
-9
-21
-27
-28
-15
-1
10
13
11
9
4
5
-3
-14
-24
-34
-37
-31
-24
-20
-24
-19
-8
-5
-7
-9
-11
-14
-12
-17
-19
-18
-20
-13
-8
-7
-14
-14
-3
-1
4
11
21
16
7
16
21
10
0
4
18
27
27
31
29
25
40
53
52
36
30
34
28
30
31
24
15
1
3
2
8
18
28
30
12
6
-5
-10
-11
-10
-6
-3
0
7
16
13
5
-1
-8
-23
-36
-30
-21
-23
-18
-6
-4
-1
2
0
-9
-13
-19
-28
-34
-43
-36
-35
-33
-28
-31
-32
-27
-13
-8
-19
-29
-32
-33
-29
-21
-7
9
20
23
25
23
22
18
28
37
32
23
21
21
15
17
7
-5
-6
4
10
2
1
7
11
18
23
31
45
55
54
35
7
-4
-5
-7
-10
-13
-5
7
2
-6
-5
-9
-13
-19
-35
-58
-66
-60
-48
-30
-29
-27
-28
-33
-24
-21
-11
-2
3
1
-16
-24
-23
-20
-18
-9
0
-1
3
8
13
12
4
1
7
17
29
45
48
45
46
47
42
37
37
34
26
17
17
12
12
26
42
40
37
28
16
11
-2
-17
-20
-17
-11
-12
-20
-27
-30
-24
-16
-10
-14
-21
-22
-27
-31
-28
-15
-8
-8
-10
-5
-4
-11
-8
-6
-4
2
16
20
5
-10
-12
-13
-18
-10
0
9
14
19
18
12
6
0
-6
-6
-11
-11
-2
-5
3
24
36
32
22
19
9
3
2
5
13
14
10
4
-5
-5
-5
-12
-13
-17
-19
-21
-24
-24
-21
-15
-3
10
22
20
10
8
11
16
5
-9
-19
-42
-54
-57
-55
-49
-36
-27
-24
-20
-17
-7
14
27
30
38
42
34
34
29
23
19
17
19
25
34
33
35
34
37
42
29
25
21
5
-5
-19
-31
-42
-38
-20
-17
-10
-5
-1
5
0
-10
-22
-35
-55
-60
-53
-36
-22
-14
-3
9
18
14
7
9
18
23
18
1
-6
-7
1
3
-2
-4
-4
7
4
5
2
-5
-8
-16
-22
-28
-26
-21
-21
-31
-41
-40
-29
-31
-22
-4
9
17
23
40
43
43
50
53
59
57
50
44
29
26
37
48
42
34
35
32
35
35
37
28
5
-4
2
4
4
14
20
17
18
16
6
-9
-15
-23
-32
-40
-46
-50
-62
-60
-50
-40
-26
-25
-22
-22
-24
-31
-37
-41
-40
-30
-27
-24
-24
-17
-6
-9
-8
-10
-27
-23
-18
-12
-4
2
19
20
9
10
15
13
10
14
13
0
0
5
5
0
3
12
17
22
22
31
39
47
38
29
28
29
34
19
3
-12
-15
-14
-9
4
0
-14
-26
-34
-45
-49
-32
-13
-10
-8
-15
-19
-16
3
25
22
10
6
2
2
0
11
17
1
-2
8
8
5
3
13
19
14
17
13
11
10
17
18
8
11
20
21
18
17
11
2
-5
-4
-3
-7
-4
7
12
9
3
-2
-12
-23
-24
-24
-36
-51
-47
-35
-30
-14
-4
-1
2
-1
-3
-9
-11
-14
-8
5
12
14
14
17
23
31
35
37
39
36
39
48
40
21
14
5
0
8
7
7
0
-6
-15
-34
-39
-42
-39
-39
-37
-22
-11
0
11
16
18
9
-7
-14
-22
-30
-35
-26
-20
-20
-9
-1
-1
-4
-1
-3
0
-6
-1
3
1
8
13
16
19
26
29
22
8
8
17
4
-11
-11
-12
-12
1
5
0
2
3
3
1
-2
-2
1
-11
-22
-19
-15
-11
-17
-21
-26
-32
-21
-8
-7
-10
-17
-11
2
-2
-17
-17
0
9
13
13
9
12
30
47
39
23
16
7
6
10
15
6
-13
-16
-16
-16
-1
14
30
34
41
49
33
16
5
2
-3
-12
-11
-11
-10
-9
-7
-2
-4
-3
14
24
26
25
19
12
-5
-17
-29
-40
-34
-33
-39
-38
-17
1
4
-1
-8
-7
-2
-1
0
3
7
10
22
27
13
12
10
8
20
33
45
49
48
46
42
45
39
36
36
33
15
-6
-14
-20
-18
-14
-14
-7
-14
-24
-25
-28
-32
-32
-21
-16
-22
-20
-21
-40
-56
-69
-72
-79
-77
-67
-60
-59
-62
-48
-24
5
14
21
19
6
6
8
3
-11
-14
-1
13
31
55
59
39
24
13
9
-1
-14
-5
-2
-12
-18
-22
-16
-1
15
27
20
11
19
21
12
12
15
11
7
14
22
28
42
46
40
23
14
16
28
39
42
34
26
24
19
25
19
13
10
8
4
-3
-8
-10
-9
-12
-16
-18
-31
-36
-29
-19
-11
-13
-11
-12
-17
-25
-32
-27
-16
-14
-15
-11
-12
-14
-17
-26
-29
-28
-22
-25
-26
-33
-29
-14
5
22
20
19
22
33
30
19
16
9
19
23
22
31
33
37
46
51
48
43
47
49
39
17
-4
-21
-26
-16
-8
-8
-16
-20
-9
-4
2
7
5
3
-1
-12
-21
-30
-45
-47
-37
-29
-30
-36
-39
-50
-55
-52
-39
-36
-31
-27
-34
-39
-42
-32
-23
-18
-8
-4
10
22
26
42
45
49
49
52
50
38
40
41
38
32
26
38
48
38
38
29
24
30
30
24
12
6
-1
-9
-14
-22
-29
-36
-38
-41
-44
-45
-47
-50
-59
-68
-68
-64
-50
-33
-21
-6
-5
5
25
34
37
30
39
36
15
9
8
19
28
39
55
59
51
48
41
33
32
25
12
-8
-28
-32
-36
-44
-40
-32
-21
-14
-19
-32
-39
-49
-48
-38
-30
-24
-33
-29
-12
-3
-1
-4
2
1
6
21
23
17
24
37
40
32
25
18
14
24
30
33
32
33
46
55
60
66
62
47
31
25
20
21
24
22
15
20
18
14
8
-6
-18
-26
-21
-20
-19
-23
-19
-19
-23
-18
-29
-27
-21
-23
-23
-29
-25
-33
-33
-29
-45
-46
-35
-26
-23
-28
-24
-25
-33
-38
-31
-30
-25
-14
-10
-8
-11
-10
-4
-13
-22
-16
0
5
-1
-5
-12
-14
-7
-6
-17
-27
-36
-35
-27
-21
-5
5
11
19
23
28
32
42
47
47
53
50
36
23
18
5
5
3
7
16
22
33
31
24
23
20
12
5
-7
-20
-23
-29
-28
-15
2
16
17
19
24
25
25
33
36
38
38
29
28
26
30
33
31
20
5
-6
-18
-17
-17
-16
-19
-29
-32
-33
-34
-38
-37
-34
-35
-30
-34
-44
-42
-38
-23
-6
-2
3
0
9
26
32
39
41
50
47
31
24
12
5
4
8
15
16
17
24
28
33
23
9
5
1
-5
-19
-25
-32
-32
-20
-9
7
12
11
8
-1
-12
-32
-40
-38
-34
-29
-16
0
10
11
14
7
0
3
1
2
1
2
-3
-16
-23
-16
-3
2
-4
-6
-8
-10
-8
-10
-9
-10
-12
-22
-34
-39
-35
-33
-31
-34
-31
-25
-28
-33
-41
-48
-47
-35
-16
-7
-9
-7
-5
-13
-5
11
14
15
21
34
36
37
40
34
39
37
37
37
24
18
24
27
26
30
28
14
8
5
6
-1
-6
-3
3
15
21
34
48
50
48
42
34
21
6
5
12
16
12
10
20
10
4
7
10
22
28
27
12
0
-7
-16
-15
-18
-21
-25
-33
-33
-33
-27
-23
-24
-30
-36
-34
-25
-15
-12
-4
8
11
17
21
20
27
30
24
10
-9
-15
-17
-17
-17
-21
-24
-24
-26
-20
-9
-3
-1
1
5
10
15
21
15
8
-2
-13
-8
-7
-8
2
7
4
5
0
-11
-23
-28
-35
-34
-26
-18
-1
1
4
2
-18
-24
-25
-23
-17
-12
4
12
10
-2
-11
-11
-5
4
2
-6
-16
-23
-21
-8
4
16
21
20
7
-10
-20
-19
-3
7
11
15
6
7
19
18
17
12
5
7
-4
-18
-18
-20
-10
0
9
24
23
20
24
24
23
19
23
23
17
13
-2
-10
-16
-15
-7
-6
4
13
9
8
7
6
5
11
19
8
-3
-1
2
10
18
15
13
11
18
30
33
32
28
26
24
18
7
2
-6
-17
-28
-37
-47
-40
-19
6
15
20
21
11
-1
-12
-12
-18
-22
-19
-15
-10
-13
-12
1
20
32
34
30
23
33
46
41
28
23
15
0
-19
-27
-27
-28
-11
3
16
28
29
28
9
-10
-13
-19
-25
-37
-50
-47
-42
-36
-34
-45
-48
-49
-57
-59
-56
-50
-44
-39
-34
-38
-53
-55
-45
-39
-29
-30
-31
-24
-19
-10
0
13
18
18
18
27
38
49
54
45
35
39
44
52
59
57
54
54
61
68
63
56
53
51
45
42
29
16
1
-13
-13
-21
-31
-28
-15
-15
-15
-18
-24
-19
-10
-8
-27
-42
-52
-60
-54
-42
-24
-8
7
7
-4
-2
-7
-13
-11
-9
1
4
3
6
7
10
15
23
31
35
33
25
16
10
4
-2
-10
-14
-21
-28
-29
-14
-5
5
16
26
20
14
21
21
22
18
21
19
19
20
20
29
41
49
57
48
24
8
6
2
-12
-21
-12
-7
-7
-15
-16
-8
-8
-2
-9
-14
-16
-19
-12
-13
-19
-18
-14
-12
-11
-7
-8
-22
-19
-24
-36
-47
-52
-33
-9
-3
-6
-8
-11
-17
-13
-14
-16
-16
-20
-23
-24
-23
-14
4
17
9
-5
-7
-6
-2
6
14
10
9
12
21
23
15
4
-1
16
27
29
20
10
9
7
15
17
24
34
36
30
17
14
14
7
10
-1
-19
-34
-45
-52
-53
-42
-30
-24
-24
-32
-36
-43
-50
-53
-50
-41
-37
-28
-21
-26
-21
-4
5
15
25
29
29
30
38
37
35
34
35
37
35
40
40
40
44
37
31
29
26
24
20
21
23
28
37
39
27
10
7
1
4
5
0
-1
0
4
17
28
30
33
30
15
4
-3
-4
3
2
-3
-16
-16
-4
3
12
14
11
4
-4
-22
-32
-42
-47
-41
-31
-17
-18
-27
-34
-33
-23
-10
-8
-3
-2
-12
-16
-27
-41
-51
-50
-45
-38
-27
-14
1
-4
-10
-11
-5
-5
-6
2
-12
-6
13
22
25
19
17
17
21
26
14
-1
-8
-1
8
8
6
2
-5
-15
-21
-19
-18
-19
-17
-19
-24
-26
-18
-13
-11
-7
-6
2
10
10
11
8
10
11
6
2
-2
-2
2
23
38
39
37
33
25
15
10
6
7
9
7
2
4
-5
-11
-13
-9
-9
-6
12
17
10
2
0
9
20
20
11
8
11
18
17
15
15
18
30
32
25
15
6
-1
1
-3
-8
-14
-20
-16
-13
-3
-8
-9
-9
-21
-33
-49
-56
-58
-52
-36
-27
-11
-2
2
14
20
23
11
-2
-4
1
5
2
4
18
40
61
56
50
37
27
32
33
29
20
17
16
21
23
20
11
9
17
22
13
5
6
20
27
22
14
-9
-25
-33
-38
-34
-34
-31
-27
-32
-35
-43
-39
-29
-26
-31
-39
-53
-63
-61
-54
-47
-45
-39
-30
-23
-14
-6
-9
-23
-30
-38
-49
-58
-52
-45
-40
-29
-14
9
30
43
50
40
35
24
9
9
11
28
40
38
35
34
41
61
78
82
88
87
64
41
18
13
15
18
24
12
10
11
-2
-14
-19
-14
-13
-3
4
-3
-5
-1
7
12
-1
-14
-21
-29
-26
-22
-19
-8
-2
-2
-8
-15
-14
-11
-5
5
5
-6
-12
-17
-26
-33
-28
-11
1
10
18
21
21
16
10
9
8
7
-4
-15
-16
-23
-27
-18
-11
-11
-15
-12
-13
-23
-32
-28
-16
-18
-18
-11
-1
5
8
11
18
21
27
42
52
53
46
48
57
68
61
57
38
10
-2
-8
-13
-21
-19
-18
-18
-15
-7
-10
-12
1
8
0
-4
-5
-6
-17
-27
-24
-24
-28
-33
-31
-29
-29
-16
-16
-19
-18
-19
-18
-12
-1
-1
1
3
11
11
2
-3
-5
-6
-2
-3
-6
-13
-12
-2
6
12
15
6
5
17
28
22
8
2
-3
-6
-11
-9
-1
11
33
56
53
31
22
20
7
0
-4
-9
-11
-20
-15
-12
-13
-10
-3
-1
0
1
-19
-38
-48
-53
-60
-60
-60
-51
-28
-15
-6
-2
1
11
0
-9
-7
-12
-10
-1
12
12
13
14
17
25
23
22
10
6
3
3
6
11
21
22
17
19
29
28
29
37
38
38
36
34
35
27
23
26
22
19
24
24
29
33
23
6
-11
-30
-32
-31
-22
-7
5
7
4
3
5
17
31
35
26
8
-18
-34
-42
-40
-33
-27
-15
-5
-16
-35
-27
-11
-2
-3
-7
-7
-16
-25
-32
-30
-24
-22
-7
-4
-10
-4
-3
8
12
5
-2
-7
-6
-11
-28
-31
-18
-1
6
15
11
5
17
20
21
10
-5
3
18
24
16
5
-3
-1
-3
-20
-29
-42
-44
-38
-32
-30
-13
13
33
34
16
-1
-16
-20
-19
-5
6
14
21
21
16
13
10
0
-1
3
-5
-13
-14
-8
-11
-22
-23
-30
-34
-32
-26
-22
-23
-13
-2
-10
-13
-12
-21
-24
-21
-9
15
47
75
85
75
61
48
35
26
30
36
46
49
48
39
29
27
25
31
35
33
24
15
19
16
5
-4
-8
-4
-9
-16
-28
-37
-32
-36
-29
-21
-20
-17
-13
-10
-23
-32
-24
-15
-4
0
0
-7
-21
-30
-24
-19
-20
-21
-8
7
15
26
17
4
8
13
2
-11
-6
5
15
18
21
17
-1
-5
-9
-10
-2
-3
-2
2
5
-1
-13
-17
-7
-2
4
5
0
-5
-10
-3
8
11
10
8
1
-9
-10
-19
-27
-29
-21
-10
-11
-10
-10
-16
-22
-29
-41
-50
-51
-34
-23
-20
-20
-18
-6
8
25
19
11
6
-1
9
16
13
3
-2
10
14
21
26
16
15
15
8
2
-6
-1
6
6
21
23
20
17
26
41
45
48
42
32
28
25
26
22
10
8
6
10
7
-3
-1
-5
-17
-18
-13
-11
-15
-11
-7
-13
-16
-14
-13
-23
-34
-29
-26
-17
-8
2
8
0
-6
-6
11
12
10
10
-2
-9
-16
-14
-15
-22
-25
-16
-4
-4
-6
-11
-13
-16
-15
-20
-22
-13
-5
4
6
9
5
1
2
6
13
19
22
27
36
34
31
27
28
39
47
55
54
54
53
50
47
40
38
36
21
8
-2
-16
-20
-13
-10
-16
-23
-36
-44
-47
-42
-35
-26
-30
-29
-21
-25
-24
-25
-36
-43
-49
-55
-55
-55
-43
-28
-28
-31
-26
-18
-28
-31
-28
-34
-37
-24
-28
-22
-1
3
8
17
30
43
48
56
63
65
64
54
50
40
35
27
14
14
1
-4
-7
-18
-21
-23
-29
-33
-41
-38
-31
-21
-2
-2
2
12
15
19
20
31
33
30
33
26
27
33
24
6
-15
-35
-42
-37
-23
-11
-8
-3
3
11
8
2
7
6
5
16
25
22
31
31
26
22
17
10
3
2
-6
-10
-12
-9
-2
6
12
8
-2
-8
-9
-7
-13
-16
-11
-3
-1
9
12
16
21
21
21
19
14
9
14
15
21
27
22
24
26
19
10
6
23
31
29
21
-2
-21
-35
-36
-36
-37
-37
-42
-37
-34
-29
-23
-31
-28
-31
-35
-29
-26
-27
-41
-50
-52
-46
-32
-26
-18
-11
-12
-16
-27
-24
-5
7
6
1
6
16
22
29
28
21
25
21
24
24
22
32
37
43
45
43
34
28
15
0
-12
-23
-20
-22
-33
-32
-20
-13
-13
-13
-10
-12
-10
-11
-20
-24
-22
-20
-16
-15
-4
-3
-9
-5
-3
-2
-6
-9
-14
-24
-31
-32
-29
-9
11
22
26
25
26
20
15
13
16
17
19
21
27
33
38
50
52
54
55
51
46
41
36
32
17
11
15
18
27
30
40
32
29
30
18
11
8
8
