23
14
6
3
-12
-25
-28
-30
-22
-11
8
13
16
21
17
16
4
-6
-17
-21
-20
-22
-18
-15
-9
0
-6
-11
-10
-17
-24
-26
-23
-14
-7
-1
2
8
8
8
10
-1
-14
-26
-29
-26
-20
3
17
25
34
34
30
23
18
18
19
16
11
22
39
50
63
64
57
51
48
40
23
8
9
7
-1
-8
-5
9
15
8
-2
-17
-21
-23
-31
-39
-44
-47
-50
-33
-26
-26
-19
-18
-8
-1
-9
-20
-31
-38
-27
-14
-8
3
6
5
16
19
13
5
4
4
-6
-6
-5
1
15
13
7
-15
-37
-47
-42
-29
-20
-13
-4
-7
-19
-30
-39
-40
-42
-42
-37
-28
-11
5
15
20
13
-5
-8
-4
4
13
10
11
20
23
25
20
18
14
12
9
8
17
18
22
29
28
26
21
15
7
-11
-30
-31
-20
-2
11
17
18
15
19
24
26
36
46
54
61
63
51
44
34
29
41
45
38
27
18
17
15
7
5
11
1
-11
-7
-7
-5
-9
-12
-11
-5
-4
-10
-10
-17
-12
1
-6
-16
-21
-20
-19
-31
-39
-38
-32
-24
-20
-25
-31
-22
-18
-28
-35
-50
-53
-44
-40
-44
-54
-53
-44
-42
-41
-30
-25
-19
-12
-15
-19
-26
-30
-26
-16
-18
-26
-26
-25
-26
-13
4
20
28
34
42
48
60
55
51
44
45
60
60
55
45
40
42
50
53
53
58
55
49
40
21
-2
-5
4
7
15
21
12
10
4
-11
-17
-29
-33
-32
-30
-21
-24
-42
-58
-55
-42
-22
-18
-11
-2
-15
-27
-29
-30
-30
-23
-13
-9
-11
-16
-15
-6
4
12
11
11
8
12
23
19
15
20
22
15
12
18
36
46
42
30
17
11
18
13
16
32
36
44
37
28
20
8
3
-4
-17
-24
-26
-25
-20
-19
-28
-31
-25
-14
-11
-18
-25
-30
-28
-31
-32
-30
-23
-19
-17
-5
-3
-5
-10
-12
-18
-23
-19
-15
-11
-3
8
10
-1
-6
-13
-16
-5
0
10
29
33
28
27
29
39
39
20
7
7
10
19
25
32
32
36
34
15
3
-2
-8
-12
-8
-4
2
2
4
10
10
3
-6
-12
-15
-29
-45
-51
-53
-55
-51
-46
-37
-24
-7
1
5
3
7
4
-2
-5
-15
-24
-25
-15
-6
3
6
11
15
17
15
5
4
-1
-6
-2
1
6
9
3
-7
5
17
30
31
30
35
33
38
37
30
24
9
-3
-6
-7
-1
2
-2
2
8
9
7
6
8
6
4
2
0
5
11
9
3
5
3
2
-2
0
13
15
11
10
6
-2
-12
-20
-27
-35
-47
-44
-29
-24
-8
-1
1
-3
-20
-25
-27
-29
-29
-32
-33
-36
-29
-17
-13
-7
-3
3
12
21
27
30
27
41
52
52
52
51
50
37
27
27
19
16
18
23
32
36
40
36
22
12
6
-6
-13
-21
-23
-11
-9
-12
-15
-27
-37
-39
-44
-42
-46
-46
-38
-30
-28
-23
-12
-3
-13
-24
-25
-23
-19
-15
-8
-8
-14
-7
-3
-1
-6
-17
-23
-32
-35
-31
-29
-27
-11
3
14
22
27
35
38
41
45
37
29
17
13
12
8
13
4
-5
-8
-12
-14
-19
-17
-22
-18
-8
-5
-6
-8
-3
-3
-2
6
12
17
19
18
22
31
34
30
26
22
24
21
15
15
20
30
20
16
16
18
27
31
33
28
28
30
28
30
26
11
-3
-13
-23
-20
-20
-20
-14
-14
-17
-17
-17
-12
-7
-3
1
-1
-5
-15
-24
-25
-32
-34
-36
-30
-27
-23
-11
-10
-10
-15
-17
-11
-6
-7
2
13
12
10
11
19
16
16
19
14
13
14
13
8
10
18
23
13
-5
-19
-23
-24
-28
-35
-39
-38
-31
-23
-19
-18
-12
0
11
17
18
17
16
5
-5
-10
-11
-11
-17
-23
-21
-13
-9
-8
-12
-10
-6
-10
-7
-10
-18
-15
-10
-3
0
5
7
3
4
12
18
20
22
27
27
18
19
12
3
0
0
2
-1
0
3
4
4
3
8
12
14
18
15
8
7
8
-1
-11
-16
-15
-17
-29
-33
-32
-27
-25
-9
-1
-3
6
17
36
33
14
0
-10
-11
-7
6
29
46
48
36
31
33
35
32
23
19
17
14
12
14
19
24
22
13
16
22
20
14
11
5
-2
-4
-7
-5
-5
-8
-13
-13
-8
0
7
19
31
35
33
26
11
3
0
-11
-17
-25
-27
-29
-29
-31
-33
-26
-18
-15
-16
-29
-47
-52
-52
-44
-46
-55
-55
-49
-38
-31
-26
-25
-22
-16
-9
-9
-4
-1
2
-4
-18
-16
-15
-13
-6
-3
-6
-17
-18
4
25
33
29
20
3
-10
-19
-30
-34
-37
-34
-29
-22
-11
-7
-2
3
7
11
18
30
31
24
24
30
37
44
54
64
66
60
61
54
44
32
21
21
16
10
7
7
13
13
9
14
3
0
7
7
4
-3
-2
6
13
8
4
4
1
-7
-7
-9
-11
-9
-9
-12
-13
-15
-17
-11
-13
-17
-16
-15
-10
-4
-3
8
13
12
24
22
16
7
-5
-13
-23
-35
-34
-18
-3
4
14
21
26
20
13
10
2
-6
-10
-10
-13
-21
-21
-11
3
18
28
34
34
30
22
15
12
14
13
18
14
4
3
8
15
13
6
0
-2
-13
-24
-27
-34
-45
-50
-51
-54
-58
-55
-53
-52
-45
-46
-40
-39
-45
-41
-36
-33
-28
-17
-8
-1
5
5
9
1
-10
0
2
12
16
19
28
37
40
28
21
17
11
7
-5
-11
-10
-18
-17
-19
-26
-23
-16
0
21
27
28
24
19
19
10
5
6
5
10
18
21
25
28
37
50
58
64
64
39
22
17
21
20
15
21
16
12
14
23
31
26
21
6
-5
0
1
-3
-2
-7
-17
-18
-19
-17
-15
-18
-21
-28
-36
-35
-32
-32
-26
-31
-30
-24
-29
-30
-29
-19
-1
3
14
17
16
17
12
11
7
2
-6
-17
-13
-4
0
6
6
1
-3
0
4
8
15
28
33
30
30
33
30
29
26
17
6
-1
-5
-1
11
25
27
20
13
-4
-14
-16
-11
-5
-6
-1
-11
-29
-43
-58
-52
-39
-23
-14
-14
-15
-12
-11
-10
-12
-13
-8
-12
-20
-24
-25
-34
-33
-25
-14
-5
-1
3
3
2
-10
-8
-4
-10
-24
-26
-20
-14
-6
8
19
16
14
15
10
-1
-7
-13
-15
-16
-9
-3
-2
0
5
8
13
18
16
10
15
17
20
39
37
33
28
18
12
9
10
10
3
0
-8
-12
-9
-10
1
19
28
23
16
17
14
2
-10
-16
-22
-9
9
19
19
13
11
9
8
14
18
22
27
20
11
10
12
9
-3
-5
-4
-14
-24
-15
-9
-1
10
21
32
33
21
11
6
-3
-1
7
10
7
-9
-9
-5
-14
-23
-22
-7
7
16
19
21
22
17
4
-6
-18
-27
-20
-7
8
9
1
-1
-5
-11
-17
-15
-10
-14
-17
-16
-21
-17
-7
4
15
16
11
1
-14
-20
-16
-14
-9
-8
-1
1
-2
-6
-11
-19
-26
-26
-28
-30
-30
-34
-34
-23
-7
7
8
4
-4
-17
-32
-39
-32
-24
-19
-25
-29
-30
-19
-5
-5
-3
-9
-22
-29
-21
-14
-13
-5
0
-2
-10
-16
-11
-2
15
30
38
42
40
39
32
26
19
10
14
18
16
13
21
36
43
40
40
44
42
46
50
53
43
26
19
11
-1
-7
-1
7
7
1
3
10
19
30
33
27
12
0
-4
-7
-10
-7
-8
-11
-15
-3
7
5
-3
7
18
20
22
8
-9
-17
-19
-19
-18
-19
-11
0
5
8
0
-5
-7
-4
4
5
1
-3
-9
-8
-3
2
0
-5
-3
2
3
0
-4
-10
-15
-15
-5
-4
-5
-2
-12
-23
-18
-13
-12
-12
-12
-23
-40
-41
-42
-38
-32
-22
-6
-5
-7
0
6
8
8
3
1
-10
-18
-21
-23
-22
-14
-1
2
2
0
-8
-11
-6
-5
-8
-8
-10
-8
0
-3
-8
-8
-9
-3
-1
-5
-11
-6
-1
0
0
-6
-11
-10
-3
1
4
9
8
6
7
11
6
2
6
12
5
2
6
15
29
25
12
10
14
10
4
13
22
26
30
30
30
29
31
30
19
11
13
21
28
36
41
40
31
26
17
8
10
12
15
8
1
-8
-20
-15
-18
-20
-15
-16
-10
-11
-13
-8
3
16
14
9
5
-10
-12
-11
-5
5
7
4
-3
-11
-20
-19
-19
-21
-20
-20
-25
-14
-11
-4
5
5
11
22
36
38
30
15
11
17
16
13
14
8
2
5
4
-1
-6
-9
-8
-13
-22
-29
-43
-45
-38
-34
-31
-31
-25
-23
-24
-29
-28
-27
-32
-29
-15
0
0
-8
-10
-6
-4
-5
0
7
10
10
3
-10
-16
-20
-20
-28
-36
-34
-32
-24
-9
3
14
15
21
24
11
12
14
12
18
25
26
22
25
31
31
37
37
35
28
20
13
7
12
17
21
18
2
-17
-24
-25
-26
-26
-23
-23
-22
-19
-11
1
8
2
-9
-14
-23
-19
-11
-8
-13
-12
8
12
9
7
7
19
27
29
22
20
28
33
33
28
19
16
17
20
17
13
16
16
15
10
4
9
10
6
-2
-8
-10
-11
-9
-4
2
7
2
9
17
9
2
-4
-5
-6
-1
11
24
25
18
8
3
-3
1
13
25
36
36
31
21
4
-8
-16
-24
-34
-43
-42
-32
-27
-22
-21
-19
-21
-21
-16
-24
-33
-32
-14
-7
-9
-9
-15
-14
-9
5
9
-3
-14
-22
-25
-26
-25
-32
-29
-24
-17
-2
6
0
-5
-4
-16
-28
-38
-49
-49
-42
-33
-16
3
14
13
12
11
10
5
1
6
12
7
12
15
16
22
27
30
31
23
15
7
1
3
5
12
9
5
5
14
33
42
40
34
39
37
34
26
19
7
-11
-12
-8
-13
-20
-23
-22
-27
-23
-21
-28
-28
-24
-34
-41
-35
-32
-21
-27
-29
-26
-21
-6
11
31
34
35
34
33
30
34
32
32
34
38
41
42
57
65
66
56
54
56
66
63
54
55
57
48
35
22
14
4
-8
-7
-4
-8
-22
-26
-30
-42
-55
-64
-59
-57
-59
-60
-57
-59
-65
-64
-48
-27
-19
-19
-17
-16
-31
-34
-26
-22
-5
17
28
25
14
9
7
-4
-5
0
-3
-17
-24
-20
-23
-25
-29
-24
-22
-20
-21
-26
-19
-13
-6
3
2
-7
-16
-11
-6
-2
2
5
9
14
14
5
-5
-16
-20
-13
-7
-5
-4
-14
-19
-20
-9
3
4
11
23
35
46
62
80
93
96
87
73
59
41
30
28
33
36
27
25
26
21
17
14
4
-16
-36
-46
-58
-59
-68
-84
-79
-75
-82
-93
-95
-83
-60
-41
-29
-23
-17
-6
4
11
19
31
38
43
34
22
26
32
37
47
51
48
45
45
36
19
14
18
31
34
28
26
28
31
34
39
38
31
29
33
31
30
32
31
31
37
31
12
-4
-12
-17
-18
-16
-16
-25
-37
-38
-39
-43
-40
-34
-27
-28
-42
-42
-33
-33
-36
-38
-45
-46
-45
-45
-33
-23
-20
-14
-10
-8
-14
-14
2
13
13
7
-6
-15
-19
-15
-9
-2
-2
-5
-14
-25
-21
-5
6
6
10
9
4
3
-7
-23
-26
-14
4
11
5
11
20
33
38
31
22
23
29
30
24
18
16
17
13
10
20
16
17
30
32
24
13
12
18
16
17
12
4
0
-2
6
13
14
16
17
14
4
-6
-9
-5
5
8
-1
-10
-17
-23
-32
-38
-39
-40
-44
-41
-38
-36
-30
-26
-22
-19
-14
-25
-34
-30
-38
-39
-46
-57
-54
-50
-36
-24
-14
-4
-9
-9
-11
-7
2
8
20
26
36
37
47
58
63
57
49
57
54
51
64
78
85
82
79
66
54
48
37
31
32
35
35
31
29
25
22
23
19
3
-13
-22
-11
-2
-1
-4
-10
-16
-32
-35
-30
-33
-32
-25
-15
-10
-6
-10
-22
-36
-51
-55
-55
-51
-42
-29
-8
7
8
4
4
-1
-9
-18
-25
-32
-35
-42
-48
-55
-55
-46
-27
-16
-23
-24
-29
-44
-43
-40
-41
-40
-31
-9
4
7
11
11
4
-4
-7
-13
-9
-10
-12
-7
1
7
12
13
8
3
-5
-8
-1
15
29
28
28
30
35
43
44
41
38
26
24
24
30
49
40
41
40
30
28
31
40
33
25
26
34
37
33
32
27
20
11
12
15
13
16
23
34
33
32
27
24
12
-8
-26
-41
-51
-61
-59
-52
-42
-31
-23
-8
-1
-5
-20
-26
-29
-38
-46
-41
-36
-28
-11
5
8
-1
-10
-25
-36
-40
-31
-21
-22
-27
-31
-22
-17
-14
-4
0
6
3
0
1
8
18
24
27
22
17
18
15
4
2
5
5
7
12
22
32
39
43
42
35
32
22
4
-1
-2
2
16
21
23
15
8
2
-5
-5
-1
9
20
22
25
28
17
9
3
-2
-13
-25
-24
-23
-26
-30
-33
-32
-33
-29
-31
-32
-31
-32
-30
-33
-42
-34
-20
-3
5
-2
-16
-25
-16
-9
-13
-15
-12
-11
-5
-8
-8
3
8
2
-4
-4
-18
-27
-30
-30
-25
-15
-1
9
15
14
11
14
20
14
17
26
28
30
39
47
40
22
14
18
16
10
12
19
23
22
28
24
19
19
22
25
18
16
17
17
1
-7
-1
7
11
1
-2
-3
-8
1
5
6
9
5
4
-9
-6
5
15
20
19
19
12
-3
-21
-28
-23
-11
-11
-7
-6
-11
-17
-18
-17
-19
-20
-19
-13
-23
-24
-19
-15
-14
-16
-8
1
11
9
5
8
4
-9
-19
-16
1
23
25
15
15
17
14
14
21
17
3
-4
-9
-16
-19
-4
14
21
14
13
17
11
-1
-7
-8
-3
0
1
5
0
-10
-15
-13
-13
-13
-23
-29
-23
-25
-29
-25
-22
-17
-8
-3
7
-1
-10
-12
-19
-19
-18
-17
-15
-16
-13
-5
2
9
6
7
-1
-9
-14
-21
-21
-24
-21
1
13
9
6
8
8
8
7
9
12
4
5
8
6
12
15
26
19
2
12
20
11
-2
-14
-23
-33
-38
-20
5
20
32
44
46
34
28
36
37
26
4
-7
-15
-18
-2
20
34
36
54
59
48
40
28
24
21
10
11
9
7
7
2
12
14
7
7
12
11
4
-4
-12
-27
-40
-34
-22
-6
-1
5
10
9
1
-13
-21
-20
-15
-12
-8
-7
-11
-6
-4
-4
-15
-36
-45
-53
-49
-41
-37
-25
-15
-15
-18
-22
-19
-26
-32
-28
-24
-20
-19
-15
-11
-3
12
13
14
18
13
11
8
16
31
32
22
7
-5
-13
-11
2
18
29
34
35
42
38
29
25
18
7
1
0
-5
-20
-35
-44
-35
-32
-32
-29
-24
-14
-9
0
5
4
4
6
7
3
1
-5
-16
-18
-14
-17
-23
-23
-11
5
8
4
9
5
-13
-18
-20
-22
-26
-26
-26
-19
-16
-5
12
20
32
38
39
31
27
27
21
17
10
7
6
8
15
30
41
38
39
49
56
60
68
73
70
48
19
4
-2
-3
-3
-1
-2
-6
0
5
4
6
2
-1
-7
-17
-13
-12
-10
-5
-4
-9
-19
-27
-38
-39
-42
-46
-41
-37
-34
-27
-19
-6
4
4
0
-1
-6
-9
-11
-12
-12
-14
-6
2
13
22
26
27
19
8
-7
-13
-15
-20
-19
-28
-25
-21
-18
4
11
15
21
25
24
2
-19
-28
-23
-12
-6
6
-5
-16
-14
-8
1
10
14
8
10
11
8
-3
-5
1
-5
-4
6
7
2
-6
-11
-11
-19
-12
-8
-10
-12
-14
-13
-23
-30
-34
-46
-55
-59
-58
-48
-35
-11
14
22
11
3
3
1
6
3
3
0
-5
-2
-5
-4
1
5
17
21
26
32
38
48
53
61
58
54
51
43
41
38
35
44
56
62
57
54
58
58
52
44
45
37
35
35
29
16
-5
-16
-35
-50
-62
-70
-63
-53
-24
3
1
-11
-27
-33
-31
-40
-43
-42
-39
-33
-16
-1
5
7
12
12
12
12
-9
-17
-20
-29
-24
-22
-16
-7
-2
-9
-14
-12
-9
-8
-5
9
13
2
2
9
13
11
5
-1
-8
-11
-8
-11
-16
-24
-26
-26
-21
-16
-3
-4
-7
-6
-7
-5
-9
-5
-5
-7
-6
4
13
9
20
24
12
-1
-1
-1
-3
-3
0
2
-3
1
3
0
-5
-16
-21
-24
-26
-25
-30
-33
-34
-26
-21
-16
-10
-5
3
2
0
-3
-5
1
6
12
9
7
10
11
13
11
18
30
44
65
66
56
52
36
32
36
30
24
14
15
17
16
12
10
15
9
4
12
23
27
11
3
5
3
-1
2
12
8
3
-3
-13
-20
-27
-20
-12
-3
8
14
21
14
-4
-11
-24
-40
-46
-40
-45
-44
-35
-34
-27
-13
-1
6
6
1
5
10
12
30
24
14
9
12
13
16
10
1
10
19
28
19
8
0
-11
-16
-9
-1
-4
-8
-21
-34
-34
-22
-5
0
0
-5
-14
-18
-18
-13
-13
-19
-24
-21
-20
-17
-12
-9
2
5
5
10
12
11
2
1
0
-11
-21
-34
-35
-35
-33
-25
-23
-26
-29
-22
-21
-22
-9
9
18
13
24
25
15
13
18
26
24
31
53
53
37
34
32
17
8
15
16
16
9
13
19
3
0
11
21
22
17
6
-7
-10
-11
-3
2
-1
-6
-15
-24
-24
-26
-26
-25
-22
-9
-8
0
7
3
-3
0
8
-1
-8
-7
3
4
2
12
8
-7
-7
7
20
20
20
30
21
6
10
18
22
12
21
31
8
-6
-2
-9
-24
-36
-24
-20
-26
-26
-10
-6
-16
-14
-5
-1
-6
-3
0
-3
-2
13
31
35
46
58
52
28
13
16
2
-5
10
8
-7
-12
6
12
1
4
5
3
-17
-29
-15
-14
-16
-3
2
3
-2
-6
-10
-26
-40
-35
-31
-35
-37
-38
-39
-38
-23
-10
-7
-6
1
-1
-8
-1
6
-1
-20
-28
-38
-43
-31
-19
-12
-6
7
16
15
9
9
11
7
6
7
5
-2
-1
8
6
5
18
29
25
17
20
14
-11
-20
-13
-19
-26
-16
6
8
-4
4
14
14
7
10
29
25
25
39
46
45
36
38
42
30
18
25
29
23
25
36
42
36
26
26
20
12
5
8
-4
-16
-18
-26
-37
-45
-36
-35
-41
-43
-36
-34
-53
-61
-54
-60
-51
-27
-7
1
4
18
17
12
14
18
23
18
16
10
6
18
26
23
15
14
9
-2
-13
-21
-28
-36
-38
-37
-40
-36
-24
-6
3
12
22
14
5
-4
-14
-5
0
2
13
22
32
38
41
53
51
40
36
26
18
24
38
48
51
55
50
32
14
4
-3
-11
-12
-5
-5
-13
-23
-28
-30
-31
-24
-17
-29
-33
-24
-27
-45
-45
-38
-43
-38
-33
-29
-31
-47
-44
-33
-30
-26
-15
2
-2
-11
-13
-19
-11
3
12
11
2
7
8
-2
-19
-29
-26
-24
-16
7
5
4
6
-2
-16
-28
-17
3
10
6
4
-3
-8
3
16
14
12
21
30
24
17
28
31
27
35
51
59
55
45
38
34
22
11
13
11
11
14
12
6
3
19
28
26
25
12
8
8
1
-1
-2
-2
-5
-4
-1
10
19
21
18
14
10
8
6
-6
-6
-3
0
-1
-2
-1
-13
-18
-17
-19
-23
-24
-19
-20
-11
4
-1
-3
-2
-1
-2
-17
-25
-23
-26
-24
-19
-7
-6
-5
11
13
11
6
16
24
9
0
-10
-22
-24
-7
4
-9
-13
-12
-22
-35
-36
-24
-21
-32
-43
-52
-53
-51
-36
-25
-30
-32
-26
-24
-36
-30
-13
-8
-13
7
28
32
31
9
-2
-15
-21
-10
7
23
30
39
32
21
23
30
37
38
46
60
52
45
37
26
14
2
6
14
9
1
5
7
0
6
10
-8
-19
-17
-23
-22
-8
12
18
12
23
30
19
-2
-15
-25
-27
-16
7
12
-4
9
35
30
22
24
23
4
-15
-14
-14
-28
-19
-1
-9
-17
-11
6
0
-4
6
17
11
-2
7
12
1
-1
8
7
-15
-16
-4
0
2
7
14
9
4
1
2
-3
-8
0
4
5
8
7
2
-11
-12
-6
-4
18
28
26
19
7
8
15
24
21
7
-1
-18
-29
-32
-28
-22
-21
-16
-20
-24
-33
-35
-24
-20
-17
-18
-18
-13
-18
-21
-25
-37
-41
-46
-59
-60
-46
-35
-33
-23
0
7
4
15
32
30
24
20
18
5
-8
5
24
25
32
41
51
47
51
59
43
33
37
37
20
9
17
23
29
39
51
50
35
17
18
11
-10
-23
-21
-23
-32
-24
-10
-13
-20
-23
-23
-24
-28
-41
-54
-59
-54
-54
-48
-34
-30
-38
-38
-29
-32
-35
-18
-5
-10
-13
-1
0
-25
-25
-1
21
34
40
71
89
78
80
84
72
42
29
36
16
-5
15
33
37
43
48
36
6
-16
-16
-28
-50
-48
-32
-29
-25
-3
12
3
-10
-13
-26
-38
-39
-36
-47
-48
-42
-37
-28
-15
3
5
14
25
33
33
27
33
31
29
37
31
30
34
45
42
25
19
19
15
6
5
13
10
-4
-7
-6
-8
-14
-11
2
-2
-12
-21
-36
-45
-36
-20
-13
-12
-12
-14
-30
-32
-25
-28
-28
-19
-4
3
3
0
-6
-8
-1
4
1
-27
-39
-22
-16
-20
-6
-1
-10
-13
0
16
7
-6
-9
-11
-26
-22
-9
-12
-18
-13
1
-5
3
28
33
29
28
32
27
2
-1
8
-13
-22
-18
-7
7
18
38
39
21
18
21
-2
-26
-23
-19
-30
-28
-7
5
-1
10
17
2
-9
-1
-5
-28
-30
-14
-3
0
17
37
38
38
47
58
45
28
24
24
19
15
22
27
28
30
37
29
13
7
0
-12
-14
-11
-8
-16
-15
-3
6
1
-2
5
-8
-17
-23
-27
-30
-28
-18
-16
-16
0
12
5
6
15
25
20
22
29
23
15
14
25
30
25
28
37
32
23
20
12
-5
-7
1
-10
-32
-39
-35
-39
-44
-40
-28
-38
-46
-40
-40
-42
-52
-60
-71
-81
-73
-58
-50
-38
-26
-19
-17
-16
-9
-17
-20
-17
-18
-27
-29
-14
-3
3
16
27
23
24
43
52
43
38
39
34
28
34
41
40
46
52
51
43
35
38
35
24
24
26
22
9
10
18
9
2
-5
-7
-9
-18
-23
-20
-22
-26
-24
-21
-25
-29
-35
-37
-29
-30
-31
-23
-16
-6
4
4
-4
-3
-3
4
14
5
16
26
27
21
11
8
-3
-13
-9
-10
-24
-25
-12
-2
4
18
30
20
13
17
15
5
4
24
39
37
37
44
50
39
33
27
10
-4
0
15
12
14
26
24
21
17
22
17
9
11
17
11
4
18
25
21
14
14
13
12
21
13
-10
-28
-34
-41
-53
-55
-48
-53
-62
-55
-47
-47
-47
-39
-36
-51
-52
-38
-47
-55
-51
-43
-42
-34
-15
-8
-25
-41
-32
-37
-46
-33
-19
-7
-9
4
28
32
32
44
28
1
0
7
13
14
27
36
26
22
39
47
27
23
21
7
0
8
18
13
12
24
46
43
37
51
39
14
6
-3
-10
-9
-3
6
2
1
-2
-17
-32
-41
-38
-50
-56
-42
-26
-18
-15
9
14
8
6
10
12
5
20
24
13
15
30
37
37
47
61
52
31
27
27
17
16
24
29
11
-5
0
-11
-20
-1
8
9
-6
-13
-19
-35
-28
-20
-20
-25
-29
-31
-30
-16
1
1
-5
-13
-10
-2
9
25
34
25
15
11
3
-4
-9
-6
-13
-14
-13
-15
-21
-15
8
21
25
26
17
-2
-10
-9
-2
-3
2
11
8
-6
-18
-12
-21
-13
-2
5
-6
-15
-7
-10
-9
1
29
28
15
17
14
5
-10
-12
-17
-32
-22
0
8
-8
-12
-3
-29
-46
-26
-29
-52
-55
-47
-55
-62
-54
-28
-15
-12
3
20
21
22
24
14
-5
-6
4
2
-3
9
16
10
14
30
50
41
34
51
46
14
5
1
-15
-38
-44
-32
-43
-39
-11
7
13
19
22
12
1
-3
-17
-38
-27
-8
-7
-6
15
20
-3
-6
20
35
44
70
86
69
53
85
111
100
106
131
118
82
82
77
32
1
22
25
-17
-29
10
9
-34
-35
-4
-24
-78
-89
-78
-88
-99
-69
-60
-79
-89
-69
-62
-74
-66
-45
-61
-76
-52
-42
-42
-36
-18
-8
-1
31
46
29
25
48
49
2
-3
14
-7
-10
20
50
46
47
78
86
71
61
69
52
4
-13
-18
-47
-75
-60
-44
-46
-23
12
17
6
-4
-16
-22
-20
7
0
-18
17
47
17
-8
16
23
-28
-37
20
9
-46
-29
33
14
-39
1
48
16
-11
38
62
-22
-52
11
5
-71
-71
15
-10
-87
-54
-2
-64
-127
-68
-26
-64
-69
5
32
-26
-35
12
-7
-51
-8
47
18
-12
27
13
-47
-42
1
-17
-36
21
51
-1
-18
43
53
-12
18
115
99
28
69
109
38
-20
63
114
35
6
90
105
8
-1
86
80
-8
18
102
74
-16
-1
44
-7
-48
-17
26
-9
-52
-16
-8
-53
-51
-11
19
7
1
4
-4
-15
-31
-9
30
34
23
41
63
57
25
35
65
31
-13
5
19
-41
-107
-64
18
8
-38
3
39
-49
-101
-45
13
-46
-48
44
58
-20
-56
38
33
-45
-48
19
-47
-157
-124
-83
-98
-119
-79
-68
-123
-144
-91
-53
-72
-62
-24
-57
-84
-65
-29
-26
-53
-22
-35
-33
-11
11
42
48
84
74
64
50
46
87
94
67
15
-40
-30
33
-4
-23
24
54
31
0
32
5
-96
-148
-139
-170
-192
-144
-75
-104
-130
-68
-8
-26
3
122
128
37
33
135
128
75
127
159
96
53
132
212
167
196
312
341
270
275
360
323
280
318
331
235
161
211
172
93
87
129
47
-125
-115
-114
-177
-181
-110
-109
-199
-129
-88
-158
-214
-177
-137
-212
-237
-228
-258
-306
-294
-293
-254
-315
-295
-226
-282
-273
-186
-152
-162
-146
-61
-82
-205
-92
35
7
55
151
142
51
45
210
219
192
304
361
310
235
289
304
283
280
319
402
279
270
361
316
269
200
226
166
-7
6
-3
-75
-62
-20
-50
-99
-57
-35
-178
-231
-204
-206
-236
-283
-233
-319
-379
-288
-234
-209
-276
-329
-343
-404
-428
-332
-295
-294
-211
-116
-156
-190
-125
-9
93
134
218
188
67
110
149
96
58
47
142
76
39
155
74
1
58
137
132
19
18
55
-36
-91
-26
85
49
58
133
20
36
71
142
78
-18
46
12
-124
-146
-78
110
41
96
71
-19
124
25
581
264
271
290
-128
-48
-18
224
256
185
535
296
-46
-84
-298
-190
-108
226
96
-26
-30
-94
-91
-124
-159
-47
-170
-20
292
-91
-32
-196
-163
122
13
186
132
96
142
-139
-12
73
19
235
330
205
-22
222
425
310
382
419
72
-34
-107
-84
-97
-188
137
-120
-272
-155
-213
-166
-23
4
-34
-256
-400
-399
-418
-442
-111
84
163
206
-495
-831
-1123
-819
-206
-123
82
34
-110
-329
-807
-613
-16
128
663
525
-150
-521
-753
-201
40
353
471
8
59
-160
-395
9
391
799
707
522
88
-97
242
169
220
422
528
85
-11
109
140
367
442
177
101
-420
-455
-227
-280
64
-75
500
-84
-183
139
-341
-99
86
1061
795
-73
-287
-1696
-1258
-450
-107
169
438
848
28
-654
-1176
-911
-293
1070
1188
-17
-431
-832
-166
572
1066
1698
938
1197
445
-843
-166
-304
988
807
392
379
-935
41
-132
-408
717
683
671
-85
-423
-92
-775
439
373
-139
152
-342
-389
-847
-326
679
146
113
31
-832
-399
-537
-485
-436
-190
388
-81
-671
-859
-234
34
642
330
-500
-325
-295
-350
-282
-25
527
254
30
-29
-711
-641
3
259
115
109
-261
-190
-70
617
678
311
391
-408
-471
-177
-133
194
275
357
124
-331
133
-197
375
620
328
321
-348
-153
-6
332
856
615
484
367
-456
-128
-207
-148
368
-68
260
-385
-804
-221
-480
22
-28
-79
97
-483
-292
-820
-590
144
-67
3
-86
-110
-402
-86
294
-146
242
206
-22
-510
-686
-163
-532
5
659
77
-74
-222
-212
-316
-234
529
195
-242
52
-338
-358
220
615
783
746
779
261
-52
497
645
663
1037
682
177
192
52
101
779
726
573
480
-35
-411
-581
209
157
94
228
-245
-609
-517
-14
-468
-77
543
-102
-378
-520
-717
-378
69
523
72
-121
-57
-580
-682
-410
70
-33
61
-305
-882
-776
-674
-346
-161
47
-266
-522
-681
-988
-577
-51
291
247
5
-131
-504
-477
-62
308
319
666
510
-266
-10
118
337
568
532
617
36
15
143
126
551
751
931
581
483
360
419
928
1057
1320
969
753
574
28
452
399
-56
119
-10
-271
-620
-499
-436
-895
-515
-274
-846
-1038
-588
-692
-901
-538
-857
-1037
-773
-533
-548
-522
-44
-114
-97
-63
-363
-476
-316
-132
-205
-272
-284
-385
-464
-201
-137
53
223
126
161
319
461
393
364
287
349
359
30
464
713
511
774
551
488
603
603
765
706
665
563
277
282
308
88
344
643
469
344
87
-33
237
210
329
248
-144
-62
-271
-309
-217
-233
-27
-286
-510
-541
-886
-932
-537
-383
-513
-505
-695
-994
-907
-771
-751
-657
-592
-829
-1039
-790
-569
-545
-98
160
-223
-281
-98
-110
115
475
459
391
478
490
347
291
485
934
1309
1171
954
835
794
918
987
1000
739
531
701
697
714
774
380
151
-10
-372
-210
-261
-443
-243
-290
-524
-856
-1021
-827
-447
-200
-133
-207
-584
-831
-748
-647
-432
-213
45
-31
-333
-249
-383
-320
182
494
415
315
291
83
122
379
564
654
964
1035
821
949
727
293
648
744
39
-241
-5
-304
-679
-487
-654
-1087
-1144
-847
-929
-1379
-1249
-1337
-1747
-1576
-1043
-632
-564
-606
-683
-739
-633
-374
-182
20
287
423
262
-62
-189
74
457
669
704
540
541
581
980
1577
1608
1785
2132
1754
1452
1520
1621
2382
2768
2361
1796
1124
557
323
336
297
16
-478
-984
-1743
-2234
-2024
-1990
-2136
-2063
-2420
-2900
-2924
-2705
-2202
-1714
-1451
-1525
-1752
-1613
-1356
-1017
-172
512
559
343
-23
-302
-171
513
1266
1477
1774
1995
1629
1360
1454
1787
2211
2752
2985
2652
2483
2343
1958
1921
2032
1788
1666
1567
848
101
-109
-291
-471
-175
-133
-762
-1456
-1832
-2164
-2337
-1900
-1709
-1851
-1663
-1692
-2334
-2742
-2508
-2321
-2110
-1619
-1575
-1881
-1854
-1885
-1805
-1462
-1058
-618
-378
-119
-46
559
1589
1553
1726
2557
2331
2365
2833
2454
2678
3750
4086
3429
2804
2397
1763
1297
1323
941
141
0
-248
-999
-1253
-1222
-1129
-912
-813
-946
-1288
-1695
-1553
-1138
-1087
-683
-318
-967
-1656
-1749
-2020
-2511
-2484
-2112
-2014
-2069
-2335
-2786
-2942
-2626
-2331
-2168
-1912
-1415
-341
806
1290
1522
2139
2797
3317
3759
4047
4461
5035
5256
4637
3606
2929
2538
2322
2327
1758
594
-209
-813
-1592
-1778
-1674
-2014
-1938
-1704
-2021
-2301
-1965
-1516
-1300
-923
-788
-1025
-1078
-874
-809
-804
-703
-943
-1246
-1323
-1495
-1698
-1534
-1396
-1557
-1700
-1803
-1895
-1161
498
1676
2162
2451
2560
2512
2754
3351
3884
4448
5141
5049
3838
2626
1967
1954
2286
2183
1337
75
-1064
-1959
-2579
-2790
-2734
-2565
-2325
-2535
-3200
-3495
-3151
-2337
-1477
-962
-699
-746
-959
-1205
-1414
-1392
-1103
-737
-911
-1553
-1988
-2194
-2281
-2132
-1771
-1532
-1294
-1138
-1090
-464
441
1133
1712
2268
2719
2974
3213
3504
3919
4609
4941
4619
3994
3370
3001
2990
2908
2409
1717
1070
484
-237
-797
-1012
-1233
-1252
-1151
-1344
-1786
-2132
-2205
-2145
-1884
-1818
-2046
-2039
-2041
-2318
-2424
-2262
-2166
-2060
-1814
-1843
-1960
-1786
-1455
-1547
-1724
-1441
-1163
-958
-448
271
626
774
887
958
1078
1226
1477
1761
1876
1874
2035
2088
1958
1826
1878
1850
1589
1527
1433
1178
1003
902
858
717
573
551
470
430
328
213
67
-211
-343
-307
-385
-517
-568
-589
-692
-789
-1234
-1902
-2120
-1837
-1311
-954
-947
-1229
-1431
-1363
-1124
-948
-816
-547
-188
-140
-429
-625
-538
-13
660
1041
953
611
515
712
954
1048
885
697
692
800
1083
1217
1122
1070
1071
1123
1223
1339
1421
1202
899
812
633
205
-15
91
24
-112
-219
-328
-459
-627
-757
-970
-1097
-1013
-1047
-1226
-1340
-1343
-1194
-1064
-986
-1001
-1014
-1051
-1090
-1054
-1041
-1087
-1056
-828
-739
-749
-601
-448
-348
-180
80
228
193
354
520
507
753
1269
1514
1446
1377
1256
1018
839
989
1118
1168
1179
1006
947
666
317
268
207
122
150
104
-92
-245
-255
-249
-250
-203
-158
-135
-196
-134
-118
-285
-411
-442
-401
-432
-424
-228
-74
-176
-254
-119
-195
-403
-304
-263
-417
-449
-294
-366
-529
-386
-342
-570
-624
-485
-343
-276
-283
-199
-89
-33
-53
69
127
79
157
179
117
96
323
476
466
541
592
497
328
244
122
-151
-179
103
266
295
236
191
389
921
1092
293
-482
-428
16
398
567
530
602
654
106
-670
-707
-245
148
315
5
-655
-955
-616
143
819
1110
832
333
186
61
-56
168
557
844
1047
988
585
213
-17
-226
-261
-100
-176
-417
-474
-714
-1152
-1352
-1327
-1307
-1142
-742
-604
-678
-595
-501
-475
-474
-313
-58
-5
71
20
-326
-323
-146
-220
-221
-119
-142
-315
-397
-676
-917
-772
-437
-78
5
133
297
383
623
474
61
63
-13
10
379
848
1269
1446
1574
1425
941
679
658
743
977
1139
996
852
947
913
770
747
758
845
836
585
195
-122
-148
-82
89
21
-480
-783
-793
-1072
-1204
-957
-1099
-1600
-1645
-1596
-1804
-1830
-1609
-1500
-1372
-1063
-1275
-1697
-1535
-1307
-1368
-752
61
-141
-571
-392
-240
35
744
1115
1181
1655
2098
1499
618
563
880
1283
2013
2400
1923
1380
1256
1208
1019
793
615
677
988
1010
537
188
59
-104
-267
-248
-278
-395
-259
-394
-879
-1269
-1372
-1257
-822
-507
-604
-904
-1026
-1097
-1381
-1214
-802
-681
-646
-402
-106
13
-68
-189
-14
363
607
833
977
1332
1796
1675
1063
610
603
876
1456
1977
1679
917
600
443
134
-77
-89
-62
180
413
-13
-721
-1057
-1079
-1048
-804
-689
-940
-1050
-1039
-1420
-1817
-1688
-1465
-1369
-1090
-889
-1140
-1372
-1322
-1505
-1816
-1667
-1365
-1332
-958
-133
434
235
-323
-356
-56
389
1130
1820
2334
2595
2451
1738
906
898
1423
2132
2855
2595
1536
983
1127
1073
597
329
391
618
912
607
-308
-910
-897
-844
-924
-878
-842
-669
-329
-578
-1511
-1911
-1493
-1012
-847
-890
-1178
-1613
-1561
-1302
-1504
-1731
-1397
-889
-515
206
972
657
-6
144
568
689
1190
2178
2829
3507
3887
2861
1290
978
1643
2256
2977
3078
1865
608
211
-321
-1006
-944
-542
-171
136
-368
-1846
-2897
-2616
-1830
-1298
-1137
-1364
-1478
-1109
-1103
-1923
-2400
-1853
-978
-596
-875
-1552
-2014
-1871
-1537
-1539
-1404
-1076
-844
47
1436
1764
585
-213
330
973
1551
2464
3016
3583
4518
3978
1566
203
1054
2280
3174
3431
1716
-807
-1406
-881
-1047
-931
-223
-152
-254
-313
-1734
-3396
-2745
-820
233
508
65
-1038
-1233
-424
-464
-1140
-856
-291
-317
-522
-1309
-2547
-2635
-1685
-1565
-2043
-2140
-1995
-710
1473
1589
-611
-1806
-772
456
1534
2726
2858
3184
4555
3874
845
-278
1398
3345
4606
4254
1050
-2036
-1655
-140
-57
-44
283
-74
-216
-243
-1749
-3154
-1934
291
1114
582
-865
-2211
-1618
-6
98
-662
-645
-450
-692
-1039
-1730
-2282
-1693
-972
-1580
-2734
-2356
-99
2072
1790
-539
-1655
-468
1480
3363
4272
3887
4190
4876
2953
-144
-142
2306
4375
5305
3321
-1718
-4392
-2404
-309
-198
-483
-1557
-2907
-2550
-2317
-3744
-3659
-998
817
553
-896
-3060
-3645
-1045
1466
1136
-14
-604
-1286
-1454
-1146
-1543
-1655
-583
-301
-1939
-3131
-1596
1371
2536
951
-1021
-1087
538
2784
4431
4290
3983
4833
4022
983
120
2484
4930
6237
4973
-351
-4976
-3762
-201
1010
481
-1153
-3377
-3522
-2227
-2740
-3270
-1096
969
670
-834
-3004
-4150
-1501
2257
2427
465
-662
-1409
-1677
-839
-737
-1780
-1844
-1568
-2912
-3716
-1274
1835
1817
-299
-1574
-1431
64
3023
5318
5190
4770
4886
2739
-71
1270
4911
6725
6922
4415
-1747
-5324
-2241
1533
1775
809
-1121
-4040
-4533
-3149
-3184
-2849
-400
709
-890
-2526
-3438
-3203
-270
2597
1520
-1356
-2689
-2799
-2170
-861
-516
-1658
-2538
-3064
-4348
-4233
-562
3052
1817
-2280
-4121
-2918
-46
4111
6770
5658
4343
4508
2350
-411
1815
6135
7565
6985
3525
-3584
-6568
-1227
3863
3378
910
-2253
-5316
-4505
-1491
-1037
-1161
496
773
-978
-1957
-2059
-1054
2335
4762
2611
-1241
-2705
-1995
-333
1152
483
-1779
-3250
-3992
-4960
-4126
238
4265
2301
-3579
-6165
-3902
207
4710
7048
4822
2443
2887
1674
-722
1919
6729
7386
5621
1770
-5276
-7621
-649
5551
4022
-327
-4351
-6921
-4624
-101
702
-408
-4
-328
-1867
-2151
-1438
220
3304
4409
1392
-2156
-2983
-1499
994
2000
-145
-3047
-4399
-4681
-4605
-3729
-984
2965
3080
-3154
-7975
-5204
330
4430
6891
4682
44
718
3367
1264
582
5305
7335
5196
3047
-2293
-7985
-3580
5546
5691
-430
-4671
-6820
-5195
546
2674
-645
-2163
-854
-643
-614
105
379
1780
3419
1168
-2845
-3133
-507
1781
2624
543
-3556
-5137
-3435
-2328
-2161
167
2999
1128
-4289
-5987
-2240
2199
5418
6706
3806
443
2184
4219
2092
2313
6303
6548
3849
2041
-2346
-5965
-806
6042
3966
-2045
-5159
-6082
-3512
1400
1592
-2167
-3001
-1714
-1151
153
923
215
1136
2277
-180
-2867
-1915
110
1296
1371
-1387
-4743
-4474
-2375
-1793
-2206
-2303
-606
2123
241
-5061
-4474
1208
3985
4720
4728
1094
-63
5441
6627
1103
1049
5221
4478
2883
1891
-4050
-6636
1137
5861
236
-4981
-5764
-5163
-1121
2417
-1174
-5326
-3151
24
789
1048
-245
-1207
1459
3008
357
-989
551
1481
1851
900
-2906
-4684
-1833
135
-1237
-3040
-3037
147
3183
-593
-6054
-3537
2045
3554
4156
3081
-782
1413
7247
3795
-2242
1507
5883
4225
3680
782
-6999
-5531
4665
5334
-2189
-4962
-4888
-3988
962
2560
-3089
-5206
-1337
551
478
130
-2078
-1976
2069
2678
-410
-788
352
581
1371
322
-3321
-3314
8
43
-2408
-3538
-2552
1329
3654
-1195
-5687
-2050
2717
3993
4800
2620
-725
3321
7698
2484
-1010
4255
6469
4380
4390
-71
-6539
-1400
7110
3857
-2650
-3775
-4825
-3259
2717
1981
-4908
-5075
-690
-69
-399
-918
-3445
-2213
2337
1278
-2915
-2517
-453
302
1025
-928
-4588
-3415
144
-631
-3071
-4142
-3647
1705
6726
820
-7392
-4006
3168
4674
5233
3658
-1214
1515
8601
4763
-1578
3244
7835
5314
4445
1279
-6828
-4335
7060
7036
-1714
-5044
-5897
-5138
1262
3316
-3491
-5800
-1474
-503
-1396
-822
-1990
-2029
1487
1450
-2171
-1931
366
723
887
-614
-4148
-3499
105
-562
-3506
-4625
-4122
721
5941
197
-8943
-5515
2906
4249
4028
2513
-3010
-589
8759
6038
-2389
1961
7957
5063
4456
3366
-5413
-5122
7136
8156
-2082
-5406
-4668
-4303
1958
5303
-2528
-6976
-1779
691
-529
263
-721
-2004
1103
1726
-2419
-2387
1169
1732
1274
114
-3419
-3285
1268
1132
-3009
-4335
-3891
-567
5638
2840
-7910
-7665
1997
4880
3603
2992
-1516
-1343
8687
9114
-2030
-1868
6309
5482
3711
4403
-3527
-7829
3542
9262
-476
-6026
-4260
-4218
-227
4843
-1091
-8129
-4299
177
-511
-32
-387
-2707
-873
1571
-407
-1002
1338
1366
429
-313
-2773
-2789
981
1069
-2671
-3833
-3736
-1653
5054
5521
-5064
-8648
440
5435
3648
3238
300
-1893
6336
11242
1504
-3335
4808
7660
4652
5062
62
-7368
-167
9719
3350
-5711
-5238
-4494
-2722
3317
1109
-7885
-7050
-446
-397
-1702
-1187
-3396
-3216
1098
650
-2727
-1468
266
-961
-1031
-1458
-3359
-1631
750
-2077
-4968
-4363
-2569
2230
5139
-2661
-9397
-2447
5187
3880
2628
1536
-1169
4336
11463
4894
-2199
4453
9550
6402
5800
2758
-5109
-1455
9070
6016
-3244
-3833
-2636
-2260
2489
2720
-4864
-6586
-1514
-473
-1575
-1077
-2422
-2995
80
941
-1135
-1244
-896
-1721
-1131
-1344
-3589
-3185
-1291
-2811
-4718
-4233
-4496
-1826
4846
2841
-7923
-7941
2481
5505
2735
2608
-200
-1341
7778
11214
557
-1866
8149
9413
4659
5165
711
-5839
2329
11171
2868
-6163
-4322
-2770
-936
4369
1155
-7337
-5559
601
171
-1067
-938
-2734
-1676
1500
-260
-2627
-736
135
-827
-733
-2385
-4189
-1247
643
-2736
-4691
-3658
-1376
3600
3628
-5629
-8437
790
5565
2833
2299
360
-1587
5985
10599
1423
-2150
6219
7543
3388
4646
878
-6315
316
8976
2028
-5657
-3409
-2715
-2399
2622
1050
-6700
-5998
-509
-503
-1238
-741
-2481
-1794
1570
510
-1744
-24
737
-583
-212
-1110
-3543
-1772
790
-1936
-4426
-3314
-3392
-1080
5221
2924
-7808
-7193
3780
6000
1794
1911
271
-1061
7620
11436
-54
-3615
7261
9004
3107
4079
1002
-6246
1146
10291
1332
-7793
-3897
-1794
-1885
2892
908
-7421
-6139
143
-383
-1869
-1203
-2743
-2691
168
-187
-1591
-301
-359
-1747
-1109
-1467
-2745
-901
-90
-3212
-4273
-2352
-1420
1711
4967
-1020
-8062
-2078
6378
4478
1524
1800
-766
1891
11144
8026
-2928
901
9695
6199
3098
4422
-2603
-5672
5374
7732
-3934
-6345
-1119
-2492
-1459
3433
-1596
-8389
-3676
1118
-1299
-1952
-1068
-3001
-2447
569
-165
-1832
-555
161
-578
-822
-1489
-1627
-182
-646
-3382
-3728
-2291
-1823
1030
4397
20
-6625
-2345
5643
4369
827
1333
114
1884
9853
7846
-3426
-981
9577
7385
2516
3868
-1426
-5679
4803
9155
-3092
-7568
-1061
-773
-948
2958
-1773
-8458
-3231
2172
-1169
-2400
-925
-2919
-2510
1238
649
-1597
-470
-323
-1811
-1110
-304
-778
-418
-1307
-4059
-3927
-1466
-1511
-481
2880
-34
-6410
-2886
4697
3284
84
1729
699
1044
8268
7173
-3435
-1656
8363
6453
1763
3354
-1385
-5611
4200
8480
-2910
-7147
-1448
-2136
-2417
2571
-892
-7775
-3732
1432
-1033
-1663
-255
-2647
-2879
725
690
-1302
-675
-756
-1679
-176
1113
-45
-971
-1625
-2877
-2128
-151
-1191
-1939
1923
2954
-3322
-4570
2815
5217
1593
2121
2707
733
5664
9754
772
-3948
5869
8944
2200
2315
1941
-4406
136
8590
848
-8109
-3084
-238
-2621
819
411
-7509
-6375
1085
151
-2612
-829
-1799
-3232
-24
724
-2205
-1809
-220
-768
26
893
-973
-1864
-982
-1207
-1051
160
-947
-2925
-156
4607
2753
-3327
-2257
4004
4737
2236
2470
1445
1496
7922
8423
-1478
-1817
8095
7326
848
1947
229
-4251
2367
7344
-2271
-7510
-1199
51
-2390
-201
-2035
-6952
-3850
331
-2410
-3603
-1474
-2425
-3133
-1052
-1366
-2814
-1680
-1418
-2580
-1648
-666
-1774
-2197
-1531
-1604
-1692
-1603
-2505
-1589
2386
3021
-2155
-3925
1369
4560
2540
1639
1793
1583
5382
8012
1829
-2023
4720
8270
3597
1789
1224
-2244
759
6951
2338
-5010
-2607
449
-1115
38
710
-3423
-4125
-467
-467
-1924
-775
-1380
-3316
-2106
-572
-1261
-1201
-522
-1260
-1367
-81
-80
-1272
-1813
-1773
-1458
-931
-1404
-2402
-242
3836
2025
-4063
-2738
3902
4085
1141
2089
1285
525
6647
7551
-2082
-2177
8012
7142
587
2167
754
-3885
2850
8123
-1644
-7022
-326
990
-1952
397
-652
-5835
-3748
900
-583
-2223
-1219
-2119
-2835
-1281
-640
-821
-509
-1320
-1953
-696
209
-110
-779
-1918
-2147
-838
-555
-1945
-2750
-649
3223
2273
-4351
-4873
2611
4842
1125
1052
1273
589
6176
8058
-1639
-3385
7135
7628
705
1963
1234
-3816
2319
8473
-721
-6847
-582
946
-1936
462
-633
-5735
-3000
1364
-1392
-2777
-698
-1892
-2850
-525
-97
-825
131
-648
-2198
-438
1243
-96
-1259
-1368
-1572
-970
-381
-1868
-3109
-59
4349
1980
-4669
-3455
3442
3857
521
665
-79
499
7242
6776
-3805
-2953
7878
6862
811
2201
-345
-4192
3788
8038
-2304
-6367
278
360
-1844
1730
6
-6008
-3470
1114
-1064
-2415
-787
-2230
-3466
-851
586
-707
-1431
-1565
-1357
-296
33
-920
-1855
-2246
-1598
-566
-1111
-2495
-2618
-18
4068
2956
-4116
-4190
4077
5679
875
771
1173
498
6597
8210
-2747
-4212
7814
8219
181
1555
1342
-3885
2281
8661
-941
-7479
-1062
467
-2367
850
199
-6206
-4331
1725
655
-1356
-365
-2029
-3226
168
1957
-105
-1300
-1396
-1542
-153
1366
293
-1789
-2333
-1356
-100
145
-1290
-2802
-782
3341
1831
-4410
-3631
3083
3560
110
821
1093
906
6118
6611
-2515
-2830
7107
6986
285
1075
773
-2846
2473
7232
-975
-6334
-643
1175
-1587
29
-472
-4992
-3332
1341
-157
-2577
-1405
-1682
-2658
-688
445
-1329
-2059
-1593
-1818
-745
1198
34
-2994
-3122
-845
75
-519
-1589
-3237
-1938
3069
2956
-3781
-4111
2716
3652
470
1696
1947
729
5542
6857
-1736
-2457
7239
7410
1021
2202
1883
-2508
2308
7469
-284
-5710
-231
1088
-2026
202
-21
-5466
-4198
895
-522
-2565
-1080
-2381
-3959
-913
728
-1475
-2031
-1573
-2333
-881
1363
-365
-2921
-1915
-149
-12
-35
-964
-3270
-2584
2913
5378
-704
-5611
-936
4196
2835
1943
2191
-688
1000
7508
4148
-3634
1349
8092
3248
372
3074
-838
-2856
4976
5361
-3956
-4239
1146
-476
-1443
1225
-2139
-5848
-1371
1601
-1385
-1789
-508
-2272
-2286
487
430
-1214
-1096
-1380
-1621
213
723
-1367
-1732
-425
-603
-789
-180
-1422
-2632
758
4209
645
-4025
-1238
3511
3005
1613
1871
650
1872
6900
5288
-1534
694
7388
5234
1052
1863
113
-1689
3542
5079
-2203
-4509
-426
-299
-1055
208
-3084
-6451
-2636
93
-2544
-2902
-2011
-4108
-3538
-241
-1114
-2902
-1256
-1286
-2860
-968
498
-1727
-2470
-1083
-1083
-688
283
-1339
-3431
-1652
2589
3804
-583
-4387
-723
4277
3052
1152
1576
430
2153
7135
3879
-2618
2228
8099
3608
1475
4004
-142
-1995
5300
5135
-3320
-2729
2071
-225
-1335
755
-2699
-5338
-462
1656
-2255
-3308
-1807
-2251
-1682
-142
-1221
-2595
-1931
-1331
-1124
-541
-585
-1078
-969
-869
-720
-214
-410
-1139
-1479
-585
2106
3096
-1229
-3898
758
4191
1825
1179
1656
-560
2078
7560
3211
-2831
2703
7099
2288
1629
3585
-1841
-2494
5627
4333
-4227
-2982
1076
-1519
-1252
1368
-2685
-5223
-678
184
-3090
-1917
-322
-2509
-2192
229
-762
-2061
-805
-639
-1461
-696
-209
-1167
-1355
-622
-295
-289
-724
-1505
-1755
-632
2189
3328
-641
-3600
122
3466
2012
1968
2448
81
2356
7564
3301
-2583
2869
7038
2131
1602
3608
-1909
-2549
5649
4159
-4592
-3281
465
-2686
-2126
978
-3734
-7074
-1918
-203
-3703
-2945
-1674
-4110
-3092
302
-1234
-3083
-859
-446
-1993
-701
392
-1071
-862
552
-386
-1106
275
596
-925
-1035
1634
3497
641
-2454
347
3795
2557
2048
2950
793
1803
7425
5088
-1864
1549
7230
3769
1903
3959
-781
-3136
4831
5961
-3176
-4502
59
-1600
-2143
1269
-2166
-7290
-3391
785
-1779
-3296
-2437
-3782
-3278
42
-132
-2307
-1630
-921
-1631
-557
456
-897
-1232
-170
-786
-1352
-132
-55
-1723
-1722
1436
4012
1434
-2992
-1528
3169
3745
2795
3029
817
725
6581
6650
-928
-234
6642
5148
1793
3414
18
-3943
3027
6831
-2139
-6268
-1171
-795
-2474
62
-2070
-7393
-4299
848
-1723
-4512
-2950
-2556
-2457
-331
-444
-2509
-2084
-1011
-1112
-417
143
-543
-500
-245
-1193
-665
1402
871
-1479
-1478
1270
3575
2344
-1112
-1162
2227
3553
2921
2831
1456
1404
5763
6316
6
-726
5130
5213
2035
2598
172
-3697
1246
5916
-517
-5814
-2576
-1204
-2433
-608
-1558
-6127
-4800
-163
-1189
-3883
-3188
-2719
-2652
-565
241
-1577
-2076
-777
-32
93
-119
-339
106
219
-256
4
412
-3
10
102
60
2319
4291
1103
-2018
689
3250
2392
2841
2790
280
2036
6110
2970
-1236
2382
5023
1859
1248
1387
-2803
-2359
3561
1967
-4614
-4126
-1174
-2250
-1794
-345
-3810
-6281
-2444
-199
-2883
-3635
-2067
-2399
-2319
-288
-280
-2037
-1405
420
237
-320
488
918
195
-70
389
404
338
763
337
-849
661
4354
3635
-1177
-1459
2211
2960
2790
3949
1707
-402
3993
6081
443
-711
4505
3969
602
1991
567
-3739
50
4759
-848
-5919
-2690
-1243
-2750
-755
-1003
-5704
-5041
-101
-562
-3315
-2557
-2116
-2866
-1019
448
-1248
-1736
37
248
-498
199
790
146
-79
562
776
512
414
-24
-1133
-909
2322
4443
1151
-2329
-196
2714
2578
3138
3169
41
642
5937
4987
-485
1081
4649
2182
1185
3052
-615
-3360
2033
3501
-3105
-4741
-1236
-1832
-2597
-520
-2707
-6253
-3232
284
-1821
-3499
-2343
-2461
-2284
-252
-285
-2114
-1660
-68
-81
-457
-61
278
238
169
97
-67
-136
51
113
-498
-445
1827
3193
818
-1041
795
2444
2268
2711
2096
157
1957
5147
2569
-780
1613
3458
1701
2000
1916
-2069
-2032
2645
1615
-3154
-2700
-1052
-2221
-1302
93
-2924
-4740
-1547
-22
-1861
-2086
-1329
-1676
-914
450
-296
-1354
-623
169
321
355
-179
-506
222
481
-142
54
392
-452
-1040
-814
-361
1255
2596
260
-2416
-525
2340
2520
2373
1706
68
1886
5380
3347
-242
1504
3458
2258
2628
2370
-1565
-1564
2870
1908
-2606
-2540
-1255
-2130
-1112
-267
-3464
-4914
-1769
-553
-2472
-2649
-1620
-1783
-1420
-423
-1017
-1870
-843
549
337
-706
-877
-17
447
126
11
49
-200
-32
404
-381
-812
1422
2890
278
-1651
430
2015
1706
2742
2602
82
1191
4797
3084
-281
1763
3584
1632
1534
1730
-1604
-1871
2171
1433
-2894
-2832
-1365
-2126
-1299
-303
-3023
-4522
-1789
-486
-1924
-2026
-1461
-1779
-1023
394
382
-150
289
783
647
473
611
704
287
-171
224
712
166
-153
159
-605
-1306
753
2499
40
-2116
-258
1383
1256
2238
2031
-395
957
4847
3153
-448
1305
3099
1326
1683
2477
-1156
-2386
1661
1895
-2143
-2437
-1149
-2402
-2112
-589
-2516
-4323
-2088
-623
-2073
-2338
-1383
-1728
-1612
-136
84
-826
-480
430
218
-196
160
443
217
-10
-101
-254
-516
-620
-545
-1056
-1639
-116
1998
669
-1791
-716
1388
1722
2609
2902
518
572
4158
3836
556
1520
3373
1932
2092
3187
135
-1640
1854
2541
-1086
-1583
-532
-2073
-1988
115
-1439
-4068
-2505
-605
-1554
-1717
-707
-1355
-1963
-539
361
-460
-544
419
387
-378
-172
325
-20
-189
357
283
-392
-200
364
-383
-1451
-187
2104
1426
-1169
-1107
639
1378
2434
2939
427
-554
3104
4264
885
484
2463
1435
1254
3208
842
-2769
-177
2532
-287
-2102
-1160
-2263
-2702
-151
-579
-3872
-3382
-834
-1116
-1835
-1140
-1513
-2146
-754
275
-672
-1006
-157
78
-83
233
253
-52
69
167
-67
-24
34
-223
-510
-1051
-911
1029
2145
-92
-1989
-601
1077
1715
2480
1187
-1126
920
4260
2431
22
1653
2253
1425
3057
2670
-1594
-1602
2197
1464
-1327
-1057
-1757
-3381
-1194
491
-2248
-3568
-1913
-2041
-2502
-979
-1004
-2461
-1692
-624
-1269
-1003
153
-70
-342
475
489
209
1076
1161
111
325
1137
851
718
725
-348
-34
2508
2686
-86
-709
935
1601
2181
2664
739
-246
2634
3857
1098
221
1860
1843
1888
2783
526
-2173
34
2473
564
-1161
-1155
-2397
-2507
-79
-110
-2891
-3243
-1745
-1496
-1345
-935
-1853
-2449
-1133
-199
-618
-842
-795
-959
-596
38
135
-38
-254
-585
-466
-55
-55
44
174
-877
-1544
369
2038
487
-1155
-353
631
1352
2676
2043
-99
1122
3940
2801
668
1627
2035
1213
2666
2922
-775
-1689
1543
1631
-786
-732
-1186
-3041
-1507
673
-1721
-4092
-2489
-1389
-2035
-1407
-1283
-2868
-2515
-491
-429
-1175
-650
-597
-1043
-204
614
153
-11
367
196
164
685
761
359
102
-322
-171
1500
2301
305
-1236
-159
1177
1887
2472
1240
-442
1161
3365
2071
556
1520
1686
1181
2275
1648
-1190
-798
1590
686
-1111
-762
-1303
-2137
-423
158
-2440
-3327
-1521
-1025
-1391
-883
-1370
-2293
-1014
536
-68
-784
-426
-460
-293
731
820
-130
-210
302
183
134
527
332
-241
-286
-293
95
1567
1928
-168
-1299
308
1881
2258
2167
932
57
2093
3822
2089
664
1535
1710
1707
2689
1225
-1676
-747
1488
418
-1031
-1085
-2410
-2898
-651
-501
-3191
-3517
-2068
-2277
-2170
-1068
-1877
-2908
-1360
-197
-1039
-1044
-383
-956
-989
143
141
-378
394
710
-77
182
989
677
359
509
15
355
2247
2317
29
-485
1145
2012
2237
2243
843
204
2413
3520
1452
442
1423
1430
1442
1980
93
-2129
-648
1078
-270
-1573
-1754
-2447
-1975
-437
-1263
-3146
-2725
-1633
-1635
-1325
-1154
-2055
-1927
-493
-223
-702
-362
-271
-640
-88
494
12
-47
511
210
-180
348
559
85
126
177
-328
372
2026
1420
-690
-548
1004
1523
1960
2032
334
74
2825
3421
941
563
1861
1708
2113
2827
361
-1845
240
1837
73
-1085
-1259
-2271
-1730
16
-1072
-3238
-2625
-1345
-1482
-1363
-1236
-2074
-1910
-467
-196
-866
-776
-498
-433
123
513
125
16
474
505
367
639
683
415
426
168
-437
500
2242
1424
-901
-807
854
1492
1919
1886
118
-277
2397
3275
1030
439
1580
1544
1795
2309
352
-1345
422
1671
49
-1022
-1195
-1982
-1500
-207
-1237
-2907
-2358
-1541
-1828
-1680
-1515
-2211
-2090
-973
-831
-1407
-1162
-672
-608
-302
44
-329
-688
-215
95
4
428
626
-145
-511
-104
-127
354
1802
1399
-735
-506
1407
1533
1333
1981
1098
462
2689
3446
929
451
2245
2145
1902
2696
888
-1396
435
2277
504
-726
-552
-1685
-1908
-157
-489
-2629
-2583
-1604
-2058
-1980
-1092
-1625
-2264
-1270
-635
-1199
-1115
-518
-582
-414
165
-43
-493
-210
-16
-203
190
591
-22
-493
-212
-333
-208
1012
1131
-557
-878
487
915
895
1369
805
256
1991
3078
1235
364
1755
2035
1757
2350
1180
-1004
-128
1674
743
-548
-733
-1532
-1738
-338
-260
-1861
-2086
-1256
-1191
-1069
-713
-1105
-1368
-619
-45
-186
-151
126
277
587
876
775
698
829
835
741
824
740
433
338
287
-159
-261
683
1094
-113
-791
85
579
459
1002
953
69
940
2362
1155
-85
1196
1811
939
1306
1185
-920
-977
984
400
-1522
-1614
-1614
-2183
-1399
-833
-2305
-3183
-2248
-1679
-1866
-1672
-1654
-2053
-1647
-813
-815
-1157
-817
-396
-433
-245
106
-58
-149
317
320
-166
71
510
139
-131
-54
-369
6
1368
1153
-470
-224
1114
1394
1926
2511
1324
956
3075
3556
1767
1844
2784
1958
1897
2623
885
-689
886
1554
-385
-1119
-896
-1854
-1822
-608
-1449
-3254
-2875
-1716
-1859
-2049
-1818
-2119
-2027
-722
-92
-854
-889
32
421
424
636
502
217
633
810
153
-134
230
282
-60
-264
-601
-576
611
1257
-31
-913
139
1108
1396
1901
1346
240
1446
3107
1924
841
1985
2066
1169
1990
1824
-551
-473
1441
457
-1476
-1135
-1158
-2189
-1469
-779
-2283
-2906
-1473
-1140
-1916
-1538
-974
-1247
-759
281
15
-586
99
848
714
702
804
462
429
873
703
166
167
238
21
14
-287
-971
-464
855
436
-963
-765
24
209
900
1144
-288
-470
1387
1564
373
895
1347
488
995
1699
59
-917
530
698
-660
-682
-816
-2020
-1568
-266
-1151
-2247
-1497
-1084
-1496
-993
-624
-1338
-1054
117
-141
-850
-318
178
-58
279
624
-25
-219
484
355
-384
-71
487
-13
-477
-384
-778
-750
721
1314
-270
-990
293
1072
1274
1911
1373
284
1399
2873
1861
1098
1996
1727
1193
2190
1657
-535
-95
1464
384
-786
-318
-1050
-1968
-733
-316
-1917
-1982
-909
-1447
-1795
-687
-617
-1225
-380
143
-685
-469
673
505
-45
216
172
16
622
645
-413
-607
131
86
-327
-340
-955
-1498
-148
1094
-182
-1341
-344
428
460
1298
1101
-393
345
2279
1546
394
1427
1621
647
1445
1885
-122
-549
1214
795
-848
-536
-408
-1471
-975
14
-1149
-2019
-889
-565
-1317
-851
-188
-679
-533
349
-38
-672
174
857
215
-125
163
55
99
443
-55
-777
-415
53
-379
-760
-868
-1198
-751
559
544
-891
-1012
74
474
710
1224
737
225
1502
2415
1375
1165
2091
1652
1167
1926
1354
-346
86
1051
-80
-921
-587
-1406
-2036
-810
-567
-1951
-2016
-1322
-1809
-1791
-925
-1303
-1818
-793
-253
-929
-669
249
43
-252
184
95
-223
120
204
-416
-416
151
62
-213
-121
-519
-903
157
1320
482
-579
47
883
1218
1875
1723
595
1084
2674
2372
1272
1542
1630
1277
1992
1955
-49
-636
746
632
-533
-593
-1022
-1872
-949
56
-1064
-2001
-1250
-867
-1038
-512
-469
-1192
-793
186
25
-242
364
487
-40
84
388
104
-30
57
-436
-824
-417
-49
-194
-509
-1039
-1306
-378
756
353
-660
-538
176
787
1578
1613
580
626
1991
2222
1421
1501
1653
1198
1610
1966
574
-256
751
774
-358
-422
-540
-1597
-1348
-298
-1079
-2221
-1631
-1127
-1448
-1071
-767
-1428
-1422
-567
-677
-1109
-641
-408
-818
-710
-452
-683
-517
-30
-397
-1005
-650
-174
-160
-125
-357
-1104
-840
757
1270
191
-246
326
866
1671
2295
1424
532
1522
2552
1983
1521
1686
1204
1022
1782
1422
-75
-205
411
-48
-526
-517
-1266
-1818
-1071
-863
-1738
-1853
-1332
-1363
-1300
-1016
-1373
-1492
-539
-117
-737
-765
-215
-241
-324
-117
-426
-679
-64
242
-415
-633
-85
94
70
291
-65
-538
324
1464
914
-62
327
1077
1494
2137
2080
1056
1285
2807
2832
1714
1736
1940
1542
1955
2241
853
-11
791
882
-49
-261
-585
-1431
-1196
-523
-1203
-2085
-1731
-1336
-1408
-1254
-1358
-1702
-1302
-616
-685
-1002
-849
-588
-473
-343
-347
-420
-237
-91
-307
-472
-351
-212
-130
-151
-449
-813
-536
326
631
18
-452
-104
534
1027
1239
646
55
887
1955
1533
816
953
981
919
1434
1087
-355
-597
277
177
-554
-790
-1275
-1632
-842
-421
-1310
-1711
-1061
-825
-975
-783
-919
-1066
-288
277
-162
-291
341
571
441
473
241
54
536
801
160
-275
-16
262
361
323
-207
-790
-235
848
851
-42
-280
276
801
1329
1549
701
181
1269
1992
986
364
802
719
632
1042
272
-1152
-754
217
-419
-1285
-1413
-1822
-1840
-918
-1003
-2139
-2097
-1122
-872
-942
-801
-900
-758
-26
243
-130
-60
412
634
646
536
409
656
1043
908
484
325
423
616
754
437
-189
-259
503
1131
856
293
269
624
1186
1761
1425
529
796
1906
1862
1022
914
913
718
1239
1292
-120
-872
-75
115
-605
-853
-1281
-1981
-1492
-761
-1507
-2259
-1772
-1514
-1696
-1366
-1326
-1801
-1407
-689
-929
-1123
-557
-278
-417
-305
-267
-452
-166
300
11
-471
-394
58
394
424
180
-190
33
982
1437
681
10
431
1150
1541
1721
1169
490
1276
2543
2110
1117
1245
1377
1357
1961
1595
-76
-319
688
423
-446
-563
-1001
-1433
-746
-453
-1418
-1771
-1243
-1232
-1314
-1138
-1424
-1665
-1225
-1056
-1417
-1306
-911
-900
-884
-811
-943
-783
-229
-34
-417
-669
-430
48
356
249
-172
-350
361
1352
1308
543
480
1153
1745
2146
1978
1114
1089
2248
2539
1579
1197
1336
1195
1568
1860
716
-257
439
860
92
-316
-630
-1334
-1161
-515
-1052
-1905
-1641
-1382
-1642
-1467
-1317
-1659
-1580
-1053
-1042
-1263
-944
-735
-872
-797
-648
-629
-464
-126
-206
-544
-430
69
302
112
-49
-148
-11
783
1434
931
167
545
1488
1838
1748
1391
966
1431
2451
2370
1375
917
1090
1337
1536
1166
120
-268
347
641
127
-508
-873
-871
-471
-344
-850
-1302
-1260
-991
-775
-772
-1038
-1006
-558
-428
-647
-600
-408
-403
-368
-318
-532
-656
-250
-33
-458
-816
-687
-459
-275
-230
-567
-825
-538
69
428
167
-373
-263
533
1059
975
660
368
678
1561
1691
831
452
861
1062
1112
999
165
-441
159
627
37
-543
-725
-913
-710
-286
-646
-1315
-1249
-904
-821
-760
-699
-768
-736
-504
-333
-259
-161
-41
18
-65
-127
133
400
299
79
-31
28
353
605
406
68
-49
127
622
964
437
-284
-8
733
951
884
594
97
389
1322
1256
377
149
390
454
671
614
-302
-787
-97
302
-268
-732
-836
-872
-574
-171
-520
-1185
-1114
-621
-468
-565
-593
-609
-545
-206
76
-120
-263
-11
146
56
103
241
174
145
243
121
2
293
473
184
44
168
168
404
773
349
-246
166
741
708
742
739
262
431
1349
1266
302
161
487
392
499
580
-312
-952
-219
315
-279
-786
-921
-1182
-932
-320
-594
-1356
-1285
-838
-791
-703
-491
-746
-887
-311
39
-212
-196
99
18
-62
255
392
219
258
308
59
-7
292
312
0
-119
-61
10
299
603
287
-190
86
655
776
709
555
127
254
1146
1349
574
244
546
666
848
1002
278
-520
-158
381
52
-392
-631
-1001
-955
-471
-639
-1235
-1241
-1010
-1047
-961
-782
-1005
-1124
-739
-583
-709
-496
-183
-193
-185
-11
-1
43
305
337
31
-13
251
330
268
264
169
98
401
841
736
303
379
738
896
1022
1082
780
722
1302
1527
1004
782
977
897
873
1020
632
66
224
492
159
-217
-388
-652
-700
-465
-582
-1035
-1172
-1041
-987
-987
-974
-1046
-1041
-833
-668
-641
-566
-439
-391
-320
-222
-231
-210
-28
26
-166
-219
-42
-1
-76
-51
-84
-255
-227
79
214
50
-15
142
317
481
660
585
383
604
1028
1053
860
901
967
930
1089
1149
698
314
435
458
89
-119
-269
-631
-731
-509
-642
-1062
-1106
-1012
-1148
-1154
-940
-1004
-1157
-911
-627
-658
-583
-250
-145
-141
94
293
267
324
440
301
193
377
460
338
329
329
158
175
439
426
125
83
278
345
454
603
413
213
599
1006
803
521
560
546
530
756
657
134
-6
221
214
47
-187
-607
-838
-632
-575
-945
-1142
-1095
-1131
-1069
-842
-851
-1028
-824
-513
-442
-391
-199
-84
-35
86
174
236
381
544
519
418
401
412
435
422
274
82
72
251
428
416
177
-29
152
459
489
369
262
245
499
860
817
459
370
612
803
811
554
100
-100
96
192
-119
-565
-803
-795
-766
-859
-1046
-1232
-1317
-1165
-996
-1170
-1317
-1090
-849
-772
-612
-477
-513
-320
67
141
30
128
297
312
322
388
338
253
360
455
324
205
311
397
408
498
501
411
589
915
988
991
1147
1225
1252
1420
1403
1191
1221
1353
1235
1041
896
631
410
437
281
-221
-545
-658
-892
-1087
-1136
-1352
-1657
-1648
-1530
-1576
-1592
-1532
-1500
-1367
-1104
-938
-899
-738
-480
-318
-206
-43
39
0
54
195
233
175
170
147
83
81
122
80
-22
-60
-8
52
58
94
183
243
305
443
543
571
601
669
734
723
757
779
736
730
745
663
535
523
489
319
128
32
-96
-238
-284
-362
-520
-569
-485
-499
-565
-541
-503
-502
-397
-250
-265
-318
-240
-185
-192
-174
-223
-276
-255
-255
-320
-374
-365
-353
-319
-329
-392
-404
-338
-176
-33
-11
-33
76
291
495
684
780
814
967
1219
1308
1214
1174
1120
1023
1049
1004
722
468
389
263
81
-35
-257
-529
-608
-621
-726
-822
-839
-862
-855
-750
-691
-718
-668
-554
-488
-413
-280
-186
-127
-21
8
-13
66
146
96
37
49
61
60
58
21
-37
-34
28
108
182
163
112
193
360
449
444
418
431
493
581
608
485
373
377
396
336
205
15
-167
-228
-234
-356
-574
-725
-782
-833
-884
-905
-1004
-1108
-1056
-951
-943
-906
-807
-716
-590
-461
-356
-228
-90
-8
83
192
257
323
415
430
372
369
384
371
370
385
387
402
474
524
542
583
622
685
822
906
892
939
1032
1101
1201
1246
1118
986
995
965
808
664
484
224
72
-9
-236
-534
-708
-836
-1003
-1099
-1160
-1290
-1412
-1400
-1361
-1380
-1369
-1337
-1288
-1198
-1067
-982
-925
-812
-678
-568
-459
-327
-242
-172
-66
60
167
260
362
452
542
640
696
771
888
940
956
1027
1085
1093
1173
1242
1213
1128
1108
1119
1061
969
853
712
584
502
405
228
22
-134
-248
-325
-427
-607
-778
-862
-886
-921
-1006
-1068
-1100
-1087
-1014
-961
-926
-897
-818
-700
-577
-510
-481
-419
-333
-292
-252
-225
-242
-233
-157
-88
-103
-60
10
13
-6
10
68
96
171
274
305
358
481
615
719
793
837
831
861
952
942
879
891
906
842
787
784
695
541
452
381
236
92
-21
-154
-244
-312
-414
-528
-600
-658
-730
-776
-822
-913
-989
-971
-900
-871
-872
-812
-699
-638
-571
-464
-406
-366
-272
-159
-116
-71
18
89
148
229
293
302
344
456
521
537
564
599
631
682
743
714
668
653
631
581
526
472
378
316
302
236
98
-20
-90
-170
-241
-317
-415
-495
-508
-502
-543
-567
-558
-539
-514
-448
-367
-313
-229
-144
-80
-23
51
141
217
296
311
289
286
317
336
310
286
244
213
211
172
92
20
-1
-22
-20
-45
-132
-160
-137
-140
-178
-164
-169
-201
-181
-160
-182
-216
-152
-93
-105
-101
-93
-100
-131
-130
-161
-249
-284
-269
-304
-307
-244
-244
-257
-209
-166
-175
-119
-8
21
14
90
151
175
244
357
390
397
486
528
519
539
554
528
538
545
522
483
453
424
409
407
366
307
273
273
254
221
230
237
190
149
125
37
-76
-111
-169
-286
-398
-461
-555
-630
-645
-706
-802
-854
-853
-922
-1003
-1027
-1045
-1080
-1050
-955
-911
-870
-766
-619
-509
-408
-274
-170
-86
34
196
312
412
517
608
667
729
791
809
851
868
862
840
807
791
760
721
660
623
600
568
562
546
501
431
400
349
273
215
127
39
-21
-35
-108
-170
-191
-238
-286
-321
-358
-441
-480
-491
-531
-580
-612
-618
-617
-558
-488
-468
-416
-319
-246
-180
-97
-54
-28
30
114
175
199
215
245
304
350
372
367
329
302
278
254
212
178
165
122
105
123
103
86
116
123
80
46
24
-32
-48
2
2
-31
-43
-63
-109
-140
-158
-226
-286
-303
-356
-436
-463
-484
-531
-550
-550
-555
-551
-512
-476
-464
-429
-377
-351
-331
-273
-196
-107
-24
43
135
224
304
390
451
499
534
560
574
569
559
536
513
517
526
512
490
497
511
484
446
426
387
336
312
277
237
206
188
187
159
130
116
76
22
-20
-62
-147
-244
-303
-388
-468
-495
-524
-592
-613
-608
-657
-692
-657
-634
-664
-643
-591
-568
-532
-451
-395
-370
-286
-188
-114
-9
92
138
177
232
262
264
292
314
296
305
328
338
346
356
357
344
343
326
289
256
235
210
195
210
210
211
246
284
301
296
286
252
195
139
109
101
90
96
90
74
53
11
-54
-85
-109
-166
-208
-239
-263
-278
-253
-221
-219
-206
-191
-182
-197
-204
-168
-155
-138
-98
-73
-57
-30
9
29
39
17
-13
-28
-56
-98
-133
-127
-134
-154
-142
-143
-174
-210
-205
-184
-188
-177
-153
-128
-102
-76
-55
-23
-28
-21
41
78
68
62
92
83
63
73
85
87
85
101
112
129
148
138
117
109
117
121
137
170
187
190
225
253
226
216
222
195
155
177
190
135
146
167
114
58
72
71
13
-17
-32
-67
-99
-107
-119
-155
-168
-160
-153
-147
-153
-192
-220
-222
-238
-253
-235
-217
-212
-191
-158
-138
-146
-133
-99
-75
-49
4
30
13
38
61
52
44
58
63
46
52
95
114
117
138
140
139
136
153
143
108
83
59
70
95
91
78
89
105
98
90
97
58
26
27
12
-14
-31
-11
9
21
16
10
-12
-27
-27
-32
-56
-94
-111
-151
-198
-223
-208
-197
-188
-152
-124
-117
-126
-103
-80
-98
-115
-101
-75
-55
-18
30
55
75
91
88
85
83
65
61
68
61
42
50
47
35
30
49
56
45
39
42
49
43
73
81
73
84
91
110
112
117
123
104
74
56
62
59
49
31
19
8
-34
-72
-79
-115
-173
-187
-173
-185
-205
-181
-160
-167
-151
-100
-66
-85
-98
-83
-61
-60
-46
-5
6
15
59
101
75
37
29
21
-4
-36
-51
-48
-46
-35
12
52
40
36
45
28
-1
-35
-35
-28
-28
-3
28
68
99
137
190
208
204
217
198
141
108
106
96
87
124
152
137
132
144
148
134
107
91
80
41
6
-19
-37
-47
-44
-28
-36
-66
-80
-71
-79
-109
-131
-132
-143
-166
-161
-127
-137
-183
-173
-153
-171
-158
-113
-94
-98
-83
-38
-17
-36
-62
-69
-68
-72
-64
-43
-30
-37
-38
-13
-2
-20
-2
29
48
46
40
47
32
23
51
93
98
83
104
113
100
94
84
74
55
37
32
26
6
0
11
16
17
11
26
35
20
19
16
-5
-10
11
31
37
44
50
54
32
4
-5
-13
-26
-38
-29
-34
-64
-56
-25
-12
-17
-17
-11
-23
-24
-17
-18
-36
-44
-21
-23
-45
-44
-23
-29
-51
-37
-10
-7
-5
13
31
4
-21
-12
-3
-10
-22
-1
20
22
37
51
56
53
56
71
62
45
49
63
47
35
44
39
20
20
43
40
31
36
32
7
-10
-1
5
-18
-42
-47
-57
-68
-63
-47
-43
-36
-15
-9
-24
-24
-8
-15
-38
-41
-26
-23
-36
-27
-10
-16
-32
-18
12
11
-6
1
27
23
16
37
41
18
9
28
39
22
21
30
19
1
1
4
-4
-19
0
24
25
16
1
2
-6
-13
-5
-5
-11
-23
-24
-16
-19
-20
-14
0
0
-5
-12
-9
-4
-16
-24
-19
-39
-62
-53
-46
-65
-75
-61
-44
-33
-34
-19
-29
-41
-39
-27
-21
-47
-49
-16
13
18
27
45
35
23
41
67
85
79
79
83
64
35
39
62
71
76
82
85
89
97
97
74
25
-3
-24
-45
-55
-59
-55
-57
-41
-30
-33
-43
-24
-5
-24
-41
-49
-39
-28
-22
-12
-17
-4
24
48
61
57
53
52
45
36
23
16
-2
-9
1
-5
-36
-53
-38
-31
-26
-22
-4
-16
-26
-18
-14
-16
-20
-7
-9
-15
-5
11
5
-19
-19
-8
-20
-16
1
-3
-10
-28
-35
-30
-31
-25
-1
23
31
29
41
38
22
20
18
20
6
1
15
15
17
19
26
19
0
9
13
9
8
9
6
5
6
0
-18
-39
-37
-41
-49
-49
-47
-40
-37
-24
-9
-4
-4
-10
4
30
25
17
17
13
0
4
24
22
12
3
-3
-14
-29
-27
-22
-33
-35
-21
-8
-12
-29
-32
-17
2
9
29
45
48
51
56
67
60
51
41
27
4
-1
12
1
-9
-6
3
-17
-41
-46
-41
-44
-63
-60
-47
-48
-41
-20
-11
-8
-7
-11
-12
-28
-41
-28
-10
7
23
31
28
26
38
39
38
42
41
44
38
36
48
50
48
62
67
64
59
49
46
48
46
46
52
48
35
38
42
32
24
20
11
-7
-6
-4
-19
-27
-29
-27
-24
-21
-14
-19
-39
-59
-67
-70
-83
-76
-56
-56
-57
-49
-48
-51
-57
-51
-42
-46
-50
-53
-55
-77
-80
-69
-63
-62
-58
-35
-26
-16
-1
7
16
10
-2
1
3
1
11
18
12
-8
3
22
21
29
45
54
46
38
49
48
49
62
73
77
84
89
83
86
93
97
93
74
58
57
47
29
27
29
37
31
13
6
-24
-67
-78
-67
-69
-73
-69
-58
-61
-73
-64
-51
-75
-101
-92
-82
-90
-94
-78
-64
-48
-24
-14
-25
-38
-30
-16
-10
-14
-11
-3
10
26
47
59
57
51
62
76
72
80
99
94
91
109
113
107
104
109
97
79
71
64
37
10
4
-3
-12
-21
-23
-23
-31
-37
-27
-35
-50
-58
-49
-52
-59
-44
-49
-55
-40
-29
-32
-40
-33
-22
-26
-38
-52
-59
-58
-59
-55
-51
-45
-32
-29
-18
-7
0
5
7
12
21
22
18
31
32
21
18
34
62
76
78
86
90
64
51
63
51
18
-4
-11
-30
-51
-43
-21
-19
-17
4
6
-21
-48
-56
-72
-85
-69
-64
-62
-55
-44
-39
-41
-32
-28
-32
-46
-44
-36
-47
-46
-45
-34
-24
-14
1
13
26
29
24
26
19
6
18
29
31
43
58
73
78
78
81
74
58
50
50
33
31
38
28
16
25
38
38
37
38
47
57
46
31
22
8
8
24
27
37
46
43
49
44
31
32
20
-2
-14
-28
-36
-38
-41
-33
-32
-49
-55
-55
-64
-70
-64
-59
-63
-63
-61
-66
-70
-71
-65
-73
-80
-59
-55
-62
-58
-40
-20
-4
7
14
14
14
11
3
0
9
17
14
14
20
31
37
52
55
40
20
21
36
32
34
46
59
63
66
74
65
46
32
36
18
-7
-1
10
12
8
11
11
-4
-14
-11
-13
-29
-38
-29
-15
-9
8
27
23
0
-14
-28
-48
-53
-39
-41
-63
-64
-55
-52
-52
-46
-33
-29
-37
-24
-11
-27
-31
-18
-16
-24
-18
-5
-5
-10
-2
16
4
-7
2
12
16
24
35
21
-2
1
26
34
29
41
57
45
27
37
33
12
11
30
47
39
36
45
41
34
31
38
32
4
-9
12
13
8
20
21
10
2
1
-14
-38
-43
-24
-16
-16
-10
0
3
7
16
13
-5
-16
-13
-9
-20
-35
-23
-14
-23
-25
-24
-37
-42
-46
-37
-26
-33
-36
-31
-33
-34
-24
4
20
21
28
38
44
37
37
42
47
32
33
51
45
33
34
43
31
18
21
21
10
7
18
6
-14
-25
-19
-18
-32
-33
-17
-10
-22
-8
11
-8
-14
6
0
-32
-50
-35
-31
-48
-55
-43
-49
-58
-44
-29
-38
-50
-42
-35
-49
-65
-47
-28
-39
-41
-21
-14
-23
-13
1
-3
-11
2
22
20
26
36
41
43
51
67
75
72
77
88
75
58
49
54
58
61
86
89
76
70
66
60
56
51
35
20
-1
-9
-9
-17
-25
-27
-36
-38
-47
-60
-62
-63
-67
-79
-89
-83
-72
-74
-74
-57
-47
-50
-47
-44
-40
-37
-25
-19
-22
-20
-17
-22
-27
-9
3
4
8
30
47
46
49
56
60
57
65
82
78
59
52
48
40
39
43
45
41
42
53
50
34
17
15
13
6
4
5
-1
-18
-22
-30
-50
-38
-14
-17
-26
-19
-10
-21
-43
-45
-49
-56
-53
-33
-14
-25
-17
-4
-11
-24
-24
-11
-5
-14
-9
4
9
1
6
14
-2
-6
-6
-9
-18
-35
-38
-31
-32
-37
-30
-25
-24
-7
13
8
-5
-14
-16
-15
-9
6
20
21
17
32
57
57
38
34
42
37
21
25
27
11
8
22
34
31
21
33
39
19
19
40
45
33
30
33
19
-3
-10
-12
-21
-26
-10
-7
-24
-30
-35
-48
-56
-59
-62
-67
-66
-57
-50
-60
-69
-64
-63
-64
-50
-38
-36
-38
-25
-7
-6
-11
0
11
12
20
32
35
38
53
67
68
66
71
72
60
60
67
63
55
57
70
67
57
71
80
75
73
82
75
50
27
16
0
-19
-26
-25
-34
-47
-48
-52
-59
-59
-53
-59
-64
-66
-72
-80
-93
-91
-82
-80
-61
-49
-38
-20
-9
0
-1
-7
-1
3
-9
-15
4
25
39
45
41
30
21
25
27
16
16
19
16
19
22
21
20
18
22
27
26
23
22
10
-10
-18
-14
-14
-9
0
6
-3
-9
-11
-28
-43
-41
-39
-46
-25
3
8
1
-4
-1
1
-5
-17
-30
-34
-34
-22
-1
15
33
57
71
79
70
47
15
-10
-14
-22
-22
-12
0
18
37
50
46
35
27
8
-19
-39
-45
-40
-54
-63
-41
-35
-33
-26
-16
-23
-37
-24
-12
-22
-32
-23
-7
-2
6
4
-13
-19
-11
3
12
15
26
44
46
50
65
57
32
27
17
-5
-30
-19
-11
-24
-15
3
26
34
40
44
37
25
10
12
12
-10
1
29
41
46
43
47
39
36
47
36
9
-7
-11
-20
-30
-33
-33
-31
-21
-10
-11
-16
-26
-25
-27
-33
-24
-9
0
1
1
-8
-16
-25
-31
-33
-30
-22
-15
-6
3
7
13
10
7
13
10
3
-6
-6
-2
-4
-11
-22
-33
-41
-39
-21
-15
-14
-14
-19
-26
-36
-33
-33
-31
-11
3
10
20
36
45
41
30
15
7
-7
-15
-10
-10
-14
-22
-28
-15
-7
4
24
45
49
46
49
33
19
11
5
-9
-12
6
17
19
15
21
29
27
29
37
41
29
17
9
-1
-10
-14
-22
-29
-32
-26
-18
-28
-32
-16
4
7
11
21
4
-10
-17
-17
-25
-27
-12
-1
5
3
9
13
9
-5
-22
-29
-24
-20
-12
-15
-33
-35
-29
-27
-25
-19
-8
10
23
24
27
28
21
10
4
1
5
12
19
22
20
21
26
35
55
68
61
50
41
25
7
-4
-11
-13
-2
14
19
14
16
20
11
15
15
0
-21
-37
-35
-33
-35
-27
-12
8
21
17
14
6
-2
-8
-21
-30
-43
-34
-21
-13
2
17
24
25
18
8
-6
-27
-43
-51
-53
-59
-58
-53
-47
-36
-36
-38
-36
-31
-29
-36
-46
-52
-45
-37
-18
4
19
36
61
80
69
47
41
31
10
-3
-7
1
12
31
60
76
77
76
75
63
35
18
3
-14
-17
-16
-8
-4
-4
13
28
20
14
9
-9
-36
-43
-40
-37
-28
-21
-5
2
1
13
25
24
9
1
-15
-31
-36
-40
-33
-27
-12
7
12
13
6
1
-11
-18
-23
-31
-30
-33
-32
-25
-22
-16
-7
3
2
-4
-18
-25
-23
-13
6
17
25
34
42
45
44
40
37
40
36
28
16
6
-1
-5
7
19
23
36
41
32
24
15
-2
-27
-31
-36
-46
-39
-20
0
20
41
45
42
26
10
-4
-15
-34
-47
-49
-46
-34
-15
5
25
31
34
31
17
7
-1
-1
-9
-13
-10
-8
-9
4
18
20
19
15
11
-3
-14
-15
-23
-12
9
18
19
11
1
-9
-20
-21
-11
2
0
-4
-11
-21
-17
-7
4
6
6
-1
-7
-10
-15
-16
-21
-22
-22
-35
-51
-59
-66
-57
-41
-16
-4
-3
12
9
-2
-4
-6
-9
-7
-14
-10
1
-1
3
8
8
3
11
14
11
12
8
8
8
15
31
42
50
56
45
38
36
27
18
9
-6
-6
-8
-4
4
10
9
3
8
4
-11
-23
-26
-32
-45
-45
-26
-13
-3
14
25
23
12
12
6
-1
-8
-8
4
6
15
22
24
30
32
36
31
22
12
-4
-20
-24
-20
-17
-17
-1
15
19
20
14
13
3
-10
-3
8
10
17
33
37
38
37
34
21
16
19
18
15
7
13
15
12
15
16
11
-9
-20
-13
-27
-28
-27
-30
-19
-15
-17
-14
-11
-9
-7
-4
-3
6
4
-11
-32
-53
-62
-67
-73
-75
-72
-73
-69
-58
-41
-20
-11
1
11
5
-12
-24
-26
-31
-41
-34
-29
-21
-1
20
35
36
39
37
30
30
33
23
15
17
23
35
43
36
20
10
6
3
3
-5
-1
8
19
28
22
25
26
35
39
22
12
-1
-14
-17
-14
-19
-30
-25
-21
-22
-30
-37
-42
-47
-39
-20
-7
2
10
5
9
11
12
23
32
42
48
52
49
49
43
38
43
42
43
41
29
23
17
13
11
11
14
8
3
2
-5
-18
-22
-12
4
9
3
2
-6
-15
-16
-12
-16
-17
-12
-20
-34
-49
-48
-27
-16
-5
-2
-8
-8
4
10
7
4
-3
-7
-5
-7
-4
5
10
7
3
-3
-19
-34
-35
-31
-34
-32
-21
-21
-18
-3
9
15
22
32
38
31
25
11
-3
-3
-9
-13
-14
-19
-12
1
11
19
23
28
34
36
29
12
-13
-31
-28
-17
-14
-17
-22
-24
-30
-35
-32
-38
-32
-20
-19
-24
-29
-19
-8
0
-3
-1
-5
-12
-5
-4
-2
-12
-24
-31
-48
-42
-32
-20
-7
4
18
26
22
24
32
39
37
36
29
21
20
16
22
32
41
46
46
45
34
27
24
15
6
-1
2
8
7
3
7
6
4
3
11
21
28
31
15
-10
-25
-30
-20
2
23
35
39
41
35
29
25
19
11
6
1
-11
-5
-1
-11
-18
-14
-17
-26
-36
-43
-50
-65
-69
-68
-70
-57
-29
-8
8
15
22
19
15
31
36
28
16
2
-7
-15
-15
-9
-16
-16
-6
4
14
14
32
45
38
22
8
2
-10
-7
-3
-1
-2
6
12
10
9
-4
-9
-17
-29
-33
-39
-28
-10
-3
0
4
-3
-13
-16
-13
-1
8
9
21
28
16
1
-4
-10
-38
-50
-47
-51
-44
-25
-15
-19
-17
-10
3
18
29
43
37
31
32
24
20
26
46
56
51
44
36
22
3
-5
-7
-19
-19
-15
-20
-26
-32
-24
-19
-39
-58
-69
-91
-111
-100
-84
-67
-56
-40
-21
-7
-5
-16
-21
-25
-15
4
19
26
38
53
59
69
72
77
88
93
94
91
86
78
61
55
63
62
50
41
43
43
33
31
32
28
12
-11
-35
-55
-58
-57
-52
-53
-52
-51
-53
-43
-28
-13
-13
-15
3
9
21
37
48
50
42
44
44
40
40
35
33
30
31
38
36
19
3
-19
-40
-54
-66
-63
-60
-55
-53
-53
-65
-70
-76
-72
-59
-50
-39
-45
-44
-46
-43
-36
-32
-25
-28
-28
-27
-15
-13
-4
19
29
34
26
22
32
37
39
47
42
31
29
37
43
45
56
62
47
25
12
-5
-17
-18
-14
-16
-13
-4
-7
-3
2
3
-15
-37
-53
-69
-76
-80
-72
-70
-68
-57
-45
-31
-28
-23
-11
-10
-11
-13
-12
2
19
41
51
48
44
51
53
50
53
60
66
62
63
59
48
37
39
45
45
45
33
29
14
2
5
-5
-15
-13
-3
-3
-3
-4
-16
-19
-11
3
8
-1
-2
7
6
1
-3
2
15
29
38
33
28
30
20
20
31
45
59
55
51
45
26
10
-15
-25
-24
-35
-38
-41
-42
-48
-52
-52
-61
-67
-75
-82
-78
-63
-53
-42
-31
-30
-34
-40
-40
-34
-29
-19
-16
-17
-15
-13
-9
-10
-9
1
4
3
1
-1
-7
0
6
-4
-5
-3
-6
-3
5
18
18
9
18
16
19
28
30
39
44
47
34
24
31
30
16
0
-3
-5
-4
3
4
5
7
5
5
2
4
-2
-11
-8
-4
-3
5
11
6
8
8
5
7
14
18
9
-4
-3
-2
-5
-4
-4
-5
-5
-21
-23
-17
-16
-15
-17
-15
-9
-3
7
15
26
39
43
40
37
40
35
17
1
-11
-5
1
3
12
14
8
1
-12
-24
-29
-22
-18
-13
4
13
10
-2
-6
-10
-16
-16
-9
-6
-4
-10
-21
-30
-31
-26
-11
1
6
17
17
3
0
3
-5
-13
-10
2
8
9
8
7
11
6
4
9
6
0
4
3
-5
4
8
13
18
5
-16
-31
-29
-22
-20
-23
-14
1
15
27
38
44
44
44
43
53
43
18
12
16
16
10
5
9
8
14
10
0
-7
-12
-26
-49
-64
-80
-84
-77
-51
-36
-42
-50
-51
-47
-39
-19
-18
-16
-19
-17
-12
-10
2
6
3
-4
-13
-9
8
30
53
58
51
37
30
32
39
39
28
15
16
21
28
35
29
29
16
6
-3
-20
-36
-48
-49
-50
-34
-7
9
14
6
-5
-7
-11
-7
0
5
5
9
18
19
10
8
17
20
17
15
22
28
30
29
24
16
5
-1
-10
-19
-22
-21
-17
-19
-29
-49
-60
-51
-41
-31
-39
-39
-32
-28
-20
-1
16
20
18
20
25
32
36
41
56
59
62
75
82
80
55
31
23
17
26
33
33
27
21
19
17
16
12
14
18
12
-3
-19
-30
-27
-19
-18
-23
-25
-29
-33
-35
-45
-57
-51
-42
-39
-42
-52
-61
-58
-52
-46
-27
-27
-44
-45
-48
-43
-37
-29
-23
-16
-16
-26
-31
-37
-38
-30
-23
-15
-8
-6
-6
-5
-2
8
31
53
69
75
76
70
54
48
49
42
34
36
37
43
36
36
39
39
45
30
25
25
30
36
24
10
3
-3
-9
-19
-32
-36
-33
-25
-20
-18
-25
-30
-21
-26
-26
-31
-34
-38
-44
-37
-30
-18
-8
1
-5
-20
-14
-14
-11
-2
8
21
29
47
58
65
56
36
30
29
27
23
20
25
24
19
11
2
2
16
20
13
-2
-11
-11
-15
-18
-29
-24
-11
-10
-3
-4
-8
-3
-10
-19
-31
-47
-54
-45
-33
-24
-24
-23
-16
-1
14
22
26
24
29
30
25
18
17
9
5
-2
-12
1
6
8
2
-10
-14
-18
-9
-13
-19
-20
-19
-13
-20
-19
-8
1
-5
-10
-4
-4
-7
-20
-22
-19
-18
1
14
26
38
47
47
44
48
34
25
22
25
24
18
18
3
-19
-29
-27
-24
-31
-39
-34
-26
-14
-13
-20
-12
-7
-11
-8
-14
-24
-27
-35
-25
-6
-2
-4
7
15
10
12
5
-4
-8
-4
6
4
6
9
11
13
12
20
17
20
18
-5
-16
-18
-6
5
19
33
27
24
23
23
18
7
5
-1
-4
-11
-6
9
23
36
36
36
26
21
13
3
6
6
3
10
15
19
10
6
12
4
-3
1
-1
-14
-25
-31
-32
-36
-35
-29
-27
-35
-30
-15
-15
-18
-17
-11
-15
-24
-33
-39
-38
-27
-5
-2
-9
-5
12
31
38
43
44
37
21
6
-8
-18
-9
8
19
19
19
23
20
24
21
8
-5
-17
-14
-14
-14
-16
-18
-20
-14
2
-10
-27
-30
-31
-28
-27
-22
-14
-14
-11
-1
8
13
16
24
7
-11
-9
-6
-7
-3
4
-2
-4
4
7
2
4
21
37
43
46
55
43
24
18
9
-5
-17
-8
1
4
9
10
11
4
0
-7
-8
-1
12
12
9
4
-2
0
1
7
2
-9
-20
-25
-32
-36
-21
-3
-4
9
18
20
9
-6
1
11
17
16
7
-3
-12
-18
-24
-30
-36
-33
-21
-7
-4
-1
-4
-20
-29
-34
-48
-44
-30
-10
-1
12
26
21
21
18
25
23
19
12
-1
0
0
8
25
35
47
51
50
47
35
26
13
1
-3
-18
-28
-30
-26
-20
-10
6
12
13
19
18
11
-7
-26
-37
-46
-55
-49
-38
-30
-17
-8
2
14
29
40
43
38
30
26
17
3
-4
-3
5
17
27
35
42
56
62
43
10
-9
-20
-33
-42
-56
-63
-73
-80
-79
-77
-64
-40
-29
-26
-26
-34
-41
-39
-29
-18
-1
15
35
49
63
73
73
74
84
90
79
60
41
25
24
23
14
7
4
3
-3
-2
-3
-8
-18
-24
-34
-45
-58
-56
-44
-40
-28
-18
-13
-9
-8
-12
-13
-10
-14
-16
-19
-13
-4
-9
-13
-18
-21
-23
-24
-27
-30
-16
-1
7
7
13
15
7
6
7
7
9
19
34
49
56
62
63
59
50
25
9
1
-9
-8
-10
-18
-26
-28
-21
-18
-13
-4
12
11
-7
-7
-2
-9
-9
-8
-6
-6
-14
-7
10
34
54
64
72
63
50
42
29
17
8
5
2
-1
-1
0
-3
-18
-17
-26
-43
-50
-44
-44
-46
-43
-28
-24
-31
-22
-13
-6
-2
0
8
19
23
24
17
9
0
2
-4
-22
-30
-32
-26
-18
-13
-6
1
11
16
23
26
17
13
4
-4
-8
-22
-35
-44
-41
-34
-25
-10
6
11
10
4
-1
2
3
3
-2
-12
-14
-14
-14
-16
-20
-13
6
18
17
25
31
34
33
25
14
9
8
-13
-14
-4
-5
9
3
1
5
-2
2
8
13
13
6
-8
-26
-30
-27
-21
-18
-9
5
15
31
38
43
49
59
72
77
73
64
49
32
15
9
9
1
-13
-20
-17
-24
-29
-37
-53
-55
-57
-60
-68
-65
-47
-38
-34
-37
-41
-34
-25
-9
4
9
18
22
22
20
17
28
40
43
42
35
36
40
37
38
34
27
27
27
18
11
13
28
38
42
29
6
-22
-39
-42
-48
-43
-42
-34
-21
-20
-28
-28
-17
-19
-21
-26
-33
-26
-20
-11
-11
-29
-29
-26
-26
-34
-44
-37
-22
-13
1
1
-6
-5
-6
-3
-3
-5
-4
3
16
32
40
32
18
16
23
23
26
30
29
40
56
61
62
58
40
34
24
15
22
10
-9
-20
-30
-29
-27
-29
-29
-26
-32
-30
-25
-27
-26
-22
-15
-20
-16
-16
-24
-23
-19
-10
-7
-9
-3
-2
-11
-16
-11
-2
8
17
24
28
19
8
6
5
-1
-4
-3
1
7
11
24
15
11
21
19
11
-6
-9
-1
1
2
-1
0
-3
-4
4
5
5
13
29
41
44
35
28
29
23
18
20
21
16
15
20
27
26
18
11
5
-11
-19
-11
-7
1
-7
-17
-32
-35
-27
-28
-16
-9
-5
5
10
11
4
-13
-15
-4
7
4
-1
-4
-11
-11
-7
1
-2
-10
-18
-26
-31
-37
-40
-45
-52
-51
-48
-42
-40
-42
-46
-53
-59
-52
-43
-37
-26
-20
-13
-7
3
17
31
40
36
34
38
39
35
36
41
42
35
35
29
20
11
6
12
17
25
24
19
29
32
39
39
33
27
11
7
5
11
14
8
12
7
9
9
3
-1
-4
-2
-2
5
7
5
-1
-8
-19
-23
-15
-1
7
11
9
14
12
-6
-13
-16
-24
-23
-23
-20
-9
-9
-11
-14
-20
-29
-33
-27
-24
-25
-24
-27
-26
-21
-19
-16
-10
-4
-3
-7
5
18
14
10
2
-1
-4
2
9
11
13
22
35
39
40
39
32
25
20
16
5
-1
-2
7
7
0
-13
-25
-30
-35
-23
-10
-2
2
2
4
1
-5
-4
6
13
13
10
11
9
2
-2
-3
3
3
5
5
2
13
17
18
24
25
25
19
3
-14
-20
-12
-8
2
9
11
8
5
4
2
-9
-32
-47
-42
-25
-3
15
19
15
8
3
3
-6
-19
-19
-13
-11
-16
-15
-13
-15
-8
-7
-6
-3
-13
-8
-8
0
12
10
14
16
10
2
-12
-28
-43
-52
-50
-42
-26
-19
-12
-13
-18
-26
-30
-29
-36
-36
-37
-37
-29
-14
-3
6
11
15
20
23
23
28
34
33
40
33
36
48
53
59
60
56
50
44
37
31
22
28
43
50
38
26
19
9
2
-11
-18
-15
-20
-25
-19
-17
-9
2
-2
2
9
14
21
24
15
1
-11
-20
-28
-30
-29
-19
-6
3
3
1
5
9
20
28
24
16
12
11
12
19
12
9
16
21
20
13
4
-19
-34
-39
-40
-41
-42
-46
-40
-29
-21
-21
-31
-29
-24
-13
-8
-10
-19
-25
-30
-27
-15
-9
-13
-16
-16
-21
-15
-4
-8
-20
-14
-13
-19
-16
-8
2
8
7
2
9
4
2
0
-13
-23
-19
-10
1
11
11
2
-3
2
6
12
15
23
31
35
32
32
36
41
38
29
15
6
8
2
1
6
-1
-5
-1
6
3
3
2
-13
-22
-24
-27
-31
-24
-8
3
13
13
1
-6
-8
-3
-1
4
10
6
4
12
20
30
31
24
25
17
10
15
25
43
52
43
36
37
33
28
13
-6
-14
-15
-13
-15
-15
-12
-13
-10
-13
-13
-16
-21
-8
7
10
4
1
-6
-5
-3
-6
-14
-9
-7
-6
-2
0
7
5
6
2
-1
5
12
26
22
4
-6
-11
-6
-9
-11
-14
-27
-27
-21
-18
-15
-16
-15
-6
-7
0
3
-1
0
-4
-10
-27
-36
-34
-33
-35
-39
-38
-46
-58
-58
-49
-31
-19
-11
1
-3
-9
-5
-1
6
4
7
13
25
25
27
39
39
32
20
10
6
28
52
65
67
57
46
38
32
26
23
13
5
-2
-8
-6
-12
-15
-18
-31
-36
-44
-54
-52
-47
-35
-26
-29
-22
-16
-15
-12
7
22
16
14
15
17
16
18
22
19
33
39
33
31
29
31
30
28
24
15
7
-6
-17
-12
-6
0
9
19
22
13
3
-10
-25
-30
-30
-21
-7
3
2
-4
-2
-4
4
12
15
17
9
-7
-22
-27
-31
-24
-13
-1
5
-4
-10
-14
-6
-6
-4
4
8
11
-5
-8
-9
-20
-20
-24
-23
-15
7
17
21
23
9
8
2
-7
-3
9
24
28
30
35
31
31
36
31
25
21
16
12
4
5
3
7
6
3
-2
-19
-27
-32
-37
-31
-29
-28
-31
-28
-23
-22
-24
-42
-54
-52
-45
-29
-2
27
43
37
27
22
21
20
14
4
-4
-2
2
2
10
18
23
15
-3
-19
-35
-40
-33
-27
-25
-22
-24
-21
-24
-26
-23
-25
-21
-23
-23
-25
-20
-13
-13
-4
-14
-26
-18
-4
4
14
26
33
34
25
19
34
42
41
44
37
28
21
22
27
18
17
27
30
32
33
25
30
32
26
21
14
2
1
5
-2
-13
-24
-28
-12
0
-10
-15
-19
-19
-13
-5
