-49
-58
-59
-63
-65
-53
-43
-46
-43
-32
-27
-29
-31
-23
-19
-24
-30
-23
-20
-21
-6
-3
-4
-3
1
0
-16
-4
7
-8
-22
-25
-17
-18
-14
0
10
17
16
25
25
20
35
37
38
31
20
13
-7
-4
4
8
2
4
23
38
43
50
56
56
57
51
42
24
17
20
13
5
5
5
-1
-8
-4
-6
-14
-13
-8
-3
-13
-9
-4
-4
-9
-13
-10
-24
-30
-22
-25
-24
-24
-24
-28
-41
-48
-44
-38
-38
-35
-24
-24
-30
-33
-38
-46
-44
-33
-24
-6
6
18
32
37
29
23
15
3
3
8
16
18
19
22
22
21
27
36
43
49
52
44
34
27
17
12
11
13
13
15
22
33
51
58
51
44
39
24
3
-12
-26
-36
-42
-41
-40
-40
-38
-48
-52
-46
-40
-35
-38
-32
-35
-37
-31
-33
-36
-34
-28
-32
-41
-43
-46
-35
-10
-1
4
17
37
49
43
31
19
12
8
19
29
31
38
43
46
56
55
56
52
50
51
47
39
23
11
5
11
8
2
-1
-15
-21
-16
-13
-26
-35
-33
-25
-18
-22
-33
-32
-36
-44
-47
-48
-50
-40
-12
2
6
11
10
0
-4
1
6
0
-13
-16
-22
-25
-21
-11
-2
4
7
12
12
8
18
22
22
26
22
-5
-17
-1
13
19
29
34
25
4
-8
-4
-12
-29
-34
-33
-25
-9
5
17
18
11
11
12
11
5
-8
-16
-17
-14
-11
-7
2
6
10
15
39
58
44
35
37
31
17
16
21
23
24
30
30
27
30
28
22
8
-9
-17
-30
-37
-27
-23
-25
-28
-30
-41
-42
-30
-25
-31
-48
-46
-39
-43
-34
-30
-29
-29
-27
-16
-19
-30
-39
-38
-29
-30
-20
4
11
19
31
34
40
53
57
54
45
40
37
26
28
28
33
32
34
44
40
28
12
6
6
1
-2
-9
-18
-28
-22
-7
-12
-8
-14
-20
-23
-30
-41
-51
-44
-32
-21
-19
-12
-7
-11
-8
-1
12
11
10
15
12
16
26
26
9
-9
-18
-10
-2
16
39
32
27
25
23
21
20
36
45
34
22
26
29
20
22
29
30
31
32
35
33
23
16
6
0
-3
-13
-25
-50
-73
-79
-75
-65
-51
-37
-29
-26
-29
-44
-53
-59
-59
-59
-53
-39
-41
-43
-48
-50
-34
-12
20
43
44
29
23
26
32
31
29
29
29
33
38
38
27
25
22
24
25
24
14
-14
-23
-18
-16
-7
1
-1
-18
-28
-27
-21
-10
-5
-1
-3
-3
12
23
27
28
35
33
17
1
-15
-14
-6
2
17
27
28
25
19
9
-1
2
9
5
7
6
-2
-11
-11
-6
-7
-6
3
8
2
7
12
14
11
9
9
3
-4
-3
0
5
2
5
0
-15
-18
-9
4
7
14
14
8
10
27
38
35
37
32
25
6
-8
-14
-25
-20
-7
-5
-8
-13
-2
3
-15
-34
-49
-44
-53
-57
-49
-49
-43
-31
-19
-19
-26
-18
-5
-7
-15
-23
-31
-33
-38
-42
-47
-44
-24
-11
-12
-16
-15
-20
-14
5
19
22
28
35
49
52
58
74
76
67
56
49
43
36
35
33
22
17
13
15
22
27
41
36
26
27
23
15
5
2
2
-7
-11
-2
-4
-7
-12
-18
-22
-28
-27
-37
-48
-52
-50
-50
-45
-30
-17
-6
1
3
2
-8
-25
-33
-35
-29
-25
-27
-29
-30
-17
-12
-11
-8
-2
12
16
17
24
29
36
49
57
54
53
55
47
27
13
8
-2
0
5
13
17
27
54
62
62
53
53
41
28
22
4
-12
-24
-24
-28
-19
-5
-1
2
-2
-5
-10
-22
-28
-37
-50
-68
-74
-73
-75
-64
-55
-50
-43
-46
-40
-24
-23
-29
-29
-27
-31
-41
-47
-53
-43
-27
-25
-21
-22
-29
-22
-14
-5
4
9
17
28
26
28
43
50
43
37
35
33
28
30
44
52
49
49
61
66
61
61
62
61
66
73
71
61
54
50
49
47
47
52
46
36
36
31
2
-28
-37
-47
-48
-44
-35
-26
-35
-44
-49
-59
-63
-57
-55
-53
-43
-46
-50
-45
-41
-24
-16
-13
-14
-19
-16
-15
-18
-22
-24
-28
-31
-24
-24
-14
1
9
21
31
39
38
30
22
20
15
9
1
-3
-6
-18
-18
-12
0
11
8
6
-7
-27
-30
-21
-21
-22
-15
-5
11
17
24
31
27
21
25
22
3
-4
-1
4
8
1
-1
-1
-9
-8
-1
-1
-3
1
10
8
3
1
5
6
3
-1
-5
-12
-13
-7
-2
-6
-11
-23
-28
-25
-32
-21
2
21
27
30
31
27
16
11
18
21
27
32
29
23
20
26
26
19
12
4
1
-2
7
16
10
4
-1
-10
-21
-23
-9
-10
-18
-17
-12
-6
-3
1
7
2
-7
-1
-7
-11
-4
4
1
-13
-7
3
8
4
6
3
-11
-5
4
15
27
31
38
26
20
15
4
-4
-16
-15
-17
-21
-18
-17
-12
-20
-22
-7
-12
-21
-19
-13
-11
-9
-2
-3
-6
-7
-9
-16
-17
-9
-7
-7
-8
-11
-17
-12
-4
3
11
8
3
-3
-4
-12
-17
-12
-12
-8
-2
1
4
4
12
10
-1
-8
-21
-26
-27
-27
-24
-17
-7
14
37
33
22
18
17
12
-7
-25
-27
-20
-13
4
18
21
19
20
30
30
26
20
10
1
-10
-9
-7
-13
-11
-5
-5
0
6
17
27
34
36
28
15
7
17
33
39
48
59
63
59
54
46
27
5
-23
-29
-29
-25
-16
-22
-20
-21
-23
-26
-31
-33
-41
-44
-46
-36
-23
-20
-3
8
18
22
23
10
-8
-9
-14
-13
-11
-10
-8
-14
-18
-19
-18
-20
-21
-25
-23
-19
-16
-22
-19
-7
0
6
14
28
27
11
0
0
6
10
20
22
22
21
19
22
15
13
24
27
23
21
28
16
7
7
3
-3
-4
6
-4
-27
-40
-38
-27
-27
-22
-11
-10
-10
-3
3
-10
-17
-3
-7
-16
-6
16
12
3
15
16
6
3
18
31
18
12
13
13
2
-6
-5
-16
-15
-4
11
25
32
33
29
19
12
6
0
-15
-32
-45
-65
-71
-60
-56
-50
-25
-6
5
3
1
-8
-28
-37
-31
-27
-32
-28
-19
0
26
45
43
25
11
2
-8
-10
-1
12
29
34
51
55
52
63
60
49
43
46
27
9
-11
-25
-25
-26
-18
-11
-31
-48
-50
-53
-60
-64
-48
-35
-34
-31
-24
-25
-18
-6
6
7
15
36
49
55
65
81
92
89
86
89
78
69
65
63
49
41
55
51
39
36
47
42
21
15
11
0
-10
-13
-16
-22
-23
-15
-14
-27
-43
-47
-56
-74
-87
-90
-90
-84
-86
-88
-88
-94
-97
-91
-74
-56
-47
-44
-34
-28
-28
-25
-15
-19
-15
-6
7
18
15
18
31
48
52
45
43
25
20
18
13
17
14
18
11
6
14
12
3
0
1
-6
-10
-11
1
5
-2
-2
-1
5
10
1
-4
-11
-24
-26
-23
-10
3
4
9
16
15
12
16
21
17
12
23
33
27
19
9
16
18
18
23
33
46
48
62
73
66
53
50
46
37
33
35
32
26
10
-9
-24
-33
-33
-42
-43
-41
-36
-30
-31
-29
-29
-32
-26
-26
-30
-33
-28
-17
-14
-5
2
5
11
16
31
28
14
11
8
5
10
18
30
32
24
32
39
44
37
30
27
22
21
23
20
12
12
17
10
-5
-14
-27
-42
-47
-41
-31
-30
-33
-42
-54
-71
-88
-101
-106
-103
-88
-67
-53
-44
-46
-52
-61
-58
-57
-51
-44
-43
-38
-32
-25
-20
-6
-3
2
8
21
34
38
46
52
55
56
53
53
52
54
60
59
55
47
48
55
73
88
94
90
70
52
38
39
41
28
21
25
27
23
8
6
6
4
-6
-20
-36
-50
-58
-66
-53
-34
-36
-35
-28
-16
-5
-10
-15
-25
-39
-56
-56
-46
-45
-47
-50
-41
-23
-6
3
9
-2
5
27
37
32
31
40
31
24
28
39
51
53
59
58
51
41
33
34
32
34
29
20
18
24
35
27
9
12
15
4
2
7
1
-20
-28
-18
-18
-20
-29
-40
-46
-55
-52
-46
-44
-46
-39
-30
-25
-29
-41
-42
-42
-40
-43
-45
-40
-36
-19
-12
-16
-19
-27
-13
8
14
11
8
19
22
4
-6
-13
-20
-13
-12
-8
-14
-26
-19
-15
-17
-18
-19
-18
-11
-15
-11
-1
15
39
54
45
37
41
42
46
47
43
52
68
78
78
60
50
45
37
32
20
2
-5
6
8
9
19
23
22
19
2
-9
-11
-15
-17
-24
-36
-53
-52
-40
-34
-25
-20
-17
-20
-32
-42
-49
-45
-37
-45
-57
-45
-30
-20
-16
4
32
53
63
62
62
45
28
14
-1
-4
-2
0
-2
-11
-22
-20
-4
12
24
31
20
7
12
9
5
8
14
14
-1
-7
1
8
14
22
25
26
19
7
-3
-8
-10
-5
-1
2
0
-10
-19
-34
-45
-48
-36
-20
-18
-17
-22
-19
-20
-28
-29
-27
-24
-29
-20
-4
5
16
23
23
19
16
21
29
28
27
32
39
37
37
25
7
-5
-19
-19
-7
5
-1
-4
-8
-9
3
20
36
41
20
12
14
7
-3
-11
-10
-25
-30
-19
-12
-9
-13
-10
-9
-10
-3
-2
-1
-5
-13
-17
-24
-28
-28
-26
-17
-8
2
13
17
8
-14
-24
-29
-33
-29
-19
-13
-13
1
18
13
10
9
12
12
5
8
7
4
-1
9
18
11
12
14
16
8
4
4
-3
-15
-17
-7
8
11
21
34
35
19
12
26
26
26
26
23
10
-1
-3
-14
-25
-26
-17
-1
11
1
-4
-4
-10
-2
8
3
-7
-15
-17
-10
-13
-13
-3
8
13
10
3
-5
-7
-8
1
3
-7
-11
-16
-16
-17
-26
-30
-28
-27
-16
-1
0
2
3
2
-2
-4
8
4
4
14
34
54
61
65
57
53
48
45
49
48
50
53
57
51
44
33
15
4
-4
-11
-24
-24
-31
-45
-52
-51
-44
-54
-54
-41
-44
-48
-54
-62
-62
-60
-51
-38
-42
-49
-47
-49
-51
-56
-49
-43
-39
-33
-25
-20
-17
-9
-7
-10
-8
-5
4
16
15
21
32
36
41
47
49
49
42
33
34
38
41
46
44
39
32
30
38
50
57
50
42
31
22
28
32
33
45
46
40
36
29
35
28
4
-4
-6
-14
-22
-31
-22
-16
-17
-18
-23
-32
-47
-52
-52
-53
-52
-48
-44
-35
-27
-31
-38
-46
-56
-53
-49
-34
-20
-12
-3
2
4
6
7
17
29
40
34
19
7
-4
13
22
13
0
-7
-6
-6
-12
-14
-5
8
22
17
10
3
-5
3
0
-9
-21
-30
-15
-10
-2
8
19
31
36
37
35
34
34
25
18
19
19
27
32
29
29
27
34
37
28
27
35
24
11
8
-1
-6
-18
-20
-22
-29
-25
-22
-24
-28
-24
-6
-6
-13
-20
-30
-35
-47
-47
-42
-29
-15
-19
-23
-28
-25
-13
-4
4
4
0
-2
0
15
28
44
54
47
34
17
9
4
-4
0
3
7
14
22
23
15
23
39
36
18
4
-12
-30
-49
-55
-53
-51
-46
-42
-24
-25
-26
-18
-15
-14
-24
-30
-33
-31
-26
-13
-2
-8
-5
4
13
11
6
13
15
10
0
-18
-33
-42
-53
-54
-40
-24
-18
-9
0
5
17
25
30
30
26
24
19
20
29
39
48
58
58
56
54
48
39
34
29
26
18
9
11
15
7
-1
-6
-8
-11
-10
1
13
15
20
24
23
25
27
26
18
15
24
19
4
-1
-3
-4
-1
-5
-11
-8
-9
-10
-13
-10
-10
-7
-6
-17
-16
-19
-15
-2
2
6
0
-1
4
-1
-3
-1
-1
1
6
10
10
3
-6
-5
-10
-28
-30
-36
-51
-44
-34
-32
-33
-30
-24
-14
-15
-14
-6
1
10
12
7
-1
-15
-11
-8
-1
6
10
13
2
-11
-19
-28
-30
-28
-30
-28
-27
-17
-10
-19
-16
-9
-11
-8
-11
-10
-6
-5
-1
3
-1
3
4
7
10
23
19
21
23
15
15
4
-5
-13
-17
-26
-30
-28
-22
-22
-22
-13
-1
8
20
28
33
47
44
40
25
9
-7
-13
3
15
27
31
40
57
62
63
54
40
32
20
16
8
-5
7
22
33
29
24
28
27
18
10
-3
-13
-18
-12
-9
-11
-8
-9
6
15
13
16
4
-1
-5
-7
-10
-14
-15
-26
-22
-22
-30
-36
-37
-27
-28
-30
-28
-31
-30
-19
-3
13
25
30
33
38
35
28
24
28
27
23
23
24
16
3
0
-4
-11
-11
-4
8
10
7
10
9
9
-6
-19
-27
-23
-13
-10
-17
-25
-23
-15
-16
-33
-41
-38
-38
-41
-35
-34
-43
-47
-44
-41
-44
-43
-29
-22
-22
-20
-6
5
-7
-17
-13
-15
-33
-47
-52
-54
-55
-44
-38
-43
-35
-22
-1
9
9
22
38
41
42
39
23
15
14
14
18
13
20
37
40
40
48
55
59
73
80
73
57
46
39
42
45
48
48
38
34
28
31
37
38
30
25
21
-12
-26
-40
-54
-58
-51
-39
-27
-18
-18
-12
-9
-6
9
30
35
31
25
20
19
17
26
35
26
14
5
2
2
2
3
-6
-7
-2
-7
-10
-5
1
-5
-5
5
4
-11
-16
-11
-10
-17
-19
-22
-28
-30
-24
-8
-2
2
3
7
3
-9
-6
-5
-15
-15
-6
-7
-18
-23
-7
-5
-17
-22
-21
-27
-34
-29
-28
-30
-34
-21
-10
-22
-30
-21
-18
-20
-15
-12
-16
-24
-14
-1
-5
-11
-6
-4
-10
-23
-26
-16
-19
-20
-11
-7
-19
-16
0
-1
-14
-10
17
31
36
34
34
33
27
27
31
20
10
17
33
34
28
36
37
27
13
15
25
21
11
14
14
4
0
1
-5
-20
-26
-27
-29
-37
-35
-27
-29
-29
-20
-13
-17
-13
6
21
18
18
19
20
14
7
15
28
30
22
27
35
37
41
44
36
28
36
37
30
27
27
20
12
16
11
2
0
3
6
-2
5
10
4
4
13
19
13
4
2
-3
-18
-17
-5
8
12
11
18
18
-6
-25
-25
-45
-53
-45
-31
-21
-23
-18
-21
-44
-50
-39
-43
-50
-49
-33
-30
-33
-20
-5
-9
-23
-16
0
0
-3
-2
9
12
9
19
15
8
5
14
10
-15
-19
-9
-9
-18
-6
8
0
-12
-10
6
15
4
-3
-3
-18
-24
-12
-4
6
19
36
44
30
14
17
4
-15
-11
3
11
19
34
34
23
17
22
14
-4
-12
-7
-6
-17
-28
-20
-18
-33
-35
-22
-17
-25
-31
-25
-36
-50
-43
-31
-27
-26
-26
-32
-44
-51
-42
-32
-16
5
21
23
28
46
55
44
46
54
60
57
55
72
79
70
76
81
66
56
68
76
53
36
31
27
29
40
51
41
16
0
-8
-21
-34
-29
-20
-23
-20
-7
9
3
-8
9
13
9
8
-2
-29
-53
-59
-59
-59
-57
-44
-37
-37
-34
-28
-26
-32
-32
-19
-17
-32
-35
-26
-18
-17
-28
-27
-23
-27
-22
-19
-17
-18
-14
-1
5
-3
-4
0
-4
-1
10
21
26
29
36
36
31
34
43
33
12
6
-2
-9
-17
-14
-5
-11
-22
-21
-21
-30
-37
-31
-20
-11
0
16
23
6
0
5
6
7
9
9
-1
-1
10
17
16
16
22
18
4
-6
-13
-19
-19
-7
4
6
13
18
15
3
-13
-21
-32
-38
-34
-23
-25
-35
-35
-22
-9
3
13
1
-23
-35
-30
-14
1
21
44
52
54
64
71
63
56
51
52
59
59
56
46
37
30
31
41
40
44
43
29
17
16
19
4
-3
2
4
-2
-24
-36
-37
-40
-42
-40
-32
-22
-17
-7
-14
-34
-34
-32
-29
-33
-35
-29
-27
-21
-3
9
8
11
18
16
4
-8
-6
-4
-9
-17
-18
-21
-34
-45
-48
-57
-65
-64
-57
-54
-50
-33
-22
-27
-30
-21
-16
-14
-9
-3
-12
-11
0
3
1
8
35
41
32
27
31
34
25
22
24
19
12
28
51
52
46
57
57
35
19
16
9
-1
6
24
24
29
37
37
31
22
26
17
4
-10
-12
-9
-11
-1
15
26
28
24
15
9
2
6
1
-14
-22
-21
-14
-8
-9
-20
-19
-17
-19
-37
-47
-45
-40
-28
-26
-30
-30
-22
-13
-9
-2
0
4
7
12
9
-6
-10
-10
-7
-10
-12
-1
7
1
0
-3
-5
-15
-26
-23
-35
-42
-40
-37
-42
-33
-5
20
28
32
45
42
35
36
33
15
-3
-1
-2
-11
-10
-1
12
22
30
37
37
35
40
44
37
34
28
19
5
-9
-8
-4
17
38
34
25
23
16
3
-5
-4
-12
-20
-15
-16
-28
-32
-19
-6
-2
-3
-13
-28
-35
-30
-20
-30
-31
-20
-17
-16
-22
-20
-25
-30
-22
-24
-40
-47
-36
-32
-40
-40
-29
-20
-2
21
33
20
11
35
48
40
30
34
25
-1
-9
-9
-15
-16
0
13
3
1
13
24
25
23
21
15
19
32
34
15
12
27
42
53
70
80
67
53
50
48
37
32
32
15
-4
-10
-16
-20
-24
-24
-22
-34
-39
-40
-38
-27
-23
-32
-47
-48
-43
-45
-49
-48
-52
-64
-57
-36
-27
-28
-21
-10
-10
-4
7
12
14
18
23
19
13
10
12
4
-3
0
-1
-1
3
12
13
5
-3
3
6
2
-4
-8
-9
0
4
-4
-15
-20
-17
-5
4
3
-2
-6
-4
2
11
16
26
25
5
-4
-2
7
22
33
41
40
39
28
24
28
21
12
-6
-15
-10
-4
1
5
-3
-4
-4
-4
-6
-21
-27
-34
-31
-23
-15
-5
12
19
18
26
25
23
9
-13
-24
-32
-29
-9
10
17
26
34
27
16
5
-6
-14
-22
-21
-13
-14
-9
-3
8
19
27
37
43
36
21
15
16
9
9
18
15
8
1
5
3
-7
-8
-10
-19
-32
-29
-18
-10
-9
-9
-11
-19
-26
-26
-31
-30
-39
-56
-57
-60
-49
-27
-16
-13
-22
-31
-35
-34
-23
-12
3
18
20
21
23
31
43
51
55
50
42
25
12
9
13
15
17
22
22
13
12
12
11
13
25
36
39
36
33
29
22
17
13
8
-1
-15
-26
-22
-27
-36
-32
-38
-36
-31
-31
-32
-26
-16
-10
-15
-23
-31
-35
-35
-44
-41
-31
-26
-19
-16
-14
-18
-21
-13
-3
0
7
18
18
15
8
4
10
16
30
44
36
31
29
23
6
7
25
33
37
46
58
58
56
58
55
37
30
28
22
17
19
24
21
26
36
38
17
1
-3
-9
-19
-27
-28
-35
-48
-54
-65
-61
-44
-33
-22
-18
-19
-25
-26
-14
-11
-23
-30
-21
-19
-23
-5
8
4
-7
-10
-24
-51
-55
-45
-42
-46
-35
-19
-28
-34
-16
-4
-10
-12
5
0
-12
-9
5
8
3
15
24
15
13
28
35
31
27
33
28
16
31
42
39
30
36
43
37
37
46
44
32
29
40
38
34
42
46
33
17
5
-4
-12
-17
-17
-19
-18
-19
-21
-29
-36
-37
-47
-48
-46
-53
-59
-53
-47
-34
-16
-3
-2
-8
-3
11
7
-5
-10
-10
-7
0
10
-1
-17
-17
-2
-1
0
13
12
0
0
6
9
-1
2
14
12
11
14
17
9
-4
3
6
7
16
23
30
35
38
34
25
14
17
19
13
9
3
-6
-9
-2
-4
-10
-14
-9
1
3
2
6
4
7
10
11
4
-7
-12
-11
0
11
16
16
28
32
18
11
2
-8
-20
-30
-21
-25
-35
-27
-27
-42
-40
-24
-26
-40
-44
-38
-23
-14
-2
0
-14
-21
-23
-16
-23
-23
-9
0
-1
-2
3
-7
-13
-1
12
14
22
36
41
41
37
32
21
5
7
16
8
-2
-4
3
1
-9
-11
-13
-10
-11
-7
0
-5
-16
-26
-28
-26
-28
-27
-33
-48
-50
-42
-33
-22
-1
15
22
25
36
52
67
70
57
53
50
43
45
48
55
65
74
76
79
74
68
60
51
40
24
9
-5
-11
-12
-18
-31
-41
-35
-39
-53
-50
-44
-41
-46
-37
-18
-15
-17
-12
-6
-18
-34
-31
-28
-36
-30
-22
-24
-25
-17
-3
-8
-17
-17
-23
-40
-46
-41
-30
-22
-7
11
7
4
13
18
13
13
8
2
-13
-22
-17
-10
-11
-2
21
27
25
19
14
0
-9
-11
-10
-21
-31
-18
-12
-18
-17
-6
-3
-12
-1
26
26
6
15
29
18
8
18
26
11
3
28
33
-1
-16
-3
-17
-48
-42
-17
-18
-33
-20
-13
-32
-31
8
20
-4
-9
18
10
-4
37
68
48
23
37
42
7
4
27
7
-16
9
42
24
18
52
61
31
40
77
68
59
91
111
72
56
101
84
13
19
49
8
-55
-25
-4
-70
-80
-18
-10
-61
-39
22
-23
-88
-48
-20
-85
-121
-55
-61
-142
-115
-31
-39
-77
-16
34
-35
-75
0
10
-58
-51
12
-6
-70
-22
45
17
-24
15
34
-17
-9
52
40
-21
-14
25
9
-8
24
28
-18
-33
-9
0
-10
19
41
34
24
29
23
11
22
29
15
17
23
13
0
2
6
-20
-17
18
12
-15
4
31
12
-7
33
47
-1
-9
23
-5
-58
-40
11
-23
-67
-24
2
-26
-27
30
45
-8
-1
35
10
-27
-7
17
-34
-70
-37
1
-15
-6
53
68
24
18
51
31
-10
-17
-11
-49
-69
-17
32
14
-7
24
51
36
41
67
56
18
18
51
30
-2
15
29
-4
-27
8
35
14
-2
25
15
-36
-33
9
-1
-32
-27
-12
-25
-28
0
14
-1
-17
7
20
4
-1
14
12
-26
-38
-9
11
-1
4
16
2
-21
-14
8
-2
-24
-22
1
-5
-13
23
54
40
20
30
14
-41
-70
-33
-31
-62
-46
-13
-12
-27
12
35
-13
-32
5
7
-39
-47
6
2
-38
-4
32
-20
-61
-21
9
-46
-58
19
31
-32
-32
37
13
-28
21
61
13
-23
28
46
-20
-33
12
-8
-70
-37
29
8
-24
17
60
-3
-49
-10
7
-43
-44
7
-5
-47
-33
6
5
-11
22
68
70
43
40
55
37
20
27
55
41
14
40
78
67
32
59
76
37
3
26
49
0
-18
36
41
-20
-27
13
-29
-123
-105
-35
-40
-45
7
33
-37
-91
-48
-38
-77
-44
42
49
-7
-1
10
-29
-67
-33
3
-26
-33
-4
10
-10
-22
15
54
58
62
82
73
27
-1
19
39
32
33
38
22
-16
-32
-4
15
2
7
37
18
-22
-26
-5
-11
-46
-13
28
-1
-47
-27
-2
-32
-26
35
57
-1
-23
11
-2
-49
-38
8
-7
-46
-14
36
19
0
30
51
22
-14
-8
2
-34
-63
-23
7
-23
-22
27
49
-5
-30
22
8
-48
-27
47
31
-57
-45
2
-46
-93
-17
36
-53
-99
-18
7
-74
-67
26
10
-78
-51
40
-1
-82
-18
57
-8
-50
40
68
-25
-41
39
23
-63
-43
27
-2
-52
-9
25
-22
-34
33
58
16
27
73
50
-13
-11
24
8
-8
19
45
38
48
103
117
80
68
61
39
20
41
75
63
49
65
57
15
5
29
28
16
32
43
17
-14
4
43
37
8
27
38
24
16
45
57
1
-21
15
24
-40
-65
-37
-52
-97
-73
-16
-40
-92
-61
-20
-75
-117
-66
-42
-98
-108
-53
-54
-102
-83
-18
-39
-77
-19
18
-43
-77
-11
15
-46
-54
1
1
-59
-48
8
9
-15
7
38
-3
-38
-19
8
26
25
49
86
96
89
88
99
91
69
62
87
87
50
50
72
36
-24
-24
-6
-37
-63
-8
37
-21
-44
-1
-15
-60
-36
35
20
-31
10
42
-5
-27
36
60
3
-9
27
-2
-67
-41
7
-34
-62
-25
-4
-40
-44
-7
2
-21
-23
-3
-21
-37
-27
-31
-47
-37
-10
-1
2
34
47
36
42
40
16
-18
-13
-8
-30
-43
-40
-24
-26
-16
7
2
-13
-12
10
19
2
-4
-4
1
7
0
13
40
48
48
85
97
68
39
44
53
-1
-15
29
14
-32
-20
48
25
-34
22
56
-20
-69
-14
3
-50
-31
58
53
-8
26
73
35
-21
29
67
18
-33
2
52
2
-8
54
48
-8
26
62
23
7
31
36
14
20
52
0
-61
-39
-43
-64
-50
-15
-33
-48
-18
-19
-56
-78
-39
-54
-120
-119
-99
-101
-102
-36
8
-56
-57
8
-8
-53
-21
50
-1
-54
18
11
-77
-20
60
23
-39
-40
-20
-87
-121
-54
-55
-107
-60
44
8
-109
-44
44
-11
-69
40
109
2
-25
55
41
-85
-34
107
9
-115
-21
30
-29
-55
82
135
9
10
36
-37
-139
-23
163
146
136
163
171
81
20
106
137
127
136
148
108
17
24
110
133
124
127
138
29
-95
-131
-54
-194
-26
133
-122
-113
-273
-264
-64
31
106
196
291
159
-139
26
156
51
141
321
196
46
104
72
34
94
185
158
53
6
22
82
16
-18
34
-53
-212
-234
-51
-199
-206
-79
-129
-147
-138
-3
-7
-76
20
197
38
-151
-63
-35
-137
-83
-82
-60
-221
-217
-69
-256
-242
-205
-229
-214
-186
-141
-111
-76
-79
51
152
51
401
213
50
-89
-127
-38
27
185
9
30
58
10
-224
-224
-120
22
97
112
-143
-221
-146
-109
152
223
156
146
93
-92
-31
69
42
78
282
151
-153
113
153
-100
-123
21
133
-48
-15
-302
-235
-52
-154
-67
-104
-7
-56
-57
-98
-347
96
175
53
206
237
278
-92
127
344
56
198
290
219
35
-89
39
-124
-7
227
-90
-112
104
-118
-280
76
36
62
238
120
-69
-17
79
57
104
283
396
240
59
233
-2
232
525
97
384
150
-274
93
-250
1
104
26
335
-138
-37
-236
-402
-224
-29
235
-258
-128
-420
-606
-234
-444
46
6
-32
36
-615
28
-250
-228
334
-143
10
-152
-155
-173
-381
507
-27
-55
171
-568
38
-293
91
109
132
139
-454
-135
-98
-206
155
364
167
-171
25
103
-173
-110
378
451
-89
180
98
-102
-189
399
375
-205
260
-17
-547
-251
106
89
121
501
241
-278
161
18
-240
95
409
141
-490
178
-101
-266
457
292
254
61
-77
47
-240
88
494
69
556
497
-202
-21
-295
-187
-67
-82
133
-228
-272
-175
-279
-289
-66
-114
-297
-350
-343
-434
-313
-258
-163
79
-284
-163
-196
-237
17
206
442
-174
57
342
-352
1
267
235
347
470
414
-89
20
254
129
123
470
419
44
80
203
-226
246
404
61
337
58
-128
-303
-333
-30
-68
267
9
-241
-138
-308
29
30
234
296
-116
-161
-299
-315
-114
38
481
294
-34
-27
-341
-277
-108
88
26
-30
-170
-357
-262
-261
-11
84
20
24
-214
-179
-133
124
488
218
351
82
-213
176
10
357
633
292
262
110
-130
116
382
260
229
182
-165
-316
-424
-139
76
114
186
-171
-433
-401
-441
-225
127
-226
-152
-236
-587
-422
-220
66
66
145
138
-374
-290
-240
-337
-28
-56
149
-116
-301
-26
-273
-118
142
91
-113
14
122
-272
-131
398
80
137
263
145
-59
22
389
126
248
674
289
134
265
157
58
138
513
198
-77
-53
-186
-213
7
222
125
118
-38
-441
-581
-373
-201
-93
201
338
57
-264
-164
-99
-200
60
120
9
-91
-235
-84
13
132
274
103
81
17
-86
-1
10
244
330
220
120
150
228
218
320
408
339
-15
98
88
-8
210
146
-50
-167
123
-161
-238
19
-2
-56
-224
-136
-321
-385
-181
-108
-277
-428
-167
-312
-308
-144
-260
-55
-199
-92
-18
-179
97
189
-61
16
17
182
209
277
633
327
229
212
57
41
255
495
274
184
-149
-272
-265
-117
40
-274
133
-40
-416
-170
-378
-426
-23
47
-128
-402
-265
-312
-573
-52
62
-63
181
18
-230
-337
-148
93
-97
215
297
19
261
137
-61
245
291
285
124
148
227
-140
102
214
273
315
158
82
174
99
82
-9
-74
251
-54
138
56
-222
149
82
22
-148
-188
-127
-229
-75
47
-158
-128
42
-204
-317
-122
-194
-249
-114
106
-57
-290
-134
-138
-319
-283
-33
2
-16
46
136
-74
-87
90
34
92
184
201
164
83
164
202
188
357
327
199
268
197
160
174
119
130
185
175
18
102
76
-70
-135
36
-12
-78
221
191
14
-37
-44
-234
-200
36
-73
-210
-12
-124
-229
-268
-320
-305
-277
-31
-40
18
110
-12
-241
-116
-107
-175
78
28
21
51
55
-6
-135
197
185
180
435
343
117
-37
259
196
146
242
22
-147
-205
-133
-360
-380
16
54
-75
-103
-34
-173
-318
-175
-153
-102
-125
-80
-64
-172
-62
56
128
103
141
280
146
-91
-52
-27
4
10
127
125
-74
-58
17
-60
-213
152
236
-153
-235
-114
-148
-236
31
218
-64
10
130
-24
-19
107
239
144
-99
-269
-321
-352
42
430
301
9
-86
-55
-253
-181
42
166
299
114
-181
-381
-251
20
245
440
272
47
-33
-16
18
193
389
126
-123
-77
-256
-284
-15
256
217
362
495
215
66
160
261
36
85
280
143
-221
-243
63
3
-37
282
164
-100
-27
108
115
102
23
10
-5
-58
22
-249
-339
-124
-236
-379
-355
-196
-70
-227
-362
-281
-404
-446
-269
-104
-87
-53
95
65
-30
-97
-34
24
166
197
27
24
-101
92
378
292
213
212
151
-70
-91
215
248
-69
32
180
82
-17
133
203
204
359
63
-325
-279
-61
-34
-270
-51
91
-220
-182
48
216
235
133
-3
-131
-269
-269
-187
94
320
538
446
-257
-365
-88
-1
9
185
265
-57
-217
-98
-102
-73
134
330
193
-63
-256
-341
-327
-252
-167
-226
-229
-28
-172
-380
-425
-262
-71
-83
169
132
-241
-111
46
-202
-118
32
71
20
-49
-99
-229
-7
327
160
159
197
68
243
319
-99
58
365
34
87
317
599
379
336
587
422
318
295
54
125
486
306
22
36
125
122
98
204
34
-364
-201
-124
-221
-357
-271
24
12
-93
-417
-490
-353
-344
-420
-368
24
-38
-299
-136
-86
-459
-311
-12
-22
93
43
-379
-151
343
-57
-552
-279
314
200
215
331
158
122
161
214
217
425
341
199
428
81
-272
-84
412
368
219
299
-117
-361
-199
48
98
53
266
203
-108
17
204
-168
-107
516
300
-236
-128
14
-281
-568
-327
-84
-80
80
-89
-388
-287
-212
-243
-262
-37
-172
-495
-199
-26
-296
-455
-279
-59
88
172
46
-246
-99
-3
-305
-539
-299
-211
-320
213
269
-61
-98
75
215
155
206
263
256
315
392
351
305
419
458
506
458
433
71
-147
220
336
174
12
109
273
242
116
54
-132
-92
-101
-169
-211
-406
-459
-355
-398
-421
-238
-100
128
189
20
-152
-159
-8
97
13
-192
-247
34
159
19
277
421
381
439
362
139
43
110
117
42
-52
-4
64
-34
-21
42
169
194
-65
-28
7
-286
-276
-236
-282
-144
1
1
-152
-213
-116
-199
-164
-32
-175
-90
-107
-446
-391
-173
-38
265
200
92
250
254
119
-100
-45
332
277
128
392
425
342
584
726
643
562
462
329
58
132
216
65
217
397
51
-366
-537
-722
-818
-616
-471
-588
-467
-601
-989
-1134
-827
-528
-540
-288
-440
-854
-816
-805
-721
-297
-13
-144
-158
-160
-363
-385
-135
180
277
504
510
-66
-224
461
1139
1244
1165
1178
1195
1099
1199
1656
1854
1645
1706
1527
1209
1165
1027
840
745
560
-76
-542
-559
-532
-808
-1041
-1088
-1394
-1670
-1633
-1647
-1790
-1891
-1890
-1727
-1590
-1487
-1190
-1083
-1222
-1326
-1139
-787
-868
-843
-672
-585
-279
-31
-27
-181
-63
265
752
1788
2650
2385
1532
1109
1056
1586
2527
3079
3416
3657
3082
1681
778
884
1331
2072
2407
1158
-593
-1329
-1457
-1487
-1141
-924
-1340
-1541
-1452
-1986
-2572
-2189
-1246
-623
-408
-639
-1344
-1727
-1306
-680
-251
39
193
55
-495
-1238
-1681
-1367
-802
-310
-77
-525
-1263
-1630
-1232
-14
1205
1555
1146
775
902
1178
1713
2501
3196
3921
4054
2793
1011
551
1451
2391
2828
2178
331
-1163
-1427
-1470
-1605
-1412
-1288
-1425
-1506
-2004
-3178
-3465
-2175
-745
-145
-247
-925
-1694
-1555
-918
-784
-653
-117
61
-351
-909
-1481
-1576
-968
-328
-225
-498
-1136
-1790
-1453
264
1970
2034
1213
702
789
1270
2195
3127
3627
4196
4283
2957
1186
869
1894
2974
3478
2378
-354
-2439
-2492
-1860
-1511
-1228
-1453
-2161
-2574
-2893
-3452
-3230
-1923
-769
-559
-1045
-1785
-2001
-1018
271
750
638
504
151
-213
-229
-236
-195
296
511
-158
-980
-1435
-1287
210
2671
3252
1210
-424
-313
500
2225
4268
4723
4388
4359
3079
856
561
2358
4090
4740
3481
-323
-3653
-3331
-1441
-535
-296
-924
-2572
-3660
-3796
-4095
-3862
-2080
-536
-663
-1668
-3058
-3684
-2234
80
1109
757
113
-711
-1371
-1314
-1032
-679
-5
167
-801
-1884
-2163
-1767
-365
2302
3947
2261
-564
-1490
-558
1495
4250
5916
5452
4451
3492
1503
224
2020
4663
5637
4803
1534
-3151
-4818
-2315
179
534
-260
-2144
-4438
-4946
-4065
-3356
-2140
-604
-704
-2298
-3813
-4404
-3166
-204
1780
977
-991
-2251
-2505
-1511
182
959
714
65
-1377
-2961
-2912
-1354
1130
4126
4643
1134
-2148
-1659
922
4252
7361
7497
5050
3541
2602
952
1479
4486
6143
5594
3478
-1159
-5172
-3638
781
2353
1012
-1804
-5409
-6644
-4607
-2935
-2518
-1427
-805
-2161
-3630
-3990
-3354
-859
2016
1769
-999
-2967
-3366
-2119
414
1547
421
-709
-1502
-2939
-3477
-2095
-326
1986
4570
3300
-1422
-3264
-610
2807
5784
7356
5450
2849
3067
3355
2108
2836
5332
5800
4390
1997
-2216
-4663
-1489
2824
2556
-659
-3983
-6219
-5314
-2091
-840
-1845
-2073
-1954
-2760
-3186
-2649
-1517
672
2420
1162
-1787
-2880
-1587
534
1903
1141
-1097
-2344
-2493
-2687
-2195
-1086
49
2037
3556
944
-3315
-3146
539
3435
5276
5423
2803
1482
3347
3514
1803
3197
5554
4881
3289
1049
-3090
-3913
831
3554
634
-2861
-5114
-6366
-4224
-980
-1444
-3479
-3240
-2680
-3181
-2910
-2196
-1500
349
1295
-774
-2984
-2620
-973
541
1144
-284
-1969
-1778
-1389
-1782
-1397
-539
514
2867
3459
-608
-3630
-970
2842
4681
5976
5104
2438
3188
5333
3608
2269
4949
6139
4261
2942
125
-3801
-1759
3734
3442
-932
-3504
-4983
-4942
-1495
529
-1913
-3666
-2809
-2695
-2974
-2145
-1498
-874
229
-473
-2706
-3340
-2054
-418
509
-342
-2489
-3240
-2565
-2320
-1925
-844
523
2273
1839
-1784
-3271
38
3580
5095
5869
4310
1798
3162
5330
3873
3448
5909
5686
3420
2485
-52
-2753
134
3828
1620
-2249
-3847
-4744
-3550
-229
-59
-3034
-4042
-3187
-2615
-1723
-1137
-1475
-990
-143
-936
-1785
-1394
-1018
-526
-116
-1168
-2377
-2048
-1574
-1870
-1750
-1469
-438
2002
2019
-1414
-2482
290
2592
4217
5412
3650
1697
3664
4963
2942
3082
5318
4818
3431
2557
-761
-3061
11
2617
377
-2325
-3836
-5251
-3926
-722
-999
-3556
-3867
-3062
-2755
-1886
-1439
-1919
-1382
-523
-1158
-1658
-1012
-717
-683
-666
-1618
-2298
-1443
-967
-1736
-2151
-2164
-1484
1138
2470
-371
-2378
-163
2225
3445
4988
4454
2495
3946
5961
3989
3052
5530
5808
4031
3623
1537
-1798
-198
3263
1806
-1219
-2041
-3047
-3190
-744
-314
-3014
-3697
-2315
-2121
-2068
-1391
-1604
-1683
-703
-566
-1185
-1084
-815
-883
-996
-1526
-2084
-1636
-1272
-2017
-2522
-2466
-1360
1238
1584
-1542
-2655
-124
1630
2547
3877
2892
1473
3858
5396
2894
2885
5693
4992
3192
3379
1055
-1666
1208
3787
606
-2095
-1808
-2591
-2640
-342
-772
-3574
-3481
-1993
-2257
-2404
-1929
-2160
-1933
-1146
-1372
-1673
-1119
-952
-1131
-1166
-1835
-2220
-1259
-958
-1906
-2437
-2257
-850
1681
1631
-1772
-2594
444
2506
3405
4290
3142
2189
4861
6328
3804
3284
5372
4986
3787
3764
1254
-1205
1461
3682
540
-2463
-2568
-3059
-2901
-1105
-1839
-4480
-4396
-2711
-2543
-2813
-2514
-2583
-2361
-1505
-1301
-1606
-1421
-1073
-1135
-1543
-2134
-2340
-1888
-1529
-1698
-2145
-1649
799
2526
273
-2426
-940
1869
2950
3946
3828
1925
3124
6815
5940
3106
4657
6080
4142
3669
3205
-692
-1359
2802
2493
-1812
-2470
-1854
-2916
-1712
-263
-3086
-5181
-3057
-1646
-2296
-2145
-2135
-2650
-1832
-1065
-1649
-1586
-699
-564
-689
-833
-1624
-1888
-1244
-1274
-2015
-2248
-1199
991
1681
-1022
-2631
168
3218
4001
4373
3267
1417
3670
6866
4696
2479
4946
5912
4149
4281
3065
-934
-139
3771
1633
-2751
-2391
-1731
-2775
-1435
-770
-3863
-4986
-2614
-1924
-2749
-2406
-2417
-2965
-2315
-1644
-1929
-1774
-1433
-1751
-1900
-2170
-2539
-1955
-1583
-2499
-2944
-2229
-1088
777
1124
-1953
-3248
353
3360
3492
3795
2964
1313
3976
7376
4827
2450
5355
6413
4238
4340
3367
-353
995
5084
2322
-2423
-1788
-1250
-2530
-776
-3
-3772
-4913
-1930
-1524
-2658
-1760
-1761
-3031
-2270
-1156
-1757
-1887
-1375
-1633
-1737
-1779
-2330
-2183
-2011
-3050
-3339
-2469
-1899
-93
1620
-1141
-4033
-919
2781
2535
2713
2769
860
2972
7644
5681
1845
4609
7027
4707
4596
4642
413
241
4851
3311
-1891
-1707
-763
-2553
-1308
208
-3329
-5170
-2163
-1528
-3196
-2214
-1591
-2975
-2429
-1149
-1884
-2072
-1005
-1277
-1852
-1528
-1950
-2225
-1325
-1755
-3116
-2279
-1174
-1198
824
2438
-973
-3350
705
4217
3135
2708
3018
1947
4110
7808
5372
1777
4729
7373
5014
3880
3308
-236
-97
4142
2631
-2446
-2499
-1302
-2378
-1428
-734
-4099
-5466
-2680
-2142
-3351
-2331
-2063
-3370
-2536
-1192
-1990
-2135
-1097
-1441
-1933
-1382
-1192
-1261
-1297
-2126
-2484
-1542
-823
231
1252
-1045
-3719
-930
3036
2645
1810
2329
1510
2581
6142
4806
751
2717
6143
4514
3307
3585
529
-510
3624
3522
-1673
-2640
-921
-1821
-1491
-50
-2506
-4785
-2814
-1672
-2705
-2120
-1682
-2968
-2539
-1042
-1507
-1683
-658
-911
-1396
-713
-822
-1581
-1412
-1472
-2003
-1694
-678
820
1657
-536
-2618
-46
3318
3066
2391
2377
1690
3529
6608
4596
1512
4126
6571
4817
4165
3792
485
302
4006
2802
-1658
-1783
-884
-2046
-1318
-521
-3221
-4568
-2572
-2215
-3133
-2536
-2808
-3964
-2761
-1377
-2179
-2294
-1544
-2134
-2152
-867
-1178
-2118
-1400
-1402
-2545
-2118
-1465
-1466
812
2443
-1264
-3441
1005
3940
2177
2058
2641
1428
3787
7285
3661
-15
4190
6977
4113
3511
3344
-438
296
5031
2576
-3010
-2124
-352
-1609
-620
-104
-4040
-5338
-1873
-972
-2410
-1957
-2234
-3475
-2115
-559
-1415
-1890
-1298
-1543
-1534
-985
-1429
-1719
-1256
-1467
-1798
-1705
-1622
-20
2042
233
-2452
-97
3208
3070
3193
3451
1676
2948
6907
5380
1574
3451
5638
3966
4215
4644
648
-534
3511
2933
-1884
-2438
-1517
-3061
-2180
-208
-2999
-5739
-3731
-2337
-3446
-2964
-2167
-3396
-3395
-1791
-1895
-2657
-2096
-1811
-2123
-1615
-1294
-1640
-1189
-954
-1904
-1970
-1197
-680
1306
2638
-831
-3378
714
4123
2578
2420
3118
1494
3560
7879
4786
348
4256
7371
4254
3868
4343
-29
-177
5023
2941
-3156
-2361
-676
-2633
-1225
480
-3939
-6282
-2417
-1230
-3231
-2387
-1835
-3803
-3120
-736
-1464
-2582
-1489
-1338
-2069
-1231
-560
-1160
-1055
-780
-1478
-1244
-319
-106
1074
2004
-576
-2301
987
3428
2239
2394
2979
1748
3731
7118
4211
784
4150
6241
3390
3092
3210
-412
-28
4420
2419
-2764
-2209
-774
-2074
-1020
41
-3532
-5698
-3031
-1669
-2629
-2197
-2177
-3712
-3194
-944
-815
-1990
-1907
-1591
-1655
-1062
-547
-1020
-1580
-1636
-1366
-888
-758
-455
851
940
-1157
-1206
1614
2617
1938
2451
2219
1843
4800
6259
2452
1162
4550
4819
3014
3986
2715
-772
1471
4675
787
-3019
-1417
-1192
-2583
-764
-716
-4641
-4912
-1846
-2179
-3632
-2428
-2298
-3762
-2663
-987
-1882
-2524
-1822
-2206
-2486
-951
-341
-1639
-2132
-1731
-1722
-1030
-483
-1357
-518
2009
813
-1956
139
3220
2536
2572
3863
2630
3199
7002
5718
1258
3252
6736
4762
3494
3984
770
-320
4187
3935
-1710
-2350
-209
-1319
-1225
111
-2937
-5605
-2650
-576
-2443
-2837
-2083
-3273
-3106
-728
-645
-2204
-1968
-1611
-2066
-976
213
-1103
-2403
-2003
-1642
-981
-124
-1112
-1368
1116
1167
-1609
-798
1933
1740
1851
3239
2036
1859
5329
5123
1338
2269
5137
4134
3398
3441
400
-582
3036
2958
-1156
-1876
-1167
-2367
-1600
-122
-2443
-4432
-2504
-1232
-2219
-2465
-2512
-3170
-2450
-1023
-1301
-2257
-2023
-1432
-1211
-787
-579
-1037
-1359
-1248
-1094
-604
-363
-967
-294
1859
1441
-1218
-717
1931
2267
2206
3013
1884
1672
4965
5170
1182
1441
4803
4212
2799
3119
832
-1073
2107
3382
-811
-2614
-947
-1323
-1688
-388
-1959
-4690
-3211
-1037
-2321
-3284
-2277
-2414
-2840
-1667
-1418
-2726
-2480
-959
-899
-1519
-1144
-948
-1410
-1214
-833
-1053
-926
-559
-511
860
2660
906
-1709
462
3787
3350
2776
3330
2466
3465
6795
5237
1075
3065
6369
4271
2568
2906
356
-540
3104
2685
-2304
-2914
-993
-1841
-1987
-1212
-3527
-5206
-2902
-1671
-3031
-3021
-2504
-3251
-2690
-1311
-1940
-2621
-1475
-1060
-1576
-915
-410
-1050
-1142
-873
-1318
-1138
-591
-1235
-740
1791
1537
-1375
-857
2098
2444
2164
3067
2047
1562
4957
5973
2112
1556
4964
5127
3412
3432
1755
-233
2166
3808
383
-2041
-1013
-948
-1389
-635
-1803
-4360
-3918
-1992
-2103
-2758
-2565
-2832
-3051
-2194
-1712
-2120
-1938
-1370
-1575
-1623
-961
-797
-1296
-1422
-1245
-1232
-963
-1012
-1262
379
2044
-157
-2389
161
2960
2439
2415
2604
1251
2914
6366
4110
464
3137
5951
4198
3518
3218
-4
128
4084
2850
-1646
-1524
-167
-1093
-527
7
-2710
-3949
-1777
-1198
-2351
-2048
-2002
-3057
-2527
-1386
-1820
-1967
-1110
-1410
-2115
-1276
-471
-958
-1199
-1034
-1316
-1026
-422
-946
-713
1331
1042
-1776
-1473
1345
2018
1973
2487
1168
890
4200
4577
779
943
4227
3970
2779
2839
204
-1632
1834
3352
-532
-2241
-819
-1244
-1352
-18
-1633
-4124
-2896
-1331
-2066
-2006
-1534
-2590
-2700
-1382
-1383
-1818
-922
-842
-1950
-1646
-592
-624
-836
-651
-986
-988
-102
-228
-751
719
1997
347
-958
699
2355
2833
3544
2861
1470
3308
5743
3806
1557
3245
4508
3601
3484
2424
-230
463
3216
1800
-1411
-1482
-933
-1366
-701
-694
-2865
-3737
-2385
-1785
-1974
-1785
-2179
-2876
-2372
-1547
-1607
-1564
-1217
-1482
-1851
-1258
-607
-877
-1294
-1208
-1130
-1099
-691
-818
-989
857
2351
-272
-2535
367
3306
2586
2082
1892
763
3003
6601
3715
-547
2206
5184
3319
2582
2070
-1418
-837
3752
2195
-2736
-2227
-798
-2212
-1301
-84
-3215
-4931
-2135
-985
-2190
-1743
-1610
-3003
-2312
-471
-840
-1606
-1195
-1475
-1764
-462
235
-817
-1297
-1049
-1228
-681
58
-842
-870
1545
1536
-1436
-1124
1831
2237
2035
2926
1800
1559
5190
5620
1127
687
4152
4151
2984
3043
308
-1471
2212
3608
-541
-2444
-1480
-2223
-1933
-132
-1771
-4200
-3009
-1903
-2441
-1578
-1213
-3058
-3245
-1456
-1173
-1542
-1195
-1704
-2204
-1089
-140
-684
-1304
-1433
-1349
-791
-302
-573
-1362
-867
1909
3119
-66
-1907
1301
3764
3016
3088
2907
1856
4760
7658
3555
421
4542
6549
3634
3051
2452
-595
1137
4949
1715
-2579
-992
-211
-1909
-684
-232
-3555
-4040
-1350
-1596
-2670
-1626
-2260
-4095
-2872
-1001
-1655
-2280
-2030
-2676
-2621
-980
-743
-2317
-2857
-2285
-1988
-1449
-1107
-2099
-1959
837
1712
-982
-1521
1276
2529
2335
2984
2323
1577
4299
5579
2029
1111
4586
5098
3201
3171
1822
-530
1448
3548
377
-2199
-983
-1090
-2035
-744
-938
-3488
-3423
-1623
-1996
-2395
-1552
-2294
-3405
-2155
-1053
-1873
-2212
-1746
-2084
-2085
-755
-239
-1291
-1839
-1217
-785
-815
-609
-937
-1346
644
3023
963
-2189
-3
3595
3235
2831
3409
1898
2507
6215
4720
125
2410
6468
4322
2517
3215
374
-817
3786
3905
-1891
-2804
-552
-1774
-1671
382
-2292
-5382
-2676
-556
-2527
-2910
-2194
-3631
-3495
-1188
-1317
-2669
-2157
-2055
-2594
-1170
-67
-1377
-2056
-1346
-1381
-947
257
-537
-1103
1677
2992
109
-705
2021
2752
2419
3782
3362
2019
4490
6068
2442
1193
4687
5155
3120
3276
2070
-457
1414
3636
470
-2352
-1322
-1393
-2188
-755
-1036
-3951
-4191
-2286
-2317
-2711
-2163
-2853
-3681
-2302
-1041
-1806
-2402
-1962
-1838
-1482
-306
-173
-1359
-1563
-812
-877
-844
-99
-543
-898
1551
2685
-624
-1756
1812
3372
2372
3044
2544
843
3610
6406
2618
149
4014
5384
2899
2890
2013
-1241
459
3865
609
-3354
-2014
-1396
-2401
-690
-629
-4413
-5106
-2440
-2220
-2934
-2315
-3073
-4007
-2247
-950
-2064
-2325
-1469
-1683
-1535
-299
-342
-1353
-1203
-741
-924
-388
337
-654
-1153
1213
2478
-175
-1351
1440
3004
2564
3346
3049
1436
3723
6636
3472
833
4321
6024
3663
3551
3228
105
1068
4656
2096
-2121
-1110
-428
-1936
-719
-212
-3716
-4742
-2143
-1934
-2907
-2205
-3008
-4646
-3186
-1372
-2266
-2755
-1912
-2129
-2087
-595
-387
-1679
-1734
-1099
-1355
-1073
-229
-1004
-1648
731
2448
-11
-1682
534
2173
2082
2922
2703
1329
3447
6056
3245
747
3703
5480
3875
3752
2863
-242
840
4262
2395
-957
-473
-341
-1334
119
231
-3217
-4117
-1824
-1420
-1913
-1511
-2690
-3968
-2216
-560
-1396
-1879
-1540
-2055
-1831
-254
-58
-1300
-1524
-875
-867
-903
-471
-1065
-2176
-577
2430
1286
-2453
-1896
1295
1635
1576
2521
967
463
4315
4684
267
969
4930
3722
2033
3188
863
-1752
1782
3592
-708
-2138
-134
-1135
-1646
216
-1651
-4797
-2945
-550
-1640
-2157
-1851
-3090
-2900
-761
-755
-2017
-1635
-1221
-1507
-649
278
-349
-968
-677
-529
-487
-17
-111
-985
-224
2402
2480
-682
-1245
1673
2963
2798
3330
2250
1277
4288
5728
1950
1110
4691
4733
2801
3253
1437
-1571
909
3437
-86
-2864
-1932
-2354
-2547
-782
-2283
-5664
-4774
-2478
-2911
-3202
-3042
-4351
-4177
-1892
-1660
-2778
-2101
-1583
-1978
-945
321
-296
-872
-358
-216
72
943
715
-515
-12
2663
3835
1395
-590
1173
3516
3956
4212
3757
2264
3692
6504
4478
1537
3756
5550
3596
3111
2854
-258
-149
3445
2119
-1937
-1842
-1085
-1995
-1101
-1031
-4369
-5357
-2798
-2251
-3248
-3045
-3468
-4041
-2625
-1708
-2560
-2467
-1808
-2200
-1891
-947
-1377
-2090
-1712
-1416
-1285
-556
-382
-1220
-1515
276
2671
1703
-1569
-1161
2344
3352
2849
3216
1973
1303
4745
5780
1792
1594
5096
4304
2389
3165
1009
-1743
1462
3545
-514
-2464
-851
-1705
-2331
-507
-1902
-4825
-3263
-1251
-2619
-3145
-2294
-2998
-2969
-1207
-1151
-2175
-1577
-1039
-1587
-1158
-174
-448
-881
-523
-416
-555
-72
148
-666
-117
2480
2868
-217
-997
2066
3445
2773
3492
3205
1631
3671
6124
3187
1008
4141
5246
2807
2669
2242
-997
-452
2966
1172
-2626
-2320
-1822
-2764
-1735
-1519
-4385
-5190
-3118
-2723
-3237
-2758
-3116
-3662
-2472
-1486
-1779
-1663
-1341
-1479
-1038
-181
48
-97
-214
-405
-239
374
564
7
-359
979
3202
2609
-163
103
2715
3157
3026
3802
2319
1297
4436
5265
1449
1479
4745
3500
1634
2971
1077
-2178
490
2583
-1517
-3688
-1996
-2783
-3427
-1287
-2448
-5788
-4496
-1901
-2565
-2937
-2238
-3201
-3367
-1270
-652
-1650
-1327
-610
-752
-371
366
360
302
619
789
771
820
785
458
615
2189
3290
1476
-176
1563
3358
3105
3579
3800
2151
2784
5265
3415
598
2746
4265
1997
1806
2110
-1229
-1830
1573
573
-3329
-3160
-2565
-4162
-3257
-2155
-4869
-5997
-3537
-2945
-3802
-3043
-3244
-4406
-3054
-1361
-1772
-1715
-927
-1395
-1628
-601
-75
-104
223
170
11
562
886
553
121
303
2000
3466
1704
-385
1173
3272
3442
4233
4054
1691
2714
6173
4406
1270
3341
4398
2156
3027
3589
-717
-1514
2687
1764
-2518
-2369
-1860
-3398
-1924
-361
-3437
-5280
-2909
-1962
-2836
-2498
-2707
-3575
-2407
-816
-1142
-1612
-1143
-830
-497
103
155
-247
-301
-31
115
-111
-304
-26
-42
300
2105
2570
34
-742
1804
2797
2205
2982
2414
958
3317
5236
1917
320
3283
3391
1522
2645
1529
-2270
-469
2962
-86
-3337
-2110
-2409
-3470
-1191
-1116
-4723
-4748
-2049
-2175
-2706
-1837
-2680
-3406
-1368
-198
-1098
-893
-153
-661
-605
463
649
223
347
468
222
299
879
1085
279
241
2336
3205
552
-734
1491
2603
2259
3226
2598
421
2217
4875
2192
-202
2232
3078
1437
2129
1411
-2510
-1811
2107
528
-3175
-2854
-2548
-3299
-1445
-830
-4089
-5112
-2547
-1706
-2391
-2142
-2434
-2788
-1201
-134
-862
-897
-311
-505
-202
779
656
146
593
712
255
606
1125
561
-328
322
2290
2582
323
-517
1266
2083
1824
2506
1878
360
2276
4441
1990
261
2673
3250
1681
2266
1341
-2168
-1091
2520
451
-3241
-2676
-2335
-3068
-1254
-823
-4017
-4555
-1938
-1673
-2533
-1923
-2349
-2886
-969
126
-949
-824
33
-423
-122
987
457
-101
810
793
107
722
1156
542
219
307
1090
2641
1856
-778
-286
2022
2223
2546
3315
1318
565
3832
3979
442
1139
3543
2047
1499
2424
-731
-2548
1590
2587
-1770
-2832
-1586
-2715
-1991
42
-2467
-5174
-3049
-1411
-2457
-2294
-2120
-3213
-2277
-471
-1168
-1881
-1069
-1095
-1126
-105
-302
-946
113
621
-311
-24
779
227
38
387
391
1729
2849
670
-861
1271
2613
2171
3000
2643
937
2757
4752
1852
464
3550
3738
1515
2018
987
-2003
269
3562
132
-3380
-1970
-1759
-2447
-372
-763
-4502
-4240
-1188
-1351
-2225
-1585
-2127
-2550
-1078
-655
-1456
-933
-350
-697
-314
72
-280
216
544
-503
-756
226
193
-262
-455
-1093
-172
2203
1169
-1940
-1155
1255
1133
1469
2312
309
-115
3185
3076
13
1178
3246
1552
1223
2359
-203
-1470
2180
2553
-1630
-2251
-693
-1510
-1002
564
-1789
-4178
-2073
-369
-1435
-1476
-1052
-1964
-1465
407
297
-711
-265
232
52
538
1138
792
358
362
395
579
733
575
58
-714
-300
1798
2322
-253
-1467
246
1318
1831
3130
2068
-223
1584
4118
2083
588
2735
2726
1114
2352
1975
-1395
-541
2423
3
-3040
-1685
-1440
-2818
-1303
-887
-4164
-4505
-1530
-1417
-2771
-2267
-2308
-2799
-1164
-196
-1568
-1780
-430
-223
-385
164
23
-326
176
331
-133
75
369
39
-261
-412
168
1771
1689
-706
-1165
806
1706
2064
2764
1331
140
2766
4170
1464
959
3039
2248
1427
2935
1149
-1999
293
2505
-674
-2499
-1129
-1944
-2592
-515
-1263
-4292
-3382
-1110
-1769
-2270
-1571
-2013
-1962
-485
-454
-1374
-901
-258
-185
334
445
-120
330
1026
549
311
763
448
61
367
102
305
2153
2440
82
-446
1315
1911
2081
2881
1824
718
2743
3768
1467
1018
2574
1765
1061
2106
404
-2039
-41
1561
-1142
-2598
-1829
-2696
-2741
-856
-1762
-4189
-3260
-1662
-2251
-2122
-1384
-2095
-2008
-505
-375
-1115
-653
-237
-384
129
325
-140
277
599
-160
-118
758
300
-453
85
95
5
1780
2285
-399
-1050
1450
2258
1797
2784
2184
555
2567
4546
2024
622
2697
2555
1255
2362
1540
-1206
216
2332
19
-1694
-719
-1577
-2123
-215
-925
-3614
-2761
-1056
-2065
-2277
-1387
-2167
-2283
-687
-800
-1857
-1238
-697
-1103
-793
-539
-1013
-629
-100
-616
-653
-88
-517
-807
-150
-415
-559
1421
2198
-280
-1148
996
1778
1731
3024
2267
188
2123
4690
2334
559
2773
2818
1163
2576
2325
-1316
-703
2396
369
-2457
-1371
-1413
-2676
-978
-354
-3374
-4050
-1932
-1995
-2650
-1623
-1671
-2555
-1645
-682
-1214
-1051
-41
-71
-355
-21
102
51
379
318
-28
231
637
606
630
394
-193
936
2815
1784
-485
118
1609
1636
2417
2931
788
529
3639
3604
881
1616
2820
1205
1670
3185
410
-1484
1398
1762
-1122
-942
-365
-2413
-1894
294
-1585
-3819
-2272
-1625
-2723
-1873
-1205
-2548
-2450
-864
-1041
-1536
-709
-469
-952
-627
-193
-442
-422
-267
-644
-626
-58
-6
-404
-762
-1204
-816
937
1356
-754
-1627
-69
953
1335
2040
915
-415
1931
4187
2200
962
2623
2571
2143
3759
2647
-689
602
3414
1650
-330
212
-858
-1662
517
616
-2351
-2640
-981
-1401
-1844
-1141
-1837
-2591
-1237
-526
-1466
-1451
-572
-556
-683
-440
-703
-833
-160
-65
-658
-535
-31
-146
-363
-407
-828
-302
1499
1432
-872
-1191
666
1590
1928
2146
665
23
2658
3833
1578
988
2206
1846
2008
2920
717
-1619
521
2152
-22
-1360
-1301
-2431
-2210
-282
-1040
-3311
-2959
-1901
-2209
-1997
-1649
-2502
-2692
-1483
-922
-1146
-858
-408
-368
-97
357
590
718
827
701
497
584
756
647
400
167
219
1313
2458
1466
-328
150
1654
1979
2165
2008
554
815
3199
2963
776
1218
2283
1394
1554
1948
-572
-1850
573
950
-1442
-1788
-1552
-2626
-1754
-139
-1796
-3615
-2436
-1430
-1813
-1538
-1459
-2269
-1885
-601
-417
-637
-240
-102
-316
-30
338
272
178
306
322
94
276
715
574
30
-158
108
910
1880
1133
-741
-494
1356
1946
1736
1663
749
737
2888
3271
1259
1094
2098
1686
1691
1969
54
-1179
650
1220
-847
-1787
-1765
-2274
-1498
-622
-2272
-3697
-2661
-1800
-2142
-2098
-2297
-2928
-2242
-966
-1012
-1531
-1249
-839
-646
-286
-19
-103
-65
185
244
262
634
970
692
368
369
311
919
2155
1706
-152
156
2163
2616
2227
2186
1395
1445
3525
3758
1433
1094
2371
2067
1912
2230
363
-982
826
1439
-603
-1434
-1431
-2162
-1596
-752
-2283
-3674
-2888
-2352
-2578
-2190
-2257
-2826
-2096
-999
-1118
-1395
-1087
-916
-747
-273
-104
-195
73
398
308
211
425
607
575
590
503
156
654
2057
1728
-218
37
1717
1771
1808
2376
1065
486
3040
3729
1079
822
2428
1732
1697
2706
430
-1705
560
1863
-409
-1364
-1168
-2437
-2086
-269
-1353
-3360
-2788
-1942
-2245
-2136
-2112
-2549
-1993
-817
-649
-1090
-1123
-698
-86
332
442
392
253
306
601
488
62
311
714
402
126
-157
-366
758
1602
30
-1044
288
978
640
1411
1278
-36
1301
3220
1509
116
1711
1919
925
1864
1520
-1088
-537
1806
691
-1166
-808
-1380
-2298
-874
-487
-2587
-3017
-1660
-1651
-2024
-1622
-1899
-2014
-745
-87
-899
-1205
-483
73
455
825
583
180
540
1170
1131
766
835
1012
960
874
632
162
587
1982
1861
12
-234
1167
1575
1682
2236
1310
346
2014
3032
1217
723
2083
1545
784
1633
621
-1454
-275
1233
-683
-2265
-1780
-2355
-2824
-1499
-1697
-3641
-3542
-2152
-2130
-2340
-1960
-2029
-1795
-721
-524
-1210
-1118
-331
215
481
491
293
426
818
951
726
450
291
441
703
563
-120
-796
-188
1350
1307
-383
-631
556
1100
1552
1943
686
-72
2026
3069
1228
784
1759
1094
995
2273
886
-1350
74
1376
-569
-1441
-880
-1910
-2195
-578
-1124
-3118
-2487
-1170
-1560
-1562
-1071
-1662
-1509
-78
51
-721
-205
514
332
441
760
380
519
1380
1287
558
750
1189
1005
902
779
-71
-538
644
1847
1057
-510
-525
567
1379
1858
1708
330
-185
1578
2475
974
238
940
824
722
1323
211
-1654
-876
402
-651
-1688
-1546
-2050
-2364
-1453
-1512
-2606
-2356
-1535
-1783
-1953
-1502
-1272
-963
-464
-620
-891
-300
450
559
385
208
241
694
951
569
134
231
467
492
478
342
58
-45
490
1401
1465
398
86
1122
1897
1880
1833
1320
891
2005
2983
1719
425
1058
1571
1273
1432
748
-1243
-1293
414
81
-1667
-2022
-2116
-2612
-1934
-1312
-2560
-3402
-2475
-1982
-2181
-1722
-1426
-1857
-1528
-677
-699
-694
108
383
16
230
736
701
574
695
401
166
629
896
327
128
572
330
-107
657
1484
652
-178
670
1398
1226
1728
1971
987
1226
2944
2713
1209
1710
2473
1601
1455
1855
327
-644
919
1200
-717
-1325
-1142
-1894
-1688
-761
-1817
-3131
-2289
-1572
-2067
-1786
-1238
-1645
-1489
-601
-699
-1100
-455
9
-360
-303
218
281
123
47
-245
-470
-62
282
-72
-476
-386
-234
-432
-178
621
659
-187
-200
651
975
1149
1642
1247
540
1519
2671
1830
1151
1963
1958
1278
1726
1605
5
-124
978
377
-811
-637
-834
-1687
-1248
-718
-1675
-2187
-1402
-1325
-1800
-1373
-1021
-1375
-1140
-570
-826
-939
-211
-37
-582
-484
16
-15
-195
-122
-210
-372
-115
80
-206
-406
-189
-237
-577
-129
774
614
-258
51
952
1196
1403
1775
1240
875
2128
2809
1726
1291
1956
1721
1417
1881
1153
-341
20
958
84
-1028
-1121
-1505
-1866
-1135
-986
-2110
-2445
-1612
-1361
-1526
-1226
-1109
-1264
-877
-360
-461
-476
-134
-112
-170
247
575
330
195
279
236
311
550
368
-101
20
259
-157
-455
201
719
146
-326
233
770
791
1088
1184
610
951
2234
2065
936
1208
1907
1559
1572
1847
605
-458
646
1441
165
-852
-820
-1117
-1189
-554
-823
-1961
-1905
-1084
-1112
-1435
-1388
-1466
-1561
-1174
-850
-972
-909
-643
-723
-754
-313
35
-58
-252
-390
-493
-357
-104
-119
-318
-421
-385
-380
-230
206
475
75
-410
40
753
849
841
1000
864
1068
1958
1927
868
986
1778
1527
1364
1642
737
-165
887
1507
163
-586
-313
-859
-1125
-342
-638
-1851
-1713
-933
-1238
-1468
-1051
-1156
-1428
-951
-525
-743
-765
-471
-467
-364
137
369
192
136
222
210
354
642
520
138
98
269
180
142
631
911
320
-128
321
740
744
1001
1186
790
1000
1840
1575
767
1148
1709
1298
1329
1535
420
-299
696
990
-193
-750
-900
-1555
-1333
-497
-1240
-2555
-2362
-1804
-1983
-1778
-1424
-1923
-2086
-1277
-875
-1091
-880
-503
-484
-227
300
386
295
590
822
679
657
954
1047
873
827
724
329
360
1172
1424
628
232
681
902
966
1351
1200
538
925
1801
1397
724
1113
1285
729
803
834
-197
-533
291
70
-1024
-1300
-1406
-1927
-1728
-1320
-2152
-2942
-2472
-2061
-2295
-2189
-2002
-2358
-2205
-1278
-836
-1017
-865
-467
-300
63
542
522
404
749
1134
1092
986
1087
1106
1116
1211
1064
715
811
1374
1502
876
478
867
1334
1563
1714
1431
962
1462
2325
1928
1188
1434
1547
1140
1303
1205
-30
-490
368
287
-787
-1139
-1378
-2038
-1854
-1436
-2215
-2956
-2556
-2228
-2329
-2006
-1814
-2186
-1961
-1169
-993
-1049
-599
-217
-182
83
384
205
204
798
1140
865
614
679
703
762
968
800
264
158
751
1110
649
77
178
632
1029
1374
1314
901
1096
1850
1825
1185
1153
1426
1281
1157
913
20
-363
360
466
-447
-1025
-1249
-1570
-1388
-1180
-1891
-2578
-2266
-1819
-1747
-1578
-1576
-1795
-1446
-676
-420
-500
-351
-94
176
487
562
461
580
854
916
736
557
408
362
485
512
260
0
-43
133
443
567
268
105
422
743
909
1087
998
764
1087
1457
1015
688
1108
1173
798
761
475
-267
-266
180
-260
-1011
-1209
-1343
-1546
-1412
-1524
-2081
-2138
-1677
-1342
-1189
-1104
-1207
-1122
-658
-274
-113
52
203
263
434
563
503
606
795
754
623
486
244
53
144
215
-68
-412
-577
-568
-288
79
-28
-479
-427
88
541
824
799
476
626
1311
1482
1105
1029
1096
973
1177
1297
576
20
348
448
-67
-423
-736
-1093
-886
-574
-1029
-1545
-1415
-1164
-958
-673
-687
-915
-676
-140
66
88
215
284
424
729
796
587
544
634
660
641
519
294
180
285
227
-33
-196
-262
-199
205
410
-86
-363
191
717
760
849
782
473
850
1481
1123
459
575
809
706
803
538
-331
-483
95
-83
-874
-1241
-1514
-1734
-1419
-1242
-1813
-2168
-1835
-1566
-1442
-1137
-1004
-1102
-853
-390
-168
-65
118
192
218
368
497
538
573
596
550
448
270
189
257
244
66
-103
-251
-327
-15
496
363
-135
33
595
838
995
1153
762
646
1406
1770
1136
841
1133
1005
931
1168
600
-359
-220
281
-124
-696
-932
-1466
-1728
-1231
-1130
-1794
-2140
-1993
-1825
-1527
-1224
-1300
-1447
-1129
-663
-435
-328
-281
-181
67
259
306
359
441
520
660
689
479
484
789
867
657
594
670
797
1194
1471
1099
778
1188
1586
1604
1663
1543
1175
1409
1989
1726
1093
1067
1153
940
916
597
-417
-821
-349
-358
-905
-1260
-1782
-2242
-1811
-1334
-1835
-2420
-2334
-2163
-1907
-1380
-1280
-1624
-1461
-829
-510
-345
-44
110
113
343
637
679
733
933
972
858
842
870
764
609
588
553
460
450
534
655
690
515
357
452
594
690
874
842
570
714
1075
880
573
694
699
490
452
153
-578
-718
-306
-437
-989
-1371
-1774
-1969
-1571
-1352
-1899
-2349
-2158
-1859
-1618
-1400
-1485
-1689
-1436
-913
-706
-712
-568
-440
-347
-82
93
116
256
471
477
431
472
412
426
586
609
479
500
573
628
941
1211
1012
923
1342
1668
1772
1895
1755
1465
1730
2126
1812
1385
1388
1372
1268
1334
1005
216
-6
292
67
-515
-835
-1166
-1429
-1183
-1005
-1479
-1823
-1521
-1265
-1243
-1095
-1032
-1127
-901
-449
-357
-409
-154
108
108
102
174
150
124
177
78
-164
-268
-202
-158
-238
-384
-540
-572
-436
-268
-33
49
-104
-35
411
739
830
975
971
840
1131
1543
1275
894
1012
1030
829
804
491
-227
-329
35
-280
-852
-1017
-1279
-1429
-993
-815
-1348
-1503
-1044
-836
-720
-351
-269
-403
-53
455
473
469
731
741
569
674
825
706
600
549
298
31
15
-76
-372
-554
-629
-774
-886
-830
-775
-764
-643
-558
-500
-299
-57
57
175
317
394
654
935
812
673
901
1034
865
760
494
-79
-118
260
29
-611
-864
-981
-1125
-915
-829
-1267
-1481
-1120
-874
-876
-709
-615
-657
-379
14
82
165
503
704
651
683
776
775
851
892
667
389
361
447
427
328
149
-8
97
316
367
394
447
326
317
622
889
905
991
1088
978
1121
1416
1244
832
825
849
553
414
133
-598
-953
-658
-680
-1185
-1472
-1721
-2026
-1830
-1514
-1812
-2120
-1821
-1440
-1261
-937
-671
-664
-414
137
415
442
644
848
831
875
1089
1168
1108
1143
1041
754
664
734
608
279
94
-35
-158
-134
-115
-192
-224
-184
-156
-18
160
232
325
475
520
642
928
937
687
674
738
582
533
417
-157
-582
-450
-453
-832
-1111
-1398
-1761
-1688
-1379
-1580
-2014
-1991
-1722
-1496
-1198
-986
-1048
-986
-518
-35
172
258
332
420
620
919
1077
1085
1040
996
998
997
963
842
760
681
510
420
445
408
340
408
476
425
496
689
711
665
775
826
837
1028
1120
833
600
683
665
508
404
117
-399
-554
-415
-640
-1050
-1280
-1455
-1563
-1452
-1403
-1714
-1969
-1800
-1512
-1345
-1177
-1099
-1105
-886
-480
-259
-207
-82
57
140
319
487
443
405
505
545
512
564
607
480
370
424
427
415
515
543
415
484
805
910
848
919
976
941
1100
1330
1230
1108
1225
1262
1036
842
749
490
287
268
30
-399
-560
-553
-749
-968
-1049
-1185
-1296
-1232
-1215
-1370
-1373
-1154
-970
-864
-737
-636
-539
-357
-181
-92
-72
-55
15
74
37
-47
-108
-124
-135
-155
-189
-312
-427
-469
-445
-396
-385
-352
-277
-154
-46
138
300
307
376
659
878
874
964
979
847
923
1099
918
668
699
598
353
342
221
-209
-352
-228
-360
-548
-559
-707
-859
-677
-530
-650
-630
-468
-364
-177
51
71
88
342
527
535
589
625
559
608
681
541
373
357
334
193
57
-76
-244
-345
-322
-308
-463
-581
-513
-449
-494
-451
-351
-393
-372
-121
6
-60
45
181
175
299
471
308
79
155
203
133
196
152
-106
-173
-18
-78
-217
-199
-249
-287
-127
-4
-108
-160
-86
-52
37
204
260
223
310
406
436
455
468
429
334
324
314
230
134
48
-80
-162
-182
-242
-338
-472
-555
-559
-514
-524
-545
-538
-564
-503
-339
-284
-286
-147
-22
24
137
247
227
275
384
354
315
390
370
265
291
291
178
214
308
161
12
57
39
-48
15
62
-43
-9
127
123
89
144
155
99
157
217
149
78
103
98
46
19
-32
-167
-233
-216
-291
-415
-461
-487
-554
-538
-461
-466
-495
-407
-338
-362
-316
-222
-220
-191
-13
103
122
224
312
327
426
541
484
376
421
458
426
453
435
263
157
236
219
87
32
10
-43
-31
7
-90
-223
-262
-255
-222
-188
-185
-219
-211
-195
-180
-116
-46
-47
-89
-77
-62
-65
-85
-139
-201
-223
-194
-125
-85
-136
-178
-168
-89
31
121
128
94
159
249
285
324
398
409
452
578
616
561
539
547
494
466
506
449
289
217
145
3
-55
-49
-124
-264
-354
-415
-479
-473
-432
-499
-574
-577
-582
-600
-608
-611
-627
-562
-442
-406
-413
-370
-284
-197
-125
-51
-25
-46
4
80
104
129
165
193
211
246
305
329
349
380
387
422
457
469
442
417
450
465
471
496
496
453
432
430
349
287
252
171
82
12
-69
-166
-206
-223
-286
-346
-395
-463
-474
-475
-527
-569
-555
-539
-534
-456
-403
-400
-366
-310
-281
-259
-218
-242
-251
-202
-186
-163
-108
-84
-102
-71
-4
14
32
78
75
59
123
206
231
255
271
311
385
450
444
419
455
497
533
543
517
466
458
490
484
412
338
277
225
190
134
62
4
-24
-53
-75
-113
-182
-218
-227
-230
-246
-248
-251
-282
-277
-233
-226
-216
-205
-206
-197
-194
-195
-187
-199
-225
-220
-202
-238
-280
-280
-294
-308
-280
-278
-320
-313
-244
-209
-178
-123
-102
-95
-40
33
69
146
260
314
344
371
392
397
400
422
399
402
415
416
406
384
320
252
228
200
148
95
55
1
-42
-70
-99
-162
-192
-175
-185
-211
-224
-201
-187
-179
-166
-167
-159
-164
-162
-173
-187
-191
-180
-162
-152
-146
-151
-154
-108
-96
-146
-160
-152
-185
-191
-115
-100
-119
-48
30
44
78
154
157
168
238
235
220
264
309
283
292
334
295
287
323
287
218
182
148
91
66
48
-10
-52
-76
-97
-123
-143
-156
-160
-127
-110
-114
-108
-100
-99
-82
-72
-59
-38
-27
-8
23
27
15
30
33
23
15
9
-15
-50
-69
-44
-23
-32
-44
-53
-37
-31
-11
4
9
9
32
74
53
26
44
62
73
100
83
41
2
-22
-46
-81
-79
-97
-156
-161
-145
-161
-148
-111
-117
-139
-133
-140
-170
-149
-77
-46
-35
-10
14
31
43
49
62
68
84
111
140
127
86
80
77
56
41
40
7
-10
33
73
81
93
125
135
125
115
88
52
47
78
77
67
73
85
99
111
110
96
99
115
106
70
51
26
-34
-70
-81
-111
-149
-142
-141
-173
-193
-171
-137
-131
-117
-95
-96
-80
-52
-55
-56
-32
-4
30
55
48
16
-22
-18
-6
-34
-51
-46
-57
-53
-34
-3
-12
-35
-2
30
8
-14
14
14
-10
32
64
31
48
101
89
49
78
101
53
26
30
-9
-39
1
-26
-91
-104
-80
-91
-107
-74
-79
-117
-93
-33
-42
-61
-22
7
9
46
84
50
9
33
69
66
101
160
158
165
197
193
133
99
76
9
-29
-6
-13
-56
-24
10
-17
7
68
45
-17
2
16
-12
-9
17
-23
-67
-20
12
-9
-18
-7
-27
-34
-10
-22
-80
-116
-113
-124
-131
-117
-112
-113
-95
-63
-58
-69
-50
-39
-38
-12
5
-1
3
38
58
50
56
84
95
95
100
91
59
46
48
14
-34
-54
-42
-37
-41
-24
-28
-24
-3
6
10
10
21
20
40
51
63
82
78
77
77
71
60
71
63
31
21
11
-29
-44
-23
-44
-96
-98
-55
-67
-73
-39
-15
-5
28
64
43
13
12
8
6
23
25
9
13
26
25
25
24
12
-10
-27
-40
-73
-98
-85
-73
-87
-80
-49
-37
-42
-34
-9
-5
5
31
33
26
9
16
16
12
14
-13
-24
-28
-22
-23
-21
-14
-18
-3
8
-3
-28
-53
-56
-61
-66
-62
-55
-52
-37
2
34
58
68
77
81
71
72
81
76
61
76
90
111
126
124
130
117
96
88
75
51
32
28
24
23
20
15
22
16
4
-5
-7
-27
-48
-67
-88
-108
-113
-112
-123
-114
-113
-116
-139
-147
-121
-116
-105
-77
-60
-56
-41
-37
-31
-7
-2
8
7
13
22
19
31
38
57
62
55
63
70
87
100
85
57
64
75
78
93
110
98
67
59
66
76
80
56
32
16
5
8
-5
-20
-30
-41
-53
-57
-57
-64
-69
-75
-82
-95
-112
-114
-121
-114
-75
-59
-64
-61
-43
-28
-16
-9
-9
-22
-35
-35
-42
-38
-36
-41
-27
2
25
22
13
21
13
1
6
24
30
23
41
50
42
35
45
53
52
80
109
124
126
115
109
109
97
84
70
45
29
9
-1
-5
-7
-6
-6
-3
-20
-36
-47
-72
-91
-105
-109
-121
-114
-90
-68
-38
-8
23
26
28
51
54
39
20
17
21
-7
-12
11
13
-2
-21
-40
-53
-63
-53
-36
-23
-22
-27
-10
3
-6
-13
-11
-22
-32
-27
-7
12
24
61
97
118
120
121
116
101
96
79
69
53
54
62
49
51
40
27
14
6
1
-11
-18
-27
-31
-54
-93
-101
-107
-125
-129
-120
-131
-146
-156
-160
-154
-145
-114
-97
-83
-82
-86
-66
-64
-67
-61
-37
-21
-17
8
24
27
37
68
90
84
74
86
101
92
108
122
104
86
104
127
124
108
104
111
105
104
115
100
67
44
37
32
-3
-31
-26
-19
-33
-22
11
19
8
9
34
21
4
15
21
-7
-42
-48
-49
-61
-61
-27
-7
-4
-5
5
-9
-53
-75
-70
-75
-96
-94
-82
-110
-130
-108
-79
-69
-56
-23
-16
-30
-43
-35
-29
-43
-34
-18
-11
-15
-11
12
12
13
30
65
71
58
74
71
48
34
48
51
30
32
52
55
11
-12
-2
-1
-10
1
19
12
4
8
26
22
20
29
26
27
34
47
67
62
62
69
66
49
28
35
29
8
-2
-2
-9
-6
11
11
1
-14
-25
-44
-78
-84
-90
-113
-110
-106
-120
-126
-106
-77
-58
-51
-26
-5
-19
-44
-32
-18
-23
-10
19
51
47
51
78
68
51
54
73
59
24
32
56
36
15
37
55
35
16
40
53
37
32
51
66
50
49
73
66
33
26
42
38
-2
-5
9
-29
-77
-60
-23
-54
-65
-47
-35
-49
-75
-67
-69
-90
-107
-93
-92
-107
-95
-54
-28
-28
-17
-6
-24
-64
-71
-77
-102
-109
-77
-47
-31
-8
32
62
62
79
91
69
39
25
32
36
30
66
94
89
93
118
131
110
98
109
101
63
52
65
49
32
43
52
38
33
32
6
-21
-46
-44
-62
-93
-101
-108
-117
-125
-97
-62
-60
-66
-57
-40
-48
-56
-44
-38
-53
-50
-35
-39
-31
11
76
93
89
104
87
56
32
31
23
-8
-15
11
29
22
40
77
105
115
130
126
82
50
38
22
-16
-34
-21
-24
-23
7
50
64
50
57
73
53
4
-16
-19
-47
-70
-56
-50
-84
-97
-80
-75
-114
-129
-98
-106
-143
-141
-113
-121
-150
-124
-86
-93
-99
-53
8
16
12
63
98
58
40
62
70
25
4
52
56
23
27
66
60
24
53
94
77
44
61
82
33
-24
-13
4
-31
-64
-43
-8
-26
-21
25
31
-11
-26
6
-6
-44
-48
-18
-18
-47
-39
-21
-40
-63
-21
15
-5
-27
-4
24
4
-14
21
34
12
21
54
57
48
65
92
86
53
43
51
43
33
45
57
47
36
60
67
33
6
6
9
-4
-14
-10
-3
6
22
33
49
59
49
25
7
1
-22
-40
-30
-22
-27
-26
-6
11
8
3
4
-4
-19
-26
-21
-28
-41
-45
-32
-34
-52
-45
-31
-48
-74
-68
-58
-68
-62
-32
-16
-38
-54
-39
-37
-42
-36
-14
-11
-28
-17
-1
-12
-34
-29
-4
-4
-20
-10
15
15
1
18
28
3
-16
0
7
-13
-24
0
8
-19
-14
24
43
32
44
57
32
11
23
38
22
4
19
32
11
15
57
59
42
53
66
61
35
26
19
-9
-32
-29
-4
-6
-13
16
28
3
-11
-1
-2
-33
-41
-23
-28
-42
-20
7
5
-13
-8
-1
-19
-36
-33
-18
-11
4
21
35
28
18
31
22
-2
-8
15
27
11
15
36
31
10
20
32
12
4
21
20
4
21
54
55
25
3
-5
-33
-67
-75
-66
-63
-58
-37
-8
7
22
45
56
32
-2
-14
-22
-32
-42
-37
-28
-24
-7
18
36
46
63
64
45
27
18
13
3
-15
-23
-12
-7
-17
-5
5
-9
-14
-14
-12
-26
-41
-40
-49
-56
-61
-61
-66
-70
-63
-38
-6
11
12
16
18
12
10
14
12
-1
-6
0
-3
11
35
58
61
55
49
28
2
-8
-1
-22
-24
-1
10
4
7
27
22
5
-4
-13
-32
-47
-47
-43
-41
-36
-22
-7
-6
-6
-10
-22
-27
-26
-22
-30
-31
-26
-20
-1
18
29
24
39
60
51
37
36
27
-4
-8
9
12
11
7
5
-2
-6
17
43
44
34
40
39
32
38
46
40
23
18
16
10
4
11
26
21
16
12
3
-8
-15
-19
-23
-29
-19
3
18
31
38
27
28
34
26
11
-10
-5
-19
-39
-30
-22
-20
-21
-3
8
-9
-12
-6
1
-8
-11
-11
-18
-30
-39
-34
-41
-39
-24
-19
-15
-6
-1
-3
4
7
3
-4
-10
-6
-19
-23
-16
-14
-15
-7
7
4
-1
3
8
-5
-27
-29
-32
-39
-35
-28
-28
-34
-22
-12
-21
-27
-22
-13
-19
-25
-25
-21
-15
-8
8
10
6
21
32
25
19
18
21
25
30
29
18
7
10
24
19
6
9
14
15
12
8
2
9
19
28
34
34
29
35
47
49
37
21
22
22
15
7
8
11
-3
-2
3
-1
-6
0
13
11
2
5
15
6
4
12
0
-14
-8
5
5
0
12
26
20
11
18
20
3
-12
-20
-35
-48
-41
-33
-23
-22
-20
-12
-17
-25
-22
-22
-41
-48
-34
-25
-24
-18
-1
-3
-8
5
17
21
26
29
25
10
3
1
1
7
15
19
10
8
9
15
15
18
20
-3
-15
-24
-30
-46
-56
-54
-55
-41
-19
-7
-6
-7
0
3
-8
-9
-2
7
9
7
20
26
26
13
3
-4
-19
-23
-12
-3
1
10
26
40
29
17
21
19
18
9
13
17
4
15
31
27
10
6
11
-16
-36
-29
-15
-21
-23
-6
-2
-9
-9
4
1
-18
-19
-8
-8
-22
-12
-1
2
22
42
49
32
18
20
16
14
20
31
25
13
10
-1
-8
-15
-9
-4
4
10
-7
-11
1
-1
-14
-17
-5
-6
-8
-8
-17
-26
-32
-14
-5
-9
-6
2
-15
-34
-28
-27
-43
-38
-13
-9
-15
4
30
29
16
16
18
1
-10
1
6
-7
-6
19
22
13
25
40
31
18
18
29
23
7
5
-4
-18
-1
28
41
40
40
32
9
-11
-12
-9
-14
-16
-9
-3
-7
-6
0
-6
-28
-34
-35
-37
-36
-38
-30
-22
-6
-4
-4
0
-14
-25
-17
-12
-24
-17
4
10
6
-1
9
16
16
26
29
16
6
12
29
30
28
29
22
19
25
44
42
13
-5
-14
-35
-54
-47
-42
-49
-49
-26
0
-3
-6
-3
-20
-33
-28
-19
-15
-11
7
29
39
58
55
32
27
22
17
14
16
28
16
-7
-13
-11
4
12
20
26
14
0
-1
-7
-11
-13
-18
-18
-29
-34
-35
-27
-12
-9
-14
-27
-42
-45
-44
-43
-35
-32
-25
-19
-13
-4
4
13
14
9
2
2
4
5
25
34
36
42
42
26
19
21
7
-2
-2
11
23
18
30
37
29
34
48
61
56
49
40
34
17
6
0
-3
4
-1
9
8
-8
-12
-14
-18
-37
-49
-42
-35
-32
-16
-5
-12
-17
-19
-20
-24
-22
-13
-13
-8
5
6
5
3
1
1
-10
-16
-16
-24
-25
-18
-7
2
4
10
20
25
14
-1
-15
-37
-55
-56
-40
-30
-18
0
10
16
9
3
-4
-2
2
0
14
17
21
33
43
49
45
37
25
20
12
5
1
1
-2
-7
-8
-26
-41
-32
-18
-11
-6
1
-4
-9
-6
-4
-2
-2
2
4
5
-3
-13
-12
-25
-33
-36
-34
-30
-27
-16
-12
-5
5
15
30
45
44
37
33
18
6
0
2
2
0
8
19
32
36
32
31
23
25
26
25
20
17
12
4
2
6
0
-8
-2
8
2
-2
7
11
-9
-14
5
10
1
3
4
-9
-12
-8
0
-9
-6
6
2
7
9
15
7
-7
2
1
-15
-25
-13
-14
-34
-33
-5
0
-12
-2
2
-11
-22
-22
-15
-26
-20
0
-8
-18
4
13
-10
-30
-42
-51
-60
-54
-25
-10
-6
13
20
7
3
5
-13
-34
-29
-10
-15
-24
-15
-17
-34
-27
2
1
-9
5
26
24
20
47
49
32
34
55
44
15
24
29
17
12
26
34
23
28
52
44
12
10
12
-1
-5
6
-2
-10
6
27
17
0
14
19
0
-8
10
6
-13
-3
3
-15
-37
-32
-23
-47
-48
-30
-24
-29
-12
4
-7
-10
-9
11
29
38
43
41
45
48
34
8
5
3
-12
-22
-6
9
-2
3
18
0
-31
-32
-20
-34
-37
-10
0
-18
-19
9
2
-23
-10
8
-13
-30
-7
5
-12
-10
14
6
-21
-7
17
-5
-22
-10
-11
-29
-39
-17
-18
-38
-31
-17
-17
-20
11
35
23
25
29
14
-2
4
20
15
19
41
42
29
40
43
26
18
16
11
-4
-6
2
-9
-15
-3
-4
-19
4
26
24
15
23
33
-4
-21
-6
-19
-35
-13
20
4
-23
-10
-19
-56
-68
-42
-36
-64
-52
-16
-15
-16
12
38
12
0
39
45
10
7
40
27
6
35
59
35
20
34
29
-2
-4
21
2
-31
-24
-9
-29
-43
-11
2
-21
-16
17
22
-10
-12
4
-10
-25
-19
-9
-9
-9
-3
-14
-25
-13
-3
-11
-9
19
22
15
18
22
20
10
12
5
-12
-6
15
22
22
25
18
3
-5
-1
-7
-15
0
17
-4
-20
-11
-10
-21
-8
23
21
2
10
29
15
-5
-2
0
-23
-30
-20
-36
-58
-43
-16
-12
-17
6
27
17
12
27
24
-10
-12
11
4
-13
0
20
6
1
24
28
3
-9
4
-8
-16
0
6
-10
-18
0
10
2
13
38
34
25
42
48
37
31
36
25
9
19
14
6
3
17
25
4
-2
1
-7
-17
-7
5
-16
-33
-28
-45
-68
-57
-31
-45
-51
-30
-31
-46
-50
-28
-39
-61
-46
-24
-37
-48
-10
2
-26
-29
2
6
-19
-9
18
-5
-15
29
49
14
11
45
39
6
16
47
24
0
32
47
4
-9
35
41
2
13
49
36
17
44
61
13
-22
-17
-30
-52
-46
-21
-24
-17
20
37
18
11
27
3
-14
7
18
0
-9
10
1
-26
-5
9
-9
-22
-2
9
-14
3
39
38
9
23
46
19
4
27
24
-15
-9
25
7
-28
-11
17
-8
-18
21
29
-7
-6
33
17
0
23
44
25
11
48
49
15
11
41
24
-10
12
18
-18
-29
-4
-6
-47
-45
-19
-37
-57
-41
-33
-58
-57
-25
-40
-70
-44
-20
-48
-77
-50
-40
-58
-51
-16
-17
-47
-25
6
-1
-8
25
31
-3
7
24
-5
-36
-27
-6
-15
-14
8
13
0
12
29
16
-4
1
4
-21
-14
20
18
14
36
64
42
27
52
41
14
23
57
40
16
47
56
16
0
38
33
-6
12
35
2
-41
-17
11
-20
-32
13
23
-24
-21
13
-7
-43
-30
-21
-53
-69
-15
23
8
17
45
26
-13
2
25
11
0
25
30
1
6
37
35
10
16
36
30
24
44
48
12
7
23
4
-22
-18
-14
-42
-49
-18
-15
-38
-25
9
15
1
11
17
-9
-20
2
-6
-28
-21
-2
-4
-5
15
26
17
10
29
26
13
8
13
3
-21
-12
-6
-27
-43
-20
-18
-36
-37
-41
-61
-77
-62
-56
-76
-74
-63
-67
-70
-53
-27
-26
-30
-8
0
-13
10
49
41
28
55
73
62
55
82
83
35
17
44
33
1
29
76
52
14
32
48
22
7
27
32
-6
-16
2
-12
-37
-34
-17
-26
-29
-4
2
-20
-25
-15
-13
-30
-28
-25
-56
-67
-52
-32
-12
6
28
33
35
34
27
27
28
25
16
11
12
3
-5
-6
1
-4
-12
4
14
2
-8
-5
-5
-18
-11
2
-1
-8
-4
1
-11
-1
18
18
10
8
13
-3
-9
10
11
-6
3
34
34
7
12
29
13
9
36
48
24
16
23
-6
-41
-35
-11
-15
-21
-2
5
-18
-22
5
4
-19
-14
-7
-25
-32
-7
-1
-21
-14
24
20
-1
16
24
8
-11
16
31
-4
-1
21
6
-18
5
30
10
-3
18
20
0
-3
11
1
-26
-21
-19
-40
-48
-30
-16
-18
-11
3
-3
-17
-15
-17
-32
-34
-19
-21
-31
-24
-27
-38
-33
-25
-24
-25
-10
-3
-16
-25
-15
-3
-2
8
25
17
-7
-4
5
0
-1
25
31
1
7
39
41
30
41
58
34
20
47
48
25
19
41
49
33
41
55
40
23
33
38
15
4
13
0
-22
-10
4
-7
-13
1
3
-21
-17
-5
-24
-50
-57
-54
-50
-43
-24
-9
-13
-6
-2
-11
-26
-30
-19
-24
-16
11
24
26
27
28
12
3
8
-8
-27
-32
-21
-21
-26
-12
10
4
4
19
8
-13
-8
11
3
-27
-27
-7
-20
-28
-5
11
2
1
22
41
32
34
42
29
8
11
20
-1
-20
-6
5
0
13
35
39
24
14
17
2
-17
-12
-13
-27
-26
-4
0
-7
-9
2
12
12
19
22
19
11
16
15
5
-10
-13
-11
-17
-23
-24
-23
-28
-20
-8
-17
-24
-16
3
7
-13
-11
-15
-19
-11
-4
1
-10
-15
-8
-11
-10
0
5
-6
-19
-23
-23
-29
-32
-27
-26
-15
12
37
40
30
21
16
6
11
22
34
39
39
42
35
27
35
36
16
7
6
16
24
31
30
23
27
31
37
30
21
19
1
-16
-19
-20
-15
-8
-2
-6
-21
-23
-9
-3
-7
-13
-22
-34
-31
-22
-22
-22
-12
-2
-5
-16
-29
-40
-48
-48
-44
-46
-51
-48
-32
-28
-36
-26
-21
-22
-29
-39
-50
-53
-38
-25
-16
-5
4
8
6
12
18
16
25
30
30
35
40
50
63
65
65
64
50
43
42
44
45
46
45
46
41
42
50
44
33
21
15
15
9
-3
1
-4
-23
-20
-12
-9
-11
-10
-7
-19
-36
-47
-46
-37
-23
-7
-2
-4
-4
-4
-1
-10
-7
-4
-4
4
9
12
16
21
26
31
22
17
3
-11
-27
-41
-41
-37
-14
7
8
20
31
27
16
10
16
11
-10
-11
-21
-37
-44
-44
-39
-43
-36
-16
-6
-11
-7
-10
-28
-38
-32
-42
-58
-49
-31
-19
-18
-10
-4
-10
-9
-9
-9
-6
-4
-3
-6
-6
12
12
10
12
8
-3
-11
2
17
11
10
19
9
-10
-22
-12
-7
-2
15
22
21
10
21
32
24
20
4
-8
-6
4
24
41
66
87
71
57
63
60
53
54
54
49
44
39
38
30
29
34
39
31
19
12
-4
-12
-18
-20
-33
-48
-55
-63
-71
-54
-26
-19
-30
-35
-28
-42
-57
-51
-48
-54
-52
-34
-25
-20
-11
8
8
-4
-7
-11
-18
-30
-30
-23
-13
9
31
34
32
29
31
24
4
-11
-9
0
5
13
13
8
8
10
16
19
23
23
18
4
-10
-6
-8
-7
1
11
15
10
13
18
14
9
13
13
0
-2
6
-1
-9
-8
3
10
9
-1
-4
-19
-27
-18
-17
-11
-7
5
8
0
2
10
3
-3
-3
-12
-26
-30
-27
-37
-40
-34
-25
-21
-15
-1
-3
-19
-27
-34
-44
-44
-24
-6
1
14
24
12
2
-1
8
10
17
31
28
14
15
30
32
36
29
24
5
-6
-7
-24
-27
-23
-10
-6
-5
16
34
31
19
10
11
6
8
7
-6
-10
2
14
11
18
33
23
19
17
20
16
8
15
15
12
18
25
18
5
-6
-14
-25
-27
-12
10
11
5
15
15
10
4
7
9
9
11
8
0
2
15
25
30
27
20
6
-2
1
6
15
23
34
33
23
19
13
5
-7
-16
-22
-28
-35
-45
-57
-56
-52
-53
-56
-51
-50
-41
-38
-48
-59
-64
-54
-57
-64
-64
-52
-26
-21
-17
2
19
21
23
19
6
-6
-9
-2
5
10
11
21
25
29
14
1
-2
8
28
22
17
8
9
17
10
11
16
11
1
4
15
15
12
24
31
33
33
42
44
19
17
23
24
16
10
17
10
-4
0
4
1
-3
-11
-6
-21
-22
-3
-11
-19
-8
1
-4
-6
5
5
6
16
18
9
-6
-10
-7
-4
-3
1
-3
-20
-24
-27
-15
-5
3
13
6
2
-3
2
-1
-4
5
18
31
20
12
3
-8
-6
-9
-2
13
13
13
14
14
0
-18
-20
-17
-11
-2
13
14
16
22
14
-7
-14
-8
-1
19
31
31
25
9
-5
-10
-13
-13
1
6
3
-2
2
5
-5
-11
-18
-24
-35
-37
-33
-29
-26
-19
-11
-9
-8
-12
-15
-19
-16
-12
-13
-18
-15
4
15
28
35
32
29
20
8
3
9
13
10
9
13
14
16
16
3
-7
-3
-6
-6
-13
-24
-31
-36
-40
-35
-15
2
2
-3
-15
-24
-29
-36
-33
-34
-28
-27
-32
-30
-31
-39
-35
-25
-19
-20
-15
-6
1
7
6
3
3
7
13
25
36
42
45
50
55
67
62
49
55
61
48
44
57
66
60
54
52
54
46
40
37
23
13
13
15
18
21
19
14
5
-1
-9
-16
-20
-24
-25
-35
-41
-43
-55
-49
-38
-33
-32
-32
-24
-29
-40
-37
-24
-24
-30
-24
-21
-30
-27
-11
-5
-7
-7
-10
-23
-29
-21
-22
-26
-15
2
3
-3
-4
-10
-10
-6
14
28
25
22
26
32
26
29
23
0
-2
7
8
0
-2
12
16
24
30
25
14
10
18
26
24
23
20
10
12
12
6
-14
-32
-32
-27
-28
-26
-20
-17
-27
-26
-23
-33
-26
-17
-19
-35
-21
-11
-14
-15
-14
-8
-5
2
10
6
-2
-1
4
1
-4
1
5
8
8
7
-4
-9
1
16
19
10
23
20
9
13
18
14
-2
2
5
-1
-9
-18
-17
-18
-4
21
34
44
49
49
47
49
53
45
27
13
9
8
9
9
2
-5
-4
1
-6
-5
-2
-9
-11
-22
-28
-15
-1
-1
4
-8
-34
-44
-45
-52
-64
-58
-36
-22
-17
-14
-19
-24
-33
-36
-24
-13
-2
0
4
1
6
25
37
48
55
61
53
35
22
19
26
30
46
55
49
42
32
33
32
23
22
25
32
32
21
4
-4
-1
-10
-26
-33
-49
-54
-49
-45
-47
-44
-36
-39
-42
-46
-52
-42
-31
-27
-24
-25
-16
-8
-17
-24
-26
-27
-13
-18
-26
-23
-12
10
13
7
-2
1
1
-5
0
3
3
1
13
16
0
-11
-11
5
15
17
21
22
21
14
1
-11
-12
-2
-5
1
8
5
0
6
17
19
16
16
19
14
1
-4
2
8
18
33
29
11
4
4
-9
-13
1
16
22
18
15
11
11
27
27
18
18
31
36
25
31
42
36
34
44
42
28
20
27
41
44
44
43
37
36
41
24
-5
-15
-12
-19
-32
-31
-36
-54
-62
-56
-63
-77
-71
-57
-57
-65
-61
-65
-77
-71
-59
-57
-55
-37
-29
-34
-33
-9
-7
-18
-15
-1
3
-3
15
22
0
-9
10
12
-1
8
11
1
-15
-6
11
4
9
35
53
44
44
57
46
19
25
34
15
10
25
23
13
22
32
26
10
12
20
-5
-20
-6
-16
-33
-25
-14
-31
-47
-24
-10
-31
-33
1
16
8
16
32
10
-18
-12
-7
-22
-23
6
15
-10
3
29
21
10
23
33
19
23
50
38
1
7
19
13
4
7
11
-10
-8
14
13
4
15
29
22
5
4
5
-10
-17
-1
2
-10
2
9
-10
-22
-9
-9
-18
-9
11
2
-23
-13
-15
-40
-55
-52
-45
-49
-31
-6
-1
0
16
23
6
2
18
16
-6
-11
4
-6
-21
-4
9
3
5
17
9
-9
-3
1
-14
-12
8
18
8
6
9
-5
-21
-6
8
9
15
25
30
23
30
43
38
27
23
23
13
14
28
25
14
19
26
8
-8
-8
-8
-23
-26
-20
-31
-46
-43
-34
-51
-54
-37
-32
-46
-50
-47
-53
-61
-48
-33
-35
-28
-6
5
3
0
6
4
1
12
14
8
13
30
33
29
37
48
43
39
41
35
23
18
33
31
31
42
53
52
38
32
32
14
0
2
-9
-12
-10
-15
-35
-58
-62
-59
-65
-56
-29
-7
5
11
8
-1
-16
-17
-18
-23
-16
-1
7
13
25
39
49
60
58
50
47
44
35
12
7
7
-11
-17
-13
-24
-43
-44
-25
-18
-28
-26
-21
-25
-33
-28
-23
-30
-22
-7
-10
-20
-6
6
-4
-4
9
15
9
6
26
30
19
26
31
15
1
19
33
19
14
21
12
-5
1
21
17
11
29
40
35
34
42
33
3
-4
-1
-13
-22
-11
1
-10
-6
9
14
6
3
4
-28
-56
-59
-64
-82
-84
-63
-62
-71
-50
-22
-10
1
22
30
19
15
27
18
1
-7
-7
-15
-21
5
21
12
11
14
9
-4
-10
-16
-36
-47
-33
-24
-29
-26
-9
-4
7
28
33
28
23
36
29
4
-7
4
9
4
8
-2
-25
-28
-7
7
1
0
12
7
4
14
21
28
44
58
47
29
39
52
36
20
24
21
12
10
17
3
-25
-30
-12
-7
-18
-7
8
-1
-16
-16
-11
-12
-5
14
6
-18
-11
-1
-7
-3
10
15
6
15
30
13
-4
-4
7
-4
-21
-8
-6
-19
-9
15
23
16
20
25
13
6
5
-6
-23
-29
-19
-19
-20
-3
10
12
17
22
21
15
22
31
19
4
-4
-18
-27
-20
-4
-7
-21
-26
-16
-20
-25
-7
1
-15
-25
-18
-26
-46
-37
-14
-13
-10
10
15
0
-11
-4
-6
-33
-46
-43
-48
-64
-60
-41
-35
-20
3
13
0
-8
-5
-12
-24
-18
0
6
6
22
27
16
15
22
20
13
6
0
6
12
27
30
17
9
11
3
-6
1
5
-1
12
33
38
35
37
49
56
59
50
42
35
18
18
20
15
19
21
17
21
11
6
20
30
28
9
-9
-11
-4
-2
-8
-9
-17
-19
-18
-22
-21
-12
-1
0
-14
-21
-31
-35
-25
-11
-7
-8
6
24
20
11
1
-1
-5
-4
9
18
15
8
11
3
-8
-8
-8
-24
-33
-34
-38
-45
-30
-7
-10
-23
-30
-23
-20
-14
1
-1
-1
9
11
8
-5
-6
-11
-19
-17
-10
6
10
17
34
37
42
55
52
32
14
-6
-18
-19
-9
-10
-29
-35
-18
-6
-6
0
8
3
1
-4
-21
-40
-59
-57
-50
-56
-56
-44
-30
-20
-2
6
1
6
17
24
4
-6
-6
-9
-3
3
16
23
26
40
42
44
49
51
45
39
40
30
15
14
23
17
5
8
8
-1
1
1
-18
-33
-16
-1
-2
-6
-3
9
4
7
32
40
35
34
37
26
14
19
22
15
14
19
21
14
9
-8
-37
-56
-48
-41
-50
-47
-34
-41
-54
-45
-41
-45
-52
-46
-38
-47
-48
-34
-29
-20
7
32
31
29
45
55
54
55
50
43
40
46
49
39
28
30
14
3
14
28
21
1
-2
-4
-23
-24
-9
-3
-13
-26
-27
-37
-38
-25
-21
-21
-6
12
16
7
9
10
4
10
28
28
14
19
21
17
17
31
32
16
7
7
3
-3
-3
3
1
-2
7
5
-7
-13
-23
-27
-25
-29
-46
-59
-59
-54
-55
-71
-72
-64
-67
-72
-65
-49
-45
-48
-32
-29
-34
-29
-15
-7
-4
3
8
15
30
47
47
42
50
57
50
40
43
42
43
48
57
64
59
66
79
85
76
65
50
42
38
35
26
11
0
-4
-6
-15
-20
-30
-30
-35
-39
-52
-71
-71
-69
-64
-51
-31
-16
-6
8
10
5
-6
-13
-23
-33
-30
-18
-9
-5
13
16
20
35
31
26
23
14
6
14
24
21
26
34
45
47
35
25
18
9
1
-10
-8
-10
-12
-12
-20
-30
-43
-39
-32
-13
9
8
15
15
5
1
0
-2
-7
-14
-19
-20
-7
4
5
-3
-21
-23
-8
9
10
6
6
10
13
16
16
-3
-7
-6
-8
-19
-37
-46
-36
-17
-6
8
19
31
35
30
25
24
16
12
16
14
10
15
18
9
-9
-18
-18
-32
-33
-37
-54
-61
-65
-62
-51
-41
-25
-7
4
1
-1
-2
-11
-14
-15
-18
-21
-25
-21
-26
-27
-26
-14
3
12
20
26
34
40
35
28
22
24
37
56
64
65
71
58
45
47
47
37
28
27
18
3
-2
-1
5
18
24
18
10
6
6
-1
1
0
-8
-8
-8
0
-7
-16
-15
-28
-34
-35
-43
-47
-42
-19
-18
-21
-6
2
6
-1
-2
-11
-20
-13
-1
4
0
2
17
22
28
34
30
21
11
3
-9
-18
-13
-5
-7
-18
-23
-16
-16
-16
-14
-6
3
0
0
-8
-13
-10
-12
-14
-25
-36
-43
-48
-39
-22
0
15
24
25
19
14
13
7
4
9
20
37
45
43
28
7
-4
-7
-8
-8
5
7
-2
-3
-1
-1
-5
-8
2
4
5
7
6
8
5
3
5
9
8
9
4
-4
-5
-5
2
8
9
6
4
-1
1
-1
5
17
18
22
20
20
18
8
-9
-22
-28
-32
-23
-17
-24
-33
-28
-26
-25
-18
-16
-6
1
9
15
8
16
23
17
13
7
-4
-9
-13
-15
-16
-21
-12
-1
-2
-10
-11
-7
-10
-4
4
5
-8
-20
-13
-16
-26
-20
-18
-11
-10
-18
-19
-24
-24
-12
-8
-7
-3
9
26
44
48
44
38
33
32
25
27
30
24
18
23
19
10
7
10
35
47
38
35
28
13
6
-2
-12
-23
-37
-31
-19
-3
9
12
21
30
29
13
-4
-1
-1
-15
-20
-10
-14
-9
10
15
18
11
10
11
1
0
-5
-12
-16
-4
7
-3
-14
-27
-30
-31
-30
-27
-24
-22
-17
-17
-30
-39
-41
-32
-20
-7
1
5
11
13
10
7
-2
-14
-15
-20
-22
-28
-32
-30
-22
-13
-3
16
28
30
38
40
39
32
20
14
-1
-6
-5
3
10
9
2
-15
-25
-18
-6
3
2
-6
-8
-2
3
9
14
13
12
10
-2
-9
0
5
11
8
3
-1
-9
-4
-1
-4
-11
-8
-7
-22
-28
-16
-8
-2
5
12
11
12
26
27
24
24
14
3
-13
-12
-4
-8
-3
10
12
0
-3
0
-5
-14
-6
6
6
8
8
6
-4
-7
3
-2
-6
14
30
34
29
25
30
36
34
35
35
25
23
17
-3
-12
-8
-10
-11
1
9
11
10
8
-1
-14
-26
-42
-56
-62
-56
-56
-47
-18
-1
5
-13
-26
-25
-23
-19
-5
3
1
-1
0
-9
-15
-5
3
7
17
28
33
20
11
18
15
9
13
14
11
21
30
29
15
0
-8
-15
-18
-15
-21
-17
-10
-6
-5
-6
10
24
29
33
30
21
14
13
18
11
3
4
11
5
-5
-8
-15
-20
-20
-23
-25
-32
-33
-22
-10
-8
-13
-14
-17
-25
-31
-41
-32
-20
-11
-3
1
-4
-13
-12
-2
3
-12
-23
-18
-21
-21
-11
1
-2
-6
5
7
-1
-5
-8
-11
-17
-18
-15
-20
-21
-10
-4
1
4
7
12
8
6
13
18
24
32
31
28
30
27
36
39
39
37
31
34
33
28
30
33
38
50
51
43
46
49
59
64
61
57
41
31
17
5
-4
-12
-15
-19
-13
-14
-19
-24
-29
-30
-35
-43
-40
-37
-28
-21
-24
-28
-32
-40
-51
-60
-61
-50
-30
-13
-4
-6
-5
4
10
6
-6
-12
-21
-24
-15
1
13
20
27
29
22
7
-6
-4
-4
2
6
3
9
11
17
29
28
24
14
0
-5
-19
-24
-28
-33
-29
-28
-30
-34
-40
-44
-39
-30
-28
-25
-31
-35
-25
-9
5
11
18
26
31
23
17
11
5
18
30
29
25
25
28
22
18
16
10
6
-11
-19
-21
-27
-32
-28
-28
-35
-33
-35
-26
-17
-11
-4
-5
-3
2
2
-1
1
2
3
16
22
23
29
34
35
27
26
23
17
11
7
6
2
-3
-2
1
8
15
23
33
38
37
27
23
21
19
21
12
11
6
6
9
21
33
26
33
44
44
33
26
24
20
18
18
13
9
4
4
11
8
13
9
5
10
7
0
-4
-1
-3
-13
-21
-35
-57
-68
-73
-68
-54
-43
-30
-22
-24
-28
-35
-41
-43
-51
-47
-44
-45
-42
-32
-10
0
6
11
15
16
4
-1
-7
-15
-5
-2
1
1
8
5
-5
-5
-19
-19
-5
8
9
-3
-19
-31
-40
-44
-35
-22
-13
-13
-10
-5
7
18
14
8
8
9
3
4
17
28
42
48
43
30
16
23
28
24
24
18
9
9
-1
-13
-19
-19
-5
2
7
17
23
29
32
31
28
24
18
20
18
11
-1
-4
1
3
8
3
0
-10
-14
-17
-15
-2
6
10
8
5
11
6
-5
1
3
7
0
-5
-4
8
27
35
40
24
15
19
9
-3
-8
-18
-16
-4
-1
-4
-14
-14
-15
-20
-16
-8
-7
-12
-9
1
-1
-3
-3
-2
-5
-8
-2
-4
-7
-7
-4
-2
-5
0
-5
-7
7
13
12
4
-4
-18
-30
-27
-27
-19
-11
-8
6
14
14
14
9
3
-5
-11
-5
13
34
47
48
46
45
28
15
6
-12
-19
-25
-25
-12
-11
-10
-12
-17
-18
-30
-41
-52
-51
-34
-35
-35
-30
-31
-24
-23
-17
-21
-34
-37
-16
3
7
7
18
30
32
28
11
-11
-22
-20
-13
-11
-9
-2
5
-5
-21
-18
-9
5
18
18
17
10
-4
-9
-5
-3
-10
-11
2
20
21
16
24
28
27
30
24
10
-2
0
5
23
44
45
41
29
29
34
26
16
20
29
40
37
22
12
9
18
24
23
29
30
32
33
22
16
10
-1
-2
-3
-16
-23
-20
-10
-12
-14
-16
-23
-15
-7
-6
-10
-26
-33
-26
-25
-18
-6
-4
-5
-7
-15
-26
-33
-37
-30
-26
-21
-18
-20
-11
-7
-7
-9
-15
-15
-13
-4
-5
-17
-26
-27
-14
-1
4
17
21
31
36
28
18
2
-5
-4
-3
1
-4
-4
7
15
24
26
26
30
37
40
31
20
9
-6
-16
-19
-25
-20
-10
-6
-10
-23
-27
-33
-31
-19
-19
-33
-38
-34
-33
-36
-35
-26
-21
-18
-8
2
3
0
17
31
29
16
2
2
-6
-13
-10
-17
-17
-8
0
12
21
18
20
27
31
40
33
21
19
10
9
1
-14
-13
-12
-7
-7
-7
-5
-6
5
7
-7
-24
-29
-26
-27
-31
-22
-16
-11
0
6
14
13
23
33
34
28
25
25
16
19
20
20
27
29
32
35
43
51
49
48
50
48
46
38
41
48
46
51
47
44
40
25
15
8
0
-15
-24
-26
-31
-34
-31
-28
-27
-39
-44
-45
-34
-24
-28
-28
-36
-39
-38
-38
-33
-31
-31
-25
-20
-16
-18
-14
-13
-19
-33
-32
-34
-36
-27
-25
-21
-17
-10
-6
-5
-5
-10
-21
-23
-16
-18
-24
-23
-27
-30
-29
-25
-12
3
7
15
23
22
21
16
-2
-15
-26
-37
-35
-37
-30
-14
-3
6
19
27
37
42
43
32
12
-3
-12
-12
-12
1
21
45
56
60
61
50
55
63
60
55
48
40
35
33
30
21
12
18
24
28
29
19
15
15
11
-4
-15
-10
-13
-20
-30
-40
-38
-40
-32
-31
-39
-43
-34
-20
-17
-24
-31
-30
-27
-32
-34
-29
-10
11
19
16
7
-2
3
11
15
19
20
21
21
36
34
18
10
13
18
24
29
19
4
-7
-7
-11
-26
-23
-12
-7
-14
-22
-20
-20
-30
-22
-10
0
6
12
18
15
18
22
26
24
6
1
1
-5
-2
-2
-3
8
14
16
14
6
-7
-19
-18
-14
-11
-17
-17
-18
-19
-10
-10
-16
-28
-36
-31
-26
-23
-8
1
-3
-9
-10
-12
-17
-17
-14
-10
-6
-1
0
1
9
20
20
14
17
13
1
-4
-7
-2
-9
-19
-19
-22
-24
-19
-9
0
-1
3
8
3
-4
-3
-2
0
3
3
7
16
26
28
30
37
49
54
45
35
24
20
22
19
7
-3
-1
3
1
8
12
11
10
10
3
-13
-16
-9
-5
-2
-7
-24
-19
-18
-16
-6
-7
-13
-7
-3
-5
2
12
7
4
3
0
-6
-15
-14
-9
-11
-13
-13
-13
6
14
17
22
25
28
21
15
13
11
1
-6
-13
-15
-22
-26
-18
-11
-5
-6
-16
-17
-17
-16
4
24
40
44
34
20
5
-2
1
2
5
17
34
42
47
38
23
11
2
-8
-17
-21
-22
-29
-35
-30
-31
-33
-42
-49
-52
-45
-34
-28
-20
-15
-16
-23
-14
-5
-11
-21
-25
-29
-22
-13
5
22
20
18
15
15
18
12
9
8
8
19
27
23
27
27
10
-11
-15
-8
0
19
35
37
32
13
1
-7
-17
-16
-15
-14
-7
-2
-1
-10
-20
-9
-6
6
14
12
8
2
8
17
17
17
18
24
23
10
6
2
3
0
-3
-15
-20
-8
-5
-3
-6
-4
1
-3
-12
-27
-42
-51
-56
-46
-33
-23
-17
-10
7
22
25
23
25
34
37
31
34
36
26
22
16
19
9
-5
-4
-8
-1
21
41
61
68
60
47
26
16
2
-9
-22
-27
-24
-23
-20
-14
-11
-15
-11
-11
-20
-19
-13
-4
-10
-24
-20
-15
-22
-28
-26
-33
-42
-34
-26
-23
-20
-18
-8
4
5
9
11
13
12
11
7
10
16
20
22
15
9
4
0
-3
-6
-12
-6
-8
-23
-19
-16
-16
-11
-14
-12
-11
2
19
30
42
38
33
26
10
-3
-18
-37
-41
-30
-14
-5
-4
1
6
12
15
20
22
17
-1
-25
-31
-21
-14
-8
-2
2
14
20
23
31
40
43
36
25
7
-14
-26
-25
-13
-6
1
8
9
9
7
17
21
14
18
18
13
7
10
11
7
3
-4
-13
-24
-26
-24
-21
-23
-24
-24
-23
-12
-12
-12
-7
-15
-15
-15
-28
-36
-41
-40
-34
-30
-27
-16
0
3
14
25
16
7
4
9
11
7
7
19
24
29
38
48
44
43
51
50
45
34
26
25
24
15
11
9
3
5
4
-2
2
2
-1
6
7
10
11
14
5
-4
-4
-8
-2
-2
-2
-4
-8
-9
-6
-13
-21
-25
-31
-34
-30
-27
-26
-21
-22
-26
-34
-34
-39
-53
-59
-44
-30
-25
-19
-19
-9
-7
0
8
13
14
18
22
4
7
20
28
34
25
22
17
5
2
5
10
2
-5
2
0
-2
2
-12
-22
-20
-26
-22
-25
-25
-7
4
24
24
15
11
8
18
23
19
14
10
7
12
19
20
15
18
18
9
-3
-17
-25
-29
-19
-2
11
14
7
3
1
7
7
13
16
9
1
-1
3
3
8
21
30
31
21
10
9
13
9
3
0
4
4
0
-1
-7
-9
-3
-5
-13
-10
-8
-7
-13
-15
-13
-11
-6
-2
5
7
8
11
5
-3
-4
0
1
1
1
-10
-19
-18
-14
-15
-15
-11
-1
7
0
-9
-21
-22
-20
-23
-20
-17
-6
-4
-4
2
9
16
21
27
22
8
-5
-20
-25
-10
7
12
19
17
10
9
5
2
1
1
6
3
-3
-5
3
11
10
11
13
19
16
15
12
1
-5
-17
-23
-23
-31
-29
-17
-12
-5
-5
-5
-5
-16
-33
-40
-41
-30
-19
-11
0
9
10
5
-1
2
4
3
13
15
13
13
14
17
21
32
32
25
22
14
-2
-16
-11
-14
-24
-27
-8
13
14
18
21
16
7
9
7
-1
-6
-8
9
16
15
11
2
13
22
22
34
35
37
34
21
14
6
5
5
2
-3
-9
-17
-20
-17
-11
-5
-16
-23
-21
-15
-9
-12
-5
2
-1
-9
-9
-9
-7
-1
3
6
8
10
6
5
-5
-16
-22
-35
-36
-30
-30
-33
-29
-11
8
11
17
16
11
12
16
16
6
4
11
13
9
7
2
-10
-7
19
27
20
3
-12
-21
-29
-33
-32
-27
-23
-27
-26
-24
-18
-8
-18
-15
-13
-11
-5
-15
-21
-17
-14
-7
-1
2
8
11
18
26
40
50
48
47
48
49
36
23
10
-5
-9
-5
0
5
5
13
13
-4
-8
-12
-7
-9
-8
5
2
-8
-9
-9
-13
-13
-13
-12
-12
-3
7
13
16
20
30
32
38
41
32
33
23
15
11
9
10
7
7
6
6
3
3
6
-4
-22
-35
-47
-50
-48
-48
-46
-42
-37
-25
-18
-25
-31
-33
-32
-28
-18
-3
12
16
25
42
38
30
24
18
13
7
6
0
-11
-9
-4
-2
4
16
11
2
0
4
12
10
10
7
2
2
-2
-5
-4
-3
-4
0
10
7
0
1
-1
3
20
33
27
27
28
17
17
13
14
6
-6
-4
-4
-1
5
11
7
-2
-17
-25
-32
-43
-42
-44
-45
-47
-37
-31
-33
-36
-44
-33
-25
-19
-13
-20
-19
-18
-14
-5
-7
-12
-14
-4
5
21
36
31
41
48
39
31
24
25
27
34
35
44
57
48
38
37
26
17
2
-1
18
35
36
35
27
10
-2
-14
-23
-21
-25
-33
-35
-37
-31
-19
-6
0
-3
-7
-12
-17
-15
-11
-15
-7
0
-3
-5
-7
-13
-28
-44
-48
-43
-32
-17
-7
-13
-4
5
7
13
15
17
10
9
18
21
29
35
35
32
18
16
21
24
22
20
16
3
-8
-9
-13
-12
-10
-15
-17
-13
1
20
40
44
26
11
-1
-14
-19
-24
-32
-34
-31
-26
-12
1
7
0
-10
-19
-23
-23
-14
-10
-14
-19
-30
-40
-52
-46
-38
-30
-15
-5
-1
3
15
14
1
-7
-8
0
4
0
6
26
43
58
60
58
37
22
19
19
21
20
17
7
20
34
44
54
51
33
15
19
10
