0
13
20
18
13
19
28
33
45
48
49
52
49
49
57
60
58
60
64
70
74
72
63
55
49
46
46
51
57
63
62
46
35
26
11
-3
-19
-36
-40
-40
-42
-35
-23
-19
-13
-18
-24
-24
-32
-37
-52
-66
-75
-74
-70
-64
-50
-39
-28
-19
-23
-16
-6
-5
-2
0
-3
-9
-16
-18
-3
4
10
18
13
12
5
3
10
7
9
13
14
6
-4
-4
4
9
9
14
19
21
17
2
-14
-16
-24
-20
-16
-13
-8
-4
-3
-6
-14
-22
-29
-37
-32
-29
-37
-36
-36
-41
-41
-45
-38
-24
-10
-5
-8
-15
-27
-23
-21
-16
-3
9
17
17
30
32
24
25
23
34
47
52
53
43
32
15
0
-13
-21
-20
-28
-28
-32
-40
-21
-3
14
24
15
6
1
-8
-23
-28
-24
-19
-2
15
26
32
35
38
36
47
67
71
56
39
22
14
14
10
8
8
7
9
0
0
6
8
20
21
27
30
31
28
10
11
10
18
24
30
36
37
39
33
29
19
18
16
14
-1
-19
-28
-42
-46
-47
-29
-13
-5
-3
-6
-5
-5
-7
-18
-20
-17
-17
-19
-17
-18
-21
-17
-12
-1
8
5
-4
-10
-18
-21
-17
-18
-21
-18
-15
-8
-13
-26
-25
-26
-33
-36
-38
-43
-33
-23
-18
-8
-14
-25
-30
-41
-54
-62
-62
-60
-47
-33
-26
-12
0
10
21
28
35
43
38
25
6
-11
-17
-22
-22
-19
-1
22
27
32
28
21
13
14
14
2
-1
-2
4
8
7
15
22
38
46
49
44
31
28
24
13
2
-8
-12
-15
-13
4
14
28
32
24
17
7
10
13
11
5
-6
-6
2
-1
-7
-6
5
11
9
9
5
1
3
13
20
27
20
11
6
0
-7
-9
-1
-4
-3
7
22
29
25
19
14
16
22
32
32
23
22
14
4
4
6
15
27
31
36
39
38
30
18
7
-3
-12
-25
-41
-52
-55
-59
-53
-38
-29
-25
-24
-27
-40
-52
-59
-69
-66
-58
-48
-36
-27
-19
-12
-6
-3
-8
-17
-15
-15
-15
-10
2
9
18
28
26
24
5
-8
-7
0
3
-1
0
-1
-5
-1
14
24
30
33
31
33
26
4
-22
-39
-38
-24
-14
-2
8
11
13
24
32
32
23
4
-13
-14
-13
-8
-6
-9
-12
-17
-5
6
-8
-19
-24
-25
-20
-26
-32
-28
-26
-29
-31
-18
-4
-4
-12
-20
-20
-15
-17
-16
-6
13
24
27
28
35
42
41
47
44
39
37
41
46
56
56
51
47
39
37
33
34
34
33
24
28
31
17
14
15
17
6
-11
-19
-17
-12
-10
-9
-1
-3
-2
1
2
7
15
23
17
2
-18
-27
-40
-43
-35
-37
-27
-24
-25
-23
-19
-10
-10
-22
-32
-29
-26
-13
-10
-11
-12
-19
-19
-19
-17
-13
-19
-27
-27
-27
-15
2
7
3
-2
2
7
-1
2
4
4
13
11
10
11
14
19
18
22
27
28
25
23
31
36
41
34
23
13
3
6
2
-1
6
13
22
16
7
-18
-23
-19
-31
-38
-48
-55
-58
-58
-53
-38
-35
-30
-30
-40
-33
-36
-46
-50
-55
-53
-39
-27
-24
-16
-19
-21
-19
-20
-17
-5
9
12
16
21
27
35
49
58
62
62
67
71
75
84
83
75
53
33
20
12
12
12
10
7
5
16
26
23
11
-9
-21
-19
-1
11
22
25
7
2
2
10
24
25
22
17
5
-8
-25
-34
-34
-34
-38
-38
-33
-38
-43
-35
-21
-14
-11
-11
-16
-14
-20
-30
-35
-35
-26
-15
-13
-12
-18
-28
-18
-6
0
9
18
30
46
55
51
42
34
36
50
64
71
73
66
51
40
31
30
32
33
34
37
26
14
11
10
11
-1
-28
-41
-32
-28
-25
-28
-27
-25
-32
-38
-45
-61
-60
-51
-39
-33
-39
-35
-37
-48
-56
-59
-51
-54
-60
-62
-62
-58
-66
-64
-50
-50
-51
-47
-45
-45
-45
-32
-19
-10
0
11
21
23
38
59
71
81
76
71
61
50
40
34
33
45
52
51
50
53
55
55
55
46
43
36
33
32
30
33
39
39
34
28
20
14
6
-9
-20
-31
-40
-39
-40
-38
-35
-32
-29
-25
-22
-11
-12
-16
-5
-3
6
14
16
12
-2
-20
-32
-26
-9
-7
-9
-20
-24
-27
-35
-37
-44
-41
-38
-36
-20
-24
-23
-10
1
8
12
18
20
29
35
39
42
34
36
38
39
45
51
52
51
51
54
54
51
51
51
54
57
62
56
45
31
15
2
-12
-29
-41
-52
-50
-33
-18
-4
1
2
1
-19
-44
-58
-68
-72
-76
-69
-53
-48
-42
-39
-32
-30
-32
-41
-51
-50
-56
-63
-67
-67
-61
-59
-55
-45
-36
-32
-25
-17
-12
-5
-5
-13
-14
-9
-7
-7
-3
10
27
43
57
69
73
74
73
73
73
79
74
71
74
73
74
64
55
51
44
35
32
35
34
28
17
8
-7
-30
-46
-48
-36
-33
-35
-43
-52
-53
-48
-47
-49
-40
-36
-29
-23
-25
-34
-44
-45
-45
-39
-29
-26
-19
-23
-22
-13
-5
9
17
22
26
33
34
27
16
8
17
31
40
51
62
64
72
77
79
77
64
57
55
45
37
32
30
31
30
21
11
1
-20
-22
-12
-7
-2
-3
1
4
-4
-20
-34
-37
-39
-39
-38
-41
-39
-32
-13
-1
-2
-1
-6
-18
-21
-23
-29
-41
-51
-54
-57
-62
-64
-58
-48
-36
-19
-9
-9
-25
-36
-38
-33
-22
-17
-4
0
-1
8
10
10
16
22
21
23
24
18
17
14
18
23
18
22
28
34
35
30
36
43
38
33
21
9
11
3
-3
-13
-20
-17
-16
-5
4
2
1
-9
-14
-25
-25
-22
-28
-27
-28
-29
-19
-14
-7
-3
-2
8
14
15
10
-3
-18
-43
-57
-55
-50
-39
-21
-1
13
20
25
25
20
25
30
44
45
46
50
38
38
51
55
56
54
55
59
56
58
63
48
30
20
11
10
21
20
3
-8
-11
-7
-3
-1
-4
-7
-12
-27
-34
-35
-37
-35
-35
-26
-19
-23
-36
-43
-43
-46
-43
-41
-44
-46
-47
-53
-63
-61
-51
-22
-4
-8
-16
-22
-24
-26
-23
-14
-8
-8
-5
0
7
3
2
14
27
46
52
54
58
55
50
56
64
61
57
50
43
37
29
19
10
5
17
29
38
35
30
33
27
8
-15
-25
-21
-22
-28
-25
-22
-21
-34
-50
-53
-52
-59
-60
-63
-71
-73
-63
-41
-25
-23
-11
-5
-12
-20
-24
-14
-11
-2
0
7
13
11
4
-3
-2
-2
-8
-15
-12
-12
-8
-2
-5
-6
2
13
16
15
15
21
20
16
18
28
33
26
27
30
33
34
33
33
24
13
17
32
43
40
50
42
28
24
16
17
20
24
23
29
30
33
28
20
12
-2
-19
-35
-38
-45
-50
-53
-53
-43
-36
-28
-22
-16
-15
-25
-21
-20
-26
-24
-25
-20
-11
-7
1
4
6
10
6
-2
0
5
2
5
6
10
12
10
20
29
31
31
30
23
15
16
18
2
-6
-9
-8
-2
5
15
18
18
14
7
2
-1
-6
-16
-23
-23
-22
-15
-4
-7
-17
-24
-27
-26
-21
-17
-15
-12
-14
-20
-28
-30
-35
-37
-30
-16
-10
-13
-12
-7
-3
9
17
18
10
12
19
20
18
10
4
-10
-22
-21
-17
-11
-11
-7
5
11
15
19
25
30
19
13
13
5
-3
-7
-6
-6
-3
-3
-4
3
12
25
30
38
37
45
39
21
16
17
22
25
26
18
6
-3
-3
3
5
0
-6
-15
-24
-34
-48
-53
-49
-43
-31
-17
-18
-27
-26
-23
-18
-12
-7
-9
-12
-21
-27
-16
-7
1
6
7
15
11
10
14
19
35
35
44
51
52
50
42
44
35
20
20
25
26
21
11
4
-7
-7
6
22
30
38
32
21
10
3
-7
-19
-20
-25
-25
-23
-23
-18
-5
-2
-7
-9
-12
-11
-25
-33
-29
-30
-27
-19
-15
-18
-19
-17
-13
-12
-9
-5
-8
-15
-21
-24
-22
-17
-21
-20
-15
-7
5
9
8
-5
-22
-25
-23
-27
-22
-18
-7
5
16
25
23
25
23
15
6
-2
-16
-27
-28
-12
8
13
12
10
17
17
7
4
5
4
5
10
11
14
12
10
13
11
19
29
20
12
6
5
13
5
-5
-7
-10
-3
-1
-7
-8
-3
0
1
5
3
-8
-17
-21
-15
-1
9
13
8
-3
-8
-7
-12
-9
-6
-10
2
9
13
23
28
35
39
39
39
35
28
21
6
-3
-8
-13
-9
-2
0
6
12
10
7
9
11
2
-8
-9
-10
-7
3
13
27
27
20
17
10
7
2
-6
-3
-4
-4
0
0
-6
-18
-27
-27
-31
-42
-50
-56
-53
-44
-36
-30
-22
-23
-16
-14
-17
-16
-28
-31
-24
-20
-20
-16
-4
11
19
29
32
23
19
16
9
7
11
13
24
30
33
33
28
24
17
12
9
9
8
8
10
8
0
-5
0
-1
3
-2
-6
-6
-8
-5
-8
-12
-14
-10
-4
-10
-17
-31
-42
-48
-46
-31
-15
-13
-11
-9
-6
-1
-2
7
18
16
14
6
-3
-13
-19
-11
-3
11
17
17
16
13
18
29
24
20
15
3
-10
-23
-19
-2
15
23
34
42
44
38
29
18
8
-2
-12
-20
-17
-3
3
17
29
37
32
32
36
27
13
5
4
7
10
4
5
11
13
12
10
-1
-12
-14
-14
-13
-16
-7
2
-4
-17
-28
-31
-37
-40
-40
-51
-65
-62
-59
-42
-26
-21
-6
5
14
6
8
13
9
10
6
14
17
18
20
23
28
31
29
31
31
19
7
6
1
-11
-3
3
-6
-17
-28
-23
-12
-8
5
8
9
8
8
14
16
14
14
10
0
-14
-14
-11
-14
-20
-23
-15
-8
-1
0
-9
-10
-20
-29
-20
-36
-52
-58
-56
-47
-49
-42
-26
-12
-2
5
5
-1
-7
-2
-4
-13
-6
-8
-5
6
24
39
40
46
52
48
56
69
71
65
52
43
28
21
18
14
11
13
14
16
24
30
27
16
12
-4
-8
-12
-12
-17
-23
-28
-29
-23
-15
-9
-3
12
20
20
7
-14
-24
-33
-35
-30
-26
-16
-15
-16
-7
-2
-4
0
7
7
4
4
-1
-2
-9
-12
-6
2
9
11
12
11
12
22
24
17
8
-5
-3
-14
-20
-25
-40
-41
-33
-15
-8
7
22
22
22
18
16
15
4
-13
-13
-16
-14
-14
-7
10
19
23
19
14
-5
-13
-2
6
8
12
10
9
9
9
18
29
22
13
4
-9
-25
-39
-38
-38
-42
-40
-31
-27
-33
-36
-35
-26
-14
-4
9
16
16
10
-4
-13
-32
-33
-24
-17
-14
-14
3
25
35
36
37
37
36
38
44
40
38
31
19
13
8
1
-1
10
16
15
10
-3
-9
-9
-6
-9
-18
-14
0
11
17
3
-11
-16
-31
-32
-27
-17
-17
-14
-4
-10
-26
-37
-27
-17
-11
-3
4
7
-1
2
9
16
16
6
5
8
7
0
-5
-2
-1
9
23
29
27
34
42
52
48
32
14
3
-3
-7
-6
5
12
10
22
34
39
49
61
67
62
41
20
-1
-23
-24
-18
-15
-7
-6
-7
-14
-38
-53
-57
-47
-36
-27
-21
-23
-31
-37
-30
-25
-23
-26
-30
-25
-19
-17
-21
-15
-11
-7
-7
-13
-11
-7
-6
-6
-12
-16
-15
-12
-13
-3
9
12
16
19
19
17
11
10
-2
-22
-33
-38
-32
-17
-5
3
10
14
15
17
19
5
-7
-8
-1
4
-8
-18
-22
-13
6
10
13
10
9
14
16
22
25
27
34
33
30
26
24
19
21
24
25
23
20
22
29
40
33
25
27
18
6
-6
-10
-16
-12
-4
-14
-28
-28
-29
-25
-23
-21
-20
-27
-26
-23
-13
-8
-11
-19
-15
-5
5
17
24
22
14
12
6
1
-8
-12
-9
-7
-3
-7
-7
2
12
28
35
26
24
31
37
41
27
13
-2
-10
-13
-16
-14
-17
-15
-16
-17
-20
-18
-10
-4
-7
-15
-12
-2
5
7
2
-1
-6
-10
-7
-4
1
4
4
8
13
13
0
-5
-4
-7
0
5
5
3
-2
-9
-13
-14
-15
-12
-10
-13
-23
-30
-29
-26
-20
-13
-1
4
2
9
7
5
0
-10
-16
-20
-15
-16
-17
-15
-15
-10
-14
-15
-20
-24
-23
-24
-29
-29
-34
-33
-18
-5
0
9
15
9
15
23
30
38
39
40
55
62
54
48
49
48
40
33
29
28
25
26
27
34
35
33
37
29
15
4
-3
-11
-20
-19
-13
-7
-1
0
-4
-11
-20
-26
-21
-20
-26
-32
-33
-35
-39
-30
-18
-9
-6
-7
-1
-1
0
10
6
6
4
-4
-14
-24
-30
-40
-42
-27
-11
-7
6
15
20
25
16
22
30
36
40
35
25
18
13
7
0
8
24
25
11
0
-13
-15
-12
-20
-23
-13
-8
1
20
30
30
21
10
1
-2
-1
2
9
11
8
13
16
3
-13
-33
-45
-53
-44
-37
-33
-26
-20
-9
-2
8
13
11
5
-15
-31
-31
-22
-12
-12
-16
-18
-26
-24
-15
-13
-8
1
8
4
-2
0
11
19
29
31
21
19
9
-3
-9
-13
-14
-13
-6
0
-3
-5
-11
-23
-24
-26
-23
-22
-26
-15
-14
-17
-18
-7
9
11
13
24
25
21
11
-1
-8
-6
8
21
25
27
27
35
39
29
23
15
13
17
25
37
35
27
29
22
13
12
17
30
36
36
30
19
15
10
9
11
5
3
1
-2
6
19
26
30
24
20
16
6
-12
-21
-19
-15
-17
-22
-24
-19
-25
-31
-24
-13
-1
3
5
-7
-21
-30
-29
-26
-24
-17
-20
-21
-16
-13
-18
-21
-26
-29
-28
-25
-26
-29
-25
-22
-22
-27
-33
-22
-15
-13
-7
-11
-10
-3
2
6
6
8
7
4
-1
0
1
8
25
35
45
47
32
12
-3
1
12
14
12
16
20
18
13
15
14
4
-3
-9
-16
-23
-26
-23
-27
-40
-43
-41
-35
-38
-32
-15
-7
-7
-9
-1
-2
-1
17
30
22
24
30
29
13
2
2
12
15
21
29
28
19
8
13
25
26
25
30
23
13
13
15
9
4
6
3
-2
-4
-5
-2
-1
5
0
1
1
-8
-7
-7
-6
-11
-15
-6
10
26
32
24
14
7
0
2
-4
-2
-1
-13
-11
-15
-14
-17
-10
8
17
14
11
3
-8
-13
-20
-15
-4
8
25
35
27
12
9
12
10
0
-4
-10
-10
-2
-3
-1
-1
-10
-26
-39
-42
-38
-32
-22
-17
-10
3
10
16
10
-6
-13
-25
-34
-34
-19
-4
9
16
13
14
20
14
8
7
-5
-9
-10
-14
-16
-14
-12
-6
-9
-1
2
4
0
-7
-12
-18
-15
-13
-6
-13
-31
-30
-16
-14
-10
-8
-7
-2
7
17
10
0
-13
-16
-18
-26
-22
-6
6
16
29
35
34
28
35
49
43
37
36
31
26
25
28
32
33
36
33
26
18
8
13
14
1
-11
-16
-13
-3
5
4
1
-4
-9
-6
-4
-3
-10
-19
-21
-32
-44
-33
-27
-34
-36
-40
-43
-41
-39
-37
-36
-36
-28
-20
-20
-18
-11
7
21
31
32
26
33
32
27
24
24
29
33
39
30
18
12
4
13
19
20
30
41
46
41
41
40
35
21
11
10
-1
-11
-4
3
8
11
14
10
-1
3
-3
-14
-22
-27
-31
-22
-4
4
4
-5
-17
-36
-42
-35
-30
-13
-4
-16
-26
-47
-53
-39
-22
-9
-8
-11
-14
-36
-53
-52
-44
-36
-22
-4
7
12
7
2
-18
-25
-19
-3
16
19
17
2
1
7
16
30
31
28
24
27
22
9
11
15
18
17
11
17
18
10
0
1
-2
-10
2
9
2
0
-6
-15
-17
-7
12
22
12
2
-7
-3
7
6
4
-3
-12
-11
-9
-15
-14
-7
-2
-9
-23
-24
-17
-11
-8
-7
-12
-22
-14
-4
2
13
23
33
37
38
36
21
9
2
-3
-8
-7
5
15
27
36
35
35
31
28
30
17
6
2
7
20
31
32
24
18
14
17
19
20
21
19
14
9
0
-14
-12
-12
-17
-28
-38
-34
-26
-19
-23
-30
-21
-11
-9
-19
-26
-29
-37
-46
-48
-52
-49
-42
-32
-13
-12
-7
-2
-3
-11
-19
-23
-27
-26
-21
-19
-12
-5
4
20
26
23
11
1
-7
-8
4
20
34
51
62
74
64
55
60
53
39
15
-5
-10
-6
-2
-3
-3
-1
6
13
13
7
2
-11
-14
-16
-20
-25
-32
-35
-34
-37
-35
-30
-27
-30
-34
-28
-24
-21
-25
-16
-7
-6
-5
-8
-7
-10
-2
5
6
12
16
25
23
25
31
31
29
31
32
27
24
19
22
13
-2
-8
-9
-6
-1
-1
-5
2
7
9
6
9
14
7
-8
-19
-29
-37
-27
-11
4
1
16
28
26
25
9
0
-8
-10
-10
-14
-13
-5
5
13
19
28
33
26
24
14
4
0
-9
-21
-19
-22
-21
-4
9
14
13
6
-4
-7
-13
-19
-19
-18
-3
1
-2
8
15
14
11
11
3
-5
-10
-14
-18
-29
-24
-10
-2
7
22
47
48
44
46
32
25
21
28
30
15
4
-5
-13
-13
-6
-5
-9
-13
-7
-14
-22
-17
-16
-16
-23
-27
-20
-16
-13
-12
-13
-12
-18
-18
-19
-23
-29
-29
-17
-14
-12
-8
-7
-12
-14
-9
-7
-6
-1
-2
-7
-12
-11
-7
-18
-22
-12
-3
-7
-3
-1
-8
-15
-21
-19
-36
-46
-36
-24
-15
-1
13
18
30
30
20
19
19
25
29
20
22
31
35
23
15
14
4
8
22
38
40
36
49
48
31
13
6
-6
-24
-27
-17
-12
-21
-15
-6
-13
-15
8
22
20
18
24
34
25
19
27
17
10
18
29
29
16
17
15
7
16
30
26
16
21
19
-11
-22
-14
-3
0
4
18
17
0
-8
-3
-8
-14
3
11
5
-1
-5
-19
-36
-39
-25
-26
-35
-37
-29
-21
-31
-34
-29
-39
-45
-37
-33
-42
-40
-28
-26
-33
-29
-13
-14
-15
2
7
-7
-4
14
17
6
5
18
10
-5
-1
9
4
-2
6
15
1
-9
15
21
11
6
13
16
-1
-4
4
0
-18
-19
-8
-18
-19
1
11
11
7
18
21
-3
-7
-1
-5
-13
-9
-2
-2
-4
0
14
21
21
33
34
40
48
46
35
17
16
13
3
2
7
3
-14
-21
-15
-20
-24
-10
1
-5
-16
-17
-21
-34
-35
-18
0
1
3
22
29
25
31
40
34
22
14
7
-4
-11
8
15
7
3
6
13
2
-2
7
-2
-14
-19
-18
-18
-4
10
-1
-7
-3
5
1
-4
5
6
8
8
6
2
-6
-5
2
2
0
6
14
17
15
13
9
0
-6
-4
-5
-18
-23
-11
-9
-24
-28
-24
-24
-22
-15
-3
2
-7
-2
2
-5
2
14
14
5
5
7
-1
2
14
14
12
13
22
23
6
-5
-5
-8
-14
-7
-1
-9
-19
-19
-5
-15
-25
-17
-24
-37
-32
-5
6
-1
4
11
4
-4
-2
0
-8
-12
0
4
2
-1
-3
-4
-6
5
15
9
-1
-15
-14
-20
-32
-43
-57
-56
-52
-36
-16
-6
-6
1
11
-1
-9
-11
-13
-16
-11
8
20
35
38
33
35
48
60
59
49
49
47
42
37
29
32
33
31
34
35
32
18
8
0
-12
-26
-28
-14
-12
-7
5
10
6
-1
-2
3
10
11
16
18
3
1
8
7
12
16
31
19
3
5
2
-7
-23
-25
-13
-2
-1
3
-5
-7
-2
-8
-18
-19
-21
-25
-32
-45
-32
-15
-13
-12
-13
-16
-17
-9
-1
-3
-11
2
6
-1
-7
-11
-7
-10
-7
-3
-2
-7
-12
-9
-13
-23
-20
-7
-5
0
12
13
6
7
-2
-11
-9
-7
-9
-6
8
23
30
41
44
33
16
-1
-13
-25
-34
-38
-52
-69
-77
-85
-81
-69
-45
-21
-15
-13
-7
0
5
8
14
22
24
20
26
43
44
42
51
58
57
52
54
42
27
29
35
32
30
34
30
15
9
15
15
14
9
6
6
-4
1
15
11
8
10
3
-7
-11
-10
-23
-36
-28
-18
-16
-18
-24
-25
-22
-31
-31
-22
-23
-26
-34
-32
-31
-30
-23
-14
-8
-10
-2
8
20
29
36
49
51
45
27
7
0
7
17
19
17
26
39
46
47
38
22
13
3
-11
-21
-30
-11
3
0
4
22
37
27
16
9
6
-5
-12
-2
-7
-20
-6
6
-3
-18
-9
-2
-24
-41
-37
-27
-36
-29
-3
5
-12
-6
6
-14
-37
-36
-40
-63
-70
-43
-30
-46
-42
-28
-30
-40
-34
-29
-33
-43
-33
-14
-17
-31
-21
-8
-9
-7
-1
0
-4
0
19
39
45
48
45
41
46
56
54
42
40
38
42
52
52
41
34
33
43
36
27
38
34
16
5
12
7
-12
-7
0
-12
-25
-1
25
22
18
29
40
24
20
31
15
-12
-8
1
-19
-36
-28
-6
-10
-10
6
-3
-7
-1
-10
-31
-49
-43
-48
-66
-59
-34
-30
-35
-22
-14
-21
-33
-21
-12
-23
-20
6
4
-10
0
10
9
0
2
7
8
11
30
42
25
17
34
39
21
18
16
-2
-20
-12
-1
-13
-15
3
15
2
3
6
-16
-34
-24
-9
-10
-9
14
30
23
22
22
4
-16
-6
13
19
29
49
45
16
7
19
20
5
2
0
-18
-31
-22
-10
-13
-3
19
30
17
15
19
-4
-25
-17
4
-3
-19
-15
-14
-29
-25
-1
6
9
23
29
3
-24
-29
-33
-44
-41
-18
-1
-8
-16
-20
-38
-54
-36
-22
-25
-18
-5
-4
-14
-9
4
-3
-22
-13
0
-4
-5
4
10
0
-9
-9
-12
-18
-14
0
3
0
15
22
23
24
32
41
38
39
43
37
29
35
43
36
21
21
30
36
30
24
22
16
6
4
3
5
9
7
16
14
5
-1
-10
-20
-23
-8
15
24
20
26
32
15
-2
-4
-4
-23
-26
4
9
-16
-11
8
-9
-34
-27
-10
-21
-34
-7
5
-30
-43
-26
-23
-38
-27
4
-5
-34
-31
-18
-33
-47
-29
-14
-23
-15
16
4
-26
-17
7
-8
-28
-2
14
-14
-14
32
34
3
14
50
51
22
38
51
14
-9
19
41
16
15
44
32
1
-1
12
-1
-29
-10
5
-26
-43
-33
-33
-56
-43
-5
-3
-18
-4
6
-27
-30
13
24
1
16
45
28
2
20
46
17
-11
11
11
-28
-29
8
3
-28
-15
23
11
-21
-2
16
-16
-34
-9
5
-17
-20
-1
-9
-33
-11
30
18
2
12
18
0
-1
27
30
10
18
47
31
13
21
16
-15
-35
-18
-23
-34
-15
0
-9
-15
-2
0
-15
-16
-2
-9
-22
-1
23
18
3
15
22
-14
-18
17
28
21
31
47
31
8
23
31
-6
-22
0
8
-15
-21
11
18
5
20
37
16
-12
-3
16
-2
-25
-8
10
-1
4
26
13
-13
-4
11
9
-10
-2
12
1
-3
8
10
-8
-21
-18
-23
-42
-48
-40
-50
-57
-44
-32
-25
-20
-17
-18
-16
-9
-14
-17
-21
-27
-19
-6
12
15
17
26
29
30
23
21
13
-4
-16
-26
-30
-39
-32
-25
-26
-11
10
15
19
33
35
27
34
51
42
9
-10
-2
-5
-6
15
39
36
22
31
31
10
1
8
-6
-23
-17
2
1
-10
6
14
2
-11
-1
7
-17
-20
2
15
10
24
38
17
-9
5
21
6
3
21
9
-18
-10
0
-16
-34
-22
-6
-25
-39
-11
0
-19
-18
15
12
-20
-14
2
-26
-55
-46
-23
-26
-32
0
6
-15
-6
22
20
5
25
50
42
37
46
44
25
17
30
21
4
18
36
24
5
14
24
15
7
23
25
1
-5
15
6
-22
-16
3
-1
-3
9
20
14
9
25
25
-1
-23
-30
-40
-54
-50
-45
-55
-51
-35
-29
-35
-37
-36
-56
-69
-52
-18
-6
-14
-14
-11
-20
-25
-14
0
3
-4
1
-1
-13
-13
6
21
15
9
16
24
29
42
50
44
41
40
35
20
2
0
8
13
15
28
36
29
23
21
18
-1
-11
-14
-17
-20
-30
-19
-13
-11
-5
-8
-5
1
13
33
39
30
26
22
12
6
-3
-8
-20
-21
-13
-2
6
7
1
-7
-15
-24
-19
-17
-15
-16
-9
-10
-23
-25
-21
-19
-26
-19
-5
-1
-4
-5
-2
-9
-8
7
-6
-21
-12
-3
2
2
22
37
31
25
27
30
16
20
30
34
30
39
62
61
44
45
49
36
10
8
8
-8
-8
0
0
-8
-10
-3
-3
-14
-18
-11
-15
-32
-33
-18
-9
-13
-9
-5
-13
-27
-27
-18
-19
-22
-16
-12
-25
-32
-29
-34
-37
-39
-37
-31
-27
-29
-33
-40
-44
-43
-35
-18
1
8
23
29
14
4
10
11
5
12
22
28
19
14
22
18
16
27
25
6
-5
1
11
5
19
42
41
19
11
16
-7
-15
6
4
-20
-24
-7
3
-8
-2
11
-2
-12
-4
5
-13
-22
0
0
-26
-17
15
15
-2
22
59
52
24
21
21
-12
-24
4
13
-6
-5
20
6
-29
-19
9
3
-20
2
18
-7
-1
45
58
38
40
52
35
6
0
15
2
-16
5
16
5
9
27
17
-12
-10
-3
-33
-58
-40
-40
-74
-76
-35
-12
-20
2
33
8
-24
-10
2
-32
-48
-15
-3
-28
-21
27
30
-4
5
28
9
-12
8
27
2
-22
-6
-11
-36
-22
14
22
8
15
23
-2
-18
-6
2
-17
-18
12
22
11
7
20
26
10
16
29
16
0
0
0
-17
-21
-7
-7
-3
1
3
-3
-22
-27
-31
-42
-35
-29
-28
-14
0
6
9
17
31
29
17
15
12
15
11
17
20
9
2
5
3
-14
-16
-10
-9
-3
0
-2
-7
-17
-23
-23
-23
-28
-35
-33
-29
-16
1
23
34
31
36
47
55
45
23
12
0
-11
-6
17
32
30
26
35
45
38
36
32
14
4
-8
-3
-13
-24
-7
-12
-22
-16
12
25
21
25
27
11
-7
-15
-12
-9
-13
-12
-14
-30
-30
-22
-30
-37
-25
-17
-28
-35
-13
-6
-11
0
3
-19
-44
-39
-24
-34
-42
-25
-15
-26
-20
12
18
4
8
18
8
0
19
24
1
-6
7
6
-16
-14
1
2
5
22
34
26
32
43
47
46
48
46
27
7
11
20
18
30
43
52
45
39
47
31
6
-2
-7
-30
-31
-8
0
-9
-18
-14
-29
-48
-46
-44
-61
-74
-56
-47
-61
-52
-27
-20
-35
-28
-20
-34
-52
-34
-6
-23
-21
3
2
-8
10
35
27
3
6
13
0
-1
28
31
0
1
29
29
11
13
31
16
-9
14
38
19
5
27
29
12
19
36
27
8
21
37
14
-3
21
36
22
10
17
24
2
3
19
2
-20
-10
2
-20
-42
-35
-26
-29
-29
-15
-7
-15
-14
-7
-14
-22
-20
-1
10
1
-4
-3
-12
-13
-2
10
8
0
-11
-17
-15
-11
-10
8
30
26
20
23
22
15
10
25
24
4
2
17
9
-4
1
7
7
5
18
24
21
19
25
16
-10
-22
-19
-25
-34
-20
-6
-3
3
15
19
6
4
2
-16
-29
-30
-27
-42
-51
-29
-7
1
8
21
19
10
13
12
-7
-19
-13
-22
-33
-36
-24
-22
-31
-13
5
1
-9
-5
-9
-24
-13
-1
-7
-20
-8
7
-3
-4
7
4
-13
-8
4
3
-4
6
22
5
0
26
41
16
0
17
8
-8
7
27
14
-2
20
30
11
-3
7
13
-7
-18
0
-4
-23
-7
18
22
13
27
39
25
20
31
24
2
-5
17
14
-11
-13
-16
-25
-33
-23
-10
-9
4
14
5
-11
-8
0
-7
-1
8
5
0
-2
9
11
6
10
8
15
25
18
15
-6
-19
-11
-5
6
11
21
27
23
17
4
-6
-9
-9
-5
8
20
10
7
24
27
12
-2
9
10
-7
-2
23
24
9
4
2
-12
-19
-1
3
-25
-45
-33
-34
-62
-60
-28
-32
-57
-52
-42
-55
-70
-64
-56
-61
-51
-14
-2
-2
16
21
3
-13
-3
4
-19
-26
-7
-5
-9
-5
27
38
26
40
40
24
10
25
35
10
6
29
42
30
33
41
23
6
19
28
10
10
30
44
34
32
41
28
16
18
29
18
13
20
17
3
-8
-1
-10
-28
-24
-10
-9
-19
-21
-24
-36
-39
-41
-41
-39
-34
-24
-11
-7
-7
-7
-3
-6
-8
-2
0
2
-8
-18
-17
-5
1
9
26
28
14
11
19
12
-9
-4
1
-7
-3
11
24
7
-3
13
12
-4
0
4
-3
-7
7
28
18
14
20
12
-14
-16
8
5
-9
5
23
13
8
27
21
10
18
38
34
17
24
30
12
-6
1
2
-19
-7
30
27
-3
-9
-11
-33
-59
-47
-25
-27
-18
7
20
-5
-9
6
-15
-39
-37
-35
-57
-68
-53
-40
-40
-23
-6
-4
-16
-18
-13
-24
-34
-27
-27
-41
-30
-13
-7
-11
-5
12
15
17
26
25
11
17
32
32
25
30
36
36
43
51
56
42
32
32
15
11
23
30
20
5
22
27
11
7
1
-3
-16
-15
-12
-29
-30
-20
-22
-27
-13
2
-7
-6
12
27
19
9
17
2
-17
-7
6
-7
-18
-7
3
-18
-38
-31
-26
-45
-53
-30
-23
-29
-8
13
10
10
25
21
3
6
20
26
21
25
31
11
2
24
33
9
-3
15
11
-8
-1
18
7
-12
5
18
2
-6
12
24
8
-4
6
4
-4
4
27
32
20
30
43
33
14
14
10
-8
-14
-15
-16
-15
-1
12
5
-13
-15
-18
-37
-53
-55
-54
-55
-56
-53
-43
-36
-27
-17
-20
-24
-7
4
-6
-7
-4
-1
2
8
19
31
42
44
40
35
25
21
15
9
5
4
-4
-9
-10
-13
-8
-4
-1
1
-3
6
12
13
10
-3
-14
-28
-27
-18
-15
-9
-5
-14
-20
-11
-3
-6
-10
-8
-6
-2
-2
4
24
29
21
16
10
-4
-12
-2
1
1
-2
-4
-5
-14
-5
13
19
23
31
29
10
-5
-12
-19
-18
-16
-9
3
2
4
2
-10
-4
9
14
1
-16
-17
-23
-27
-12
20
27
24
27
21
10
7
25
22
0
10
22
19
17
20
26
11
-12
-10
6
3
8
31
35
17
8
13
10
1
1
10
0
-13
2
23
26
16
9
7
-2
-5
6
4
-7
-11
-6
-10
-15
-11
-2
-5
-5
4
-3
-13
-17
-10
-26
-43
-46
-47
-44
-39
-23
-19
-25
-23
-15
-19
-21
-10
-5
-13
-17
-13
-15
-18
-4
16
13
1
1
-2
-8
-13
-15
-10
-8
-2
10
2
-13
-14
-10
-12
-19
-6
10
8
7
15
17
9
13
22
17
10
6
5
3
-4
-6
-2
15
38
44
40
40
44
38
22
27
23
0
-12
-13
-7
-14
-12
1
5
1
-2
8
2
-12
-8
-5
-20
-20
-9
-1
-2
10
33
24
1
4
17
1
-6
12
21
11
9
11
5
-5
-9
5
-11
-28
-15
-22
-41
-39
-14
-3
-3
0
8
7
5
35
54
32
8
9
2
-22
-24
-9
-12
-24
-23
-18
-19
-22
-11
-9
-16
-10
9
5
-3
3
-1
-7
0
14
18
15
25
51
57
38
41
53
39
15
5
-13
-37
-40
-26
-17
-20
-15
5
5
-6
16
33
22
8
10
-2
-36
-36
-9
1
-7
5
16
-1
-10
15
35
26
12
12
5
-27
-41
-45
-34
-26
-14
7
5
-9
-19
-20
-24
-19
-18
-22
-36
-56
-43
-35
-29
-24
-18
-5
8
19
22
27
18
1
-15
-11
-7
-24
-29
-25
-8
1
10
11
2
-8
-18
-13
-32
-54
-43
-23
-18
-6
4
5
-2
10
36
34
30
37
32
7
1
21
27
13
12
9
-7
-14
3
37
38
26
36
51
37
14
16
25
19
16
26
20
-3
2
33
25
11
23
23
3
0
26
32
16
20
58
62
57
75
71
43
24
37
35
26
14
1
6
-8
-23
-9
-17
-38
-44
-48
-42
-62
-67
-59
-42
-22
9
49
56
40
14
2
-21
-25
-21
-29
-8
23
33
51
46
9
-13
-31
-37
-72
-95
-101
-117
-152
-172
-173
-186
-186
-149
-120
-127
-94
-56
-54
-85
-78
-33
-17
21
59
46
4
-30
-4
21
-16
-16
11
-30
-64
7
114
128
109
134
153
85
15
35
15
-47
22
108
41
-41
-33
22
-48
-42
99
134
125
128
158
123
54
78
100
80
55
134
179
84
11
34
20
-79
-55
41
-10
-110
-119
-127
-196
-229
-102
-57
-74
-50
12
8
-64
-66
-88
-78
-37
69
156
106
100
176
174
177
149
132
135
27
34
87
29
-55
-89
-42
-56
-54
38
-5
-15
130
170
162
89
156
175
78
152
130
162
230
228
233
166
122
113
30
29
97
98
121
16
-48
-205
-262
-287
-123
-13
-417
-518
-404
-324
-322
-244
-175
-239
-130
-31
-375
-535
-328
-85
-74
-79
-83
-247
-278
-220
-103
15
-24
49
65
-14
-91
-76
90
119
142
307
364
178
293
160
185
233
78
247
205
161
170
-11
-33
-49
-73
103
-15
47
135
-68
-91
-26
14
-31
-147
-121
-181
-271
-208
-60
123
115
22
-12
-150
-140
-8
1
32
-7
80
77
-161
-193
-109
-7
34
43
135
21
-73
-67
-83
-18
92
506
202
-132
13
67
-76
179
325
299
587
245
-272
-720
-540
-10
79
-5
-111
-229
-87
-38
-286
-50
322
280
70
-208
-292
-163
572
668
633
214
-162
-307
-293
318
373
535
498
60
-394
-369
-191
316
480
797
458
-392
-214
-385
129
953
848
201
-161
-137
-613
-418
-12
-140
21
95
-334
-1102
-976
-230
1
334
543
-251
-604
-392
-343
-177
212
657
330
246
-289
-665
-195
214
96
142
108
-249
-654
-861
-257
-300
69
428
-10
-143
-503
-445
-177
-254
387
576
154
362
-79
-74
451
522
815
337
20
130
-462
-259
-95
-59
609
209
127
-203
-261
38
34
363
269
183
-34
-151
-12
-260
132
550
270
226
-285
-111
-332
-177
355
-385
-191
19
-621
-787
-398
69
-135
-9
241
-479
-496
47
-514
-159
378
327
77
-250
87
-122
-111
588
474
393
606
-7
-368
-351
98
263
57
335
39
-559
-6
67
70
166
30
183
-240
-154
-237
-210
247
60
91
10
-52
124
216
474
338
175
229
-57
-11
297
154
171
375
157
153
-73
414
429
-28
196
-22
-303
-356
-271
-117
-257
52
-105
-397
-129
81
230
-287
91
22
-374
141
-183
-137
270
55
126
-55
-239
266
238
439
399
-126
219
30
-362
-217
-246
-123
37
-135
-143
-545
-465
60
-236
-41
193
46
86
-175
-225
-117
-305
136
231
-151
-6
-19
-77
-95
38
280
73
144
-76
-508
-274
-231
-234
-92
-9
-53
-110
-115
44
166
204
257
52
-184
-282
-230
-83
110
117
27
-139
-307
-45
-123
-174
326
272
-61
-109
-358
-220
-91
16
195
110
229
68
-37
-73
128
444
532
473
364
289
154
115
209
171
192
332
196
47
204
242
231
5
-214
-9
-200
-185
15
-132
-195
-215
-84
-245
-426
-101
-90
-162
145
-10
-249
-234
-180
5
-75
-83
-3
-109
51
76
35
201
127
166
199
132
285
347
316
168
-101
140
248
115
392
469
258
210
56
-128
69
122
256
295
-197
-193
-238
-554
-27
148
73
236
-43
-111
-358
-352
-98
-280
-158
-168
-428
-347
-291
-305
-244
-164
-208
-484
-271
-9
-116
38
88
-99
-155
-68
-85
64
221
155
125
79
77
40
-93
63
134
-64
120
124
-175
198
108
-202
153
96
18
-48
-157
128
-85
-248
-175
-491
-350
146
177
140
285
163
56
53
-13
-9
-6
151
186
21
130
139
43
147
56
189
259
113
204
2
-152
154
-14
-463
101
274
-132
259
363
-42
-191
-149
26
-204
-82
378
-129
-447
-111
-314
-374
215
249
-212
-116
-169
-510
-368
-81
141
30
-185
-214
-387
-453
-155
-33
0
134
-18
-165
-141
-110
192
341
305
403
160
-1
170
261
448
602
508
392
353
439
448
337
632
675
305
380
215
-176
-18
-25
-347
-231
-23
179
146
-131
46
-105
-345
-99
-312
-203
103
-67
-7
-127
-444
-308
-225
-328
-394
-507
-376
-524
-538
-126
-327
-605
-490
-547
-566
-360
-75
2
-72
16
3
55
324
499
748
955
816
632
806
955
1132
1478
1412
1254
1013
759
560
315
511
541
242
65
-353
-605
-688
-940
-881
-890
-1122
-1317
-1562
-1649
-1539
-1421
-1423
-1548
-1562
-1480
-1440
-1079
-645
-671
-631
-538
-731
-766
-649
-460
-3
306
384
193
-70
214
569
897
1267
1134
1139
1341
1142
1123
1386
1663
1901
1798
1662
1385
1073
1422
1692
1702
1688
1368
916
563
343
283
149
-97
-89
-342
-913
-1326
-1535
-1398
-1368
-1321
-1184
-1481
-1789
-1774
-1690
-1540
-1339
-977
-707
-904
-973
-879
-880
-713
-235
280
368
88
-139
-267
-285
114
596
785
1013
1049
798
527
529
1088
1586
1887
2025
1755
1425
1214
1076
1223
1611
1925
1777
1385
1068
554
78
15
71
-19
-99
-473
-981
-1401
-1724
-1728
-1703
-1605
-1430
-1523
-1675
-1782
-1866
-1879
-1704
-1325
-1250
-1241
-1016
-1053
-1308
-1074
-520
-372
-451
-120
73
-301
-248
167
235
470
1064
1162
926
923
1042
1121
1430
1989
2270
2210
2092
2010
1860
1830
1966
2270
2449
2075
1594
1233
796
525
473
334
92
-157
-505
-980
-1456
-1645
-1586
-1565
-1643
-1782
-2111
-2440
-2510
-2609
-2543
-2333
-1989
-1844
-1934
-1790
-1613
-1344
-1109
-873
-565
-324
-385
-340
-164
-122
10
284
541
659
842
1066
1020
913
1084
1053
1040
1244
1418
1434
1241
1089
1006
979
1032
1233
1450
1374
1098
945
756
431
456
646
540
362
229
-15
-413
-709
-627
-569
-604
-423
-334
-433
-610
-768
-746
-742
-697
-377
-170
-206
-204
-221
-155
-127
-37
283
384
430
308
-53
-99
-102
-74
210
437
521
459
422
283
164
336
375
480
694
698
547
470
621
636
483
436
385
188
-109
-253
-357
-490
-510
-629
-906
-1101
-1129
-1111
-1194
-1252
-1212
-1213
-1236
-1236
-1080
-901
-885
-809
-705
-728
-653
-292
36
35
216
638
569
234
328
485
468
535
576
478
437
553
623
681
879
1055
971
718
651
744
701
604
653
911
949
778
695
652
608
529
588
588
442
360
165
-107
-299
-583
-780
-734
-607
-538
-582
-751
-986
-1177
-1332
-1359
-1279
-1213
-1004
-1029
-1253
-1381
-1425
-1192
-914
-670
-466
-547
-680
-694
-809
-700
-284
215
460
405
468
276
-46
69
467
912
1238
1443
1526
1467
1383
1208
1114
1399
1811
2015
2038
2007
1757
1256
745
606
741
770
736
537
120
-343
-650
-882
-939
-656
-360
-326
-507
-880
-1310
-1524
-1422
-1205
-1004
-739
-609
-729
-1020
-1360
-1273
-906
-624
-454
-557
-720
-1088
-1318
-1107
-968
-695
-292
-196
-200
-257
-88
346
866
1523
1796
1683
1515
1406
1450
1628
2046
2548
2685
2519
2155
1639
1385
1418
1502
1410
1040
583
14
-520
-803
-951
-931
-776
-650
-772
-1071
-1372
-1652
-1738
-1637
-1386
-1185
-1091
-1045
-1310
-1756
-1954
-1955
-1819
-1531
-1252
-1202
-1272
-1191
-1145
-1410
-1306
-926
-862
-668
-395
-117
299
640
904
988
1015
1392
1794
1988
2157
2426
2706
2569
2105
1644
1161
985
1246
1345
1002
566
271
-113
-582
-724
-780
-862
-582
-338
-445
-681
-885
-1050
-1120
-945
-591
-283
-184
-259
-441
-781
-1164
-1133
-834
-657
-473
-496
-761
-936
-994
-980
-798
-506
-115
131
166
543
916
1056
1222
1436
1574
1709
1897
1971
2221
2554
2597
2238
1639
1126
870
856
961
752
236
-328
-974
-1462
-1643
-1572
-1379
-1143
-910
-933
-1189
-1411
-1649
-1735
-1541
-1330
-1022
-586
-232
-172
-430
-706
-707
-424
-210
-248
-313
-366
-476
-640
-731
-617
-391
-179
30
255
578
1088
1461
1502
1446
1428
1609
1911
2167
2526
2843
2870
2633
2053
1283
888
1050
1393
1422
937
135
-718
-1427
-1741
-1729
-1720
-1591
-1339
-1445
-1936
-2440
-2619
-2394
-1962
-1542
-1327
-1367
-1540
-1872
-2182
-2155
-1763
-1211
-933
-1068
-1361
-1604
-1776
-1771
-1544
-1170
-743
-267
147
580
1140
1526
1667
1647
1691
2057
2695
3435
4017
4393
4519
4007
3043
2327
2174
2496
3008
3073
2200
794
-402
-1133
-1426
-1287
-1016
-970
-1066
-1361
-2051
-2580
-2570
-2163
-1468
-966
-1080
-1431
-1652
-1800
-1773
-1565
-1189
-801
-534
-567
-1059
-1644
-1897
-1768
-1448
-1151
-996
-864
-536
-11
600
985
893
814
1151
1656
2327
3082
3589
3877
3871
3343
2409
1781
1922
2483
2850
2446
1208
-219
-1199
-1599
-1457
-1020
-796
-907
-1128
-1508
-2062
-2326
-2079
-1421
-632
-306
-674
-1169
-1296
-1272
-1056
-574
-240
-252
-425
-804
-1397
-1903
-2005
-1858
-1757
-1710
-1730
-1563
-863
118
614
459
232
332
969
2013
2796
3271
3809
4066
3535
2487
1883
2106
2801
3491
3303
1703
-227
-1263
-1468
-1296
-1079
-1128
-1411
-1617
-1889
-2498
-3083
-2893
-1896
-799
-276
-475
-913
-1153
-1131
-906
-642
-420
-46
378
357
-234
-939
-1342
-1382
-1249
-1184
-1185
-703
505
1522
1361
419
-232
10
1156
2633
3694
4256
4637
4463
3253
1688
1035
1579
2841
3849
3079
537
-1780
-2602
-2296
-1702
-1469
-1767
-2089
-2268
-2843
-3810
-4146
-3414
-2140
-1081
-800
-1197
-1579
-1425
-1039
-818
-720
-442
-37
2
-420
-1076
-1640
-1843
-1617
-1314
-1354
-1000
418
1799
1676
521
-140
212
1410
3116
4356
4711
4889
4759
3633
2161
1704
2463
3767
4579
3550
815
-1517
-2044
-1425
-793
-763
-1306
-1771
-1998
-2594
-3472
-3565
-2435
-957
-152
-262
-1110
-1725
-1239
-309
186
228
138
0
-364
-1005
-1511
-1629
-1444
-1148
-1189
-1683
-1689
-300
1244
1161
67
-517
-268
904
2676
3781
4006
4361
4617
3613
2059
1608
2495
4028
4916
3534
180
-2482
-2780
-1579
-490
-487
-1496
-2455
-2819
-3185
-3737
-3557
-2202
-549
153
-572
-1931
-2534
-1770
-461
308
298
-162
-620
-1063
-1776
-2428
-2466
-2018
-1592
-1840
-2525
-2231
-572
720
338
-742
-1086
-240
1592
3535
4253
4115
4314
4090
2789
1772
2075
3429
5078
5346
2779
-952
-2669
-1790
-117
652
-135
-1615
-2413
-2552
-2816
-2830
-2042
-798
312
291
-1030
-2116
-1588
-32
1104
1263
544
-494
-1040
-1209
-1504
-1615
-1406
-1202
-1366
-2144
-2523
-1283
588
837
-418
-1271
-1092
239
2599
4315
4516
4571
4626
3457
1986
1917
3003
4426
5245
3655
-154
-2837
-2451
-590
600
152
-1672
-3279
-3628
-3481
-3382
-2801
-1677
-732
-597
-1510
-2632
-2265
-468
1078
1441
748
-399
-986
-762
-626
-864
-1095
-1238
-1516
-2030
-2316
-1238
963
1725
260
-1294
-1452
-201
2186
4418
4886
4433
4348
3565
2008
1808
3214
4764
5654
4580
871
-2468
-2334
-55
1426
929
-1330
-3666
-4129
-3339
-2827
-2377
-1600
-1044
-1045
-1705
-2972
-3159
-1353
471
729
-208
-1477
-2140
-1542
-630
-716
-1431
-2113
-2668
-3048
-3066
-2181
-52
1459
275
-2099
-2869
-1609
995
3923
5031
3990
3156
2926
1967
1517
2856
4569
5529
5192
2364
-1450
-2276
58
2122
2111
88
-2785
-4048
-2950
-1534
-830
-328
-187
-567
-1091
-1737
-2080
-948
920
1318
211
-1056
-1722
-1285
-95
312
-561
-1705
-2534
-2943
-2893
-2035
-33
1740
977
-1575
-2692
-1486
1083
4072
5509
4325
2931
2815
2357
1830
2864
4402
5048
4930
2835
-1056
-2686
-595
1834
2011
118
-2730
-4311
-3204
-1329
-803
-1132
-1461
-1642
-1496
-1441
-1662
-1021
507
1047
-12
-1286
-1767
-1161
10
275
-908
-2457
-3355
-3475
-3035
-2678
-1907
103
1253
-639
-3081
-2976
-926
1787
4060
3769
1659
1462
2830
2889
2487
3338
4057
4162
4028
1898
-1449
-1811
943
2510
1347
-1194
-3596
-3820
-1574
144
-426
-1587
-1820
-1411
-812
-636
-815
-200
862
756
-435
-1223
-928
143
949
394
-1263
-2434
-2295
-1659
-1538
-1801
-935
924
874
-1466
-2555
-1121
1102
3445
4471
2732
1266
2729
3943
2926
2544
3407
3753
4063
3483
250
-2386
-985
1594
1597
-504
-3089
-4561
-3253
-993
-1105
-2816
-3597
-3001
-1857
-1226
-1659
-1893
-749
288
-144
-1038
-1353
-818
229
413
-856
-2068
-2084
-1514
-1185
-1771
-2533
-1274
977
419
-2077
-2436
-604
1509
3593
3857
1700
1312
3769
4395
2842
2833
3800
4227
4927
4100
445
-1415
878
2929
1775
-793
-3032
-3591
-1604
235
-616
-2287
-2562
-1786
-931
-707
-1182
-1101
128
827
273
-355
-330
249
932
584
-822
-1608
-1294
-868
-1137
-2196
-2329
-65
1781
-64
-2859
-2674
-777
1331
3327
2750
475
1356
3898
3139
1451
2323
3312
3605
4322
2454
-1693
-1997
1386
2451
472
-1912
-4054
-4052
-1322
-49
-1818
-3261
-3057
-2528
-1914
-1693
-2200
-1692
-135
72
-916
-1206
-794
-138
563
1
-1596
-2107
-1485
-1242
-1828
-2597
-1949
673
1718
-1018
-3158
-1892
333
2496
4020
2390
284
2364
4761
3186
2018
3426
3901
4094
4728
2141
-1537
-205
3246
2918
339
-1875
-3499
-2591
172
385
-1901
-2923
-2371
-1686
-946
-871
-1422
-914
99
-212
-955
-903
-421
207
457
-550
-1850
-1799
-1056
-934
-1617
-2231
-718
2119
1740
-1659
-2717
-817
1154
3407
4274
1509
321
3866
5182
2377
2040
3620
3329
3845
4301
313
-2842
335
3151
1122
-1342
-3016
-4358
-2468
381
-1155
-4072
-3779
-2485
-1888
-1060
-1214
-2153
-1609
-884
-1625
-1831
-842
-157
161
-74
-1541
-2500
-1661
-901
-1312
-2186
-2537
-769
1865
924
-2319
-2226
403
2352
4120
3792
568
918
5581
5800
2295
2622
4259
3935
5071
5045
-50
-2351
2060
4102
984
-1424
-2936
-3997
-1340
1327
-1318
-4395
-3350
-1735
-1270
-811
-1441
-2358
-1198
-108
-992
-1427
-762
-399
-189
-441
-1729
-2247
-1408
-1199
-1924
-2756
-2932
-870
1349
-664
-3714
-2585
-73
1259
3008
2485
-575
1174
6056
4785
1219
2782
4389
3841
5686
5257
-509
-1597
3457
4093
613
-647
-2105
-3534
-559
1714
-1632
-4208
-2821
-1963
-1759
-921
-1848
-3187
-1948
-768
-1511
-1715
-1086
-1002
-759
-712
-1652
-1879
-1078
-1142
-1801
-2334
-2412
-136
2267
-101
-3409
-1708
1094
2048
3822
3375
3
1998
7262
5315
1139
3179
4893
3802
5963
5860
-734
-2094
3796
4184
-196
-1005
-1800
-3772
-1014
1675
-2141
-5109
-2906
-1691
-2187
-1284
-1571
-3230
-2226
-312
-878
-1623
-917
-569
-774
-902
-1396
-1725
-1437
-1486
-1896
-2399
-2694
-673
2231
281
-4060
-3155
292
1191
2450
2936
-519
-152
6044
5937
332
1337
4808
3668
4613
6131
119
-3680
2492
5413
527
-1404
-1280
-3853
-2366
2060
-474
-5157
-3512
-1266
-2136
-1484
-857
-2889
-2896
-173
355
-817
-647
-323
-633
-380
-51
-233
-416
-801
-1264
-1507
-1859
-494
2830
2440
-2318
-3067
819
2307
2588
3540
1002
-572
4888
7540
1841
74
4292
4385
3649
5693
1636
-4449
-14
5869
2054
-1953
-1755
-3964
-3995
1175
794
-5001
-5222
-2408
-2775
-2379
-1165
-3099
-3974
-1306
-448
-1846
-1901
-1759
-2194
-1534
-999
-1502
-1420
-1369
-2084
-2111
-2032
-1774
1133
3147
-653
-3616
-156
2935
2871
3765
2898
157
3472
8572
4753
-165
3122
5822
4465
5561
4108
-2736
-2281
5264
4801
-1385
-2646
-3014
-4184
-321
2290
-2845
-6152
-3148
-1773
-2283
-967
-1372
-3352
-1832
638
-276
-1575
-1184
-1111
-972
-188
-460
-1271
-1222
-1289
-1568
-1533
-1595
-46
2691
1181
-3286
-2485
2035
3198
2915
3021
672
815
6579
7247
917
404
5193
5378
4543
5168
247
-4013
1848
6496
1251
-3074
-2652
-3509
-2232
2009
102
-5394
-4678
-1461
-1474
-1473
-1470
-3624
-3683
-667
182
-1449
-2161
-2168
-1996
-1277
-1354
-2265
-2552
-2530
-2611
-2276
-2521
-2505
302
2046
-1699
-4184
-342
2726
2058
2482
1970
-326
2978
8099
4416
-528
3023
5966
3968
4629
3748
-2601
-2111
5490
4748
-2041
-2931
-2063
-2763
565
2799
-2243
-5519
-2303
-276
-856
-556
-1269
-2666
-1182
931
502
-530
-633
-372
205
395
-304
-878
-1021
-1271
-1192
-1133
-1737
-738
2115
1532
-2787
-2942
1524
3126
2125
2224
885
70
4720
7386
1758
-1074
3723
5212
3323
4225
1621
-3809
-99
6437
2351
-3927
-3197
-2708
-3124
363
315
-5759
-6753
-2237
-1199
-2329
-2097
-3046
-3989
-2010
-469
-1581
-2441
-2079
-1614
-1026
-907
-1422
-1497
-1331
-1442
-1208
-1026
-1355
-46
2472
1246
-2556
-1627
2495
3062
2248
2805
1295
1108
6432
7742
1522
557
5760
5986
4317
5368
1553
-3188
2133
7260
1537
-3355
-1772
-1997
-1681
2157
236
-6025
-4988
-310
-588
-1890
-1719
-3098
-3322
-602
98
-1827
-2348
-1649
-1418
-1135
-1050
-1472
-1410
-1140
-1489
-1769
-1636
-1690
-433
2029
1236
-2471
-2032
2082
3095
2016
2145
1038
1097
5953
6928
547
-726
4726
5572
3821
4293
258
-4152
1525
6617
762
-4227
-2751
-2742
-1749
2373
99
-6241
-4946
-349
-767
-1910
-1903
-3734
-3596
-180
211
-2328
-2668
-1684
-1587
-1095
-588
-1278
-1557
-985
-1113
-1330
-811
-967
-670
1723
2039
-1519
-1810
2286
3360
1987
2567
1885
1146
5387
7205
1286
-722
4504
5453
3333
4038
894
-3746
1105
6611
1449
-3798
-2563
-2584
-2093
1878
112
-6247
-5425
-651
-468
-1392
-1385
-3227
-3321
71
793
-1780
-2583
-1999
-1854
-963
-234
-1143
-1707
-1037
-817
-798
-289
-979
-1717
717
2674
-332
-2299
881
2797
1822
2528
2182
133
3467
7756
3394
-797
3325
5503
3041
3638
2321
-3382
-1448
5235
2442
-3689
-3063
-2159
-2427
1120
1321
-4848
-5894
-1052
-111
-1579
-1348
-2479
-3366
-445
1377
-715
-2055
-1285
-562
313
940
-36
-1109
-931
-582
-409
-271
-1094
-1582
815
3140
848
-2013
-189
2586
2890
3185
2513
402
2780
7443
4851
-308
1767
4985
3693
3600
2744
-2717
-3046
3325
3256
-2640
-3978
-3308
-3489
-484
700
-4522
-7062
-3234
-1064
-1921
-2285
-3578
-4433
-1794
170
-1652
-3160
-2395
-1350
-415
-160
-1450
-2375
-1597
-678
-462
-627
-1412
-2265
-954
2206
2348
-1434
-2283
1519
3539
2614
2343
1548
1289
5353
7289
1873
-587
4198
5885
3768
3646
1061
-2864
1028
6074
1935
-3069
-1904
-880
-568
1637
-55
-4816
-3961
-18
-103
-1583
-1725
-2452
-2115
134
274
-1561
-1533
-309
-175
-451
-587
-1050
-999
-222
-285
-1027
-994
-1099
-1325
802
2773
-43
-2938
-205
2774
1983
1909
1943
-104
1789
6387
3554
-1672
1436
5403
3470
2825
2515
-2437
-2619
4103
4172
-2094
-3336
-1900
-2230
-308
932
-3225
-5624
-2378
-466
-1641
-2304
-2965
-3267
-1343
86
-985
-1795
-1389
-1143
-822
-365
-512
-677
-469
-561
-794
-723
-894
-1329
-349
2081
2018
-1387
-2032
1317
2872
2400
2745
1282
-101
4004
6444
1107
-1061
3868
4849
2651
3693
1441
-3212
676
5911
1290
-3656
-2226
-1873
-1815
1348
157
-5079
-4587
-848
-1050
-2164
-2014
-2803
-2353
-97
-189
-1974
-1899
-1066
-917
-493
-301
-978
-1194
-725
-658
-968
-1043
-1195
-1454
25
2543
1359
-2476
-1767
2136
2762
2079
2150
131
439
5883
5921
-638
-525
4395
3890
3165
4389
-231
-3535
2863
5970
-244
-3117
-1353
-1945
-777
2010
-1304
-5700
-3354
-248
-879
-1343
-1757
-3063
-2067
-53
-693
-1835
-1261
-786
-848
-552
-615
-1102
-1199
-1134
-1271
-1413
-1492
-1739
-1297
1054
2704
46
-2761
-408
2864
2786
2528
2062
301
2798
7420
4317
-1109
1666
5526
4300
4327
3342
-2479
-2050
5481
5161
-1261
-2007
-1237
-2287
674
2454
-2854
-5600
-1587
422
-590
-601
-1889
-3521
-1442
671
-575
-1541
-1180
-1447
-1179
-237
-557
-1351
-1425
-1681
-1906
-1531
-1588
-2469
-2622
-335
1734
-883
-4314
-1818
2231
1875
1116
896
-1300
766
6739
4089
-2874
69
5321
3440
2949
3186
-2841
-3396
5245
5613
-2103
-3136
-1556
-2634
756
3408
-2752
-6716
-2180
646
-400
-298
-1613
-3738
-1268
1794
227
-1577
-1097
-1199
-960
544
464
-953
-1132
-763
-712
-61
240
-1055
-1450
1089
2690
-50
-2245
255
2676
2172
2117
1589
-57
2885
7212
3333
-1914
1535
5355
3688
3450
2461
-2852
-2121
4708
3784
-2377
-2970
-2080
-2453
806
2022
-3645
-6201
-2181
-238
-1103
-1081
-2587
-4212
-1547
1081
-551
-2181
-1711
-1570
-1255
-74
-144
-1421
-1732
-1138
-874
-753
-617
-1270
-1899
189
3121
1343
-2156
-300
3156
2695
2421
3085
1260
2376
7167
5057
-838
1692
6209
4119
3025
3453
-1335
-2649
4179
5176
-1450
-3096
-1681
-2874
-834
1860
-2593
-6328
-2718
-163
-1385
-1348
-2063
-4127
-2191
1024
-171
-1956
-1379
-1649
-1883
-43
454
-1389
-2100
-1409
-1170
-656
-112
-1325
-2746
-864
2479
1479
-2428
-2032
1396
2087
2134
2868
669
150
5164
5788
-93
-98
4553
3686
2458
4024
99
-3913
1474
5019
-525
-3335
-1542
-2820
-2081
2223
-301
-6116
-4175
-302
-1147
-1153
-743
-3572
-3743
-74
231
-1769
-1318
-1225
-2023
-346
889
-1060
-2029
-842
-603
-494
336
-610
-2594
-1341
2319
2559
-1083
-2099
643
2129
2260
3080
1526
-147
4002
6904
1784
-756
3901
5140
3316
4641
2441
-2867
441
6319
2717
-2040
-896
-1184
-1683
2158
1570
-4752
-5064
-654
-442
-1224
-610
-2974
-4550
-1104
933
-1109
-1972
-1672
-2205
-1064
638
-543
-2050
-1427
-851
-535
289
-221
-1927
-1747
1047
3073
1233
-1877
-1114
1913
2734
2584
2227
108
748
5272
4451
-545
967
4729
3018
2378
3466
-751
-2743
2970
4290
-1079
-2261
-1080
-2535
-936
1680
-2274
-5899
-2857
-623
-1614
-1316
-2092
-4295
-2536
227
-989
-2281
-1683
-2161
-1943
-18
-221
-1624
-1071
-770
-1431
-576
84
-1069
-1612
-272
1939
2797
70
-2206
204
2548
2107
2597
1959
-397
2369
6293
2252
-1283
2806
4078
1533
3294
2752
-2950
-1402
4776
2465
-2376
-1450
-1386
-2410
794
1413
-3654
-4656
-936
-360
-1388
-1120
-2354
-3371
-1128
599
-535
-1468
-1358
-1420
-911
-52
-221
-849
-1019
-796
-181
286
15
-838
-1474
164
3266
2532
-1450
-1238
2090
2271
2196
3485
1156
-249
4674
6011
418
162
4387
3097
1903
4111
600
-3970
713
4604
-81
-2733
-1234
-2614
-2471
1109
-589
-5231
-3781
-731
-1645
-2040
-1564
-3190
-3259
-596
-100
-1655
-1669
-1077
-1129
-451
177
-461
-956
-632
-326
-193
-88
-316
-803
-700
1158
3038
1331
-1365
136
2736
2525
3019
3597
1065
1558
6315
5050
75
1934
4914
2904
3277
4312
-1019
-3328
2339
3433
-1433
-2206
-1829
-3907
-2074
872
-2508
-5839
-3649
-2323
-3046
-1830
-1890
-4251
-3530
-820
-945
-1868
-1231
-1330
-1791
-643
245
-447
-729
-277
-378
-660
-483
-432
-985
-1173
688
2453
377
-1982
-158
1704
1294
2557
2953
29
1237
5808
3548
-483
2522
4422
1955
3417
4220
-1487
-2503
3401
3319
-1129
-1154
-1565
-3448
-426
1974
-2233
-4944
-2733
-1626
-1341
-251
-1927
-4294
-2195
749
305
-700
-729
-1064
-463
1237
1418
278
-20
339
420
414
450
311
-306
-209
1982
3115
218
-1667
761
2115
1456
2518
1754
-1051
1562
5544
2108
-1169
1964
2797
956
3037
2443
-3335
-2597
3176
2049
-2091
-2253
-3289
-4374
-636
968
-3469
-5388
-2837
-1621
-1348
-1091
-3213
-4432
-1531
579
-429
-1110
-1209
-1717
-709
1046
616
-459
78
600
299
531
818
169
-719
-239
2040
2928
268
-1266
1021
2347
2044
3146
2527
273
2894
6202
2419
-832
2278
3418
2044
3876
2761
-2883
-1910
3845
2665
-1726
-2045
-2694
-3531
-82
1172
-3676
-5741
-2768
-1534
-1820
-1386
-2914
-4284
-1641
548
-881
-1726
-1226
-1713
-1114
731
180
-1165
-81
561
-381
156
926
-371
-1186
113
1861
2403
774
-976
258
2105
2275
2816
2355
174
1865
5592
3102
-632
1881
3634
1742
2897
2887
-2669
-3043
3109
2889
-2142
-2604
-2545
-4118
-1401
949
-3277
-5993
-3055
-1572
-2103
-1413
-2343
-3846
-1651
665
-179
-582
10
-573
-56
1620
1023
-32
995
1181
58
500
1126
355
-5
274
880
1942
1214
-848
-286
1343
940
1312
2118
277
442
3850
2551
-1284
625
3156
1492
1773
2429
-2004
-3419
2064
3172
-1438
-2607
-2248
-3510
-1276
1524
-1675
-4834
-2713
-932
-1150
-512
-1109
-2799
-1560
714
467
-218
-126
-512
-166
1168
1119
538
1065
868
-38
607
1562
893
136
-227
-83
1887
2941
293
-1367
435
1551
2026
3202
1383
-842
2003
3876
470
-338
2332
1460
626
2633
267
-3846
-797
2826
-366
-2975
-2177
-3204
-2904
620
-181
-4550
-4388
-1798
-1567
-1375
-1171
-2948
-3292
-772
369
-459
-816
-842
-696
182
576
118
157
314
-119
96
844
749
361
-5
-147
1560
3429
1586
-700
733
2095
1806
3073
3062
363
1292
4442
2502
-110
2063
2783
831
1874
1800
-2449
-2256
2254
1400
-2464
-2561
-2634
-3540
-1001
383
-3283
-5050
-2572
-1573
-1991
-1484
-2294
-3470
-1753
268
-209
-990
-1000
-1005
-451
376
366
305
577
221
102
984
1129
429
191
-212
292
2810
3307
378
-585
1022
1512
2227
3547
1693
-269
2332
3854
1106
610
2373
1237
952
3086
978
-2609
-61
2629
-169
-1776
-780
-2127
-2280
867
253
-3363
-2882
-826
-1242
-981
-327
-2159
-2708
-143
628
-848
-1030
-786
-1136
-195
982
199
-776
-546
-413
-264
536
604
-481
-1226
-945
535
2165
1172
-1437
-1360
624
1482
2271
2433
-54
-683
2780
3388
275
485
2102
608
932
2823
-326
-3071
570
2118
-1338
-1776
-877
-2914
-2291
696
-1047
-3996
-2380
-854
-1677
-1202
-895
-2386
-1802
443
400
-521
-202
-124
-88
863
1030
286
427
1033
1002
934
1014
614
223
109
322
1732
2587
532
-1164
76
999
1216
2529
1756
-927
397
3280
1452
-472
1375
1313
-33
2049
2038
-2261
-2086
1761
576
-2084
-1099
-1511
-2968
-613
551
-2822
-3784
-1486
-1316
-1627
-552
-1347
-2539
-875
301
-856
-1072
-207
-174
148
849
373
-151
544
806
212
285
632
225
-22
-23
-51
1092
2227
714
-1230
-438
1024
1424
2050
1484
-495
329
2955
2177
166
904
1350
786
2115
2155
-943
-1049
2009
1561
-696
-467
-996
-2280
-270
1169
-1448
-2740
-1146
-945
-1362
-504
-857
-1910
-903
336
-237
-884
-723
-614
-414
-81
-198
-444
-365
-339
-150
121
-183
-512
-348
-619
-815
763
2094
341
-1504
-437
729
831
1859
1758
-514
59
3115
2315
-183
829
1602
362
1615
2525
-842
-1979
1247
1454
-965
-824
-919
-2225
-786
662
-1482
-2695
-1164
-800
-1209
-589
-857
-1709
-1015
-114
-422
-567
-234
-210
-110
-41
-192
-81
247
218
156
312
183
75
264
-88
-705
166
1842
1407
-380
-351
632
960
1857
2326
396
-289
2319
2865
507
765
2069
865
1224
3037
656
-2049
426
1896
-471
-757
-238
-2277
-1901
906
-189
-2706
-1920
-1338
-2091
-780
37
-1759
-2124
-713
-620
-931
-544
-1071
-1591
-721
-291
-654
-470
-583
-1086
-702
-194
-457
-422
-323
-1255
-1077
1041
1492
-474
-1109
-119
343
1340
2613
1103
-706
1386
3482
1995
1240
2307
1430
1154
3557
2930
-653
-145
2314
1270
392
1115
-693
-2177
304
1368
-1061
-1593
-499
-1088
-1015
277
-639
-2146
-971
255
-411
-747
-533
-964
-819
-32
-289
-882
-581
-317
-372
-92
-142
-543
-545
-821
-1157
102
1469
377
-1138
-710
150
807
1920
1333
-741
147
2867
2253
462
998
806
72
2292
3074
-766
-2133
647
1053
-251
42
-1157
-3143
-1231
989
-859
-2413
-1629
-1640
-1496
-92
-565
-2253
-1522
-115
-355
-364
58
-483
-511
536
645
90
338
411
-39
225
684
339
69
78
-651
-685
1110
2016
275
-1168
-468
607
1440
2067
874
-652
743
2763
1903
616
903
729
997
2583
1631
-1525
-1340
984
802
-275
-653
-2129
-2737
-633
329
-1508
-2634
-2290
-2057
-1190
-283
-1157
-2154
-1410
-612
-546
-275
-285
-745
-389
248
140
182
509
328
144
392
437
531
923
579
-305
297
1962
2071
637
68
701
1518
2583
2913
1376
487
2204
3303
2053
1513
1974
1371
1621
2843
1103
-1680
-708
1049
31
-776
-983
-2811
-3099
-548
-353
-2858
-3373
-2602
-2527
-1529
-848
-2581
-3551
-1889
-735
-926
-895
-1278
-1874
-988
161
-75
-475
-355
-542
-537
148
467
125
-117
-325
-548
309
1805
1729
127
-471
452
1588
2572
2728
1300
600
2330
3517
2482
1840
2045
1667
2139
3127
1560
-645
137
1467
799
11
-646
-1967
-1646
-10
-569
-2300
-2318
-1673
-1443
-941
-1135
-2344
-2296
-939
-394
-672
-904
-1140
-999
-265
137
-200
-527
-530
-403
-177
-32
-65
-301
-582
-644
-574
-156
887
1099
-340
-943
399
1391
1454
1694
1139
251
1424
2898
1684
340
973
1262
1249
2004
1004
-1411
-922
1097
655
-502
-857
-1989
-2279
-507
-168
-1825
-2141
-1552
-1521
-860
-377
-1397
-1702
-293
295
-206
-120
-126
-420
226
723
148
10
567
597
419
587
347
20
408
537
-207
-289
890
1353
219
-253
534
939
1256
1957
1329
101
1238
2878
1804
555
1131
1221
1062
1974
1325
-1212
-1313
529
469
-599
-1056
-2108
-2579
-1086
-508
-2025
-2741
-2035
-1603
-1242
-955
-1496
-1772
-888
-28
-28
-318
-386
-87
403
553
284
66
328
729
521
18
82
410
394
427
209
-317
283
1608
1221
-147
7
698
833
1625
1987
644
490
2241
2216
715
883
1263
659
1243
1714
-361
-1762
-396
270
-528
-879
-1908
-3218
-2084
-531
-1538
-2736
-2414
-2208
-1743
-699
-1156
-2277
-1423
-118
-395
-771
-618
-668
-169
825
615
-296
-103
608
705
641
619
390
355
704
708
290
437
1174
1383
763
532
821
1008
1528
2046
1411
762
1598
2222
1396
949
1174
722
733
1481
685
-1013
-914
-216
-750
-1152
-1186
-2136
-2626
-1567
-1116
-1974
-2243
-1724
-1431
-1037
-646
-1012
-1233
-534
51
48
110
348
481
638
757
658
569
738
1020
908
442
177
324
531
521
169
-221
114
1100
1287
352
-111
301
754
1340
1725
923
329
1282
1867
1141
970
1261
882
1142
1785
540
-1077
-321
745
-18
-769
-1080
-2010
-1919
-447
-590
-2226
-2418
-1613
-1448
-1222
-1029
-1680
-1886
-852
-262
-690
-814
-620
-567
-252
47
-287
-547
-71
223
-40
-162
-119
-107
53
101
-347
-560
132
822
475
-230
-323
162
1040
1744
1404
391
495
1532
1794
1359
1068
746
597
1256
1433
255
-419
50
202
-116
-285
-890
-1548
-997
-314
-843
-1416
-1076
-780
-707
-494
-607
-817
-404
77
-23
-151
35
158
269
317
148
158
433
499
181
-77
-123
-39
58
-20
-225
-406
-283
405
1040
563
-381
-150
770
1351
1720
1497
532
644
2056
2174
1061
757
862
667
1174
1441
-49
-1254
-562
-2
-525
-940
-1475
-2325
-2061
-1060
-1252
-2085
-2161
-1926
-1780
-1258
-812
-994
-1036
-457
-21
52
307
586
513
494
768
802
649
711
671
455
583
839
521
87
73
11
-46
396
679
22
-455
99
590
587
752
605
9
546
1898
1694
518
540
973
810
1131
1254
-121
-1021
-55
454
-343
-651
-889
-1700
-1480
-445
-769
-1827
-1768
-1293
-1140
-695
-419
-894
-1058
-317
200
157
288
379
98
191
726
857
627
517
298
-132
12
544
492
-55
-335
-505
-545
213
769
-157
-1142
-608
319
748
1033
550
-461
1
1468
1309
183
102
276
220
889
1050
-449
-1244
-260
163
-544
-891
-1220
-1723
-1155
-373
-1034
-1891
-1582
-1061
-921
-656
-647
-973
-651
96
261
121
340
484
512
842
1024
780
748
1031
987
642
568
563
449
458
446
154
-67
331
820
553
-2
195
647
823
1031
999
456
593
1616
1604
669
656
1188
1079
1133
1250
253
-629
-21
446
-314
-879
-1040
-1551
-1535
-782
-940
-1876
-1939
-1467
-1391
-1149
-845
-1185
-1360
-634
-164
-389
-403
-155
-146
-48
295
269
106
235
323
146
81
136
19
-84
-37
-147
-313
-1
553
452
-48
68
617
952
1210
1306
819
654
1545
2001
1287
911
1138
992
970
1317
693
-388
-212
326
-104
-589
-678
-1160
-1421
-814
-739
-1550
-1763
-1339
-1167
-965
-629
-846
-1197
-805
-332
-324
-275
-160
-243
-156
76
-15
-229
-187
-96
-167
-211
-343
-529
-421
-202
-383
-759
-648
-119
122
-131
-242
35
382
890
1230
813
443
1095
1752
1381
987
1082
988
1085
1531
979
-140
-82
546
319
-157
-368
-970
-1171
-405
-188
-1025
-1435
-1104
-874
-533
-154
-506
-903
-446
150
301
406
485
298
343
705
665
395
423
520
410
311
270
67
1
238
202
-263
-433
85
456
115
-262
-174
151
610
1039
684
-27
330
1242
1240
722
534
377
352
866
923
-21
-509
-9
150
-248
-510
-897
-1273
-884
-349
-801
-1430
-1309
-988
-805
-566
-623
-952
-801
-165
57
-112
-149
-185
-194
5
134
-26
-116
12
5
-116
-108
-97
-99
15
19
-252
-394
-78
339
253
-147
-193
131
570
982
996
418
234
944
1296
851
578
576
492
704
1014
533
-230
-122
198
-70
-428
-717
-1151
-1130
-642
-734
-1304
-1403
-1201
-1127
-965
-947
-1229
-1242
-821
-586
-589
-559
-585
-481
-127
128
50
53
226
276
295
384
323
267
449
618
495
352
541
880
1035
874
785
994
1259
1459
1535
1271
1090
1573
2085
1727
1193
1177
1191
1140
1243
957
136
-164
247
322
-80
-498
-962
-1210
-916
-727
-1135
-1530
-1612
-1557
-1334
-1120
-1311
-1523
-1298
-998
-896
-731
-615
-719
-587
-264
-152
-93
128
202
81
137
230
170
293
541
408
129
129
363
608
654
447
255
435
799
988
964
698
497
773
1025
768
471
519
533
449
491
231
-346
-444
-145
-234
-688
-1034
-1285
-1338
-1072
-1006
-1376
-1714
-1722
-1503
-1242
-1167
-1333
-1431
-1233
-854
-507
-372
-389
-332
-58
266
494
679
724
669
721
840
989
1085
1125
1070
971
931
928
1098
1286
1166
910
878
944
947
991
975
774
709
978
984
555
419
592
521
370
254
-185
-571
-327
-114
-531
-1009
-1223
-1369
-1268
-1013
-1183
-1712
-1911
-1649
-1318
-1195
-1285
-1380
-1240
-957
-751
-572
-478
-439
-191
121
160
42
93
250
335
441
471
367
350
457
537
483
388
306
370
571
584
397
339
493
655
801
879
757
748
972
1034
891
895
1016
905
803
788
565
327
457
501
72
-317
-479
-609
-602
-574
-857
-1269
-1379
-1214
-1048
-925
-949
-1089
-1059
-833
-575
-392
-245
-148
-31
177
399
538
659
768
812
826
888
945
875
783
722
632
519
486
598
694
579
320
158
142
214
335
321
83
-99
-23
36
-86
-129
-127
-230
-250
-238
-499
-789
-678
-566
-764
-930
-1002
-1160
-1130
-835
-802
-1064
-1151
-1005
-864
-676
-478
-515
-628
-527
-285
-100
-23
14
24
91
239
334
324
282
267
237
234
277
254
235
287
265
181
150
207
314
460
445
306
334
536
753
929
959
828
857
971
917
883
939
797
580
591
472
60
-92
5
-157
-418
-555
-806
-1051
-993
-998
-1254
-1325
-1202
-1163
-1037
-843
-917
-980
-717
-460
-367
-203
23
77
99
271
409
431
533
679
651
587
600
576
524
537
474
344
373
547
654
639
538
412
407
540
694
747
650
534
605
730
698
653
651
573
493
505
390
80
-93
-83
-186
-401
-556
-746
-928
-937
-945
-1085
-1192
-1216
-1213
-1172
-1054
-1021
-1098
-989
-754
-640
-603
-503
-427
-389
-228
-48
-10
1
125
201
217
258
338
401
396
399
440
506
580
681
726
627
540
693
861
853
850
863
738
729
943
952
709
627
608
423
278
138
-185
-439
-448
-543
-799
-950
-1044
-1221
-1292
-1228
-1286
-1427
-1399
-1246
-1167
-1124
-1009
-929
-909
-807
-638
-523
-442
-313
-206
-162
-92
21
132
229
268
235
241
284
343
421
468
499
545
634
789
976
1089
1119
1188
1315
1425
1517
1573
1503
1445
1594
1676
1467
1349
1367
1158
920
849
629
268
200
140
-287
-658
-799
-980
-1165
-1157
-1254
-1591
-1719
-1624
-1562
-1484
-1420
-1478
-1515
-1282
-1058
-1022
-931
-793
-718
-599
-368
-225
-198
-119
-37
0
84
195
298
349
358
396
453
490
538
630
676
594
552
666
808
876
918
887
771
816
967
967
840
691
487
350
347
289
88
-88
-183
-302
-404
-451
-574
-742
-744
-669
-743
-798
-744
-728
-703
-593
-479
-477
-414
-279
-242
-206
-115
-76
-77
-23
47
96
135
117
60
65
86
94
118
144
126
120
175
217
284
334
270
181
215
305
306
324
318
182
147
243
235
119
104
53
-101
-134
-144
-316
-457
-473
-544
-655
-660
-648
-704
-672
-627
-671
-660
-524
-424
-370
-229
-143
-128
-19
127
161
175
295
406
444
436
405
401
426
465
466
465
461
459
512
517
436
354
381
470
542
605
590
524
602
816
944
963
951
902
905
1015
1031
892
803
723
541
418
339
47
-282
-420
-556
-790
-922
-1032
-1261
-1398
-1427
-1539
-1706
-1735
-1733
-1749
-1662
-1562
-1544
-1486
-1330
-1183
-987
-717
-520
-383
-243
-98
22
161
329
417
490
576
665
759
810
783
712
686
738
832
902
844
705
689
763
804
818
795
652
563
667
711
587
501
455
352
301
329
224
43
5
-34
-139
-161
-205
-360
-459
-454
-503
-588
-574
-580
-641
-642
-542
-481
-520
-495
-390
-340
-342
-286
-219
-244
-249
-144
-73
-97
-96
-41
-38
-17
86
145
112
77
96
143
211
265
276
279
310
398
438
462
545
597
607
652
694
613
547
557
486
361
344
272
73
-23
-39
-117
-206
-253
-378
-526
-588
-617
-696
-753
-776
-814
-805
-781
-771
-783
-757
-697
-631
-533
-440
-357
-288
-224
-179
-159
-117
-38
20
53
96
179
223
220
250
303
364
423
510
586
589
592
659
730
729
732
753
702
697
746
753
734
707
605
478
411
311
173
101
32
-139
-275
-320
-396
-532
-571
-599
-694
-722
-685
-684
-713
-666
-587
-579
-554
-445
-354
-328
-273
-190
-173
-151
-69
23
80
122
155
162
184
201
234
260
233
200
202
233
264
263
216
181
186
223
293
352
335
324
375
374
279
258
295
212
109
121
123
23
-25
-59
-165
-246
-263
-318
-407
-443
-494
-577
-598
-560
-544
-536
-533
-553
-529
-440
-389
-393
-358
-272
-201
-115
14
60
64
121
203
223
194
207
246
269
321
378
374
371
407
448
424
406
425
403
392
437
423
348
350
381
330
285
314
264
156
136
136
35
-41
-26
-111
-249
-280
-295
-380
-416
-435
-517
-573
-574
-590
-566
-512
-527
-518
-404
-331
-349
-285
-163
-132
-86
63
158
169
218
292
317
333
372
421
433
421
455
490
454
401
406
409
347
353
452
412
281
273
293
238
216
197
56
-33
-7
-73
-215
-289
-368
-476
-447
-408
-567
-675
-599
-648
-769
-694
-640
-762
-725
-528
-542
-672
-565
-388
-376
-294
-94
1
16
143
318
352
361
449
533
599
664
747
767
750
765
768
748
703
645
608
608
606
534
459
440
393
343
305
232
124
68
52
-47
-137
-157
-204
-305
-370
-396
-462
-528
-533
-541
-628
-682
-684
-746
-801
-814
-849
-863
-797
-708
-686
-669
-620
-560
-484
-376
-296
-253
-174
-35
110
192
233
290
379
443
526
616
645
685
798
879
845
816
836
818
787
799
763
712
703
662
540
410
293
167
103
61
-58
-150
-160
-193
-274
-328
-382
-499
-519
-453
-509
-621
-676
-700
-729
-716
-655
-636
-626
-552
-469
-418
-398
-390
-384
-350
-290
-257
-226
-151
-53
65
176
266
310
374
482
536
514
539
595
591
584
613
627
574
544
573
544
450
411
431
415
341
273
187
59
-35
-74
-165
-280
-350
-402
-449
-482
-502
-489
-465
-462
-483
-541
-570
-583
-548
-512
-510
-490
-446
-349
-266
-208
-137
-64
-20
3
101
205
226
269
367
440
445
493
552
519
525
587
602
540
509
527
473
447
452
390
319
279
243
165
87
33
-49
-109
-116
-172
-221
-216
-231
-293
-328
-322
-337
-332
-328
-381
-460
-468
-411
-396
-407
-425
-450
-435
-379
-299
-259
-230
-174
-137
-111
-93
-78
-65
-48
11
55
108
173
243
299
324
389
437
477
489
491
467
431
416
393
358
313
271
237
213
176
131
62
-25
-109
-185
-272
-346
-383
-434
-498
-522
-501
-523
-546
-526
-520
-529
-500
-449
-440
-430
-381
-340
-297
-242
-174
-113
-34
21
67
165
238
264
288
332
396
465
546
626
646
667
711
727
718
694
685
667
650
638
617
583
508
442
419
383
314
231
153
51
-40
-93
-167
-228
-266
-294
-342
-423
-457
-481
-518
-548
-561
-569
-590
-593
-602
-606
-613
-607
-585
-568
-559
-559
-528
-458
-407
-372
-318
-273
-229
-177
-110
-86
-94
-21
76
134
177
229
291
338
413
481
477
477
502
517
548
558
519
488
499
494
451
419
410
374
338
307
242
163
130
114
78
32
-11
-50
-72
-67
-103
-167
-220
-238
-245
-226
-215
-252
-240
-220
-225
-241
-266
-297
-332
-319
-334
-379
-390
-355
-319
-315
-279
-268
-258
-223
-205
-183
-163
-153
-131
-81
-34
-2
35
92
113
98
131
156
153
145
144
151
165
219
233
232
230
208
202
206
213
197
206
220
208
237
278
257
218
223
220
183
182
196
174
142
156
169
149
132
116
98
41
-7
-27
-37
-56
-91
-103
-112
-127
-140
-141
-145
-186
-193
-191
-228
-263
-285
-303
-317
-314
-297
-287
-287
-274
-249
-224
-220
-194
-146
-113
-92
-72
-40
-7
8
51
80
113
166
196
247
279
293
309
339
359
349
352
351
318
272
258
248
222
195
177
161
128
93
52
23
-5
-52
-95
-128
-170
-201
-195
-189
-201
-205
-205
-197
-196
-204
-203
-221
-234
-243
-240
-255
-286
-265
-246
-233
-222
-195
-181
-189
-159
-135
-122
-114
-91
-29
2
10
39
69
87
91
126
166
180
201
245
249
208
208
233
228
204
204
198
167
135
123
119
77
54
68
48
3
-22
-21
-44
-69
-69
-62
-80
-100
-83
-80
-81
-64
-47
-36
-38
-11
19
15
25
61
82
92
118
118
90
67
50
56
63
58
54
62
70
85
102
120
110
75
51
25
-15
-42
-46
-70
-94
-87
-77
-78
-80
-81
-106
-129
-141
-154
-158
-159
-169
-176
-182
-173
-156
-140
-119
-85
-46
-16
22
49
74
98
130
137
133
146
156
164
154
143
158
187
189
182
177
178
179
179
172
151
122
96
80
67
34
2
-3
-1
-11
-21
-46
-90
-124
-144
-170
-215
-259
-271
-277
-281
-275
-278
-307
-354
-376
-384
-388
-376
-338
-315
-302
-278
-255
-236
-208
-161
-116
-82
-57
-28
8
67
127
192
248
284
326
363
377
387
414
441
458
454
454
447
416
400
413
419
389
367
358
324
270
222
177
116
48
3
-44
-90
-139
-179
-186
-205
-234
-253
-268
-307
-327
-328
-348
-378
-398
-391
-377
-365
-341
-302
-281
-268
-240
-199
-182
-186
-158
-111
-85
-66
-39
-4
26
58
118
169
186
208
248
262
251
256
271
281
263
255
270
272
271
290
313
298
269
252
235
204
162
132
98
62
36
20
-5
-43
-47
-50
-64
-83
-110
-140
-164
-171
-188
-207
-228
-233
-221
-231
-231
-210
-183
-159
-145
-145
-163
-183
-190
-180
-162
-155
-137
-110
-87
-73
-49
-16
-4
1
16
24
14
-3
6
24
39
55
75
94
98
102
106
112
107
91
89
89
76
70
70
69
52
40
62
66
43
19
8
6
-15
-22
-5
2
-9
-14
13
18
12
27
52
56
46
61
64
44
25
44
59
42
39
47
33
11
16
25
14
0
6
5
-10
-20
-23
-42
-76
-92
-92
-83
-84
-71
-59
-66
-66
-65
-59
-55
-52
-39
-29
-13
-9
-2
5
6
5
7
17
35
62
78
81
67
66
76
61
54
52
36
31
39
71
89
86
92
80
76
72
69
60
45
50
51
33
29
36
29
3
-5
-11
-26
-39
-45
-50
-72
-94
-113
-115
-119
-120
-122
-137
-129
-111
-107
-108
-104
-89
-84
-70
-51
-46
-53
-65
-51
-46
-51
-50
-34
-18
-24
-24
-9
-1
9
27
63
55
28
32
31
27
8
35
59
43
50
79
100
88
105
134
127
98
90
115
106
81
93
114
91
73
86
71
27
-1
7
-7
-39
-48
-45
-66
-90
-93
-95
-121
-124
-110
-111
-118
-130
-119
-113
-106
-83
-70
-68
-77
-53
-24
-36
-40
-16
0
-11
-9
8
1
-12
-10
-3
1
3
10
21
36
64
96
108
114
118
128
119
105
103
93
81
70
71
67
58
71
81
87
86
73
59
44
31
29
24
28
29
14
-4
-20
-23
-20
-28
-38
-39
-58
-76
-70
-65
-73
-77
-57
-43
-35
-25
-24
-35
-50
-38
-20
-19
-25
-35
-32
-32
-25
-14
-10
-9
-7
4
11
6
0
16
7
-16
-22
-33
-35
-50
-32
-14
-18
-24
-22
-3
-3
-9
-16
-22
-36
-63
-57
-34
-25
-8
17
18
20
29
42
41
30
21
12
2
-10
-7
-1
-21
-35
-26
-8
-14
-23
-9
-6
-13
-9
4
6
-4
2
11
10
-11
-26
-23
-13
0
20
55
78
82
73
46
27
20
14
10
-1
-17
-14
-5
15
48
59
60
51
50
41
20
8
-2
-13
-9
13
14
18
37
65
86
79
76
70
53
16
-17
-25
-38
-48
-41
-35
-52
-62
-46
-20
-18
-29
-42
-35
-43
-56
-40
-42
-51
-49
-34
-23
-23
-21
4
30
38
46
44
36
13
-15
-22
-19
-10
-11
2
17
16
25
28
37
42
34
23
-3
-24
-27
-31
-35
-33
-30
-29
-14
10
27
14
10
13
-2
-13
-10
-1
-22
-17
7
19
24
32
47
51
42
36
32
17
3
17
19
0
-18
-21
-10
-10
-13
-7
-20
-45
-52
-40
-27
-23
-24
-22
-34
-63
-77
-85
-100
-97
-92
-84
-65
-43
-19
-1
2
-3
-14
-24
-39
-35
-14
-1
15
30
40
48
50
33
16
9
7
17
24
34
40
55
81
90
97
107
105
91
91
77
58
46
41
43
51
50
40
36
40
41
48
50
41
31
19
-6
-32
-44
-47
-54
-69
-88
-82
-81
-85
-63
-48
-33
-30
-20
-14
-34
-46
-53
-49
-49
-53
-42
-37
-32
-16
5
28
35
43
30
-2
-10
-5
6
20
43
53
58
63
60
57
32
22
24
13
6
0
-3
-11
-8
13
13
2
0
2
0
2
-2
-14
-28
-32
-24
-35
-51
-44
-30
-33
-40
-38
-38
-38
-41
-32
-24
-31
-16
3
4
-11
5
20
17
14
16
15
-6
-6
7
0
-14
-9
2
-5
-19
-8
-10
-28
-25
-11
-3
2
26
42
42
23
32
50
41
43
54
47
19
9
25
14
-1
13
31
34
15
17
25
2
-10
2
17
0
-7
17
12
-18
-17
-6
-19
-30
-36
-32
-26
-24
-10
-3
-15
-18
-4
-3
-19
-27
-26
-25
-33
-27
-14
-19
-31
-31
-17
-25
-41
-42
-37
-28
-12
6
19
29
30
24
14
7
19
30
33
27
10
0
-2
16
38
51
59
58
56
37
26
23
21
25
30
37
37
47
50
40
27
14
4
1
3
1
-9
-14
-3
8
14
14
12
-4
-22
-21
-9
-6
-25
-35
-36
-39
-50
-49
-42
-45
-45
-44
-28
-17
-27
-14
-14
-32
-39
-29
-7
-9
0
19
12
-3
-13
6
8
-10
-5
5
-4
-18
-11
4
6
1
8
16
-1
0
15
15
13
16
17
4
-21
-29
-31
-39
-39
-17
2
-2
5
29
27
15
3
-12
-25
-44
-42
-35
-39
-32
-20
1
5
9
19
22
14
6
4
1
6
22
44
49
44
39
37
33
18
18
35
43
50
67
81
79
73
69
47
27
4
-1
-4
-18
-16
-5
1
-5
-7
-16
-39
-65
-73
-69
-63
-50
-41
-32
-42
-40
-30
-31
-20
-6
6
13
4
-4
-1
0
0
6
10
15
13
12
17
12
18
38
48
40
25
12
1
-14
-9
4
0
-8
-15
-3
4
-5
-13
-19
-24
-41
-36
-25
-24
-12
-11
-7
-18
-24
-13
-9
5
7
13
15
13
21
42
55
45
46
42
27
7
6
13
5
-4
-1
15
15
17
19
12
-1
-6
3
0
-11
-1
0
-6
-8
-7
-8
-16
-16
-2
14
9
-11
-12
-27
-49
-55
-45
-37
-46
-40
-25
-18
-11
-3
-3
-30
-51
-50
-57
-64
-64
-46
-41
-40
-21
-8
-1
2
2
-3
-10
-14
-8
6
13
29
38
36
33
30
50
69
72
70
72
67
51
50
60
70
70
77
83
71
52
39
21
-4
-7
-1
2
-3
-14
-8
-14
-35
-45
-40
-39
-51
-50
-29
-33
-44
-38
-19
-14
-19
-5
1
-9
-16
-16
-19
-30
-35
-26
-15
1
17
39
36
32
46
53
44
30
28
19
16
22
15
-3
-16
-18
-8
-4
-20
-27
-32
-36
-38
-50
-59
-59
-54
-40
-34
-33
-29
-25
-11
2
3
5
11
10
5
4
12
19
32
41
40
39
34
32
37
39
33
31
33
16
-2
0
3
-1
3
13
12
3
2
14
2
-21
-25
-13
-12
-15
4
7
-1
-11
-3
9
-1
-6
-2
-10
-20
-12
-1
-1
-6
-13
-17
-30
-44
-33
-27
-24
-12
12
24
18
16
17
7
-3
-3
-10
-19
-19
-14
-1
-1
2
13
17
16
26
39
33
22
16
0
-18
-28
-30
-23
-20
-16
-14
-13
-20
-22
-14
-22
-34
-31
-26
-19
-25
-29
-25
-15
3
9
12
-2
-17
-19
-22
-14
5
21
34
37
27
17
8
-5
-4
-2
-12
-22
-21
-12
-5
-5
1
16
26
23
18
19
16
2
13
24
25
26
30
29
19
23
30
36
29
18
29
29
26
40
55
56
54
54
59
71
69
66
58
53
43
43
44
33
38
54
56
37
23
13
6
-3
-3
-8
-23
-37
-40
-44
-55
-58
-59
-58
-61
-63
-62
-63
-63
-54
-44
-43
-44
-58
-72
-79
-82
-66
-55
-54
-57
-56
-59
-70
-72
-78
-82
-77
-69
-61
-46
-39
-30
-24
-32
-38
-25
-9
2
13
26
34
27
23
33
44
46
42
41
39
33
29
26
21
23
30
36
38
40
46
43
33
24
27
33
41
41
29
20
10
-4
-10
-17
-15
-10
-10
-7
-6
-9
-23
-21
-18
-16
-15
-5
5
3
-2
0
3
6
15
7
-3
-2
3
23
36
41
53
67
76
75
75
74
67
61
60
67
74
83
93
90
77
73
65
67
58
36
22
4
2
7
-4
-11
-10
-6
-1
-9
-12
-25
-39
-50
-57
-53
-54
-56
-45
-43
-54
-63
-65
-59
-61
-61
-62
-73
-78
-72
-60
-60
-64
-56
-60
-75
-81
-73
-61
-46
-40
-28
-23
-26
-26
-32
-31
-26
-17
-16
-19
-6
-6
-14
-19
-15
-6
-16
-15
4
25
37
51
64
57
54
54
58
52
48
48
43
42
38
45
44
34
30
11
-6
-9
-3
-14
-27
-22
-18
-18
-18
-16
-22
-29
-29
-13
-6
-15
-9
5
9
1
-7
-22
-44
-48
-47
-42
-25
-10
2
1
-5
-11
-18
-10
1
17
28
22
14
19
23
27
38
40
34
30
40
37
26
36
54
64
58
65
66
58
61
80
91
86
86
84
81
67
54
56
56
51
45
50
52
43
40
34
13
3
6
4
-13
-28
-33
-37
-39
-43
-37
-46
-59
-64
-73
-73
-64
-55
-56
-53
-57
-71
-81
-83
-82
-77
-73
-60
-52
-52
-49
-60
-67
-69
-65
-55
-41
-38
-40
-32
-26
-14
-8
-13
-14
-10
-13
-27
-23
-20
-18
-11
-6
7
9
11
29
34
29
20
16
15
5
-1
0
2
9
20
28
38
37
33
30
20
16
15
19
22
17
23
38
33
29
29
24
23
26
17
4
-3
5
28
38
38
39
29
19
18
18
15
20
21
12
4
-10
-7
-1
-7
-13
-21
-23
-18
-15
-10
-16
-28
-25
-18
-19
-21
-7
2
6
5
-5
-15
-19
-16
-9
2
0
1
18
17
17
34
42
35
26
31
45
49
41
32
28
24
20
18
18
27
25
18
11
1
-8
-15
-18
-17
-17
-12
-4
-2
-1
-3
-9
-14
-13
-13
-14
-11
-9
-12
-8
4
0
-9
-10
1
1
-5
-9
-27
-38
-31
-11
0
-3
-6
-19
-29
-34
-39
-32
-12
2
4
8
8
7
5
6
5
3
-12
-33
-32
-32
-37
-27
-11
0
13
16
12
6
-1
-1
-14
-28
-35
-38
-38
-38
-34
-28
-22
-20
-10
6
8
1
-2
-12
-20
-22
-14
-17
-17
-7
2
8
12
16
13
11
8
18
31
37
37
33
16
10
7
5
4
8
21
30
32
25
25
31
26
20
14
9
4
0
-2
-4
-4
-3
-2
-8
-5
-3
-4
5
10
16
26
35
37
23
9
-4
-15
-20
-11
6
15
15
11
15
24
36
33
21
18
16
13
11
6
-5
-6
6
10
13
14
23
26
18
13
6
-6
-15
-29
-43
-46
-48
-46
-34
-21
-14
-13
-11
-6
-3
8
14
28
35
29
25
22
19
9
4
6
11
21
23
18
13
4
-8
-18
-31
-34
-32
-22
-6
-1
8
15
17
10
0
-9
-28
-37
-34
-41
-52
-55
-51
-39
-34
-30
-19
-9
-2
-5
-6
-10
-27
-31
-31
-20
-9
-3
3
1
-1
-6
3
16
15
16
17
11
-1
-17
-24
-17
-14
-15
-15
-1
8
1
-6
-11
-17
-18
-16
-12
-9
-5
13
26
23
19
9
8
2
3
10
14
7
-4
0
-6
-4
5
13
18
6
-8
-21
-27
-21
-11
-5
-4
-9
-5
3
6
7
8
8
11
20
30
37
34
32
31
17
12
24
33
40
49
45
34
31
39
57
63
67
69
60
47
33
28
16
4
7
10
9
17
12
0
-7
-4
2
-1
-2
-6
-13
-31
-36
-35
-38
-38
-23
-1
2
2
-4
-11
-12
-11
1
10
12
12
4
-10
-17
-4
-1
-1
10
15
13
-1
-9
-13
-25
-28
-13
-5
-2
-8
-19
-40
-60
-59
-43
-28
-15
-8
-6
-15
-24
-18
-8
-1
-2
-16
-42
-61
-59
-41
-30
-15
-2
6
-1
-8
-9
-26
-41
-53
-58
-58
-60
-49
-37
-27
-15
-8
-22
-35
-42
-52
-56
-46
-41
-39
-34
-33
-22
-26
-37
-25
-10
4
15
30
38
40
44
45
38
30
32
38
40
43
50
54
43
33
34
34
41
43
51
56
40
43
50
42
39
38
38
38
45
60
62
58
56
54
47
44
48
51
43
47
53
47
47
37
26
17
14
21
32
33
26
16
14
21
28
33
36
36
30
22
16
18
20
22
25
20
10
-2
-7
-13
-21
-29
-34
-32
-38
-40
-39
-40
-42
-45
-33
-21
-26
-23
-17
-25
-31
-40
-41
-35
-34
-25
-24
-31
-28
-24
-38
-57
-74
-85
-92
-92
-93
-91
-95
-102
-104
-96
-87
-90
-90
-92
-91
-78
-68
-61
-48
-46
-43
-36
-29
-25
-40
-42
-32
-27
-29
-24
-13
-5
5
6
13
20
28
27
34
45
44
44
43
45
41
28
18
17
11
9
7
14
31
40
53
53
44
35
33
36
36
49
57
74
85
82
78
79
91
95
102
94
80
74
74
77
73
74
75
77
77
71
73
70
68
58
36
29
25
24
27
19
15
17
22
19
19
25
23
15
10
5
6
11
11
6
-3
-17
-19
-18
-14
-1
15
30
34
30
20
15
9
-1
-3
-15
-40
-54
-66
-83
-92
-96
-87
-72
-77
-86
-95
-113
-125
-127
-131
-126
-115
-107
-96
-87
-86
-88
-98
-101
-97
-107
-109
-93
-80
-66
-52
-34
-25
-30
-24
-10
-3
0
9
19
26
36
28
12
-6
-16
-7
-7
-20
-10
-1
-1
0
0
11
21
25
29
35
41
41
49
60
58
51
50
48
46
49
48
39
30
30
33
27
27
32
28
26
29
38
34
35
31
33
35
32
47
48
49
50
54
58
48
50
50
49
52
43
33
31
37
41
41
41
33
28
29
36
55
67
70
78
67
54
44
36
24
8
-13
-30
-34
-26
-11
-4
-1
0
-2
-8
-16
-26
-25
-25
-25
-26
-42
-49
-61
-54
-38
-39
-44
-51
-53
-65
-67
-56
-51
-46
-42
-35
-31
-26
-13
-15
-25
-33
-35
-32
-30
-27
-26
-23
-24
-22
-23
-28
-33
-37
-35
-28
-32
-42
-53
-63
-64
-60
-49
-37
-17
6
22
28
34
34
24
21
16
7
-7
-13
-10
-19
-31
-30
-18
-11
-14
-17
-15
-22
-31
-30
-28
-36
-41
-29
-18
-16
-1
25
39
32
30
32
32
32
27
20
18
27
37
43
31
19
24
34
37
37
41
39
34
42
48
49
53
62
73
74
81
90
86
77
63
53
52
49
59
66
53
43
27
19
11
1
5
-5
-7
-7
-4
-4
-12
-14
-28
-32
-29
-17
-11
-16
-12
-17
-28
-33
-29
-36
-48
-54
-68
-78
-68
-54
-55
-57
-51
-46
-35
-31
-28
-21
-10
-5
-13
-21
-39
-39
-19
-4
3
5
19
18
22
29
27
14
-5
0
6
-1
-9
-5
-5
-6
6
19
27
30
36
49
37
23
15
15
5
-6
-14
-28
-32
-28
-22
-15
-8
9
20
16
13
7
-4
-14
-31
-38
-45
-35
-20
-15
-15
-13
-2
-3
-5
-10
-14
-21
-28
-30
-29
-26
-19
-16
0
13
23
40
32
26
21
20
20
22
19
12
1
-11
-11
-22
-16
-3
8
14
11
6
-17
-28
-29
-21
-15
-16
-10
-12
-15
-24
-26
-34
-38
-31
-32
-37
-33
-12
11
21
18
15
5
12
31
39
35
34
48
57
61
63
67
72
71
84
95
91
88
85
77
59
46
46
46
34
25
24
13
1
7
11
13
9
10
10
4
4
1
-7
-31
-55
-76
-94
-94
-83
-73
-70
-58
-39
-25
-13
-4
-5
-11
-18
-19
-25
-35
-44
-39
-34
-33
-32
-31
-19
-4
15
27
23
11
-1
-6
-15
-20
-16
-9
-4
-3
-1
-5
-7
-11
-24
-32
-46
-57
-55
-41
-30
-35
-37
-34
-23
-14
-11
-4
2
8
23
42
44
41
41
38
41
27
13
7
-2
-1
2
7
1
-2
13
15
11
9
9
0
-7
-9
-12
-7
7
17
21
15
7
20
35
39
31
32
33
28
27
25
19
12
10
9
12
9
-2
-5
-8
-12
-10
-12
-4
14
20
20
12
4
-6
-13
-18
-18
-16
-13
-4
1
-3
-13
-16
-10
-8
-6
-2
-9
-17
-18
-25
-36
-32
-17
0
8
20
28
29
39
39
28
20
15
18
13
13
12
10
10
10
16
21
27
23
12
-4
-13
-4
-2
-4
2
3
2
3
0
-2
-12
-16
-12
-5
5
13
19
15
8
4
-8
-9
2
3
-1
-8
-21
-31
-39
-52
-51
-37
-22
-18
-28
-39
-47
-53
-47
-32
-27
-26
-30
-36
-43
-44
-44
-51
-44
-29
-31
-27
-11
0
3
-6
-11
-19
-17
1
26
36
26
24
34
42
53
58
73
78
72
68
49
32
26
35
41
36
33
21
16
22
18
17
25
22
15
12
12
13
11
8
5
11
9
-9
-17
-12
-14
-16
-12
-16
-24
-17
4
17
9
5
13
12
1
-5
-8
-6
-4
3
15
17
10
10
15
9
-6
-9
-4
0
6
13
8
-3
0
0
5
7
-3
-9
-20
-28
-39
-55
-68
-67
-61
-62
-59
-56
-53
-44
-35
-37
-46
-47
-44
-43
-48
-49
-37
-22
-8
4
12
19
17
20
20
16
15
16
10
7
16
27
33
39
46
41
35
35
40
35
34
29
26
24
17
28
29
30
43
57
59
43
34
24
10
1
-9
-20
-23
-19
0
10
8
21
20
10
3
5
-3
-20
-40
-45
-38
-22
5
25
37
45
49
46
41
17
-10
-18
-14
-10
-1
6
14
24
22
15
7
7
5
-4
-16
-27
-22
-18
-28
-26
-22
-20
-16
-18
-15
-28
-40
-45
-54
-64
-83
-96
-89
-81
-69
-48
-29
-7
9
18
17
6
-4
-12
-6
-1
-3
-5
-7
-1
14
31
40
44
41
35
34
38
36
27
15
4
-5
-1
2
8
12
9
10
10
21
27
31
40
17
-9
-20
-22
-23
-10
13
23
26
16
4
-14
-34
-41
-36
-23
-18
-9
9
20
20
10
2
-5
-5
0
6
-1
-11
-7
-2
5
7
8
11
17
13
7
7
10
12
0
-3
2
16
32
47
51
49
37
24
15
0
-6
8
25
24
28
24
19
6
-8
-12
-16
-10
6
18
14
6
-1
-1
-13
-29
-35
-40
-31
-25
-22
-16
-15
-18
-13
-4
1
0
2
8
12
14
11
13
6
7
6
0
-13
-26
-29
-26
-18
-15
-13
-10
-5
-17
-31
-38
-33
-27
-31
-25
-18
-9
0
-4
-14
-21
-27
-30
-25
-26
-32
-30
-26
-15
-8
-2
1
-5
-8
-5
-3
3
3
7
20
39
45
44
40
25
17
18
28
35
27
9
-10
-15
-4
0
1
6
12
6
-5
-7
-7
0
2
5
1
3
1
-4
-6
-10
1
14
24
31
42
40
46
51
49
48
34
30
38
34
21
7
-5
-11
-12
-9
-6
-21
-29
-23
-28
-29
-26
-20
-14
-16
-13
-15
-7
9
10
8
7
10
2
-6
-4
7
12
5
-3
-14
-32
-35
-30
-23
-11
-5
-1
-2
3
1
-2
0
10
17
26
36
33
17
-3
-6
-2
-10
-12
2
3
-6
-14
-13
-13
-12
11
28
29
22
12
12
6
7
8
5
-3
-12
-4
-2
-1
-7
-16
-15
-21
-25
-18
-32
-41
-42
-33
-15
-17
-16
-15
-28
-37
-38
-32
-34
-30
-33
-38
-34
-25
-15
-12
5
14
16
12
11
9
3
3
6
6
11
24
33
40
33
36
44
46
42
45
45
34
23
5
1
3
15
30
32
17
1
-6
-7
0
12
13
20
36
38
29
12
1
-13
-27
-33
-36
-36
-36
-26
-18
-19
-12
-6
-1
9
18
22
19
16
4
-2
-4
-3
15
23
32
35
23
13
4
-6
-15
-21
-29
-43
-43
-34
-23
-9
-8
-11
-4
13
17
16
7
-10
-21
-36
-38
-33
-25
-10
1
3
10
8
3
-3
3
-1
-8
-6
-9
-10
-9
-7
-5
5
14
14
6
2
6
21
22
14
19
16
9
-8
-13
-7
-16
-16
-12
-4
-9
-18
-12
-8
-4
-4
-15
-20
-13
-4
6
10
16
25
26
21
11
7
10
13
16
24
27
21
18
15
12
14
21
24
23
29
29
28
26
17
8
5
11
20
16
2
-13
-25
-29
-32
-31
-23
-9
-4
-3
-10
-13
-10
-8
2
1
-4
-11
-3
3
-3
4
12
9
-2
-9
-9
-18
-35
-45
-41
-36
-30
-22
-21
-35
-41
-47
-43
-36
-40
-48
-52
-49
-40
-31
-22
-15
-14
-9
-6
1
11
20
32
40
42
45
39
28
18
11
16
19
22
19
19
23
33
31
31
38
34
36
37
40
39
29
29
25
18
26
33
37
35
25
12
2
-1
-10
-22
-29
-27
-21
-22
-19
-15
-18
-22
-31
-52
-55
-44
-33
-26
-26
-17
-6
8
29
31
31
25
22
27
26
28
35
55
64
61
52
39
39
39
27
-1
-25
-34
-22
-12
-10
-5
-3
-7
-6
0
7
12
14
6
-16
-34
-41
-36
-31
-30
-25
-17
-1
0
-8
-15
-33
-45
-56
-60
-57
-56
-52
-47
-39
-33
-31
-23
-23
-18
-12
-16
-24
-38
-46
-47
-45
-43
-30
-11
4
10
6
3
-8
-14
-5
6
14
19
25
37
51
52
62
65
63
50
41
57
70
74
70
63
54
45
37
34
27
20
13
20
24
19
11
0
-8
-16
-12
-7
-9
-16
-24
-27
-35
-44
-35
-14
-5
-3
-5
-6
-6
-8
-13
-27
-42
-48
-38
-26
-14
-15
-12
-11
-10
1
-4
-4
-3
-1
4
1
0
-14
-23
-23
-22
-14
3
16
27
28
22
26
25
20
21
27
38
38
46
50
44
44
40
43
48
48
39
33
22
23
16
5
-1
-13
-23
-23
-16
-19
-29
-35
-44
-49
-39
-34
-17
-24
-33
-34
-33
-35
-43
-46
-47
-37
-34
-28
-30
-29
-24
-15
-11
-13
-14
-16
-13
-17
-24
-24
-23
-15
-14
-15
-15
-18
-10
0
5
6
14
19
18
9
-1
6
18
30
46
46
37
32
18
8
0
7
23
28
26
26
24
18
24
37
45
42
37
22
15
7
-4
7
9
19
17
12
14
11
17
12
2
-14
-25
-23
-19
-26
-22
-14
1
8
-6
-17
-18
-9
-3
-3
-11
-22
-18
-2
11
9
10
20
28
37
38
28
14
2
-7
-9
-9
-10
-14
-19
-23
-27
-20
-6
-5
-10
-22
-25
-23
-24
-24
-18
-10
-7
-13
-21
-20
-24
-24
-21
-23
-26
-16
7
18
7
-12
-22
-17
-19
-20
-9
-13
-20
-30
-27
-14
-11
1
19
36
39
23
18
23
33
38
41
34
35
41
36
40
45
51
54
47
35
29
28
24
17
19
22
4
-10
-5
-6
-12
-14
-4
7
1
-15
-23
-19
-20
-21
-13
-19
-29
-20
-11
1
9
8
9
9
8
-1
-14
-23
-33
-47
-62
-60
-54
-41
-24
-4
15
23
23
22
15
-7
-29
-41
-42
-41
-39
-29
-18
-14
-16
-12
-1
7
9
12
11
-1
-4
-7
-2
-1
-5
-10
-17
-17
-6
2
1
5
14
22
25
31
44
48
39
34
40
39
35
36
38
42
44
40
37
28
18
24
18
1
-17
-16
-6
-10
-9
-6
3
-4
-18
-32
-43
-48
-41
-35
-21
-13
-9
-8
-15
-9
-13
-17
-22
-25
-17
-17
-13
-3
0
-6
-12
0
21
30
31
29
32
32
33
36
36
28
24
16
8
1
0
9
5
2
6
8
4
-3
-15
-23
-23
-29
-31
-38
-42
-24
-1
13
21
26
26
16
18
20
15
7
5
13
17
-2
-25
-30
-24
-21
-17
-14
-20
-25
-30
-24
-17
-16
-17
-23
-25
-20
-19
-14
-16
-10
-2
1
9
13
14
19
17
10
-1
-21
-27
-25
-19
-9
1
-2
-8
4
13
13
-3
-16
-10
-9
-10
-7
-3
5
8
13
11
16
17
8
12
17
20
22
24
22
33
37
29
23
19
22
24
13
-1
1
1
3
3
-1
3
1
-12
-15
-21
-23
-25
-25
-19
-15
-10
-3
5
1
-6
-6
-9
-9
-13
-11
-14
-19
-17
3
26
34
35
32
26
26
31
28
20
17
22
24
23
15
5
-6
-6
0
-9
-11
-9
-3
3
1
-8
-12
-9
-4
1
3
4
-7
-24
-27
-25
-9
12
24
32
33
28
15
-4
-8
-4
-9
-16
-20
-7
4
10
21
20
13
-10
-23
-22
-20
-13
-17
-18
-26
-37
-41
-35
-19
-19
-23
-30
-39
-36
-33
-24
-17
-3
7
10
13
16
19
7
-1
-6
-16
-21
-28
-35
-39
-31
-19
-13
-8
1
7
-1
2
12
16
12
7
0
-4
3
5
3
11
14
17
24
23
26
23
11
14
34
42
34
29
28
20
24
40
40
39
37
31
29
21
14
16
16
12
14
14
4
6
3
-5
-16
-29
-29
-30
-27
-30
-33
-27
-10
4
-6
-13
-8
-11
-6
-2
-4
-6
-9
-8
-5
4
15
14
17
16
16
11
3
5
-3
-3
-9
-13
-11
-13
-14
-22
-22
-22
-16
-7
-8
-10
2
6
-2
3
11
16
13
2
-7
-17
-17
-19
-20
-4
19
34
37
38
36
33
30
17
11
7
-8
-12
-6
-6
1
13
15
11
-1
-9
-15
-23
-28
-18
-16
-21
-25
-26
-25
-35
-33
-26
-22
-16
-11
-8
-15
-17
-16
-9
4
9
10
11
14
2
-9
-11
-14
-16
-21
-18
-4
8
12
6
4
-11
-12
3
7
24
31
23
5
-13
-17
-13
-11
-18
-23
-28
-26
-10
-2
11
35
45
43
38
26
13
5
3
6
14
14
9
16
18
18
18
23
25
19
17
4
-27
-49
-46
-41
-27
-11
1
-5
-7
1
2
2
0
6
6
3
-3
-5
-8
5
22
30
41
49
44
30
24
26
25
24
21
34
51
64
77
72
59
43
18
13
9
2
0
-6
-5
-17
-28
-23
-33
-41
-49
-50
-41
-37
-26
-21
-21
-20
-25
-33
-43
-52
-54
-44
-42
-47
-49
-54
-64
-66
-58
-48
-38
-29
-10
1
1
2
1
9
12
3
3
3
1
5
17
24
25
28
31
31
36
39
28
18
17
22
27
36
41
47
51
52
50
40
27
15
10
10
14
14
5
2
4
7
-6
-14
-21
-41
-59
-74
-80
-78
-70
-54
-36
-33
-20
-7
-15
-15
-10
-16
-24
-22
-22
-29
-30
-30
-32
-28
-19
1
22
38
48
51
43
33
26
10
5
8
9
10
10
23
33
36
44
46
43
31
28
34
34
30
26
34
44
48
47
44
36
29
21
12
17
25
24
21
20
16
13
8
9
8
-6
-18
-24
-25
-26
-25
-29
-30
-22
-17
-20
-36
-38
-34
-41
-46
-44
-44
-41
-44
-38
-14
-9
-11
-19
-28
-24
-19
-14
-15
-20
-17
-7
-6
-8
-14
-14
2
15
15
9
4
7
3
4
13
22
29
32
36
28
12
4
0
-12
-29
-37
-32
-27
-19
-9
-1
0
1
11
16
11
6
9
12
11
1
-4
-6
1
17
26
21
15
17
17
18
21
10
1
-4
-7
0
-9
-18
-21
-29
-25
-7
-4
-4
-6
-4
6
13
18
14
5
1
10
13
7
11
10
5
-3
-12
-17
-21
-6
1
1
4
14
30
39
51
54
44
32
22
3
-25
-48
-47
-37
-33
-28
-29
-31
-26
-11
-3
-10
-19
-16
-11
-10
-8
-1
2
0
7
13
20
30
26
14
10
7
5
-4
-13
-14
-18
-23
-17
-17
-19
-13
4
26
39
40
37
38
28
17
10
-2
-8
-14
-22
-22
-10
1
8
15
26
38
31
28
25
19
17
27
33
28
20
5
-6
-11
-7
0
7
0
-12
-15
-15
-5
6
5
-10
-23
-24
-20
-17
-9
-8
-11
-6
4
5
6
11
11
-1
-13
-20
-28
-35
-32
-27
-32
-33
-32
-19
-10
-7
5
13
17
5
-9
-24
-33
-33
-35
-28
-26
-27
-26
-21
-8
-2
5
1
-2
-12
-26
-24
-19
-11
-1
9
11
10
6
8
6
-4
-12
-16
-17
-8
8
26
41
44
41
29
15
12
24
32
34
39
22
9
7
8
8
18
26
22
9
-5
-8
-13
-11
-7
0
7
14
21
19
10
12
18
20
25
24
30
33
31
23
11
6
1
8
8
8
0
-8
-8
-6
1
5
22
17
12
11
3
5
1
-7
-5
-5
-19
-31
-30
-21
-25
-28
-27
-32
-29
-28
-20
-10
-8
5
21
30
32
23
13
5
-5
-13
-15
-22
-15
-4
-6
-14
-20
-22
-22
-22
-26
-31
-31
-29
-37
-44
-52
-44
-32
-22
-4
9
10
12
8
3
6
-4
0
8
7
19
21
25
25
24
28
31
40
47
44
20
-8
-17
-11
-11
-6
5
16
10
13
10
2
-4
-13
-10
-8
-16
-38
-53
-53
-38
-24
-14
-9
-11
3
13
17
15
18
18
18
19
20
4
-21
-22
-19
-12
0
15
24
21
19
25
26
18
15
5
-2
6
11
19
24
17
16
10
14
28
36
28
14
5
-3
1
7
3
-6
-7
-4
1
2
0
-1
0
1
-1
-8
-15
-13
-15
-21
-21
-21
-32
-36
-27
-18
-12
-7
-6
-3
-2
3
9
8
7
4
3
-3
-5
0
-2
-4
-6
8
20
30
33
29
22
11
12
13
5
1
-3
7
11
14
24
18
14
7
4
7
10
1
-12
-24
-36
-36
-46
-64
-64
-60
-56
-52
-48
-44
-36
-12
8
14
24
28
27
23
16
9
-5
-11
-8
4
12
17
26
40
51
60
64
57
51
38
24
7
1
4
-8
-21
-26
-28
-24
-16
-10
-17
-35
-40
-42
-43
-35
-22
-14
-12
-16
-10
-8
1
21
30
34
31
24
10
1
5
20
20
12
16
12
4
6
8
7
4
3
-1
0
-1
-7
-8
-12
-21
-31
-40
-36
-25
-35
-35
-34
-30
-20
-6
0
2
18
16
-2
-11
-11
-18
-35
-41
-43
-47
-38
-20
-12
-6
-2
13
20
22
20
8
11
11
14
23
27
42
51
52
53
58
65
71
68
57
53
49
51
49
41
39
41
35
27
25
21
21
21
19
15
12
10
3
1
5
0
-4
-14
-24
-28
-31
-33
-42
-41
-35
-33
-37
-40
-37
-32
-13
-3
-6
-8
-13
-32
-48
-54
-59
-49
-48
-41
-23
-1
7
13
15
11
1
-12
-8
-20
-29
-32
-37
-36
-36
-26
-18
-14
-1
-4
-4
3
1
-1
-5
-10
-15
-27
-25
-19
-14
-3
-2
4
5
8
12
9
4
0
0
-5
-9
-10
-6
-2
1
9
7
-3
-2
2
5
2
2
6
17
21
15
18
16
20
26
34
40
36
46
49
54
54
47
37
32
41
44
43
37
27
25
23
28
26
6
-12
-22
-27
-27
-23
-13
2
19
27
25
14
1
-11
-13
-10
-11
-12
-20
-16
-4
-3
2
10
14
18
21
9
-6
-7
-6
-6
-14
-24
-28
-37
-33
-32
-44
-49
-40
-28
-32
-32
-27
-22
-10
0
5
-5
-6
-2
-2
-6
-7
-9
-13
-3
2
8
17
20
30
27
27
30
23
23
19
20
9
-2
3
-1
-8
-12
-4
-4
-9
-2
1
0
-14
-26
-23
-21
-12
-8
-11
-16
-22
-20
-25
-28
-32
-35
-32
-25
-14
-11
-15
-15
-12
-18
-13
-4
-8
-6
1
1
-20
-24
-8
7
23
36
51
38
22
15
12
3
-8
-9
-2
22
30
41
40
30
27
24
29
39
43
38
30
28
19
12
15
15
12
4
-4
-18
-33
-32
-32
-28
-17
-6
-1
-12
-12
-13
-5
6
10
9
8
0
-15
-11
-12
-14
-18
-24
-22
-15
-2
18
34
36
32
24
21
6
-6
0
13
17
21
34
36
38
37
22
5
-10
-23
-26
-18
-15
-11
-5
11
32
32
20
19
14
5
1
-1
-4
-3
3
1
-2
-4
-8
-12
-24
-33
-40
-51
-57
-60
-62
-55
-36
-16
-10
-10
-14
-25
-12
2
3
3
-6
-11
-8
1
4
5
5
-3
-17
-27
-26
-27
-28
-13
-2
1
0
2
7
7
-3
-9
-8
-2
2
-7
-5
0
-5
7
13
21
31
19
7
4
3
14
27
48
66
65
62
58
50
40
38
30
25
18
15
10
6
-4
-11
-1
-1
-8
-9
-13
-11
-6
-4
4
7
4
7
6
-10
-25
-23
-18
-22
-20
-29
-32
-32
-36
-34
-36
-37
-37
-32
-26
-25
-22
-16
-9
-3
-10
-8
4
8
3
-6
-3
-5
-7
1
11
20
24
28
29
19
15
20
22
36
37
26
23
22
15
12
15
20
25
20
9
-3
-18
-23
-8
5
12
6
-2
-2
-6
-5
-1
5
14
23
29
33
28
21
24
30
24
16
22
18
14
15
11
13
-1
-7
-5
-5
-15
-30
-33
-43
-42
-36
-40
-43
-49
-47
-43
-34
-26
-24
-29
-32
-40
-47
-54
-49
-38
-32
-21
-16
-19
-17
-7
2
9
15
17
15
-4
-20
-26
-33
-36
-27
