-28
-36
-25
-14
-14
-15
-21
-19
-18
-16
-2
2
-6
-6
-9
-16
-24
-24
-13
-5
-3
0
2
6
12
19
18
15
14
5
-3
-10
-10
-2
2
-4
-15
-14
-4
-2
0
10
10
6
12
18
27
25
27
34
26
15
12
19
22
12
2
4
-10
-26
-31
-25
-19
-27
-16
0
6
10
1
-2
-7
-19
-22
-20
-22
-14
4
8
1
-6
-2
0
-1
7
13
-7
-23
-4
-4
-17
-16
-7
-3
1
5
12
10
3
6
20
16
0
-1
-15
-24
-11
-8
-10
-11
0
8
1
18
38
43
35
26
28
20
16
11
18
11
7
24
37
31
30
30
28
27
27
38
37
29
26
24
13
6
7
5
-1
-6
2
5
0
-1
4
7
4
5
-4
-20
-27
-22
-21
-21
-20
-22
-34
-33
-19
-15
-19
-22
-12
-12
-17
-15
-20
-23
-32
-38
-42
-49
-44
-32
-20
-27
-33
-32
-36
-32
-21
-21
-22
-23
-26
-16
-15
-18
-8
-5
-7
-1
-5
-17
-20
-13
0
2
-2
9
5
-1
9
17
20
21
16
13
-2
-4
22
31
20
13
13
8
-4
-12
-9
-7
-6
0
0
-6
-17
-13
4
12
1
-3
-7
-13
-6
-2
14
19
10
21
33
49
49
44
63
65
66
80
101
106
93
93
87
64
43
30
20
15
7
6
6
-2
2
-2
-19
-32
-36
-28
-32
-35
-29
-22
-14
-20
-21
-5
2
0
1
4
1
-6
-7
-12
-22
-33
-26
-19
-20
-16
-17
-21
-25
-15
-10
-19
-24
-25
-37
-48
-59
-70
-65
-51
-32
-12
-20
-31
-34
-29
-31
-42
-41
-44
-51
-39
-16
0
7
2
7
5
6
23
35
36
30
34
31
17
7
12
18
6
4
14
24
29
33
32
30
31
28
27
42
52
44
33
18
12
11
16
22
12
-6
-16
-23
-25
-23
-16
-11
-13
-16
-23
-23
-28
-35
-42
-53
-64
-63
-49
-39
-33
-23
-24
-36
-35
-22
-12
-9
-1
4
3
2
6
19
26
18
20
23
13
12
32
51
50
51
60
59
50
51
49
45
43
43
44
34
38
52
59
54
55
69
76
69
71
57
26
8
-10
-18
-30
-33
-26
-23
-26
-29
-25
-32
-40
-37
-38
-48
-60
-64
-62
-64
-65
-59
-45
-34
-25
-12
-2
-3
-7
-9
-19
-31
-29
-21
-17
-14
-17
-16
-15
-11
-2
7
19
29
28
21
20
12
-2
-9
-16
-15
-2
7
7
-2
-14
-15
-16
-16
-11
-1
4
2
-6
-7
-3
-8
-8
-3
2
0
-3
10
14
11
7
4
12
12
23
26
23
14
4
12
19
19
7
-2
-12
-28
-33
-34
-37
-38
-41
-37
-24
-18
-10
7
10
2
-4
-15
-23
-25
-16
-5
7
8
16
29
25
36
41
44
51
46
40
31
26
23
22
28
29
29
24
28
28
24
29
33
39
38
27
24
15
8
4
5
2
-5
-6
-13
-17
-27
-26
-27
-39
-42
-44
-43
-41
-39
-42
-49
-45
-31
-12
-8
-2
0
-1
5
12
12
9
3
-7
-11
-25
-22
-11
-8
-10
-6
-4
-6
-6
-7
-1
-1
-2
7
17
16
17
24
32
27
24
36
35
26
25
28
28
26
23
16
1
-7
-6
-10
-13
-14
-12
-16
-24
-13
0
1
-3
-7
-1
0
-1
5
2
0
2
16
22
22
22
27
26
12
2
-13
-18
-11
-5
-11
-32
-51
-57
-39
-27
-30
-47
-60
-59
-50
-31
-31
-30
-24
-28
-31
-28
-25
-25
-18
-3
1
2
6
15
24
27
34
48
52
45
43
32
18
7
9
18
13
7
6
6
7
13
25
27
27
24
6
-5
-7
-8
-3
-1
8
10
7
16
22
24
24
27
24
15
4
-5
0
5
3
1
-3
-12
-18
-22
-28
-27
-31
-21
-10
-13
-15
-19
-26
-34
-36
-28
-15
-11
-10
2
8
6
3
18
27
33
38
49
58
54
57
53
42
38
25
21
11
13
27
22
14
13
13
14
18
30
43
41
33
18
-2
-19
-40
-46
-61
-63
-60
-44
-22
-22
-13
-17
-30
-39
-39
-50
-59
-67
-68
-61
-60
-42
-26
-21
-16
2
25
25
21
15
8
-7
-18
-15
-11
8
20
34
37
32
37
34
28
14
11
13
-2
-12
-7
0
2
4
9
0
-7
1
12
15
1
-4
-3
-13
-24
-29
-33
-36
-33
-24
-23
-31
-27
-12
-7
-8
-1
8
3
-6
4
7
12
21
28
31
15
3
5
5
7
10
11
0
-6
-7
-10
-12
-20
-26
-23
-20
-10
8
21
28
29
32
28
33
35
38
41
34
35
38
43
45
35
35
41
43
36
23
27
28
23
32
39
35
20
13
13
2
-10
-24
-43
-48
-40
-38
-45
-41
-32
-28
-32
-32
-33
-39
-44
-47
-36
-29
-26
-19
-20
-27
-32
-26
-11
-6
-4
7
4
-1
3
17
25
22
27
34
21
4
0
5
11
6
10
16
17
22
20
12
2
1
-2
-11
-15
-20
-25
-19
-10
-7
-3
-7
-9
-5
-1
-2
-2
10
11
14
23
18
12
7
1
4
-4
-18
-19
-21
-19
-17
-11
-9
-9
-14
-17
-15
-4
-6
-13
-9
-17
-22
-35
-41
-34
-20
-4
1
-4
-5
-1
3
4
1
-4
-11
-13
-18
-19
-13
1
6
10
11
16
29
29
24
22
23
23
20
18
20
9
1
2
-2
-4
4
16
16
14
17
21
30
34
31
38
32
23
20
20
16
4
11
21
17
12
16
28
21
10
-5
-22
-28
-23
-14
-7
2
11
21
20
14
6
-1
-6
-24
-35
-31
-31
-39
-33
-24
-20
-25
-30
-25
-27
-20
-4
9
19
16
14
16
10
11
13
9
-2
-5
16
28
25
21
21
12
-6
-13
-9
-8
-16
-17
-12
-15
-24
-17
-7
-3
1
6
11
0
-3
-6
-8
-10
-13
-14
-24
-24
-9
-1
1
6
21
33
38
40
30
13
-7
-20
-21
-24
-26
-16
-16
-26
-22
-7
4
5
7
12
7
-13
-25
-29
-34
-31
-16
-4
3
3
9
5
-9
-22
-24
-26
-28
-23
-18
-3
10
12
11
8
12
10
-2
-5
-11
-13
-16
-11
-6
-8
1
4
8
26
38
45
52
46
41
26
2
-9
-3
1
-4
-8
-9
-3
3
16
29
20
9
1
-4
-14
-24
-17
-14
-6
7
25
41
34
24
14
4
4
10
17
10
2
-9
-17
-17
3
20
23
36
37
33
22
5
1
-7
-3
12
25
30
24
27
24
11
10
16
20
13
0
3
3
-5
-10
-12
-17
-21
-20
-24
-32
-30
-23
-9
-11
-15
-5
-5
-8
-17
-18
-17
-27
-28
-24
-5
0
-11
-15
-11
-1
4
-1
-23
-38
-40
-34
-24
-26
-32
-35
-44
-44
-39
-24
-12
-6
-5
-7
-7
-6
1
12
17
14
12
16
31
36
35
33
34
43
42
33
23
9
9
-1
1
1
-2
3
9
11
0
-8
-14
-14
-24
-36
-38
-31
-24
-29
-23
-17
-13
-14
-15
-17
-16
-9
-4
-6
-9
-8
-10
-5
6
14
15
17
15
13
15
13
19
24
21
5
-8
0
9
9
15
17
22
20
11
9
-3
-11
-11
1
15
14
11
17
19
17
24
26
22
19
11
18
24
23
22
27
31
29
39
47
49
60
68
69
52
38
37
32
24
19
20
1
-16
-12
-4
-4
-12
-12
-24
-37
-27
-16
-22
-48
-70
-76
-85
-93
-80
-61
-49
-43
-28
-11
-7
-9
-5
-12
-18
-15
-13
-17
-13
-6
5
8
11
19
18
17
16
7
7
12
3
-2
-14
-22
-30
-36
-33
-31
-27
-30
-33
-30
-29
-16
-7
0
2
-8
-7
-3
-4
-2
-7
-10
-23
-45
-54
-55
-41
-20
-5
5
8
7
8
4
-3
-3
2
7
17
30
37
31
29
34
31
33
42
43
39
41
42
27
18
23
25
13
4
8
13
7
6
12
11
15
21
22
27
30
37
41
25
22
32
33
31
28
33
31
21
11
-6
-20
-34
-38
-30
-21
-14
-10
-4
-5
-7
-8
-13
-8
3
14
21
22
26
27
20
17
6
-10
-17
-16
-6
0
12
20
15
4
-6
-11
-20
-30
-34
-33
-32
-27
-27
-27
-27
-32
-20
-9
-8
-9
-16
-25
-31
-27
-13
0
10
4
-5
-12
-26
-40
-36
-16
-15
-2
7
5
12
10
14
7
-6
-11
-9
-6
-1
7
11
6
-5
-7
-4
-6
-12
-13
-8
-8
-12
-14
-8
2
-3
-2
3
7
6
1
-11
-16
-19
-25
-23
-21
-14
-8
-6
-1
1
1
-11
-18
-17
-17
-9
-10
-1
5
9
23
33
37
43
54
51
39
39
38
31
30
34
29
22
26
31
35
29
30
35
36
44
44
38
22
2
-5
-13
-20
-13
-9
-5
-15
-12
-1
-8
-23
-39
-46
-44
-40
-36
-31
-27
-23
-29
-20
-17
-13
-10
-10
-6
0
-1
-9
-6
-7
-9
-4
-2
-4
-1
4
15
17
12
21
27
35
42
44
46
41
35
30
21
13
9
12
10
-3
-11
-18
-24
-21
-17
-18
-17
-9
-3
9
20
14
12
3
3
8
4
1
-1
-4
-5
1
-2
-5
-9
-14
-17
-26
-32
-41
-53
-56
-59
-55
-59
-59
-45
-27
-12
-15
-9
-5
-6
-5
0
6
3
16
27
26
17
12
13
6
9
21
26
32
35
28
24
19
19
23
27
32
24
17
4
-9
-15
-16
-13
-10
-5
0
2
3
-3
-5
-2
-7
-12
-21
-26
-26
-38
-42
-35
-32
-28
-29
-23
-6
-2
6
15
19
13
-4
-13
-13
-17
-6
9
16
21
24
21
13
14
16
22
30
29
36
37
31
25
14
6
12
14
2
-6
-12
-13
-8
8
13
11
15
23
36
37
41
41
39
43
41
39
30
25
25
31
38
39
39
26
16
13
8
4
-6
-26
-36
-37
-37
-32
-37
-48
-48
-49
-50
-50
-48
-48
-43
-33
-33
-30
-33
-40
-37
-35
-45
-52
-52
-45
-38
-39
-42
-37
-29
-11
6
10
6
10
22
19
13
14
11
3
4
8
10
11
18
28
33
35
41
51
45
41
41
35
31
23
28
30
28
28
36
38
25
18
13
16
14
9
5
-1
-15
-29
-41
-52
-54
-48
-43
-38
-39
-42
-41
-40
-37
-40
-45
-43
-38
-26
-22
-27
-25
-30
-23
-11
-9
-8
-9
-11
-11
-8
7
13
19
33
37
37
29
19
12
5
12
20
31
38
39
52
65
75
76
76
77
59
47
42
40
29
13
10
8
8
2
9
14
12
17
22
23
23
32
37
19
4
-9
-26
-34
-43
-42
-44
-42
-35
-37
-40
-32
-23
-25
-35
-45
-51
-55
-44
-28
-8
0
-6
-10
-12
-25
-29
-26
-23
-17
-19
-11
-4
1
4
2
3
0
7
12
11
13
7
-1
0
9
6
7
8
4
13
10
4
12
9
3
7
6
6
13
19
24
29
25
13
-11
-30
-37
-31
-15
-1
-2
-7
-9
-19
-26
-34
-44
-47
-54
-58
-49
-47
-35
-14
7
13
7
11
16
28
35
30
25
14
11
9
6
-4
-3
10
28
34
39
45
55
71
67
64
57
45
29
19
27
28
18
12
3
2
0
-5
-2
-2
-7
-15
-12
-9
-14
-7
2
-4
-20
-24
-19
-19
-28
-40
-36
-33
-24
-5
-2
-11
-19
-21
-16
-7
-2
5
-2
-10
-1
3
10
10
8
5
2
-12
-30
-36
-33
-29
-29
-31
-30
-23
-18
-19
-13
-5
-6
-5
-1
-6
-20
-11
6
20
25
24
25
34
38
44
52
53
50
54
51
45
44
50
50
50
39
37
41
41
35
29
24
11
6
-2
-9
-16
-24
-23
-22
-27
-25
-33
-35
-45
-63
-67
-62
-55
-69
-82
-84
-85
-76
-57
-28
-5
-1
5
12
3
-5
-7
-5
-13
-11
0
3
5
6
7
0
2
7
14
18
14
20
25
24
9
1
-8
-6
8
25
24
13
13
12
20
21
12
1
-8
-1
7
14
12
12
22
27
27
22
13
8
10
15
18
14
15
15
7
1
3
-4
-11
-16
-16
-18
-21
-20
-14
-7
-10
-14
-12
-21
-19
-8
-2
-7
-5
0
-8
-11
-19
-12
-4
-2
2
3
11
21
28
25
29
30
17
9
5
3
12
19
31
32
32
43
41
32
26
26
26
8
-3
-11
-23
-24
-36
-41
-25
-21
-13
10
22
20
13
13
8
9
12
15
9
-5
-9
-27
-33
-29
-19
-4
-7
-14
-16
-25
-34
-40
-46
-45
-48
-40
-34
-37
-40
-57
-57
-54
-53
-34
-17
-13
-9
2
15
27
31
25
30
37
33
21
26
29
26
25
21
25
34
44
51
54
52
54
45
30
4
-15
-23
-31
-30
-33
-28
-20
-12
3
5
-4
-19
-24
-23
-23
-21
-21
-14
-7
1
5
14
20
19
23
21
16
5
-13
-21
-26
-18
-10
-14
-15
-11
-1
8
11
12
11
13
12
8
-7
-17
-22
-30
-29
-21
0
5
-1
8
6
1
1
10
25
27
31
40
53
46
38
43
39
41
43
47
42
33
20
8
0
-1
8
6
8
0
-9
-14
-25
-26
-24
-25
-30
-33
-35
-39
-29
-21
-18
-16
-17
-16
-24
-33
-35
-36
-35
-38
-30
-25
-20
-4
8
23
29
22
15
9
6
-6
-20
-14
-7
3
17
37
45
39
33
19
1
-5
-9
1
15
19
15
5
0
-2
-8
-4
4
7
0
-13
-15
-8
-4
2
17
21
9
-4
-2
4
2
1
6
2
-9
-20
-23
-24
-26
-23
-18
-17
-23
-27
-33
-41
-48
-51
-52
-46
-41
-35
-27
-27
-26
-19
-5
1
7
17
15
16
28
46
48
44
44
42
38
34
33
29
23
15
15
14
12
7
-1
-4
5
14
19
27
33
36
33
25
21
17
19
32
37
30
22
27
31
27
22
7
-2
-4
-2
-2
-15
-25
-28
-19
-18
-19
-17
-27
-25
-22
-25
-29
-32
-30
-37
-35
-29
-23
-13
-14
-13
-18
-21
-17
-12
-4
1
5
1
0
-5
-5
-2
-3
1
-3
-5
2
9
22
33
39
45
47
48
54
54
43
38
23
11
6
-7
-15
-17
-15
-5
-4
-4
-4
-8
-12
-18
-22
-31
-38
-37
-30
-22
-14
-6
-8
-13
-8
-3
-1
-5
-8
-16
-33
-40
-36
-45
-53
-54
-48
-40
-39
-36
-25
-12
4
20
27
32
35
28
34
46
42
37
39
43
48
58
59
48
35
18
-2
-13
-16
-22
-21
-22
-35
-44
-49
-44
-22
-7
2
7
4
1
-6
-10
-17
-29
-34
-35
-26
-16
-3
5
5
7
10
20
19
20
10
5
11
9
9
3
6
20
28
38
48
58
58
51
47
35
12
7
13
11
20
34
46
56
56
57
50
26
10
1
-16
-22
-26
-30
-26
-24
-19
-14
-20
-20
-20
-16
-7
-17
-22
-24
-29
-29
-27
-30
-24
-14
-5
-5
-8
-9
-9
-10
-18
-26
-32
-35
-38
-26
-17
-25
-28
-37
-48
-57
-52
-32
-20
-13
-18
-15
-11
-6
5
13
15
18
12
6
5
0
11
20
33
58
70
71
64
63
54
39
31
17
5
3
10
18
19
25
28
36
32
20
15
6
-9
-28
-36
-38
-54
-59
-52
-44
-39
-41
-34
-27
-28
-28
-22
-18
-16
-13
-10
-10
-12
-9
-2
-6
-13
-18
-13
3
16
29
31
26
13
1
-1
-20
-25
-21
-7
8
17
42
63
67
60
48
43
33
17
12
8
0
0
-9
-18
-18
-14
-15
-19
-24
-31
-21
-12
-15
-16
-30
-29
-19
-19
-5
2
13
21
16
6
-3
3
6
8
12
14
19
21
21
19
16
23
30
32
35
38
38
40
47
53
59
58
56
57
56
49
44
40
31
20
7
1
-4
-10
-14
-18
-30
-46
-60
-61
-64
-62
-60
-71
-80
-88
-86
-82
-83
-61
-40
-36
-37
-42
-42
-37
-37
-27
-7
4
10
7
3
14
26
38
42
38
29
19
14
3
-6
-18
-30
-39
-44
-38
-26
-22
-22
-21
-23
-25
-35
-34
-27
-13
3
19
24
30
40
48
59
52
40
25
16
19
21
22
23
25
25
24
25
24
26
28
27
21
29
40
33
20
19
25
28
30
25
5
2
1
9
19
4
0
-3
-8
-24
-38
-37
-23
-3
7
8
2
-1
-6
-11
-6
-1
-7
-16
-14
-16
-21
-22
-21
-14
-16
-18
-22
-26
-25
-24
-15
-3
-5
-6
-4
8
21
22
22
16
16
18
18
27
30
26
30
36
41
36
21
14
12
15
7
1
-1
0
12
14
6
0
0
-5
-9
-3
-3
-16
-20
-20
-19
-16
-14
-20
-32
-36
-32
-36
-26
-18
-11
-17
-29
-31
-45
-47
-37
-32
-28
-29
-31
-23
-17
-17
-17
-23
-34
-40
-41
-21
-9
-6
0
3
8
17
29
32
30
28
33
30
22
13
9
23
33
28
20
15
14
18
19
10
3
1
0
0
2
5
7
16
26
27
26
23
21
22
26
26
14
4
-2
-9
-4
-2
4
7
5
10
22
35
37
28
15
5
-9
-23
-33
-39
-35
-26
-9
10
19
17
14
14
26
27
15
5
-7
-19
-30
-25
-24
-22
-16
-13
-5
1
13
21
15
5
0
-7
-10
-12
-3
4
-6
-7
-8
-6
1
3
6
3
0
3
-3
-13
-26
-41
-53
-46
-29
-11
2
14
9
3
-3
-16
-24
-30
-29
-15
-5
-7
-5
3
10
14
18
20
21
26
30
26
21
12
-5
-14
-18
-7
5
11
20
17
17
17
21
18
11
8
5
7
14
15
11
8
7
5
2
-7
-11
-6
-16
-23
-23
-35
-39
-36
-30
-34
-41
-47
-47
-44
-37
-23
-10
-1
10
19
36
44
34
34
25
17
21
25
32
28
21
20
14
11
6
1
-9
-17
-12
-2
8
14
8
10
16
11
7
1
-7
-16
-17
-14
-10
-6
-6
-3
1
13
26
31
32
36
24
5
-15
-18
-7
3
11
14
9
6
11
15
13
8
1
5
-3
-13
-21
-23
-21
-18
-11
-18
-28
-29
-28
-29
-28
-34
-36
-37
-35
-26
-17
-6
-5
-7
-11
-12
-12
-16
-11
-10
0
7
13
25
22
20
16
14
9
9
16
19
26
26
27
21
19
28
47
54
59
56
50
47
32
18
3
-9
-7
-1
2
16
36
37
25
16
3
-13
-16
-15
-14
-24
-37
-34
-25
-27
-30
-26
-32
-39
-32
-24
-21
-42
-62
-63
-48
-27
-20
-13
-13
-18
-28
-29
-17
-18
-16
-3
5
19
25
25
23
24
27
26
19
12
5
-6
-14
-21
-23
-7
4
9
22
22
13
15
27
35
32
25
7
-12
-20
-7
3
-6
-9
0
2
7
2
-11
-9
-9
-21
-22
-17
-23
-20
-7
9
25
35
39
33
24
13
4
-7
-13
-24
-24
-10
-7
9
19
26
35
34
33
28
22
14
12
12
9
2
-4
-8
-2
3
9
12
5
-9
-24
-26
-30
-41
-42
-38
-32
-34
-29
-21
-9
4
11
27
36
32
23
16
11
0
0
8
18
20
26
33
35
37
44
50
55
46
26
5
-17
-32
-33
-33
-25
-9
5
7
-3
-15
-25
-28
-28
-23
-19
-27
-27
-18
-11
-7
-10
-18
-15
-3
0
-10
-17
-15
-7
2
-4
-6
-15
-25
-28
-24
-9
-4
-4
1
-3
2
7
9
7
-5
-12
-18
-14
-1
3
8
9
5
1
-7
-27
-29
-30
-19
2
2
0
4
14
18
20
24
23
11
9
5
-6
-12
-17
-11
2
7
12
14
8
-5
-26
-23
-17
-12
4
6
7
0
-17
-28
-20
-4
16
40
47
43
31
15
6
4
6
11
11
17
27
35
32
19
28
38
37
30
6
-7
-16
-17
-15
-8
15
32
35
38
38
27
25
30
27
21
3
-3
-9
-13
1
14
26
27
28
24
-2
-24
-25
-16
-11
-4
1
1
0
-7
-16
-23
-27
-30
-31
-34
-37
-40
-36
-33
-31
-28
-35
-28
-30
-41
-50
-60
-63
-64
-69
-68
-45
-28
-17
-19
-23
-21
-31
-35
-30
-16
-1
8
10
13
18
30
36
38
49
50
37
19
17
16
19
30
40
50
52
48
45
30
16
18
18
11
6
5
15
29
32
25
25
29
29
28
12
-4
-20
-26
-16
-18
-28
-29
-25
-20
-14
-4
-5
-19
-30
-34
-33
-38
-49
-42
-31
-25
-18
3
14
18
24
16
21
27
31
29
24
18
19
19
14
12
14
27
35
37
37
23
12
6
1
-4
-2
2
6
16
17
15
14
16
10
-5
-8
-6
-9
-9
-12
-13
-6
2
12
19
10
-2
-13
-19
-17
-24
-27
-30
-30
-39
-48
-41
-35
-30
-28
-28
-25
-20
-13
-20
-26
-29
-36
-34
-30
-28
-29
-37
-41
-29
-20
-8
9
16
18
12
11
6
4
16
29
41
49
49
56
62
61
50
47
41
28
21
24
29
38
37
39
29
17
16
19
23
18
19
14
1
-6
-3
-2
1
2
1
2
3
1
5
24
29
33
20
0
-18
-39
-46
-49
-50
-57
-54
-43
-36
-30
-35
-42
-49
-56
-48
-39
-35
-29
-30
-26
-25
-30
-31
-31
-34
-25
-12
-3
9
17
15
7
4
-8
-14
-16
-15
-7
2
13
26
36
45
48
49
37
28
23
21
22
11
9
13
22
35
38
38
30
16
7
-1
3
19
27
25
17
-2
-13
-17
-19
-19
-16
-20
-25
-17
-11
-4
3
5
-2
-9
-10
-11
-18
-20
-22
-25
-23
-12
-1
10
18
29
37
32
22
22
29
38
42
41
35
26
42
56
54
52
51
49
35
25
14
0
5
10
16
19
9
2
-7
-15
-22
-30
-25
-21
-22
-24
-32
-27
-24
-30
-36
-40
-40
-39
-43
-47
-48
-50
-52
-49
-53
-55
-56
-60
-59
-62
-53
-46
-50
-46
-42
-35
-27
-20
-9
-8
-22
-33
-33
-23
-16
-8
2
11
14
23
28
26
37
48
52
58
61
67
71
73
66
71
72
64
68
57
49
52
49
39
19
6
1
-6
-13
-12
-7
-2
-1
1
-2
-5
-2
-9
-15
-16
-20
-23
-27
-29
-19
-20
-26
-32
-38
-32
-26
-2
16
21
12
4
-3
-14
-13
-11
1
0
0
11
11
9
6
4
11
12
15
18
17
17
20
35
36
25
31
34
37
33
26
25
4
-4
-8
1
9
-4
-13
-21
-12
0
2
3
-1
-15
-26
-32
-36
-40
-44
-35
-26
-22
-15
-8
3
4
6
11
1
-16
-29
-30
-31
-39
-50
-55
-51
-48
-40
-36
-27
-28
-25
-21
-29
-33
-40
-40
-36
-28
-10
6
22
32
42
60
70
71
62
50
45
41
51
48
48
50
47
55
50
41
38
31
26
19
15
13
7
4
0
1
1
-6
-6
-5
0
-5
-13
-18
-35
-41
-39
-41
-38
-42
-51
-50
-46
-38
-35
-39
-38
-36
-30
-26
-23
-18
-5
6
11
10
4
4
6
4
5
3
4
6
12
21
28
33
26
25
30
31
24
23
18
9
13
24
34
29
34
34
32
22
5
-8
-25
-28
-26
-29
-27
-16
-8
4
24
31
32
26
16
3
-7
-12
-22
-20
-19
-13
0
4
17
31
32
16
9
-3
-22
-32
-29
-18
-27
-33
-29
-31
-28
-18
-9
-2
-3
-7
-13
-14
-2
11
19
23
19
13
3
-10
-12
-17
-10
14
21
21
17
14
14
17
24
32
32
29
32
28
25
13
6
-1
-4
-6
-12
-12
-17
-19
-18
-20
-21
-28
-37
-28
-23
-20
-24
-13
-9
-29
-26
-21
-15
-17
-17
-2
13
23
34
26
3
-3
6
4
-8
-23
-26
-20
-27
-31
-34
-28
-23
-8
4
-1
-4
-10
-7
-9
-5
1
6
20
25
21
9
2
20
25
29
33
33
31
16
4
-6
-13
-20
-24
-23
-20
-17
-6
8
25
33
31
27
28
36
36
40
48
55
56
54
44
34
27
14
-9
-25
-24
-25
-18
-9
-7
-7
-6
-5
-5
-7
-12
-20
-27
-30
-30
-25
-29
-31
-18
-21
-13
-7
-10
0
-5
-1
-5
-14
-17
-14
-11
-5
-1
-2
4
6
8
10
12
13
6
-4
-8
-9
-9
-2
19
33
42
53
51
45
28
10
3
-12
-21
-25
-37
-36
-28
-19
-5
-2
-2
-8
-12
-19
-37
-47
-43
-39
-30
-21
-16
-13
-1
17
29
34
35
33
22
18
19
22
22
22
27
29
31
28
15
1
-7
-14
-18
-18
-28
-34
-41
-37
-36
-35
-26
-24
-12
-13
-6
-2
-4
0
0
10
29
32
34
34
25
11
-2
-7
-20
-30
-28
-25
-15
-13
-14
-13
1
25
45
50
44
34
25
29
27
19
12
2
0
3
0
1
0
-4
-9
-22
-33
-43
-34
-24
-19
-17
-16
-5
-4
-2
-10
-21
-24
-23
-13
2
5
6
17
17
23
31
26
18
13
7
-1
-10
0
7
1
-9
-11
-4
6
19
24
23
13
3
-8
-7
-3
-3
6
7
10
6
9
19
25
24
13
7
17
31
33
31
32
29
16
15
7
6
3
2
13
8
-5
-2
5
1
-7
-7
-6
-10
-6
-10
-13
-14
-19
-14
-10
-16
-25
-27
-27
-24
-27
-28
-19
-11
7
9
9
4
-9
-16
-24
-24
-24
-17
-9
0
-6
-19
-14
-13
-17
-16
-22
-16
-16
-30
-46
-55
-49
-47
-48
-47
-50
-44
-33
-22
-12
-4
-1
2
5
8
6
0
1
11
26
38
40
45
58
56
59
58
42
39
34
35
48
50
53
61
60
57
55
60
64
51
38
25
10
1
-11
-23
-39
-45
-51
-41
-28
-28
-17
-12
-19
-27
-33
-35
-25
-24
-16
-2
8
14
19
18
8
7
2
-13
-15
-20
-19
-7
-5
1
2
7
9
14
25
26
25
21
18
15
19
15
7
2
-11
-18
-14
-8
-10
-7
-6
-7
-12
-29
-27
-32
-34
-27
-22
-13
-13
-15
-15
-13
-13
-18
-10
-12
-28
-25
-15
-5
7
11
7
5
2
1
11
13
2
-2
-5
5
16
14
21
41
47
40
44
49
48
47
37
22
4
-10
-4
6
15
15
11
10
12
10
-1
-12
-22
-34
-44
-38
-32
-26
-25
-32
-35
-45
-45
-44
-48
-52
-56
-51
-51
-54
-59
-54
-42
-24
-10
-4
3
7
4
7
12
20
40
49
42
41
44
32
35
41
39
32
25
27
23
28
27
21
20
30
33
33
30
23
12
-1
-7
-25
-36
-41
-47
-31
-13
-5
-2
5
3
2
17
14
0
-2
8
23
31
25
17
14
15
17
18
20
31
19
5
3
2
8
26
34
40
43
29
14
3
-14
-23
-27
-27
-41
-54
-61
-56
-50
-38
-35
-48
-43
-31
-34
-34
-20
-13
-3
5
15
32
41
36
26
29
21
17
8
2
7
2
-4
-5
-1
-7
-3
8
9
0
-8
-20
-23
-15
-11
-6
1
5
14
31
41
46
45
39
34
31
32
31
20
-12
-31
-40
-52
-52
-45
-30
-31
-24
-14
-13
-22
-22
-21
-21
-16
-15
-17
-17
-10
-8
4
10
4
7
2
-12
-19
-39
-49
-39
-38
-22
-11
-10
-5
-6
-6
3
9
10
15
9
7
11
24
34
36
41
45
52
41
33
27
6
-5
6
15
16
15
14
16
14
18
10
2
-8
-30
-39
-53
-61
-62
-52
-44
-32
-22
-12
-6
-5
0
7
16
18
10
3
5
-1
-3
12
32
49
61
67
68
64
58
53
49
52
45
42
39
37
34
24
13
20
28
32
32
24
26
23
4
-10
-13
-9
-10
-12
-12
-18
-29
-38
-38
-35
-33
-27
-26
-23
-24
-20
-14
-13
-22
-38
-29
-24
-14
-9
-18
-24
-32
-31
-38
-28
-17
-5
-4
-11
-17
-33
-50
-58
-57
-55
-46
-43
-38
-42
-51
-38
-28
-28
-16
-13
-18
-13
-21
-17
-19
-19
-10
-9
9
21
28
31
23
18
13
13
17
20
27
34
42
50
51
33
23
23
11
20
26
18
24
30
52
61
78
87
74
66
43
31
7
-9
-8
-10
-14
-16
-19
-11
-4
16
51
57
57
43
32
15
-10
-16
-16
-22
-18
-15
-18
-19
-25
-16
-28
-20
-18
-27
-17
-29
-36
-50
-49
-25
-12
-10
-7
-8
7
4
-12
-11
-24
-21
-3
-17
-40
-67
-72
-56
-48
-23
-8
4
24
26
27
-4
-23
-30
-43
-4
20
34
26
34
57
69
49
33
19
21
36
30
59
25
32
58
77
79
47
20
15
3
0
-34
-71
-26
-27
-38
-36
-51
-40
-15
1
37
53
43
-22
-86
-112
-93
-12
63
84
90
95
45
-47
-76
-19
17
36
82
48
-55
-126
-120
-65
-14
39
39
36
50
27
-5
-7
-14
21
61
30
16
-31
-111
-97
-74
-55
-85
-100
-64
-82
-122
-151
-122
-158
-183
-145
-115
-90
-41
15
0
-19
-14
-4
-17
2
35
103
129
136
94
91
171
202
237
178
81
29
-38
-135
-160
-88
-19
17
141
153
64
60
83
97
95
106
67
31
39
24
32
78
121
236
306
162
-52
-219
-259
-181
-228
-5
128
70
152
-19
-159
-89
74
232
327
264
653
412
-157
-257
-269
269
275
275
193
-167
178
85
-509
-369
-371
-144
-200
-322
-641
-665
-218
7
-42
-388
-336
-578
-396
-22
-85
-3
81
-4
-178
207
469
375
493
693
587
-119
90
-454
-107
351
391
353
-308
-131
-588
-463
-227
-55
169
130
254
-268
-418
-121
166
626
708
569
260
105
136
292
379
534
317
-173
-116
-592
-399
-183
-162
21
-345
-125
-552
-827
-340
-427
-157
114
-91
-146
-97
161
389
417
608
329
-177
109
-186
-248
118
-143
227
57
32
-290
-355
156
-51
111
-35
-288
-339
-214
-28
-104
67
316
326
79
191
-26
-2
284
136
222
-122
73
-256
-517
-79
-299
198
118
-77
2
-295
-293
-285
-373
-14
157
-43
288
-36
72
544
268
570
426
178
263
-170
9
-114
-38
213
180
8
100
57
-128
145
-87
-26
109
-6
8
-208
-174
4
194
211
184
-144
-59
53
5
214
-91
163
83
166
107
38
80
-250
175
4
88
245
19
93
-341
-257
23
-124
97
175
-91
421
217
77
111
-395
-7
-103
-170
-27
-357
-230
-141
-200
-92
-170
-291
-158
-143
-60
-98
-158
-31
-163
-94
30
20
-162
-226
-205
-102
-221
-346
-253
-306
129
110
-201
-5
-204
-27
120
-51
143
85
208
103
-175
226
29
33
279
209
296
290
341
129
45
64
-122
-418
-67
-169
-108
268
-11
48
-337
48
197
3
599
322
24
131
183
-71
37
287
-6
90
352
268
-193
-247
-43
-132
193
398
1
-143
123
-37
-300
84
182
4
274
256
-236
-234
-17
-105
-161
172
38
-373
-296
-290
-490
-204
132
-28
-269
-122
-112
-575
-23
154
-30
182
142
-122
-350
114
186
-35
271
294
-370
-443
56
-169
334
612
350
55
23
154
-74
462
826
742
473
320
-20
-439
-111
285
430
545
528
-77
-388
-218
-102
15
186
297
-120
-291
-222
-440
-364
80
219
-116
-28
170
-217
208
713
232
106
-43
-507
-634
-297
-84
-47
-47
-376
-735
-997
-780
-509
-353
-225
-348
-785
-851
-859
-718
-264
2
216
13
-174
-385
-421
-27
245
261
295
162
-82
-112
114
485
774
831
712
229
-104
12
35
348
702
633
402
117
-39
-143
-63
291
369
245
265
-53
-80
141
149
415
375
270
282
75
74
207
448
582
342
-39
-450
-703
-514
-101
88
178
-81
-379
-544
-659
-199
74
27
67
-68
-387
-447
-81
36
394
819
477
215
41
-21
225
373
695
762
199
-78
-60
-179
183
624
549
461
322
-116
-199
27
295
750
850
555
72
-304
-224
-156
19
293
92
-291
-560
-855
-956
-770
-584
-602
-742
-1000
-1343
-1402
-1444
-1280
-1006
-1101
-991
-986
-1208
-966
-616
-418
-277
-222
-337
-331
67
127
191
610
815
884
914
823
817
768
1074
1350
1069
1216
1321
842
1197
1638
1453
1587
1642
1448
1415
1335
1317
1154
665
1026
764
-253
-287
-519
-747
-506
-718
-1041
-1333
-1538
-1599
-1738
-1960
-1653
-1482
-1615
-1437
-1607
-1524
-1374
-1247
-960
-647
-500
-359
-262
-401
-505
-559
-522
-451
-77
168
137
294
232
28
304
679
1006
1528
1938
1969
1653
1638
1771
1725
2035
2374
2308
2141
1884
1112
407
407
354
197
38
-589
-1406
-1930
-2119
-2244
-2162
-1834
-1737
-1842
-1916
-2132
-2262
-2043
-1623
-1258
-869
-605
-680
-705
-555
-419
-256
-16
150
200
237
359
383
261
361
569
798
1296
1765
1929
2153
2327
2344
2359
2546
3010
3348
3570
3607
3272
2713
2073
1606
1319
1224
1087
553
-177
-893
-1512
-1932
-2060
-2175
-2362
-2431
-2667
-2979
-3116
-3091
-2780
-2402
-2130
-1980
-1935
-1844
-1735
-1591
-1388
-1323
-1339
-1246
-1247
-1177
-1155
-1242
-1101
-902
-658
-425
-107
139
274
658
1247
1923
2430
2831
3085
3097
3207
3104
3002
3203
3571
3841
3577
2909
1975
1197
796
350
-30
-333
-809
-1335
-1734
-2131
-2436
-2437
-2320
-2255
-2232
-2307
-2433
-2359
-2024
-1521
-1108
-873
-814
-975
-1076
-1121
-1077
-935
-868
-864
-949
-1050
-914
-664
-537
-455
-221
30
310
529
769
1206
1772
2136
2293
2359
2399
2625
2817
2974
2968
2906
2762
2446
2056
1678
1327
1087
935
733
439
78
-245
-586
-1011
-1334
-1625
-1792
-1625
-1376
-1286
-1478
-1734
-1819
-1596
-1266
-1111
-1023
-1053
-1156
-1324
-1592
-1691
-1557
-1208
-839
-881
-966
-876
-719
-445
-194
103
263
331
444
435
440
571
849
1174
1315
1359
1326
1323
1417
1445
1412
1432
1605
1883
2048
1980
1700
1398
1241
1199
1136
963
788
644
546
335
34
-161
-388
-531
-567
-687
-901
-1019
-1050
-1170
-1337
-1573
-1750
-1766
-1641
-1646
-1708
-1690
-1642
-1547
-1451
-1358
-1203
-1036
-906
-885
-934
-874
-885
-767
-525
-412
-275
-185
-188
-261
-268
-94
139
394
578
690
705
678
829
1028
1114
1178
1229
1319
1350
1224
1040
848
865
1027
1104
1083
1015
933
820
674
318
-74
-293
-315
-111
-32
-176
-399
-546
-528
-400
-326
-287
-2
256
206
49
-87
-97
85
275
299
165
33
-7
-69
-290
-567
-750
-794
-775
-853
-974
-969
-823
-596
-330
-222
-209
-215
-162
18
193
406
620
819
1077
1228
1193
1113
1046
1031
1147
1262
1155
990
915
735
433
137
-145
-357
-438
-482
-583
-665
-660
-645
-626
-701
-836
-902
-885
-736
-556
-429
-293
-302
-406
-398
-458
-492
-383
-399
-650
-810
-910
-968
-584
-212
-278
-607
-781
-621
-351
103
272
7
-103
49
212
276
409
858
1444
1911
2038
1601
1124
1010
1103
1275
1249
926
631
562
583
374
-148
-608
-817
-567
-116
17
-282
-704
-962
-991
-802
-568
-497
-473
-363
-362
-588
-840
-891
-716
-380
-97
45
-67
-304
-599
-889
-885
-746
-623
-453
-554
-816
-883
-805
-452
146
753
961
820
605
339
252
481
905
1318
1656
1833
1613
961
460
599
1096
1480
1471
1175
737
384
191
-107
-443
-488
-149
159
0
-634
-1355
-1608
-1230
-613
-210
-110
-190
-344
-614
-1084
-1488
-1393
-784
-285
-297
-800
-1276
-1329
-1086
-779
-593
-388
-114
86
-6
-367
-619
-453
263
1282
1713
1370
909
706
784
951
1276
1810
2319
2786
2931
2231
1306
977
1281
1839
2053
1591
661
-42
-231
-356
-683
-951
-867
-575
-481
-964
-1791
-2269
-2094
-1550
-1002
-846
-1040
-1170
-1165
-1267
-1504
-1362
-875
-366
-114
-449
-1096
-1463
-1248
-736
-365
-284
-477
-747
-816
-838
-1001
-902
-292
657
1279
972
162
-182
159
926
1729
1995
1930
2101
2235
1751
859
462
1010
1947
2532
2106
765
-248
-477
-515
-663
-669
-492
-223
-90
-540
-1547
-2160
-1705
-625
236
248
-427
-1185
-1585
-1519
-1292
-762
62
460
283
-225
-892
-1319
-1049
-328
11
-99
-103
-149
-522
-748
-508
220
1597
2751
2500
1285
686
1052
1721
2586
3235
3138
2865
2553
1399
-48
-365
636
1884
2272
1215
-825
-2327
-2517
-2205
-2082
-1951
-1738
-1663
-1805
-2328
-3212
-3445
-2265
-617
233
-38
-938
-1734
-1830
-1251
-684
-214
371
648
149
-828
-1529
-1593
-1047
-218
368
236
-389
-1017
-1379
-1107
199
2002
2712
2019
1167
922
1153
2053
3474
4379
4513
4515
3813
1868
433
928
2295
3148
3022
1398
-1030
-2180
-1702
-1228
-1203
-892
-603
-789
-1267
-2113
-3014
-2796
-1177
394
715
-31
-1221
-2038
-1658
-598
63
275
359
82
-786
-1691
-2220
-2165
-1253
-163
-17
-850
-1795
-2363
-1805
378
2282
1808
422
293
769
1190
2170
3297
3661
4070
4399
2816
211
-312
1364
2935
3242
1758
-1292
-3486
-3095
-1866
-1620
-1714
-1706
-2126
-2661
-3155
-3990
-4178
-2582
-536
3
-880
-2166
-3108
-2579
-654
648
625
398
110
-772
-1560
-1709
-1550
-689
724
917
-479
-1954
-2351
-976
1982
3690
2000
-278
-88
1252
2260
3590
4479
4222
4683
5298
3226
249
621
3537
5493
5276
2594
-1551
-3452
-1400
1012
1074
-17
-1093
-1954
-2119
-2188
-3041
-3099
-1088
997
861
-1031
-3012
-3420
-1424
1184
1812
621
-491
-1001
-1347
-1451
-1343
-1220
-385
607
-21
-2136
-3616
-2605
750
3723
2921
-694
-2348
-663
1624
3235
4039
3338
2859
4063
3695
305
-1108
1862
5067
5403
2888
-1780
-5065
-3202
944
1936
-59
-2081
-3510
-3854
-3087
-3175
-3719
-2184
467
885
-1119
-3290
-3919
-2039
1305
2711
1070
-836
-1410
-1482
-1516
-1290
-994
-578
-26
-541
-2431
-3962
-2956
842
4373
3255
-1608
-4177
-2105
1176
3535
4804
3793
2174
2939
3427
764
-507
2945
6410
6067
2968
-2062
-5871
-3573
2178
3719
647
-2242
-3693
-3787
-2369
-1742
-2668
-2137
76
399
-1984
-3983
-3678
-1009
2430
3264
622
-2042
-1960
-615
-91
-319
-612
-659
-441
-875
-2287
-3486
-2400
1385
5054
3950
-1573
-4950
-2398
2256
5055
5763
4166
1633
1936
3816
2469
649
3637
7572
6694
2654
-2049
-5402
-3095
3536
5645
969
-3628
-4562
-3392
-1294
35
-1095
-2003
-353
552
-1551
-3504
-2643
135
2549
2556
-457
-3058
-1941
971
1656
-218
-2082
-2607
-2033
-1351
-1524
-2571
-2567
199
3672
2523
-3074
-5847
-2078
3055
5164
4839
2534
97
1739
5258
3958
621
2274
5877
5220
1849
-1847
-4852
-2976
3149
4533
-1120
-5968
-5852
-3274
-377
538
-2241
-4684
-2895
-386
-1015
-2481
-2119
-515
1039
917
-1902
-4196
-2258
1576
2226
-398
-3128
-3922
-2321
-300
-525
-2584
-3733
-2090
1626
3961
1243
-3335
-2614
2322
4975
4792
4105
2469
2051
5146
6048
1845
427
4684
7086
4651
977
-2739
-4302
-91
4665
2109
-4065
-6105
-4024
-992
822
-821
-4241
-4266
-1049
263
-1224
-2286
-1322
781
1636
-488
-3277
-2696
711
2520
814
-2562
-4418
-2835
171
541
-2090
-4484
-3962
-144
3928
2819
-2722
-4526
138
4649
5363
4311
2308
1114
3859
6588
3545
17
3070
7324
6114
2103
-1814
-3911
-564
5390
4815
-2174
-6256
-4420
-956
1248
493
-3051
-4600
-1815
723
-272
-2063
-1931
-233
1081
-18
-2678
-3000
-28
2199
916
-2330
-4397
-3236
-56
1222
-1040
-3873
-4342
-1652
2872
4492
-176
-4814
-2217
3374
5092
4429
3430
1309
1781
5697
5431
500
777
6225
7100
2894
-804
-3350
-2673
3166
6139
-146
-7248
-6530
-1886
827
644
-2483
-5988
-4946
-888
114
-2130
-3007
-1490
-224
-861
-2749
-3497
-1391
1474
1290
-2190
-5059
-4020
-568
1207
-715
-3959
-5178
-3171
1273
4770
2369
-3936
-4856
1254
5421
4836
4109
2782
823
3513
7281
3779
-129
4537
8984
5306
485
-1415
-2392
858
6587
4063
-5029
-7552
-2772
927
1674
-239
-4761
-6424
-2118
1336
-546
-2987
-2656
-1471
-897
-1370
-2666
-2167
777
1957
-896
-4201
-4121
-1120
1722
1370
-2077
-4734
-3975
-144
4666
5622
-78
-5270
-1947
4687
6004
4640
3716
1373
1441
6462
7118
936
223
6135
6747
2036
-371
-1845
-2175
2639
5311
-1391
-7861
-5201
7
1488
280
-3387
-7096
-4989
608
1824
-1030
-2478
-1847
-793
-124
-854
-1827
-479
1719
781
-2450
-3879
-2248
415
1375
-727
-3698
-4406
-2575
833
4197
2967
-3132
-5051
895
5743
5105
4073
2737
-28
2398
8163
5837
-646
1422
6765
4888
1220
621
-1132
-1009
4007
4123
-3743
-7346
-2902
551
182
-1406
-4628
-6512
-3084
870
-347
-3159
-3464
-2700
-1967
-1419
-2000
-2396
-937
-198
-2202
-3916
-2994
-1204
-138
-647
-2939
-4566
-3536
-560
3181
4732
116
-5577
-2878
4397
6025
3988
3319
1361
795
6784
9455
2294
-869
5584
7992
3076
683
29
-1807
1281
5595
676
-6534
-4388
1046
1357
-740
-3280
-6166
-4870
224
1426
-1810
-3275
-2436
-1853
-1212
-917
-1669
-1195
411
-404
-2800
-2825
-693
532
49
-1535
-3231
-3322
-1627
1255
4190
3386
-2376
-4948
698
6285
5629
3856
2545
11
2364
9160
7502
-829
19
7136
6659
2095
918
-906
-1709
3411
5247
-2436
-7588
-3228
1305
906
-1538
-5028
-6900
-3215
1241
72
-3250
-3627
-2187
-821
-446
-1879
-2748
-602
972
-1198
-3329
-2279
-163
542
-395
-2786
-4325
-2643
80
2037
3486
1387
-4015
-3971
3132
6705
3970
2465
1646
-60
3823
9415
4652
-2693
1454
7852
4948
760
393
-1417
-1310
3709
3077
-4984
-6890
-1193
1233
-935
-2782
-4686
-5446
-2288
555
-1079
-3241
-2666
-1764
-1650
-1441
-1457
-1002
342
-121
-2494
-2706
-343
642
-467
-1681
-2493
-2194
-550
507
1360
2691
674
-3392
-1611
4310
5445
2946
2052
469
136
5889
8936
1921
-2622
3077
7124
4162
1531
-92
-2017
610
4652
1406
-4860
-4611
-673
348
-736
-2524
-4758
-4285
-1171
-159
-1810
-2636
-2572
-2667
-2029
-1385
-1702
-1387
-482
-1657
-3227
-1638
703
221
-1406
-1887
-1945
-1475
-228
854
2155
2644
-214
-2367
1003
5014
4984
3801
2312
207
2970
8937
6999
-259
12
5127
5768
4193
2459
-1667
-2264
3372
4510
-1646
-4674
-2530
-945
204
221
-3956
-7013
-3479
366
-745
-2554
-2791
-3116
-2414
-697
-1219
-2579
-1213
177
-1555
-2856
-1202
293
-45
-773
-1447
-1898
-1086
-21
392
1659
1980
-1249
-2463
1813
4655
3070
2173
1485
-346
2959
8595
4772
-2715
80
6134
4860
2402
1709
-1755
-2115
3631
3702
-3434
-5086
-1004
-445
-1723
-1493
-3341
-5324
-2641
-102
-2089
-3584
-2213
-1990
-2882
-2108
-1237
-1300
-683
-519
-2283
-2560
68
1131
-950
-2340
-1656
-687
3
-105
-287
1432
2381
-815
-2247
1897
4656
3108
2327
1591
37
3826
9030
4207
-3042
977
7329
5289
2049
947
-2303
-1702
4533
4000
-3650
-4874
-411
79
-1200
-1099
-3450
-5361
-1841
1010
-1196
-2598
-1314
-1674
-2536
-1237
-442
-828
-274
-484
-2511
-2152
869
1202
-1332
-2046
-882
-455
-392
-662
-1148
800
2908
-82
-3209
234
4738
4040
2038
1249
683
3858
8521
4685
-2941
-298
7489
7212
2270
-492
-2523
-1023
4732
4351
-3701
-6470
-1563
1051
-240
-1770
-4204
-5547
-2315
494
-1553
-3360
-2011
-1441
-2038
-1446
-818
-755
-374
-1096
-3209
-2829
279
898
-1577
-2537
-1457
-790
-404
-603
-1372
501
3244
771
-2800
180
4848
4156
2093
1872
1831
4460
8564
5130
-2264
207
8040
7571
1848
-986
-2094
-480
4271
3432
-4116
-6557
-1587
1230
-566
-2930
-5083
-5673
-2827
-687
-2455
-3849
-2686
-2487
-3422
-2683
-980
-98
-266
-1682
-3268
-2092
1143
1480
-1602
-2834
-1077
268
366
-333
-952
1146
3850
1033
-2952
180
5360
4419
1503
1298
1707
4072
7890
4785
-2434
-115
8064
7864
1624
-1318
-1393
885
4953
3520
-3677
-5714
-742
1995
39
-2399
-4279
-4282
-1228
160
-2162
-3224
-2062
-2519
-3338
-1963
-792
-1135
-1510
-2512
-3832
-2058
1257
279
-3479
-3595
-978
45
-127
-864
-2098
-90
3995
1949
-3616
-1575
4967
5079
1583
1369
1801
3007
7458
7038
-850
-1711
7092
9440
2798
-1113
-742
708
4183
4801
-1640
-5986
-1608
2946
994
-2757
-4158
-3550
-1438
-61
-1520
-3224
-2729
-1902
-1962
-1793
-1208
-779
-1109
-2520
-3479
-1639
1291
795
-2667
-3936
-1874
-87
50
-1248
-3214
-1878
2691
2229
-3580
-3228
3425
4788
1149
645
1116
1194
5541
7500
-13
-3503
5189
9970
3376
-1340
-72
1079
3529
5484
181
-5825
-2301
3564
1623
-2910
-3547
-2572
-1496
66
-410
-2630
-2838
-1499
-1613
-2170
-1115
83
-544
-2199
-2707
-1136
1271
1192
-2080
-3799
-1286
1148
661
-1126
-3030
-2526
2143
4065
-1677
-4664
1349
5332
2098
471
1350
564
3283
7755
2684
-4405
1633
9576
4792
-1815
-888
466
1392
4336
1705
-5663
-4939
1731
1488
-3542
-4630
-3729
-3399
-1643
-835
-2984
-4204
-3060
-2402
-2415
-1543
-613
-1030
-2155
-2443
-1070
1009
1087
-1444
-2863
-680
1719
1320
-195
-1619
-1769
1996
5777
2257
-3543
-735
5656
5096
1994
2387
2004
2422
7301
6900
-1309
-1259
7855
8101
571
-748
1303
974
3030
4228
-1778
-5425
-62
2818
-1785
-4298
-2773
-2667
-2550
-1110
-2115
-4267
-3200
-1253
-2098
-3128
-1944
-1119
-2234
-2763
-1823
-941
-477
-703
-1812
-1874
59
1069
-338
-1673
-1629
-113
3301
4528
-240
-3499
1406
6066
3787
1385
1832
1543
3596
7532
4140
-2240
1541
8228
4973
-390
398
1045
662
3118
2061
-4011
-4431
581
198
-3883
-3873
-2550
-3471
-3269
-2324
-3574
-4204
-2557
-2627
-4554
-3660
-984
-1430
-3548
-3328
-2112
-1519
-699
-1080
-2908
-2104
996
1022
-1490
-2031
-1049
765
4072
3919
-1617
-2561
4006
6677
3025
1895
2904
2746
5575
8144
2565
-2037
4103
8882
3972
198
1214
704
1421
4508
1784
-4003
-2551
1656
231
-2535
-2628
-3065
-3418
-1824
-1501
-3026
-2843
-1821
-2772
-3436
-1743
-689
-1817
-2592
-2423
-2395
-1334
-1
-1292
-3031
-1247
859
-403
-1786
-1389
-1432
270
4359
3384
-2891
-2897
3800
5622
2333
1740
2184
1782
5088
7467
1496
-2709
3602
8147
3525
-219
238
-153
1355
4432
1044
-4826
-3183
1006
-203
-2287
-1920
-2854
-4016
-2256
-1017
-2157
-2336
-1940
-3007
-2774
-82
840
-1403
-2977
-2390
-1043
770
1199
-1516
-3089
-227
2112
644
-902
-923
-1237
459
4265
3457
-2094
-2422
3324
5380
2515
1519
1788
1262
3912
6697
2429
-1847
2624
6884
3359
-229
-36
-338
560
2878
266
-4638
-3477
209
-741
-3244
-3481
-3746
-4051
-2515
-2102
-4170
-4786
-3030
-2585
-3203
-2143
-1201
-2377
-3125
-1940
-883
-278
34
-1123
-2169
-423
1446
732
-362
-397
-629
417
3882
4837
435
-2258
1761
5635
4239
2235
2079
1697
3606
7471
5172
-1321
-23
6202
5589
1291
450
-63
-306
2866
3207
-2253
-4164
-652
61
-1850
-1892
-2559
-4203
-3042
-1393
-2633
-3380
-2393
-2849
-3509
-1908
-1041
-2309
-2682
-1875
-1468
-666
130
-753
-1498
-340
807
825
479
-254
-830
213
2749
4153
1994
-1513
-761
3636
5073
2487
955
1690
3353
5736
5463
744
-750
4447
7175
3477
167
-110
491
2364
3193
-686
-4261
-1992
724
-1093
-2951
-2568
-3057
-3586
-2430
-2306
-3352
-2860
-2267
-3654
-4049
-2005
-1073
-2479
-3347
-2678
-1504
-338
-367
-1805
-2085
-225
1045
322
-923
-1111
-639
453
2514
2855
-931
-3208
777
4548
2775
952
1754
1540
2428
5517
3816
-1348
813
6538
4732
63
41
417
368
2973
2529
-2909
-3707
881
1039
-2234
-2207
-1613
-3050
-2462
-885
-2164
-3007
-1474
-1795
-3239
-1609
431
-857
-2324
-1445
-405
333
1079
342
-1178
-313
1844
1912
459
-208
-44
475
2147
3474
1305
-2093
-748
3363
3762
1422
954
1109
1461
4098
5117
1164
-547
3590
5361
2297
551
518
-112
1162
2577
-443
-3358
-1307
348
-1754
-2748
-1962
-2676
-3180
-2144
-2609
-3690
-2652
-1994
-3342
-3240
-1552
-1552
-2520
-2368
-2065
-1872
-694
-379
-1557
-1643
-182
342
-106
-419
-774
-862
19
1823
2850
864
-2123
-746
3330
3850
1664
1218
1271
1938
5465
6415
954
-1402
3973
6817
3448
1021
326
-535
1793
4393
706
-4036
-2416
366
-776
-1718
-1683
-3473
-4084
-1939
-1630
-3226
-2798
-2219
-3733
-3494
-1030
-712
-2287
-2160
-1236
-1082
-156
764
-353
-1352
229
1786
823
-453
-94
242
518
2235
2931
-8
-1845
1075
3646
2462
1627
2244
1994
3068
5572
3816
-134
1777
6111
5028
1628
610
145
918
3448
2485
-2111
-2948
-85
346
-1144
-1736
-2664
-3581
-2317
-1373
-2476
-3079
-2398
-2419
-2545
-1422
-823
-1573
-2082
-1630
-1060
-543
-294
-675
-1128
-575
360
376
-403
-1081
-980
-587
-385
754
1664
-668
-3120
-712
2707
1743
145
667
452
1030
4421
3960
-1114
-389
4903
4413
762
319
-190
-458
2779
3212
-2243
-4228
-399
724
-1341
-1696
-2316
-3886
-2392
-263
-1684
-3208
-1860
-1323
-2381
-1811
-306
-509
-1337
-885
-468
-276
870
1429
92
-557
713
1607
1167
383
-200
-436
393
2314
2790
-155
-2078
746
3725
2879
1499
1453
1176
2525
5533
4109
-527
680
5230
4464
1316
799
63
-1
2809
2651
-2397
-3973
-432
113
-2739
-3098
-2394
-3628
-3304
-1473
-2461
-3822
-2023
-1417
-3517
-2901
154
-113
-2413
-2106
-639
38
1157
1145
-1280
-1718
934
1989
394
-709
-623
-333
361
1927
2721
439
-2045
-494
2503
2700
1772
1555
674
941
4257
4841
292
-718
3745
4859
2038
949
-200
-1243
1533
3176
-1285
-4525
-1675
214
-1670
-2166
-1895
-3617
-3346
-572
-850
-3156
-2539
-1187
-1916
-1881
-263
-147
-1142
-666
238
74
231
720
-128
-926
-148
504
101
-183
-418
-882
-765
706
2201
1037
-1795
-1578
1516
2892
1912
1041
154
206
3628
5739
1486
-1709
2070
4921
2947
1624
780
-1075
616
3543
784
-3267
-1907
15
-1275
-1645
-1216
-3168
-3910
-1438
-987
-2669
-2150
-1293
-2459
-2233
-59
184
-1345
-1527
-884
-724
163
851
-644
-1853
-595
357
-506
-1086
-878
-1020
-1098
-425
905
1403
-412
-1970
-90
2637
2683
1897
1568
680
1859
5500
4749
146
966
5184
4640
2430
2231
516
-235
3321
3933
-978
-2741
-191
-192
-1449
-705
-1666
-4013
-2646
-488
-1909
-2897
-1714
-1945
-2714
-1161
214
-801
-1552
-756
-345
-258
627
715
-488
-543
508
592
359
560
99
-542
-223
972
1978
1231
-1180
-1660
1001
2803
1966
919
7
-325
2464
4977
1489
-2114
816
3931
2450
716
-321
-1844
-209
2827
769
-3281
-2921
-944
-1041
-1297
-1949
-3891
-3746
-1559
-1534
-2594
-1900
-1582
-2521
-1939
-409
-636
-1526
-1028
-622
-822
292
1511
466
-747
206
1064
805
1216
1363
-24
-730
83
1140
2047
1316
-1478
-1673
1759
3325
1723
678
242
568
3588
4875
727
-1531
2065
4030
2352
1440
162
-1585
394
2795
147
-2818
-1777
-881
-1565
-985
-1048
-3039
-3334
-1760
-1556
-1892
-1433
-1968
-2853
-1731
-141
-313
-1041
-1057
-905
-109
1420
1511
-46
-507
475
950
1115
1438
763
-65
454
819
882
2001
1645
-1105
-1039
2322
3198
1814
1939
1535
863
3675
5495
1713
-400
2874
4196
2219
1269
-133
-1698
628
2775
-503
-3749
-2540
-1219
-1580
-1428
-2391
-4609
-3972
-1727
-2147
-3539
-3254
-2888
-2964
-1971
-997
-1659
-2128
-961
-187
-522
-76
597
-114
-351
908
1348
737
847
862
60
9
757
1146
1907
2204
-170
-1556
1133
3280
2361
1738
1445
715
2715
5516
2988
-906
1188
4565
3573
1776
917
-796
-232
2903
2064
-2307
-3043
-841
-821
-1668
-1780
-3123
-4313
-2934
-1860
-2992
-3304
-2312
-2642
-3084
-1920
-1407
-2015
-1581
-892
-1358
-1163
130
-9
-944
-542
-70
-391
44
745
-61
-1076
-782
-75
1087
2099
372
-2284
-1124
2023
2670
1789
1267
384
1137
4566
4932
1211
986
4434
4675
2775
2417
1249
84
2417
3812
327
-2232
-760
-91
-1011
-772
-1192
-2846
-2325
-852
-1675
-2658
-1939
-1723
-2035
-1203
-663
-1277
-992
-81
-352
-551
552
1093
377
163
289
125
601
1135
318
-655
-368
61
149
1261
1810
-621
-2316
-115
2020
1412
946
819
-471
374
3704
3166
-559
-178
2831
2842
1649
1123
-809
-1486
1415
2496
-592
-2736
-2232
-1787
-1302
-847
-2306
-3713
-2688
-1579
-1920
-1866
-1280
-1555
-1819
-1149
-331
121
269
27
-467
-197
1259
1985
892
2
554
1255
1510
1474
267
-1041
-196
1089
356
83
1109
-287
-2483
-657
2055
1373
540
1053
-84
-479
2820
3791
-353
-1794
1524
2749
1191
522
-685
-2206
-405
1874
-241
-3418
-3205
-1716
-1479
-1637
-2096
-3232
-3326
-1789
-775
-1221
-1716
-1560
-1214
-765
-132
330
419
341
289
721
1739
2119
1225
608
978
1384
1658
1736
784
-486
-260
845
827
645
1519
878
-1366
-719
2110
2586
1683
1837
1033
95
2684
4962
1863
-807
1631
3346
1894
1070
-35
-1957
-630
2090
527
-3024
-3257
-1704
-1440
-1707
-2181
-3420
-3626
-1971
-1268
-2478
-2942
-1936
-1326
-1590
-1352
-498
-170
-51
211
77
385
1532
1565
220
-526
23
1119
1481
413
-847
-693
334
613
246
659
1191
442
0
1224
2032
1689
1949
2348
1557
1841
4016
3791
920
932
3316
3118
1695
1119
-700
-1477
1057
1886
-1106
-3096
-2650
-2293
-1804
-1258
-2784
-4687
-3590
-1725
-1898
-2411
-2262
-2434
-2022
-685
-229
-699
-803
-570
-364
11
374
247
-95
-75
12
50
308
139
-643
-841
-344
-143
-564
-856
-80
781
19
-788
120
1239
1485
1616
1259
423
1311
3442
2975
584
837
2634
2651
2102
1337
-565
-596
1780
1793
-988
-2124
-1397
-1087
-739
-587
-1942
-2886
-1522
-441
-1118
-1343
-798
-806
-729
-188
75
133
490
467
-263
-269
710
984
170
-524
-703
-496
223
569
-409
-1617
-1445
-525
-410
-888
-546
162
-539
-1387
-198
1315
1461
1505
1626
1009
1546
3908
4039
1376
1184
3512
3934
2927
2174
599
-44
2021
2883
245
-1965
-1585
-835
-525
-263
-1235
-2762
-2340
-876
-676
-1193
-1174
-1056
-1067
-705
-98
119
-176
-171
129
62
157
620
405
-395
-703
-320
-135
-502
-1008
-1505
-2061
-2007
-1317
-1377
-2037
-1539
-632
-1559
-2344
-774
581
119
414
1136
545
960
2906
2401
332
1147
2787
2226
1443
958
-391
-245
1617
1301
-1013
-1617
-929
-955
-600
-202
-1537
-2649
-1420
-386
-970
-1212
-795
-943
-853
12
232
-339
-258
345
458
545
913
789
407
453
408
238
332
188
-234
-397
-622
-955
-1042
-975
-434
482
-1
-1855
-1637
714
1539
812
703
301
21
2250
3880
1513
9
2149
3301
2390
2057
974
-678
697
2931
1299
-1558
-1580
-892
-941
-274
-441
-2461
-2993
-1388
-857
-1501
-1611
-1460
-1484
-1203
-489
-140
-291
-122
208
154
451
1254
1308
731
599
670
622
799
922
415
-219
-245
-52
-237
-407
-9
637
228
-1168
-919
850
1400
1029
1105
524
149
2113
3352
1229
66
1915
2706
2006
1824
708
-782
540
2279
659
-1735
-1922
-1428
-1187
-815
-1656
-3536
-3618
-2063
-1499
-2000
-2354
-2489
-2236
-1390
-765
-907
-1019
-416
36
-256
-265
488
781
577
560
243
-167
232
820
358
-669
-843
-264
-37
-479
-669
15
156
-914
-996
280
598
393
1133
1066
310
1785
3566
2136
608
2031
3109
2527
2394
1487
-492
165
2475
1505
-1197
-1664
-1359
-1517
-626
-396
-2576
-3696
-2141
-1191
-1543
-1568
-1981
-2512
-1379
99
-199
-744
-377
-485
-570
432
988
235
-81
313
122
-13
574
387
-718
-918
-347
-433
-606
-404
-629
-127
1457
1267
-632
-249
1838
2151
1938
2564
1904
1344
3559
4684
2171
1170
3291
3890
2747
2149
716
-605
959
2332
29
-2531
-2415
-1695
-1516
-1278
-2279
-4114
-3569
-1458
-1230
-2416
-2700
-2280
-1727
-895
-485
-913
-1004
-193
184
-138
35
564
503
214
67
-83
25
373
132
-612
-694
-156
64
-149
-521
-571
467
1481
521
-810
90
1671
1999
2190
2104
1066
1475
3774
3713
1385
1444
2944
2474
1632
1282
-355
-957
980
1356
-1286
-2780
-2166
-1837
-1533
-1311
-2847
-4293
-2902
-1145
-1567
-2315
-2228
-2179
-1614
-447
-144
-794
-732
19
65
-126
347
675
344
40
-129
-119
141
39
-600
-1033
-826
-306
-258
-780
-1291
-1300
-232
989
373
-946
-339
1179
1755
1960
1850
986
1125
3134
3688
1600
866
2042
2093
1478
1240
86
-686
622
1334
-333
-2027
-2115
-1476
-802
-769
-1854
-2764
-2016
-818
-635
-902
-995
-931
-359
478
695
385
343
842
1129
899
978
1413
1296
892
716
536
230
252
379
55
-452
-612
-486
-380
-467
-598
-118
718
356
-713
-217
1139
1357
1175
1331
674
373
1901
2420
674
113
1376
1478
707
310
-813
-1673
-427
521
-1203
-2906
-2443
-1588
-1322
-1081
-1479
-2390
-1974
-577
-279
-983
-879
21
410
564
972
946
774
1384
1749
1161
1038
1511
1193
515
332
159
0
231
-5
-992
-1352
-779
-574
-955
-1213
-1414
-1269
-239
253
-825
-1459
-470
481
684
851
484
-143
660
1824
1038
-65
340
619
199
135
-342
-1195
-641
323
-508
-1905
-1893
-1431
-1208
-798
-1009
-1908
-1803
-611
-43
-246
-250
22
280
717
1154
1028
844
1425
1896
1508
1200
1360
1242
957
878
642
250
161
136
-303
-707
-689
-593
-649
-781
-1151
-1057
-63
154
-969
-1053
182
767
845
1173
665
-75
971
2138
933
-319
534
1166
649
303
-367
-1272
-646
418
-303
-1729
-2012
-1452
-849
-447
-846
-1698
-1496
-374
159
-86
-159
9
214
747
1333
1358
1176
1544
1928
1655
1489
1733
1408
751
784
924
478
178
5
-573
-837
-387
-267
-890
-1202
-1085
-1171
-729
166
-329
-1414
-629
758
674
441
791
391
277
1693
2070
419
-82
1192
1462
752
347
-376
-911
-19
564
-678
-1907
-1804
-1235
-880
-848
-1566
-2322
-1789
-656
-409
-668
-564
-454
-258
413
708
155
90
724
742
293
283
332
53
77
144
-300
-454
-62
-306
-1074
-1074
-729
-835
-728
-462
-969
-1304
-72
926
55
-659
292
1125
1205
1660
1541
547
938
2517
2277
807
799
1353
963
834
698
-542
-1068
34
273
-1203
-1977
-1503
-1258
-1089
-764
-1295
-1994
-1406
-509
-569
-770
-575
-556
-302
371
470
101
283
699
621
477
440
123
123
428
55
-548
-430
-219
-507
-556
-319
-475
-624
-269
-166
-675
-452
876
1363
405
-13
819
1495
1866
2453
1998
996
1809
3354
2770
1353
1478
1935
1725
1763
1374
40
-167
927
903
-468
-1250
-1155
-898
-417
-341
-1266
-2053
-1601
-878
-857
-1011
-969
-993
-1055
-745
-472
-648
-682
-356
-284
-616
-667
-417
-410
-565
-637
-703
-798
-675
-546
-816
-1025
-789
-628
-892
-1004
-747
-630
-387
228
237
-474
-332
661
1013
639
535
622
616
1028
1414
907
291
614
1164
1037
472
-168
-504
-92
397
58
-850
-1354
-1017
-440
-208
-449
-875
-998
-530
173
331
22
-130
121
437
537
667
852
892
833
784
835
920
875
794
647
298
149
526
685
86
-533
-550
-297
-285
-524
-907
-1415
-1384
-549
-70
-712
-1313
-833
-93
240
477
301
-265
-1
1016
1117
373
322
786
934
939
657
23
-14
709
857
22
-699
-671
-237
153
110
-550
-1114
-722
51
51
-431
-491
-324
-317
-104
219
74
-70
297
393
-67
-104
273
158
-180
-163
-171
-242
-18
42
-367
-492
-135
30
-127
-234
-387
-506
-129
439
418
-100
-247
232
804
1119
1153
775
427
763
1468
1469
837
683
904
896
790
543
57
-172
98
97
-521
-951
-951
-765
-593
-665
-1076
-1284
-890
-538
-578
-743
-791
-659
-398
-139
-43
-95
-54
238
433
245
40
88
139
-48
-243
-389
-651
-851
-808
-808
-1054
-1163
-1052
-1016
-1054
-982
-960
-941
-554
-130
-297
-389
172
778
1077
1360
1450
1279
1655
2371
2327
1766
1641
1737
1621
1549
1391
843
486
655
610
27
-379
-420
-607
-823
-862
-1092
-1440
-1302
-915
-1000
-1145
-780
-561
-660
-486
-284
-402
-301
81
21
-271
-162
29
-3
10
-54
-436
-642
-440
-365
-510
-675
-923
-1096
-823
-356
-327
-610
-647
-294
200
468
392
320
632
1244
1773
1906
1662
1501
1798
2105
1941
1625
1442
1387
1310
1049
607
291
257
165
-199
-594
-854
-965
-948
-1078
-1472
-1670
-1418
-1170
-1181
-1290
-1254
-1042
-763
-533
-478
-492
-329
-51
61
87
204
327
380
378
275
80
47
224
225
-22
-258
-277
-148
-49
-36
-156
-246
-97
324
647
506
348
557
984
1338
1439
1264
1046
1232
1591
1537
1142
865
775
743
728
469
-80
-326
-206
-242
-633
-1033
-1205
-1222
-1221
-1287
-1442
-1606
-1590
-1373
-1208
-1244
-1337
-1245
-977
-792
-734
-641
-540
-512
-411
-180
-55
-204
-406
-459
-507
-586
-590
-584
-655
-736
-686
-518
-387
-325
-218
0
222
388
731
1156
1250
1156
1337
1676
1848
1994
2132
2096
1966
2040
2206
2059
1689
1426
1305
1147
891
575
225
-77
-284
-469
-732
-996
-1129
-1207
-1316
-1387
-1356
-1315
-1244
-1115
-1062
-1020
-886
-699
-578
-550
-465
-359
-323
-345
-337
-225
-165
-192
-177
-220
-291
-166
-58
-186
-333
-260
-147
-139
-98
-32
25
149
367
601
764
879
988
1113
1276
1397
1465
1518
1470
1282
1171
1265
1278
1036
792
696
505
265
163
-12
-401
-638
-579
-681
-1003
-1085
-984
-1045
-1132
-1002
-850
-862
-848
-697
-649
-655
-497
-331
-381
-466
-403
-327
-310
-341
-444
-485
-410
-365
-409
-486
-610
-723
-662
-533
-570
-656
-647
-601
-502
-296
-149
-170
-87
174
399
539
661
781
873
969
1145
1225
1174
1172
1204
1130
1018
986
887
696
510
287
99
21
-34
-175
-355
-464
-580
-635
-564
-532
-629
-673
-597
-552
-463
-261
-124
-106
-49
148
340
390
376
323
267
349
385
265
157
95
6
-57
-26
-109
-350
-472
-413
-397
-498
-525
-447
-462
-497
-323
-47
20
-22
168
354
336
411
627
665
590
756
983
949
812
744
693
646
585
459
245
76
-18
-23
-39
-244
-505
-497
-334
-327
-440
-463
-457
-494
-371
-172
-205
-328
-227
-86
-118
-176
-194
-229
-307
-310
-277
-380
-505
-510
-505
-592
-686
-670
-648
-732
-799
-703
-562
-553
-473
-243
-147
-90
200
495
506
517
855
1102
1079
1142
1302
1340
1354
1465
1390
1096
911
901
870
642
299
97
28
-103
-302
-424
-586
-805
-840
-751
-815
-947
-892
-763
-709
-652
-514
-337
-212
-118
31
117
149
237
251
183
172
197
127
45
-23
-178
-336
-306
-212
-295
-413
-407
-434
-504
-423
-298
-324
-315
-97
112
111
113
206
238
296
473
543
422
357
449
495
419
345
282
183
125
56
-36
-144
-225
-176
-140
-188
-279
-289
-257
-309
-351
-343
-274
-199
-111
-56
-26
58
163
267
259
179
137
162
221
255
204
146
144
98
-8
-67
-112
-249
-296
-217
-251
-349
-276
-97
-61
-75
1
67
119
241
392
449
503
622
716
793
836
798
822
973
981
824
729
656
529
394
250
40
-163
-172
-137
-301
-537
-701
-780
-749
-705
-778
-935
-925
-754
-689
-683
-651
-661
-675
-523
-365
-378
-405
-302
-232
-237
-195
-103
-104
-199
-247
-257
-235
-232
-201
-161
-219
-276
-169
-48
-30
-23
28
97
216
353
416
476
556
639
790
937
953
937
1004
1015
906
877
869
712
556
539
454
219
78
16
-112
-247
-306
-400
-552
-630
-631
-624
-647
-652
-628
-593
-543
-467
-338
-255
-246
-214
-154
-129
-159
-203
-261
-317
-344
-328
-331
-363
-453
-527
-553
-550
-508
-480
-444
-390
-293
-178
-49
88
202
320
446
575
704
825
944
1043
1119
1152
1181
1205
1182
1109
1039
958
803
623
471
290
99
19
-33
-235
-430
-496
-574
-698
-721
-650
-700
-730
-586
-496
-535
-531
-420
-332
-316
-252
-191
-181
-120
6
51
-2
-51
-41
-9
-38
-138
-263
-303
-279
-268
-251
-248
-275
-227
-121
-28
47
124
222
329
446
506
519
594
698
743
784
835
780
680
620
565
455
304
187
49
-125
-234
-294
-420
-584
-681
-706
-739
-745
-736
-798
-867
-821
-674
-598
-563
-498
-419
-312
-143
20
78
60
118
233
218
212
269
259
201
204
229
115
4
29
31
-72
-121
-38
-18
-51
13
119
144
157
304
399
360
326
435
555
542
567
619
586
511
524
545
411
228
147
41
-107
-214
-329
-459
-512
-467
-491
-607
-660
-673
-749
-754
-653
-618
-624
-508
-335
-252
-187
-27
99
92
116
245
317
314
353
422
396
340
401
461
408
291
198
175
163
160
201
243
218
224
317
374
310
246
296
325
311
319
320
269
190
150
143
99
11
-63
-102
-170
-295
-356
-350
-422
-533
-578
-594
-657
-729
-726
-717
-730
-659
-519
-457
-476
-418
-252
-135
-87
-4
56
59
108
258
365
355
351
429
442
400
407
403
346
278
282
299
263
223
228
202
144
160
211
185
138
147
146
152
196
228
195
163
192
210
174
128
118
99
73
78
48
-39
-137
-178
-212
-327
-429
-431
-441
-519
-555
-538
-586
-621
-569
-501
-533
-555
-461
-401
-399
-372
-278
-207
-173
-114
-72
-53
10
109
196
212
200
232
290
333
329
307
289
303
368
402
379
355
379
422
447
454
422
375
413
468
440
393
374
384
389
354
290
258
275
258
208
155
65
-46
-118
-170
-261
-350
-382
-402
-470
-559
-621
-659
-680
-644
-592
-580
-601
-587
-518
-486
-496
-452
-367
-306
-218
-81
-5
-23
17
130
182
183
208
235
231
259
338
379
354
336
381
424
416
392
386
389
367
378
398
368
328
319
343
352
336
319
285
238
228
198
107
36
-11
-75
-116
-164
-255
-331
-365
-367
-390
-415
-383
-355
-421
-460
-431
-475
-507
-442
-362
-391
-409
-304
-249
-278
-236
-134
-142
-208
-147
-75
-122
-123
-51
-21
-43
27
158
185
138
158
266
267
196
221
261
230
214
300
345
297
312
427
465
400
371
409
389
304
265
215
123
80
107
86
29
-8
-45
-55
-85
-135
-189
-220
-223
-244
-297
-310
-280
-302
-337
-253
-192
-266
-273
-171
-131
-176
-152
-55
-40
-86
-29
63
50
-19
18
106
41
-15
41
69
7
-32
50
71
-1
50
163
142
75
141
191
104
55
100
111
51
67
155
150
88
105
142
87
46
87
52
-1
-9
-2
20
-4
-11
29
28
-29
-35
0
-34
-76
-41
-15
-48
-82
-28
40
-25
-74
1
4
-89
-96
-26
-41
-129
-129
-68
-113
-192
-125
-39
-134
-215
-108
-37
-119
-120
20
43
-24
34
124
60
-41
26
93
18
-21
93
127
43
90
178
109
23
79
113
12
-11
103
100
-24
-4
100
20
-78
-18
29
-71
-128
-28
-10
-91
-94
-2
-5
-57
14
87
53
1
26
67
19
-42
6
8
-39
-1
51
23
-37
-16
29
22
-19
-32
-64
-131
-128
-117
-151
-186
-176
-120
-88
-83
-67
-36
-37
-58
-50
-27
2
24
53
79
65
46
106
170
137
91
113
124
78
92
132
78
21
92
156
120
108
157
130
56
67
86
5
-81
8
70
-21
-24
76
58
-30
32
91
-8
-83
11
82
-26
-97
1
24
-94
-69
30
-47
-176
-109
-40
-177
-276
-186
-136
-223
-195
-43
-41
-120
-51
48
13
-47
37
98
17
10
91
100
28
54
176
153
96
145
168
81
32
60
16
-35
-11
-18
-50
-60
-37
-33
-60
-58
-77
-105
-99
-72
-93
-106
-47
-13
-5
31
72
47
6
15
27
-14
-45
-9
12
-4
30
85
64
52
96
100
27
-15
0
-17
-63
-41
-14
-70
-100
-22
3
-59
-8
90
49
-12
45
72
-2
-25
77
87
-19
10
102
56
-31
23
57
-63
-106
-6
-6
-99
-78
36
21
-48
0
48
-35
-117
-53
-19
-99
-90
43
59
-3
68
168
134
63
87
110
28
-39
-15
-33
-131
-139
-44
-14
-44
-4
64
24
-46
-42
-35
-77
-98
-47
14
-8
-33
43
76
45
47
74
68
28
4
8
4
-12
-3
23
38
35
51
87
88
56
36
22
1
-11
-18
-24
-21
-5
2
-11
10
21
-12
-12
23
33
0
1
50
20
-40
6
46
-21
-70
-16
8
-65
-83
7
11
-81
-50
43
0
-85
-6
69
-20
-58
26
47
-47
-52
41
42
-33
-1
59
17
-44
-25
-18
-87
-98
-44
-40
-50
-17
-1
-25
-30
-23
-46
-53
-19
-26
-62
-47
-3
-10
-33
11
45
-11
-18
59
50
-55
-45
54
-5
-106
-28
58
4
-18
79
110
3
16
116
89
17
56
118
47
-12
30
28
-22
13
89
91
59
104
117
52
37
61
15
-37
3
32
-22
-10
67
35
-31
11
55
-33
-93
-26
-16
-126
-139
-32
-55
-150
-67
48
-42
-101
25
67
-61
-92
29
16
-96
-39
85
19
-76
26
98
-11
-35
84
82
-38
-30
64
19
-62
-15
26
-47
-80
-12
-6
-60
-32
29
-18
-71
-30
-18
-48
-10
45
16
-6
44
43
-9
11
65
48
22
72
95
17
-3
65
32
-67
-49
27
-24
-62
17
43
-23
-32
67
57
-35
-19
36
-20
-79
-29
0
-61
-45
50
30
-30
6
52
3
-18
44
53
-3
12
65
21
-39
3
54
5
-21
49
42
-32
4
73
22
-29
46
54
-47
-48
29
2
-74
-21
52
-23
-75
2
6
-113
-110
-1
-21
-129
-81
17
-55
-112
-34
15
-52
-55
48
31
-75
-52
40
10
-32
43
96
37
38
115
115
43
40
93
64
5
35
53
-10
-26
12
10
-20
10
40
16
-12
-5
-1
-44
-52
-33
-55
-74
-48
-9
-12
-11
25
12
-16
25
53
32
13
24
11
-32
-38
-22
-33
-55
-20
15
8
-6
8
10
-25
-20
20
28
9
22
30
14
15
45
51
23
14
11
-13
-44
-50
-44
-41
-28
-4
13
18
23
23
28
36
27
18
22
14
-10
-12
-1
16
32
32
33
43
29
20
37
28
-5
-19
-16
-27
-36
-32
-17
-3
15
37
55
53
32
-1
-20
-46
-69
-51
-23
-30
-23
4
8
-8
-8
14
4
-33
-39
-26
-50
-77
-54
-29
-33
-28
15
34
8
-10
-3
-25
-54
-32
-15
-34
-44
-31
-38
-70
-58
-26
-41
-47
-10
4
-39
-48
0
-6
-27
14
69
37
-10
38
74
36
36
95
97
37
65
118
60
-1
28
53
-27
-34
68
88
27
46
113
63
-3
34
60
-11
-56
4
28
-29
-19
61
49
5
39
84
35
-20
-5
-5
-54
-85
-49
-35
-68
-55
-3
-1
-8
-9
-23
-33
-46
-40
-35
-50
-63
-59
-35
3
28
25
34
42
11
-5
9
-13
-76
-89
-49
-32
-50
-15
62
52
22
65
84
7
-35
-4
-15
-73
-72
-13
-9
-25
19
78
53
25
47
42
5
4
27
10
-15
5
42
45
47
52
24
-6
7
-3
-57
-53
-7
-41
-83
-43
-6
-30
-37
25
30
-52
-50
9
-13
-63
-20
32
-23
-55
8
24
-49
-57
23
23
-38
-28
31
5
-47
8
50
-11
-17
48
52
-7
-13
35
12
-48
-33
-6
-20
-12
27
30
-10
-20
11
34
29
25
47
46
37
47
54
66
79
86
79
71
75
63
46
35
3
-11
0
16
0
-16
-6
-27
-48
-50
-44
-53
-64
-30
-6
-40
-53
-32
-40
-68
-58
-22
-41
-59
-18
11
-5
2
51
47
6
6
19
-13
-43
-23
-2
-27
-26
18
21
-9
-2
29
6
-21
8
15
-8
-12
27
50
31
20
41
22
-3
2
12
-6
-20
-6
-17
-15
-10
16
24
13
13
-4
-8
-5
-8
-5
2
-12
-25
-33
-18
-20
-20
3
9
15
23
37
47
35
19
15
-8
-27
-19
-33
-84
-94
-65
-66
-72
-34
-2
-11
-2
29
6
-39
-42
-21
-57
-84
-15
31
13
31
100
86
31
58
107
70
21
64
75
-1
-11
61
73
30
53
123
87
31
78
79
-25
-84
-41
-48
-131
-106
-21
-39
-81
-5
59
-4
-17
71
72
-31
-37
23
-39
-112
-42
26
-32
-47
45
57
-31
-28
24
-30
-117
-79
-25
-86
-123
-41
-8
-61
-29
67
57
-12
19
63
7
-41
9
39
-18
-18
57
67
30
67
121
93
48
47
35
-22
-45
-5
-5
-30
-4
19
11
13
44
53
25
15
24
-2
-22
-7
10
5
2
15
24
23
26
29
9
-10
-29
-46
-53
-57
-61
-53
-38
-20
-19
6
39
30
5
15
43
17
-4
22
30
-1
2
39
40
-5
-26
-7
-27
-63
-53
-48
-95
-102
-49
-39
-57
-42
9
-2
-34
-23
-21
-60
-73
-20
-2
-33
-3
41
16
-12
24
57
20
5
45
59
37
40
62
28
-16
-8
6
-13
-20
34
67
42
44
69
49
3
11
34
-1
-41
-22
4
-20
-52
-39
-15
-20
5
58
73
34
8
19
-4
-37
-40
-25
-13
-18
10
47
31
10
12
17
1
-15
8
22
-4
-17
4
-14
-47
-25
21
19
2
25
34
-3
-10
31
34
-5
-9
12
-11
-36
0
31
-12
-37
-3
7
-18
-13
16
0
-34
-14
8
-23
-32
-5
3
-28
-21
8
-6
-17
3
18
-5
-11
13
10
-6
15
40
28
17
41
35
-4
-16
-1
-8
-26
-7
1
-28
-29
-4
-8
-38
-27
2
1
-11
18
36
-1
-16
10
13
-17
-1
37
28
3
17
20
-31
-53
-37
-42
-63
-53
-25
-35
-39
-7
16
12
5
42
45
25
34
32
10
-10
-6
-9
-33
-24
-12
-21
-18
-5
-3
-23
-27
-22
-41
-56
-40
-15
6
34
71
85
75
100
117
98
70
65
50
7
-8
-8
-32
-53
-27
-5
-4
16
34
16
-25
-26
-34
-70
-78
-49
-28
-45
-28
9
-6
-24
4
13
-22
-46
-23
-13
-39
-33
0
-15
-40
-5
38
20
17
59
67
37
40
63
37
1
19
38
13
7
42
46
7
-12
3
-8
-27
-3
22
21
23
55
60
43
37
27
0
-11
-2
5
0
6
11
-29
-56
-44
-39
-50
-44
-26
-31
-46
-43
-27
-39
-36
-7
1
-4
8
33
20
6
14
12
0
4
22
18
0
10
30
14
1
1
-8
-45
-63
-54
-46
-41
-28
-10
-8
-8
2
-2
-19
-21
-20
-45
-58
-48
-38
-29
-20
10
25
30
47
51
40
32
38
33
23
18
21
17
1
11
28
23
4
7
17
2
7
9
7
-13
-37
-31
-29
-46
-36
3
6
-4
14
27
26
23
22
15
-14
-25
-13
-9
-4
2
17
36
42
59
60
46
33
12
-9
-30
-48
-54
-50
-43
-42
-27
-13
-5
-4
-1
14
16
14
13
16
11
9
18
28
28
28
46
59
50
39
31
26
21
20
17
11
15
6
-5
-8
-12
-5
10
13
1
-13
-13
-18
-25
-7
2
-15
-25
-14
-6
-13
-24
-13
-16
-23
-29
-30
-36
-41
-24
-19
-35
-47
-37
-29
-36
-41
-25
-15
-16
-3
15
11
2
16
21
10
5
19
36
26
29
55
52
35
34
41
24
-6
-8
-4
-11
-14
-8
-11
-24
-20
-9
-14
-37
-43
-31
-44
-63
-54
-54
-58
-56
-36
-21
-29
-18
-1
9
3
-6
1
4
7
21
41
39
32
43
60
65
70
77
77
53
36
28
8
1
6
12
-10
-19
-3
3
-3
-7
2
-7
-32
-28
-17
-31
-42
-34
-28
-42
-37
1
25
27
38
47
43
25
20
22
12
17
30
23
7
12
24
15
11
15
16
14
8
19
16
12
9
-1
-17
-36
-33
-34
-38
-29
-23
-23
-26
-18
9
13
8
7
-1
-10
-23
-22
-20
-31
-21
-5
14
35
50
66
64
62
60
46
32
19
6
2
0
-3
-10
1
17
9
-6
-27
-44
-52
-48
-50
-59
-66
-68
-70
-73
-72
-57
-42
-32
-24
-19
-15
-18
-9
-9
-23
-29
-24
3
18
22
31
23
15
8
10
15
14
10
7
8
8
23
27
28
28
25
13
5
7
7
10
12
23
24
19
19
15
2
-1
2
-7
-16
-11
-12
-19
-25
-25
-16
-7
6
24
29
18
22
24
15
10
21
30
32
24
26
24
18
25
22
11
8
10
9
13
16
9
-8
-22
-20
-17
-27
-30
-25
-23
-25
-21
-12
-12
-11
-10
-10
-10
-21
-16
-10
-10
-8
0
9
13
21
20
8
-1
6
10
14
18
11
10
9
9
15
16
19
21
24
22
15
15
18
24
22
9
-4
-18
-20
-16
-21
-25
-23
-16
-19
-30
-35
-28
-20
-14
-5
11
12
3
-2
-12
-20
-22
-10
-4
-10
-8
-1
6
8
3
-4
-11
-21
-24
-33
-47
-51
-44
-33
-25
-23
-10
-2
-3
-4
-5
4
7
7
10
10
20
34
36
37
34
31
33
41
57
65
58
47
33
26
23
12
6
9
7
4
14
17
5
-10
-14
-18
-16
-6
-16
-38
-60
-66
-62
-67
-59
-47
-37
-24
-11
-8
-19
-27
-31
-35
-30
-16
-5
-4
3
19
29
32
26
32
21
14
23
20
15
10
20
25
23
33
39
28
20
0
-19
-27
-33
-30
-13
2
1
0
-1
-11
-4
10
6
10
13
25
35
37
51
48
36
35
37
34
20
20
29
28
30
36
29
16
18
29
27
13
12
19
13
13
36
41
23
17
9
-12
-35
-40
-41
-53
-68
-66
-64
-75
-75
-59
-44
-55
-54
-48
-57
-53
-33
-16
-13
-13
-6
-7
-26
-27
-14
-9
4
15
15
3
1
14
18
11
17
22
12
-2
-10
-12
-21
-24
-21
-19
-26
-41
-43
-29
-15
7
18
12
13
19
18
5
0
3
0
5
27
47
52
52
61
57
48
45
37
29
28
30
22
12
3
-4
-12
-17
-12
-16
-25
-18
-10
-18
-25
-31
-40
-38
-30
-21
-16
-6
10
26
37
28
16
14
7
1
0
7
12
12
21
27
28
31
30
17
10
8
11
7
2
-8
-24
-27
-31
-20
-15
-19
-19
-27
-31
-31
-29
-28
-19
3
10
-3
-1
0
-6
-6
6
12
4
8
10
-2
0
23
42
47
44
49
38
24
26
37
51
62
81
76
53
39
32
18
7
4
5
-9
-23
-19
-17
-14
-11
3
-2
-23
-30
-40
-46
-59
-67
-57
-70
-76
-66
-69
-70
-56
-35
-27
-31
-40
-45
-54
-64
-62
-63
-62
-51
-35
-28
-7
23
39
31
22
24
11
-10
-8
-8
-22
-16
5
20
24
27
44
45
36
43
45
32
19
26
33
30
38
44
45
44
48
61
68
78
76
47
23
7
2
-6
-12
-8
-3
-3
-8
-9
-6
-8
-13
-9
-8
-11
-21
-34
-38
-35
-30
-27
-22
-18
-19
-22
-27
-36
-43
-43
-32
-14
4
12
12
10
9
12
16
27
24
11
15
23
32
36
38
54
57
61
59
46
41
37
37
32
20
8
3
2
6
4
1
6
2
-8
-25
-39
-47
-50
-49
-54
-52
-58
-50
-34
-35
-32
-24
-14
-18
-28
-23
-24
-27
-33
-24
-10
-18
-13
3
1
-9
-8
6
4
2
10
-4
-18
-18
-17
-8
-9
-10
-5
-15
-23
-21
-13
-7
-8
4
10
11
23
37
41
38
39
38
31
32
37
42
47
40
29
21
25
25
15
13
13
9
4
3
19
33
30
30
31
18
4
-3
-14
-39
-48
-47
-59
-62
-51
-39
-27
-15
-9
-9
-17
-29
-42
-48
-45
-28
-8
-3
-6
1
9
12
22
36
43
44
44
35
22
14
12
5
-1
-11
-10
3
6
5
0
0
4
8
4
-1
-2
-1
7
-1
-21
-21
-9
1
6
1
-2
-2
3
9
4
10
3
-7
-7
0
10
18
29
34
41
47
53
40
16
-5
-28
-32
-37
-44
-47
-44
-33
-21
-26
-34
-37
-41
-43
-47
-41
-31
-25
-14
4
16
19
23
12
6
-5
-11
0
6
14
11
4
6
1
2
9
16
26
29
25
24
29
32
37
44
35
24
29
26
30
36
39
46
38
35
18
4
9
11
14
13
19
8
-7
-10
-2
7
10
17
20
15
10
7
-8
-23
-22
-20
-19
-17
-19
-26
-35
-42
-40
-44
-47
-30
-18
-23
-27
-36
-37
-40
-41
-41
-52
-59
-61
-66
-68
-67
-56
-38
-27
-32
-24
-13
-9
-1
-6
-10
-20
-17
-13
-16
2
24
27
31
40
44
47
47
40
38
35
35
29
19
18
22
24
27
29
29
26
18
11
14
22
16
6
9
3
-1
0
-1
-4
-6
-4
3
5
10
22
31
31
29
33
45
52
54
54
34
20
15
20
24
15
13
8
-1
-3
5
-2
-8
-6
-5
-6
-15
-14
-11
-20
-18
0
16
14
23
33
31
29
27
20
10
-4
-1
-2
-9
-5
-10
-29
-46
-38
-32
-40
-42
-27
-23
-30
-34
-45
-55
-67
-59
-52
-60
-44
-21
-14
-18
-4
15
12
1
3
5
-7
2
16
14
-9
-23
-21
-42
-48
-20
4
-7
-17
-17
-25
-38
-33
-8
-5
-7
-9
-18
-18
0
22
16
2
1
14
20
21
30
22
7
8
30
27
20
25
15
1
1
14
19
22
48
64
50
40
42
42
30
31
35
26
14
10
19
20
13
24
42
43
22
6
-2
-13
-1
2
-6
-10
-17
-22
-32
-26
-21
-27
-30
-24
-30
-51
-56
-41
-38
-45
-42
-44
-55
-57
-46
-32
-28
-22
-13
-11
-11
-8
-8
-5
6
22
32
32
42
55
53
53
59
69
64
57
68
66
60
62
53
46
54
60
50
29
24
16
-4
-10
-10
-12
-26
-38
-35
-39
-35
-25
-21
-33
-37
-35
-37
-46
-47
-47
-46
-39
-24
1
2
11
28
33
32
39
53
32
4
-12
-28
-41
-45
-40
-45
-45
-38
-29
-30
-37
-29
-20
-36
-37
-32
-39
-45
-46
-50
-51
-31
-11
-9
-20
-14
5
18
33
40
31
19
10
8
8
9
17
24
27
31
42
42
26
17
16
16
21
23
9
-8
-21
-17
-10
-9
-1
1
-7
-16
-14
-15
-25
-23
-7
12
25
38
47
48
41
39
42
41
44
34
12
1
14
29
37
41
37
28
18
17
5
-2
0
-3
-11
-20
-22
-24
-21
-14
0
5
1
-7
-12
-20
-28
-36
-41
-38
-31
-25
-32
-29
-27
-21
-4
6
18
27
34
38
29
24
29
34
35
34
27
19
17
17
26
40
36
29
26
17
10
-6
-24
-29
-29
-25
-21
-21
-28
-45
-50
-53
-58
-61
-58
-46
-44
-45
-39
-29
-24
-25
-28
-35
-35
-29
-16
-12
-16
-3
11
11
7
25
31
23
19
26
29
21
27
28
15
-5
-8
7
10
23
34
33
22
7
0
-17
-24
-16
-6
-6
-5
4
3
1
20
31
22
12
12
15
9
8
16
14
-8
-16
-4
-3
-3
4
6
-12
-23
-16
-23
-36
-24
-4
7
6
1
4
1
-3
4
4
-1
-5
1
0
-6
6
14
11
4
8
13
16
14
19
28
28
28
24
10
-3
0
-2
4
23
37
38
33
39
38
24
13
16
19
2
-4
0
-6
-12
-7
-2
1
-7
-3
-4
-13
-6
-8
-11
-14
-15
-3
-7
-19
-30
-40
-49
-57
-47
-37
-50
-58
-56
-52
-35
-33
-33
-22
-7
8
18
24
15
-1
-17
-19
-25
-35
-27
-14
-2
9
26
31
24
26
22
30
30
25
29
28
25
28
39
42
42
46
46
51
46
30
2
-12
-12
-14
-14
6
18
17
11
0
-4
-11
-9
-3
-12
-26
-33
-34
-30
-19
-7
4
9
6
8
4
-9
-27
-31
-31
-42
-48
-43
-45
-46
-33
-23
-14
8
25
25
15
1
-11
-16
-15
-10
-4
0
11
12
0
8
20
28
33
46
49
41
26
20
26
18
15
21
28
26
16
18
17
9
-1
-4
-2
-6
-14
-16
-14
-12
-3
3
-6
-16
-22
-28
-29
-29
-18
-8
10
20
24
21
5
-9
-21
-17
-2
7
13
15
3
-2
-1
-3
0
8
12
8
4
4
-3
8
24
25
21
8
1
-5
-17
-23
-22
-19
-12
0
4
6
11
21
16
12
9
16
24
12
1
-5
1
8
-2
-7
-15
-17
-18
-34
-36
-39
-55
-67
-62
-53
-50
-46
-31
-20
-28
-26
-18
-16
-15
-6
-5
-13
-15
-18
-22
-18
-18
-15
-13
-12
-1
4
5
12
13
21
36
56
74
80
79
74
63
62
68
72
66
58
59
53
41
40
46
36
37
42
40
22
1
-16
-19
-13
-10
-11
-17
-13
-6
-9
-21
-22
-14
-10
-27
-27
-26
-28
-23
-13
0
1
3
3
-6
-26
-51
-62
-64
-64
-57
-60
-66
-60
-59
-64
-65
-59
-60
-49
-28
-14
-9
-11
-16
-17
-11
-11
-9
-3
2
10
12
7
4
16
35
36
39
49
56
59
57
68
65
62
63
43
27
16
25
42
49
62
58
43
41
46
34
12
-2
-20
-34
-30
-21
-17
-6
10
16
13
2
3
8
-12
-24
-12
-8
-5
-11
-18
-17
-14
-5
-10
-17
-21
-27
-25
-33
-38
-30
-29
-30
-29
-33
-41
-38
-33
-31
-23
-21
-13
-13
-17
-17
-25
-31
-22
-10
-2
4
11
6
-2
8
12
5
-9
0
11
7
10
20
27
31
48
48
31
15
10
11
2
-4
8
24
38
50
60
57
41
26
12
8
7
2
-3
-2
-8
-10
0
9
21
26
16
2
-10
-20
-29
-26
-25
-17
-13
-9
2
14
23
18
7
0
-6
-13
-18
-18
-20
-20
-14
-15
-12
-9
-4
3
-1
-7
-13
-15
-16
-19
-17
-19
-16
-11
-3
2
-3
-8
-12
-12
-15
-18
-29
-35
-37
-27
-23
-24
-13
-2
-10
-13
-5
1
6
11
11
7
13
14
11
3
2
8
10
17
34
40
40
43
44
45
38
33
42
35
18
12
1
-5
2
12
12
9
12
19
23
8
0
-2
-6
1
0
-8
-12
-9
-8
-14
-13
-18
-26
-33
-33
-31
-35
-37
-40
-31
-20
-9
1
5
6
2
-4
-8
-5
-1
3
6
8
13
14
23
33
35
35
32
25
20
16
12
8
-4
-19
-17
-6
-2
10
15
4
3
6
7
2
-14
-33
-45
-45
-43
-37
-32
-28
-12
2
4
12
19
15
14
5
-5
-21
-25
-22
-20
-14
-6
3
12
17
15
8
-1
-4
-2
2
3
2
-4
-9
-5
1
5
5
9
14
13
14
7
-1
-1
8
18
11
5
7
10
12
19
24
24
26
28
35
32
32
31
25
9
2
13
7
1
-11
-22
-32
-39
-45
-51
-47
-51
-57
-54
-53
-55
-45
-28
-12
-3
10
13
15
11
0
6
11
14
21
29
28
25
35
52
54
44
36
31
20
-1
-16
-31
-32
-22
-16
-3
1
6
6
10
9
-5
-19
-29
-36
-30
-25
-24
-19
-11
-5
1
19
27
30
19
10
9
-4
-6
-10
-7
1
6
16
25
31
32
21
7
-4
5
19
23
13
-1
-1
-2
2
7
2
8
17
14
11
4
2
-1
-9
-4
-2
0
4
2
-5
-13
-17
-23
-25
-26
-19
-14
-18
-19
-34
-38
-38
-32
-20
-23
-25
-36
-39
-37
-44
-31
-22
-25
-25
-21
-16
-6
4
16
21
12
8
14
14
7
14
25
30
39
36
27
17
17
27
34
34
29
23
18
10
14
11
12
24
26
29
22
25
20
6
-1
-5
-12
-18
-11
-4
2
15
31
26
21
29
32
28
29
30
23
23
36
45
33
6
-15
-27
-37
-34
-38
-45
-44
-43
-38
-39
-50
-58
-55
-48
-40
-29
-26
-26
-21
-21
-28
-30
-17
10
16
14
16
1
-6
1
7
5
-6
-3
8
10
6
6
-6
-13
1
11
13
15
12
15
12
6
17
24
26
20
3
-15
-16
-5
-8
-24
-26
-22
-19
-13
-16
-10
-3
5
18
17
7
-3
-1
-8
-14
-4
2
-2
0
10
11
19
30
33
41
38
38
51
37
13
5
4
4
20
30
30
23
20
10
2
-3
-4
9
9
-5
-8
-9
-16
-13
-11
-15
-15
-13
-18
-12
-8
-18
-36
-39
-27
-14
6
10
10
-6
-21
-35
-50
-51
-49
-37
-19
-1
3
5
19
21
12
-1
-13
-12
5
11
4
3
7
10
17
21
13
6
-7
-5
3
7
4
-6
4
10
13
11
14
30
35
29
20
0
-22
-28
-31
-29
-33
-33
-26
-16
-16
-9
-13
-15
-2
-4
1
-2
0
12
32
49
48
43
32
26
22
19
21
19
28
35
41
51
45
26
7
-3
-4
-11
-10
-13
-20
-18
-9
-4
-12
-9
1
3
-6
-2
1
-10
-24
-38
-43
-36
-28
-16
-12
-12
-15
-21
-29
-31
-22
-19
-13
2
7
5
12
4
-17
-26
-26
-15
-8
-4
-7
-16
-30
-40
-42
-51
-47
-44
-39
-37
-35
-16
-9
0
12
16
30
41
35
26
23
26
28
41
52
59
60
68
79
77
73
53
41
38
37
25
12
10
11
11
-3
1
8
8
4
-7
-14
-13
-11
-18
-29
-36
-27
-11
3
0
-8
-19
-26
-27
-22
-13
-13
-18
-12
-5
-12
-6
4
16
23
22
17
-1
-18
-20
-20
-18
-11
-7
-13
-9
-6
-17
-24
-23
-26
-25
-10
-9
-15
-15
-30
-38
-29
-10
16
35
36
33
30
16
20
23
23
25
24
24
17
23
15
-3
-8
-10
5
19
13
13
6
-2
-7
-16
-18
-17
-17
-20
-14
-2
-8
-14
-7
-4
10
15
-4
-27
-38
-27
-17
-19
-7
-2
-6
-3
-8
-5
-3
-3
-1
-6
-8
3
23
30
21
20
25
19
9
5
6
7
-2
1
1
-1
9
11
5
-4
-3
3
13
11
2
-12
-29
-35
-33
-37
-43
-49
-40
-28
-17
-7
-11
-7
0
6
10
8
3
3
7
7
5
-1
-8
-13
5
13
14
22
23
28
42
49
40
30
31
32
21
8
11
26
31
37
43
43
44
47
42
24
14
14
18
28
34
23
11
3
1
1
2
-3
-17
-28
-34
-27
-23
-26
-21
-15
-14
-13
-21
-33
-48
-60
-53
-47
-48
-52
-41
-28
-20
-15
-14
-12
-7
-11
-18
-31
-37
-24
-14
-1
3
6
7
5
12
9
5
0
1
6
6
4
5
5
10
12
11
5
-5
-13
-13
-13
-11
-9
-8
0
11
15
9
9
15
15
24
20
12
3
-9
-3
5
6
-6
-15
-26
-27
-15
-12
-13
-10
-9
-8
-11
-11
-3
11
27
32
33
42
38
23
14
3
-2
-3
-7
-5
-11
-12
-5
13
27
28
30
44
50
47
44
44
45
40
34
30
9
-4
2
-2
-10
-16
-16
-14
-24
-26
-16
-10
-4
1
-3
-11
-28
-43
-37
-24
-14
-3
-6
-10
-8
-14
-15
-13
-16
-8
-6
-15
-17
-12
0
9
2
2
6
3
-2
-14
-27
-28
-26
-24
-25
-35
-30
-8
9
14
15
17
21
33
36
26
13
9
13
7
5
12
14
14
32
46
41
22
13
12
17
19
22
20
7
11
20
25
18
6
4
-2
-22
-26
-27
-32
-20
-4
3
-14
-25
-32
-35
-36
-38
-27
-23
-27
-37
-48
-48
-46
-40
-40
-41
-39
-38
-29
-21
-7
3
3
6
5
-5
-19
-17
-7
-9
-5
-1
2
7
13
28
39
40
32
24
14
11
19
24
35
38
39
34
32
31
27
23
12
5
-2
0
10
17
25
25
13
18
22
26
32
38
46
41
22
8
5
10
20
25
21
12
9
8
6
2
-2
-1
-2
-13
-12
-13
-17
-19
-24
-30
-39
-31
-21
-19
-29
-40
-40
-45
-59
-65
-52
-27
-10
-1
2
-2
-1
-5
-3
2
-2
2
3
11
24
18
9
3
3
1
-3
-6
-10
-7
-10
-19
-24
-20
-7
23
57
66
65
51
29
6
-10
-13
-23
-20
-7
2
6
10
27
35
34
26
10
-3
-24
-25
-36
-54
-51
-42
-36
-22
0
6
6
5
5
-7
-28
-37
-38
-43
-51
-38
-21
-16
4
18
21
26
21
25
26
21
26
30
32
23
18
12
16
27
30
25
12
-3
-17
-19
-19
-20
-21
-14
-8
-12
-15
-18
-6
15
21
29
24
16
9
1
0
-5
4
7
6
8
10
5
-3
-6
-5
-7
-9
-12
-12
-12
-4
11
20
24
11
8
13
7
4
-7
-20
-23
-9
-2
2
17
24
22
9
-11
-16
-11
-3
15
25
25
21
24
30
20
6
-1
-7
-13
-15
-11
-5
-2
2
3
6
-1
-12
-9
-13
-4
-5
4
14
9
10
-4
-16
-23
-35
-33
-30
-18
-4
-7
-5
0
0
3
-2
-12
-18
-31
-32
-19
-3
19
39
52
55
52
47
38
30
23
10
-10
-29
-35
-34
-38
-46
-45
-33
-14
-5
-5
-8
-21
-23
-13
-13
-4
6
9
16
22
26
27
18
18
16
7
0
-4
-1
-3
-13
-27
-36
-34
-30
-20
-22
-32
-29
-22
-15
-12
-10
-9
-17
-22
-14
-9
-2
12
15
17
12
12
14
17
27
31
25
6
-2
6
9
17
30
35
33
28
36
37
20
13
7
6
0
10
23
17
10
0
-1
-10
-15
-5
-2
-1
7
16
17
14
16
21
16
21
23
20
19
13
9
4
-4
-5
-11
-28
-38
-41
-31
-27
-14
-2
-3
8
22
23
22
21
15
6
-2
-16
-22
-20
-18
-16
-24
-35
-36
-22
-16
-14
-9
-15
-27
-27
-29
-30
-18
-18
-26
-29
-29
-29
-20
-12
6
31
37
37
42
49
48
36
32
26
14
11
5
1
-1
0
7
1
0
-3
-4
-3
-3
-5
-8
-4
2
1
-1
1
11
15
11
8
0
-2
-2
-8
-12
-23
-29
-31
-32
-33
-25
-15
-8
9
21
18
4
-6
-13
-29
-35
-28
-25
-22
-16
-19
-18
-18
-17
-8
-12
-17
-22
-24
-15
-9
1
10
25
38
39
40
36
43
53
55
66
68
65
62
57
41
23
20
26
33
20
13
8
-8
-9
-9
-13
-22
-26
-19
-19
-24
-30
-19
-3
1
4
-2
-10
-8
-2
-4
-1
-8
-11
-10
-19
-22
-26
-37
-53
-51
-38
-28
-20
-18
-13
-5
-4
2
3
7
19
27
27
41
44
29
19
15
4
11
10
0
-4
-14
-10
-7
-6
-8
-13
-13
-14
-7
-5
-1
8
6
1
-6
-12
-16
-19
-20
-24
-30
-23
-20
-6
9
23
31
29
25
27
23
16
8
2
3
-8
-6
-2
12
24
20
19
15
8
-4
-1
-7
-13
-14
-11
-1
3
4
6
18
20
18
14
0
-3
-8
-16
-18
-25
-27
-30
-28
-26
-25
-11
-13
-22
-18
-22
-12
-12
-21
-8
-3
5
16
20
26
30
32
40
37
28
12
8
10
6
13
6
-2
-7
-16
-20
-17
-12
2
16
23
25
14
4
5
8
2
-5
-2
1
-1
-6
-10
-18
-19
-18
-21
-18
-16
-12
-3
-8
-18
-28
-28
-25
-24
-14
-13
-9
3
2
3
0
-3
5
1
-1
2
-8
-7
-2
7
8
0
8
12
11
17
22
29
27
22
26
22
25
36
37
36
35
42
43
35
32
24
13
8
2
12
21
25
27
21
14
5
-6
-9
-15
-26
-36
-39
-43
-47
-43
-47
-49
-35
-25
-13
-8
0
7
8
8
2
0
-11
-9
3
-1
3
6
-1
-13
-26
-25
-21
-13
-10
-10
-16
-25
-20
-11
-7
-5
-3
-14
-24
-30
-27
-24
-13
-5
-8
2
7
11
23
24
25
10
-3
-1
-2
1
8
17
18
12
19
28
33
39
39
31
18
6
-1
-3
-5
-2
-1
-6
-5
-6
-6
-17
-22
-19
-23
-26
-33
-37
-26
-12
-7
-2
2
1
7
11
16
10
-2
-7
-15
-11
-12
-15
-7
-5
5
12
16
26
17
8
12
12
13
14
20
19
21
27
37
45
48
45
44
40
29
35
40
40
40
36
30
24
29
17
4
2
-4
-2
11
18
17
2
-15
-23
-32
-37
-38
-38
-33
-35
-39
-47
-58
-64
-59
-56
-60
-65
-75
-76
-73
-65
-52
-47
-35
-14
0
0
2
8
12
15
13
2
-1
10
30
43
47
41
39
47
52
59
58
47
20
-6
-20
-22
-13
-2
16
34
38
32
17
1
-10
-10
-6
-4
-2
-5
-2
11
26
29
38
36
21
7
-1
-17
-38
-41
-43
-39
-20
-1
1
0
8
7
-7
-28
-35
-33
-28
-19
-22
-20
-24
-27
-16
-6
4
3
3
7
6
12
11
7
6
12
17
13
-1
-14
-21
-10
6
14
16
24
37
35
30
22
7
7
9
12
19
15
13
4
-5
-3
-1
-9
-16
-11
-6
-3
0
-3
-9
-6
-2
1
3
-6
-5
-3
-1
-8
3
17
24
31
12
-2
-11
-17
-6
-3
-2
6
13
12
3
-10
-19
-25
-13
-3
7
-1
-11
-13
-21
-17
-14
-16
-23
-14
-9
-2
7
24
36
25
24
28
25
25
35
31
21
23
33
34
31
34
40
34
26
22
3
-8
-17
-20
-29
-30
-15
-1
8
7
5
-4
-12
-7
-14
-31
-50
-49
-53
-64
-69
-77
-70
-64
-58
-53
-55
-45
-49
-62
-65
-62
-44
-26
-16
-6
-6
-8
-6
6
18
32
42
47
43
23
14
11
6
3
13
29
41
58
74
74
63
58
62
63
51
43
38
28
21
28
36
38
47
52
44
43
42
32
14
0
-3
-16
-26
-22
-21
-23
-21
-13
-5
-2
-3
-8
-19
-45
-67
-72
-73
-62
-46
-43
-46
-36
-22
-29
-28
-27
-30
-27
-17
-5
1
5
4
2
-1
8
21
21
23
23
26
30
38
44
44
46
49
38
29
25
34
47
53
55
64
63
53
43
16
-3
-19
-33
-49
-61
-50
-38
-39
-34
-27
-36
-37
-37
-32
-30
-31
-34
-50
-56
-49
-34
-27
-22
-19
-19
-20
-26
-32
-28
-16
-8
-4
5
-1
-4
-1
0
10
17
19
22
24
27
27
22
19
29
32
29
32
26
14
7
4
-1
1
1
0
-15
-19
-15
-9
1
7
12
2
0
9
7
-6
-14
-7
-2
4
19
17
18
19
10
6
1
2
8
12
9
5
-5
-15
-12
-6
-4
-2
-4
-6
-10
-14
-9
-5
-7
-12
-16
-13
-8
-6
4
6
9
2
0
11
9
12
12
6
6
11
19
25
29
38
36
36
33
25
19
15
14
11
8
10
17
17
22
18
19
21
17
10
-9
-6
1
1
-9
-24
-32
-38
-45
-43
-32
-16
-3
5
10
-2
-4
-1
1
4
-5
-23
-37
-42
-50
-50
-48
-38
-30
-38
-32
-23
-17
-21
-25
-20
-22
-26
-21
-11
-5
-10
-9
-15
-20
-18
-18
-13
-2
16
31
39
39
33
23
16
15
18
7
2
12
22
32
37
39
39
34
38
31
20
20
19
18
23
39
39
42
40
29
18
-11
-20
-29
-43
-42
-42
-36
-28
-22
-14
-19
-13
-5
-9
-11
-26
-31
-28
-24
-16
-11
-1
13
16
13
10
14
20
12
3
-4
0
9
18
20
17
22
21
16
7
-2
-9
-12
-18
-16
-16
-15
1
13
13
8
16
26
37
35
26
27
29
34
31
26
22
12
4
0
2
2
3
7
0
-3
-2
-6
-9
-18
-27
-34
-41
-39
-38
-33
-26
-25
-18
-12
-7
-5
-15
-19
-19
-21
-32
-32
-27
-25
-17
-9
-12
-23
-31
-35
-37
-27
-14
-7
-2
6
9
14
19
25
30
30
27
26
13
0
3
14
19
11
17
14
6
12
14
10
-2
-7
-7
-12
-19
-19
-12
0
9
18
24
20
20
23
19
25
36
37
27
21
22
24
20
12
3
-1
0
7
11
4
-3
-10
-7
-6
-8
-6
2
5
-2
-16
-23
-16
-9
-8
-6
-9
-25
-36
-34
-28
-25
-22
-14
-9
-11
-13
-8
-8
0
11
19
18
20
19
5
-3
-3
4
10
9
13
13
-8
-22
-24
-32
-38
-37
-30
-22
-16
-8
-16
-30
-23
-23
-30
-29
-17
-10
-11
-5
2
-1
5
27
51
66
83
81
71
60
46
45
39
33
30
27
19
13
7
6
6
3
4
6
9
14
15
7
5
12
6
5
6
6
2
-10
-4
2
-2
5
11
19
21
13
4
-14
-29
-33
-38
-48
-59
-52
-45
-44
-37
-31
-23
-13
-8
6
10
3
-4
-6
-7
-18
-24
-39
-46
-42
-45
-34
-32
-32
-28
-26
-24
-30
-26
-22
-14
-8
-5
7
19
15
7
4
-3
-11
-11
10
24
21
27
31
28
27
24
22
14
2
-10
-15
-10
-1
16
25
23
21
25
21
5
-10
-21
-18
-13
-12
-6
-4
6
10
20
26
27
35
36
43
34
18
11
3
-3
-10
-8
-7
1
12
20
23
31
55
71
72
64
61
45
38
44
38
28
20
21
21
6
-5
-6
-8
-5
5
8
6
9
5
2
5
1
2
-5
-17
-30
-40
-42
-38
-30
-35
-45
-50
-43
-43
-50
-62
-72
-69
-57
-48
-34
-37
-40
-23
-20
-9
0
4
5
1
8
8
6
6
-6
-21
-29
-34
-37
-28
-11
-5
-3
-10
-15
-22
-27
-27
-22
-10
-6
-12
-14
-19
-12
-1
6
22
25
24
25
19
19
16
13
14
19
27
21
5
-2
3
11
25
36
40
37
22
25
27
23
7
-9
-11
-8
-12
-15
-6
-1
3
8
16
17
26
32
27
28
14
0
-5
1
8
3
1
-1
1
9
13
25
24
37
35
12
13
13
20
12
-1
-8
-3
6
17
23
25
30
22
16
14
14
17
13
10
7
8
4
5
11
16
25
21
15
0
-3
-3
-3
-8
-16
-14
-16
-10
-2
-3
-1
-17
-29
-34
-49
-53
-66
-68
-62
-57
-54
-57
-53
-48
-46
-36
-32
-25
-27
-29
-21
-24
-20
-17
-27
-32
-34
-34
-29
-31
-29
-31
-28
-20
-7
2
4
10
18
18
21
22
21
24
30
44
63
69
66
60
59
53
54
59
53
54
54
34
23
20
25
23
8
13
11
13
16
3
-12
-22
-20
-19
-22
-20
-18
-17
-19
-24
-21
-21
-10
-5
-1
-5
-14
-17
-25
-29
-31
-17
-8
-10
-8
2
8
12
9
6
7
0
-7
-2
5
1
-2
-2
8
9
7
-1
-1
7
-3
-11
-13
-7
0
11
24
33
27
17
12
5
-3
-1
9
14
16
17
12
8
11
16
20
11
7
6
-7
-19
-24
-22
-12
-18
-24
-29
-32
-15
-5
2
2
0
0
8
9
0
-7
-3
1
0
4
3
-1
-4
4
16
22
23
22
24
20
13
7
0
2
8
12
6
0
-12
-19
-14
-6
6
7
-3
-15
-32
-38
-25
-10
-7
-3
-5
-10
-9
-10
-16
-23
-20
-16
-21
-31
-31
-10
7
12
6
-7
-11
-16
-10
-3
-3
3
9
19
19
14
24
27
30
35
26
17
10
7
1
4
8
-1
-2
-6
-7
-7
-13
-12
-7
0
8
11
8
1
-7
-13
-20
-25
-29
-24
-23
-26
-30
-28
-20
-19
-13
-4
5
5
5
-6
-11
-5
0
7
23
26
20
24
23
18
13
10
6
2
-14
-29
-33
-26
-20
-5
11
16
14
17
24
28
26
32
35
32
26
29
36
28
19
6
1
-2
-2
2
5
4
8
20
27
27
27
27
20
7
4
6
-9
-19
-17
-13
-2
4
-4
-13
-18
-14
-14
-17
-8
-2
6
10
12
9
3
-1
-3
3
2
0
0
-6
-7
-12
-17
-15
-14
-11
-9
-8
-11
-9
6
8
2
-10
-21
-21
-15
-10
-13
-10
-3
0
-5
-10
-18
-30
-32
-31
-28
-27
-23
-22
-16
-3
1
0
0
-11
-26
-25
-14
-10
-3
2
-2
-8
-5
-2
-3
7
14
21
26
25
23
13
9
-1
-18
-32
-31
-16
-12
-11
