-57
-45
-42
-40
-33
-34
-23
-4
9
16
20
27
25
19
6
-14
-30
-31
-26
-26
-20
-15
-6
5
7
2
4
9
11
4
-7
-9
-14
-16
-4
3
13
15
21
27
20
13
4
0
-7
-16
-8
-1
6
23
25
26
40
51
49
45
41
30
27
19
12
15
7
2
1
-1
1
-4
-6
-2
-7
-14
-21
-17
-8
-3
-1
-15
-27
-29
-25
-15
-5
-3
-8
-6
-4
-8
-13
-8
-9
-14
-8
-6
-19
-20
-4
5
11
11
7
4
6
12
22
25
28
34
27
13
-9
-24
-34
-36
-19
-11
9
32
49
61
54
39
27
17
22
36
46
47
34
34
30
33
41
28
20
10
-1
-19
-31
-34
-33
-37
-44
-37
-29
-24
-20
-29
-37
-36
-44
-37
-29
-29
-28
-24
-18
-20
-15
-24
-36
-41
-39
-26
-11
1
4
-2
-10
-22
-49
-64
-49
-21
3
19
30
28
37
50
50
43
27
16
15
17
6
-7
-9
-4
16
35
54
68
55
45
36
18
7
6
-3
-18
-27
-27
-19
-7
-2
2
4
7
5
10
7
10
23
13
4
-8
-7
-7
-5
1
2
-8
-12
-11
-23
-29
-40
-51
-53
-53
-43
-39
-33
-23
-17
-14
-6
3
7
6
3
7
11
12
13
7
1
1
4
3
-6
-15
-26
-26
-21
-16
-11
-3
1
4
7
10
3
-6
0
16
32
31
24
29
36
34
24
27
41
48
60
70
69
65
49
30
26
26
19
19
16
10
9
8
7
9
7
4
15
6
-6
-17
-27
-30
-34
-33
-35
-36
-32
-24
-28
-35
-34
-24
-15
-14
-7
4
11
10
-1
-3
5
10
14
13
0
-15
-31
-23
-7
-3
0
5
11
1
-3
-11
-16
-15
-23
-23
-27
-25
-15
2
8
2
-5
-12
-5
-2
-7
-11
-11
4
11
9
2
0
-3
-13
-14
-19
-20
-14
-10
-8
-6
1
1
-8
-19
-23
-29
-32
-33
-32
-33
-36
-26
-22
-13
3
5
-1
-6
-8
-12
-9
-8
-6
2
2
4
7
25
48
53
56
49
41
36
30
23
17
16
16
10
3
3
-3
5
13
12
17
20
34
36
33
35
24
22
20
10
14
25
27
23
14
0
-1
1
9
17
14
16
23
31
25
10
5
1
6
4
-4
-14
-33
-31
-22
-14
-8
-4
-5
-9
-13
-7
-13
-20
-30
-30
-19
-20
-11
-1
6
5
-6
-8
-11
-14
-7
3
1
-4
-9
-12
-11
-19
-28
-23
-8
7
9
4
-6
-11
-12
-4
6
0
-4
-9
-12
-13
-13
-3
-3
-6
-12
-21
-22
-24
-19
-17
-20
-24
-30
-23
-13
-5
-5
-3
1
-1
1
-4
-14
-21
-22
-19
-14
-10
-18
-19
-18
-5
9
19
29
33
32
32
28
20
12
18
30
26
26
25
24
31
32
31
28
20
8
13
16
9
-7
-23
-29
-19
-11
-6
-2
10
30
37
34
24
14
6
0
4
11
13
12
1
-12
-28
-33
-29
-23
-16
-21
-36
-45
-51
-48
-41
-28
-13
-1
9
13
11
1
-1
2
-1
-1
7
10
16
32
38
36
31
38
49
45
42
44
42
38
41
43
33
28
11
0
3
5
14
23
14
-3
-12
-16
-15
-9
-11
-16
-17
-11
-5
-12
-22
-29
-41
-53
-62
-66
-62
-52
-39
-25
-16
-2
8
19
20
6
-7
-19
-15
-12
-4
4
3
14
15
16
7
-3
-6
-7
-3
1
1
-2
-7
-24
-36
-38
-48
-42
-29
-19
-6
-2
-6
-12
-12
-14
-8
3
11
24
34
33
27
20
10
11
19
30
31
12
-1
2
10
20
25
27
32
25
15
9
-3
-21
-31
-33
-21
-10
-1
10
9
13
7
4
2
-6
-15
-36
-41
-37
-31
-20
-8
-3
-7
-1
6
7
1
-16
-17
-12
-10
-2
11
26
35
39
28
16
16
18
27
40
29
25
28
38
48
37
22
10
4
-3
-13
-11
-3
7
8
4
3
4
3
11
17
7
7
14
21
29
23
14
5
-9
-18
-20
-14
-12
-9
1
7
6
-3
-15
-28
-34
-31
-28
-28
-17
-14
-11
3
3
8
9
6
-3
-15
-14
-23
-29
-25
-25
-31
-37
-27
-18
-18
-9
-10
-7
6
18
24
20
22
8
-9
-14
-18
-8
1
-4
-2
0
-4
-6
-4
16
27
30
24
13
12
9
15
18
13
0
-7
-8
-5
-6
-12
-21
-31
-41
-42
-42
-43
-38
-39
-35
-34
-28
-28
-24
-21
-23
-23
-23
-14
-6
1
10
16
24
33
45
44
39
33
28
29
26
20
21
29
38
41
38
32
26
19
12
7
6
-2
0
1
-6
-10
-7
-5
-17
-30
-33
-29
-22
-3
6
14
13
11
10
7
3
2
23
43
55
52
36
30
26
28
38
43
48
43
29
15
9
17
30
42
35
18
11
5
1
-6
-12
-8
-10
-13
-16
-24
-30
-31
-30
-35
-37
-33
-35
-37
-42
-40
-30
-27
-17
-12
-18
-24
-29
-37
-38
-41
-41
-36
-28
-13
-5
-4
-13
-17
-15
-10
-9
-18
-16
-12
1
18
23
27
17
12
0
-14
-22
-35
-39
-37
-37
-43
-43
-25
0
18
27
26
25
19
12
8
4
2
14
19
18
28
34
33
25
22
18
9
-1
-1
-7
-25
-32
-24
-17
-18
-11
4
14
28
39
34
32
33
23
4
-1
7
11
16
15
17
18
26
36
32
20
11
4
-2
-3
5
8
24
35
30
26
13
5
0
-4
-14
-34
-47
-47
-32
-22
-18
-9
2
7
11
4
9
15
15
12
0
-6
-11
-8
-6
-3
2
8
26
36
37
30
21
8
5
6
-2
-8
-12
-1
10
11
14
19
37
45
41
26
11
2
-9
-29
-51
-55
-64
-65
-54
-41
-35
-33
-29
-32
-33
-44
-44
-40
-30
-23
-25
-21
-14
-12
-19
-18
-14
-10
-12
-11
1
27
36
38
40
32
23
22
17
11
13
9
8
-2
-2
4
-2
4
14
19
22
21
17
5
-6
-5
-12
-14
-5
4
11
11
14
14
13
18
23
21
16
14
0
-11
-16
-20
-23
-17
-16
-27
-35
-39
-34
-28
-21
-18
-15
-10
-9
-2
-2
5
13
6
-12
-19
-14
-1
18
30
21
16
16
18
18
12
10
12
16
18
14
6
8
11
10
4
-1
8
24
36
38
33
15
6
6
7
9
9
20
28
25
28
19
15
24
21
19
11
12
10
11
17
18
20
12
8
5
-1
1
-1
-8
-14
-18
-24
-28
-35
-49
-47
-42
-37
-40
-51
-54
-48
-39
-29
-29
-24
-10
-10
-8
-6
-3
0
3
9
16
19
14
9
5
-8
-13
-18
-19
-8
-12
-15
-22
-32
-39
-41
-34
-21
-2
17
27
33
34
35
34
18
6
-5
-13
-4
8
12
21
30
41
49
48
38
24
8
-10
-29
-53
-62
-52
-36
-30
-27
-18
-10
0
5
11
8
0
14
8
11
27
34
32
18
7
0
4
7
5
12
20
37
60
62
57
47
36
24
10
-9
-31
-42
-52
-46
-37
-35
-28
-14
-3
4
-1
-5
-10
-22
-42
-58
-53
-42
-36
-24
-4
5
11
15
22
18
12
23
31
28
25
28
46
54
48
31
12
10
10
22
19
2
-2
5
15
15
5
0
5
9
2
-12
-21
-22
-21
-23
-28
-37
-34
-27
-25
-23
-19
-7
2
13
20
12
14
19
19
5
-13
-10
6
21
38
44
42
43
44
34
14
-2
-2
1
-5
-12
-17
-18
-16
-19
-29
-32
-35
-36
-30
-41
-48
-45
-37
-25
-26
-24
-22
-9
-2
-8
-11
-18
-33
-48
-57
-51
-43
-37
-17
-6
16
34
26
13
9
9
4
2
-5
-9
0
1
10
22
32
43
36
30
24
22
25
30
35
27
36
48
41
25
21
27
38
41
48
43
35
17
-5
-7
-10
-12
-19
-19
-16
-19
-20
-22
-27
-23
-25
-19
-10
-4
6
8
4
-2
-4
3
12
23
25
29
29
15
-1
-9
-13
-27
-33
-16
-8
-16
-23
-25
-19
-12
-10
-20
-24
-23
-6
-4
-3
3
13
26
19
12
-1
-17
-23
-22
-20
-14
-2
8
28
37
27
20
4
-6
-6
-7
-4
-6
-20
-30
-26
-21
-10
-1
-6
-6
-8
-13
1
9
17
27
29
33
31
30
24
13
8
0
-6
-5
-4
-2
5
3
-1
-3
2
7
4
-3
-5
-10
-19
-29
-33
-20
-9
-9
-5
4
17
21
18
7
-3
-2
-2
5
15
16
20
13
11
4
-1
7
12
14
9
8
7
5
-3
-12
-26
-39
-43
-43
-33
-39
-37
-24
-13
-1
5
12
16
11
5
-1
-11
-8
5
16
22
21
13
8
13
16
10
6
4
7
9
10
3
0
-3
-13
-15
-21
-27
-23
-21
-21
-16
-4
-2
-6
-1
5
7
-9
-20
-27
-31
-21
-11
-2
4
4
9
19
24
28
19
1
-6
3
14
24
24
18
16
16
10
0
-4
-1
8
7
6
7
25
37
39
49
41
35
32
18
1
-3
9
24
19
16
21
21
23
26
17
12
-1
-3
-2
-16
-21
-31
-33
-26
-24
-18
-20
-25
-26
-31
-31
-35
-44
-39
-33
-28
-13
-22
-24
-24
-30
-22
-9
-5
-8
-9
-17
-19
-7
11
35
47
39
23
11
10
13
12
16
20
16
7
-2
3
19
33
38
26
2
-13
-22
-30
-29
-37
-45
-43
-36
-25
-17
-10
0
-6
-19
-29
-37
-30
-23
-16
-7
0
10
23
24
17
13
15
18
13
4
5
17
24
25
15
12
19
20
21
16
10
-3
-10
-6
-10
-11
-5
-3
1
-8
-15
-10
3
19
9
-3
-8
-6
6
8
12
12
16
27
27
21
17
18
19
18
5
-16
-17
-10
0
4
2
-3
-9
-5
3
11
7
4
7
13
26
29
17
7
-8
-23
-35
-33
-29
-25
-20
-15
1
1
6
13
16
17
14
17
8
9
14
13
19
30
31
24
18
7
1
2
0
-8
-21
-21
-12
-8
6
13
14
25
24
17
16
13
5
1
-1
-5
-2
-11
-29
-42
-53
-46
-36
-31
-24
-33
-43
-42
-30
-18
-20
-9
5
9
10
-6
-18
-17
-9
-10
-27
-42
-45
-41
-39
-39
-46
-40
-38
-30
-22
-26
-21
-17
-6
-8
-11
-1
9
20
31
30
27
33
37
45
40
33
38
48
66
74
67
52
47
47
45
49
54
64
67
70
69
47
19
-4
-14
-20
-26
-22
-17
-11
-4
-5
-14
-30
-38
-37
-36
-34
-36
-32
-31
-35
-36
-26
-25
-23
-22
-39
-39
-32
-23
-6
4
8
6
4
7
14
21
25
29
34
38
40
42
26
5
-12
-18
-15
-15
-17
-16
-17
-18
-9
4
13
11
9
11
15
13
7
8
9
15
16
14
2
-8
-1
9
18
17
11
12
17
14
3
-10
-16
-25
-37
-43
-51
-45
-31
-15
-13
-22
-30
-28
-18
-13
-4
0
5
0
-12
-18
-16
1
19
27
25
26
20
17
20
24
25
15
6
11
16
29
46
53
56
43
27
19
13
8
-14
-35
-38
-37
-42
-50
-52
-55
-45
-37
-41
-44
-48
-45
-35
-28
-34
-31
-14
7
15
19
18
7
0
-8
-11
-5
6
20
24
28
28
18
17
12
11
14
12
9
2
5
7
3
-6
-9
-8
-9
1
9
15
15
17
19
23
24
27
28
22
25
26
27
29
27
19
9
0
-11
-19
-22
-12
2
11
12
4
-6
-6
3
8
17
19
17
20
12
7
14
25
35
32
19
5
2
0
-4
-2
0
-5
-9
-14
-17
-21
-24
-23
-25
-28
-36
-34
-22
-13
-5
-4
-5
-9
-8
-4
-6
-7
-13
-17
-20
-14
-6
-5
0
1
-2
-7
-7
-11
-13
-10
-11
-15
-24
-24
-13
3
14
13
10
11
7
10
11
3
3
10
16
14
14
11
1
-14
-20
-26
-33
-36
-25
-22
-14
-9
-11
-6
-7
-7
-11
-13
-8
3
14
15
4
-5
-12
-13
-8
0
10
16
18
14
14
11
-2
-8
-5
5
17
25
28
27
26
23
24
25
22
19
15
14
11
10
19
29
29
19
5
-12
-16
-14
-9
-12
-25
-31
-23
-13
-10
-4
0
3
13
10
2
-5
-13
-12
-17
-13
-15
-26
-23
-12
-4
5
10
17
21
24
30
23
17
15
17
18
19
34
36
24
21
17
15
15
11
12
8
5
12
2
-7
-16
-26
-21
-18
-11
-4
9
13
1
-16
-24
-29
-27
-21
-13
-5
-13
-19
-15
-23
-33
-33
-20
-8
6
9
11
21
26
34
30
17
1
-6
0
1
-5
-18
-31
-35
-35
-39
-44
-35
-11
10
22
20
3
-11
-24
-31
-22
-13
-3
4
10
11
8
8
8
9
8
-2
-20
-35
-46
-47
-50
-44
-41
-30
-23
-18
-13
-14
-5
11
25
30
33
26
23
38
40
35
23
10
19
27
40
51
49
48
46
50
52
39
20
8
-3
-12
-23
-24
-17
-8
6
20
17
14
21
21
17
5
-6
-15
-25
-28
-21
-12
-12
-18
-11
-1
5
-1
-8
7
26
27
19
8
-9
-24
-30
-27
-25
-26
-23
-18
-16
-15
-24
-33
-31
-22
-9
1
4
11
20
22
30
29
33
38
40
44
32
21
18
19
7
-2
-2
-1
10
17
25
26
11
-5
-20
-29
-34
-32
-34
-31
-27
-19
-20
-22
-13
-11
-8
-3
0
3
1
-3
-5
-4
-1
1
7
13
11
1
-13
-16
-21
-26
-30
-26
-16
-16
-10
-11
-12
-18
-23
-27
-24
-18
-15
-9
-9
-6
-8
-6
-12
-11
5
14
23
20
13
16
13
19
23
16
12
4
6
7
11
19
21
28
31
34
39
49
58
64
56
37
28
8
-4
-12
-18
-14
-7
0
-2
-6
-16
-27
-41
-48
-46
-51
-50
-55
-51
-46
-45
-34
-31
-32
-25
-10
4
12
16
20
24
28
26
27
30
25
20
9
8
3
-5
2
17
22
12
12
14
6
2
-1
4
9
4
-2
-4
0
4
13
22
26
24
23
32
43
48
55
57
51
48
47
40
32
21
4
-6
-16
-24
-35
-29
-23
-32
-31
-24
-18
-15
-19
-25
-39
-40
-45
-57
-57
-56
-43
-36
-26
-16
-7
-2
-3
-7
-8
-13
-21
-22
-12
-1
5
6
-1
-9
-18
-19
-14
-7
-2
0
-2
-3
7
11
11
15
16
21
21
13
7
3
-1
-9
-14
-9
7
20
28
37
37
37
32
28
25
17
5
-11
-22
-22
-16
-4
2
0
5
7
14
17
12
-1
-13
-15
-24
-31
-31
-17
-1
14
23
20
10
-6
-8
-17
-28
-16
3
20
27
36
39
22
-4
-25
-43
-51
-50
-48
-44
-43
-32
-14
-8
-8
-14
-22
-24
-19
-4
15
26
29
21
16
20
31
42
53
51
35
30
35
47
47
48
45
44
45
38
31
24
10
-5
-9
-10
-6
-3
-5
-9
-11
-17
-15
-15
-20
-9
-8
-11
-3
5
11
8
5
-2
-11
-20
-23
-20
-20
-20
-11
-10
-8
-3
-8
-11
-13
-15
-25
-24
-13
-10
-15
-27
-25
-13
-3
-2
-6
-3
-15
-18
-9
-15
-6
-3
5
11
14
14
10
9
7
13
13
7
7
4
4
5
2
3
7
16
8
-4
-18
-32
-30
-23
-7
1
-3
-1
0
7
15
14
12
2
-9
-19
-21
-17
-13
-11
-12
-1
-1
-17
-26
-26
-27
-22
-14
-15
-9
-2
7
12
9
-2
-5
11
15
21
23
25
23
12
-5
-14
-17
-10
-5
1
12
19
31
33
28
16
11
10
-2
-6
2
9
12
16
34
47
45
43
48
47
45
43
32
19
10
-4
-16
-21
-12
-8
-1
-1
-1
1
2
-4
-13
-16
-13
-5
-2
1
-3
-2
7
5
5
1
-17
-20
-18
-21
-27
-45
-49
-37
-21
-22
-28
-36
-39
-29
-21
-8
-4
3
11
11
15
15
16
16
15
19
21
14
9
13
16
18
15
9
-6
-6
-4
-12
-20
-32
-30
-23
-13
-9
-4
-7
-14
-17
-21
-20
-28
-43
-43
-34
-21
-7
2
12
23
30
27
19
13
5
-4
9
21
27
38
40
41
41
37
25
21
23
17
17
19
22
22
17
8
-3
-17
-26
-32
-37
-40
-41
-38
-32
-40
-43
-36
-34
-34
-25
-7
-5
-4
-6
-9
0
4
-11
-10
-2
-4
3
15
26
31
40
34
28
18
8
8
10
12
8
9
24
28
25
22
23
17
2
-3
-13
-24
-32
-40
-39
-33
-12
11
25
27
29
20
13
7
-7
-16
-9
-2
13
23
26
26
21
25
24
13
0
-12
-9
4
12
21
24
27
11
-7
-9
0
11
29
28
15
-4
-18
-22
-26
-21
-21
-19
-19
-15
-3
1
6
0
-14
-20
-18
-10
-6
8
9
1
3
12
16
20
15
13
16
14
-6
-17
-18
-24
-13
-18
-23
-35
-35
-19
-10
-21
-39
-41
-51
-50
-47
-46
-45
-26
-20
-13
-7
-10
-4
-3
2
3
6
17
29
44
51
53
48
13
-3
-5
0
29
50
49
39
21
28
19
15
17
4
19
34
23
9
7
3
-22
-34
-37
-37
-30
-41
-63
-94
-99
-85
-75
-55
-36
-31
-38
-21
-31
-19
35
61
44
15
2
-24
-25
-18
2
40
58
77
59
37
51
50
46
44
37
38
12
5
12
35
38
53
95
86
100
133
83
67
98
114
103
104
81
58
110
107
102
83
60
29
-59
-81
-65
-55
2
-1
17
55
-10
-55
-43
-62
-73
-74
-140
-221
-301
-258
-177
-150
-129
-168
-168
-115
-86
-88
-107
-64
-16
-19
-32
-87
-111
-69
-28
-82
85
116
-92
-83
-26
30
144
227
251
283
306
192
-6
23
50
105
43
-23
-39
-46
38
86
30
56
33
-33
3
11
-33
-55
-96
-148
-84
-48
-61
2
33
-53
-29
-45
-17
143
179
68
-75
-98
-133
-211
-156
-113
-84
-68
-181
-350
-365
-200
-10
120
180
131
43
-11
52
112
15
117
116
119
120
19
-5
10
137
107
-37
-47
-169
-256
-155
-162
-116
89
127
-93
-37
103
25
100
130
84
45
156
118
-46
54
193
71
91
63
5
517
336
235
98
-217
-296
-175
-20
-197
259
265
-315
-386
-189
-1
494
1047
786
80
356
95
-279
207
211
196
184
-44
-541
-681
-71
124
264
565
299
120
-242
-229
-104
-51
415
297
-108
-301
-516
-386
-314
-138
-98
-338
-213
-248
-453
-70
153
183
-44
-117
-236
-507
-87
-253
64
133
-54
-34
-687
-241
122
317
622
475
64
-309
-184
-225
-42
219
66
32
-161
-577
-165
-159
-38
524
202
321
20
-151
-21
119
658
340
-21
-224
-656
-650
-374
100
162
37
-63
-861
-722
-440
-161
535
412
5
-443
-618
-448
-232
755
982
932
879
-400
-531
-328
276
982
797
859
-192
-1125
-543
-485
365
754
351
-329
-787
-837
-1238
-363
547
947
1142
300
-195
-570
205
1133
774
1016
720
-394
-100
59
373
1050
950
883
-592
-1041
-296
-849
-3
451
-139
-156
-493
-275
-696
-78
836
232
189
307
-485
-414
407
301
372
808
133
-319
-417
-513
-263
-354
-173
-242
-840
-147
-105
-618
168
361
-83
36
-345
-333
-207
286
370
-112
87
217
-212
-547
208
287
84
145
60
-782
-246
65
-225
274
342
175
-565
-408
-90
-364
224
364
123
-330
66
-52
-738
614
-215
-68
126
-334
201
-134
709
189
124
591
-109
-358
-234
27
-418
166
80
-878
-322
-548
-289
-532
207
482
-411
422
-99
-420
-298
205
188
-74
866
357
379
758
859
640
414
921
247
-145
206
-177
-201
22
-32
-222
-531
-228
-120
-476
-165
213
-565
-149
-75
-420
-113
80
304
395
207
509
51
-156
545
289
436
491
362
-132
11
69
-98
39
-12
34
-681
-509
-83
-690
-80
149
-463
-596
-492
-332
-596
187
536
519
584
626
321
-32
687
663
476
381
291
-291
-459
-32
-400
-141
193
-210
-94
-45
-87
-235
-357
-351
-447
-475
-459
-404
-719
-74
118
-233
363
280
268
605
260
172
107
183
377
-38
211
218
28
-37
-185
-288
-232
-74
-259
-613
-596
-528
-458
-132
-25
-259
-297
-301
-727
-732
-524
-55
222
202
158
63
109
398
607
278
801
871
430
563
427
528
689
590
527
497
467
517
330
51
360
536
306
34
-276
79
-246
-173
224
-298
-62
208
-180
-558
-119
-273
-582
-246
-770
-886
-620
-424
-714
-888
-350
-567
-664
-310
-351
-309
-229
-175
-440
-304
185
50
51
-4
-123
-54
53
158
101
455
707
483
378
352
370
148
170
365
461
632
829
531
311
671
391
-2
571
768
579
715
799
135
-48
486
140
-454
-208
-15
-794
-607
-185
-1194
-1070
-614
-942
-1258
-950
-633
-1051
-749
-421
-809
-842
-697
-305
-366
-196
364
314
179
277
389
15
334
1091
1021
863
931
441
65
365
931
844
757
885
284
-3
324
288
631
1130
766
175
220
63
109
829
849
434
399
63
-780
-630
216
27
34
191
-562
-1075
-803
-537
-574
-344
-292
-890
-1264
-1260
-1040
-445
-69
64
-122
-514
-760
-599
-192
67
361
445
-169
-536
-713
-740
-280
90
243
3
-389
-571
-663
-442
204
562
296
92
-291
-315
255
551
753
871
837
652
297
430
665
844
1192
1271
853
481
368
32
-100
157
93
-314
-461
-596
-972
-1128
-844
-803
-899
-547
-527
-726
-628
-322
-383
-641
247
503
-69
398
899
263
164
546
537
583
603
362
-110
-209
339
427
347
569
545
164
-81
138
314
485
824
1224
806
228
446
476
147
522
850
489
413
107
-554
-711
-564
-593
-593
-470
-825
-1355
-1476
-1594
-1707
-1319
-703
-710
-959
-796
-903
-857
-354
8
65
316
493
42
-167
195
614
568
674
988
655
251
103
235
472
926
931
558
462
479
650
1015
1546
1737
1736
1801
1402
984
1162
1601
1486
1380
1447
675
39
-169
-534
-927
-947
-874
-1550
-2076
-2257
-2692
-2932
-2721
-2611
-2705
-2416
-2351
-2468
-2465
-2258
-1921
-1553
-1092
-849
-446
-53
1
35
142
264
400
746
881
940
1123
1132
1131
1207
1176
1167
1185
1427
1812
2189
2391
2420
2196
1977
1840
1583
1683
2189
2219
1746
1271
619
14
-48
103
-195
-382
-472
-1071
-1750
-1988
-2165
-2409
-2097
-1804
-2076
-2159
-2144
-2258
-2227
-1892
-1518
-1275
-938
-705
-599
-641
-648
-127
176
289
559
661
876
1012
824
814
1054
1367
1620
1944
2133
2047
2011
2318
2488
2560
2515
2300
2282
1956
1479
1089
1150
1340
1302
831
430
106
-319
-563
-961
-1214
-1441
-1628
-1966
-2447
-2701
-2557
-2360
-2354
-2539
-2697
-2655
-2644
-2532
-2425
-2239
-1938
-1759
-1792
-1588
-1389
-1213
-815
-562
-444
-481
-375
61
287
726
1159
1400
1543
1603
1859
2017
2228
2432
2558
2576
2439
2347
2384
2398
2289
2111
2056
1901
1727
1468
1251
1077
739
396
78
-194
-537
-681
-585
-730
-1182
-1581
-1685
-1840
-1919
-1790
-1730
-1677
-1629
-1597
-1681
-1594
-1474
-1470
-1350
-1156
-1043
-1023
-730
-470
-487
-414
-279
-121
-34
-29
-197
145
567
687
442
-116
56
697
1209
1072
679
885
1019
772
596
431
974
1733
1948
1534
908
684
773
903
1060
977
616
227
165
279
142
-102
-256
-190
86
83
-251
-573
-824
-862
-932
-1006
-880
-709
-550
-578
-704
-786
-788
-821
-591
-375
-254
-321
-586
-482
-402
-243
-137
21
98
235
187
-29
-185
-129
136
414
511
549
564
611
661
653
520
357
409
635
719
611
303
66
140
392
443
377
231
156
43
-247
-437
-577
-438
-165
-147
-389
-632
-908
-987
-903
-648
-382
-425
-403
-446
-596
-519
-399
-338
-183
146
317
73
-75
73
-41
-26
213
417
381
298
259
313
77
175
85
59
578
774
595
387
141
-5
16
257
508
500
604
649
649
522
327
432
602
633
601
338
122
-57
-143
19
15
-42
117
-56
-193
-353
-608
-556
-468
-388
-375
-546
-782
-898
-891
-852
-641
-668
-990
-799
-669
-635
-726
-702
-608
-863
-752
-712
-860
-617
-302
-26
65
200
288
373
822
833
653
551
678
947
1054
1197
1318
1233
1150
1046
767
628
595
702
930
907
568
349
218
42
-85
-35
161
152
82
-85
-583
-896
-956
-902
-716
-541
-374
-462
-759
-893
-941
-939
-874
-780
-709
-940
-961
-772
-674
-579
-411
-389
-278
-25
6
48
418
786
1001
902
737
687
833
1086
1045
1024
1085
1189
1259
1211
1187
935
809
834
631
454
365
260
52
-86
-29
-3
-172
-284
-263
-258
-230
-344
-490
-491
-569
-756
-958
-1058
-903
-949
-1168
-1158
-1164
-1226
-1228
-1347
-1226
-924
-837
-888
-994
-852
-832
-809
-550
-254
369
630
546
660
666
708
792
1050
1514
1683
1570
1555
1555
1453
1219
1054
1077
1262
1473
1482
1109
741
525
446
518
412
203
51
40
-142
-733
-1053
-947
-1025
-1139
-1181
-1129
-1052
-1143
-1149
-1156
-1424
-1630
-1828
-1711
-1341
-1293
-1366
-1258
-781
-592
-774
-890
-654
-332
-31
302
397
495
624
492
446
717
1088
1311
1535
1804
1693
1465
1236
1042
1078
1191
1248
1188
1039
817
515
289
146
77
30
-76
-91
-177
-352
-333
-349
-525
-670
-729
-833
-952
-1014
-1061
-1026
-1013
-1025
-1068
-1001
-691
-415
-322
-391
-521
-562
-637
-595
-349
-19
349
732
1027
1050
858
641
631
941
1407
1780
1771
1687
1724
1504
1124
1014
1157
1305
1462
1514
1049
583
494
348
154
62
7
-162
-354
-489
-727
-945
-1123
-1138
-1130
-1268
-1298
-1476
-1727
-1850
-1778
-1748
-1859
-1855
-1786
-1703
-1611
-1506
-1324
-1261
-1407
-1503
-1288
-1032
-754
-336
116
660
760
468
356
441
621
992
1532
1972
2137
2172
2022
1643
1404
1300
1371
1786
2171
1889
1206
800
579
349
394
657
708
585
379
-78
-734
-958
-756
-429
-245
-311
-612
-1147
-1381
-1439
-1392
-1257
-1221
-1195
-1369
-1448
-1523
-1503
-1318
-1172
-1149
-1464
-1543
-1382
-947
-116
526
790
568
7
-189
-64
306
955
1484
1869
1986
1604
1117
939
1078
1562
2072
2261
1913
1326
1016
827
784
916
930
675
373
164
-226
-586
-612
-545
-363
-207
-273
-499
-835
-1203
-1401
-1228
-999
-764
-549
-617
-736
-617
-421
-502
-445
-624
-1064
-1082
-1025
-747
-104
363
420
196
8
-213
-148
611
1399
1929
2261
2147
1363
637
515
857
1464
1926
1759
1143
514
131
73
135
296
296
134
-107
-743
-1498
-1920
-1619
-891
-370
-529
-1016
-1319
-1573
-1575
-1352
-985
-768
-777
-1017
-1407
-1522
-1345
-858
-298
-169
-581
-1316
-1675
-1173
-137
954
1360
911
283
-11
22
472
1377
2218
2680
2664
1689
303
-32
688
1455
1797
1479
342
-860
-1199
-1129
-895
-420
-299
-554
-767
-994
-1588
-1820
-1179
-369
251
345
-191
-688
-563
-145
-14
131
264
-5
-390
-729
-1211
-1346
-803
-150
-75
-490
-1101
-1575
-871
803
1743
1433
872
693
786
1316
2180
2909
3374
3700
3231
1727
853
1332
2402
3462
3634
1962
-448
-1338
-944
-553
-65
330
-100
-851
-1172
-1555
-2127
-1713
-403
443
464
-339
-1613
-2199
-1502
-635
-601
-639
-774
-1499
-2220
-2508
-2398
-1697
-921
-1188
-2041
-2664
-2616
-1245
906
1662
641
-215
-45
309
1333
2826
3529
3855
4035
2594
162
-126
1522
2968
3747
3192
332
-2204
-2020
-870
-542
-543
-859
-1764
-2172
-2047
-2462
-2632
-1293
241
646
114
-1099
-2245
-1890
-410
323
51
-306
-902
-1775
-2102
-1801
-1279
-604
-425
-1313
-2434
-2487
-619
1521
1649
446
-104
278
1097
2497
3631
3833
4310
4585
2735
758
1573
3488
4634
4964
2796
-1571
-3365
-1253
560
481
-54
-1442
-2921
-2413
-1522
-2099
-2002
-268
599
-26
-1228
-2779
-2872
-364
1782
1287
-108
-1148
-1942
-1876
-1117
-901
-956
-731
-1487
-2914
-2583
26
1740
993
-196
-463
-301
835
3103
4288
4077
4279
3678
1183
186
2188
4067
4831
4624
1238
-3461
-3848
-676
735
222
-669
-2807
-4371
-3222
-2283
-2786
-1960
-353
-489
-1386
-2277
-3596
-3067
31
1804
527
-953
-1729
-2343
-1730
-348
-90
-421
-441
-1478
-2702
-1117
2119
2758
1041
82
116
353
2175
4738
5338
4951
5149
3843
1210
1379
4151
5537
5406
3962
-504
-4218
-2404
1405
1851
572
-774
-3144
-4117
-2415
-1651
-2179
-1205
-161
-1018
-2045
-2739
-3591
-2284
631
819
-1651
-3130
-3444
-3559
-2496
-1273
-1682
-2386
-2751
-3925
-3605
-197
1846
-128
-2025
-1602
-881
561
3566
4985
4007
3834
3681
1457
538
3125
5320
5506
4827
1452
-3201
-2882
1691
3692
2042
-181
-2496
-3782
-1818
682
669
184
466
-136
-1018
-1015
-1203
-798
1585
2908
832
-1540
-2151
-1989
-1133
127
-125
-1664
-2715
-3779
-4041
-1097
2428
1311
-2342
-3150
-1622
-232
2002
3787
2786
1703
2178
981
-1082
755
4232
4862
3735
1198
-3581
-5348
-740
3576
2409
-885
-3301
-4543
-3254
-343
700
129
155
9
-739
-625
113
573
1385
2109
1015
-979
-1164
-17
652
402
-477
-1479
-1910
-2263
-3239
-2310
1541
2933
-903
-4123
-2973
-494
2132
4808
4151
1207
1352
2842
1563
1071
3670
4872
4030
3268
-29
-4226
-2323
3441
4629
1327
-2227
-4784
-4366
-775
1236
-159
-1471
-1649
-1803
-1181
-279
-382
34
1301
801
-1402
-2369
-1547
-375
277
-526
-2437
-3229
-2358
-2243
-2885
-948
2431
1644
-2649
-4044
-1844
449
3417
5354
2718
-241
1553
3108
1388
2033
4445
3551
2031
1800
-1431
-4326
-675
3482
1715
-1695
-3770
-4967
-2890
756
537
-1795
-2018
-1777
-1557
327
1295
139
168
980
101
-650
59
287
110
26
-1355
-2872
-2132
-926
-1763
-2629
-779
2037
936
-3069
-4037
-1218
1453
3565
4356
1636
-274
2574
3973
1420
1531
3843
3111
2332
2424
-1365
-4089
421
4461
1840
-1460
-2707
-3703
-1794
1957
1514
-1379
-1701
-998
-322
1658
2215
351
335
1907
1101
-243
478
823
229
248
-717
-2653
-2345
-693
-1402
-2590
-381
2296
95
-3816
-3590
-766
1147
3153
3545
189
-1248
2178
3026
261
1132
3370
1876
991
1084
-2721
-4667
406
3542
-48
-3053
-3643
-3947
-1172
2322
440
-2963
-2591
-1340
-434
1644
1679
-479
-158
980
-63
9
1700
1407
197
75
-1378
-3212
-2054
-272
-1040
-2354
-1097
1237
542
-2892
-3661
-524
1906
2733
2889
794
-578
2924
5058
1754
805
3497
2887
1585
2346
-623
-4014
215
4625
1283
-2593
-3086
-3202
-978
2335
236
-3648
-3055
-1240
-335
1411
1087
-1488
-1305
-44
-1159
-936
947
185
-1315
-1179
-2250
-3610
-1984
-202
-1105
-2755
-2526
-13
1374
-1531
-3876
-988
2171
2544
3380
2707
267
2712
6533
3453
485
3815
4939
2860
3479
1528
-3483
-1078
4826
2730
-2150
-2651
-2797
-1844
2005
1527
-3369
-4213
-1671
-704
602
1278
-1166
-2191
-520
-685
-1284
260
440
-1076
-1033
-1288
-2696
-2011
-380
-605
-1684
-2146
-909
1822
946
-3130
-2399
1769
2405
2422
3484
984
186
5302
5545
61
1252
5455
3404
1908
2713
-1765
-4073
2246
4553
-1252
-3646
-2304
-2394
-374
1590
-2184
-5225
-2485
-174
-65
598
-299
-2246
-1445
-63
-452
-29
584
-620
-1285
-1055
-1788
-1840
-708
-960
-2033
-2510
-1949
765
2250
-1716
-4620
-974
1938
1536
2938
2457
-914
1956
6431
1905
-1531
3833
5430
1769
2513
1683
-3533
-975
5564
2405
-3130
-1902
-1134
-1539
1321
541
-4544
-3892
291
479
58
266
-2076
-2593
354
424
-1182
-6
131
-1562
-791
-316
-2262
-1859
-180
-1667
-3294
-2726
-1530
1145
2244
-2365
-4864
-364
2700
2140
2649
1077
-1004
3572
6480
943
2
6142
6021
2740
3754
1148
-3134
1842
6537
1088
-3035
-1001
-706
-367
1776
-816
-4702
-2555
359
-556
-1499
-2011
-2771
-1543
-166
-1061
-1295
-534
-1203
-1601
-1103
-2249
-3116
-1509
-1004
-2579
-3076
-2738
-1291
1972
1148
-4418
-4574
888
2592
2024
2777
890
281
5433
5856
-215
1069
6929
5248
2708
3922
593
-1803
4545
6874
30
-2422
223
-286
26
1952
-1011
-3939
-1055
1108
-510
-1284
-1360
-1921
-872
24
-1076
-1231
-409
-1028
-1251
-755
-1902
-2493
-997
-1189
-2901
-3002
-2771
-1730
1301
214
-5535
-5000
1194
2386
708
1088
-727
-1179
4318
4834
-1332
216
5974
3530
859
2758
-183
-2561
3804
5764
-1460
-3146
482
-726
-1424
1731
307
-3538
-1603
847
-989
-1289
365
-786
-1843
-128
488
-507
-259
13
-841
-802
-506
-1112
-1122
-1023
-1960
-2488
-2087
-692
1550
271
-4463
-3605
2086
2812
897
1587
376
115
5476
5610
-975
923
7444
4754
1660
3978
852
-2205
4330
6094
-2014
-3483
515
-1369
-1790
1675
-1627
-6293
-2685
142
-2549
-2392
-657
-2476
-3141
-1459
-1855
-1944
39
-357
-2195
-1908
-1590
-1706
-298
-348
-2701
-3067
-1832
-247
2825
2086
-3955
-4049
2517
3658
1278
2602
1899
544
5674
7114
187
770
7824
5908
2120
4562
2200
-1920
3806
6871
-511
-2583
1541
-628
-2458
1597
301
-4952
-3272
-282
-2108
-1963
183
-1652
-3496
-1482
-295
-988
-785
-916
-2031
-1912
-1026
-934
-1054
-1867
-3248
-3036
-2067
-1156
1097
783
-4417
-5200
1014
3015
-55
270
728
-431
3365
5835
-116
-1317
6123
6525
1609
2655
1871
-2482
1743
6569
182
-4202
14
228
-1913
1098
608
-4579
-3479
354
-808
-1373
448
-895
-2564
-862
376
110
382
-368
-1860
-1558
-597
-377
-214
-1161
-3101
-2728
-1187
-1176
120
1673
-2334
-5912
-826
3966
1039
-547
1486
660
1833
6430
3537
-1802
3214
8033
3550
1528
3122
-217
-206
5700
3679
-3025
-1556
818
-1986
-1245
806
-3024
-5103
-1698
-1166
-2975
-1690
-1129
-3136
-2836
-951
-792
-931
-943
-2015
-2319
-1042
-566
-1092
-1510
-2422
-2680
-1371
-864
-374
1811
520
-4087
-2046
4438
3897
694
2548
3093
2515
6908
7441
783
2187
9668
7353
2311
4098
2769
-516
4431
6761
-868
-3457
650
-711
-2625
622
-549
-5302
-3965
-1435
-3175
-2845
-915
-2899
-4289
-1656
-407
-1564
-1563
-1725
-2569
-1750
-758
-1747
-2390
-2284
-3087
-3022
-2021
-1945
-634
1263
-2080
-5564
-861
3575
228
-1186
1752
1500
2277
6284
3431
-1309
4268
8985
3695
1376
3584
449
103
6231
4208
-3565
-2569
809
-701
211
1314
-3475
-5319
-1234
-380
-1985
-1231
-1691
-3131
-1803
-745
-1225
-487
-292
-1949
-2044
-1125
-1299
-848
-427
-2387
-3693
-2304
-1583
-914
1565
648
-4222
-3285
2847
3372
190
1352
2421
1361
4430
6332
1016
367
7192
6840
1439
2555
2969
-816
2365
6360
-104
-4749
-168
937
-1852
104
147
-4816
-4497
-211
-781
-2379
-1065
-1882
-3766
-1658
677
-535
-1707
-1319
-1634
-1760
-562
-107
-1163
-1960
-2206
-2001
-1037
-395
163
1329
2
-3082
-863
4254
3334
451
2317
3163
2582
6082
6243
254
1577
7886
5168
698
2725
1367
-1256
3796
4876
-3074
-4716
-334
-1315
-2259
-11
-2637
-6111
-3078
-468
-2037
-2147
-1390
-2706
-3002
-1399
-586
-844
-1452
-1960
-1707
-1234
-884
-416
-1082
-2564
-2468
-1134
-888
-1223
-195
901
-809
-2555
434
4121
2730
1077
2940
3308
3543
6591
4972
-259
3034
8614
4863
1153
2825
351
-1230
4537
4301
-3794
-4349
-308
-1730
-2015
-233
-4085
-7277
-3437
-1392
-3517
-3196
-2320
-4062
-3968
-1544
-1150
-2218
-2251
-2320
-2798
-1962
-375
-310
-1667
-2068
-1443
-967
-761
-369
810
2403
1251
-1428
478
4178
2947
1404
3531
3828
3688
6407
4828
215
3597
8197
4412
1588
3016
557
181
5499
3576
-4029
-3262
647
-509
-328
274
-3993
-5237
-750
77
-2262
-1939
-1872
-3111
-2105
-813
-1425
-1568
-1392
-2319
-2619
-1587
-811
-994
-1989
-2834
-2261
-954
-731
-1590
-977
1470
1506
-1494
-837
2973
2815
1349
3351
3576
2409
5453
5952
831
1662
7000
4871
1112
2535
1036
-1381
2941
4086
-2437
-3669
136
-1258
-2742
-287
-1894
-5500
-3246
-700
-2504
-2809
-1617
-3210
-3824
-1075
-122
-2041
-2565
-1936
-2063
-1257
69
-962
-2943
-2532
-941
-345
-337
-1296
-1696
1203
3133
-314
-1734
2234
3575
1905
3380
3629
1426
4079
6467
1556
121
5828
5731
1372
2176
1916
-1457
1432
4543
-842
-4215
-547
-261
-2625
-894
-853
-4342
-3490
-448
-1789
-2976
-1145
-1523
-3395
-1849
-233
-1944
-2596
-937
-955
-1784
-518
-146
-2028
-2123
-306
-406
-1273
-1225
-1619
-467
2834
1908
-2219
-639
3797
3191
2132
3702
2584
2164
6000
5112
51
2327
6681
3633
1094
2681
542
-1050
2780
2298
-3185
-2679
255
-1888
-3097
-1257
-2784
-4745
-2506
-1692
-3532
-2594
-1046
-2744
-3293
-1236
-1035
-2027
-1194
-964
-2149
-1228
410
-794
-1849
-241
236
-768
-137
-99
-933
1711
3700
-358
-1902
3104
4446
1599
3133
4421
1974
4089
7335
2733
188
5897
6747
1653
1532
1985
-1427
467
4406
49
-4666
-1930
-550
-2940
-2383
-1732
-4266
-4677
-2615
-2951
-3426
-1962
-2278
-4109
-3509
-1592
-1108
-1258
-1680
-2622
-2161
-41
624
-610
-1092
-580
-522
-172
78
-935
-225
3128
2756
-1487
-877
3131
2965
2317
4348
2755
804
5007
5965
68
606
6084
3750
176
2597
1202
-2576
1424
4078
-2032
-4108
-17
-947
-3055
-213
-510
-4597
-3657
-809
-1806
-2062
-769
-2227
-3174
-803
355
-933
-1410
-1543
-1809
-503
650
-655
-2078
-1453
-702
-578
-263
-800
-1671
432
3187
742
-2624
165
3490
2189
2054
3052
710
1558
6720
4582
-1163
2172
6328
2758
1674
3465
-547
-1893
3959
3003
-3872
-3023
-251
-3130
-2923
159
-2815
-5814
-2907
-1770
-3191
-1721
-1400
-4208
-3756
-737
-492
-1238
-921
-1382
-1495
102
671
-518
-868
146
780
453
-86
-571
-540
1585
3868
1513
-1746
788
4171
2779
2484
3819
1805
2033
6225
4101
-914
2636
6279
2354
1172
3005
-646
-1566
3789
2294
-3949
-2464
-99
-3254
-2550
540
-2978
-5911
-2539
-1529
-3155
-1412
-1181
-4722
-4174
-250
-77
-1434
-1009
-1655
-2285
-57
1244
-652
-1548
-401
-178
-290
517
-141
-1448
854
3580
679
-2381
814
3434
1594
1819
2983
748
1858
6301
3548
-1170
2758
5878
1997
1418
2882
-1076
-1639
3621
2153
-3228
-1779
-315
-3116
-1748
615
-3309
-5415
-1996
-1366
-2607
-1091
-1759
-4530
-2687
418
-633
-1789
-1120
-1905
-2223
-32
632
-1219
-1722
-734
-617
-612
-24
-673
-1789
-36
2506
813
-1819
238
2700
1688
1982
3551
1980
1890
5360
4267
357
2880
6225
3391
1838
3274
978
-157
3770
3371
-1804
-1975
168
-1246
-1518
-267
-2443
-4355
-2332
-1445
-2661
-2189
-1675
-3001
-2800
-883
-604
-1325
-1432
-1831
-1901
-390
641
-438
-1633
-1355
-762
-571
-373
-592
-1729
-1066
2102
2359
-1251
-1551
1348
1454
1335
3630
2755
540
3682
5570
1411
1149
5357
3869
1196
3429
2401
-1547
973
3594
-670
-2539
-195
-1939
-3502
-229
-637
-4791
-4089
-1792
-2788
-2410
-1278
-3518
-4474
-1408
-210
-1584
-1322
-1143
-1948
-635
973
-334
-1345
-288
36
-144
684
757
-507
-362
1943
3077
823
-1103
366
2084
2150
3182
3465
1202
1777
4996
3394
309
2778
4609
1884
1262
1981
-789
-967
2962
2161
-2100
-2265
-1389
-2375
-1382
-600
-3164
-4226
-2200
-1590
-1962
-1384
-1982
-3237
-2316
-802
-776
-1008
-1298
-2043
-1614
-73
331
-484
-1077
-1159
-621
187
212
-702
-1513
-616
1918
2706
174
-978
999
2065
1979
3169
2666
789
2691
4849
2191
1155
4361
4014
1168
2092
2091
-1039
195
3137
344
-2606
-1039
-1197
-2751
-951
-617
-3733
-3876
-1646
-1806
-2068
-1437
-2760
-3520
-1146
201
-1071
-1585
-1370
-1692
-780
545
-82
-1042
-548
-8
-1
102
-137
-686
-717
617
2463
1829
-956
-847
1656
2192
2194
3200
1818
594
3732
5012
1568
1237
3871
2706
1388
2791
967
-1858
869
2784
-685
-2181
-822
-1915
-2303
-367
-1448
-3765
-2612
-1354
-2306
-2219
-1544
-2230
-2374
-1329
-1002
-1062
-741
-825
-1182
-852
-137
30
-272
-658
-454
194
195
-349
-543
-700
-52
1611
1336
-1031
-822
1345
1463
1528
2961
2134
1139
3882
4782
1645
1934
4751
3404
2029
3372
1578
-1020
1611
3235
-384
-1969
-740
-2045
-2694
-438
-1277
-4265
-3635
-2083
-2710
-2553
-2230
-3959
-4087
-1601
-956
-2117
-1892
-1624
-2137
-1059
423
-252
-1170
-658
-247
-231
116
98
-389
-584
281
1950
2003
-209
-810
1021
1998
2430
3257
2229
1388
3852
4748
1954
1893
4148
3279
2486
3434
1143
-1233
1678
3331
-65
-1647
-861
-1945
-1948
-323
-2004
-4472
-3199
-1930
-2402
-1777
-1680
-3190
-2781
-1020
-1224
-1539
-742
-1231
-1952
-744
114
-509
-544
-249
-631
-650
-35
33
-289
-460
-96
1436
2431
738
-808
430
1788
2094
3099
2834
932
2166
4815
3206
1304
3442
4188
2325
2576
2307
-802
-483
2792
1439
-2138
-1792
-832
-2008
-1805
-1163
-3381
-4633
-2340
-1325
-2854
-3030
-2237
-2801
-2552
-839
-536
-1490
-1422
-943
-802
-51
502
-130
-836
-730
-272
272
364
-174
-647
-597
451
2100
1762
-391
-260
1621
1860
2113
3121
1890
1114
3684
4008
1107
1851
4186
2735
1729
2716
722
-985
1816
2492
-1143
-2249
-1187
-2102
-2319
-1212
-2585
-4228
-2896
-1778
-2512
-2764
-2498
-2638
-2446
-1921
-1535
-1331
-1564
-1650
-897
-548
-785
-151
358
-454
-520
825
1024
309
604
362
-487
1212
3366
1610
-518
852
1943
1781
3418
3607
840
1345
4212
2900
1233
3396
3492
1092
1867
2272
-703
-493
2408
639
-2673
-1766
-1177
-2773
-1905
-754
-3112
-4315
-2015
-1353
-2765
-2415
-1943
-3044
-2536
-638
-828
-1821
-1060
-399
-850
-398
374
-262
-701
-51
147
84
653
615
-314
-495
686
2353
2780
976
-537
677
2558
3184
3389
2618
1443
2674
4304
2898
1915
3326
3035
1632
2161
1435
-918
-2
1651
-576
-2622
-1821
-2094
-3118
-2418
-2414
-3843
-3625
-2365
-2542
-2963
-2628
-2577
-2670
-1960
-1081
-952
-1188
-978
-367
-76
92
417
512
246
284
737
854
514
223
116
36
626
2298
2806
719
-492
1031
2355
2606
3129
2247
833
2433
4110
2310
1276
2502
1844
1018
2084
776
-1904
-596
852
-1634
-3011
-1979
-2658
-3138
-1667
-2536
-4908
-3998
-2110
-2699
-2843
-1690
-1943
-2151
-564
-45
-1170
-831
529
476
96
699
845
551
1143
1369
490
447
992
573
378
546
-199
283
2261
1396
-942
159
1949
1373
1909
2750
824
642
3596
2974
252
1802
3296
1567
1879
2800
-62
-1102
1539
1003
-1624
-1219
-900
-2211
-1556
-705
-2418
-3255
-1972
-1802
-2388
-1867
-1685
-2546
-2365
-1133
-785
-1048
-758
-543
-840
-670
-189
-206
-195
-3
-150
-61
300
4
-211
338
179
260
2089
2300
-341
-636
1609
1993
1926
2844
1607
552
3293
4422
1465
1016
2980
2094
1546
2851
1005
-1522
437
1628
-1087
-1851
-793
-2312
-2721
-451
-1152
-3587
-2807
-1700
-2618
-1962
-824
-2272
-2801
-780
-223
-1010
-427
-176
-921
-160
936
166
-348
465
377
-286
179
533
-59
-95
89
-695
-398
1514
1160
-1400
-1185
1010
1401
1446
1909
578
261
2941
3279
861
1277
2613
1521
1694
2478
-91
-1338
1420
1627
-1104
-1292
-1134
-2560
-1626
-289
-2522
-3927
-2133
-1807
-2597
-1618
-1561
-2864
-1962
-379
-884
-1130
-87
-55
-314
533
816
431
999
1331
493
255
902
1048
677
437
-95
-451
865
2423
1107
-1294
-768
1229
1697
1815
1592
-1
202
2701
2492
307
1116
2514
1760
1816
1959
-417
-900
1787
1759
-848
-1369
-1207
-1746
-613
209
-1925
-3261
-1824
-1074
-1340
-863
-970
-1967
-1530
-153
-66
-546
-269
-84
-166
421
1072
677
208
492
406
-72
263
466
-480
-964
-513
-614
-30
1703
1005
-1887
-1612
958
1211
859
1566
475
-272
2324
3128
269
124
2360
1819
1092
1875
82
-1805
502
1914
-470
-1754
-1468
-2255
-1740
-60
-1336
-3476
-2530
-1352
-1826
-1473
-1128
-2195
-1919
-324
-620
-1573
-770
-237
-657
-7
535
-459
-623
626
609
-187
446
898
-70
-298
382
-126
-353
1610
2466
154
-865
953
1625
1361
2494
2276
445
1689
4032
2291
398
1948
2616
1624
2257
1942
-674
-369
2119
1184
-1226
-1272
-1352
-1793
-630
-387
-2503
-3065
-1565
-1427
-2023
-1823
-2173
-2511
-1272
-541
-1412
-1650
-949
-778
-574
-71
-268
-613
-127
160
-267
-337
-97
-190
-314
-169
-338
-590
228
1301
781
-526
-355
758
1265
1790
1968
949
946
2700
2875
1425
1741
2741
2261
2391
3004
1296
-187
1258
2043
700
183
-90
-1552
-1444
100
-681
-2453
-2103
-1613
-2172
-1676
-1117
-2153
-2220
-722
-786
-1657
-805
-113
-821
-621
210
-287
-359
772
633
-520
-371
341
52
-204
-130
-658
-865
286
1128
162
-978
-638
231
724
1334
1393
586
790
2125
1951
833
1366
2169
1784
1776
1781
353
-168
1193
1300
-202
-846
-1099
-1663
-1346
-956
-1866
-2515
-1997
-1848
-2011
-1705
-1695
-1995
-1556
-995
-1306
-1378
-708
-498
-613
-283
-97
-136
202
452
-39
-329
186
532
316
13
-366
-688
-19
1430
1696
198
-615
313
1290
1708
2091
1473
533
1642
3156
2235
1191
2054
2395
2034
2506
1832
-335
-216
1425
809
-662
-853
-1469
-2121
-989
-428
-1942
-2564
-1666
-1662
-1874
-1306
-1405
-1882
-1027
-207
-716
-956
-284
2
-9
378
293
-18
309
470
-117
-289
95
192
72
-16
-518
-881
-46
1203
1151
-174
-795
134
1408
1970
1918
1207
792
1921
3196
2437
1116
1328
1920
2101
2161
1286
-350
-546
616
817
-236
-1445
-2195
-2050
-1447
-1452
-2081
-2537
-2520
-2142
-1796
-1840
-1905
-1639
-1326
-1120
-878
-622
-335
-23
54
4
76
255
396
290
-86
-295
85
486
276
-113
-278
-321
21
932
1230
297
-190
801
1784
1950
2125
1818
1053
1714
3082
2482
1131
1348
1670
1376
1599
1240
-491
-1047
76
220
-887
-1756
-2580
-2950
-2118
-1612
-2412
-3172
-3123
-2786
-2372
-2160
-2251
-2084
-1475
-1116
-1225
-1048
-455
2
171
258
334
434
872
1273
972
527
677
901
804
804
781
319
103
884
1692
1363
579
722
1332
1642
1923
2055
1463
1342
2431
2755
1679
1311
1814
1630
1457
1558
570
-519
189
945
-95
-1230
-1384
-1534
-1437
-831
-1099
-2208
-2441
-1841
-1601
-1588
-1400
-1475
-1565
-999
-344
-379
-530
-219
48
5
104
402
407
250
149
14
53
235
283
142
-49
-353
-711
-539
186
604
248
-249
-134
333
691
1081
1198
816
969
1822
1923
1260
1092
1254
1227
1386
1119
-82
-598
43
201
-406
-991
-1763
-2165
-1356
-745
-1532
-2351
-2249
-1806
-1264
-977
-1400
-1600
-906
-326
-312
-379
-415
-314
283
790
627
451
582
573
556
664
386
-42
93
436
230
-191
-441
-445
105
714
309
-509
-234
690
1095
1097
893
587
968
1757
1512
751
940
1415
1401
1314
862
-105
-231
521
431
-463
-1001
-1302
-1308
-774
-685
-1424
-1784
-1324
-949
-863
-804
-974
-1106
-716
-249
-118
-69
-64
-142
19
429
489
168
43
84
31
-73
-227
-295
-234
-156
-244
-464
-492
-100
435
570
113
-271
78
725
1048
1047
882
975
1562
1881
1432
1150
1572
1896
1819
1539
811
54
313
1038
817
-84
-700
-923
-775
-486
-695
-1350
-1610
-1368
-1059
-843
-817
-1020
-1136
-801
-359
-269
-358
-359
-295
-180
23
108
-83
-270
-304
-336
-313
-195
-347
-721
-792
-635
-620
-737
-567
-120
-9
-285
-307
-2
243
627
1078
919
740
1419
1875
1347
1265
1822
1728
1647
1988
1209
38
489
1246
616
-84
-335
-1058
-1238
-404
-484
-1523
-1784
-1547
-1633
-1487
-1160
-1421
-1707
-1263
-840
-910
-925
-818
-821
-649
-226
-151
-427
-450
-263
-283
-331
-204
-186
-322
-230
-71
-263
-410
-44
484
621
538
652
873
1128
1514
1848
1768
1783
2255
2259
1721
1836
2356
2213
1918
1847
1148
425
819
1182
405
-449
-751
-1128
-1244
-888
-1152
-2097
-2459
-2062
-1786
-1800
-1893
-2149
-2244
-1775
-1197
-1045
-1172
-1084
-754
-444
-110
110
64
35
213
304
210
258
462
494
488
527
400
264
522
1128
1269
824
606
822
1046
1289
1658
1552
1249
1559
1836
1420
1316
1794
1730
1363
1323
840
57
183
635
119
-726
-1060
-1394
-1611
-1357
-1439
-2147
-2510
-2224
-1930
-1785
-1705
-1842
-1882
-1467
-910
-700
-776
-712
-420
-105
60
110
129
180
303
353
203
-4
0
226
288
-7
-342
-437
-291
188
671
456
-31
206
784
1008
1274
1461
1223
1437
2144
2120
1578
1735
2050
1823
1848
1799
919
373
842
881
85
-435
-854
-1424
-1402
-1110
-1570
-2286
-2363
-2201
-2152
-1980
-1856
-1972
-1867
-1380
-1024
-999
-962
-712
-401
-170
12
130
249
421
450
324
255
362
576
695
430
-53
-148
119
341
594
661
151
-111
415
836
825
995
1044
785
1126
1653
1246
862
1332
1510
1174
1238
1115
330
236
736
335
-499
-707
-871
-1155
-933
-829
-1465
-1862
-1512
-1323
-1428
-1309
-1239
-1296
-1009
-575
-487
-497
-154
186
226
254
420
566
622
610
520
444
473
552
532
361
70
-6
183
152
5
217
290
-15
130
595
596
650
1101
1040
788
1285
1529
943
883
1234
924
720
984
490
-331
-118
148
-443
-791
-802
-1367
-1762
-1364
-1323
-1860
-1874
-1568
-1614
-1461
-955
-846
-982
-680
-231
-160
-96
160
260
205
367
627
531
302
328
325
107
-44
-20
-117
-389
-506
-558
-632
-547
-260
-86
-149
-182
59
533
852
964
1196
1367
1469
1841
2081
1723
1540
1931
1945
1618
1585
1158
288
248
539
-110
-839
-1005
-1496
-1929
-1602
-1531
-2185
-2405
-2091
-2081
-1998
-1612
-1561
-1639
-1168
-643
-566
-455
-56
182
202
316
403
365
431
715
739
382
229
326
305
258
220
-116
-343
-66
116
133
359
384
235
583
1043
977
1095
1564
1513
1439
1806
1621
1112
1330
1544
1005
726
693
67
-287
-28
-360
-1167
-1356
-1403
-1736
-1605
-1403
-1829
-2024
-1534
-1162
-1029
-758
-613
-569
-193
309
532
646
875
1078
1186
1299
1320
1146
979
941
839
619
479
305
-77
-251
-147
-215
-391
-493
-676
-798
-411
-34
-222
-199
133
188
319
786
893
726
1009
1083
575
548
927
754
441
304
-278
-817
-535
-413
-1076
-1569
-1665
-1893
-1807
-1428
-1638
-2117
-1959
-1449
-1219
-987
-790
-819
-665
-236
85
236
435
597
652
721
831
902
908
873
788
685
646
605
395
212
223
159
-45
-33
76
-36
79
481
433
226
634
1020
859
940
1265
1089
1125
1648
1478
765
775
1078
795
599
470
-279
-795
-456
-440
-1134
-1553
-1712
-1969
-1841
-1491
-1695
-2041
-1856
-1515
-1318
-1103
-916
-856
-643
-296
-95
39
288
516
597
705
750
742
866
949
749
518
551
557
420
382
286
-2
-78
151
174
18
190
379
236
311
697
771
717
1011
1137
934
1122
1457
1140
814
1028
1054
750
676
459
-226
-453
-148
-351
-936
-1206
-1320
-1489
-1342
-1172
-1509
-1765
-1478
-1157
-1101
-963
-849
-860
-625
-220
-144
-215
-25
154
216
370
473
371
338
423
314
165
158
38
-118
-44
45
-89
-66
146
147
244
618
772
657
824
1124
1142
1199
1425
1377
1206
1387
1478
1145
928
939
752
496
331
-92
-579
-707
-748
-1058
-1410
-1628
-1833
-1812
-1621
-1659
-1853
-1773
-1487
-1259
-1055
-886
-835
-736
-400
-98
-52
-39
90
190
242
303
273
157
129
125
-8
-161
-213
-292
-442
-471
-420
-412
-331
-170
-125
-86
278
667
696
751
1061
1263
1375
1639
1722
1576
1727
1980
1830
1559
1500
1376
1171
1084
781
246
33
13
-246
-599
-830
-1056
-1219
-1150
-1215
-1481
-1521
-1349
-1220
-1157
-1098
-1048
-874
-575
-388
-388
-363
-280
-196
-55
-1
-120
-223
-179
-182
-337
-397
-405
-480
-497
-416
-342
-342
-260
-114
-42
61
330
610
677
761
1024
1205
1332
1609
1727
1584
1676
1881
1726
1492
1513
1392
1099
1030
843
358
116
145
-109
-463
-573
-741
-955
-915
-914
-1203
-1341
-1195
-1111
-1085
-987
-972
-1027
-904
-710
-688
-682
-599
-539
-513
-401
-297
-328
-327
-224
-155
-194
-166
-55
-56
-136
-83
24
9
32
153
146
145
379
482
334
384
570
535
511
676
577
383
543
583
266
161
257
52
-145
-76
-235
-506
-408
-319
-582
-707
-589
-663
-630
-355
-292
-378
-241
-59
-50
105
333
344
334
472
546
573
717
752
623
536
548
537
470
404
242
34
-57
-50
-92
-254
-367
-376
-369
-333
-226
-244
-339
-229
-53
-21
36
167
173
180
358
479
428
443
501
389
285
382
368
164
74
-29
-244
-263
-171
-336
-567
-603
-616
-642
-559
-522
-691
-768
-653
-562
-496
-413
-378
-346
-207
-49
13
51
109
142
200
271
323
336
324
318
312
299
279
268
223
139
130
205
250
289
340
306
307
477
540
392
383
436
396
453
573
483
332
364
297
87
35
34
-125
-257
-313
-461
-586
-511
-493
-649
-731
-745
-752
-695
-602
-626
-702
-601
-430
-304
-176
-97
-138
-103
97
211
220
269
260
176
191
258
227
183
169
95
25
18
-4
-60
-127
-165
-165
-142
-80
-27
-60
-56
109
248
217
240
328
334
367
518
522
381
419
464
343
299
332
231
130
145
71
-88
-88
-68
-171
-236
-213
-248
-296
-279
-310
-405
-435
-380
-365
-373
-364
-359
-335
-286
-277
-338
-373
-304
-202
-124
-73
-51
-49
-35
12
52
75
92
142
152
156
199
218
215
274
354
356
383
470
441
383
503
569
540
622
684
574
527
586
476
344
389
380
242
158
91
-53
-136
-95
-133
-267
-346
-376
-390
-435
-496
-538
-585
-591
-494
-395
-442
-504
-457
-454
-524
-478
-452
-549
-564
-489
-503
-564
-469
-384
-409
-338
-245
-242
-208
-82
-9
-30
13
75
141
248
370
453
523
633
707
770
867
909
896
936
989
958
947
999
916
776
795
776
570
449
372
133
-30
-42
-183
-451
-527
-527
-694
-781
-752
-861
-1008
-961
-890
-1003
-1007
-894
-875
-832
-677
-554
-544
-448
-324
-298
-234
-111
-55
-47
45
111
112
195
269
248
259
314
296
274
337
336
276
337
423
361
287
314
312
273
347
398
289
249
323
307
217
225
219
115
104
139
32
-83
-67
-55
-118
-136
-127
-183
-213
-168
-158
-175
-125
-54
-29
4
32
43
67
102
121
121
136
159
168
146
137
133
113
96
105
42
-60
-70
-106
-194
-215
-183
-204
-212
-163
-196
-263
-188
-79
-65
-11
73
55
48
147
183
147
178
239
221
193
194
113
30
9
-18
-89
-150
-180
-230
-277
-323
-372
-384
-357
-321
-273
-225
-198
-150
-68
-12
13
32
49
68
118
168
186
189
212
246
239
241
230
166
113
79
21
-68
-151
-196
-198
-179
-149
-128
-142
-156
-132
-105
-106
-106
-93
-84
-61
12
67
98
162
234
266
273
291
285
242
216
207
156
104
102
100
84
75
56
20
-26
-39
-59
-110
-129
-130
-153
-188
-167
-120
-81
-48
-52
-71
-82
-51
-20
-18
-43
-56
-42
-41
-16
10
-9
-13
11
2
-27
-24
-12
-26
-18
-20
-43
-44
-18
-21
-74
-110
-123
-122
-79
-19
-13
-50
-44
-19
-6
14
47
53
61
75
74
70
72
104
142
162
140
117
123
149
183
201
186
169
172
179
151
134
133
88
46
40
18
-42
-72
-62
-116
-167
-167
-197
-226
-211
-208
-238
-242
-227
-215
-202
-173
-143
-106
-47
13
64
121
191
229
265
327
342
318
320
312
290
292
292
236
159
114
52
-18
-45
-76
-155
-219
-257
-331
-407
-421
-438
-468
-464
-442
-431
-431
-382
-312
-245
-169
-71
37
119
187
244
270
282
317
347
326
316
309
255
186
163
149
86
56
34
-63
-146
-170
-216
-262
-249
-213
-241
-269
-225
-187
-151
-52
33
53
94
157
177
187
239
272
264
287
308
264
196
157
125
76
46
16
-39
-76
-92
-144
-203
-228
-239
-244
-242
-219
-200
-211
-184
-135
-112
-64
7
58
71
99
122
111
133
164
143
118
137
130
92
96
100
59
50
84
45
-13
9
21
5
27
59
54
59
111
117
83
96
119
102
98
110
68
34
55
63
48
22
-9
-57
-72
-59
-102
-136
-148
-171
-204
-223
-228
-254
-242
-208
-191
-180
-152
-105
-74
-26
23
54
89
117
115
97
116
115
92
98
87
51
44
56
56
55
84
85
68
67
44
16
11
19
-2
3
33
42
40
56
57
26
19
22
-2
-40
-56
-66
-82
-98
-134
-185
-207
-185
-138
-95
-74
-80
-93
-79
-68
-67
-63
-48
-15
19
34
48
46
52
60
79
98
88
86
87
68
44
16
-31
-64
-95
-115
-131
-154
-156
-155
-144
-135
-108
-64
-11
39
69
99
116
141
161
143
123
123
131
154
173
161
144
155
172
147
116
79
20
-18
-37
-61
-113
-153
-169
-189
-179
-160
-155
-126
-89
-53
-31
-18
-5
5
24
63
94
110
133
137
133
136
129
105
104
118
128
116
106
91
45
4
-34
-52
-71
-76
-71
-70
-54
-31
-17
-17
-7
13
12
32
64
61
44
32
25
1
12
40
38
36
45
50
31
36
39
12
-14
-11
-7
-28
-19
-39
-78
-96
-120
-136
-155
-148
-137
-114
-93
-105
-102
-90
-92
-108
-102
-111
-114
-106
-88
-76
-86
-66
-63
-69
-50
-25
-2
29
69
78
75
89
64
40
48
64
88
90
100
105
99
77
70
80
78
92
119
129
124
99
54
13
-30
-46
-49
-48
-38
-44
-57
-76
-90
-89
-87
-73
-48
-33
-25
-36
-59
-91
-121
-129
-129
-110
-93
-74
-62
-54
-54
-62
-60
-72
-70
-42
-18
-16
-18
0
14
27
68
85
82
102
133
177
205
215
211
181
165
164
162
154
145
141
117
105
110
98
81
70
76
82
85
101
112
84
40
18
-13
-40
-43
-50
-60
-63
-55
-46
-44
-40
-53
-73
-90
-108
-112
-112
-118
-113
-103
-101
-92
-79
-78
-67
-64
-65
-62
-63
-53
-49
-53
-45
-28
-5
13
15
16
15
12
1
-15
-15
-6
20
37
40
47
36
24
20
23
15
6
7
3
4
9
18
15
-13
-29
-49
-46
-19
-10
-10
-22
-33
-42
-49
-46
-47
-55
-38
-35
-41
-29
-37
-57
-66
-59
-57
-68
-61
-44
-36
-10
6
-4
0
7
10
10
29
58
69
76
85
64
40
44
47
45
41
29
16
-6
-17
-8
-4
4
43
46
30
37
23
14
17
18
-2
-28
-37
-37
-39
-7
37
63
65
59
61
48
40
31
18
16
35
51
59
66
60
42
27
26
21
8
5
7
2
24
32
21
8
-7
-22
-54
-68
-72
-76
-63
-39
-30
-23
-11
2
15
41
55
36
16
6
-5
-25
-14
5
9
11
17
11
1
9
-1
-19
-17
2
10
9
5
5
4
10
11
8
17
12
7
20
29
30
36
41
37
37
29
11
-2
-11
-24
-43
-61
-63
-69
-70
-68
-82
-79
-75
-64
-68
-67
-44
-29
-19
-21
-34
-47
-59
-64
-54
-43
-21
-11
-6
-12
-23
-29
-33
-18
-12
-12
-21
-16
-15
-24
-25
-33
-39
-37
-19
3
23
39
51
42
36
38
42
53
47
45
52
57
55
61
72
80
89
83
69
57
41
21
17
1
-12
-10
-7
-3
2
10
13
15
9
12
17
7
2
-4
-10
-17
-22
-15
-9
-11
-18
-30
-38
-47
-47
-46
-33
-21
-20
1
3
0
-8
-9
-4
-12
-3
0
13
37
54
68
72
75
63
53
41
30
32
32
39
41
43
43
27
25
4
-7
2
-2
-7
-15
-23
-25
-15
4
-2
-9
-8
-11
-5
-1
10
10
15
15
-1
-6
-15
-9
-6
-7
-1
-8
-14
-21
-38
-44
-39
-41
-51
-59
-64
-65
-59
-56
-54
-55
-59
-51
-46
-25
-7
0
-3
-12
-4
1
8
4
-6
-14
-27
-31
-25
-19
-9
-5
-6
0
12
22
25
31
21
8
-2
-13
-20
-23
-16
-11
-2
21
27
32
30
23
25
10
1
-5
-20
-20
-15
-17
-25
-25
-20
0
21
37
34
25
22
13
14
14
13
9
11
6
-15
-25
-21
-15
-10
6
13
12
12
2
4
19
30
36
44
37
31
36
38
31
33
30
23
26
25
38
38
42
46
48
47
47
50
49
36
24
36
34
38
45
34
12
11
14
19
33
33
35
20
7
-29
-50
-52
-62
-66
-65
-58
-54
-51
-45
-42
-49
-44
-44
-55
-66
-77
-80
-78
-64
-49
-43
-46
-33
-28
-27
-10
-1
10
15
7
-16
-35
-43
-46
-47
-38
-21
0
16
26
46
47
33
36
31
22
18
10
2
-5
2
8
14
23
15
21
27
35
42
38
33
21
12
14
14
16
7
7
9
1
4
1
4
-5
-20
-37
-47
-43
-45
-33
-20
-21
-19
-19
-18
-19
-20
-20
-28
-27
-24
-26
-15
-16
-8
-6
9
26
37
46
38
42
38
34
20
0
-3
-4
1
6
40
71
82
78
56
16
-13
-20
-19
-12
-11
-8
-2
1
19
29
42
71
69
62
50
31
19
20
28
23
13
-4
-21
-19
-16
-20
-28
-22
-13
-17
-24
-25
-16
-8
-15
-20
-33
-41
-35
-34
-37
-31
-24
-23
-11
-6
-7
-6
-19
-29
-32
-42
-44
-39
-30
-20
-6
16
30
36
31
15
4
-2
0
-5
-12
-14
-15
-7
5
12
25
36
36
39
32
18
17
11
7
-1
-10
-15
-30
-28
-12
14
38
65
75
62
46
27
10
-5
-11
-15
-16
-19
-32
-33
-24
-11
7
17
17
15
-9
-31
-50
-76
-79
-81
-67
-56
-56
-50
-33
-14
-11
-6
-12
-19
-26
-31
-24
-19
-18
-13
-1
14
19
30
41
43
51
55
59
62
61
47
38
33
45
55
36
30
19
15
14
2
2
3
8
17
9
-8
-24
-22
-11
-8
-3
-12
-15
-10
-3
4
8
5
-2
-1
-7
-16
-29
-24
-13
-10
-7
-16
-19
-21
-27
-16
-16
-17
-12
-19
-9
-17
-18
-3
3
17
16
18
19
13
11
14
26
26
42
47
43
41
27
20
20
26
24
26
24
21
30
34
45
38
28
20
11
19
16
8
-5
-16
-15
-20
-20
-13
-6
-13
-20
-35
-60
-60
-54
-43
-27
-22
-17
-16
-25
-34
-34
-37
-45
-47
-47
-38
-35
-36
-35
-34
-30
-24
-12
-7
-4
-2
1
4
-6
-10
-11
-7
-12
-14
2
15
24
24
27
25
13
5
8
2
1
-6
-14
-9
4
17
21
19
18
23
29
33
25
29
30
19
19
16
12
11
12
27
33
27
19
20
20
14
8
6
9
4
-2
-24
-42
-49
-58
-58
-48
-33
-13
5
19
25
17
17
29
37
40
29
14
6
-4
-9
-6
-4
-10
-14
-14
-5
6
8
22
30
24
19
17
10
8
13
12
21
28
25
34
48
56
59
50
36
16
-13
-37
-48
-57
-50
-32
-26
-22
-24
-23
-25
-29
-35
-41
-45
-42
-33
-23
-14
-17
-9
-9
8
26
24
31
33
38
32
19
12
13
12
2
-13
-24
-28
-34
-29
-13
-8
-13
-17
-16
-20
-21
-14
-11
-10
-11
-15
-2
12
7
3
-10
-14
-1
-12
-20
-30
-34
-27
-21
-4
1
3
8
11
10
11
8
6
-1
-9
-10
-11
0
11
23
39
48
41
26
18
15
28
30
28
23
9
-5
-15
-10
-5
0
0
-21
-36
-36
-37
-33
-31
-28
-18
-18
-14
-10
-5
8
13
12
15
10
5
2
0
12
13
22
36
35
31
29
35
48
50
48
45
26
12
5
-6
-8
-7
0
2
1
13
23
15
10
4
-1
2
-2
-6
1
3
1
6
-2
-6
-18
-36
-34
-33
-40
-41
-43
-44
-42
-34
-23
-16
-17
-25
-22
-22
-18
-10
-13
-12
5
19
25
29
25
25
32
40
39
40
31
20
17
9
12
13
19
23
19
19
7
8
10
15
25
28
31
24
16
13
8
-4
-13
-17
-19
-20
-30
-43
-38
-20
-15
-14
-25
-31
-28
-38
-30
-32
-43
-42
-36
-29
-29
-37
-34
-25
-20
-14
-18
-27
-27
-20
-14
-6
1
7
15
19
23
21
18
12
11
6
-1
-4
-3
-1
2
-3
-5
-2
-8
-5
-4
-2
8
1
-17
-21
-11
4
16
12
9
17
32
45
53
55
50
45
43
42
41
33
10
-3
-11
-14
-8
0
12
14
15
16
21
26
24
21
13
12
7
5
5
-2
-4
-2
-9
-12
-14
-25
-23
-14
-10
-10
-15
-17
-17
-15
-21
-19
-14
-20
-30
-37
-33
-28
-25
-30
-33
-33
-27
-16
-7
10
27
38
55
65
68
75
78
74
81
75
61
50
46
53
58
55
41
31
23
12
2
-8
-24
-44
-60
-67
-68
-67
-61
-57
-56
-59
-55
-42
-27
-21
-15
-15
-19
-25
-30
-31
-31
-33
-32
-23
-21
-7
5
9
6
6
9
-3
-15
-24
-36
-39
-34
-33
-31
-31
-24
-4
11
17
16
4
-11
-22
-26
-27
-29
-21
-8
10
27
28
18
11
9
-5
-13
-7
-10
-19
-22
-17
-11
-9
1
13
23
26
20
13
9
11
22
27
18
9
15
22
31
44
48
44
32
19
13
20
30
39
39
34
28
25
20
27
38
36
32
33
33
28
17
5
-2
-8
-18
-21
-14
-8
-9
-10
-12
-11
-9
-17
-11
-4
-2
-1
3
8
25
36
33
32
28
26
18
3
4
0
-1
6
6
6
0
-3
-12
-15
-16
-22
-20
-17
-16
-10
3
9
12
0
-8
-1
8
9
5
2
4
8
10
0
-23
-28
-35
-53
-47
-38
-38
-31
-28
-27
-33
-37
-33
-30
-17
-5
-11
-17
-33
-44
-52
-55
-53
-51
-42
-37
-39
-39
-25
-14
-24
-29
-31
-44
-34
-21
-16
-12
5
23
30
38
42
47
53
49
38
30
7
-2
-13
-14
-8
-3
5
10
20
24
29
22
11
12
14
13
22
26
27
21
26
36
36
36
27
27
30
35
36
20
6
2
-14
-15
-11
-15
-11
-2
5
13
17
16
17
13
17
26
34
36
35
18
4
2
10
22
29
36
33
32
26
29
26
22
25
26
17
4
-9
-17
-18
-14
-2
-4
-5
-7
-9
5
10
-2
-3
-8
-18
-16
-26
-33
-33
-34
-22
-15
-16
-12
-8
-5
-2
-2
-5
-6
-7
-8
-6
-16
-29
-28
-20
-21
-19
-8
-5
-11
-12
-17
-24
-34
-34
-28
-21
-17
-12
-3
-3
-5
-13
-28
-41
-47
-54
-60
-60
-58
-47
-26
-14
-10
-3
-2
-7
-15
-20
-27
-27
-15
-3
11
24
27
23
33
39
40
49
43
25
5
0
7
8
16
20
9
6
10
22
39
43
47
45
40
37
33
24
15
7
4
3
6
5
-3
-5
-3
0
7
13
19
15
12
3
-1
2
-3
-2
0
-9
-14
-22
-24
-19
-17
2
18
22
19
7
0
-12
-11
0
2
3
7
19
27
29
32
17
10
10
9
19
15
11
-1
-2
8
10
1
-5
-4
-8
-8
-4
-5
-9
-13
-20
-17
-15
-15
-9
2
3
-8
-13
-24
-39
-43
-26
-11
2
13
8
7
6
12
26
40
50
58
53
41
33
24
7
-5
-11
-18
-21
-23
-26
-35
-32
-22
-14
-7
-7
-11
-21
-28
-26
-34
-43
-41
-40
-36
-20
-8
-11
-10
-13
-12
-12
-13
-10
-13
-9
-19
-36
-47
-49
-39
-39
-16
12
38
55
60
59
50
43
28
22
19
6
0
-1
-8
-14
-17
-20
-22
-32
-48
-48
-27
0
18
33
34
23
9
-5
-2
2
3
2
-3
2
1
0
3
10
28
27
32
34
16
11
5
9
14
19
27
36
35
15
-1
-14
-26
-31
-27
-15
-8
3
18
17
8
-11
-22
-19
-5
8
9
11
5
2
15
15
13
11
3
-5
-14
-20
-18
-11
-6
-5
3
11
15
20
21
20
21
19
13
18
38
48
50
39
26
21
11
7
5
11
17
16
33
51
50
52
44
35
31
12
-2
-8
-7
5
6
-5
-22
-33
-46
-50
-47
-47
-43
-35
-31
-28
-36
-59
-70
-70
-68
-60
-52
-45
-42
-42
-39
-41
-38
-40
-46
-40
-30
-17
-9
-15
-25
-25
-26
-33
-36
-35
-24
-11
6
19
31
41
39
29
19
17
19
15
6
23
30
24
22
13
18
23
24
27
32
27
17
7
0
-2
-11
-30
-38
-32
-32
-16
11
30
36
36
18
10
9
9
20
30
32
33
42
42
39
35
36
24
14
16
15
17
18
24
26
26
28
27
23
21
8
2
-2
-14
-9
0
2
8
11
7
4
11
10
1
-6
-17
-25
-37
-40
-36
-32
-29
-30
-22
-20
-34
-40
-40
-33
-19
-14
-16
-26
-36
-43
-36
-18
3
24
34
38
39
41
40
45
51
49
52
41
35
26
23
26
21
24
26
18
8
-8
-22
-25
-30
-34
-31
-30
-30
-25
-10
0
-2
-9
-21
-26
-36
-47
-59
-47
-37
-36
-30
-37
-42
-45
-44
-40
-38
-45
-46
-37
-26
-13
-5
1
0
-12
-19
-14
-10
-5
2
12
23
24
31
36
34
34
41
56
52
41
36
27
19
16
14
22
27
33
42
57
59
34
13
0
-8
-7
1
21
27
19
-2
-23
-33
-47
-51
-50
-44
-22
-9
1
16
26
19
15
11
3
8
19
20
5
-7
-14
-19
-23
-25
-14
2
9
12
15
20
23
24
17
7
0
-6
-2
3
4
5
0
5
14
25
26
19
10
-11
-33
-39
-35
-36
-32
-33
-32
-28
-28
-21
-30
-25
-11
-11
5
23
34
43
49
52
50
37
23
24
43
50
54
49
37
35
29
21
16
10
10
8
5
2
1
7
0
-11
-32
-39
-41
-50
-45
-45
-44
-44
-48
-46
-32
-24
-27
-40
-55
-62
-65
-71
-72
-67
-62
-47
-31
-27
-17
2
19
17
16
19
11
17
25
29
29
26
30
36
41
47
55
55
46
32
18
19
21
16
15
13
9
7
5
-4
-9
-8
-7
-7
-14
-26
-41
-49
-47
-31
-20
-5
14
23
26
32
33
21
13
5
5
16
28
35
40
27
18
16
20
25
29
14
10
19
3
-2
-2
-6
-17
-15
-15
-19
-14
-9
-12
-17
-8
4
9
7
2
7
1
-3
-8
-17
-21
-28
-36
-37
-38
-35
-24
-23
-21
-23
-27
-31
-34
-35
-33
-19
-6
-3
-5
1
5
0
9
12
13
16
21
20
13
16
34
50
57
67
69
77
76
66
58
58
58
57
48
33
21
10
-7
-15
-19
-25
-14
10
17
17
10
-3
-10
-19
-32
-53
-64
-65
-59
-50
-41
-33
-31
-32
-38
-41
-38
-36
-31
-20
-26
-37
-32
-32
-34
-23
-19
-6
6
0
-20
-38
-49
-47
-32
-13
0
2
5
14
17
23
24
30
33
32
37
33
31
31
27
14
1
2
-1
0
5
-2
1
6
7
2
5
10
10
10
6
-1
-8
-12
-11
-9
2
9
9
7
15
35
42
36
17
-5
-19
-20
-20
-20
-21
-20
-13
-8
0
12
33
45
49
44
36
26
21
16
10
15
15
9
2
-1
4
8
3
-1
-11
-18
-19
-14
-13
-13
-7
-11
-7
0
12
20
26
28
27
24
22
22
19
23
29
30
31
21
5
-3
-7
-11
-17
-36
-47
-48
-55
-49
-38
-32
-30
-34
-42
-53
-51
-48
-34
-21
-19
-26
-35
-37
-39
-41
-42
-31
-22
-13
-5
-6
-5
-5
-2
4
11
14
18
19
27
35
41
46
48
48
47
49
47
36
26
11
2
5
10
10
9
7
5
16
18
9
0
1
-4
-6
4
13
18
22
23
20
1
-5
-9
-18
-16
-14
-5
-6
-3
1
-1
-1
-5
-7
1
1
2
5
0
-1
-14
-18
-20
-25
-17
-13
-2
10
16
22
26
17
-5
-32
-40
-38
-35
-33
-31
-18
-10
-17
-28
-35
-26
-14
-13
-11
-11
-14
-18
-16
-12
-7
-2
0
8
14
17
16
24
28
30
37
34
34
38
44
49
56
56
50
44
28
21
24
21
15
2
-13
-22
-28
-36
-30
-22
-13
-3
-2
-7
-18
-22
-23
-24
-28
-25
-14
-9
4
19
21
26
27
29
29
17
4
-6
-11
-11
-10
-7
-6
-5
4
0
-8
-6
0
8
1
1
2
3
-1
-7
-8
-14
-18
-30
-32
-22
-17
-12
-12
-11
-5
-8
0
6
6
2
0
-3
-5
3
8
11
13
10
8
10
11
2
-14
-16
-12
6
23
33
37
34
25
22
17
13
6
-1
-9
-17
-26
-46
-46
-32
-24
-19
-21
-31
-34
-37
-34
-32
-26
-16
-12
-2
6
11
19
19
14
16
2
-4
-10
-16
-7
-7
2
7
4
4
-2
-8
-10
-11
-10
0
8
19
30
35
33
23
18
10
-1
-7
-20
-23
-20
-7
17
29
37
39
36
26
24
17
11
13
12
22
48
51
46
46
35
36
28
12
1
-3
0
1
0
-1
5
3
2
6
-2
-14
-19
-20
-21
-10
-1
-2
-1
-10
-15
-21
-32
-26
-11
-9
3
6
2
-9
-26
-34
-43
-43
-39
-34
-33
-37
-34
-28
-26
-23
-27
-40
-36
-28
-27
-22
-13
-3
5
0
-10
-4
3
7
11
19
28
28
26
26
28
39
51
60
65
54
46
45
46
49
45
31
26
19
6
4
6
10
1
-14
-25
-46
-45
-37
-39
-46
-55
-55
-57
-50
-44
-26
-13
-24
-29
-26
-19
-18
-9
-7
-5
10
14
11
8
3
-5
-9
-6
-5
-3
-6
-6
5
11
7
10
18
14
7
8
-11
-25
-23
-9
2
24
35
35
39
26
20
7
3
0
-13
-25
-28
-23
-9
25
56
71
77
70
69
70
67
64
67
60
49
37
23
11
1
-7
-4
5
6
0
-8
-9
-21
-31
-31
-35
-33
-30
-22
-23
-33
-36
-37
-27
-16
-17
-23
-22
-32
-40
-35
-32
-37
-44
-42
-38
-27
-18
-10
-10
-4
10
21
31
29
19
10
3
8
20
31
23
-1
-11
-13
-14
-5
-2
-1
-12
-18
-22
-33
-28
-25
-22
-17
-14
-11
-16
-7
9
26
36
33
31
30
30
34
43
32
18
12
8
10
8
4
-1
-5
-4
-2
4
-2
-11
-16
-13
-9
-11
-13
-23
-36
-46
-48
-40
-23
-21
-25
-24
-14
-12
-8
2
15
17
7
2
-4
-10
-12
-2
5
13
26
47
61
53
45
40
30
29
18
9
10
12
4
-3
-4
-6
-5
2
18
13
5
-7
-21
-21
-23
-8
3
9
19
26
26
17
2
-2
1
-2
3
17
28
29
34
31
27
23
9
-6
-13
-11
-4
11
17
22
28
30
29
24
16
1
-18
-19
-21
-25
-18
-19
-19
-20
-18
-4
-7
-7
-22
-36
-41
-49
-50
-37
-14
-16
-13
-14
-22
-30
-34
-27
-18
-15
-16
-16
-16
-21
-20
-15
-12
-6
-5
-7
-12
-13
-15
-8
-1
1
4
11
11
8
5
2
12
14
11
7
-6
-17
-18
-18
-18
-23
-19
-3
13
18
24
29
25
18
15
14
6
-11
-13
-6
0
17
30
39
46
49
54
54
44
26
7
-3
-9
-9
-1
7
18
23
21
15
12
16
11
13
10
5
11
12
15
12
8
4
-6
-11
-11
-1
2
11
15
9
-1
-12
-16
-26
-34
-34
-41
-46
-44
-39
-38
-39
-29
-16
-20
-24
-24
-22
-22
-10
-2
-9
-13
-14
-18
-12
7
26
42
49
52
52
48
38
27
10
-3
-4
9
22
22
22
19
26
20
16
13
0
-2
-6
-1
-1
-9
-12
-14
-9
-7
3
6
12
12
-1
-2
-12
-17
-11
-7
-14
-19
-17
-22
-10
4
-1
-12
-24
-26
-20
-22
-17
-9
3
3
-7
-19
-26
-27
-25
-18
-9
-7
-15
-6
-2
8
15
10
12
7
15
29
24
14
10
0
-6
2
12
19
18
11
3
-2
-4
1
0
-6
-15
-22
-14
-11
-3
5
8
8
2
0
-9
-21
-20
-16
-16
-26
-33
-27
-18
-5
1
2
7
-4
-9
-3
1
2
8
16
20
23
20
18
14
-3
-16
-19
-24
-20
-3
6
9
6
7
12
8
3
5
14
22
29
28
23
23
28
44
48
49
44
44
44
35
31
28
27
24
17
6
8
17
18
20
25
32
28
27
25
14
0
-9
-9
-13
-20
-24
-20
-11
-8
-7
-5
-13
-28
-34
-34
-30
-38
-49
-52
-53
-59
-57
-46
-35
-19
-13
-3
1
-14
-18
-15
-18
-28
-28
-25
-26
-23
-22
-23
-19
-22
-32
-35
-41
-35
-24
-16
-10
-7
0
1
-2
-3
2
14
25
34
34
33
28
29
36
40
42
46
44
30
13
10
16
17
10
9
-3
-13
-8
4
8
8
11
0
-5
-7
-6
-9
1
8
0
-4
-11
-16
-20
-24
-28
-18
-12
-18
-18
-8
-6
-6
2
8
14
1
-14
-29
-42
-40
-32
-14
8
17
14
17
18
18
38
42
41
37
35
41
48
52
52
59
56
60
56
52
45
40
34
31
28
18
13
3
-3
-1
-3
-10
-15
-24
-17
-16
-19
-16
-13
-12
-11
-5
0
-7
-18
-18
-15
-19
-21
-23
-27
-43
-57
-60
-60
-53
-44
-36
-27
-20
-13
-16
-15
-12
-14
-2
1
8
14
18
29
31
31
12
6
3
0
9
20
22
6
-8
-18
-17
-12
-13
-9
-11
-11
-15
-23
-22
-8
-1
-3
-11
-31
-35
-28
-18
-6
-2
-13
-28
-34
-32
-25
-30
-26
-21
-27
-23
-15
0
18
25
24
29
25
19
15
13
20
22
16
12
12
4
5
20
22
29
35
38
37
30
23
12
-2
-5
-7
-6
5
13
16
17
21
25
14
2
-7
-8
-6
-4
0
3
8
8
15
20
21
19
19
24
23
16
13
13
-1
-17
-23
-21
-9
0
9
24
26
26
36
41
42
37
21
3
-7
-15
-16
-5
5
16
23
29
22
13
11
7
-4
-18
-25
-23
-21
-24
-13
-9
-3
-1
-4
-15
-34
-47
-62
-64
-62
-58
-54
-56
-60
-72
-74
-72
-62
-46
-31
-24
-20
-14
-7
8
23
33
43
49
52
48
47
41
32
26
19
24
24
30
38
36
26
19
12
3
10
13
16
17
11
0
-11
-31
-47
-50
-44
-35
-36
-33
-18
-22
-30
-38
-52
-47
-40
-40
-36
-31
-23
-24
-12
9
22
39
43
48
55
51
55
58
59
56
61
57
44
35
37
50
54
46
39
33
22
13
2
-15
-24
-30
-45
-56
-61
-70
-66
-47
-31
-17
-10
-11
-23
-26
-22
-14
-6
-8
-4
0
2
0
-2
-6
-11
-13
-17
-13
1
11
11
9
16
29
32
24
21
23
16
9
9
17
21
31
43
54
56
62
66
62
57
39
31
21
7
2
1
-8
-15
-23
-26
-27
-33
-31
-34
-30
-24
-26
-28
-25
-16
-7
-1
2
-15
-33
-39
-37
-34
-39
-33
-16
-4
-5
-5
-5
-6
-6
-4
-7
-10
-8
-18
-18
-7
3
9
6
8
8
-1
-7
-6
-11
-21
-16
0
13
11
2
3
-6
-18
-17
-14
-3
6
19
24
12
5
-5
-7
-3
-1
-2
-9
-17
-23
-26
-19
-4
20
29
32
26
5
-2
-5
-9
-11
-8
-9
-15
-14
-6
10
22
26
30
18
9
1
-7
-18
-32
-37
-29
-14
-9
0
5
13
7
11
14
7
0
6
9
11
22
26
37
47
61
55
45
37
31
20
15
20
23
29
16
4
-7
-7
0
-10
-13
-16
-22
-31
-40
-38
-30
-25
-17
-4
6
13
17
20
28
26
30
43
43
45
41
31
22
15
10
-2
-4
5
11
13
9
-5
-14
-20
-28
-27
-27
-33
-30
-24
-19
-13
-17
-18
-10
-12
-10
-22
-32
-28
-38
-35
-26
-28
-24
-33
-39
-37
-37
-33
-24
-17
-10
-17
-20
-14
-8
-6
-6
-7
-2
3
5
10
19
20
22
27
24
22
9
-3
-14
-23
-24
-15
3
18
29
36
38
33
22
12
0
-10
-12
-3
7
6
9
9
8
14
11
11
10
4
0
-7
-9
-5
-3
3
14
18
24
20
8
11
15
20
15
-5
-19
-39
-39
-34
-42
-42
-43
-40
-26
-12
-2
3
-5
-4
1
11
21
23
23
15
21
24
21
25
25
38
37
26
23
15
17
19
20
27
28
36
40
48
51
42
32
22
10
-12
-22
-26
-28
-29
-26
-12
-8
-13
-15
-16
-13
-15
-16
-5
-10
-13
-11
-12
-10
-4
3
10
14
15
14
9
1
3
4
7
-2
-19
-25
-17
-7
-1
14
15
12
4
-12
-14
-6
-4
5
1
-15
-25
-36
-48
-49
-49
-52
-50
-43
-38
-43
-48
-49
-43
-33
-29
-14
-2
19
33
30
33
30
29
28
21
17
6
-2
6
16
19
15
12
11
11
12
6
-8
-20
-30
-32
-28
-27
-25
-23
-17
0
10
21
39
43
39
31
20
11
1
-5
-1
0
11
18
21
15
10
7
8
22
25
15
7
6
-2
-7
-14
-11
12
35
49
57
56
40
31
30
28
24
13
1
-13
-26
-34
-27
-9
4
0
-5
-13
-27
-26
-18
-6
1
8
8
0
-7
-7
1
-7
-15
