1
-1
-11
-2
12
-8
-26
-27
-26
-30
-28
-14
-12
-11
-3
-1
1
-3
6
11
-3
1
16
16
20
29
16
-4
0
0
-5
3
16
23
31
32
14
3
-4
-14
-17
-11
1
5
3
6
21
20
8
11
16
11
8
18
27
28
27
38
44
36
32
28
21
23
37
35
25
31
20
6
17
18
-1
-12
-6
-8
-36
-44
-33
-25
-28
-29
-31
-51
-44
-22
-5
-3
-19
-16
-2
-8
-8
8
19
30
31
23
13
6
1
-1
1
-4
-10
-8
9
13
14
20
17
-2
-22
-23
-25
-34
-31
-23
-19
-20
-27
-28
-29
-38
-29
-13
-14
-14
1
21
11
-5
3
0
-13
-16
-1
11
6
19
39
43
24
-3
-8
-13
-18
-15
-10
-15
-24
-17
-11
-24
-36
-28
-19
-20
-25
-14
3
-1
7
23
8
-18
-16
-16
-5
14
23
37
43
38
28
17
-1
-23
-28
-17
-22
-30
-29
-21
-13
-11
-10
-8
-10
2
22
10
0
5
11
14
-2
-10
-13
2
31
46
56
58
61
56
45
31
17
32
45
42
53
66
67
61
62
60
42
28
23
3
-20
-43
-47
-35
-31
-41
-36
-27
-40
-42
-35
-32
-31
-27
-32
-30
-28
-29
-11
-5
-14
-14
-13
-11
-15
3
13
4
-8
-15
-24
-34
-26
-9
-7
-1
2
3
11
1
-3
-8
-26
-36
-37
-32
-22
-9
2
13
28
29
32
47
52
40
27
22
16
11
20
30
33
34
41
43
46
54
48
37
19
1
-10
-21
-32
-32
-33
-39
-32
-21
-15
-18
-15
0
2
3
3
-15
-19
-25
-40
-39
-44
-59
-61
-43
-36
-28
-9
5
0
-12
-26
-32
-30
-38
-42
-28
-19
-16
-11
5
15
17
20
13
3
-10
-6
-6
-9
-3
9
16
14
31
27
20
21
16
11
8
6
2
10
6
-2
7
15
17
9
13
18
21
17
8
7
6
11
15
14
6
1
-6
-17
-13
-8
-3
0
3
12
12
12
15
16
6
3
11
19
27
29
32
39
37
23
11
12
10
13
18
14
2
-3
6
7
15
24
25
36
50
49
40
25
12
1
6
20
23
18
11
5
-7
-17
-24
-26
-25
-21
-25
-25
-28
-28
-19
-7
0
-1
2
0
-6
3
2
-11
-19
-27
-44
-42
-37
-29
-17
-14
-13
-21
-24
-26
-36
-39
-62
-84
-82
-79
-73
-65
-44
-30
-25
-26
-29
-25
-28
-33
-25
-17
-21
-21
-14
-7
3
26
40
46
38
43
44
39
40
39
41
43
47
46
38
34
38
31
34
51
33
11
5
-5
-26
-47
-46
-45
-44
-40
-22
-11
-20
-12
-3
-11
-15
-8
2
-6
-13
8
16
15
25
40
30
14
21
31
17
8
8
8
9
13
25
32
20
16
23
17
16
24
16
13
21
24
26
34
34
24
19
22
22
19
24
29
12
-14
-22
-7
3
3
7
-1
-7
-7
-10
-2
9
21
40
43
27
11
14
23
20
17
13
12
20
26
21
5
-14
-20
-8
-4
-14
-14
-7
-17
-32
-34
-41
-46
-42
-40
-50
-69
-78
-79
-74
-66
-44
-31
-34
-35
-38
-36
-35
-29
-25
-24
-17
-20
-21
-14
-12
-8
-4
-10
-7
-10
-20
-16
9
17
9
7
7
8
13
20
17
9
20
33
28
21
25
30
6
-9
-3
-3
-17
-25
-8
8
5
3
21
27
26
25
18
3
-3
1
3
-6
-6
6
8
-5
-14
-12
-15
-31
-40
-26
-19
-17
-13
-10
-5
-7
1
16
15
15
17
11
5
-4
5
24
38
44
58
67
53
48
56
56
45
36
43
48
39
36
38
36
27
23
35
43
38
41
41
32
29
28
27
9
-16
-21
-24
-27
-28
-24
-22
-34
-37
-37
-44
-47
-50
-51
-43
-39
-38
-38
-43
-33
-15
-6
3
0
3
9
-4
-2
1
-6
-11
-16
-18
-18
-9
6
14
18
11
2
3
-7
-19
-31
-33
-24
-18
-11
-20
-23
-16
-11
-4
-11
-18
-25
-30
-21
-16
-8
2
10
25
25
19
21
27
17
-2
-9
4
15
18
17
4
-2
1
20
21
0
-12
-14
-17
-16
-11
-10
-26
-25
-18
-19
-19
-32
-32
-24
-23
-38
-39
-26
-31
-28
-27
-27
-22
-33
-33
-25
-19
-8
6
6
-9
-7
9
13
16
41
53
62
63
62
63
46
43
39
34
37
47
46
30
40
46
33
17
19
30
21
18
23
23
22
16
12
24
29
29
32
37
33
35
35
21
10
-3
-16
-9
-1
-8
-8
-4
-3
-7
-19
-26
-36
-40
-41
-35
-39
-42
-16
-4
7
13
15
21
7
0
-12
-40
-42
-24
-10
-4
-13
-17
-21
-26
-14
-8
-22
-36
-37
-21
-16
-20
-17
-5
4
-4
-4
5
14
17
24
20
6
-3
3
10
-5
-11
-15
-13
-9
-6
-5
-18
-21
-12
-9
-1
5
-3
-17
-25
-16
-17
-24
-29
-26
-28
-41
-36
-26
-26
-22
-29
-45
-35
-13
-7
-5
4
12
14
6
-2
3
16
24
33
46
49
48
38
32
26
13
3
13
18
16
18
25
29
35
45
40
28
21
31
27
5
-8
-13
-11
-12
-10
6
16
27
39
35
19
3
-5
-20
-29
-21
-12
-5
13
26
26
26
20
4
-8
-14
-22
-36
-45
-42
-35
-32
-25
-6
7
-2
-6
-2
-10
-9
-1
-5
-10
-8
1
1
2
14
33
39
25
15
24
22
0
-3
3
-3
-17
-7
6
0
-2
12
26
11
1
0
-6
-10
-12
-12
-11
-4
-5
-5
7
25
40
40
43
44
40
15
-10
-13
-14
-6
16
26
23
8
-4
-5
3
1
-20
-29
-37
-37
-36
-35
-36
-30
-25
-30
-29
-37
-38
-33
-32
-31
-28
-31
-40
-40
-44
-44
-26
-7
3
6
9
13
4
-15
-12
6
10
2
-4
4
2
-8
-6
1
0
2
30
38
33
36
34
32
36
34
22
-2
-21
-16
4
9
-2
-3
0
8
9
6
5
1
6
7
-11
-11
-6
-5
3
17
14
-7
-13
-10
-10
-3
14
23
29
32
24
16
16
18
28
35
8
-5
-5
-9
2
17
27
23
17
26
26
19
6
8
19
18
15
16
13
-1
4
15
8
-16
-25
-19
-20
-6
6
7
3
7
15
12
5
9
12
12
-2
-5
-4
-25
-37
-27
-26
-36
-40
-36
-35
-27
-19
-23
-22
-16
-11
-21
-29
-44
-49
-40
-27
-11
3
21
23
25
9
-16
-14
2
8
0
-5
-3
-8
-6
8
33
53
64
59
35
13
4
0
-1
8
16
14
4
-8
-11
-17
-18
1
19
15
2
-3
-18
-31
-30
-28
-40
-49
-35
-22
-21
-11
3
5
12
15
8
3
-3
2
11
12
4
6
8
3
9
19
10
4
21
22
12
6
2
-14
-23
-17
-6
-3
-11
-17
-17
-30
-33
-25
-23
-23
-21
-9
-1
-7
-12
-11
-10
-4
4
6
-8
-16
-16
-15
-8
-4
3
10
13
13
14
17
29
55
71
76
74
68
56
42
42
49
66
73
73
61
45
44
48
41
37
36
18
5
14
5
-17
-34
-38
-41
-50
-58
-67
-58
-55
-47
-39
-56
-69
-64
-58
-64
-67
-63
-56
-50
-44
-33
-24
-7
19
32
25
28
48
57
49
42
39
35
30
31
22
-1
-26
-33
-19
-8
-7
-6
-9
-3
8
15
3
-11
-4
1
-8
-18
-13
2
7
1
-3
-13
-23
-23
-23
-27
-37
-32
-23
-37
-35
-19
-16
-14
-2
23
26
12
21
32
26
14
15
32
31
32
37
34
25
20
18
9
0
-1
0
-5
-4
2
5
8
16
20
26
21
8
-3
-15
-20
-27
-37
-38
-33
-29
-37
-43
-30
-36
-39
-26
-17
-26
-35
-28
-29
-33
-22
-10
-8
-10
1
21
21
15
17
32
34
23
14
9
-3
-6
2
8
15
25
46
54
57
64
56
44
41
48
50
34
40
57
49
39
40
32
18
11
22
26
13
8
16
17
-2
-5
5
0
-9
-3
-2
-28
-42
-39
-29
-28
-37
-44
-41
-37
-35
-36
-51
-55
-29
-10
-11
-10
-4
-12
-14
-3
11
9
2
4
3
4
-3
-12
-16
-24
-22
-21
-30
-33
-26
-25
-21
-11
-6
-4
-12
-11
-1
-8
-14
-18
-16
-24
-18
-5
0
-4
-6
-1
-4
-12
-12
-4
-5
-7
-4
-8
-18
-12
3
12
16
17
18
8
5
15
21
5
3
11
7
6
10
23
28
24
27
14
4
3
7
11
6
10
20
33
47
52
39
16
20
33
26
16
23
25
16
9
15
20
13
12
13
-9
-38
-44
-39
-40
-46
-30
-23
-27
-5
27
39
25
20
19
-8
-32
-31
-28
-30
-11
15
27
25
28
34
15
-5
-8
-9
-32
-39
-34
-30
-32
-7
20
12
-1
-8
1
-2
-11
-10
-8
-14
-12
-2
5
14
25
21
-7
-28
-43
-48
-33
-11
-1
-8
-11
-1
16
26
27
30
28
24
23
21
19
18
23
26
25
25
32
32
27
29
29
21
16
15
6
-16
-22
-15
-11
-20
-24
-5
5
3
1
-3
-14
-17
-17
-24
-47
-61
-56
-44
-37
-25
-2
15
25
35
26
3
-14
-20
-28
-34
-32
-26
-30
-35
-18
4
10
5
11
12
-6
-17
-24
-36
-52
-44
-20
-6
2
23
22
19
19
16
13
1
-2
7
12
-7
-12
-25
-38
-40
-33
-29
-39
-29
-18
-13
0
16
34
35
39
54
60
51
43
42
44
48
48
56
49
39
33
22
20
14
19
34
32
18
3
2
-2
-7
-8
-17
-22
-24
-24
-25
-17
-12
-8
-11
-11
-6
1
8
7
5
-6
2
11
6
16
32
42
31
23
34
33
26
29
40
40
29
27
22
9
7
12
7
-23
-35
-22
-17
-25
-31
-34
-50
-51
-36
-24
-28
-25
-12
-11
-18
-27
-36
-48
-57
-46
-40
-48
-44
-32
-19
-33
-43
-28
-21
-11
-4
-1
0
2
9
19
22
14
5
6
-5
-18
-12
-16
-8
14
33
35
29
27
17
14
5
-9
-20
-28
-22
-16
-6
0
6
6
-1
-1
17
26
15
6
13
10
3
3
6
15
20
24
12
7
17
17
8
-9
-10
-3
-13
-12
0
5
1
-2
-7
-16
-16
-18
-16
-12
0
21
29
22
18
18
16
4
-7
-6
-10
-18
-21
-12
2
23
23
23
34
22
12
16
16
18
29
34
44
50
42
28
22
18
-7
-13
-10
-5
8
12
16
5
1
-8
-14
-16
-17
-5
-2
7
18
16
13
15
12
5
4
0
0
4
6
2
-2
-5
-11
-14
-17
-19
-20
-23
-24
-27
-25
-20
-20
-4
3
0
-8
-9
-6
-5
-17
-34
-38
-33
-25
-19
-20
-20
-8
0
0
-3
-2
0
1
-3
-4
-1
1
0
13
24
14
10
6
-4
-5
-12
-23
-29
-27
-11
-1
7
10
3
-8
-20
-23
-31
-40
-46
-55
-58
-60
-58
-50
-40
-29
-22
-16
-12
-6
3
4
-6
4
17
17
12
15
16
18
33
44
52
55
52
49
48
49
48
43
41
43
40
42
50
65
79
73
56
41
36
35
25
26
19
6
9
13
8
4
4
-6
-22
-37
-53
-55
-55
-57
-47
-35
-21
-5
2
-2
-5
3
2
-4
-1
-4
-7
-6
-1
0
-5
1
4
7
1
-7
-3
5
5
2
3
2
1
-1
-19
-27
-15
-7
3
2
-6
-11
-16
-21
-22
-21
-20
-19
-11
-6
0
14
21
26
22
22
18
11
11
-2
-10
-8
9
22
21
20
23
30
21
8
-1
-13
-20
-20
-26
-33
-29
-12
2
2
3
-1
-11
-14
-16
-18
-11
-19
-26
-25
-30
-23
-24
-28
-39
-33
-15
-23
-28
-34
-27
-13
-10
0
3
5
0
-3
6
5
0
-12
-26
-36
-41
-37
-33
-23
-1
8
13
12
16
27
30
22
10
2
6
14
20
18
27
34
36
47
55
54
45
45
48
41
36
33
34
40
36
32
32
25
21
24
27
11
2
12
11
4
3
0
-16
-19
-11
-14
-28
-45
-39
-20
-6
3
4
-3
-11
-15
-19
-21
-24
-23
-14
-20
-15
-1
-10
-13
-8
-8
-1
0
10
16
11
16
20
37
39
34
37
28
15
13
12
-10
-30
-30
-30
-33
-33
-28
-21
-12
-4
-7
-11
-2
15
14
8
11
7
7
14
15
9
3
5
7
11
3
-2
4
-3
-4
-17
-27
-31
-39
-35
-26
-22
-13
-7
-20
-29
-32
-39
-32
-14
3
-1
-4
-2
-16
-37
-48
-50
-51
-48
-49
-51
-51
-44
-34
-7
14
14
13
14
12
-9
-14
-10
-9
-1
19
36
34
30
23
24
34
47
67
76
62
50
40
31
28
25
19
6
-4
-8
-12
-7
1
11
29
33
34
48
46
37
38
42
39
41
34
16
4
-8
-20
-17
0
-2
-15
-19
-24
-41
-47
-42
-25
-11
-18
-27
-27
-33
-39
-13
11
28
31
33
30
14
13
6
-3
4
7
6
11
19
28
37
36
30
18
1
-4
-7
-17
-13
-6
-11
-18
-20
-16
3
12
11
12
0
-5
5
5
-5
-5
-17
-38
-38
-27
-21
-7
9
17
8
-13
-21
-17
-9
-23
-42
-43
-46
-49
-40
-32
-37
-41
-37
-38
-50
-52
-40
-26
-22
-24
-27
-29
-11
1
5
8
6
24
48
48
30
23
34
40
40
43
36
27
35
28
10
5
4
-2
-7
-2
1
4
14
17
11
-1
-15
-12
-12
-24
-34
-29
-22
-23
-14
7
24
35
38
43
41
44
47
29
17
8
-2
6
20
18
12
9
1
-5
-11
-8
-15
-23
-20
-15
-10
-10
-12
-3
1
-8
-8
4
12
17
21
25
12
-6
-6
1
2
10
17
21
27
25
24
9
2
13
13
14
10
14
12
5
9
21
27
26
34
34
15
10
-2
-14
-6
-7
-19
-26
-33
-55
-55
-45
-44
-30
-25
-39
-31
-13
-11
-11
2
2
-16
-27
-33
-47
-42
-19
-20
-18
-6
-7
0
6
-1
2
7
2
6
7
-10
-17
-10
-14
-10
7
19
32
34
29
30
19
3
8
15
4
-4
-6
-18
-22
-13
-16
-15
-13
-13
-18
-27
-18
-8
0
17
18
29
35
35
35
43
32
4
16
15
-12
-15
-9
-6
5
24
31
22
10
-4
-10
-28
-44
-47
-53
-43
-30
-26
-15
-8
-10
-1
6
-2
2
12
12
6
19
15
-5
-7
-11
-11
1
9
16
14
18
27
33
29
29
24
13
8
3
5
13
7
4
13
12
13
14
18
19
6
11
14
7
6
11
3
-4
-4
-13
-22
-18
-22
-21
-7
1
11
10
7
6
2
-7
-11
6
18
20
31
40
37
35
32
33
36
35
31
28
19
11
1
-20
-21
-19
-23
-12
-8
-19
-21
-27
-40
-37
-32
-38
-33
-23
-20
-14
-6
-6
-16
-16
-16
-24
-23
-31
-35
-26
-23
-31
-31
-24
-22
-14
-16
-30
-25
-22
-26
-16
1
-7
-6
-1
-10
-7
0
2
6
-6
-23
-5
15
17
36
40
23
23
24
16
4
-9
-23
-8
-7
-28
-13
-4
-13
1
21
8
-7
-3
-10
-21
-27
-34
-34
-23
-15
-6
15
38
46
62
77
62
43
36
30
30
34
45
46
42
45
42
40
32
24
8
-11
-3
2
1
9
21
17
-5
-4
-20
-43
-42
-50
-44
-19
-16
-12
-2
-3
-2
-2
-15
-9
12
13
3
10
15
21
28
30
41
33
16
22
9
-6
-8
-18
-11
0
-5
-13
-7
-2
-8
-9
-8
-21
-8
10
11
8
14
16
9
12
19
6
-4
7
8
12
25
30
29
18
-3
-17
-32
-41
-44
-55
-56
-49
-36
-33
-35
-35
-46
-44
-41
-48
-33
-19
-29
-29
-29
-42
-47
-32
-25
-24
-9
-11
-13
-11
-7
7
14
15
20
20
17
17
8
-5
-7
0
-6
4
15
15
22
28
24
21
20
19
20
9
-5
-10
-5
4
13
28
37
31
41
54
50
34
18
13
5
-5
-8
-4
-11
-14
1
11
13
10
-5
-18
-18
-14
-5
3
-1
-11
-14
-25
-35
-23
-25
-25
-12
-6
-8
-7
-1
10
17
11
5
3
13
25
31
26
25
25
29
36
32
45
46
34
42
45
46
52
64
72
66
62
61
43
19
4
-15
-32
-52
-49
-30
-30
-36
-39
-43
-51
-48
-28
-23
-28
-29
-40
-42
-25
1
3
1
16
17
13
15
7
-1
-3
-4
9
12
-3
-13
-2
-6
-22
-14
-12
-22
-21
-21
-20
-26
-25
-18
-15
-20
-37
-39
-44
-55
-49
-26
-24
-27
-28
-42
-49
-36
-38
-48
-39
-38
-42
-42
-34
-17
16
24
14
30
35
28
40
41
18
2
5
7
11
25
36
30
17
12
13
6
15
36
38
36
26
12
9
-4
-8
-6
-6
8
24
34
42
59
81
85
71
50
39
16
-8
-9
-16
-12
15
31
22
16
18
11
5
-2
-12
-8
-15
-34
-26
-14
-18
-14
-7
-18
-15
8
2
-14
-19
-26
-37
-27
-8
-7
-12
-8
6
14
19
28
27
31
38
44
35
25
10
-3
0
-7
-14
-14
-13
-18
-9
-2
0
-1
-13
-9
-14
-20
-27
-33
-37
-38
-25
-17
-14
-12
-8
7
17
23
24
13
18
12
0
11
20
30
36
37
30
20
9
-8
-3
2
-3
0
-9
-31
-35
-23
-24
-23
-19
-31
-36
-38
-37
-30
-29
-30
-16
-9
-30
-43
-39
-38
-33
-17
3
8
17
25
14
17
25
14
9
21
26
23
26
24
17
19
13
8
7
6
0
-11
-13
-22
-36
-38
-29
-34
-29
-13
-17
-14
-6
-1
-4
0
0
-14
-17
-25
-31
-15
0
4
11
18
11
3
-9
-16
-18
-15
-14
-14
-9
-10
-1
17
30
39
46
43
37
50
54
42
54
50
23
14
10
1
11
30
37
45
40
40
45
32
33
52
54
41
38
31
25
34
44
58
51
43
59
51
39
30
-6
-30
-39
-55
-64
-50
-48
-45
-24
-16
-25
-30
-39
-42
-41
-46
-40
-36
-37
-44
-52
-60
-52
-39
-49
-48
-38
-43
-32
-9
-12
-11
-1
-1
0
2
-5
-12
-14
2
13
21
36
34
29
29
27
28
16
-6
-20
-17
-15
-19
-15
-16
-16
-23
-38
-35
-24
-15
2
7
-15
-33
-31
-29
-25
-15
-13
-7
6
0
-3
2
-1
11
23
9
-2
-7
-18
-7
18
22
27
33
24
20
21
3
-4
2
5
9
9
4
12
21
8
20
20
-2
-11
-14
-14
-12
-3
0
0
3
1
2
1
5
-2
3
4
-9
-4
10
10
22
36
33
24
15
12
10
12
13
28
31
20
29
29
28
30
23
13
18
22
17
39
52
42
47
32
10
5
-18
-30
-8
5
5
26
31
27
40
37
33
32
17
7
-1
-13
-24
-9
-14
-38
-32
-42
-63
-63
-43
-25
-27
-28
-32
-40
-36
-48
-55
-58
-62
-57
-41
-21
-14
-23
-33
-34
-45
-40
-31
-22
5
19
12
15
21
27
32
19
12
2
-10
5
25
24
41
48
21
17
15
-13
-20
-6
-15
-13
-10
-17
-10
0
-7
-5
-2
-16
-20
-32
-36
-35
-38
-23
5
3
0
12
-3
-15
0
-3
-7
2
-5
-15
-8
-24
-42
-22
-22
-19
2
7
2
9
16
17
19
21
37
53
65
79
60
27
25
26
18
32
40
28
30
27
18
21
22
18
15
17
25
19
8
17
13
11
21
13
-7
-3
-3
-26
-27
-25
-36
-23
-18
-23
-24
-33
-42
-50
-39
-28
-18
-15
-7
3
-8
-3
9
14
23
30
31
31
26
33
44
41
44
55
68
66
55
46
36
38
44
38
23
11
9
25
42
36
18
1
-17
-28
-26
-32
-48
-60
-67
-87
-91
-78
-90
-94
-87
-79
-73
-58
-42
-34
-14
-18
-31
-32
-44
-51
-45
-43
-39
-41
-40
-39
-28
-13
-4
0
3
1
-8
-5
13
10
16
36
40
40
38
33
40
58
52
46
50
41
42
46
45
29
9
0
8
21
30
32
33
26
15
21
32
28
16
13
-1
-21
-21
-13
-15
-11
1
-6
-9
-3
-13
-14
-9
-12
-12
-22
-37
-42
-34
-36
-37
-17
-11
-16
-23
-21
-18
-21
-13
-8
-7
-5
-13
-13
-18
-11
9
11
14
26
27
16
23
32
23
31
32
16
22
41
43
40
50
50
40
33
27
28
41
48
37
28
24
23
21
23
27
20
11
6
3
5
18
19
20
18
8
-3
-14
-17
-25
-25
-26
-31
-28
-25
-33
-37
-41
-45
-37
-41
-50
-58
-55
-50
-48
-40
-27
-18
-16
-9
-11
-12
-14
-24
-25
-22
-20
-22
-17
-15
-27
-27
-20
-14
-10
-4
-2
-10
2
12
14
14
8
7
4
-5
-15
-15
-11
-13
-10
12
32
51
63
55
32
20
14
6
3
6
6
13
25
16
2
-6
-7
-13
-13
-15
-19
-6
-10
-16
-11
-2
0
-1
8
9
11
13
29
51
44
30
22
19
15
13
22
23
24
31
21
6
9
15
9
0
-18
-46
-58
-63
-60
-37
-19
-12
-6
-11
-17
-18
-23
-19
-16
-9
-11
-9
3
8
17
24
22
25
33
34
29
34
38
40
35
28
24
9
12
13
19
33
40
35
37
44
27
13
3
-4
-13
-9
-7
-13
-13
-6
-2
1
-2
-9
-19
-47
-60
-51
-46
-52
-54
-50
-49
-47
-49
-45
-21
-12
-11
0
-1
-7
3
22
30
41
50
40
38
38
24
8
7
13
11
16
22
11
11
-2
-12
-9
-19
-27
-33
-44
-54
-44
-28
-14
1
13
20
12
4
-8
-12
-19
-22
-13
-15
-12
5
22
15
15
26
8
-13
-17
-12
-11
-16
-12
-8
-13
-10
-5
-4
-5
-24
-34
-31
-36
-43
-34
-11
-2
10
16
0
-1
7
17
22
22
35
28
28
35
29
21
14
16
23
38
51
58
56
34
19
15
14
20
33
34
25
24
20
8
3
7
6
-3
-12
-11
-18
-32
-31
-19
-10
-9
-15
-23
-29
-31
-21
-7
2
0
2
7
1
-7
-13
-25
-29
-21
-17
-15
-14
-26
-29
-6
8
20
33
39
48
36
19
18
13
6
-4
-15
-22
-37
-37
-20
-2
15
29
42
39
24
1
-9
-14
-22
-24
-16
-5
-6
6
15
32
45
50
48
33
27
21
14
3
-12
-21
-34
-42
-35
-31
-21
-13
-8
-21
-40
-51
-55
-43
-29
-11
-4
-5
-7
-10
-10
-13
-22
-26
-11
-9
-8
3
7
5
8
14
15
17
12
5
4
10
4
-5
-7
-12
-17
-14
-15
-15
-29
-36
-35
-44
-46
-38
-19
-10
-10
-11
-13
-17
-14
4
22
19
14
13
14
20
37
48
45
53
53
41
37
42
43
45
55
57
53
54
46
34
29
9
3
15
27
24
26
27
12
16
18
0
-12
-21
-34
-35
-30
-35
-22
-5
-6
-3
-5
-8
-3
-8
-4
2
2
5
2
-5
-14
-13
-11
-14
-20
-29
-33
-36
-40
-36
-31
-34
-25
-20
-29
-25
-23
-21
-11
2
10
20
18
12
28
37
39
43
38
17
11
8
-3
3
2
-8
-6
-9
-13
-5
7
4
-10
-17
-17
-24
-28
-36
-43
-32
-21
-12
-6
1
-1
-1
11
4
-1
-2
-16
-25
-21
-2
9
7
14
23
28
31
22
6
3
8
13
8
-3
-9
-4
7
17
33
43
43
31
10
-9
-27
-33
-32
-31
-21
-8
3
15
12
6
14
18
17
13
4
-7
-9
-10
-21
-33
-37
-38
-32
-4
12
12
2
-5
-6
-7
1
-1
-6
-12
-26
-30
-10
7
11
15
21
19
9
4
5
9
11
11
12
11
20
22
22
24
17
5
0
11
12
8
22
26
13
7
7
6
8
9
11
19
24
15
5
0
-10
-20
-19
-13
-13
-11
-9
-10
-6
-3
10
19
15
4
2
2
-10
-6
-8
-14
-11
-12
-9
-2
2
3
3
-1
9
8
-4
-2
-12
-21
-25
-33
-29
-23
-8
-4
10
17
8
14
13
16
20
12
8
7
5
2
6
10
10
9
-1
-24
-32
-31
-35
-37
-31
-18
-9
-14
-18
-13
-4
-8
-12
-16
-31
-41
-42
-45
-34
-20
-13
-13
-13
-3
7
7
6
9
15
15
16
11
18
26
22
16
6
8
16
25
24
27
34
29
26
33
44
29
15
9
0
6
13
20
19
20
17
6
4
-6
-12
-3
6
4
4
14
7
9
9
-6
-25
-32
-38
-43
-36
-36
-33
-22
-13
-16
-18
-6
-2
-1
2
3
-2
-14
-15
-2
2
7
22
35
36
28
21
14
10
4
-1
3
10
10
6
17
25
30
32
28
16
0
-9
-14
-11
-6
-5
-3
-12
-18
-13
-5
6
11
6
-4
-1
-1
-1
9
7
-2
-20
-21
-16
-13
-14
-23
-25
-33
-33
-24
-24
-10
-1
0
8
14
14
9
15
14
11
11
-2
9
17
8
13
21
23
17
18
11
7
10
8
1
-13
-32
-34
-25
-33
-38
-36
-21
-15
-15
-14
-14
-6
-10
-23
-20
-11
-20
-21
-29
-31
-22
-19
-7
0
16
7
-10
1
5
8
5
13
18
17
24
15
12
10
13
21
23
26
25
28
34
34
34
36
25
23
18
12
8
7
18
13
16
13
4
6
2
-2
4
-5
-12
-3
-11
-15
-9
-17
-22
-18
-4
-4
-15
-20
-34
-43
-45
-32
-10
-5
-2
1
9
23
24
11
1
-1
4
16
17
10
7
16
20
21
15
8
13
9
5
0
-2
0
5
-3
-8
2
6
15
19
16
-3
-14
-14
-13
-7
-5
-15
-22
-20
-24
-31
-35
-25
-11
1
-2
-2
9
5
8
14
16
18
22
17
6
-5
-12
-4
10
19
29
36
30
16
10
8
6
12
10
-5
-24
-38
-38
-33
-23
-23
-35
-42
-37
-33
-32
-19
-15
-28
-40
-37
-33
-38
-26
-12
11
35
36
31
20
11
4
-1
4
12
18
24
17
15
13
4
8
20
15
1
-2
4
7
11
9
7
-1
-4
1
-2
1
4
24
51
57
49
49
47
36
26
17
1
-6
-5
-15
-14
-16
-15
-8
-5
1
-4
-13
-13
-14
-12
-22
-27
-35
-39
-25
-13
-2
5
11
3
-12
-12
-7
-4
-4
-1
-11
-24
-26
-30
-36
-30
-16
-7
-7
-9
-2
-2
-6
5
14
7
-6
-3
0
-1
-5
-4
17
30
28
17
12
17
19
21
17
9
15
34
45
34
24
14
11
15
19
13
18
26
27
37
38
35
31
21
12
8
0
-6
5
1
-1
-8
-9
3
5
12
5
-10
-21
-22
-23
-33
-46
-57
-56
-43
-38
-41
-42
-45
-44
-37
-31
-29
-27
-27
-32
-40
-40
-32
-31
-24
-12
-7
0
4
12
20
20
18
25
28
31
44
52
45
40
39
33
28
20
9
4
1
-6
-22
-20
-16
-24
-7
7
19
23
15
11
10
10
-1
12
17
8
0
-2
0
-3
-13
-26
-23
-24
-29
-25
-11
-2
-4
-7
-15
-19
-12
-7
-9
-7
-7
-13
-21
-10
1
7
18
27
31
10
-11
-5
-1
2
-6
-16
-17
-15
0
5
0
11
28
42
50
44
32
27
25
16
7
5
18
25
23
23
24
37
51
64
72
74
71
59
49
31
19
8
9
7
-8
-8
-7
-13
-27
-28
-35
-49
-55
-60
-50
-38
-25
-21
-18
-16
-25
-27
-24
-31
-25
-23
-21
-10
-16
-26
-43
-49
-46
-52
-41
-29
-23
-26
-34
-46
-61
-59
-44
-33
-23
-12
-11
-10
-10
-13
-13
-8
11
20
16
14
13
11
19
22
30
36
38
27
22
33
31
31
33
29
32
51
54
39
28
26
25
18
15
7
3
7
11
10
9
-7
0
26
27
29
28
18
9
9
2
-15
-14
-8
-2
-15
-28
-27
-27
-15
-12
-16
-14
-22
-30
-25
-19
-8
0
8
7
3
7
8
18
18
11
10
7
6
2
-14
-20
-22
-20
-12
3
18
12
9
13
14
11
2
-3
-8
-13
-9
-6
3
16
19
16
9
5
-1
-10
-13
-13
-14
-14
-16
-7
5
-1
-17
-24
-11
-5
-2
4
10
11
14
19
9
8
11
-11
-39
-58
-62
-49
-20
5
23
39
51
48
31
35
34
37
34
18
-1
-2
-3
-9
-3
-2
12
28
33
32
26
19
11
4
-8
-27
-42
-56
-52
-43
-37
-37
-29
-11
-8
-9
-6
1
-2
-7
-5
-17
-23
-19
-21
-16
-7
-4
2
5
-11
-22
-26
-25
-16
-13
-15
-21
-32
-41
-51
-55
-53
-44
-31
-21
3
27
33
42
46
46
50
57
58
46
42
45
50
54
45
38
32
25
26
34
43
39
39
35
24
16
1
-4
-1
-2
-4
-14
-19
-16
0
19
24
20
12
-5
-17
-27
-29
-26
-28
-27
-9
0
4
10
12
5
-3
3
13
6
-11
-20
-26
-32
-49
-57
-45
-36
-36
-46
-45
-40
-40
-23
-16
-8
1
4
15
25
12
-7
-10
-9
2
10
20
23
20
15
11
19
27
28
29
38
39
27
20
20
20
23
20
16
15
8
3
4
3
2
-5
-22
-26
-37
-49
-50
-45
-45
-43
-33
-31
-36
-26
-8
13
29
43
46
40
38
30
29
15
0
-4
-4
8
11
12
24
33
34
26
20
15
15
9
15
22
15
9
-5
-23
-25
-23
-28
-32
-31
-30
-34
-38
-47
-46
-42
-42
-41
-41
-37
-32
-35
-35
-34
-24
-13
-8
-12
-10
-2
0
9
19
27
36
33
22
23
27
37
42
46
44
34
30
26
26
15
6
-3
-13
-9
1
6
14
16
14
15
12
16
19
20
23
13
2
1
6
5
6
7
-7
-22
-31
-28
-15
-1
5
-4
-13
-27
-24
-11
-12
-8
8
18
22
33
28
23
26
21
9
1
-2
-7
0
16
19
23
36
28
25
21
17
19
17
12
8
9
1
-16
-19
-15
-9
-12
-20
-24
-29
-32
-33
-32
-36
-40
-41
-50
-67
-80
-87
-77
-74
-72
-48
-23
-13
-9
-3
-11
-19
-23
-21
-15
-14
-21
-20
-2
4
21
33
43
58
65
55
36
38
37
39
49
52
58
71
64
52
52
44
30
23
18
10
2
0
4
6
12
14
6
16
17
2
-6
-13
-20
-23
-29
-29
-19
-16
-19
-20
-19
-10
7
7
-12
-29
-41
-39
-29
-31
-38
-29
-11
-6
-19
-27
-21
-16
-11
-14
-26
-34
-31
-13
9
19
29
34
37
29
23
19
13
6
9
16
23
15
-1
13
25
38
38
27
24
19
13
6
1
2
5
18
22
29
36
26
26
19
-8
-26
-29
-32
-30
-23
-34
-37
-21
-19
-24
-17
-12
-12
-14
-17
-23
-28
-27
-24
-12
-1
-3
-10
-17
-26
-25
-11
-2
7
7
6
-6
-9
-11
-14
8
22
28
26
30
32
35
41
36
33
45
55
49
46
33
23
20
20
23
19
13
4
0
-9
-27
-34
-31
-22
-24
-24
-16
-24
-29
-25
-23
-19
-14
-11
-9
-6
-11
-21
-10
-4
-4
6
2
-7
-15
-26
-38
-39
-38
-50
-53
-47
-45
-36
-28
-24
-9
1
8
4
-5
-15
-19
-10
-7
5
9
1
0
9
24
35
42
35
26
28
26
22
22
19
13
17
26
18
24
31
29
36
35
41
39
34
31
28
31
28
29
11
-2
0
0
8
20
22
18
10
-3
-12
-16
-25
-24
-15
-9
-4
-5
7
13
19
29
29
28
17
5
2
3
6
0
-13
-29
-40
-44
-44
-41
-29
-22
-19
-18
-32
-52
-54
-53
-53
-52
-55
-50
-34
-34
-35
-23
-20
-20
-10
-7
-6
-5
1
0
1
8
0
2
20
35
47
44
36
46
64
66
57
55
55
51
40
46
55
58
60
53
42
24
14
-7
-31
-46
-59
-54
-42
-40
-36
-30
-28
-23
-26
-34
-50
-69
-70
-64
-50
-40
-42
-35
-30
-26
-11
5
16
6
3
-3
-6
3
7
13
14
26
38
28
29
32
29
28
18
11
14
24
26
29
36
34
38
36
23
5
1
3
3
7
6
5
1
1
-8
-22
-22
-24
-35
-34
-37
-37
-27
-11
0
7
4
3
7
9
13
10
10
7
12
21
33
34
22
19
23
19
16
10
8
10
8
8
1
-6
-11
-4
10
13
12
3
0
-3
-20
-28
-32
-29
-22
-14
4
10
22
37
29
17
8
-2
-2
1
1
1
1
4
-1
-5
-3
-2
-8
-12
-21
-36
-32
-15
-5
-3
-10
-31
-44
-36
-27
-8
18
32
19
-5
-23
-43
-59
-57
-56
-50
-38
-39
-42
-45
-41
-43
-41
-25
-16
0
7
3
9
18
23
18
23
17
0
10
20
22
37
48
41
34
31
22
17
21
26
42
56
58
71
82
78
71
65
60
53
39
35
32
27
25
18
16
17
15
17
4
-21
-40
-34
-26
-29
-31
-42
-47
-47
-44
-51
-54
-51
-58
-72
-76
-67
-62
-44
-30
-30
-21
-22
-27
-25
-15
-9
-12
2
16
19
26
33
35
40
34
22
10
2
8
12
26
39
38
35
32
19
18
13
3
9
11
13
18
19
15
6
-9
-21
-12
-7
-3
15
23
26
25
17
4
-6
-8
-13
-10
-4
1
-10
-22
-22
-31
-45
-45
-41
-39
-27
-11
2
20
31
15
6
0
-22
-27
-33
-44
-42
-41
-34
-10
19
30
43
54
38
27
28
31
21
2
-9
-16
-12
1
9
8
18
21
7
12
21
9
11
17
-7
-14
-3
-9
-2
6
-8
-11
-11
-16
-14
-11
-17
-8
2
-5
4
6
7
14
5
-10
-11
-17
-11
3
6
16
16
-6
-16
-17
-35
-36
-23
-32
-28
-27
-46
-41
-18
-16
-5
18
5
-9
-13
-29
-17
4
11
29
44
36
25
29
24
25
34
27
24
32
27
19
16
10
12
19
25
14
8
10
10
21
32
46
42
26
33
24
10
5
2
5
14
17
16
32
37
21
22
23
-2
-17
-21
-34
-45
-51
-64
-61
-38
-37
-50
-54
-62
-69
-60
-45
-23
-1
7
16
24
11
-7
-15
-14
-7
18
37
28
40
51
41
39
44
17
-3
-11
-29
-24
2
3
19
35
19
19
9
-19
-22
-13
-24
-15
-16
-50
-57
-53
-57
-35
-12
-11
-5
4
-1
-2
-1
0
-8
-27
-33
-50
-76
-62
-43
-44
-9
14
6
38
59
22
11
20
-2
17
30
6
2
-11
-17
2
-1
-23
8
34
28
56
49
19
47
56
42
56
23
-38
-31
-11
-13
35
56
29
28
49
55
53
61
52
49
48
34
6
-15
-4
-3
-18
7
17
-18
-29
-17
10
8
5
10
-15
-52
-72
-93
-110
-62
-14
-8
16
34
2
3
0
-45
-55
-13
-22
-17
6
-26
-5
4
6
36
2
-34
-26
-30
-38
-5
23
26
79
63
27
55
17
15
61
56
16
35
63
29
48
27
-13
33
11
-61
-57
-44
-50
-27
-14
-25
-38
3
46
44
12
-28
-44
-34
-54
-58
-21
-61
-59
-49
-66
-63
-89
-72
-38
5
-26
-82
-26
-46
-14
92
0
-25
67
82
56
33
-42
-63
19
-96
-189
-87
-73
-35
56
20
36
98
46
-32
5
-28
-43
108
34
-23
91
117
102
101
120
135
178
177
109
98
67
-52
-130
-108
-84
-146
-132
-78
-68
-2
31
-32
-40
6
-24
-41
-57
-62
27
69
-14
-31
10
45
92
24
-37
90
121
19
96
140
99
151
135
0
84
113
17
68
32
-28
16
25
-93
-75
-26
-97
-101
-79
-99
-98
-103
-117
-108
-110
-35
-5
-46
-16
-5
-34
29
61
1
73
153
60
58
87
-23
5
45
-18
4
58
81
86
51
20
33
19
-75
-111
-60
1
-3
-65
-89
-51
-13
-68
-78
-75
-75
-48
-96
-167
-195
-171
-68
-103
-129
-47
-15
65
104
91
41
59
46
-42
49
138
22
58
135
93
94
110
130
109
143
171
112
118
101
-3
41
31
52
12
28
202
174
122
-45
-249
-127
27
-95
-197
-170
39
-10
-234
-522
-397
16
-52
-374
-434
-125
-66
-171
-518
-565
-152
1
-173
-369
-135
308
132
112
-86
-76
345
136
257
242
396
630
394
467
459
356
392
180
409
512
425
427
256
286
233
191
60
81
226
256
143
-17
-84
-204
-167
-195
-331
-257
-309
-347
-330
-474
-367
-372
-438
-421
-471
-391
-398
-377
-337
-257
-152
-152
-135
-84
92
121
34
49
122
283
367
426
413
465
699
645
445
376
282
191
137
45
-63
21
75
-81
-201
-246
-371
-584
-743
-866
-896
-812
-737
-670
-585
-416
-387
-345
-146
-109
-215
-202
-28
58
130
271
410
633
813
862
843
930
1167
1149
941
892
945
1010
945
698
405
483
618
458
471
469
161
-41
-24
-159
-476
-629
-788
-850
-653
-740
-951
-1025
-892
-828
-987
-1056
-1101
-1082
-949
-987
-1209
-1241
-1086
-1077
-1085
-997
-894
-781
-554
-344
-368
-201
-16
75
500
1135
1465
1288
1418
1951
1850
1486
1674
1720
1617
2010
2198
1662
1423
1675
1343
914
830
329
-320
-137
98
-465
-950
-883
-1133
-1445
-1311
-1606
-2105
-1603
-1181
-1719
-1694
-1270
-1428
-1410
-794
-777
-1211
-770
-321
-445
-171
42
-72
236
1040
1455
1013
868
1236
1476
1312
1004
915
916
1424
1984
1347
472
556
757
280
-57
5
-371
-393
289
126
-848
-1002
-754
-1026
-927
-805
-1294
-1085
-263
-292
-792
-690
-671
-969
-722
-506
-787
-674
-41
178
-75
-26
-28
-173
78
267
215
374
908
1148
1112
1397
1448
1123
1234
1523
1418
1249
1419
1566
1459
1296
1084
535
-17
62
-41
-604
-571
-236
-504
-693
-577
-1034
-1646
-1434
-1347
-1794
-1574
-1122
-1410
-1424
-984
-1304
-1636
-1175
-1034
-1311
-1047
-721
-986
-828
-441
-584
-417
241
608
800
1173
1223
1333
1787
1620
1255
1823
2242
2006
2061
1916
1104
1015
1108
336
-168
187
42
-343
92
-168
-1143
-1064
-667
-1108
-1213
-800
-755
-545
63
-3
-466
-207
-31
-466
-594
-610
-864
-785
-618
-777
-929
-975
-1147
-1231
-1330
-1591
-1547
-1357
-1104
-574
-39
94
312
815
1077
1109
1180
1464
1808
2123
2350
2311
2152
2288
2153
1713
1551
1252
672
484
529
216
-6
2
-217
-390
-332
-498
-917
-950
-682
-897
-1100
-754
-517
-739
-710
-472
-708
-687
-443
-419
-205
97
321
707
753
203
397
898
397
162
854
989
991
1431
1053
183
483
593
-518
-888
-466
-1036
-1463
-585
-631
-1639
-1385
-953
-1473
-1447
-1153
-1414
-1121
-236
-314
-620
-74
131
-125
-71
-79
-355
-286
-7
-202
-611
-737
-709
-764
-779
-772
-816
-589
-176
-90
41
492
692
896
1609
2107
2094
2154
2611
2923
2683
2515
2720
2771
2355
1858
1494
1203
968
383
-441
-762
-909
-1453
-1901
-2070
-2256
-2374
-2319
-2213
-1992
-1857
-1933
-1816
-1537
-1501
-1545
-1398
-1225
-945
-681
-621
-545
-355
-331
-505
-591
-711
-853
-593
-123
250
710
996
1205
1830
2160
1741
1702
2178
2294
2510
2992
2562
2062
2533
2320
1192
642
480
-38
-199
30
-463
-1062
-760
-681
-1340
-1437
-1150
-1410
-1233
-542
-741
-960
-220
20
-386
-123
-11
-448
-264
-27
-485
-606
-353
-627
-827
-623
-826
-1136
-1000
-748
-603
-505
-234
228
522
393
402
778
936
871
928
1162
1561
1901
1833
1389
1294
1488
1060
463
227
-197
-599
-427
-358
-835
-1053
-876
-781
-825
-902
-1034
-1085
-882
-668
-655
-629
-268
-35
-83
55
64
-308
-333
-127
-352
-468
-178
-156
-369
-365
-271
-102
-6
-213
-141
465
725
352
313
854
1027
840
922
867
567
730
740
-25
-311
-30
-385
-668
-202
-407
-973
-553
-297
-816
-779
-399
-525
-469
-130
-279
-394
158
447
161
212
482
276
109
303
181
-194
-303
-403
-619
-545
-474
-762
-748
-279
-163
-243
170
577
443
610
1283
1476
1418
1934
2196
1954
2209
2362
1737
1429
1584
1051
317
194
-196
-780
-660
-714
-1286
-1348
-1194
-1566
-1801
-1487
-1645
-2006
-1610
-1248
-1395
-1219
-870
-947
-818
-375
-537
-736
-218
-103
-571
-598
-490
-800
-927
-663
-654
-648
-139
308
293
481
1200
1531
1293
1375
1720
1758
1856
2089
1825
1735
2379
2419
1588
1384
1540
984
603
722
171
-456
-157
-71
-530
-463
-307
-566
-424
-153
-534
-805
-459
-437
-606
-374
-391
-677
-600
-549
-875
-1157
-1334
-1693
-1865
-1679
-1727
-1770
-1543
-1335
-1000
-491
-363
-505
-36
534
446
394
756
988
1162
1568
1529
1096
1253
1555
1163
789
929
701
233
257
7
-734
-895
-631
-862
-1111
-850
-717
-635
-154
-84
-541
-408
55
-247
-675
-438
-379
-632
-403
-190
-499
-631
-442
-627
-828
-620
-685
-851
-438
153
287
367
881
1428
1533
1430
1553
1817
1964
2135
2102
1710
1708
2070
1816
1149
902
610
-5
-304
-627
-1413
-1600
-1123
-1138
-1412
-1151
-887
-787
-396
-301
-649
-519
-71
-159
-373
-360
-370
-331
-283
-523
-796
-803
-843
-1027
-1131
-1170
-1301
-1349
-1211
-1102
-860
-381
68
550
1296
1968
2009
2061
2608
2832
2757
2814
2657
2427
2563
2395
1747
1494
1416
685
57
-61
-697
-1422
-1498
-1672
-2162
-2238
-1982
-1917
-1729
-1467
-1466
-1338
-973
-905
-1170
-1290
-1235
-1145
-1183
-1361
-1428
-1351
-1366
-1436
-1486
-1585
-1643
-1491
-1266
-1050
-537
16
276
758
1627
2109
2202
2502
2931
3120
3332
3555
3253
3106
3451
3233
2443
2058
1770
892
222
-60
-815
-1438
-1359
-1358
-1627
-1700
-1710
-1815
-1588
-1381
-1658
-1704
-1196
-983
-1167
-1033
-789
-817
-804
-664
-789
-933
-780
-789
-1002
-1018
-1029
-1194
-1150
-1012
-1051
-822
-230
56
310
1184
1857
1824
1984
2406
2424
2375
2275
1804
1695
2063
1767
1055
1041
993
272
-149
-237
-896
-1519
-1483
-1513
-1810
-1716
-1347
-1149
-840
-581
-605
-337
133
43
-197
10
39
-178
-50
58
-111
-88
-4
-252
-453
-417
-492
-522
-336
-103
275
699
842
1157
1994
2469
2341
2523
2913
2861
2798
2778
2291
1906
2056
1754
908
518
347
-368
-1095
-1460
-2057
-2597
-2750
-3064
-3425
-3256
-3083
-3227
-2866
-2256
-2221
-2081
-1343
-979
-1110
-823
-410
-584
-791
-599
-564
-659
-592
-558
-500
-217
-113
-237
-39
221
257
540
940
1076
1381
2065
2401
2333
2656
3205
3366
3267
3097
2817
2695
2638
2082
1374
1114
822
237
-220
-643
-1208
-1489
-1598
-1973
-2235
-2064
-1991
-2099
-1901
-1733
-1916
-1792
-1385
-1492
-1705
-1470
-1394
-1614
-1576
-1477
-1683
-1721
-1566
-1588
-1364
-918
-820
-737
-276
62
302
953
1534
1775
2403
3341
3588
3552
4022
4325
4105
3926
3720
3286
3032
2736
1939
1264
989
384
-430
-871
-1352
-2003
-2163
-2186
-2544
-2584
-2220
-2243
-2294
-1838
-1609
-1628
-1215
-868
-998
-861
-478
-639
-954
-952
-1056
-1193
-1296
-1652
-1870
-1610
-1511
-1763
-1611
-1130
-937
-680
-27
434
709
1499
2375
2631
2802
3411
3851
3887
3981
3922
3724
3756
3457
2705
2335
2104
1249
454
286
-243
-1097
-1333
-1483
-2010
-2218
-1992
-2092
-2249
-2023
-1934
-1988
-1878
-1784
-1759
-1586
-1548
-1749
-1707
-1488
-1559
-1691
-1681
-1649
-1516
-1268
-1176
-1173
-856
-421
-206
77
608
904
1022
1597
2149
2094
2115
2552
2741
2577
2463
2186
1832
1814
1504
715
456
457
-39
-434
-424
-774
-1326
-1151
-897
-1221
-1244
-855
-726
-609
-276
-180
-283
-132
-125
-310
-191
-187
-557
-725
-741
-1014
-1248
-1332
-1520
-1570
-1306
-1196
-1251
-916
-470
-313
114
821
1112
1387
2278
2921
2840
2984
3441
3570
3574
3508
3069
2744
2760
2241
1188
735
556
-307
-945
-975
-1629
-2518
-2444
-2374
-2983
-3074
-2737
-2853
-2750
-2255
-2153
-2122
-1765
-1691
-1672
-1246
-1079
-1295
-1119
-766
-870
-876
-539
-511
-526
-97
182
106
297
721
1012
1400
1766
1886
2293
2951
3118
3003
3127
3284
3330
3355
2998
2377
2281
2320
1605
763
613
384
-336
-738
-902
-1512
-1912
-1782
-1824
-2063
-2085
-2048
-2038
-1797
-1732
-1867
-1665
-1439
-1590
-1560
-1227
-1339
-1636
-1460
-1348
-1582
-1624
-1451
-1418
-1255
-875
-720
-619
-334
-90
296
953
1236
1304
1996
2818
2905
2800
3022
3144
3213
3324
2845
2237
2384
2360
1388
585
541
175
-622
-1052
-1375
-1857
-2004
-1986
-2265
-2396
-2295
-2216
-1955
-1657
-1735
-1667
-1066
-813
-1055
-906
-546
-562
-634
-515
-505
-500
-317
-235
-226
-42
37
69
307
465
446
774
1374
1428
1339
1878
2479
2566
2594
2751
2853
2988
2975
2353
1701
1826
1883
1041
245
126
-84
-604
-1018
-1414
-1892
-2065
-2054
-2253
-2412
-2411
-2339
-2017
-1758
-1943
-1971
-1528
-1317
-1470
-1304
-1028
-1137
-1263
-1040
-881
-932
-919
-801
-550
-231
-89
13
292
546
714
1092
1644
1885
1982
2489
3199
3494
3407
3356
3466
3545
3281
2628
2073
2076
1986
1141
221
-146
-407
-950
-1503
-1921
-2302
-2487
-2471
-2526
-2683
-2734
-2528
-2258
-2106
-2131
-1976
-1573
-1456
-1618
-1484
-1229
-1328
-1355
-1144
-1124
-1153
-976
-884
-818
-620
-528
-468
-111
250
401
760
1378
1797
2088
2571
3171
3699
3951
3988
4121
4352
4220
3613
3074
2779
2360
1768
1172
628
156
-369
-869
-1259
-1703
-2205
-2530
-2714
-2952
-3095
-2981
-2825
-2812
-2754
-2471
-2104
-1981
-2022
-1883
-1602
-1550
-1673
-1640
-1444
-1276
-1228
-1163
-962
-730
-528
-301
-23
236
488
769
1124
1573
1828
1914
2350
3025
3362
3310
3386
3706
3761
3452
2994
2587
2271
1818
1076
448
118
-370
-963
-1222
-1401
-1722
-1814
-1807
-2052
-2120
-1909
-1807
-1795
-1641
-1495
-1309
-994
-902
-942
-789
-674
-723
-639
-649
-847
-776
-527
-623
-686
-463
-414
-385
-79
158
144
372
868
1226
1523
1902
2412
2955
3264
3326
3421
3593
3500
3151
2689
2221
1763
1298
759
107
-391
-659
-1006
-1644
-2105
-2144
-2245
-2660
-2850
-2752
-2804
-2809
-2605
-2386
-2239
-2053
-1833
-1595
-1383
-1266
-1245
-1176
-1054
-961
-931
-1006
-1010
-838
-662
-594
-531
-454
-268
114
425
482
798
1491
1872
2080
2875
3634
3636
3676
4034
4146
4037
3795
3050
2362
2302
1913
885
284
55
-457
-966
-1385
-1848
-2017
-2063
-2508
-2789
-2587
-2675
-2956
-2748
-2481
-2570
-2426
-2082
-2078
-2064
-1775
-1620
-1594
-1443
-1239
-984
-656
-542
-452
-63
161
152
390
703
594
576
1018
1396
1658
2118
2664
3098
3564
3918
4022
4132
4306
4276
3941
3428
2981
2623
2085
1335
718
301
-202
-739
-1222
-1690
-2041
-2260
-2564
-2879
-3060
-3196
-3248
-3127
-3031
-3015
-2786
-2471
-2344
-2115
-1804
-1747
-1683
-1389
-1120
-1029
-896
-668
-466
-152
145
317
492
666
761
858
1119
1381
1582
1882
2327
2774
3134
3493
3693
3661
3744
3948
3598
2780
2278
2084
1566
753
160
-235
-610
-1014
-1466
-1879
-2258
-2540
-2597
-2665
-2953
-3074
-2877
-2917
-3127
-2962
-2687
-2734
-2688
-2337
-2124
-2054
-1801
-1498
-1294
-912
-398
-63
95
300
608
793
705
558
681
822
774
928
1410
1718
1924
2597
3469
3867
3963
4198
4424
4427
4090
3533
3022
2641
2084
1385
863
372
-236
-808
-1331
-1861
-2209
-2552
-3042
-3381
-3415
-3409
-3515
-3486
-3265
-3032
-2832
-2730
-2672
-2502
-2252
-2102
-1997
-1773
-1556
-1231
-636
-58
238
518
932
1178
1216
1232
1197
1019
813
877
1327
1705
1795
2150
2973
3680
3923
4115
4416
4487
4317
4081
3578
2788
2146
1672
968
187
-250
-645
-1202
-1697
-1953
-2268
-2758
-3087
-3188
-3284
-3436
-3388
-3234
-3131
-3029
-2690
-2366
-2383
-2325
-1889
-1612
-1805
-1701
-1021
-519
-353
18
574
870
958
1074
1219
1246
1105
950
868
1031
1423
1831
2153
2567
3214
3828
4123
4075
4086
4285
4039
3232
2603
2298
1674
840
223
-381
-1010
-1433
-1925
-2597
-2904
-2962
-3378
-3789
-3699
-3604
-3724
-3727
-3595
-3440
-3139
-2874
-2829
-2660
-2293
-2035
-1865
-1505
-1004
-513
-73
298
688
1134
1342
1293
1317
1270
993
699
577
567
878
1471
1808
2064
2789
3684
4202
4369
4489
4648
4686
4272
3490
2851
2327
1588
820
148
-636
-1241
-1532
-1950
-2568
-2906
-3009
-3256
-3518
-3636
-3665
-3601
-3562
-3517
-3316
-3089
-2950
-2639
-2106
-1641
-1232
-761
-320
59
676
1177
1308
1491
1855
1951
1592
1341
1362
1296
1006
720
646
854
1207
1503
1860
2466
3188
3674
3798
3895
4120
4155
3732
3100
2599
2011
1073
137
-549
-1246
-1909
-2349
-2783
-3280
-3442
-3416
-3609
-3815
-3857
-3803
-3761
-3793
-3934
-3912
-3576
-3264
-3028
-2572
-1893
-1200
-531
145
729
1313
1846
2102
2258
2469
2422
2085
1952
2011
1783
1397
1230
1286
1595
1986
2154
2330
2869
3412
3665
3610
3492
3528
3529
3002
2180
1815
1430
593
-185
-661
-1245
-1758
-2009
-2378
-2817
-2966
-3006
-3273
-3554
-3722
-3761
-3746
-3882
-4021
-3894
-3692
-3622
-3386
-2987
-2689
-2244
-1598
-1093
-717
-103
570
871
1028
1365
1592
1469
1236
1202
1252
1060
843
871
1247
1769
2094
2426
3092
3755
4124
4421
4684
4659
4546
4407
3795
3009
2516
1938
1041
365
-147
-757
-1104
-1434
-2026
-2289
-2246
-2667
-3246
-3341
-3483
-3916
-4085
-4089
-4251
-4160
-3769
-3473
-3148
-2651
-2040
-1398
-803
-344
174
776
1060
1197
1555
1784
1514
1301
1451
1407
1102
974
880
782
1026
1503
1736
1852
2365
3081
3541
3617
3539
3565
3547
3156
2554
2074
1592
952
421
38
-427
-828
-1093
-1453
-1806
-1922
-2122
-2576
-2946
-3117
-3326
-3588
-3725
-3708
-3529
-3199
-2811
-2383
-1876
-1297
-727
-225
263
708
1055
1309
1352
1318
1462
1484
1146
935
983
820
538
444
382
448
793
1001
1051
1541
2163
2330
2426
2684
2767
2746
2716
2291
1724
1475
1114
411
-113
-519
-1046
-1452
-1861
-2435
-2740
-2797
-3190
-3611
-3683
-3808
-4048
-3968
-3835
-3835
-3498
-2846
-2345
-1921
-1171
-337
227
734
1341
1802
2126
2381
2500
2506
2411
2188
1897
1742
1576
1292
1118
944
771
999
1384
1290
1262
1957
2457
2369
2465
2724
2673
2611
2485
1942
1480
1267
698
-7
-389
-928
-1507
-1690
-2074
-2819
-3023
-2972
-3481
-3936
-3775
-3743
-4003
-3936
-3609
-3227
-2730
-2271
-1872
-1207
-420
182
712
1270
1693
2116
2568
2636
2467
2539
2627
2276
1843
1702
1545
1183
882
721
644
734
924
1056
1243
1575
1892
2110
2185
2216
2229
2221
1887
1339
1035
797
283
-342
-726
-1068
-1426
-1781
-2246
-2699
-2919
-3048
-3397
-3806
-3965
-3865
-3705
-3672
-3584
-3234
-2703
-2219
-1745
-1158
-546
65
612
1092
1489
1793
1982
2053
2023
1953
1846
1584
1331
1226
1118
907
733
679
846
1206
1403
1435
1722
2231
2516
2568
2551
2496
2447
2378
2035
1524
1224
907
376
-150
-601
-1043
-1404
-1741
-2194
-2556
-2744
-2971
-3183
-3262
-3308
-3308
-3174
-3018
-2798
-2423
-1941
-1467
-1023
-517
70
560
793
1058
1498
1674
1464
1388
1392
1149
862
665
368
53
-31
-121
-260
-296
-144
184
589
919
1273
1772
2191
2439
2650
2824
2675
2394
2291
2109
1625
1116
743
336
-145
-634
-1124
-1559
-1899
-2201
-2546
-2876
-3070
-3160
-3157
-3073
-2964
-2786
-2382
-1880
-1430
-975
-515
-63
480
973
1210
1371
1542
1625
1643
1611
1326
961
760
515
147
-118
-332
-568
-537
-316
-239
-116
360
858
1220
1683
2098
2385
2691
2914
2946
2961
2755
2218
1845
1630
981
158
-286
-697
-1288
-1679
-1972
-2421
-2710
-2788
-2938
-3153
-3182
-3076
-2870
-2525
-2205
-1889
-1410
-833
-348
60
467
864
1173
1337
1397
1436
1399
1232
934
666
481
191
-187
-413
-471
-589
-664
-582
-459
-284
106
539
850
1228
1675
2026
2275
2408
2345
2300
2321
2003
1456
1112
831
323
-130
-473
-905
-1319
-1627
-1899
-2196
-2381
-2536
-2624
-2595
-2510
-2338
-2077
-1779
-1503
-1082
-574
-259
-74
179
495
744
866
845
792
767
726
582
343
145
-8
-148
-303
-364
-389
-434
-304
-104
88
399
821
1190
1487
1823
2097
2262
2354
2296
2222
2278
2168
1721
1308
1136
753
129
-310
-615
-997
-1358
-1591
-1807
-1928
-2008
-2142
-2188
-2083
-2005
-1899
-1628
-1382
-1212
-901
-509
-321
-149
127
381
469
436
418
437
506
444
315
238
161
69
4
-79
-179
-209
-167
-121
-34
124
299
542
850
1127
1373
1658
1981
2190
2167
2021
2035
2029
1665
1281
1217
1036
441
50
-24
-278
-689
-928
-1153
-1478
-1608
-1648
-1797
-1926
-1903
-1767
-1658
-1646
-1593
-1337
-1069
-983
-863
-546
-260
-166
-88
66
132
117
101
33
-41
-5
-12
-199
-339
-335
-348
-397
-335
-250
-243
-83
328
635
729
1009
1439
1679
1769
1955
2111
2074
1981
1856
1720
1579
1360
961
573
337
77
-273
-611
-959
-1236
-1382
-1558
-1765
-1860
-1914
-2033
-2002
-1899
-1938
-1830
-1436
-1102
-890
-521
-110
56
162
392
613
574
418
474
599
475
166
5
-64
-213
-308
-238
-265
-317
-91
143
250
450
728
847
1009
1404
1681
1709
1744
1951
2077
1888
1632
1641
1646
1294
945
910
709
156
-145
-255
-696
-1141
-1240
-1389
-1858
-2104
-1986
-1992
-2146
-2118
-1806
-1485
-1301
-1097
-670
-257
-76
138
422
581
661
733
664
476
325
163
-73
-306
-429
-517
-737
-908
-768
-645
-750
-652
-271
18
188
582
1101
1491
1732
1946
2176
2397
2561
2466
2344
2296
2076
1644
1350
1062
500
-4
-294
-688
-1227
-1595
-1836
-2071
-2277
-2374
-2323
-2215
-2138
-1955
-1618
-1304
-1183
-932
-393
-45
71
377
680
659
595
673
633
357
159
60
-178
-521
-708
-722
-892
-1087
-951
-747
-761
-656
-208
182
368
710
1202
1499
1678
1995
2338
2468
2373
2287
2275
2201
2014
1659
1295
938
503
58
-394
-933
-1393
-1530
-1785
-2204
-2278
-2223
-2396
-2415
-2072
-1830
-1724
-1388
-983
-714
-441
-127
111
333
521
622
662
597
381
170
32
-196
-451
-684
-830
-868
-879
-835
-694
-581
-450
-77
305
515
820
1331
1662
1847
2197
2468
2528
2598
2641
2386
2141
2076
1783
1363
1090
774
315
-92
-526
-1075
-1431
-1600
-1966
-2313
-2256
-2157
-2188
-2074
-1745
-1461
-1213
-809
-425
-83
256
495
667
832
935
931
901
806
620
400
113
-235
-525
-638
-694
-790
-866
-817
-678
-597
-457
-162
108
225
475
934
1193
1282
1508
1740
1731
1760
1867
1683
1344
1251
1155
725
332
18
-404
-751
-1037
-1449
-1825
-2020
-2176
-2241
-2160
-2165
-2145
-1827
-1497
-1330
-991
-569
-359
-151
226
491
545
685
824
827
774
655
546
374
162
19
-59
-214
-385
-396
-412
-504
-506
-405
-308
-100
293
594
806
1160
1509
1643
1735
1931
2022
1981
1984
1992
1827
1531
1206
878
484
15
-487
-995
-1421
-1750
-1974
-2162
-2401
-2528
-2434
-2277
-2120
-1882
-1635
-1355
-986
-603
-367
-236
17
367
548
538
553
558
436
355
424
380
167
129
267
212
32
9
11
-68
-24
107
72
40
338
758
961
1196
1583
1818
1930
2172
2377
2418
2400
2365
2271
2098
1758
1267
864
547
124
-259
-585
-1067
-1415
-1464
-1694
-2062
-2109
-2055
-2189
-2145
-1811
-1623
-1518
-1232
-921
-725
-588
-440
-213
-129
-192
-157
-110
-273
-449
-355
-330
-541
-660
-662
-810
-1008
-962
-853
-909
-851
-542
-241
-81
222
621
892
1251
1715
2036
2160
2233
2338
2367
2258
2056
1891
1701
1327
853
464
120
-250
-510
-685
-997
-1280
-1377
-1511
-1607
-1574
-1564
-1587
-1518
-1423
-1336
-1115
-821
-630
-441
-203
25
207
259
290
378
346
195
170
195
46
-128
-93
-19
-134
-288
-252
-172
-213
-155
24
185
350
610
857
1026
1276
1559
1794
1954
2017
2010
1981
1823
1592
1498
1321
962
767
635
220
-236
-476
-756
-1142
-1366
-1490
-1695
-1798
-1793
-1861
-1895
-1838
-1760
-1607
-1449
-1363
-1178
-887
-713
-656
-568
-511
-409
-254
-281
-329
-240
-195
-215
-216
-232
-283
-239
-173
-137
-2
148
285
539
801
983
1217
1497
1615
1759
2058
2176
2116
2218
2334
2268
2221
2179
2013
1838
1693
1363
922
580
209
-218
-614
-1053
-1436
-1645
-1874
-2174
-2272
-2232
-2344
-2411
-2251
-2155
-2090
-1886
-1668
-1478
-1196
-914
-765
-556
-300
-145
-51
56
113
95
82
26
-21
49
58
2
110
225
241
355
534
604
755
983
1099
1274
1523
1717
1886
2059
2183
2332
2433
2300
2144
2102
1946
1622
1263
883
466
52
-351
-868
-1425
-1764
-2062
-2470
-2825
-3015
-3076
-3119
-3120
-3006
-2756
-2460
-2146
-1750
-1346
-963
-599
-315
-40
251
443
524
612
675
709
762
699
534
505
503
356
244
265
286
222
218
321
448
655
952
1147
1318
1704
2060
2193
2436
2787
2907
2926
2901
2726
2536
2362
2001
1481
1050
540
-104
-716
-1294
-1888
-2413
-2764
-3116
-3396
-3441
-3386
-3375
-3182
-2802
-2549
-2317
-1964
-1598
-1341
-1057
-738
-532
-341
-142
27
147
281
427
528
536
461
445
439
336
183
156
231
290
379
526
705
1007
1317
1551
1921
2327
2543
2758
3025
3117
3199
3276
3117
2902
2820
2497
1923
1435
890
198
-421
-1083
-1845
-2474
-2966
-3430
-3783
-3927
-3943
-3856
-3722
-3420
-2952
-2503
-2071
-1629
-1233
-857
-450
-123
81
361
574
609
671
704
681
545
388
272
159
93
-2
-90
-145
-171
-100
-25
105
351
627
948
1281
1560
1789
2095
2431
2621
2818
2990
2982
2906
2746
2443
2011
1532
946
278
-387
-1082
-1729
-2388
-2935
-3331
-3714
-3888
-3816
-3753
-3642
-3279
-2848
-2531
-2089
-1536
-1130
-736
-272
138
467
776
1036
1208
1265
1266
1328
1369
1320
1212
1116
997
821
711
632
513
443
456
483
535
619
757
960
1146
1348
1631
1879
2006
2232
2436
2413
2396
2331
2062
1714
1338
820
269
-303
-959
-1490
-1929
-2410
-2766
-3038
-3378
-3526
-3440
-3408
-3262
-2946
-2699
-2420
-1998
-1531
-1150
-842
-488
-146
128
363
607
809
916
1032
1144
1202
1228
1227
1264
1273
1224
1256
1299
1279
1218
1213
1273
1186
1060
1068
1062
948
910
946
851
793
896
883
771
751
658
446
254
54
-205
-454
-745
-1135
-1450
-1739
-2021
-2217
-2453
-2644
-2700
-2722
-2687
-2510
-2312
-2048
-1652
-1195
-749
-261
160
426
761
1094
1316
1486
1596
1609
1640
1709
1668
1549
1456
1362
1233
1157
1116
986
857
823
784
725
667
605
526
464
412
338
306
242
143
129
158
135
125
124
57
-41
-132
-247
-428
-659
-938
-1214
-1477
-1741
-1991
-2262
-2452
-2532
-2568
-2571
-2432
-2173
-1958
-1643
-1277
-918
-558
-212
112
419
786
1029
1210
1408
1555
1674
1813
1899
1880
1882
1839
1695
1581
1500
1363
1226
1054
826
614
496
387
260
175
125
115
129
189
285
426
569
654
749
900
962
871
790
688
463
197
-118
-509
-913
-1267
-1617
-1958
-2239
-2424
-2530
-2587
-2536
-2387
-2167
-1900
-1587
-1284
-971
-615
-271
26
337
651
902
1115
1298
1441
1490
1517
1515
1423
1349
1244
1043
857
726
555
325
136
-7
-175
-272
-304
-314
-251
-156
-38
115
338
486
587
732
818
860
915
900
756
613
401
103
-164
-460
-793
-1025
-1213
-1464
-1658
-1762
-1894
-1948
-1913
-1854
-1691
-1510
-1325
-1072
-721
-411
-122
209
492
688
894
1101
1243
1326
1385
1449
1406
1353
1267
1053
818
583
328
136
-68
-300
-431
-522
-626
-617
-533
-511
-425
-286
-179
25
259
465
713
891
976
1039
1064
982
841
716
536
238
-67
-336
-595
-906
-1160
-1341
-1545
-1637
-1652
-1655
-1516
-1307
-1166
-974
-709
-480
-242
111
397
645
946
1149
1282
1385
1468
1479
1412
1363
1261
1109
964
822
624
426
281
61
-151
-278
-412
-513
-487
-451
-452
-344
-191
-51
163
357
478
603
707
766
775
716
594
444
258
-2
-282
-582
-878
-1117
-1336
-1513
-1690
-1792
-1813
-1801
-1714
-1543
-1380
-1219
-981
-717
-431
-102
202
435
664
849
1011
1172
1243
1291
1399
1487
1508
1518
1465
1333
1189
1047
885
690
399
133
-91
-353
-558
-700
-850
-990
-1000
-988
-917
-714
-523
-296
-77
83
261
417
447
394
410
367
221
56
-159
-396
-649
-937
-1197
-1382
-1563
-1716
-1766
-1734
-1684
-1553
-1373
-1207
-941
-590
-249
111
474
742
1011
1310
1524
1685
1844
1900
1851
1800
1728
1567
1377
1203
964
737
524
273
89
-71
-252
-358
-379
-402
-376
-231
-112
7
205
360
483
594
631
694
737
656
556
476
293
85
-82
-322
-560
-758
-943
-1100
-1275
-1423
-1486
-1536
-1595
-1575
-1522
-1474
-1400
-1263
-1036
-779
-539
-247
97
360
637
937
1137
1310
1469
1569
1590
1615
1580
1500
1401
1213
990
738
441
127
-155
-427
-664
-830
-892
-912
-920
-873
-777
-675
-481
-190
49
271
538
652
724
886
870
754
663
489
200
-96
-403
-737
-1005
-1267
-1549
-1765
-1927
-2024
-2012
-1936
-1814
-1617
-1412
-1184
-864
-511
-174
152
445
733
1043
1260
1414
1597
1699
1686
1738
1796
1683
1567
1507
1281
957
745
554
306
132
12
-125
-198
-222
-222
-171
-89
41
263
460
633
832
954
954
933
907
834
702
562
435
219
-95
-372
-634
-960
-1240
-1446
-1654
-1858
-2020
-2160
-2201
-2215
-2239
-2075
-1817
-1635
-1392
-1057
-827
-616
-257
24
200
500
778
902
1008
1111
1082
1015
976
829
698
540
284
82
-72
-273
-442
-474
-546
-581
-482
-391
-255
-79
75
299
556
785
1099
1378
1532
1769
1996
2051
2103
2144
1935
1715
1566
1224
905
652
328
-7
-300
-600
-820
-959
-1156
-1229
-1231
-1317
-1276
-1123
-1050
-956
-782
-666
-591
-433
-260
-132
-31
54
116
161
122
54
47
-40
-214
-350
-427
-575
-783
-862
-937
-1053
-1046
-1031
-1088
-1051
-859
-661
-464
-247
7
247
427
652
907
1064
1204
1351
1341
1322
1306
1116
918
810
587
384
269
12
-213
-279
-421
-582
-576
-609
-676
-630
-549
-450
-320
-182
37
237
393
610
753
790
870
915
855
807
719
571
451
309
127
-9
-192
-412
-572
-775
-999
-1143
-1241
-1295
-1277
-1249
-1182
-1063
-926
-682
-438
-236
29
296
469
632
785
849
918
946
930
962
935
809
715
625
474
315
139
-57
-234
-399
-507
-569
-627
-606
-534
-518
-465
-307
-230
-152
4
93
151
239
336
379
407
455
470
431
332
212
48
-151
-287
-402
-546
-653
-722
-783
-804
-810
-829
-827
-831
-816
-716
-590
-449
-244
42
307
507
712
917
1071
1182
1310
1388
1364
1345
1280
1125
1000
869
708
521
344
155
-62
-217
-354
-467
-546
-584
-575
-559
-494
-405
-329
-251
-127
-3
77
170
268
305
325
350
349
341
325
280
204
98
-73
-252
-404
-545
-692
-778
-838
-924
-1006
-1076
-1084
-1100
-1072
-979
-878
-782
-652
-451
-282
-100
129
287
422
562
651
688
721
737
698
648
531
446
387
272
156
70
18
-61
-140
-184
-229
-309
-318
-251
-257
-273
-207
-176
-165
-109
-51
21
120
168
225
342
356
330
328
302
266
255
240
185
139
75
51
23
-23
-2
4
-12
46
114
114
160
247
274
288
343
429
490
539
617
668
689
740
702
607
556
481
315
186
76
-144
-303
-379
-504
-613
-652
-742
-825
-819
-840
-885
-826
-799
-865
-834
-736
-688
-648
-528
-433
-407
-332
-224
-163
-140
-101
-128
-159
-114
-132
-152
-107
-101
-65
33
80
60
108
178
157
201
294
317
363
478
612
742
844
960
1072
1122
1166
1218
1222
1175
1094
1020
947
824
683
603
465
256
160
62
-133
-264
-388
-613
-801
-927
-1076
-1192
-1210
-1225
-1242
-1193
-1161
-1124
-1043
-985
-989
-931
-793
-722
-652
-516
-407
-306
-135
-36
-9
87
172
204
240
263
255
249
270
276
290
324
329
364
401
423
462
484
504
511
520
539
537
541
510
433
360
327
315
316
308
279
225
148
71
6
-11
-39
-85
-125
-191
-204
-156
-179
-182
-146
-182
-226
-202
-150
-108
-55
-10
37
67
65
81
121
113
72
81
62
8
-27
-73
-130
-188
-222
-275
-325
-323
-298
-296
-310
-313
-302
-250
-188
-124
-30
61
134
235
352
416
486
559
546
504
475
407
355
339
280
215
152
37
-77
-138
-192
-239
-248
-272
-357
-406
-420
-469
-468
-432
-435
-414
-393
-369
-305
-238
-196
-179
-172
-153
-125
-112
-71
-38
-33
-17
-16
-28
-28
-38
-57
-32
-10
-7
50
90
89
97
133
184
221
257
288
300
313
357
421
432
437
487
485
448
415
375
312
245
194
136
90
78
75
52
20
-17
-32
-25
-53
-68
-70
-109
-140
-153
-152
-176
-179
-149
-160
-164
-171
-204
-244
-273
-325
-376
-378
-395
-404
-393
-379
-359
-325
-279
-251
-209
-147
-101
-57
-4
48
77
128
194
242
280
322
353
356
344
317
302
284
231
200
149
73
40
16
-27
-36
-8
-7
-3
19
42
45
43
56
45
5
9
15
12
51
80
84
65
52
9
-33
-48
-112
-147
-154
-196
-209
-187
-192
-170
-114
-85
-39
5
20
64
88
79
117
137
123
152
186
195
220
231
200
181
147
85
20
-61
-167
-249
-290
-356
-414
-411
-392
-386
-353
-307
-266
-244
-215
-175
-144
-85
-18
21
73
134
182
254
316
341
357
378
387
383
376
366
337
300
260
213
169
135
98
46
31
26
-26
-72
-81
-93
-96
-88
-114
-126
-113
-131
-144
-142
-176
-188
-163
-164
-150
-134
-166
-180
-158
-159
-145
-116
-89
-56
-5
32
41
56
4
-35
-15
-21
-35
-21
3
17
19
2
-2
-18
-61
-74
-52
-61
-64
0
41
70
122
135
142
176
194
171
145
149
121
119
167
160
146
146
77
17
-15
-79
-158
-223
-290
-339
-345
-365
-360
-327
-311
-265
-209
-193
-143
-60
-16
51
128
195
265
353
445
524
578
609
637
617
577
555
520
463
424
356
282
212
107
18
-40
-117
-191
-248
-340
-402
-442
-489
-508
-487
-491
-487
-435
-436
-420
-386
-385
-377
-344
-332
-329
-287
-274
-288
-251
-235
-231
-192
-170
-153
-126
-93
-60
-8
53
82
143
225
252
293
372
427
471
522
560
591
633
666
662
647
631
581
531
478
418
377
317
262
205
131
69
23
-45
-138
-217
-267
-312
-345
-360
-383
-404
-428
-444
-445
-450
-448
-444
-456
-450
-474
-498
-486
-497
-500
-471
-436
-421
-386
-347
-348
-341
-294
-249
-205
-137
-80
-36
8
65
103
159
237
283
323
387
444
492
558
585
588
603
620
624
628
621
590
559
527
474
457
464
452
432
380
330
286
239
184
132
107
68
27
-6
-60
-100
-129
-185
-249
-297
-338
-402
-455
-505
-569
-643
-711
-742
-725
-715
-696
-655
-629
-597
-561
-507
-454
-390
-330
-278
-202
-107
-37
25
115
187
234
288
344
390
439
446
426
413
389
349
322
303
267
237
230
213
164
149
153
135
140
156
169
176
193
182
181
176
152
181
193
165
156
149
121
103
118
106
72
43
10
-27
-78
-136
-167
-195
-256
-277
-293
-342
-367
-337
-334
-361
-355
-357
-377
-397
-391
-366
-338
-325
-293
-239
-199
-176
-153
-105
-81
-43
-2
22
47
78
120
161
192
220
245
247
265
285
288
287
288
294
281
250
253
269
264
267
279
248
221
228
214
212
207
176
133
93
58
34
13
3
-6
-23
-34
-36
-53
-90
-108
-118
-163
-199
-208
-229
-241
-258
-285
-299
-299
-300
-294
-259
-242
-225
-194
-173
-160
-134
-91
-74
-67
-45
-21
-12
24
67
100
122
144
156
139
140
142
137
124
117
109
104
107
117
130
134
118
107
107
79
57
61
56
39
42
52
46
49
68
57
44
34
19
20
-2
-12
7
1
-12
-22
-50
-79
-72
-63
-66
-68
-87
-89
-86
-102
-98
-81
-110
-134
-116
-126
-131
-95
-69
-65
-46
-14
1
16
14
12
18
8
25
54
63
58
59
62
53
50
43
41
36
30
41
38
26
19
15
-9
-34
-47
-53
-67
-64
-56
-53
-44
-42
-21
1
-1
19
42
52
74
92
108
103
103
118
113
105
108
95
77
51
27
11
2
-3
-13
-40
-79
-97
-92
-110
-121
-100
-80
-78
-90
-90
-88
-92
-87
-58
-48
-39
-21
-4
11
16
46
81
92
63
34
32
19
13
-1
-3
4
9
-1
-28
-36
-32
-36
-43
-39
-44
-31
-8
16
52
90
111
114
115
100
80
66
65
85
105
118
121
105
82
74
70
61
63
32
7
4
-15
-29
-24
-31
-51
-49
-39
-37
-31
-30
-27
-27
-46
-48
-36
-46
-58
-59
-67
-69
-61
-54
-64
-87
-94
-99
-90
-84
-87
-90
-95
-107
-107
-91
-67
-33
-1
13
17
19
34
50
56
62
79
108
125
141
135
117
103
91
89
60
20
5
-15
-48
-57
-60
-73
-87
-93
-99
-102
-91
-77
-75
-67
-56
-42
-43
-65
-81
-68
-50
-47
-43
-24
-10
4
28
47
62
66
43
38
34
30
45
54
63
58
62
77
75
90
103
120
123
105
113
123
120
108
89
66
58
57
43
15
-13
-22
-8
9
2
-14
-22
-44
-56
-52
-61
-59
-55
-60
-73
-82
-59
-45
-29
-14
-6
10
3
-12
-25
-29
-43
-48
-40
-41
-43
-40
-27
-25
-15
-4
7
2
-16
-30
-33
-32
-21
-10
6
32
45
51
45
41
35
22
8
-19
-40
-50
-40
-12
17
43
64
67
53
39
26
16
15
23
34
20
10
7
9
11
10
13
9
9
-8
3
15
-4
-6
-13
-33
-38
-28
-20
-22
-30
-33
-36
-28
-27
-25
-34
-51
-62
-85
-104
-99
-79
-49
-26
-19
-2
5
-16
-41
-59
-91
-97
-86
-76
-63
-61
-49
-31
-20
-12
3
4
-5
1
4
8
25
33
47
73
88
91
87
86
94
114
136
142
155
161
157
157
151
130
109
98
88
72
57
47
49
47
24
-8
-18
-15
-11
-16
-20
-23
-33
-45
-61
-77
-92
-78
-61
-59
-60
-69
-81
-82
-89
-95
-95
-86
-75
-72
-80
-80
-71
-64
-49
-28
-6
13
26
19
14
22
27
20
22
27
12
2
16
35
35
40
51
46
30
27
25
28
44
46
53
56
56
57
56
57
46
41
25
1
-6
-6
-18
-9
-4
4
-6
-20
-21
-28
-22
-28
-24
-18
-23
-25
-21
-21
-23
-32
-35
-39
-54
-48
-50
-47
-49
-57
-64
-84
-100
-100
-92
-83
-73
-59
-44
-21
-2
14
31
39
31
17
11
-4
-13
0
16
31
44
50
46
29
10
8
28
38
53
68
54
42
37
41
48
52
55
48
36
24
29
25
17
25
17
22
23
24
38
16
-8
-23
-33
-41
-39
-29
-33
-30
-7
23
41
39
32
23
14
13
15
14
30
42
49
45
32
25
6
-27
-53
-61
-77
-68
-46
-35
-26
-26
-19
-18
-34
-29
-24
-24
-29
-40
-32
-28
-14
7
10
0
-12
9
18
23
47
59
64
55
41
23
26
36
26
15
10
8
8
8
20
44
71
82
72
65
45
22
2
-40
-70
-73
-63
-51
-45
-37
-27
-18
-22
-24
-23
-21
-27
-36
-52
-66
-65
-50
-39
-38
-23
-17
-19
-19
-17
-36
-52
-57
-43
-37
-53
-42
-30
-25
-15
-9
1
12
31
57
60
59
43
35
41
19
3
-3
-12
-2
20
36
51
64
61
33
4
-4
-2
-9
5
24
13
7
8
3
-3
-15
-28
-29
-26
-19
-15
-16
-16
-11
-9
-15
-27
-26
-12
1
9
-4
-7
0
10
38
25
17
38
52
51
47
37
25
14
13
12
-2
-6
-8
-2
3
-6
1
11
17
19
23
21
22
30
41
44
29
23
17
23
27
17
-2
-17
-6
13
10
-8
-5
6
15
18
3
-2
12
25
10
-14
-29
-19
-8
-15
-6
4
22
30
42
39
22
14
9
-6
-38
-68
-75
-83
-78
-57
-53
-48
-40
-40
-44
-45
-55
-48
-31
-45
-48
-52
-68
-69
-62
-45
-30
-22
-6
8
15
19
17
20
18
6
0
8
23
44
43
43
49
45
47
35
24
39
42
36
22
9
19
14
12
11
9
4
-8
-16
-35
-40
-28
-25
-30
-38
-43
-35
-31
-30
-30
-14
1
9
20
28
29
24
24
13
-1
-2
-5
-4
-8
-11
-8
5
25
29
32
17
3
7
4
21
44
50
67
76
73
69
59
69
70
67
49
18
18
20
15
17
16
3
-24
-37
-36
-39
-48
-68
-79
-77
-85
-75
-65
-66
-46
-14
17
43
47
48
46
21
-6
-18
-22
-28
-26
-21
-26
-7
2
12
14
2
4
2
-5
-1
4
5
1
-8
-22
-25
0
28
42
48
45
42
36
25
6
-15
-47
-64
-60
-57
-53
-43
-25
-5
7
8
18
25
17
11
5
-1
4
8
24
33
32
31
26
32
34
26
29
32
29
17
-2
-15
-30
-49
-52
-50
-57
-59
-54
-54
-54
-47
-45
-55
-62
-72
-74
-60
-45
-29
0
11
16
24
17
1
-1
4
19
45
54
63
62
47
38
41
41
37
30
27
32
35
36
25
23
17
21
25
34
51
50
48
55
45
25
17
31
54
54
36
10
-11
-9
-7
-16
-35
-60
-78
-64
-58
-76
-75
-69
-62
-43
-45
-48
-56
-69
-74
-73
-54
-35
-20
-17
-16
-24
-31
-28
-20
15
34
37
46
43
46
57
68
70
61
51
42
33
23
19
10
-1
20
41
51
64
73
81
78
51
21
-3
-14
-20
-26
-28
-35
-24
-12
0
14
11
4
10
18
17
3
-14
-28
-33
-21
-7
14
20
7
7
-4
-18
-16
-12
-7
-3
-7
-26
-49
-67
-75
-73
-71
-52
-41
-50
-57
-75
-68
-56
-40
-8
9
17
31
39
35
29
32
33
34
36
41
54
40
13
12
20
17
3
-18
-36
-43
-47
-39
-17
10
28
33
37
33
10
-3
-3
0
14
31
36
31
29
18
15
15
-1
-8
-9
-15
-11
-11
-13
-15
-11
-18
-31
-31
-42
-35
-28
-22
-18
-10
10
16
7
-31
-47
-48
-43
-31
-33
-26
-25
-21
-5
1
6
17
15
17
29
39
33
34
24
1
13
15
18
29
24
26
28
47
64
54
59
65
66
51
49
53
41
37
27
32
36
27
27
31
41
53
45
28
32
29
17
10
-14
-36
-51
-69
-62
-35
-34
-43
-60
-62
-45
-32
-16
-14
-25
-33
-33
-26
-25
-25
-35
-42
-54
-70
-75
-74
-50
-31
-17
1
9
0
-21
-36
-42
-46
-48
-44
-38
-26
-24
-11
11
19
31
37
37
35
17
8
-5
-16
-7
15
40
41
38
36
24
28
30
22
13
18
25
25
31
38
45
52
52
50
36
24
25
23
21
13
-2
-25
-49
-53
-37
-26
-18
-13
-16
-22
-29
-33
-45
-52
-59
-64
-52
-24
8
22
23
17
3
-6
-6
-5
6
11
11
20
30
41
29
10
4
11
23
27
21
3
-21
-22
-7
-9
-12
-7
5
16
26
26
19
32
51
63
51
25
2
-21
-35
-31
-23
-9
2
13
21
12
1
-19
-37
-37
-39
-39
-33
-18
7
23
36
46
31
20
15
8
-1
-8
-5
-2
4
21
22
14
19
26
29
23
18
18
2
-10
-18
-19
-19
-13
-4
1
17
31
34
25
14
15
6
-10
-21
-27
-32
-30
-34
-38
-29
-21
-19
-22
-29
-35
-37
-37
-29
-26
-4
3
-19
-32
-41
-45
-57
-47
-37
-33
-5
15
5
-11
-26
-33
-39
-49
-45
-34
-20
-18
-13
6
16
32
30
29
28
31
25
26
41
37
46
47
46
40
37
40
36
46
45
41
46
48
43
33
26
23
16
5
-3
-9
-10
-4
4
13
21
24
28
29
29
17
2
-7
-20
-27
-18
-1
21
34
31
19
-5
-21
-35
-38
-46
-58
-55
-60
-57
-44
-18
-1
-1
3
-3
-22
-27
-25
-27
-38
-49
-40
-34
-39
-42
-40
-30
-14
-3
6
6
3
-4
-11
-17
-15
-6
11
26
32
56
71
77
69
58
48
43
45
37
28
35
45
43
35
27
24
24
23
21
6
-10
-26
-35
-28
-27
-22
-24
-14
-4
-5
2
3
-4
5
0
-13
-30
-50
-55
-52
-40
-27
-14
-13
-6
1
-1
5
12
8
-10
-30
-46
-55
-53
-31
-14
0
21
41
34
16
11
16
19
17
20
25
23
25
19
15
22
35
43
44
44
33
21
-1
-13
-18
-13
-5
-3
-7
-20
-13
-9
-20
-35
-44
-46
-52
-48
-34
-17
-15
-16
0
7
7
8
2
-8
-12
-19
-43
-66
-68
-62
-42
-19
-8
-4
-12
-15
-17
-22
-30
-43
-50
-40
-28
-7
14
39
54
62
74
73
62
44
33
35
37
40
36
40
49
51
51
41
28
27
41
43
34
33
33
37
49
68
75
67
63
51
27
9
4
6
5
-6
-20
-22
-16
-11
-9
2
12
6
0
-21
-42
-56
-63
-57
-49
-51
-62
-62
-63
-60
-58
-56
-36
-29
-38
-44
-49
-39
-16
4
8
7
5
-2
-9
-12
-20
-28
-29
-23
-14
-7
7
15
7
0
1
-1
-1
12
12
-3
-10
-9
-2
19
36
40
39
34
36
21
-8
-16
-10
-13
-6
12
25
29
28
26
19
9
-5
0
12
9
0
-5
2
-7
-12
-4
3
10
9
-5
-22
-31
-32
-17
-7
-12
-10
-5
-8
-12
-15
-20
-28
-37
-41
-36
-7
18
29
24
8
-4
1
13
16
17
23
22
12
9
19
38
43
31
26
25
23
16
25
26
22
23
13
7
-2
-1
12
16
13
6
-8
-21
-25
-34
-35
-23
-9
6
11
23
33
31
20
7
5
1
2
6
1
0
6
23
42
48
51
48
24
-11
-43
-63
-71
-71
-62
-41
-21
0
8
-5
-16
-15
-20
-27
-28
-33
-33
-27
-19
-1
17
29
29
26
25
16
17
9
-2
-12
-19
-17
-18
-10
7
16
10
-2
-15
-29
-40
-35
-31
-25
-10
0
18
25
10
0
-8
-15
-16
-13
-7
-4
1
6
14
21
33
37
29
18
0
-16
-24
-36
-46
-41
-25
-6
19
34
42
54
52
30
7
-18
-36
-39
-42
-43
-43
-44
-32
-14
0
12
30
39
33
19
11
1
-11
-17
-24
-18
-2
14
29
44
55
44
35
35
24
15
7
-5
-13
-15
-2
15
32
36
30
35
34
32
29
16
13
13
17
21
16
15
5
-2
-3
-7
-13
-20
-23
-28
-31
-33
-30
-22
-10
-9
-10
-1
0
2
10
1
-8
-26
-36
-37
-40
-38
-35
-20
0
8
7
9
8
3
-3
-9
-16
-18
-15
-9
-4
3
13
20
30
35
32
28
29
15
-1
-5
-7
-9
-10
-5
-6
2
5
4
15
19
14
12
7
4
-5
-20
-22
-25
-29
-26
-25
-7
6
8
14
15
12
-1
-9
-19
-29
-31
-28
-18
-17
-3
3
10
25
34
35
28
15
-7
-29
-45
-59
-58
-39
-11
8
21
33
26
25
12
-18
-40
-48
-50
-50
-40
-24
-10
9
35
54
62
53
44
28
-2
-20
-34
-59
-72
-68
-52
-20
12
45
64
71
73
45
28
0
-24
-21
-25
-19
-3
23
46
48
66
88
92
94
73
55
48
31
17
13
15
17
28
28
25
16
5
1
-14
-35
-43
-37
-33
-29
-34
-35
-37
-42
-48
-45
-32
-30
-29
-22
-16
-14
-9
-7
-7
-2
2
7
14
10
7
10
8
1
-8
-26
-42
-46
-31
-15
-13
-22
-28
-29
-39
-43
-46
-49
-43
-40
-41
-34
-27
-13
2
18
35
38
36
31
18
7
-5
-4
-3
2
8
7
16
29
51
68
80
88
81
67
61
51
33
20
17
7
-2
0
0
2
3
5
14
2
-10
-9
-5
-1
-2
-19
-29
-23
-25
-34
-39
-43
-46
-43
-33
-19
-10
4
26
30
24
10
-18
-24
-36
-50
-42
-37
-26
-20
-11
-1
1
5
10
29
31
21
15
6
-3
-18
-33
-31
-36
-41
-36
-32
-14
-11
-10
-1
-4
-19
-30
-25
-20
-14
0
7
-11
-7
24
38
48
57
52
43
51
58
54
59
56
51
37
34
40
32
33
38
38
39
37
36
38
47
41
14
-7
-30
-38
-41
-36
-24
-12
7
9
17
19
8
-4
-23
-34
-31
-26
-11
5
12
13
8
1
-6
-1
-5
-8
-12
-20
-30
-36
-36
-21
-11
-2
-1
-17
-20
-30
-30
-29
-36
-49
-68
-84
-87
-74
-62
-55
-49
-48
-44
-31
-17
-12
-11
-13
-24
-37
-44
-45
-30
0
11
15
37
44
43
40
37
30
19
34
51
52
57
64
65
61
64
58
48
35
26
19
12
25
23
12
17
24
18
21
22
24
27
27
24
20
13
2
5
-3
-2
0
-16
-20
-24
-16
-6
-9
-1
2
-1
-4
0
2
1
-3
-13
-11
-9
-16
-17
-23
-31
-33
-31
-26
-32
-32
-27
-29
-32
-29
-25
-24
-22
-20
-16
-21
-11
8
7
1
11
13
18
15
5
8
7
6
20
26
20
25
29
34
43
39
26
20
17
19
20
20
12
5
-3
0
12
14
7
-4
-8
-14
-16
-15
-26
-24
-20
-18
-15
-30
-30
-30
-26
-15
-6
-6
-15
-15
-18
-15
-13
-22
-19
-25
-32
-15
-3
5
16
24
23
27
32
27
23
19
14
7
5
9
1
-10
-16
-8
1
-10
-12
-1
15
25
20
24
28
23
29
27
18
5
-3
-6
-4
-3
-1
-15
-27
-26
-22
-15
-17
-15
-19
-20
-3
2
-5
-14
-23
-22
-25
-31
-35
-44
-44
-36
-13
-5
-17
-25
-31
-34
-23
-21
-27
-12
-4
2
14
18
35
48
63
68
73
83
71
57
42
42
39
29
26
20
23
29
31
35
36
35
36
34
34
19
13
25
16
11
14
7
6
3
2
5
0
-5
-5
-12
-12
-17
-24
-21
-15
-6
-17
-39
-57
-71
-78
-76
-68
-55
-42
-32
-27
-24
-29
-29
-23
-22
-27
-33
-36
-53
-58
-50
-41
-37
-30
-14
-7
-6
-15
-11
2
13
23
34
38
41
37
28
37
33
18
16
24
35
39
41
54
58
50
41
40
45
39
21
11
10
8
1
-3
9
15
8
-3
-5
2
6
12
5
2
-5
-21
-23
-24
-25
-16
-17
-30
-30
-28
-33
-33
-20
3
15
21
28
25
19
10
6
7
7
0
-17
-22
-24
-23
-19
-14
-9
-8
-2
-3
-1
-8
-23
-26
-26
-27
-19
-6
5
7
-1
-13
-23
-32
-25
-8
12
18
9
6
2
5
16
24
23
14
2
-6
-5
0
6
15
20
21
13
-4
-2
12
16
14
17
19
15
9
11
25
29
34
33
22
2
-16
-15
5
17
22
23
17
11
1
2
15
19
13
-4
-16
-15
-9
0
11
28
26
16
13
10
8
0
-9
-16
-20
-24
-41
-42
-31
-23
-15
-20
-40
-43
-33
-24
-12
-8
-12
-22
-26
-28
-31
-37
-33
-25
-31
-35
-44
-45
-38
-35
-24
-17
-19
-23
-34
-34
-18
-7
15
37
39
42
48
67
78
77
65
51
51
53
50
46
43
28
18
18
13
17
22
27
26
17
21
21
23
23
17
16
10
4
-3
-4
-8
-10
-6
-14
-30
-39
-46
-51
-49
-46
-45
-48
-42
-27
-22
-20
-7
5
4
-7
-26
-37
-37
-41
-36
-25
-19
-21
-20
-11
8
15
7
11
19
15
9
3
5
14
16
30
41
43
30
15
15
19
16
8
6
4
0
-9
-5
1
6
17
21
26
27
22
12
15
24
27
23
13
9
5
11
6
-6
-7
-15
-18
-18
-12
-11
-9
-10
-18
-14
-11
-10
-3
10
23
26
20
13
4
2
-2
-10
-15
-13
-6
-3
-5
-8
-11
-11
-18
-25
-19
-19
-19
-10
1
5
3
-9
-14
-6
-2
2
10
14
18
15
13
15
33
50
53
47
29
2
-26
-25
-7
2
6
14
16
-1
-10
-15
-14
-17
-23
-19
-19
-26
-33
-35
-30
-29
-33
-35
-46
-52
-61
-67
-56
-54
-49
-51
-46
-31
-21
-5
7
11
1
-15
-21
-20
-17
-9
-11
-10
-2
5
3
4
12
16
30
43
50
52
59
75
78
73
72
78
86
93
99
99
95
91
84
68
52
37
17
-1
-14
-30
-29
-18
-12
0
-5
-6
-7
-19
-27
-32
-30
-20
-13
-14
-6
8
9
0
-12
-22
-26
-33
-35
-39
-49
-52
-49
-44
-45
-45
-53
-71
-74
-68
-56
-50
-35
-22
-8
4
9
14
8
3
1
0
2
-9
-13
11
32
44
50
57
63
71
79
74
70
65
62
56
42
30
20
11
11
16
7
-1
-7
-23
-41
-43
-32
-27
-31
-31
-26
-27
-33
-49
-66
-73
-79
-66
-56
-40
-27
-20
-14
-25
-29
-33
-39
-49
-52
-37
-22
-9
10
32
40
43
48
53
42
32
22
6
0
-5
-14
-20
-19
-12
-2
8
12
12
13
11
13
20
21
30
39
50
54
48
52
53
49
47
42
40
30
20
18
12
7
11
21
10
-5
-9
-11
-13
-16
-16
-19
-24
-30
-27
-24
-26
-24
-18
-14
3
5
17
27
12
9
-5
-10
-26
-41
-32
-22
-15
-12
-5
9
10
0
-3
-7
-5
-10
-17
-21
-26
-20
-4
9
18
24
26
16
8
15
20
19
21
28
22
20
25
26
31
35
30
17
10
9
8
-2
-8
-5
-2
-3
-11
-12
-16
-23
-23
-28
-21
-21
-20
-14
-24
-22
-25
-25
-33
-44
-44
-43
-39
-40
-39
-34
-43
-44
-35
-27
-22
-9
1
-4
-3
2
0
3
5
4
3
1
0
5
11
13
17
19
25
29
22
10
-2
-7
-9
-7
2
17
32
41
45
47
51
49
51
51
32
7
-4
-4
2
16
23
21
24
26
30
31
30
36
35
24
21
11
-9
-28
-36
-26
-29
-19
-7
-16
-31
-44
-54
-64
-61
-54
-50
-47
-49
-50
-43
-42
-36
-25
-12
-5
-3
-4
-11
-6
1
5
11
28
40
35
43
42
50
60
61
59
52
51
47
41
36
34
38
39
38
35
25
20
24
32
20
3
-4
-10
-15
-17
-14
-15
-15
-18
-17
-15
-10
-8
-16
-25
-37
-36
-28
-37
-53
-64
-57
-43
-39
-33
-18
-10
-17
-9
3
9
11
16
23
19
13
-3
-11
-6
-1
0
-11
-11
-11
-19
-8
8
17
12
0
7
12
10
-5
-16
-8
-5
-1
8
8
2
-5
-10
-12
-10
-15
-22
-25
-24
-25
-26
-15
-6
0
-13
-32
-31
-42
-53
-47
-21
2
3
1
3
16
19
23
22
11
7
-6
1
16
17
15
20
39
47
46
51
42
34
29
20
18
18
26
32
32
20
8
11
20
26
24
18
20
24
26
18
15
17
6
2
1
9
11
5
11
18
15
9
7
9
7
2
-14
-21
-18
-7
2
-1
-6
-12
-10
-23
-33
-29
-26
-32
-38
-33
-22
-19
-15
-17
-10
-14
-22
-9
-2
0
-1
1
-5
-13
-9
-1
2
-8
-12
-8
-1
6
11
5
3
1
-12
-23
-16
-15
-24
-32
-34
-33
-24
-1
12
14
9
-3
-4
4
11
16
22
17
11
5
13
25
19
3
-10
-11
-7
13
19
12
2
-9
-13
-15
-7
7
13
18
15
4
-8
-5
1
-7
-9
-15
-27
-35
-44
-37
-32
-24
-17
-15
1
14
22
19
13
11
9
11
9
7
3
2
7
12
15
23
18
4
-11
-18
-6
11
23
20
15
9
0
1
6
10
2
-8
-12
-7
-9
-19
-21
-20
-9
-6
-7
-1
0
2
9
27
39
52
60
54
52
44
41
34
35
44
36
30
21
9
3
7
11
15
15
11
17
20
19
9
3
-10
-17
-22
-21
-23
-30
-27
-36
-46
-53
-51
-38
-26
-19
-16
-17
-16
-25
-29
-33
-38
-31
-25
-17
-18
-19
-19
-26
-31
-41
-55
-58
-50
-36
-14
1
7
6
9
8
7
8
-3
-19
-28
-27
-16
-12
-3
13
22
37
46
51
54
53
46
36
37
35
28
28
36
42
50
58
63
68
80
71
56
48
30
7
-8
-17
-34
-41
-37
-29
-28
-26
-27
-36
-31
-31
-37
-37
-40
-46
-50
-50
-38
-21
-3
0
-6
-10
-16
-17
-22
-25
-23
-27
-19
-13
4
16
19
20
11
6
-2
-11
-5
1
5
2
3
13
19
18
4
-13
-30
-38
-39
-35
-16
5
27
27
22
24
18
11
4
1
9
17
27
31
33
32
22
24
25
15
-7
-22
-22
-20
-11
3
31
42
35
24
19
14
11
8
14
25
29
31
24
16
2
-4
-1
-6
-18
-12
-11
-11
3
21
35
41
36
27
18
3
-1
-16
-25
-15
-4
3
10
9
1
-3
-15
-24
-15
-9
-11
-19
-35
-46
-47
-45
-39
-37
-32
-28
-21
-14
-19
-27
-33
-32
-29
-16
-2
0
-3
-18
-22
-13
-12
-8
-6
-6
1
0
-1
-2
3
8
7
13
18
18
20
18
7
-7
-7
-8
-10
-8
0
0
-11
-12
-13
-10
-5
3
8
12
12
5
2
4
-2
-1
7
1
2
15
29
39
39
32
32
25
20
17
14
15
12
8
6
1
-4
-6
-4
2
-6
-10
-4
5
12
11
19
23
22
16
9
11
7
-2
-7
-13
-12
-17
-10
1
5
5
-2
-1
-8
-22
-22
0
4
6
11
9
-1
-12
-7
1
5
4
13
20
22
24
12
2
-6
-9
-8
-9
-10
-19
-26
-29
-35
-36
-23
-6
-4
-2
4
4
5
3
-1
-5
-6
-11
-2
5
9
7
15
30
28
25
27
31
31
25
19
13
8
4
-4
-6
-7
-13
-13
-4
-3
-2
-3
-8
-13
-25
-35
-19
-14
-8
-5
-11
-7
-11
-4
-7
-22
-30
-29
-26
-32
-30
-27
-25
-19
-15
-9
3
9
8
-4
-19
-21
-14
-4
1
-1
-3
-2
-6
0
7
13
16
18
15
6
5
11
14
4
-12
-23
-22
-15
-14
-5
0
-3
7
8
-1
-8
-3
5
-1
-1
16
32
34
23
21
25
22
19
27
33
32
24
20
26
24
18
14
17
14
10
10
12
12
11
22
30
30
26
29
26
16
6
7
10
1
-5
-8
-14
-17
-20
-18
-7
0
17
14
-2
-12
-23
-24
-19
-26
-26
-23
-15
-1
-4
0
6
3
7
3
-9
-13
-13
-19
-15
-11
-17
-26
-28
-30
-30
-24
-23
-25
-29
-31
-21
-9
-10
-18
-30
-29
-24
-37
-39
-32
-21
-10
-3
6
16
31
43
51
41
27
33
31
24
19
22
27
18
14
10
1
-8
-15
-8
-5
-4
11
19
17
12
11
9
-8
-30
-38
-30
-19
-14
-4
3
4
9
10
13
11
-6
-17
-10
-7
-16
-15
8
15
23
41
46
33
23
32
40
37
38
50
50
48
24
2
-3
-11
-21
-21
-18
-20
-16
-7
-6
-15
-27
-30
-38
-43
-49
-51
-48
-44
-34
-28
-21
-24
-32
-27
-30
-21
-10
-8
0
-1
-6
-9
-10
-15
-17
-11
-8
-9
-13
-14
-9
-2
11
31
42
39
38
39
30
21
16
8
13
24
29
35
37
36
47
56
51
48
38
27
19
10
10
17
25
36
43
35
27
17
12
4
-2
3
3
-1
-6
-4
-1
-15
-34
-46
-51
-51
-49
-40
-26
-20
-18
-9
-5
-12
-20
-21
-21
-23
-24
-20
-19
-17
-22
-25
-32
-42
-33
-15
-8
-6
-5
3
19
30
28
17
1
-11
-17
-16
-6
3
22
29
33
40
45
44
29
13
-8
-23
-26
-28
-17
-6
4
12
13
7
-3
-3
-7
-15
-29
-40
-34
-19
-2
-4
-13
-19
-19
-19
-31
-41
-40
-38
-45
-52
-44
-39
-33
-27
-14
2
17
18
14
14
4
2
8
17
32
37
40
37
38
39
35
34
34
44
47
42
39
34
31
28
33
43
58
65
57
49
47
39
28
13
5
2
-8
-14
-14
-7
-7
-5
-11
-28
-50
-64
-68
-58
-49
-45
-37
-34
-25
-19
-16
-7
-2
11
17
20
33
42
43
34
29
20
7
3
5
0
-2
1
10
17
13
15
13
13
14
3
-6
-8
-8
-10
-16
-19
-21
-31
-24
-15
-8
-12
-21
-11
-9
-9
-7
0
8
1
-13
-26
-31
-32
-33
-28
-18
-3
8
7
-2
-24
-44
-49
-44
-38
-26
-13
-16
-21
-19
-11
-13
-21
-16
-23
-28
-19
-15
-18
-29
-21
-16
-8
14
23
24
23
20
26
20
19
33
26
22
18
25
37
51
68
64
51
47
43
30
16
6
-7
-24
-31
-12
13
16
11
13
16
13
9
0
-2
4
9
22
18
10
10
14
13
2
13
22
14
7
-4
-2
1
-4
4
10
11
11
16
6
-13
-18
-15
-12
-10
3
19
17
5
3
-4
-16
-19
-22
-18
-14
-16
-17
-16
-18
-18
-21
-23
-26
-38
-39
-30
-23
-15
-13
-17
-18
-18
-12
-5
-1
3
-2
8
16
22
22
19
19
13
20
32
37
28
20
21
13
4
3
11
13
6
11
14
7
10
19
17
3
-1
-6
-17
-28
-36
-33
-27
-22
-27
-28
-29
-24
-20
-20
-26
-38
-42
-45
-51
-50
-44
-34
-27
-22
-13
-5
2
5
9
26
38
30
27
37
51
45
41
45
45
26
1
-7
-12
-12
-14
-12
6
19
19
9
-7
-16
-22
-11
-7
-6
-1
-3
-4
-9
-3
-3
5
17
24
24
26
31
26
33
36
35
31
22
22
26
33
42
41
41
40
40
25
12
15
9
-4
-13
-26
-34
-36
-26
-12
-16
-24
-30
-40
-45
-44
-42
-39
-45
-48
-43
-31
-30
-23
-9
-11
-17
-9
-3
-8
-9
-7
-6
-16
-19
-2
0
0
3
9
5
2
14
12
9
9
20
35
38
48
47
31
13
7
5
11
20
17
10
9
12
11
10
8
15
13
1
-6
-10
-21
-27
-18
-4
2
2
16
16
-6
-10
12
20
7
7
25
21
4
-7
-12
-20
-31
-22
-19
-38
-59
-62
-53
-53
-41
-23
-19
-24
-13
-2
-5
1
0
-2
5
13
32
31
21
33
49
47
37
43
45
49
47
38
38
34
28
17
1
-8
-9
-30
-53
-57
-48
-46
-33
-6
0
-18
-23
-13
-22
-43
-46
-27
-24
-39
-33
-22
-18
-20
-15
5
2
-4
3
9
4
-6
-1
-5
-3
16
28
34
30
33
26
9
8
7
1
-8
-11
-6
-8
-14
2
18
20
18
9
-2
-14
0
18
26
37
57
69
69
68
79
84
73
70
61
43
20
-2
-16
-37
-52
-47
-37
-30
-15
-3
-1
-6
-6
1
-16
-24
-19
-35
-53
-49
-30
-31
-28
-2
14
8
4
3
-15
-38
-33
-7
1
-7
-4
3
2
-3
17
45
35
15
29
40
20
12
23
27
15
13
17
-5
-34
-40
-28
-39
-53
-40
-33
-45
-54
-45
-35
-42
-37
-21
-25
-23
-1
3
-10
-23
-24
-34
-48
-42
-39
-40
-35
-22
-10
-20
-17
-8
-11
-18
-19
-11
-4
12
38
45
26
14
26
34
29
45
57
52
38
42
50
31
17
30
34
26
23
32
43
37
47
50
31
25
33
35
28
28
36
35
25
16
11
2
-3
0
2
5
4
8
2
-11
-12
-4
-13
-24
-9
7
-8
-17
-2
0
-22
-35
-27
-21
-26
-25
-24
-23
-20
-10
-2
-7
-8
-7
-21
-24
-15
-16
-26
-27
-19
-9
-16
-25
-12
-6
-6
0
5
-4
-18
-29
-31
-26
-16
-4
-3
-4
4
6
5
17
30
36
30
16
2
-2
9
26
29
21
17
10
-2
-8
1
7
4
4
8
1
-5
-2
-1
-2
-4
-3
-13
-37
-37
-25
-23
-12
9
27
17
-4
-11
-26
-35
-32
-21
-27
-38
-13
8
6
-6
0
13
-4
-15
-10
-9
-17
-23
-12
-9
-14
-4
14
17
16
32
23
1
3
24
31
8
3
13
4
16
45
57
38
25
29
16
8
15
23
16
6
18
32
16
7
21
29
6
-4
16
15
-6
-10
-1
-30
-51
-20
11
10
0
10
12
4
11
29
23
-8
-14
-1
-6
-7
17
41
31
-2
-35
-59
-65
-47
-22
-15
-23
-15
-4
-9
-15
-3
6
-15
-21
3
7
4
16
25
16
1
1
-6
-14
-8
-3
-2
-5
10
16
7
5
6
5
3
14
28
15
-18
-37
-37
-46
-41
-26
-30
-25
3
28
22
10
10
-3
-24
-31
-29
-34
-45
-31
-21
-42
-42
-10
-5
-30
-37
-19
-24
-27
-1
29
25
-6
-8
-1
-11
-11
19
37
20
17
46
56
40
58
93
85
57
58
62
28
5
16
16
-5
-10
3
7
1
19
41
29
12
32
43
19
9
18
8
-7
8
32
26
18
17
8
-14
-28
-26
-32
-48
-41
-43
-66
-72
-59
-42
-51
-54
-33
-40
-49
-39
-17
-22
-37
-7
19
2
-9
17
18
-15
-7
26
27
7
9
13
-10
-36
-8
21
7
2
14
7
-16
-12
12
5
-21
-6
18
5
-9
10
30
25
32
56
61
42
40
49
28
-1
21
44
21
4
5
-14
-39
-18
30
41
24
23
20
-9
-34
-35
-24
-35
-33
4
11
-25
-28
-8
-10
-16
-4
9
-7
-27
-22
-29
-49
-39
-20
-24
-45
-36
-18
-27
-27
-11
1
-22
-36
-17
-23
-35
-12
23
34
28
46
54
32
24
41
45
22
14
41
51
45
52
62
42
11
10
13
-4
-24
-24
-16
-18
-11
-1
-5
-24
-36
-42
-61
-56
-25
5
24
27
24
-6
-22
-3
0
0
22
36
31
18
9
11
7
7
13
1
-25
-23
2
4
-17
-21
-18
-26
-34
-9
11
-9
-29
-22
-14
-25
-17
5
-6
-32
-29
-14
-20
-27
4
27
-2
-15
13
12
-11
2
31
18
-15
0
29
14
0
23
44
28
16
39
31
-11
-4
18
5
-15
5
38
30
19
48
59
38
33
41
27
-13
-14
17
4
-3
20
25
13
1
12
12
-30
-51
-37
-42
-51
-33
-6
-13
-28
-25
-28
-45
-42
-19
-21
-28
-19
-7
-16
-28
-24
-31
-36
-22
5
18
7
13
21
1
-15
-8
1
-15
-1
40
46
33
36
40
20
5
21
22
-9
-6
15
11
6
17
30
18
1
9
16
-12
-26
-10
-14
-44
-44
-17
-8
-17
-14
-11
-15
-14
4
17
3
0
-5
-10
-10
-13
-13
-12
-1
6
-2
-8
4
17
18
20
33
23
-4
-10
-10
-35
-51
-31
-17
-22
-16
16
13
-17
4
41
40
25
33
35
-3
-20
16
27
-2
9
46
30
-3
16
41
12
-19
0
11
-19
-30
-1
0
-42
-40
2
13
13
52
83
41
4
27
30
3
14
46
33
-9
-8
11
-8
-31
-9
10
-14
-22
16
9
-30
-25
-3
-18
-41
-12
11
-13
-32
-18
-25
-54
-38
-8
-15
-34
-21
-8
-28
-38
-13
-6
-37
-39
-12
-25
-41
-15
13
9
-6
25
40
10
1
24
24
-18
-14
17
10
0
17
37
24
7
32
57
45
40
52
42
14
13
26
22
1
-4
-4
-28
-40
-34
-19
-34
-36
-14
-16
-19
-12
-6
4
7
-1
-7
-5
2
0
7
13
-4
-23
-24
-12
-8
1
18
25
6
-18
-19
-17
-22
-24
-8
-5
-8
10
36
39
26
33
41
28
10
19
31
12
7
20
11
-5
1
16
0
-20
-4
5
-2
-2
8
3
-37
-46
-33
-46
-53
-28
-4
-10
-16
-5
-11
-31
-32
-16
-23
-39
-19
6
0
-12
2
18
8
18
41
36
22
37
50
27
9
20
24
11
11
41
45
16
20
36
32
23
46
58
24
-3
3
2
-23
-13
16
5
-16
-11
0
-18
-26
4
23
-10
-30
-21
-28
-39
-24
0
-16
-39
-19
1
-3
-6
7
-4
-32
-28
-7
-12
-27
-15
-12
-24
-22
-3
-10
-18
-14
-16
-33
-54
-52
-35
-22
-19
1
8
3
5
17
8
-16
-21
-11
-10
-3
22
34
40
48
65
55
39
37
34
18
2
8
13
5
16
37
38
36
41
42
27
13
15
12
2
-2
-6
-19
-33
-36
-26
-25
-19
-5
-6
-15
-26
-14
-13
-26
-15
-4
-14
-23
-16
0
-7
-15
-11
-14
-21
-23
-19
-28
-38
-32
-33
-36
-29
1
12
-8
-12
-23
-34
-25
-5
8
12
19
43
57
48
36
32
26
17
34
43
34
25
24
28
24
36
63
67
65
63
63
35
18
22
17
17
16
19
19
18
26
30
15
1
-8
-14
-28
-40
-44
-64
-65
-42
-22
-23
-32
-34
-40
-50
-62
-48
-40
-43
-31
-17
-18
-35
-35
-31
-40
-42
-28
-19
-24
-23
-21
-29
-27
-17
-9
5
15
16
7
-7
-4
8
15
23
39
44
37
28
27
25
21
27
32
35
39
44
52
44
43
47
34
23
24
23
10
-8
-9
-15
-33
-24
-6
-3
-15
-14
-19
-35
-46
-44
-44
-49
-35
-24
-28
-25
-10
-6
-20
-21
-8
-13
-24
-17
-11
-28
-32
-8
10
-10
-23
-6
2
-5
-3
14
18
19
41
63
56
40
44
49
40
39
58
57
28
14
10
-5
-23
-9
7
10
24
36
27
6
8
23
35
29
21
11
-14
-32
-20
-16
-29
-33
-23
-10
-4
5
12
3
-11
-10
-4
-15
-19
-21
-30
-40
-24
5
4
-4
6
13
4
1
21
12
-6
-2
11
3
-14
-11
-4
-6
-16
-7
3
6
15
24
25
11
11
16
7
6
0
-11
-21
-29
-24
-29
-36
-36
-35
-29
-23
-14
-6
0
4
-1
-3
0
6
-3
-10
-2
1
-3
8
18
2
-7
-5
-10
-28
-36
-14
-2
-6
-12
-10
-18
-37
-29
-15
-21
-34
-25
-17
-27
-36
-19
-4
-4
-2
9
9
-3
3
8
-5
-18
1
27
23
21
47
60
54
62
75
65
39
27
37
31
16
34
44
27
21
34
39
25
31
45
21
-5
1
19
24
19
31
21
-15
-18
9
3
-24
-28
-25
-38
-43
-27
-18
-26
-17
10
12
-8
-2
12
1
-23
-25
-18
-31
-28
-8
2
-4
-4
6
-2
-36
-41
-28
-32
-36
-22
-4
-9
-12
1
0
-13
-5
10
4
-14
-7
-6
-18
-26
-17
6
5
8
34
53
53
57
60
39
19
12
6
-8
-21
-17
-11
-9
-8
-16
-27
-41
-42
-24
-8
-14
-17
-16
-19
-13
-9
-12
-19
-20
-16
-18
-30
-36
-32
-21
-15
2
24
29
29
33
43
49
39
34
33
13
-6
-11
-8
-9
-7
9
12
6
10
17
21
22
23
26
17
9
-9
-25
-34
-47
-32
-23
-20
-7
3
6
-6
-9
0
-3
-10
-8
-12
-20
-22
-12
-3
-2
2
6
5
-6
-6
9
28
34
35
37
28
22
11
4
14
26
25
12
12
22
30
25
19
9
3
5
3
4
13
11
6
8
11
11
5
11
21
16
13
9
-5
-16
-20
-28
-34
-32
-27
-20
-13
-21
-32
-30
-19
-7
-1
1
-7
-8
0
10
9
7
9
9
2
-4
-8
2
18
17
-2
-25
-40
-50
-42
-23
-2
10
19
24
17
21
22
14
0
-15
-25
-31
-37
-32
-16
1
10
2
0
-4
-16
-26
-28
-12
6
19
23
20
3
-6
1
2
-2
-1
5
-3
-14
-21
-15
-1
11
8
13
16
8
2
2
6
-3
-7
-10
-7
0
9
23
30
39
36
24
21
14
1
-17
-33
-40
-39
-32
-19
-9
-11
-15
-13
-21
-27
-17
-17
-17
-9
-7
-7
1
5
15
28
25
30
31
26
33
49
50
44
41
31
17
16
23
13
8
3
3
-7
-25
-24
-13
-3
2
6
1
-5
-12
-17
-2
3
0
5
2
4
3
5
-1
-10
-4
1
-2
0
8
12
8
8
-2
-10
1
10
4
-9
-10
-19
-39
-30
-5
7
1
1
10
6
-3
3
13
11
2
10
16
11
1
8
15
2
-4
4
1
-9
-6
4
3
4
26
35
19
6
2
-8
-20
-13
-6
-17
-34
-36
-19
-19
-25
-14
-5
-17
-28
-20
-13
-25
-27
-16
-23
-31
-35
-31
-27
-22
-8
-4
3
9
6
-6
-22
-18
-11
-9
-7
3
5
-5
-11
-12
-10
-20
-15
-5
-4
-8
-9
-9
-21
-10
0
1
-10
-8
-1
-1
14
26
34
31
30
41
45
41
48
51
45
35
22
16
14
17
32
35
27
33
41
42
39
39
46
41
29
23
10
4
17
16
7
13
22
24
15
2
-5
-23
-30
-24
-14
-11
-9
3
3
-13
-15
-7
-14
-27
-29
-25
-26
-30
-32
-45
-63
-59
-41
-29
-23
-17
-16
-21
-33
-33
-24
-34
-27
-8
-18
-37
-35
-6
5
0
20
40
34
15
35
49
24
17
30
28
14
24
39
33
25
39
42
9
-8
0
-5
-21
-21
-12
-13
-22
-12
-4
-23
-35
-17
2
-13
-20
-13
-20
-32
-28
-16
-29
-39
-22
-4
-5
-8
6
15
2
-4
-5
-7
-19
-7
17
13
11
29
30
13
22
23
17
4
-6
3
0
6
31
43
42
45
40
18
-2
2
-3
-19
-28
-21
-21
-36
-28
-15
-24
-29
-10
-2
-17
-17
0
8
-3
0
13
-4
-32
-22
-10
-21
-15
6
11
-2
9
34
38
21
30
47
41
34
35
37
15
3
15
16
9
20
37
20
-1
26
40
10
2
20
18
-9
-13
4
-2
-10
10
17
-4
-24
-19
-20
-46
-50
-23
-15
-25
-5
-1
-29
-39
-18
-11
-24
-16
3
-1
-25
-18
5
-4
-20
-15
-7
-24
-35
-17
-16
-29
-21
5
14
3
14
14
1
3
20
32
23
32
34
17
8
20
43
30
11
23
14
-14
-21
-13
-23
-41
-30
-29
-44
-39
-16
6
4
6
16
6
-3
11
21
15
8
22
26
19
28
32
35
25
28
33
8
-8
1
10
-7
-9
4
-7
-32
-36
-30
-35
-31
-10
6
-6
-17
-2
5
-12
-10
1
2
7
12
10
-11
-18
-13
-30
-28
-25
-15
-13
-27
-18
-5
-9
-19
-17
-6
-9
-23
-31
-39
-43
-29
-11
1
2
10
23
23
16
14
8
-8
-6
17
24
11
12
15
6
-3
6
14
15
30
48
56
60
50
42
34
20
29
44
32
14
21
31
27
24
26
22
15
23
30
15
3
-4
-10
-9
-1
10
11
-2
-21
-19
-18
-33
-28
-24
-32
-26
-13
-8
-8
-8
-19
-23
-20
-21
-25
-32
-31
-24
-21
-20
-8
12
21
16
18
15
8
6
9
13
-1
-2
0
-3
0
9
5
-10
-11
-4
3
6
-5
-11
-9
-17
-13
-13
-21
-28
-39
-41
-46
-43
-32
-20
-15
-8
4
1
-3
-1
-4
-1
-4
-1
9
4
-3
-4
-2
-11
-23
-8
-9
-11
0
1
-3
-4
6
18
22
19
10
12
8
7
7
12
21
17
18
15
18
24
19
16
14
11
3
-7
-4
-1
8
6
-5
-3
3
12
22
22
6
-6
3
7
-3
-12
-17
-17
-24
-22
-11
-10
-11
-7
-9
-14
-12
-17
-18
-4
6
9
15
13
7
10
17
24
28
23
29
33
36
41
40
45
42
46
49
46
47
48
45
42
43
40
28
10
3
1
-3
-2
5
10
-3
-8
-4
-7
-17
-30
-30
-32
-33
-21
-9
-15
-30
-29
-22
-21
-29
-24
-23
-37
-47
-53
-54
-60
-66
-61
-53
-51
-48
-46
-46
-38
-30
-36
-44
-36
-30
-27
-27
-30
-27
-26
-26
-14
-8
-9
3
11
4
7
20
20
7
13
26
32
37
38
52
68
65
55
52
40
23
13
11
9
2
8
11
21
30
33
35
34
39
44
35
7
-14
-19
-19
-18
-7
-9
-25
-23
-15
-19
-18
-13
-8
-7
-5
-3
-3
4
11
7
2
-7
-15
-12
-3
2
-1
0
2
0
2
-2
2
16
15
8
14
21
18
30
38
35
44
51
57
55
45
31
21
23
20
15
11
0
-7
-4
-2
-17
-43
-59
-62
-62
-46
-38
-35
-29
-28
-24
-14
-11
-14
-10
-9
-11
-13
-12
-6
-7
-6
4
4
-1
1
5
8
5
9
6
7
21
23
19
15
3
-5
-11
-16
-20
-27
-38
-40
-38
-40
-30
-1
19
21
30
32
25
14
5
-8
-22
-18
-15
-8
9
11
14
8
1
-3
-17
-24
-30
-22
-14
-8
4
10
15
17
19
20
20
29
45
43
34
32
32
15
-13
-24
-26
-30
-27
-21
-17
-24
-27
-17
-5
-4
-7
-10
-15
-16
-7
8
10
10
15
10
-10
-25
-34
-47
-45
-27
-18
-16
-4
-2
-6
-4
11
22
15
-1
-5
9
20
25
41
50
47
45
44
49
45
47
46
36
31
18
12
1
-2
0
-2
-2
13
21
15
10
6
7
-3
-14
-13
-21
-24
-24
-25
-27
-39
-46
-49
-49
-47
-48
-50
-39
-25
-16
-12
-11
-6
7
21
31
36
26
19
26
33
