20
24
41
48
46
39
35
44
43
34
41
43
34
31
28
21
17
13
6
-3
-20
-38
-43
-50
-57
-58
-59
-55
-57
-51
-40
-46
-58
-65
-67
-73
-67
-58
-48
-29
-13
-3
-1
2
5
-6
-12
-10
1
0
-5
-3
-10
-9
1
23
43
54
63
74
79
73
66
52
39
35
40
43
55
62
48
28
20
16
2
-5
-4
-8
-26
-29
-15
-11
-5
2
-5
-22
-42
-54
-61
-67
-70
-67
-59
-48
-40
-30
-26
-26
-26
-29
-36
-42
-40
-38
-42
-37
-29
-29
-24
-14
1
4
20
36
20
19
25
20
26
35
51
52
38
44
41
32
34
46
48
37
39
38
24
6
8
12
4
-9
-7
-5
-11
-13
-17
-16
-16
-4
10
9
12
16
9
10
18
12
3
5
8
6
-6
2
11
20
28
28
18
-5
-22
-24
-15
-12
-7
4
7
-4
-17
-20
-12
3
5
-2
0
7
20
23
16
23
15
-9
-21
-21
-27
-25
-2
8
9
11
9
12
9
-4
-4
-4
-12
-1
7
15
22
32
44
34
21
7
-3
-12
-23
-38
-53
-53
-44
-32
-29
-22
-9
-21
-38
-42
-41
-40
-31
-26
-28
-33
-30
-24
-22
-27
-23
-19
-19
-18
-6
8
8
15
17
0
-24
-32
-25
-20
-13
-2
1
-7
-13
-10
-2
8
20
30
34
25
13
19
26
29
31
32
38
39
47
62
68
77
81
78
74
73
64
56
47
42
34
22
11
0
-4
-10
-12
-15
-16
-8
-5
-4
-2
-16
-36
-46
-51
-51
-44
-41
-41
-39
-31
-23
-19
-29
-43
-46
-50
-60
-52
-32
-21
-17
-31
-41
-50
-56
-54
-49
-30
-11
2
8
16
28
30
35
47
50
46
33
29
26
18
27
47
61
72
73
64
52
46
55
62
65
64
59
46
34
27
18
3
-4
2
-1
-9
-13
-8
-12
-33
-41
-41
-50
-58
-39
-19
-28
-37
-35
-49
-68
-63
-59
-63
-55
-43
-31
-28
-25
-21
-29
-45
-46
-36
-38
-32
-16
-6
-15
-16
0
4
2
9
31
21
8
20
15
1
12
38
45
23
23
31
25
22
35
36
13
7
16
11
-2
14
30
11
3
21
24
14
23
43
35
15
15
16
5
-11
-1
3
-14
-7
7
4
-4
6
5
-23
-46
-33
-31
-37
-18
4
6
-12
-2
12
6
9
23
15
-7
1
17
13
5
17
29
18
10
13
10
-1
2
17
7
-10
-14
-24
-35
-39
-22
-26
-47
-42
-23
-11
-17
-4
5
-2
-4
8
7
-11
-10
6
9
-3
4
19
24
23
31
33
17
12
24
19
10
20
29
24
20
27
20
5
9
11
1
-17
-23
-16
-5
1
7
-2
-18
-16
-13
-9
-1
5
-4
-15
-22
-37
-42
-43
-46
-43
-39
-27
-4
9
6
2
-6
-19
-27
-31
-31
-19
-14
-4
11
18
20
22
34
31
35
42
36
40
39
41
42
35
38
39
29
14
-4
-6
-14
-20
-26
-32
-27
-29
-28
-37
-43
-32
-27
-32
-46
-53
-46
-38
-24
-16
-15
-15
-9
4
4
1
-5
-10
-14
-7
-4
-8
-4
5
26
32
33
37
38
25
13
20
13
10
24
37
36
34
33
36
36
32
33
34
41
35
18
7
-1
4
12
17
31
44
52
48
48
39
16
2
-12
-29
-52
-65
-63
-66
-61
-47
-36
-30
-25
-20
-20
-34
-44
-54
-68
-66
-50
-36
-34
-24
-4
3
6
12
25
26
9
8
3
-2
-5
2
13
15
25
30
32
36
33
41
36
40
51
54
50
36
28
21
15
3
2
1
-12
-18
-19
-19
-20
-26
-28
-24
-18
-14
-10
-6
-2
-5
-9
-6
-5
-7
-8
-15
-22
-23
-23
-33
-33
-27
-30
-34
-37
-38
-36
-26
-20
-19
-16
-18
-21
-13
6
23
24
17
20
23
28
25
31
37
29
23
28
37
23
23
25
11
6
13
17
13
14
7
-7
-5
-1
3
9
8
14
10
-1
1
1
-4
-18
-20
-17
-22
-17
-3
3
-8
-20
-9
-5
3
8
14
16
13
19
14
11
20
29
16
-4
-11
-12
-20
-19
2
12
7
-3
-10
-18
-33
-36
-29
-30
-29
-18
-6
-5
-4
-6
-13
-13
-3
12
13
15
26
37
35
28
39
45
36
34
35
31
27
26
21
16
26
44
46
27
21
11
-5
-15
-20
-15
-20
-24
-27
-33
-43
-44
-36
-39
-39
-28
-31
-43
-59
-70
-64
-64
-59
-58
-60
-56
-47
-32
-33
-27
-21
-16
-12
-15
-1
22
29
36
43
45
42
39
40
37
37
29
25
31
37
35
39
45
46
42
43
48
52
65
74
71
70
59
42
36
22
20
30
29
26
17
7
-2
-16
-29
-27
-41
-58
-62
-64
-62
-54
-47
-45
-53
-56
-49
-52
-54
-49
-48
-53
-44
-40
-39
-38
-36
-38
-49
-53
-51
-56
-57
-44
-35
-25
-16
-5
-3
-6
1
5
9
3
-7
-6
-11
-11
11
44
66
90
114
109
96
80
76
71
65
70
66
63
66
78
81
72
66
73
71
59
52
52
42
28
30
22
5
0
-11
-15
-21
-26
-27
-33
-40
-44
-42
-49
-59
-66
-74
-72
-66
-61
-63
-58
-43
-35
-26
-20
-24
-33
-55
-72
-80
-77
-62
-46
-37
-35
-24
-14
-13
-5
3
-6
-4
7
23
35
36
43
47
45
45
36
25
7
-6
-4
-11
-21
-7
7
20
29
29
39
44
43
39
33
16
6
6
6
9
10
11
11
14
19
8
0
8
11
4
-5
0
2
-7
-2
-8
-21
-28
-23
-17
-23
-17
-13
-22
-34
-43
-49
-55
-50
-34
-30
-23
-7
3
-3
-21
-25
-23
-23
-26
-30
-19
2
27
45
38
23
13
12
16
18
28
35
39
52
60
59
57
56
63
65
66
63
51
54
62
67
55
44
40
32
23
7
4
-6
-21
-25
-24
-24
-36
-46
-52
-67
-76
-75
-68
-64
-55
-47
-57
-67
-64
-57
-57
-51
-37
-24
-14
-8
-4
-10
-14
-10
-3
2
13
18
23
31
42
47
46
52
61
61
58
47
26
16
7
-4
-7
-14
-9
4
13
15
9
2
2
-1
-12
-12
-4
1
-3
-5
-11
-24
-30
-32
-35
-45
-51
-46
-35
-24
-19
-14
-16
-14
-13
-16
-12
-9
-6
-1
-6
-13
-18
-11
-3
5
17
15
20
22
16
6
1
-7
-19
-21
-16
-11
0
17
26
22
22
24
29
34
33
41
42
31
14
18
24
25
24
15
6
17
30
25
33
43
42
35
32
19
1
-12
-31
-33
-36
-42
-30
-12
-9
-14
-12
-1
16
27
25
12
-13
-26
-13
-8
-14
-12
-28
-41
-38
-27
-14
-5
16
18
2
-6
-3
-6
-6
-8
-20
-25
-19
-10
2
6
0
0
-13
-27
-26
-20
-17
-11
0
4
-5
0
8
12
25
26
30
35
33
33
39
40
37
39
39
36
29
19
12
24
36
31
24
21
20
8
-16
-15
-16
-17
-17
-20
-31
-58
-82
-107
-109
-99
-89
-80
-69
-56
-49
-36
-19
-7
-4
-11
-29
-49
-68
-70
-54
-35
-15
-4
1
3
-1
16
43
62
69
65
56
55
62
70
78
80
86
90
85
71
67
66
59
63
58
52
43
32
33
11
-1
6
13
13
16
14
-6
-23
-29
-34
-35
-30
-26
-22
-21
-12
-6
-16
-33
-43
-59
-72
-78
-72
-67
-61
-38
-19
-18
-28
-42
-54
-66
-74
-63
-47
-39
-28
-14
-1
12
28
36
35
38
27
13
5
-4
-15
-10
6
11
22
39
48
41
38
35
24
25
24
27
22
12
12
10
19
40
59
63
53
41
29
25
29
30
28
22
20
26
24
23
22
19
16
-2
-5
-11
-23
-36
-56
-55
-53
-49
-43
-39
-40
-44
-45
-44
-41
-39
-37
-26
-18
-12
-9
-7
-1
-6
-9
-6
-10
-3
6
11
8
2
-11
-18
-13
4
16
17
10
8
8
4
-2
-11
-13
-4
14
27
32
39
39
28
16
5
0
7
5
-3
-6
2
10
13
7
8
10
1
-6
-16
-27
-41
-51
-52
-41
-25
-19
-7
3
6
4
-2
-4
-4
2
-3
-12
-10
-10
-2
3
-1
-13
-16
-8
-14
-18
-17
-12
-5
-2
4
14
28
49
78
87
70
56
45
32
16
21
27
22
24
26
30
45
45
46
42
29
19
4
-9
-14
-15
-16
-26
-29
-30
-49
-65
-69
-59
-49
-35
-23
-13
-8
-11
-8
-9
-11
-19
-22
-22
-24
-11
6
16
29
33
27
13
-1
-9
-17
-19
-17
-19
-16
-10
1
14
21
22
15
2
-3
-6
-18
-18
-7
8
21
19
11
1
1
9
17
19
15
8
-7
-14
-1
2
1
11
24
30
30
19
13
14
7
4
4
-2
-12
-14
-11
-9
-16
-29
-27
-24
-21
-24
-30
-24
-25
-24
-23
-21
-15
-18
-14
-2
9
20
12
14
24
23
18
9
0
-12
-27
-36
-32
-29
-34
-20
-6
-3
8
13
4
4
8
11
7
-2
-12
-21
-8
5
-3
-6
-2
-3
1
-2
-1
-5
-16
-11
-6
-3
1
8
24
37
46
52
51
49
41
37
45
42
43
41
38
35
27
25
30
28
24
25
16
16
11
7
-10
-17
-16
-9
4
9
11
1
-3
-4
4
8
3
-7
-14
-15
-18
-29
-40
-43
-41
-34
-27
-22
-15
-10
-17
-19
-21
-27
-30
-38
-44
-37
-27
-22
-16
-7
-3
-4
-4
-4
-7
-10
-18
-21
-22
-16
-6
-1
-3
-4
5
7
10
15
14
7
-14
-21
-19
-13
-6
-9
-6
-10
-10
0
10
7
4
10
1
-6
-14
-13
-6
7
28
24
13
13
18
32
42
48
45
34
30
33
36
36
29
21
19
23
30
29
30
31
30
30
22
29
30
13
5
-12
-19
-30
-37
-37
-37
-35
-35
-26
-24
-31
-42
-50
-47
-49
-43
-43
-46
-40
-34
-21
-10
2
-3
5
17
13
5
-3
-2
-6
-6
-9
-7
-2
1
9
11
11
15
10
9
6
-3
-8
-15
-14
-10
-6
-3
5
25
38
47
60
65
65
57
51
47
28
11
2
-7
-13
-18
-13
1
10
12
6
6
0
-6
-4
-14
-30
-34
-32
-17
1
4
16
27
32
23
14
13
0
-25
-38
-36
-25
-7
6
14
20
20
5
-8
-14
-21
-17
-16
-7
-2
-6
-5
6
19
22
22
25
21
16
3
-13
-22
-31
-33
-35
-33
-31
-40
-35
-31
-32
-32
-31
-26
-28
-34
-27
-15
-11
2
14
26
26
22
26
26
27
23
15
8
1
-6
-17
-23
-28
-32
-27
-16
2
14
3
-16
-22
-7
6
20
31
31
33
33
37
34
25
20
26
27
24
27
21
21
29
34
33
24
7
-13
-19
-25
-29
-35
-36
-23
-15
-12
-17
-18
-17
-13
-3
-5
-11
-25
-39
-36
-21
-7
4
3
5
8
8
11
15
18
13
4
-9
-18
-15
-13
-4
12
36
40
39
34
28
34
29
18
16
21
17
16
15
15
19
20
19
12
8
11
10
7
0
-8
-12
-14
-20
-26
-18
1
6
-2
-1
11
17
17
17
16
4
-7
-13
-21
-24
-24
-34
-31
-15
-14
-6
1
0
-6
-17
-17
-23
-27
-24
-17
-7
-2
4
1
-16
-29
-29
-27
-17
-5
-4
-3
2
11
12
12
5
-7
-27
-41
-38
-31
-27
-17
2
14
14
8
0
-6
-27
-40
-38
-33
-29
-15
-6
-1
19
20
6
5
16
20
16
7
9
28
29
33
37
33
33
34
45
43
25
19
9
6
25
35
31
31
27
13
-1
-5
-15
-27
-28
-22
-5
5
9
11
8
5
3
-3
-2
-8
-12
-12
-8
0
-5
-7
-7
-7
0
-7
0
23
34
42
40
32
16
2
3
4
-14
-34
-39
-36
-34
-33
-15
-5
-6
-2
8
10
-2
-7
-11
-20
-34
-34
-28
-13
4
16
29
30
35
30
11
12
14
4
2
1
-3
-1
7
7
5
-4
0
9
5
-1
-7
-12
-5
-1
-1
-8
-16
-13
-9
-11
-23
-24
-14
-4
3
-2
-10
-18
-21
-17
-10
-3
0
-4
-8
0
11
31
39
38
41
33
23
20
2
-13
-8
2
9
5
9
9
2
4
12
9
-5
-21
-32
-33
-35
-19
-4
2
6
-3
-15
-20
-21
-22
-26
-29
-32
-30
-30
-33
-34
-23
-9
1
10
3
-15
-26
-27
-21
-23
-17
-13
-19
-24
-30
-30
-24
-14
-7
-2
-7
-13
-2
2
6
6
9
26
37
47
47
42
44
40
40
49
46
40
37
47
57
58
64
63
59
54
44
45
44
49
50
39
33
31
34
38
48
48
36
29
26
21
-1
-17
-24
-32
-37
-38
-42
-44
-50
-58
-54
-54
-49
-48
-60
-70
-75
-79
-77
-67
-50
-39
-34
-32
-33
-25
-18
-1
7
17
31
35
25
2
-6
-2
4
17
26
37
42
34
22
18
15
6
-2
-9
-4
-11
-14
-11
-10
-2
-6
-15
-21
-26
-32
-27
-13
8
13
16
23
10
-7
-13
-16
-23
-21
-12
-15
-12
-9
-13
-19
-24
-30
-43
-43
-36
-28
-13
-5
5
8
-2
-11
-24
-28
-29
-32
-23
-7
12
24
25
34
44
42
36
31
27
20
18
18
31
45
48
45
40
33
34
42
42
38
37
31
25
22
29
39
31
28
34
23
9
2
-3
-5
-1
-3
-4
-7
-15
-19
-32
-39
-32
-27
-25
-23
-21
-18
-14
-4
1
-4
2
18
23
20
20
23
29
29
24
16
13
7
3
-2
-4
-2
-4
-1
-1
0
-3
-1
-5
-18
-27
-30
-24
-25
-18
-17
-26
-39
-50
-48
-44
-40
-37
-32
-22
-20
-18
-10
-10
-4
-6
-17
-22
-18
-9
-8
-5
-1
6
19
35
41
35
20
2
-3
-4
-12
-14
-12
-1
8
12
14
19
22
16
8
-2
-12
-21
-21
-12
3
12
11
8
7
-8
-14
-7
-3
1
3
-2
-16
-23
-22
-20
-6
8
24
30
22
11
5
0
-5
-7
-3
3
4
3
-1
-1
-4
-6
-7
-9
-10
-4
1
8
14
16
25
35
28
25
32
41
43
41
48
49
49
50
47
32
11
-2
-9
-9
-4
-10
-10
4
-3
-15
-26
-36
-32
-27
-29
-38
-45
-39
-36
-52
-58
-57
-44
-21
-12
-14
-18
-20
-16
-9
12
17
15
19
12
14
9
5
12
22
33
39
46
56
61
71
66
53
41
38
33
26
24
11
-5
-17
-27
-28
-17
-10
-5
1
-6
-6
-4
-13
-26
-36
-48
-49
-46
-39
-19
-8
-5
0
7
0
-6
-1
-12
-28
-39
-38
-31
-17
2
9
14
15
9
4
1
-1
-7
-18
-27
-29
-33
-36
-31
-33
-21
-13
-9
-5
-10
-5
-8
-21
-30
-27
-19
-7
11
20
18
17
18
11
3
4
9
17
26
31
29
27
30
36
37
28
29
33
32
29
26
18
22
30
18
1
-11
-17
-24
-24
-16
-11
-14
-17
-14
-13
-12
-14
-20
-23
-21
-25
-14
-5
-1
-2
-7
-10
-11
-2
10
19
22
19
26
37
37
42
42
36
29
11
-5
-5
5
13
23
25
23
25
31
27
15
0
-14
-18
-25
-19
-3
14
36
37
31
19
7
-3
-15
-17
-16
-12
-5
3
6
12
4
0
-10
-16
-8
-12
-15
-24
-35
-33
-26
-24
-30
-37
-34
-31
-28
-29
-30
-25
-29
-36
-43
-48
-39
-21
-12
-2
13
22
29
35
28
21
8
-7
-6
-11
-22
-21
-16
-10
-10
-11
-2
21
43
48
50
37
29
23
15
6
-8
-16
-24
-13
2
3
2
8
17
11
3
-8
-29
-50
-61
-65
-65
-55
-40
-30
-15
1
4
8
15
18
14
9
2
2
7
13
15
18
20
17
26
26
19
11
4
18
26
25
25
27
30
28
24
19
21
25
29
33
34
31
23
15
15
13
9
4
1
1
4
11
16
26
30
26
24
21
14
15
14
5
4
4
5
5
-1
-10
-7
-7
-10
-9
-3
-7
-24
-36
-48
-49
-46
-39
-36
-26
-15
-17
-13
-6
0
-12
-30
-42
-63
-66
-62
-51
-36
-18
-6
-3
2
0
-7
-15
-13
-10
-1
9
12
18
32
35
29
31
33
30
26
28
25
21
20
11
-6
-15
-13
-16
-10
-8
-10
-9
-9
-5
-7
-10
-3
2
3
-1
1
6
14
14
5
-11
-24
-25
-26
-25
-27
-24
-14
-14
-13
-16
-17
-9
4
14
4
-8
-9
-4
2
7
15
20
19
12
6
5
3
9
8
8
11
13
14
23
37
39
32
13
13
21
19
22
24
28
29
28
30
33
38
37
37
41
36
24
7
9
7
-1
-9
-18
-20
-19
-12
-13
-9
-11
-12
-7
-9
-13
-17
-23
-31
-33
-36
-44
-47
-42
-38
-36
-31
-23
-12
-4
-4
-9
-21
-33
-34
-34
-28
-17
-8
13
28
25
16
12
4
-6
-13
-16
-15
-2
13
22
33
45
46
41
39
36
36
20
9
7
4
6
5
20
33
39
41
32
27
21
12
8
1
-11
-30
-46
-50
-61
-65
-58
-35
-15
-1
17
20
8
-1
-19
-20
-18
-21
-17
-14
-12
-22
-36
-35
-27
-23
-23
-27
-23
-23
-21
-13
-8
-7
-6
-1
8
21
25
23
18
19
21
17
15
16
8
0
-2
4
12
18
25
29
30
26
25
26
25
23
15
7
-2
-8
-1
3
8
13
22
37
46
44
32
20
4
-3
-15
-26
-39
-42
-28
-23
-18
-16
-14
-12
-10
-13
-13
-12
-7
-4
-5
1
3
-1
5
9
8
10
8
10
6
-5
3
9
6
3
3
10
12
11
9
5
5
2
-13
-21
-29
-34
-37
-34
-25
-11
10
22
30
27
16
11
19
12
7
7
2
-6
-12
-8
1
18
27
27
27
20
18
11
5
7
-3
-17
-23
-20
-17
-22
-27
-22
-13
-4
-2
2
-5
-11
-18
-28
-22
-25
-26
-29
-30
-30
-35
-31
-22
-14
-2
4
4
6
-9
-18
-18
-9
-2
8
18
23
25
33
34
33
36
33
34
27
28
16
-1
-8
-7
1
4
6
5
13
16
14
17
16
12
3
0
16
26
16
4
0
3
1
-4
-11
-24
-37
-48
-49
-43
-39
-43
-38
-13
0
-7
-16
-15
-6
-6
-12
-10
0
5
-1
-1
-2
-9
-20
-12
1
-9
-8
-2
-6
-5
2
6
10
16
6
12
32
41
43
52
68
78
78
69
65
58
42
24
18
16
8
5
9
12
11
16
20
25
17
7
-2
-20
-35
-36
-24
-14
-18
-11
-12
-17
-16
-20
-20
-31
-38
-47
-51
-44
-35
-25
-18
-18
-24
-31
-23
-15
-11
-7
-9
-9
-3
0
-7
-16
-16
-19
-26
-27
-14
-8
-5
-3
-7
2
12
15
17
17
16
5
0
2
-5
-12
0
12
19
19
17
13
23
27
15
12
10
8
7
4
-8
-11
-18
-24
-20
-15
-18
-24
-25
-32
-37
-33
-24
-19
-17
-2
9
16
18
10
16
6
-6
1
6
11
3
1
11
18
27
31
22
21
29
34
44
60
65
61
59
63
63
58
59
57
46
32
16
2
-13
-16
-9
-3
-10
-19
-26
-38
-48
-56
-47
-45
-48
-44
-46
-45
-41
-28
-16
-11
-8
-15
-22
-29
-34
-41
-52
-54
-45
-36
-21
-19
-4
12
20
31
24
13
12
19
11
7
3
14
21
17
28
37
41
33
29
27
25
17
11
-5
-8
9
19
19
23
28
32
29
22
11
-3
-6
-5
-11
-12
-11
-13
-12
-9
-13
-19
-30
-32
-26
-22
-15
-19
-20
-14
-10
-12
-18
-20
-25
-25
-19
-9
2
1
0
-5
-8
-16
-20
-15
-4
5
1
-5
-13
-13
-1
6
10
2
-8
-13
-10
-2
9
25
36
45
49
48
33
22
16
1
1
4
5
1
-4
-7
-5
4
15
16
12
14
14
15
20
9
-3
-15
-29
-26
-23
-22
-10
-1
3
17
24
20
22
19
5
-10
-21
-18
6
18
17
3
-1
-3
-18
-29
-33
-29
-24
-19
-10
-10
-12
-17
-11
-2
-5
-17
-30
-32
-30
-27
-18
3
22
33
37
36
29
27
29
28
28
24
27
28
26
19
16
16
5
-5
-8
4
14
17
14
11
13
10
9
12
4
1
6
6
3
-8
-20
-15
-4
7
8
3
2
-9
-17
-24
-29
-27
-19
-12
-13
-10
-1
4
4
7
11
-2
-24
-26
-24
-30
-28
-32
-35
-40
-50
-54
-50
-46
-40
-37
-44
-45
-33
-16
-7
0
16
22
24
19
4
3
15
29
34
36
44
42
34
24
26
45
51
55
49
43
42
37
30
31
35
29
21
11
10
10
3
4
8
1
-25
-41
-44
-49
-49
-41
-35
-37
-39
-38
-36
-30
-14
-7
-8
-19
-28
-25
-20
5
18
13
21
27
35
31
19
18
15
15
15
10
10
20
35
42
38
26
14
10
1
-5
-3
-2
-1
-1
-1
2
12
23
21
8
3
0
5
3
-3
-15
-29
-39
-35
-21
-20
-13
-9
-8
-10
-20
-24
-20
-13
-6
-13
-25
-30
-33
-30
-21
-17
-13
-6
-6
-12
-27
-35
-27
-22
-4
12
15
19
16
13
7
0
-1
8
20
19
19
24
31
32
23
15
9
14
16
7
7
16
30
38
42
41
41
46
44
39
24
14
7
6
17
11
-3
-8
-5
-7
-13
-25
-44
-45
-31
-21
-16
-15
-16
-22
-23
-18
-23
-26
-17
-10
-9
-9
-12
-16
-16
-19
-17
-12
-6
-3
-3
-5
-2
3
13
23
18
10
3
5
6
5
7
5
2
-10
-21
-22
-25
-21
-9
0
8
16
15
7
0
-3
-6
-7
-8
-19
-22
-27
-35
-40
-37
-22
-9
0
0
0
-3
-10
-12
-18
-21
-23
-22
-10
4
15
21
28
36
27
28
40
50
54
55
57
52
53
56
60
61
61
54
40
32
22
25
35
31
24
9
4
4
-1
-7
-16
-17
-17
-9
-4
-19
-19
-16
-17
-20
-31
-47
-51
-32
-28
-29
-41
-49
-49
-51
-48
-43
-31
-25
-24
-22
-21
-19
-21
-18
-9
0
-7
-11
-8
-1
4
-1
4
12
21
26
26
21
17
6
-6
2
12
25
30
32
28
23
24
13
1
-10
-17
-15
-16
-6
5
13
23
23
22
-1
-12
-4
-9
-7
2
6
17
16
13
13
14
11
1
-13
-18
-19
-16
-15
-15
-3
3
10
14
10
-6
-30
-34
-41
-39
-36
-42
-39
-34
-32
-36
-33
-15
-6
-11
-4
2
0
-3
-16
-25
-28
-19
-2
3
8
8
13
17
22
29
32
41
46
49
41
25
33
46
56
72
66
55
56
55
47
32
21
11
-1
-2
3
-2
-6
0
6
0
1
0
-1
-2
-3
-8
-16
-22
-29
-26
-9
-1
5
-2
-10
-14
-19
-17
-20
-19
-14
-2
4
-2
-19
-27
-17
-2
0
2
3
-2
-4
-6
-15
-27
-31
-27
-25
-22
-25
-27
-30
-37
-37
-26
-15
-14
-23
-28
-23
-13
-4
0
4
10
9
7
13
12
14
16
15
27
30
24
21
13
9
1
-4
0
13
29
45
59
60
59
58
51
37
25
7
-4
-11
-13
-18
-19
-13
-13
-14
-19
-25
-26
-25
-26
-25
-24
-29
-36
-35
-35
-43
-46
-44
-43
-41
-42
-35
-27
-19
-21
-32
-37
-25
-13
-14
-14
-14
-12
-2
16
26
26
36
45
51
58
62
55
47
43
32
18
7
3
13
21
21
29
36
39
32
30
28
27
26
16
11
21
25
32
46
44
47
45
32
12
-14
-20
-11
3
4
-7
-14
-13
-13
-14
-19
-32
-39
-40
-40
-37
-39
-48
-50
-36
-23
-13
-10
-14
-16
-11
-10
-5
-3
-4
-5
-9
-11
-15
-8
1
8
7
7
9
-1
-3
-5
-7
3
10
5
3
1
-5
0
-6
-5
6
12
25
26
19
13
12
17
20
12
-3
-10
-4
-3
-5
-7
-11
-7
-6
-16
-27
-42
-58
-57
-40
-34
-21
-11
-2
7
1
-9
-16
-19
-16
-11
-12
-2
3
1
7
7
3
4
12
16
18
16
12
11
-1
-20
-30
-30
-22
-9
5
11
9
7
10
20
25
25
22
10
4
-1
-5
0
17
36
49
63
67
62
58
54
45
30
23
26
26
23
24
14
5
0
-11
-4
0
3
5
-1
-4
-11
-17
-26
-27
-26
-24
-23
-28
-32
-36
-28
-14
-14
-27
-42
-50
-39
-30
-25
-17
-15
1
12
11
11
8
19
23
16
12
-7
-2
20
27
31
28
37
40
35
27
9
-3
-11
-4
-7
-16
-16
-20
-14
-12
-11
-9
-10
-5
-5
-12
-16
-8
-3
-10
-21
-33
-34
-24
-13
-14
-15
-10
-2
-4
-13
-18
-17
-4
4
4
5
5
0
-3
-8
-6
7
12
14
-1
-12
-28
-37
-35
-28
-16
-4
14
26
33
29
20
18
12
8
2
-7
-9
2
16
25
30
29
24
29
33
33
39
35
35
28
19
15
-3
-8
-8
-7
-9
-5
0
6
6
-1
4
0
-7
-9
-11
-16
-11
-4
-6
-7
-20
-29
-29
-37
-41
-42
-43
-36
-27
-21
-12
-5
-14
-29
-34
-31
-30
-39
-49
-48
-35
-20
-2
20
31
24
24
30
45
48
44
40
33
30
33
41
58
81
93
84
76
68
67
54
40
30
11
10
17
31
43
50
54
48
39
21
2
-9
-23
-45
-54
-57
-64
-71
-79
-78
-70
-63
-59
-58
-52
-39
-39
-45
-45
-49
-50
-50
-50
-45
-47
-39
-26
-10
-4
-13
-17
-18
-23
-17
0
24
43
57
59
51
45
36
46
55
47
35
22
12
8
13
19
23
20
14
8
6
8
10
6
1
-7
-17
-4
-5
-22
-27
-34
-45
-38
-21
-8
-7
-14
-15
-12
-4
3
14
16
8
8
7
-2
-7
-2
-2
-8
-17
-20
-19
-20
-14
-8
-11
-9
-7
-7
1
4
5
1
-7
-18
-27
-32
-26
-18
-10
-4
-2
13
23
30
35
42
45
50
54
52
49
46
38
25
20
25
26
20
21
22
27
32
43
40
26
16
1
-11
-16
-16
-13
-12
-6
-9
-9
0
2
7
10
10
6
1
4
8
3
-7
-35
-51
-46
-38
-31
-22
-19
-30
-34
-32
-18
-17
-18
-19
-15
-6
-10
-7
-6
-9
-7
-4
-4
-1
7
7
8
1
-9
-13
-12
-9
-13
-7
-1
7
17
10
-2
0
14
22
17
12
18
24
24
21
14
8
3
-8
-10
-24
-31
-35
-34
-22
-21
-24
-27
-23
-16
-13
-17
-22
-24
-24
-15
-12
-5
-8
-10
-4
-1
0
-6
-9
-8
-6
-6
-15
-23
-25
-15
7
18
27
38
34
35
32
26
15
9
16
11
13
20
24
29
31
35
38
46
54
51
42
41
40
22
4
-4
1
7
3
-13
-33
-34
-21
-16
-7
-5
-4
0
7
14
0
-7
2
10
10
3
-8
-10
8
24
19
16
10
-3
-4
-23
-39
-37
-17
5
7
9
7
8
17
10
-4
-17
-27
-29
-29
-39
-45
-35
-27
-28
-25
-24
-15
-11
-14
-22
-25
-23
-18
5
19
19
14
19
29
36
51
55
61
72
62
44
26
18
11
8
20
27
24
12
8
17
18
14
10
-10
-34
-46
-54
-51
-44
-46
-40
-45
-67
-90
-99
-88
-83
-75
-64
-62
-54
-46
-40
-17
-1
0
1
-9
-16
-26
-23
-9
3
3
4
21
33
36
37
45
62
75
66
48
37
33
25
18
23
32
42
49
57
58
48
44
43
44
39
29
23
16
29
42
31
16
-2
-22
-23
-11
2
13
21
28
33
30
16
5
-7
-23
-30
-49
-66
-66
-60
-59
-46
-34
-29
-20
-4
4
-1
-2
1
5
5
-3
-8
-10
-5
5
-3
-2
6
0
-6
-5
-2
7
10
9
5
-6
-21
-27
-25
-26
-16
-9
-8
3
10
19
32
26
21
17
15
11
6
7
3
2
6
-2
-9
-5
-11
-13
-4
-16
-28
-30
-27
-17
-10
-4
-16
-22
-13
-6
-5
0
9
10
3
-7
-18
-17
-8
7
16
18
23
27
21
16
11
3
-1
-13
-19
-20
-23
-19
-25
-34
-32
-23
-16
-11
-6
0
11
19
30
27
18
12
9
9
3
11
21
21
21
14
7
0
-4
-1
-5
-2
-3
-2
13
21
25
23
22
11
0
5
11
20
34
47
52
51
45
49
41
24
21
11
6
5
-2
-15
-30
-33
-30
-31
-32
-28
-21
-20
-21
-22
-25
-28
-33
-40
-55
-64
-65
-59
-45
-23
-5
-6
-6
-1
-8
-24
-35
-36
-38
-42
-45
-39
-23
-11
6
16
5
6
15
30
34
35
38
32
40
55
65
69
58
41
31
38
51
55
52
53
50
37
28
19
13
10
3
-7
-15
-19
-21
-18
-20
-22
-13
-8
-9
-8
-5
-13
-12
-5
6
9
6
4
-2
-11
-13
0
9
3
-9
-19
-29
-34
-29
-22
-20
-23
-22
-31
-42
-36
-35
-33
-21
-17
-18
-11
0
5
1
-8
-13
-7
-6
4
8
7
18
33
54
57
58
50
27
17
4
-10
-21
-29
-20
-12
-1
-5
-14
-12
-11
-12
-30
-49
-48
-44
-36
-26
-19
-16
-10
-4
-10
-16
-18
-18
-7
7
17
20
5
0
4
15
23
11
-1
-7
-8
-6
-2
6
12
3
3
17
32
37
40
49
48
39
32
34
38
43
49
54
48
39
28
12
9
4
6
12
20
21
11
11
4
-2
-2
-9
-11
-9
-9
-13
-1
15
21
33
32
15
-12
-35
-46
-50
-53
-59
-58
-40
-27
-16
-6
-22
-33
-37
-31
-28
-31
-26
-27
-25
-12
5
13
20
29
27
28
23
24
30
34
31
5
-9
-14
-21
-21
-18
-10
-8
-8
-6
-9
-3
-3
-16
-19
-12
-10
-15
-18
-19
-30
-39
-31
-20
-15
-13
0
7
12
28
31
22
13
6
4
-1
-13
-14
-10
-2
7
16
13
2
1
0
-5
-15
-19
-15
-26
-40
-53
-41
-19
-10
-5
-3
5
0
-2
12
20
31
34
38
42
37
36
40
44
53
58
53
46
42
35
31
33
24
7
-13
-32
-43
-47
-38
-27
-24
-22
-12
7
25
25
17
20
24
20
14
16
24
25
26
22
19
30
37
33
19
6
-9
-31
-29
-28
-35
-36
-40
-45
-26
-16
-22
-19
-18
-5
5
2
-12
-27
-32
-41
-40
-22
-13
-6
5
4
2
3
8
9
9
9
19
25
26
21
9
-1
5
10
-8
-26
-42
-40
-27
-9
1
12
20
8
-5
-12
-15
-15
-9
-8
-15
-19
-25
-27
-21
-9
-6
-8
-3
-3
-2
-9
-19
-31
-40
-37
-20
-2
11
14
21
35
27
12
10
16
18
17
12
-9
-10
6
4
5
12
12
12
16
7
10
11
4
-3
-5
3
6
5
14
31
45
49
56
63
57
57
47
41
47
40
27
21
20
10
0
6
3
-1
-5
-7
-7
-17
-20
-25
-25
-22
-23
-23
-34
-35
-35
-42
-43
-49
-61
-66
-64
-66
-61
-50
-28
-24
-25
-23
-33
-30
-24
-17
-19
-17
-13
-17
-10
1
6
11
22
28
36
44
39
38
28
21
11
0
11
22
39
52
61
66
62
70
73
76
62
40
25
14
24
26
27
33
38
35
15
7
1
1
5
-3
-13
-28
-44
-50
-48
-44
-44
-47
-52
-54
-60
-66
-59
-58
-67
-55
-39
-36
-28
-26
-32
-34
-40
-25
-14
1
14
11
20
23
30
41
46
42
29
8
-4
-1
2
3
9
8
12
21
29
40
37
35
35
31
23
15
7
-2
-15
-20
-11
-11
-14
-13
-20
-25
-25
-24
-30
-27
-10
-8
-12
-24
-34
-27
-20
-22
-19
-3
6
22
37
43
43
34
27
20
21
12
5
9
5
-6
-14
2
13
6
-1
-15
-33
-30
-17
-17
-14
11
23
18
18
7
2
-3
-8
-16
-18
-15
-7
14
41
56
64
67
62
45
29
19
8
10
7
-6
-9
-3
5
15
42
59
54
38
17
-5
-25
-35
-40
-51
-42
-38
-41
-37
-46
-40
-29
-27
-36
-38
-34
-34
-27
-16
-16
-20
-16
0
9
8
-2
-12
-4
-4
-9
-15
-13
1
6
22
32
36
41
39
25
6
-6
-13
-10
-1
4
1
-1
13
22
14
16
25
36
23
9
-2
-14
-16
-21
-30
-34
-26
-19
-2
21
32
39
29
8
-16
-39
-39
-34
-43
-42
-43
-35
-15
6
18
24
20
6
-7
-16
-23
-21
-15
-8
-6
-1
9
12
13
4
-11
-21
-19
-10
0
12
21
19
8
2
1
5
18
26
19
13
15
15
23
29
28
29
29
22
30
36
33
26
26
21
14
17
15
3
-10
-15
-10
-17
-27
-23
-26
-29
-21
-16
-7
-1
-19
-21
0
7
18
37
48
45
32
20
6
4
11
8
13
9
-6
-16
-17
-20
-27
-22
-9
-9
-10
-13
-19
-18
-18
-14
-8
-6
-10
-12
-12
-15
-15
-15
-10
-6
1
-1
-8
-14
-9
-5
0
3
-2
-6
3
14
9
2
-2
-8
-9
-6
-3
-4
-19
-15
-5
-6
-6
-16
-14
-7
3
7
6
-3
-9
-13
-15
-8
-6
-10
-7
-2
-5
-2
17
25
15
11
14
17
20
29
22
2
-4
-5
4
9
5
13
18
15
5
9
19
27
27
3
-8
-8
-11
-3
8
12
13
5
0
2
4
-6
-7
5
12
17
18
17
10
-9
-16
-15
-14
-9
-19
-32
-43
-38
-17
-1
19
23
28
31
5
-10
-21
-38
-35
-20
-12
-4
4
6
12
17
-6
-24
-34
-42
-44
-49
-32
-25
-28
-16
-8
9
10
-1
-2
3
14
9
19
45
48
64
72
62
49
50
58
62
51
11
0
8
15
29
43
34
12
10
11
-9
-27
-23
-32
-40
-24
-10
8
32
28
20
9
10
10
4
4
-4
-22
-46
-41
-23
-11
-9
3
12
-7
-35
-41
-48
-60
-53
-42
-47
-47
-26
-17
-17
-14
-7
-13
-10
-1
-27
-58
-62
-47
-31
-20
-12
-30
-50
-36
-19
-19
-8
38
68
66
76
83
90
118
123
94
77
65
36
21
34
20
-11
-7
-12
-34
-47
-53
-47
-30
-22
-43
-41
-19
-18
-13
-23
-58
-90
-113
-130
-136
-117
-92
-61
-13
14
8
18
48
52
39
29
4
-26
-26
-3
21
41
72
90
103
122
129
120
104
97
99
79
53
36
18
24
32
20
3
-13
-23
-25
-25
-22
-21
-28
-27
-9
4
16
38
45
37
28
10
-5
-12
-14
-12
4
6
2
11
3
1
12
-6
-32
-38
-44
-50
-44
-50
-62
-58
-44
-36
-13
9
0
-15
-7
5
-19
-34
-24
-25
-31
-40
-38
-23
0
17
8
6
-4
-20
-20
-6
5
2
1
7
21
20
11
8
-4
-20
-31
-49
-73
-85
-80
-69
-47
-29
-25
-14
-1
10
16
-3
6
22
34
51
72
82
69
77
88
77
84
95
95
87
76
59
23
18
2
-47
-55
-57
-63
-47
-31
-21
-23
-26
-33
-40
-37
-32
-45
-52
-21
-19
-32
-18
-9
-4
7
12
17
11
-4
-17
-15
2
7
3
9
3
-23
-35
-39
-40
-27
-23
-13
3
22
19
29
48
51
54
46
45
39
30
25
16
14
27
46
56
51
46
43
40
30
9
-1
9
25
22
12
0
-7
-15
-20
-21
-25
-2
7
-4
-5
-26
-52
-46
-27
-33
-10
19
25
22
11
4
2
19
18
-5
-21
-37
-60
-66
-53
-42
-31
5
30
38
53
42
12
3
-5
-30
-48
-51
-61
-66
-39
-10
1
7
4
-15
-32
-15
-9
-27
-37
-37
-31
-15
10
19
30
30
7
-4
-11
-23
-28
-21
-17
-12
-4
15
26
24
27
27
16
4
9
7
0
6
-7
-32
-25
-10
-2
17
31
33
35
47
38
23
23
11
-5
-19
-27
-24
-13
8
31
43
31
15
2
-19
-38
-50
-34
-4
2
6
20
31
40
38
19
13
7
-24
-46
-46
-39
-26
2
5
0
6
22
43
56
56
51
51
45
35
31
39
42
49
69
66
52
40
37
22
4
-17
-34
-35
-50
-61
-62
-61
-53
-44
-30
-37
-66
-92
-89
-79
-70
-58
-59
-40
-28
-12
21
37
49
32
23
28
15
5
1
-3
-11
3
25
27
27
26
32
42
62
62
43
36
33
33
32
22
15
2
-3
-2
-24
-36
-32
-32
-28
-29
-17
-12
-6
4
5
9
-21
-54
-57
-28
-19
-38
-42
-45
-64
-74
-77
-96
-98
-55
-10
-2
7
-9
-21
-11
-14
-5
-14
-7
13
16
18
20
35
54
85
108
91
79
71
42
2
-34
-17
28
32
18
27
48
50
57
64
63
71
51
24
5
-8
-6
11
37
28
-4
-3
22
5
-23
-33
-25
-36
-39
-2
6
16
29
30
10
-10
-21
-27
-22
-14
-26
-23
-10
-29
-47
-50
-33
-28
-15
-5
-11
-15
-8
-29
-56
-54
-60
-35
-3
-2
-27
-26
-30
-41
-42
-35
-14
-13
8
25
-2
-13
-12
-13
7
36
49
61
85
84
61
44
53
46
35
26
-4
-22
-21
-16
0
0
-9
-4
-21
-32
-63
-61
-21
-22
-52
-60
-15
41
86
117
119
105
88
73
42
39
43
31
44
7
-47
-63
-44
-20
-20
18
56
51
10
-61
-93
-48
-1
22
16
-21
-41
-57
-57
-77
-88
-55
42
96
24
-18
-65
-94
-74
-12
6
6
67
95
68
46
25
42
53
66
59
16
0
-81
-155
-169
-102
-14
40
75
51
-7
-54
-82
-87
-153
-177
-132
-89
-117
-143
-119
-111
-128
-124
-103
-94
-75
-99
-155
-186
-203
-205
-132
-19
27
44
58
-7
-22
-26
-33
-3
117
253
276
263
197
148
229
345
419
402
368
301
276
261
188
225
281
313
323
246
95
53
66
51
130
196
196
140
63
86
0
-4
82
6
-40
-106
-206
-290
-350
-369
-345
-280
-136
-101
-139
-125
-189
-256
-279
-332
-370
-331
-193
-173
-165
-102
-6
-15
47
11
60
505
155
-396
-564
-276
162
110
-70
48
459
860
229
-623
-544
316
680
151
-303
-554
-38
292
238
292
342
560
47
-517
-325
-142
-93
-59
279
147
152
-246
-702
-331
-40
327
93
-200
20
-418
-291
-199
-316
309
335
305
285
237
64
-35
55
105
123
87
110
83
139
420
434
209
24
35
73
-45
-158
-355
-413
-344
-369
-310
-265
-224
-206
-265
-351
-562
-567
-476
-564
-525
-452
-391
-404
-265
-212
-425
-477
-497
-414
-270
-124
23
97
252
478
577
604
631
790
887
1026
1060
1008
1077
1126
1299
1415
1350
1102
930
885
842
861
811
720
628
500
254
25
-160
-305
-389
-563
-700
-742
-822
-966
-1188
-1274
-1101
-955
-942
-1150
-1218
-1177
-1298
-1429
-1457
-1336
-1230
-1146
-1093
-947
-671
-418
-237
-208
-30
201
223
271
408
530
599
723
950
1171
1558
1897
1740
1606
1836
1870
1549
1470
1593
1547
1582
1489
980
670
754
582
35
-159
-188
-482
-700
-826
-1125
-1321
-1214
-1297
-1546
-1717
-1796
-1710
-1507
-1363
-1506
-1625
-1430
-1214
-1171
-1076
-791
-759
-816
-715
-742
-804
-743
-549
-357
-221
-136
-209
-165
292
972
1296
1160
1232
1432
1467
1397
1491
1772
2031
2568
2750
2194
1860
1784
1337
923
655
160
-448
-560
-499
-810
-909
-946
-1266
-1432
-1253
-1346
-1470
-1222
-1110
-1082
-960
-891
-950
-842
-452
-390
-407
-170
-32
-32
132
111
-98
68
277
138
-8
-33
-180
149
1051
1365
1098
1303
1708
1632
1547
1831
1933
1978
2448
2506
1755
1329
1146
587
104
-52
-659
-1318
-1053
-891
-1461
-1910
-1997
-2363
-2667
-2478
-2614
-2872
-2475
-1909
-1856
-1765
-1408
-1252
-971
-483
-323
-427
-189
219
243
271
333
296
572
922
1036
945
900
1038
1424
2249
2780
2378
2106
2739
3100
2619
2477
2695
2735
3064
3335
2558
1434
1294
1123
214
-351
-829
-1752
-2122
-1831
-2329
-3265
-3483
-3524
-3789
-3624
-3505
-3846
-3664
-2795
-2496
-2621
-2245
-1916
-1791
-1401
-1074
-1139
-796
-140
84
193
442
585
653
892
919
575
409
756
1441
2452
3191
3103
3188
3699
3550
2790
2581
2743
2965
3666
4015
3142
2220
2262
1843
612
-48
-644
-1495
-1386
-1023
-1912
-2922
-2776
-2724
-3083
-3141
-3362
-3648
-3149
-2449
-2354
-2272
-1844
-1585
-1470
-1297
-1398
-1595
-1345
-823
-711
-719
-516
-245
-29
107
-15
-243
-333
-109
728
1742
2399
2510
2699
3478
3735
2874
2355
2837
3389
3704
3943
3548
2659
2595
2756
1831
550
-188
-820
-1178
-958
-1485
-2627
-2621
-2069
-2344
-2957
-3157
-3197
-2902
-2144
-1795
-1834
-1497
-961
-860
-769
-588
-701
-583
-89
192
-51
-88
440
805
906
748
369
-47
-157
563
1642
2218
2067
2468
3467
3506
2692
2424
2765
3022
3499
3588
2444
1673
2158
1748
290
-610
-1395
-2442
-2291
-1707
-2821
-4038
-3618
-3305
-3967
-4229
-4266
-4449
-3652
-2578
-2701
-2810
-2138
-1720
-1522
-1161
-1174
-1501
-1111
-710
-939
-856
-350
93
378
618
619
329
342
491
755
1754
2872
3017
2845
3830
4469
3818
3167
3611
4124
4122
4388
3953
2990
3030
3101
1600
86
-500
-1374
-1985
-1584
-1976
-3236
-3241
-2474
-2942
-3658
-3638
-3989
-3936
-2911
-2618
-2980
-2406
-1409
-1127
-961
-733
-912
-934
-519
-227
-249
-156
162
543
660
511
462
677
790
1019
2090
3054
2842
2977
4316
4526
3435
3210
3590
3512
3851
4216
3218
2246
2811
2650
1103
522
248
-1127
-1759
-1298
-2419
-3854
-3195
-2440
-2942
-2852
-2689
-3388
-3134
-2242
-2636
-3081
-2240
-1786
-2039
-1607
-1333
-1898
-1676
-895
-1061
-1403
-1011
-865
-941
-584
-555
-889
-668
-267
-219
394
1745
2322
2272
3416
4629
4017
3190
3668
3813
3574
4225
4328
3239
3045
3689
2540
964
758
-6
-1462
-1427
-1249
-2836
-3402
-2263
-2322
-3062
-2780
-2816
-3382
-2852
-2352
-3104
-3068
-1983
-1694
-1786
-1390
-1337
-1600
-1177
-985
-1585
-1733
-1326
-1108
-953
-605
-666
-707
-172
-9
342
1506
2199
1967
2624
3845
3673
2909
3301
3787
3559
4020
4255
3343
3034
3618
2712
1207
785
-23
-1392
-1326
-1008
-2154
-2607
-1688
-1633
-2331
-2171
-2342
-2959
-2409
-1784
-2374
-2425
-1556
-1399
-1437
-850
-755
-1214
-938
-484
-913
-1226
-770
-459
-556
-334
-151
-339
-195
106
436
1330
2333
2410
2622
3871
4332
3537
3450
4089
3823
3666
3974
3187
2183
2684
2735
1119
271
227
-1169
-2326
-2032
-2736
-4034
-3517
-2669
-3349
-3509
-2768
-2829
-2981
-2260
-2099
-2575
-2064
-1287
-1273
-1019
-600
-880
-879
-398
-564
-915
-453
-114
-381
-237
136
-23
-110
349
633
989
1992
2859
2802
3373
4647
4712
3731
3754
4162
3740
3635
3871
3134
2175
2414
1898
344
-592
-1136
-2433
-3206
-3255
-4014
-4636
-4136
-3849
-4199
-3816
-3456
-3953
-3777
-2884
-2957
-3136
-2386
-1848
-1804
-1215
-675
-958
-740
-79
-224
-643
-316
-180
-578
-264
491
533
522
1166
1653
2130
3115
3560
3322
4202
5287
4869
4244
4743
4785
4352
4611
4310
2895
2647
3017
1792
460
200
-718
-2175
-2182
-2465
-4012
-4341
-3380
-3552
-3987
-3303
-3139
-3627
-3043
-2488
-3118
-3137
-2301
-2176
-2201
-1586
-1522
-1884
-1385
-879
-1143
-1174
-592
-467
-396
207
413
318
684
936
1169
2467
3610
3440
3676
5196
5519
4479
4477
4949
4365
4294
4698
3600
2272
2664
2420
746
5
-298
-1768
-2751
-2454
-3290
-4501
-4058
-3486
-3983
-3770
-3072
-3230
-3073
-2232
-2444
-2922
-2222
-1763
-1972
-1514
-1017
-1288
-964
-104
-212
-575
9
339
29
232
638
397
319
759
692
1062
2386
3079
2769
3510
4830
4619
3827
4011
3987
3396
3674
3680
2408
1659
2156
1541
143
-435
-989
-2253
-2587
-2414
-3571
-4526
-3942
-3766
-4404
-4118
-3642
-3839
-3561
-2817
-3076
-3327
-2498
-2031
-2248
-1861
-1277
-1333
-1108
-451
-485
-522
143
430
195
503
1018
820
737
1129
1226
1726
3023
3746
3602
4361
5498
5275
4563
4581
4282
3530
3947
4134
2700
1820
2471
2084
534
-126
-627
-2025
-2572
-2433
-3479
-4420
-3750
-3341
-3879
-3656
-3130
-3386
-3233
-2441
-2573
-2946
-2363
-1838
-1951
-1652
-1176
-1104
-762
-196
-276
-271
197
275
96
569
736
294
387
932
818
898
2171
3071
2952
3284
4487
4696
4218
4066
4032
3588
3709
3777
2823
1973
2294
2177
675
-422
-781
-1630
-2614
-2786
-3293
-4090
-4038
-3497
-3700
-3852
-3528
-3320
-3038
-2632
-2753
-2923
-2244
-1757
-2047
-1871
-1190
-874
-716
-238
-6
92
408
674
609
762
972
777
669
1000
1024
802
1625
2757
2888
2706
3956
4807
4112
3550
4005
3863
3390
3675
3287
2132
2187
2444
1045
-211
-308
-1111
-2528
-2490
-2820
-4104
-4123
-3326
-3758
-4169
-3472
-3353
-3636
-3033
-2769
-3291
-2774
-2098
-2612
-2603
-1439
-1063
-1275
-503
145
46
291
738
545
341
539
462
317
606
656
489
1368
2913
3171
2577
3378
4672
4441
3664
3836
3736
3247
3695
3644
2175
1876
2743
1744
44
26
-490
-2231
-2331
-2200
-3901
-4510
-3284
-3589
-4445
-3413
-2794
-3463
-2725
-1878
-2838
-2904
-1663
-1957
-2508
-1295
-717
-1216
-572
515
157
141
811
632
365
919
855
350
728
962
478
880
2351
2867
2665
3442
4831
4875
4425
4457
4444
3883
3850
3832
2781
2094
2673
2225
509
-58
-316
-1733
-2631
-2427
-3401
-4471
-3978
-3521
-4170
-3843
-3123
-3409
-3061
-2012
-2443
-3264
-2500
-2089
-2719
-2441
-1497
-1464
-1248
-329
-45
44
622
812
464
675
745
178
45
307
137
-25
1061
2240
2486
2628
3723
4710
4602
4309
4410
4263
3813
3987
3481
2152
1842
2443
1395
-122
-180
-619
-1999
-2271
-2111
-3506
-4178
-3254
-3226
-3912
-3554
-3476
-3945
-3346
-2677
-3351
-3400
-2304
-2357
-2659
-1759
-1214
-1389
-544
380
245
507
1146
959
539
801
670
331
558
749
419
752
1871
2516
2571
3005
4232
4923
4695
4329
4461
4192
3961
4050
3266
1916
1912
2084
644
-508
-538
-1506
-2736
-2392
-2716
-4078
-4118
-3525
-4214
-4438
-3731
-3954
-4008
-2832
-2739
-3354
-2478
-1632
-2197
-2056
-969
-982
-1091
-98
329
85
646
1210
994
1022
1366
987
698
873
999
652
815
1868
2555
2487
2900
4469
4958
4295
4344
4871
4149
3655
3659
2317
1087
1751
1425
-508
-885
-518
-1737
-2393
-1721
-2696
-3812
-2955
-2591
-3744
-3582
-2922
-3318
-2833
-1715
-2429
-2768
-1260
-1037
-2002
-1318
-339
-983
-823
470
370
82
950
1069
418
846
1251
471
251
765
515
-74
665
1539
1368
1182
2241
3336
3343
2976
3224
3433
3128
3143
2548
1153
679
1183
183
-1247
-1263
-1392
-2387
-2337
-2333
-3607
-3767
-2774
-3249
-4038
-3239
-3014
-3570
-2718
-2050
-2794
-2278
-879
-1336
-1795
-359
158
-457
262
1278
1093
1278
2014
1896
1803
2328
2169
1777
2118
1974
1151
1154
1839
2149
2180
2276
2951
3821
3855
3420
3608
3671
3227
3034
2203
680
388
742
-642
-2042
-1818
-2161
-3140
-2932
-3289
-4614
-4426
-3509
-4353
-4911
-4023
-4126
-4399
-3460
-3214
-3790
-2698
-1613
-2196
-1805
-265
-180
-466
634
1212
1065
1824
2398
2009
2161
2750
2392
2059
2290
2095
1643
1646
1916
2218
2449
2486
3189
4072
3913
3443
3791
3778
3354
3351
2483
926
1076
1566
-198
-1487
-852
-1219
-2362
-2006
-2280
-3722
-3456
-2668
-3808
-4426
-3560
-3721
-4138
-3375
-3192
-3567
-2469
-1525
-1923
-1491
-453
-500
-398
684
1014
940
1577
1768
1440
1733
1877
1185
1009
1261
910
487
755
1260
1551
1625
1878
2736
3320
3006
2845
3126
2820
2683
2758
1619
463
1240
1244
-711
-1189
-510
-1473
-2345
-1751
-2579
-3928
-3166
-2797
-4163
-4243
-3428
-3861
-3775
-2843
-3026
-2980
-1551
-1173
-1508
-374
634
297
683
1620
1414
1418
2124
1923
1557
2095
2066
1154
1050
1242
605
56
399
1013
1083
893
1216
2387
2928
2510
2521
2799
2680
3047
3071
1623
941
1940
1324
-678
-801
-510
-1780
-2239
-1869
-3122
-4003
-3205
-3466
-4696
-4307
-3817
-4251
-3734
-2945
-3205
-2654
-1170
-1125
-1093
445
1194
888
1587
2420
2161
2361
2811
2331
2087
2584
2193
1255
1278
1271
620
249
434
660
835
799
1003
2008
2599
2261
2293
2814
2813
2708
2506
1493
885
1443
872
-829
-1209
-1072
-2006
-2529
-2536
-3428
-3946
-3439
-3722
-4567
-4241
-3945
-4263
-3760
-3069
-3071
-2276
-1049
-936
-568
863
1473
1363
2024
2601
2522
2751
3024
2662
2488
2643
2111
1372
1134
931
498
111
150
580
840
526
966
2277
2680
2269
2593
3094
2992
3225
3067
1730
1251
1937
982
-679
-675
-628
-1803
-2287
-2412
-3579
-4042
-3548
-4223
-5151
-4686
-4466
-4839
-4327
-3761
-3868
-3008
-1720
-1622
-1297
105
729
640
1380
2064
1928
2132
2514
2127
1898
2003
1489
811
766
560
-142
-554
-308
279
567
450
924
2210
2913
2764
2862
3289
3427
3626
3178
1886
1438
1994
1271
-341
-738
-772
-1618
-2174
-2521
-3572
-3940
-3494
-3998
-4820
-4484
-4187
-4300
-3698
-3055
-3005
-2153
-812
-500
-164
1096
1840
1783
2231
2847
2813
2763
2855
2595
2323
2272
1883
1238
977
787
352
-6
340
968
1134
971
1440
2593
3155
3021
3156
3561
3726
3749
3123
1987
1532
1614
622
-728
-1080
-1277
-1953
-2359
-2815
-3763
-4028
-3888
-4587
-5223
-4860
-4694
-4715
-4087
-3567
-3352
-2235
-955
-831
-520
861
1721
1651
1899
2330
2261
2166
2251
1918
1469
1232
899
454
104
-122
-381
-675
-755
-306
244
364
619
1684
2609
2671
2737
3263
3522
3517
3229
2493
1994
2061
1480
62
-661
-806
-1538
-2289
-2581
-3356
-3958
-3744
-4046
-5003
-4990
-4469
-4524
-4364
-3744
-3317
-2451
-1132
-670
-516
654
1733
1611
1618
2091
2219
2071
2107
1836
1532
1627
1398
686
395
480
248
14
92
477
942
1371
1485
2128
3215
3603
3379
3755
4205
4035
3737
2996
2057
1846
1738
428
-775
-1041
-1429
-2167
-2610
-3293
-3914
-3787
-3989
-4974
-5214
-4611
-4489
-4475
-3828
-3127
-2407
-1261
-668
-411
607
1612
1519
1521
2020
2098
1913
1959
1530
1057
1336
1249
464
361
833
425
42
220
492
855
1437
1625
1832
2987
3780
3597
3645
4132
4143
3897
3214
1985
1383
1359
316
-1200
-1574
-1640
-2519
-3059
-3332
-3997
-4100
-3785
-4442
-5060
-4342
-3803
-3964
-3602
-2585
-1916
-1209
-438
-45
571
1386
1597
1396
1577
1694
1502
1370
974
553
559
393
-225
-525
-208
-287
-620
-682
-550
54
707
812
1007
2276
3290
3157
3159
3512
3638
3662
3274
1972
1050
1251
744
-613
-1128
-1177
-1777
-2258
-2450
-3147
-3470
-3107
-3453
-4256
-3974
-3172
-3107
-3032
-2318
-1566
-808
-59
324
699
1471
1791
1423
1304
1567
1476
1108
798
487
532
597
124
-421
-269
-124
-445
-521
-465
-130
813
1521
1357
1864
3370
3794
3384
3580
3956
3744
3551
2994
1866
1515
1671
778
-452
-647
-691
-1311
-1855
-2434
-3089
-3094
-3050
-3784
-4209
-3630
-3360
-3496
-3070
-2370
-1957
-1219
-436
-316
-63
781
1114
804
838
1154
1144
902
724
568
605
363
-238
-599
-528
-697
-882
-774
-774
-199
825
1292
1119
2175
3565
3521
3079
3545
3799
3406
3093
2325
1270
1151
1258
66
-875
-787
-934
-1737
-2144
-2630
-3088
-2897
-3135
-4067
-4142
-3382
-3348
-3383
-2751
-2116
-1597
-578
-10
-134
547
1477
1314
960
1282
1531
1317
1081
784
581
724
454
-189
-247
-116
-444
-471
-361
-461
143
1179
1269
1336
2745
3692
3241
3276
3985
3690
3217
3171
2274
1233
1333
1101
-367
-931
-595
-1121
-1894
-2007
-2407
-2852
-2710
-3058
-3888
-3674
-3059
-3299
-3280
-2617
-2151
-1724
-1052
-880
-854
-92
467
152
84
466
398
103
-77
-346
-461
-307
-569
-954
-786
-497
-585
-564
-366
-132
713
1596
1794
2168
3529
4425
4357
4545
4872
4604
4374
4145
3071
2200
2375
1936
474
-86
91
-582
-1486
-1650
-2072
-2582
-2494
-2757
-3524
-3431
-2915
-3237
-3373
-2712
-2375
-2139
-1375
-940
-846
-214
257
-35
44
421
233
87
260
-32
-291
21
-198
-822
-679
-249
-511
-573
-140
104
564
1463
1842
1754
2570
3459
3246
2993
3341
3232
2800
2568
1864
1043
1114
883
-371
-798
-522
-1139
-1999
-2017
-2333
-2993
-2876
-2835
-3501
-3523
-2789
-2656
-2575
-1923
-1535
-1296
-615
-222
-299
119
732
654
596
919
958
872
887
622
359
574
371
-332
-307
178
-23
-191
272
508
760
1589
2052
1911
2647
3663
3553
3228
3431
3184
2652
2497
1873
912
829
762
-408
-1061
-756
-1118
-1939
-2026
-2271
-2867
-2744
-2683
-3478
-3764
-3025
-2883
-3045
-2494
-1919
-1640
-1074
-568
-508
-34
607
526
261
603
839
606
399
174
-31
5
-146
-678
-766
-479
-471
-561
-227
-60
88
881
1604
1640
1914
2909
3375
3288
3425
3617
3486
3478
3164
2270
1856
2020
1345
126
-268
-436
-1148
-1784
-2115
-2589
-2754
-2762
-3274
-3630
-3173
-2959
-3196
-2925
-2296
-1989
-1605
-1033
-797
-435
266
600
473
653
892
806
729
695
469
439
593
328
27
135
305
273
402
554
653
1208
1789
1708
1721
2488
2982
2843
2855
2985
2951
3021
2742
1708
1174
1447
980
-355
-835
-760
-1453
-2288
-2560
-2867
-3211
-3208
-3393
-3793
-3608
-3080
-3054
-3007
-2483
-2043
-1729
-1280
-1014
-724
-113
302
244
311
646
702
621
573
416
390
508
326
-59
-47
150
39
32
365
497
613
1250
1799
1739
2047
2953
3341
3090
3093
3386
3400
3225
2736
1928
1635
1653
853
-178
-403
-572
-1246
-1750
-2108
-2641
-2727
-2505
-2909
-3258
-2848
-2616
-2849
-2654
-2187
-1992
-1612
-1087
-992
-824
-91
280
61
141
518
511
198
-32
-141
-119
-122
-359
-489
-222
-143
-277
-181
-28
-5
404
1093
1183
1190
2003
2840
2896
2958
3341
3545
3630
3466
2670
2117
2322
2021
780
114
170
-261
-1002
-1333
-1643
-1998
-2017
-2329
-2925
-2994
-2649
-2629
-2772
-2542
-2206
-1869
-1444
-1304
-1071
-335
203
148
195
518
578
467
450
333
300
401
226
-43
64
196
28
-10
191
247
214
623
1103
1113
1033
1641
2370
2350
2021
2231
2642
2572
2078
1508
1226
1138
705
-180
-658
-744
-1112
-1716
-2081
-2298
-2490
-2542
-2713
-2952
-2758
-2384
-2441
-2473
-2053
-1593
-1295
-917
-574
-208
341
702
683
766
1182
1397
1233
1061
1030
1011
768
319
61
62
-97
-332
-314
-313
-459
-377
14
161
145
482
1103
1551
1625
1603
1848
2119
2087
1866
1573
1453
1517
1303
562
130
177
-129
-756
-959
-1023
-1425
-1682
-1706
-1916
-2116
-1900
-1721
-1765
-1634
-1225
-934
-698
-351
-19
341
621
667
677
931
1080
901
737
824
795
513
260
36
-101
-229
-472
-661
-675
-623
-630
-364
113
249
267
812
1463
1481
1359
1671
2055
2087
1920
1723
1660
1693
1410
718
309
244
-181
-779
-1068
-1396
-1794
-1922
-2185
-2759
-2884
-2570
-2625
-2769
-2367
-1884
-1632
-1225
-795
-508
-116
328
377
383
776
1060
895
708
772
793
598
314
132
-4
-247
-560
-751
-735
-658
-618
-456
-69
176
316
782
1460
1669
1671
2126
2522
2438
2368
2381
2093
1908
1922
1509
778
536
441
-130
-779
-1154
-1560
-1917
-2099
-2345
-2522
-2354
-2151
-2092
-1927
-1583
-1119
-630
-236
-5
436
951
1059
1000
1252
1471
1397
1214
1012
723
421
98
-461
-879
-963
-1099
-1412
-1515
-1395
-1348
-1342
-1100
-722
-308
127
589
1101
1477
1793
2157
2480
2556
2589
2537
2347
2178
2014
1492
898
635
296
-364
-981
-1340
-1760
-2168
-2564
-2900
-2995
-2812
-2667
-2527
-2188
-1705
-1326
-1035
-627
-114
437
762
945
1147
1416
1486
1262
1034
928
700
189
-246
-485
-764
-1160
-1339
-1232
-1139
-1123
-974
-748
-399
68
508
834
1354
1978
2228
2400
2808
3097
3111
3271
3154
2691
2472
2246
1418
703
429
-128
-906
-1445
-2067
-2705
-2840
-2993
-3437
-3377
-2812
-2667
-2675
-2183
-1448
-958
-583
-122
402
791
924
966
1113
1164
1005
862
638
257
-37
-306
-759
-1150
-1297
-1469
-1697
-1811
-1692
-1529
-1282
-977
-529
68
606
1092
1728
2364
2637
3005
3430
3497
3379
3570
3378
2806
2615
2404
1577
839
550
-103
-845
-1163
-1543
-2078
-2225
-2302
-2609
-2610
-2310
-2240
-2026
-1499
-1173
-860
-277
124
121
395
717
556
359
394
274
-95
-344
-632
-976
-1218
-1562
-2017
-2129
-2095
-2356
-2462
-2078
-1704
-1434
-997
-441
205
805
1206
1680
2417
2904
3035
3291
3573
3465
3239
3072
2747
2397
2184
1642
957
583
178
-427
-880
-1187
-1542
-1670
-1688
-1880
-1923
-1556
-1279
-1137
-762
-263
2
260
536
558
559
630
531
211
87
-5
-361
-696
-821
-977
-1245
-1555
-1789
-1825
-1864
-1999
-1938
-1595
-1369
-1183
-858
-359
245
745
1016
1409
2128
2439
2379
2605
2887
2840
2801
2654
2262
2091
2021
1375
763
699
398
-214
-537
-793
-1166
-1239
-1386
-1729
-1618
-1154
-1220
-1346
-1041
-645
-482
-325
-92
81
222
166
-26
-210
-301
-533
-791
-999
-1246
-1485
-1616
-1785
-1976
-1974
-1752
-1695
-1765
-1542
-1179
-911
-655
-380
89
801
1227
1298
1662
2334
2521
2473
2618
2790
2859
2878
2553
2077
1974
1752
1064
534
379
-7
-520
-824
-1102
-1359
-1373
-1433
-1606
-1473
-1168
-1077
-1092
-974
-807
-638
-505
-556
-550
-261
-156
-362
-421
-295
-272
-397
-562
-750
-689
-567
-789
-946
-680
-447
-584
-608
-305
-10
173
360
608
1141
1573
1684
1921
2447
2697
2584
2681
2793
2626
2543
2507
2087
1740
1681
1351
698
413
264
-201
-637
-875
-1298
-1794
-1893
-2018
-2384
-2533
-2436
-2462
-2545
-2496
-2401
-2267
-2115
-1958
-1731
-1399
-1244
-1222
-1017
-851
-833
-783
-705
-721
-615
-455
-563
-622
-283
-42
-115
-11
319
499
646
814
1033
1432
1776
1948
2293
2777
2939
3121
3427
3485
3443
3745
3705
3202
3116
3202
2588
1861
1738
1357
603
100
-247
-903
-1454
-1812
-2330
-2788
-2976
-3170
-3425
-3479
-3460
-3330
-3161
-3122
-3042
-2585
-2181
-2121
-1887
-1511
-1370
-1345
-1083
-945
-991
-824
-661
-732
-724
-442
-371
-434
-241
96
270
370
592
861
1310
1614
1854
2298
2902
3147
3230
3546
3715
3746
3903
3816
3375
3438
3574
2879
2038
1950
1608
615
-145
-595
-1261
-1876
-2383
-3021
-3417
-3491
-3687
-3974
-3912
-3725
-3444
-3113
-2863
-2501
-1859
-1409
-1222
-822
-341
-177
-50
185
200
196
314
233
-17
57
233
149
-32
63
263
317
310
395
623
1019
1416
1622
1891
2447
3029
3247
3361
3642
3970
4081
3942
3509
3263
3259
2731
1739
1234
960
108
-807
-1400
-2075
-2690
-3016
-3635
-4237
-4151
-4032
-4377
-4337
-3805
-3380
-3004
-2529
-2105
-1560
-869
-518
-286
198
496
490
593
592
386
407
475
131
-71
68
-7
-341
-389
-269
-306
-287
-181
-57
184
696
1055
1211
1670
2382
2743
2828
3065
3324
3445
3486
3254
2851
2687
2451
1669
894
529
-76
-943
-1615
-2242
-2861
-3076
-3406
-3969
-4010
-3630
-3641
-3613
-3116
-2560
-2028
-1471
-1013
-567
198
688
852
1133
1441
1469
1530
1523
1272
1223
1223
856
422
332
119
-191
-362
-428
-499
-406
-361
-382
-171
245
603
784
1032
1553
2087
2222
2356
2710
2935
2811
2662
2370
1943
1678
1259
373
-297
-645
-1361
-2216
-2700
-3064
-3408
-3523
-3671
-3791
-3507
-3076
-2918
-2551
-1891
-1240
-779
-314
117
568
1070
1252
1334
1559
1734
1692
1632
1523
1322
1179
999
623
350
258
128
-141
-293
-298
-309
-276
-177
-36
125
498
766
881
1195
1783
2033
2031
2305
2532
2409
2275
2149
1711
1393
1196
534
-352
-729
-1182
-1944
-2506
-2891
-3343
-3484
-3508
-3871
-3853
-3344
-3086
-3044
-2518
-1903
-1470
-910
-370
2
515
1051
1239
1427
1750
1814
1757
1739
1565
1408
1396
1164
734
638
626
355
174
207
145
58
81
96
84
265
605
839
999
1283
1610
1710
1715
1816
1873
1726
1590
1391
995
584
233
-282
-850
-1173
-1514
-1993
-2377
-2673
-2960
-3101
-3200
-3273
-3115
-2749
-2494
-2280
-1881
-1433
-1016
-571
-191
237
730
1063
1207
1342
1491
1531
1580
1565
1495
1473
1478
1220
911
804
715
490
340
320
219
157
186
150
92
325
649
725
774
1169
1510
1556
1644
1845
1885
1849
1841
1510
1072
844
509
-234
-791
-1080
-1569
-2100
-2442
-2702
-2907
-3006
-3126
-3188
-2954
-2635
-2454
-2124
-1613
-1156
-696
-208
166
587
1000
1235
1363
1590
1780
1777
1749
1700
1561
1452
1302
1010
725
526
371
117
-194
-436
-481
-521
-621
-641
-498
-359
-185
11
176
526
1053
1357
1405
1676
1960
1979
1902
1808
1569
1328
1003
409
-192
-512
-915
-1518
-1955
-2198
-2462
-2667
-2729
-2815
-2722
-2467
-2236
-2021
-1651
-1187
-785
-456
-105
377
782
954
1062
1263
1376
1372
1364
1325
1196
1064
851
503
288
218
-33
-347
-452
-530
-701
-806
-790
-726
-539
-355
-144
212
546
719
1030
1466
1674
1838
2096
2230
2107
1928
1640
1213
789
358
-216
-679
-992
-1427
-1902
-2236
-2403
-2529
-2573
-2568
-2434
-2158
-1872
-1624
-1248
-802
-374
28
380
693
954
1182
1300
1458
1615
1634
1579
1530
1447
1218
949
696
440
228
-16
-280
-527
-767
-942
-1011
-1056
-1070
-896
-591
-352
-81
297
591
909
1335
1618
1703
1843
1970
1870
1712
1539
1199
855
555
43
-523
-847
-1192
-1612
-1842
-1908
-2008
-1989
-1869
-1881
-1716
-1372
-1168
-981
-600
-232
-27
249
615
852
1084
1292
1341
1366
1428
1372
1192
1083
943
702
418
154
-140
-367
-547
-726
-869
-946
-938
-978
-981
-865
-634
-423
-263
12
413
695
869
1101
1340
1423
1446
1479
1308
1024
781
446
-23
-383
-729
-1196
-1576
-1805
-2068
-2271
-2266
-2221
-2144
-1935
-1739
-1608
-1320
-959
-709
-381
59
359
666
1059
1300
1442
1689
1855
1756
1659
1638
1488
1212
960
682
414
150
-174
-422
-631
-852
-978
-981
-973
-981
-876
-683
-482
-202
39
233
557
859
972
1185
1524
1563
1486
1511
1460
1294
1142
857
461
294
152
-246
-622
-711
-886
-1156
-1226
-1244
-1302
-1252
-1160
-1142
-1005
-695
-450
-288
-90
144
369
542
655
742
876
924
865
780
657
463
275
82
-265
-540
-665
-813
-1045
-1175
-1125
-1156
-1211
-1169
-1030
-854
-685
-487
-253
47
305
541
816
1040
1201
1399
1606
1637
1649
1715
1601
1373
1218
959
596
359
191
-137
-440
-535
-668
-844
-959
-1027
-1047
-981
-991
-997
-818
-628
-527
-339
-89
112
304
429
413
375
407
375
270
211
106
-103
-271
-456
-665
-800
-920
-1022
-1076
-1074
-1065
-969
-795
-692
-624
-413
-152
-12
86
230
459
640
833
993
1084
1148
1239
1239
1084
953
883
748
496
296
158
-20
-240
-410
-532
-640
-716
-760
-830
-848
-756
-567
-509
-477
-279
-95
-37
61
304
436
456
550
681
685
628
653
599
452
372
271
134
10
-72
-210
-328
-338
-404
-445
-400
-310
-276
-231
-172
-98
55
171
245
331
434
476
563
677
702
723
729
656
493
393
358
216
55
-53
-132
-239
-382
-510
-570
-555
-593
-629
-586
-532
-458
-351
-317
-272
-102
39
70
131
248
287
274
284
286
266
264
211
108
30
-73
-191
-276
-342
-420
-474
-523
-606
-630
-632
-703
-782
-789
-756
-728
-724
-662
-567
-487
-400
-275
-141
-26
167
366
460
563
727
793
808
892
992
998
1014
1076
1025
966
974
912
770
701
621
453
302
201
92
2
-80
-190
-271
-303
-374
-449
-389
-309
-309
-273
-212
-238
-259
-191
-160
-205
-166
-81
-100
-153
-162
-159
-192
-242
-271
-315
-401
-517
-603
-668
-766
-799
-767
-738
-709
-632
-542
-500
-375
-176
-73
8
211
377
436
528
676
762
838
881
875
913
919
845
747
723
663
534
426
331
173
23
-59
-168
-266
-314
-361
-420
-443
-463
-495
-510
-482
-424
-376
-338
-262
-198
-249
-338
-331
-330
-408
-438
-407
-444
-507
-480
-469
-483
-474
-424
-382
-357
-233
-56
80
240
468
674
822
991
1197
1321
1413
1556
1692
1706
1688
1713
1672
1593
1493
1357
1173
1001
827
647
434
155
-101
-327
-573
-816
-989
-1134
-1289
-1407
-1466
-1538
-1652
-1704
-1677
-1663
-1645
-1605
-1528
-1421
-1363
-1316
-1229
-1149
-1085
-1030
-982
-920
-837
-767
-690
-581
-474
-373
-254
-127
-22
96
248
403
550
717
893
1051
1227
1404
1544
1676
1763
1814
1884
1911
1880
1831
1813
1763
1655
1555
1443
1264
1091
970
798
583
416
281
86
-131
-317
-474
-668
-844
-951
-1012
-1061
-1092
-1123
-1187
-1233
-1267
-1307
-1349
-1355
-1360
-1384
-1367
-1309
-1234
-1141
-1066
-988
-902
-802
-700
-608
-494
-358
-206
-52
130
319
482
649
816
933
1021
1121
1222
1285
1359
1424
1425
1382
1354
1331
1257
1154
1028
845
640
470
284
70
-138
-291
-451
-641
-788
-905
-987
-1055
-1109
-1118
-1065
-997
-940
-863
-783
-703
-607
-507
-410
-314
-202
-100
-4
101
167
228
262
288
328
326
310
303
271
270
294
285
267
280
299
295
299
332
393
450
480
481
505
562
588
566
536
508
470
413
349
289
211
105
-14
-135
-225
-314
-405
-491
-548
-599
-678
-719
-719
-730
-759
-727
-703
-681
-622
-539
-464
-411
-334
-249
-199
-134
-41
30
77
103
119
140
144
142
151
150
126
71
56
68
56
41
54
60
67
114
145
152
172
203
210
197
203
252
296
317
340
356
347
322
335
334
336
327
296
252
223
234
249
248
223
174
107
64
69
96
106
83
45
-4
-71
-117
-149
-182
-191
-203
-212
-235
-279
-305
-290
-286
-325
-369
-365
-376
-417
-416
-393
-400
-381
-351
-350
-321
-242
-178
-176
-151
-106
-93
-91
-70
-40
-39
-54
-74
-69
-45
-32
3
61
68
40
53
105
132
148
196
245
288
389
476
520
564
612
655
646
624
617
598
568
522
448
371
298
252
225
181
117
37
-49
-156
-237
-289
-357
-431
-478
-509
-543
-549
-528
-507
-484
-426
-366
-350
-359
-386
-425
-441
-432
-404
-367
-333
-323
-298
-249
-216
-166
-113
-90
-88
-50
38
103
152
226
293
348
438
550
620
667
740
774
744
741
748
734
701
665
619
555
498
451
386
300
227
115
-25
-147
-257
-357
-443
-519
-611
-689
-772
-851
-890
-911
-922
-907
-870
-856
-855
-802
-731
-674
-607
-547
-510
-441
-318
-198
-104
8
152
274
356
449
520
581
632
665
704
736
738
743
765
770
756
729
711
666
621
590
553
488
416
347
265
200
140
62
-7
-57
-111
-141
-169
-199
-245
-318
-389
-444
-469
-512
-572
-594
-582
-580
-557
-530
-520
-526
-513
-477
-434
-385
-349
-333
-327
-286
-225
-169
-91
-19
32
100
161
231
281
305
346
398
434
440
474
518
517
502
508
526
550
568
568
549
512
475
447
431
405
353
292
205
106
-2
-109
-214
-304
-375
-474
-570
-615
-646
-699
-736
-741
-740
-738
-747
-743
-706
-642
-558
-481
-393
-292
-206
-123
-54
13
105
194
278
369
463
527
567
602
623
624
604
589
540
480
436
373
314
270
228
165
89
28
-12
-56
-95
-109
-106
-117
-150
-166
-147
-131
-136
-109
-79
-73
-28
27
44
56
50
6
-23
-37
-46
-70
-104
-146
-206
-254
-304
-335
-360
-390
-399
-396
-391
-410
-420
-396
-370
-351
-315
-254
-210
-179
-115
-54
-12
45
120
202
267
324
371
397
416
460
471
449
453
464
477
485
486
467
430
416
405
382
383
376
360
352
314
263
218
182
128
62
19
-26
-74
-94
-97
-106
-122
-134
-197
-264
-291
-327
-385
-412
-411
-421
-426
-429
-429
-432
-440
-470
-486
-465
-457
-444
-401
-351
-348
-354
-327
-302
-263
-201
-142
-102
-56
-26
17
67
118
185
231
279
350
393
408
440
445
437
449
453
467
480
472
467
467
453
409
364
324
286
243
182
136
71
-6
-67
-122
-139
-171
-200
-204
-200
-224
-266
-286
-301
-309
-319
-313
-281
-259
-259
-263
-266
-276
-273
-264
-259
-250
-234
-201
-179
-153
-113
-98
-109
-95
-80
-86
-55
-16
-3
8
39
83
127
147
166
204
251
293
341
403
437
441
440
430
406
379
366
354
329
323
306
271
215
156
100
14
-21
-41
-99
-141
-164
-202
-253
-277
-286
-295
-322
-356
-346
-318
-302
-295
-265
-227
-219
-182
-136
-141
-159
-145
-134
-117
-66
-18
6
30
47
30
16
35
63
101
129
135
142
137
103
75
103
118
114
149
183
191
180
189
194
186
201
203
182
152
114
89
76
69
80
56
21
-3
-63
-114
-133
-145
-147
-149
-160
-160
-161
-170
-175
-143
-124
-141
-138
-128
-140
-149
-153
-159
-160
-155
-134
-124
-96
-85
-103
-88
-57
-25
-4
7
19
24
33
34
40
77
97
111
128
143
154
172
168
131
94
75
65
62
72
80
78
67
67
58
42
31
20
19
13
2
-5
-14
-19
-20
-2
15
20
26
11
4
3
20
36
27
26
28
36
30
32
43
36
39
49
43
19
5
-8
-30
-42
-42
-36
-35
-40
-45
-44
-68
-83
-100
-116
-121
-133
-128
-133
-126
-105
-92
-83
-64
-51
-48
-41
-25
-20
-10
-6
-7
8
18
36
61
68
70
87
113
113
112
139
146
125
98
86
81
84
110
117
117
119
104
77
59
42
8
-22
-44
-77
-90
-105
-99
-69
-56
-55
-58
-49
-45
-54
-54
-55
-64
-70
-60
-51
-24
1
17
42
51
45
29
20
11
6
-13
-23
-12
-6
6
-4
-17
-42
-89
-107
-114
-101
-89
-72
-38
-28
-3
19
34
61
75
71
57
48
36
26
39
27
14
23
29
47
57
62
67
48
24
-4
-46
-67
-64
-69
-91
-90
-73
-61
-50
-58
-52
-47
-38
-31
-33
-39
-51
-63
-63
-38
-14
-11
-5
0
2
15
25
48
69
68
58
51
60
96
121
129
115
98
90
91
116
117
103
88
63
49
32
22
26
25
38
39
21
10
10
15
1
-2
-7
-15
-3
-15
-13
-14
-20
0
14
26
28
9
-1
-2
-5
-12
-15
-24
-38
-43
-62
-72
-75
-89
-94
-77
-79
-90
-103
-128
-127
-127
-139
-131
-110
-82
-65
-51
-49
-53
-49
-36
-18
-6
11
19
33
52
72
85
81
78
71
66
59
55
49
49
63
76
62
60
57
34
6
-2
11
22
38
66
81
75
73
65
51
41
21
-3
-15
-19
-20
-23
-25
-36
-49
-40
-41
-59
-61
-59
-73
-89
-97
-106
-98
-77
-62
-56
-50
-42
-34
-8
1
-11
-10
-23
-37
-23
-22
-49
-52
-25
-12
5
17
20
26
44
61
69
76
65
65
82
80
77
86
95
104
123
131
112
117
130
120
111
94
68
59
49
30
16
3
-10
-36
-37
-25
-31
-46
-59
-67
-64
-57
-51
-43
-42
-55
-60
-66
-67
-52
-36
-39
-48
-55
-60
-64
-61
-44
-40
-35
-46
-67
-66
-57
-38
-14
0
-5
-6
-5
8
27
27
20
-3
-12
-10
-6
12
21
29
32
34
38
34
37
25
30
49
40
34
23
21
30
37
40
24
15
9
-9
-24
-18
-15
-9
1
-7
-28
-45
-58
-63
-51
-50
-52
-41
-33
-23
-8
16
25
13
19
19
14
36
57
58
58
58
46
25
9
5
9
14
6
-12
-23
-32
-34
-39
-45
-31
-15
-18
-16
-9
-18
-25
-27
-30
-21
-14
-23
-31
-24
-17
-22
-11
18
22
30
33
24
19
15
2
-3
11
10
8
11
12
15
24
55
67
63
62
46
21
7
3
-1
13
25
8
-3
2
-3
-2
4
4
-8
-26
-41
-48
-51
-51
-48
-47
-35
-13
-8
0
20
30
39
40
43
49
40
36
40
40
34
21
7
-2
-4
-3
-8
-9
-4
10
17
16
19
21
19
6
-3
-13
-16
-13
-17
-6
-2
-10
-14
-3
6
18
28
-6
-23
-16
-28
-39
-50
-51
-56
-60
-71
-84
-81
-76
-64
-48
-52
-57
-42
-31
-39
-39
-33
-42
-33
-24
-25
-7
12
27
35
41
54
50
52
40
39
45
34
39
46
53
54
48
38
31
33
20
27
49
50
38
38
39
42
60
60
58
42
30
21
27
27
7
6
4
-4
-20
-27
-41
-61
-64
-76
-76
-79
-74
-74
-81
-71
-55
-40
-46
-48
-36
-30
-18
-10
2
19
24
31
28
29
32
32
46
58
62
59
52
37
17
11
8
12
12
4
14
13
2
0
5
1
-7
-8
-16
-3
11
9
3
9
7
-7
-4
5
15
18
15
6
-10
-9
-2
-2
-3
-18
-30
-26
-35
-25
-17
-18
-14
-9
-6
-20
-35
-36
-30
-16
-7
-1
6
7
6
9
15
13
14
6
-9
-16
-21
-28
-25
-24
-14
3
21
26
19
31
44
52
38
32
29
13
9
4
13
30
41
40
33
36
32
11
0
-4
-16
-22
-23
-38
-51
-55
-51
-31
-19
-9
-5
-15
-11
-6
-9
-9
-1
-1
-10
-24
-40
-46
-44
-41
-39
-26
-13
-9
-5
-1
-15
-23
-28
-36
-42
-51
-45
-43
-49
-45
-32
-15
3
21
37
40
48
42
47
62
67
77
71
61
35
34
50
65
95
107
119
107
90
88
73
63
58
49
32
6
-16
-30
-36
-39
-30
-27
-31
-32
-27
-29
-28
-34
-53
-64
-70
-67
-73
-92
-95
-96
-90
-71
-54
-33
-29
-28
-26
-27
-34
-41
-34
-22
-17
-17
-4
1
10
16
30
45
61
64
54
55
48
50
61
64
60
54
51
37
38
35
29
38
35
41
36
21
14
22
16
-9
-20
-24
-31
-34
-44
-41
-26
-28
-28
-26
-31
-36
-58
-71
-80
-74
-62
-56
-28
-12
-3
-16
-32
-29
-21
-15
-16
-3
8
1
2
7
10
18
25
27
28
42
48
38
45
47
51
71
82
78
62
67
67
60
44
25
21
11
-6
-14
1
5
-16
-42
-61
-82
-82
-58
-48
-40
-31
-47
-65
-42
-35
-40
-26
-37
-63
-74
-71
-80
-65
-36
-5
23
46
50
45
63
69
67
59
68
69
67
79
50
10
17
14
0
18
12
-9
-6
0
-2
-1
-3
-19
-25
-16
-25
-36
-28
-25
-24
-7
11
9
26
44
32
16
-1
-26
-42
-33
-25
-21
-11
-7
0
12
32
37
25
10
-3
2
16
-5
-9
7
3
-7
6
13
17
44
56
41
33
17
-15
-12
-6
-33
-53
-43
-31
-12
30
40
19
7
-16
-46
-21
-1
-18
-17
-17
-40
-35
5
21
31
29
-9
-31
-25
-39
-55
-37
-22
5
47
33
-18
-37
-43
-37
-7
25
21
1
1
-8
-4
25
39
32
41
47
23
27
34
18
32
18
-34
-52
-17
6
9
32
19
1
10
8
15
41
57
33
12
5
-31
-61
-72
-89
-66
-19
-28
-40
-21
-23
-43
-19
-26
-56
-31
-6
-14
-29
-31
-55
-27
24
36
35
34
19
7
40
58
51
78
88
62
69
59
-3
6
42
26
13
9
-29
-40
-13
-10
7
24
12
19
31
20
7
-10
-43
-51
-39
-52
-73
-82
-78
-59
-36
-22
-29
-50
-42
-24
-7
15
14
5
6
-3
-19
3
21
34
44
24
20
45
56
66
84
58
43
46
25
23
13
-15
-5
17
7
18
37
34
30
45
27
10
18
-16
-6
22
23
41
52
36
8
-2
-1
-6
-4
-9
-11
-15
-31
-37
-40
-24
-8
-3
-22
-45
-46
-28
-39
-35
-29
-49
-38
-39
-57
-51
-41
-61
-63
-35
-39
-32
-5
-28
-25
2
-33
-42
-4
-4
-3
25
-10
-56
-19
-12
-7
33
28
-7
-10
-4
-3
24
40
41
24
9
0
-22
-38
-18
2
-4
14
20
9
35
52
29
37
60
20
-1
10
-31
-27
22
21
13
39
31
7
33
29
-3
23
26
-8
9
21
12
43
62
38
43
52
32
48
56
24
26
26
4
32
22
-14
12
6
-31
-6
-12
-43
7
26
-3
39
42
-13
-2
-14
-67
-60
-56
-96
-75
-39
-63
-53
-35
-57
-68
-48
-56
-70
-45
-51
-60
-34
4
17
46
75
44
49
46
28
40
50
42
49
57
26
28
28
-2
18
31
4
12
21
-6
4
24
-11
7
24
2
35
30
-5
14
25
-17
9
14
-55
-21
-2
-44
-1
19
-52
-49
-14
-74
-70
-36
-89
-85
-48
-65
-44
-6
-25
-24
-22
-33
-15
-18
-15
3
-11
-15
9
12
14
31
16
5
27
0
-23
-1
5
1
15
42
50
49
47
35
19
30
56
41
39
43
10
-6
-4
-25
-15
13
-4
-30
-23
-35
-29
3
1
9
12
-20
-37
-25
-16
-2
0
-24
-15
6
6
31
60
52
41
26
20
49
54
36
40
35
24
36
49
48
39
23
14
32
40
30
17
-11
-53
-52
-28
-16
7
29
26
28
33
26
27
28
28
29
22
3
-9
-20
-26
-6
5
-5
-5
-26
-45
-23
-14
-40
-53
-59
-85
-77
-77
-109
-101
-74
-76
-48
-39
-59
-41
-31
-33
-9
17
4
-11
-3
-21
-37
-20
-28
-42
-35
-26
-30
-20
14
8
7
17
12
10
33
39
23
30
10
-11
-2
29
42
64
100
108
99
92
86
68
59
59
36
34
22
2
7
19
16
6
18
34
30
27
8
-19
-31
-48
-72
-89
-74
-63
-58
-29
-25
-32
-7
4
1
22
15
-9
-19
-24
-65
-80
-61
-86
-80
-60
-54
-42
-29
-13
-1
13
43
53
47
39
37
46
52
77
74
57
71
74
71
85
76
67
92
102
66
33
16
-25
-32
-16
-44
-64
-60
-57
-41
-16
-22
-43
-30
-24
-32
-17
-15
-35
-42
-56
-47
-29
-36
-30
-32
-41
-27
-4
12
21
32
13
-5
1
-13
-28
-4
16
27
53
56
42
53
67
77
113
115
84
79
63
39
17
7
-15
-18
3
-19
-29
-28
-34
-17
-5
-10
-24
-44
-54
-71
-56
-49
-44
-40
-28
-25
-49
-42
-37
-27
-11
-7
-30
-48
-62
-65
-52
-42
-36
-42
-59
-56
-46
-40
-15
-5
4
10
13
-5
-16
-9
-42
-40
-12
-12
-9
3
7
17
38
33
30
42
43
34
28
30
12
24
45
48
63
58
39
29
24
27
46
48
40
48
39
29
34
33
38
42
30
21
18
9
-12
-14
-19
-25
-1
24
44
74
75
50
55
33
5
17
17
10
32
29
-4
-11
-23
-36
-24
-13
-17
-15
-18
-27
-17
-13
-24
-36
-28
-18
-36
-64
-66
-58
-61
-49
-32
-36
-38
-36
-28
-12
10
6
9
18
-2
-2
-3
1
-2
-2
-8
-8
12
6
7
20
26
19
18
-6
-23
-12
-9
-13
-8
-1
-7
-13
-19
-31
-20
6
3
7
7
-10
-9
0
11
10
-5
-21
-21
-26
-25
-13
-15
-12
-12
-16
-19
-36
-27
-32
-47
-35
-39
-48
-43
-31
-13
6
25
25
23
23
15
20
40
48
40
32
34
21
16
34
38
47
60
62
64
68
65
70
81
81
60
50
57
47
31
28
29
37
44
35
10
-2
-8
-29
-27
-40
-62
-61
-48
-36
-36
-24
-52
-75
-59
-66
-70
-59
-57
-51
-22
-22
-32
-20
-8
-6
-7
-17
-35
-25
-2
-1
11
25
15
33
47
54
62
57
39
11
-15
-28
-22
-14
-3
9
8
-12
-21
-18
-23
-11
9
0
-3
6
8
23
33
34
28
16
12
6
3
-2
-1
14
22
17
12
-7
-17
-2
0
11
23
-1
-13
-8
-14
-22
-15
-35
-38
-13
-10
4
28
27
15
1
-27
-39
-38
-56
-63
-55
-64
-63
-46
-43
-32
-8
-22
-39
-25
-12
-1
19
13
-5
-9
-16
-13
12
33
33
21
18
16
9
15
27
44
53
52
43
44
57
50
48
64
62
45
36
39
31
29
15
-2
4
-4
7
32
33
16
5
10
-2
-20
-19
-27
-37
-39
-37
-17
4
14
19
22
13
-8
-20
-16
-9
-10
-3
-3
-24
-35
-22
10
29
18
-3
-20
-29
-39
-37
-25
-17
-24
-36
-18
-12
-23
-15
-19
-19
-22
-33
-47
-44
-30
-27
7
16
-7
-18
-14
-10
-13
-14
-19
-19
-19
1
37
42
45
53
42
43
38
21
14
5
-9
-15
-17
-13
5
34
44
55
53
22
7
-4
-23
-15
-1
-16
-24
-15
-13
6
20
16
32
33
16
14
12
20
36
46
28
20
26
20
24
26
12
3
4
-6
-13
-11
-2
18
32
22
9
-3
-20
-42
-53
-52
-33
-20
-20
-10
-5
-28
-59
-80
-96
-110
-103
-92
-78
-59
-56
-53
-34
-18
-21
-17
-23
-45
-43
-22
-2
45
89
100
100
80
52
41
37
26
14
7
-2
-5
16
34
53
72
60
50
41
20
9
1
-19
-15
9
37
57
75
82
84
78
61
50
39
26
21
23
23
17
-9
-25
-24
-21
-37
-53
-49
-43
-38
-21
-9
-14
-18
-24
-23
-19
-4
10
19
7
-20
-33
-47
-49
-43
-40
-41
-47
-45
-52
-59
-74
-77
-68
-60
-53
-52
-55
-62
-45
-24
-11
-8
0
3
3
-1
-4
7
19
28
32
41
45
40
35
28
9
26
56
64
61
79
81
67
67
68
74
65
50
54
62
67
63
40
30
20
-1
-17
-14
-19
-35
-43
-39
-44
-39
-25
-21
-11
-19
-31
-31
-34
-54
-61
-51
-37
-32
-25
-17
-4
-2
3
4
-15
-18
-12
-8
-18
-34
-34
-33
-38
-43
-41
-13
5
19
32
24
20
18
30
39
33
36
28
33
32
17
20
20
11
-3
7
18
11
12
17
7
-5
-17
-19
-16
-11
-18
-16
-4
-7
7
27
37
34
24
8
-4
-8
-2
0
-23
-48
-48
-47
-49
-38
-22
-32
-45
-24
-9
-6
-1
5
20
10
-2
-8
-3
6
0
12
32
50
49
50
51
24
11
19
24
24
20
22
8
0
-4
-6
-2
-1
11
23
25
16
-4
-10
-14
-17
-15
-14
-10
-22
-19
1
2
-10
-24
-33
-36
-39
-37
-30
-43
-53
-32
-10
-8
5
14
14
6
-8
-11
-7
-14
-23
-13
5
14
20
41
50
37
23
20
21
21
27
20
11
10
14
19
24
35
38
25
18
7
0
11
10
3
-13
-27
-38
-43
-24
-1
16
20
18
16
9
21
29
18
8
-3
-17
-16
-2
4
-3
-4
-13
-20
-14
-9
-15
-33
-39
-43
-45
-34
-26
-16
-8
1
9
6
10
10
-6
-22
-22
-23
-20
-23
-28
-14
-3
6
5
4
5
-4
-11
-24
-28
-23
-28
-29
-27
-30
-21
-4
19
23
14
18
23
33
30
25
20
3
-19
-11
6
7
12
22
23
29
21
5
-1
-13
-10
6
22
29
30
36
42
47
55
61
61
58
42
31
22
5
5
9
7
5
-1
-4
-9
-16
-28
-38
-33
-27
-12
1
9
26
38
34
21
15
4
-1
6
-1
8
5
6
14
2
-9
-22
-37
-44
-52
-65
-59
-52
-39
-22
-17
-12
-17
-13
-6
3
-4
-25
-44
-62
-65
-51
-37
-39
-45
-47
-44
-28
-4
6
9
4
-4
-3
3
9
17
27
18
12
15
18
19
23
20
14
17
24
36
50
46
33
33
45
51
58
63
46
29
25
20
20
19
15
11
13
12
1
-4
-10
-13
-14
-22
-27
-31
-42
-55
-58
-53
-56
-44
-26
-21
-28
-32
-19
-7
-11
-18
-17
-11
-12
-21
-7
-2
-24
-18
6
25
45
63
52
37
29
29
34
27
7
-6
-4
0
-9
-20
-14
-14
-17
-6
11
0
-2
-1
2
13
8
25
45
34
15
7
16
26
30
35
28
15
-2
7
21
9
12
19
15
15
18
23
19
17
16
6
-3
-8
-11
-20
-28
-37
-38
-22
-10
-8
-9
-3
-10
-19
-18
-16
-22
-32
-19
-18
-24
-9
0
7
4
5
8
13
21
11
-2
-12
-35
-47
-42
-43
-47
-38
-23
-24
-20
-11
-7
3
16
13
7
3
3
-3
-16
-19
-16
-4
5
7
18
13
9
5
0
2
2
11
16
19
4
-8
4
10
9
5
2
-13
-9
7
9
4
9
12
7
12
7
-5
1
9
-1
-9
-26
-31
-14
-9
-9
-15
-1
13
5
4
0
-16
-18
1
18
28
35
40
23
8
0
-1
13
26
38
51
59
49
37
28
13
-3
-3
0
-1
2
-2
-9
-11
-4
1
6
14
17
6
10
6
2
15
18
6
-1
7
7
12
27
37
30
16
11
8
3
-3
-7
-26
-50
-61
-51
-31
-11
-2
-2
-11
-22
-29
-24
-18
-22
-17
-14
-19
-16
-4
1
-10
-21
-28
-32
-32
-25
-14
-11
-5
2
7
0
1
9
2
-11
-14
-12
-5
-10
-28
-31
-42
-41
-31
-25
-22
-16
-6
-4
-4
-7
-15
-27
-25
-10
11
27
45
54
45
48
46
40
35
26
16
18
20
19
34
45
39
31
16
-1
-15
-22
-14
-5
3
15
17
10
0
-8
-7
-8
-15
-11
-5
0
6
12
20
20
20
4
-13
-22
-37
-40
-40
-43
-39
-22
-9
-13
-11
-3
1
4
5
5
-7
-14
-25
-24
-11
-12
6
29
39
46
54
51
46
42
36
33
21
12
7
-2
-5
-3
20
48
47
41
41
37
27
12
17
12
0
2
11
12
0
-1
2
13
23
27
18
1
-6
-9
-22
-32
-34
-29
-26
-27
-25
-28
-37
-45
-56
-65
-70
-77
-72
-52
-41
-29
-27
-22
-20
-17
-17
-12
-8
7
30
35
29
16
4
-10
-20
-14
-2
2
6
1
-17
-26
-28
-22
-12
-8
2
-4
-13
-22
-32
-20
-6
4
9
9
13
25
37
44
37
31
20
12
7
2
9
8
5
10
11
1
4
9
2
-10
-11
-4
5
12
11
11
7
18
36
49
59
53
56
38
10
-7
-17
-6
4
17
33
35
30
32
48
42
26
23
6
-20
-40
-38
-27
-23
-11
0
7
4
-2
-1
-2
-10
-26
-37
-46
-53
-53
-45
-33
-31
-31
-28
-35
-36
-23
-11
-3
3
12
20
10
-10
-19
-13
-4
-4
-10
10
31
39
54
61
62
60
58
55
29
8
3
-4
1
10
27
34
25
18
16
16
17
18
12
1
-14
-37
-52
-66
-70
-63
-52
-35
-28
-21
-5
0
2
5
-11
-41
-57
-55
-48
-38
-27
-14
4
15
26
33
24
6
-10
-11
-20
-28
-17
-17
-16
-9
1
9
17
22
23
26
31
17
2
-7
-10
4
14
16
13
16
17
8
1
-1
-3
-10
-10
0
4
0
-11
-28
-31
-23
-12
8
15
13
6
-5
-21
-30
-23
-30
-26
-8
9
19
29
40
40
29
12
-4
0
1
-9
-4
2
1
6
25
42
46
43
44
37
30
36
43
39
30
21
-1
-12
-8
-4
1
-2
5
16
18
17
15
19
16
8
4
16
33
33
35
30
4
-11
-6
5
1
-14
-8
-9
-12
-12
-11
-16
-37
-51
-53
-58
-56
-49
-37
-43
-46
-37
-28
-29
-37
-35
-25
-26
-18
-9
-6
-20
-38
-33
-37
-30
-13
13
27
19
6
5
-6
-24
-7
15
28
37
46
50
32
20
5
-17
-33
-46
-32
-13
-5
19
46
54
38
27
25
18
21
26
18
-7
-25
-21
-20
-25
-23
-1
10
14
27
50
44
9
-9
-19
-48
-57
-25
1
4
11
25
19
-4
-17
-8
0
-3
-3
5
2
-18
-10
0
-13
-28
-12
21
29
33
49
45
15
-6
-17
-26
-32
-26
2
14
20
43
56
39
12
17
18
-3
-8
10
17
-1
-6
-6
-11
-8
4
23
30
22
14
12
0
-22
-15
-7
-11
-8
-4
-13
-19
-7
-5
-11
-13
-10
-4
-11
-13
10
18
5
2
11
1
-2
6
7
13
20
28
40
40
25
22
17
2
-14
-3
2
-14
-3
16
7
-5
3
4
-14
-25
-38
-53
-61
-74
-74
-67
-71
-69
-51
-38
-34
-21
-12
-18
-19
-16
-22
-25
-20
-2
15
17
6
11
22
30
41
46
31
13
11
14
8
12
17
22
24
21
46
49
39
41
47
36
21
21
18
8
6
15
27
22
7
-3
-8
-15
-21
-21
-17
-15
-14
-14
-13
-5
-17
-32
-32
-36
-36
-22
-15
-15
-17
-23
-18
-7
-10
-12
-5
-13
-25
-7
3
6
5
-4
-7
-6
-11
-10
18
12
-11
-17
-16
-18
-11
2
-2
8
23
34
60
68
52
47
24
3
8
20
21
37
57
49
45
42
34
30
27
15
14
16
5
8
19
10
-2
4
3
-2
18
26
13
7
6
2
-10
-24
-33
-34
-34
-26
-9
-14
-35
-32
-32
-44
-58
-65
-62
-62
-50
-20
-1
-12
-12
-6
-17
-26
-9
-2
-4
-3
-18
-18
-16
-26
-25
-15
-19
-22
-14
-25
-43
-28
-4
-7
0
11
6
-4
-6
3
12
14
15
33
48
35
34
44
26
10
11
8
7
14
20
24
35
36
43
52
34
28
31
6
-7
2
2
3
13
5
-21
-15
-12
-19
-7
-6
-18
-20
-28
-35
-35
-40
-58
-60
-54
-51
-36
-16
-6
-5
17
31
25
25
37
39
44
58
64
54
41
36
39
41
38
43
44
34
19
26
33
13
5
3
-3
-17
-24
-26
-31
-31
-29
-35
-42
-38
-32
-23
-18
-16
-2
9
-1
-1
6
-1
-18
-21
-11
-12
-13
-2
12
12
15
21
14
3
1
0
-13
-28
-40
-43
-34
-16
-4
-1
2
-5
-8
-13
-29
-38
-36
-39
-39
-19
-4
9
20
17
9
-3
-14
-18
-11
-2
12
26
25
18
23
17
14
28
34
30
30
40
41
44
59
61
61
54
42
28
15
8
7
2
-10
-16
-7
-7
-18
-16
-22
-35
-41
-33
-25
-32
-38
-35
-31
-42
-54
-47
-45
-49
-41
-35
-47
-51
-37
-29
-32
-29
-6
6
5
14
22
31
28
27
49
46
20
15
16
7
14
32
47
57
61
69
62
51
43
29
21
6
-12
-12
1
6
23
38
24
6
-3
-15
-28
-21
-23
-20
-10
-14
-31
-38
-37
-46
-33
-30
-41
-39
-25
-28
-14
0
-25
-36
-30
-19
-11
8
17
15
18
-4
-18
-23
-21
-18
-7
1
5
25
34
24
26
30
33
46
44
30
22
12
1
17
33
28
28
41
46
39
34
26
31
35
33
35
30
29
22
17
-5
-27
-33
-28
-11
-15
-18
-3
-17
-39
-35
-14
-25
-42
-26
-24
-33
-29
-21
-22
-15
-22
-23
-6
-30
-52
-31
-28
-39
-22
-16
-30
-38
-48
-64
-59
-72
-72
-32
-18
-21
-1
19
11
14
30
36
34
22
14
13
5
10
39
56
63
69
78
75
55
52
49
31
21
28
8
-8
-9
-13
-5
-8
-16
-16
-17
-19
-3
9
-7
-11
-7
-3
9
12
28
35
15
10
16
-11
-25
-9
-8
-30
-39
-34
-49
-56
-58
-54
-28
-17
-13
15
33
20
32
52
32
12
24
19
13
21
20
23
28
21
22
17
-2
4
15
12
5
2
-2
-10
-8
-9
-13
-4
1
-5
-4
1
-3
1
17
14
-3
-7
2
4
0
0
2
4
-2
-5
-2
8
11
-3
-7
-20
-40
-35
-11
-4
-21
-9
5
-8
-15
-6
-15
-32
-37
-49
-56
-44
-20
4
27
26
10
20
8
-11
-5
-3
-24
-21
4
1
2
9
23
34
32
27
19
8
-7
2
18
1
5
20
5
-15
-8
-1
-8
-11
-8
-7
-12
-9
5
14
18
19
24
27
9
2
10
3
-21
-11
5
-7
0
13
19
19
6
3
10
-13
-27
-5
-20
-44
-15
-8
-17
-3
-1
6
21
10
6
13
-8
-12
14
8
-13
-6
14
16
4
0
4
-15
-36
-23
-4
-6
-3
19
31
22
16
22
22
2
-4
6
4
12
24
35
40
30
19
17
-12
-44
-16
-9
-30
-10
4
-20
-20
-11
-33
-32
-32
-45
-46
-39
-30
-14
-11
-6
0
-14
-13
-2
-3
2
20
24
40
48
20
17
33
13
-5
23
29
15
26
38
23
6
18
19
-9
-32
-20
-12
-19
-13
-10
3
7
3
9
2
-12
-2
15
5
5
16
16
7
0
6
18
19
10
23
25
5
6
16
16
15
10
7
12
0
-8
16
6
-17
1
-11
-47
-24
-8
-22
-3
-8
-26
-18
-30
-49
-35
-40
-55
-34
-21
-22
-13
-12
-22
-24
-33
-50
-61
-66
-52
-26
-1
15
6
3
6
11
34
27
17
30
11
-2
4
7
9
19
5
-2
30
32
28
49
37
20
36
17
4
25
13
3
25
19
8
22
13
3
16
4
-6
3
-13
-25
-26
-29
-21
-9
10
20
12
-8
-16
-19
-22
-12
-7
-2
17
27
27
32
37
34
27
27
14
-2
1
5
-3
-4
16
9
-1
33
42
23
28
23
13
25
20
13
42
24
-25
16
18
-41
-20
-7
-45
-43
-13
-2
-5
-30
-40
-29
-66
-75
-29
-21
-42
-18
-3
-1
7
-19
-24
-28
-70
-48
-13
-46
-48
-3
-1
-22
-1
31
18
-13
3
32
2
-10
39
43
17
27
32
35
32
28
51
55
23
32
58
30
9
24
2
-33
-28
-8
-7
-20
-12
10
-8
-27
13
23
-22
-31
-18
-42
-63
-51
-26
-25
-40
-28
-28
-60
-65
-38
-20
-25
-10
28
23
-1
13
26
-11
-44
-15
10
-14
-4
43
58
46
54
80
60
35
59
83
77
62
74
77
39
27
51
40
8
-6
-4
-33
-54
-33
-17
-15
-43
-71
-64
-89
-97
-48
-36
-51
-29
-6
-21
-21
-3
-8
-12
-6
-3
19
34
40
51
33
9
-8
-11
-12
-13
9
17
7
24
45
40
12
13
19
5
10
13
-1
-15
-26
-13
7
11
25
37
33
31
32
28
21
3
-8
-12
-22
-16
25
47
33
39
27
0
-23
-44
-41
-20
-12
-8
10
10
-11
-23
-23
-41
-48
-43
-40
-26
-34
-46
-54
-57
-44
-25
3
14
19
10
-11
-9
-8
-2
12
16
7
17
19
-4
-2
-17
-50
-51
-30
-47
-50
1
3
-15
3
9
-4
8
17
4
12
2
-9
25
35
31
56
84
80
79
104
100
58
29
30
8
-17
-8
-2
-8
-3
14
25
31
11
7
9
-26
-46
-49
-55
-68
-60
-39
-33
-42
-30
3
5
3
27
21
-12
-13
-20
-47
-55
-50
-52
-54
-22
-8
-9
-12
-19
-10
-5
-22
-30
-18
-22
-25
8
36
24
37
66
64
73
88
69
48
38
19
12
23
14
11
25
18
18
33
26
5
8
17
0
-9
2
3
-4
24
40
22
18
17
12
0
-15
-33
-37
-28
-29
-9
-1
-5
-2
8
9
9
35
20
-6
-13
-22
-40
-36
-15
-8
-8
-12
-15
-18
-17
-16
-28
-40
-53
-46
-28
-32
-27
-12
-23
-55
-56
-37
-42
-27
4
26
26
11
7
15
1
-2
42
50
25
26
29
9
1
9
6
5
-9
-9
21
7
1
30
17
0
10
9
-4
-7
3
19
33
9
4
16
-19
-31
-3
-19
-43
-9
8
4
13
22
16
-20
-37
-20
-26
-37
-30
-21
-16
-4
-2
11
30
7
-4
4
-20
-29
2
-3
-22
-6
-3
-10
-12
0
25
23
12
18
28
23
28
26
19
15
11
11
22
23
17
45
48
31
32
37
19
10
29
27
17
22
26
24
28
38
27
5
-6
-24
-45
-41
-39
-27
-5
-8
-6
5
-5
-12
7
10
2
6
-6
-31
-42
-62
-67
-46
-44
-31
-22
-44
-31
-6
-28
-20
9
-1
2
21
17
8
14
2
-7
15
26
18
26
40
16
-17
-9
-3
-25
-17
0
-18
-22
1
0
0
13
21
21
21
17
18
12
-9
0
4
-3
1
-10
-10
4
-1
5
39
42
25
33
18
-27
-40
-22
-13
-6
2
16
11
-23
-24
-16
-44
-53
-40
-36
-32
-30
-43
-37
-29
-55
-44
-6
-22
-35
-15
-21
-42
-19
-4
-17
-10
0
6
12
-3
2
42
41
27
52
53
26
44
58
39
42
62
52
55
62
36
46
52
22
31
43
4
-16
1
-10
-4
22
7
6
-2
-24
-6
-13
-41
-15
21
14
32
58
44
31
11
-14
-9
-9
-19
14
32
14
24
34
12
-11
-18
-22
-32
-52
-49
-24
-19
-7
20
19
-12
-25
-21
-40
-53
-47
-44
-45
-41
-31
-35
-32
-39
-52
-32
-30
-35
-7
3
-18
-3
9
-21
-9
17
2
18
50
42
53
55
17
33
48
5
11
25
-20
-15
18
-17
-28
-2
-10
18
44
13
0
28
10
-4
11
-6
-13
-2
-5
-11
-20
-24
-25
-26
-16
-1
-1
-5
14
19
-3
-3
-9
-25
-15
-26
-49
-35
-17
-20
-19
2
0
-10
-3
-1
-10
-14
-7
-12
-3
14
5
2
12
11
-4
-1
7
-4
9
30
21
20
33
31
19
30
29
14
17
27
19
-1
6
11
-4
-4
4
12
24
27
25
31
38
23
15
20
2
-10
-8
-4
8
6
-6
-5
-10
-11
2
11
9
35
49
26
26
32
22
20
24
9
12
25
8
15
46
43
25
20
-1
-31
-28
-28
-47
-55
-48
-43
-42
-37
-32
-36
-50
-51
-50
-55
-49
-39
-32
-23
-8
-16
-32
-37
-35
-38
-41
-35
-39
-42
-40
-37
-26
-5
5
-11
-18
-6
4
9
25
29
24
14
15
11
-1
0
13
29
27
33
40
24
19
32
29
31
37
33
28
32
39
32
29
27
20
-1
-16
-16
-10
5
21
24
34
34
8
-3
-3
-14
-14
-10
-17
-10
0
-12
-17
0
-9
-29
-12
-1
-24
-8
7
-24
-25
-16
-27
-22
-6
-16
-14
9
3
2
24
19
6
-5
-16
-14
-11
-11
5
3
-15
4
15
7
28
44
28
38
53
28
22
29
19
23
31
20
11
11
-5
-17
0
5
-17
-17
-4
-24
-27
14
27
5
-3
13
9
-4
-15
-23
-15
-3
-5
-3
20
8
-21
-3
3
-21
-13
-3
-29
-24
9
1
-14
2
8
-19
-33
-38
-25
-2
3
8
20
16
-17
-21
2
-13
-29
1
10
-10
2
12
3
5
17
31
41
32
8
-8
-21
-38
-47
-35
-25
-30
-36
-18
-24
-50
-27
-14
-45
-39
-16
-30
-21
10
11
5
10
-14
-17
1
-7
-3
12
3
-4
11
-5
-33
-24
-5
6
28
44
45
42
51
54
38
28
34
51
64
73
67
55
57
46
34
33
28
12
9
6
-8
2
10
5
-13
-30
-36
-46
-46
-26
-16
-11
8
15
6
11
6
-9
-1
6
-1
1
4
-6
3
13
7
21
32
8
-3
9
2
-4
1
-1
-11
-27
-30
-29
-38
-47
-57
-67
-65
-52
-50
-46
-35
-35
-25
-15
-17
-8
-9
-15
-14
3
9
8
3
-4
1
-1
-10
6
20
0
10
31
18
18
46
38
18
30
18
8
17
16
20
33
38
35
41
40
17
8
9
-11
-18
-3
8
5
6
5
-13
-24
-22
-26
-20
-7
-2
-1
-8
-11
-3
-5
-17
-21
-20
-26
-17
-5
-10
-5
-1
-1
4
10
15
27
43
36
20
20
11
-2
-6
-8
-16
-18
-12
-20
-22
-12
-7
-16
-16
-9
-20
-26
-29
-29
-13
2
-4
-1
21
13
-2
4
-8
-32
-25
-22
-22
-2
15
10
19
36
21
1
-3
-3
15
40
44
45
59
50
41
42
28
3
10
27
17
24
26
19
15
-13
-26
-21
-25
-24
-13
-14
-16
-10
-10
-12
-16
-21
-18
-17
-24
-9
-1
-5
-4
1
-1
0
19
22
16
22
20
3
-11
-24
-13
-9
-15
-19
-21
-11
-14
-6
1
-5
-1
2
-5
-13
-18
-21
-11
-1
-13
-18
-6
-4
8
23
26
31
33
17
5
-1
-10
-11
3
-4
-15
-3
-10
-21
2
18
8
-1
-6
-11
-24
-34
-45
-53
-47
-41
-35
-15
5
7
16
23
13
6
-2
-14
-9
17
33
40
63
57
39
49
44
34
40
37
26
32
22
1
1
-4
-9
7
15
8
12
13
-4
-12
-8
-15
-15
-10
-14
-12
-11
-13
-9
-13
-31
-30
-28
-34
-37
-34
-35
-37
-36
-27
-12
-1
9
10
6
0
-2
-2
-8
-13
-4
2
6
21
24
6
-1
8
8
20
25
16
11
10
9
16
25
3
-7
-5
-2
12
29
30
12
8
3
7
16
20
16
0
-11
-1
14
21
20
12
-1
-7
-8
4
15
13
18
20
1
-15
-18
-14
-5
5
9
22
19
-6
-15
-22
-36
-29
-18
-21
-23
-20
-18
-4
12
17
15
2
-7
1
5
-3
-7
-20
-34
-26
-16
-14
-17
-18
-17
-29
-34
-45
-56
-50
-37
-20
-16
-20
-24
-19
-9
-16
-14
-1
3
15
29
24
24
27
19
22
25
34
31
21
14
16
20
20
25
17
11
10
7
14
29
37
35
37
31
16
10
0
-12
-5
11
20
26
25
15
17
19
8
-10
-28
-43
-43
-28
-26
-17
1
2
-4
14
21
5
4
10
7
-1
-12
-17
-23
-17
-17
-10
9
13
27
50
55
38
23
11
-5
-7
7
8
4
9
10
4
4
2
-4
-6
-14
-26
-45
-61
-64
-63
-62
-61
-53
-49
-56
-44
-29
-18
-3
0
0
1
3
9
21
24
19
22
28
33
30
25
25
15
-1
-14
-25
-33
-30
-22
-10
-7
-1
-1
2
22
19
1
-11
-11
-9
-7
5
11
15
22
26
21
6
14
30
32
45
44
31
22
23
26
36
42
31
33
28
3
-3
14
25
23
30
27
-2
-11
-15
-17
-17
-20
-20
-25
-30
-36
-25
-19
-17
-12
-22
-22
-11
1
3
-7
-22
-35
-44
-44
-38
-26
-13
-8
4
8
-17
-22
-10
-11
-19
-22
-21
-31
-17
6
17
22
7
-8
-14
-14
-3
6
11
10
6
2
-12
-14
0
14
21
18
33
51
37
22
15
3
5
14
16
26
28
11
-14
-24
-27
-23
-10
-16
-17
-11
-14
4
24
28
19
17
25
5
-9
2
9
17
32
51
47
28
21
16
11
5
-4
-5
-8
-1
5
-7
-15
-12
1
9
18
18
13
5
-7
-10
-7
-12
-13
-4
-8
-9
-10
-20
-33
-37
-31
-26
-21
-18
-24
-27
-32
-36
-24
-2
8
16
16
8
6
11
13
4
3
7
-4
-10
-10
-2
8
23
47
52
33
21
9
-6
-8
-6
-8
-4
-1
-6
-7
2
-3
-5
-4
-11
-14
-8
-5
-8
-8
-11
-22
-19
-26
-33
-31
-37
-37
-39
-38
-28
-11
-1
1
5
1
-10
-10
-5
-15
-20
-20
-8
-2
0
4
3
17
25
29
21
11
10
14
21
15
31
46
45
46
48
52
55
63
75
82
76
69
57
35
25
14
2
-20
-22
-12
-1
3
7
6
-8
-8
-12
-20
-27
-38
-43
-40
-38
-39
-30
-28
-41
-45
-48
-59
-54
-43
-42
-39
-28
-9
-7
-19
-33
-32
-15
-8
-2
13
17
16
21
25
21
29
27
21
16
3
-4
-6
2
4
-2
2
13
21
18
4
9
15
18
17
21
23
14
14
16
8
4
16
21
22
33
38
31
21
15
14
9
-4
-4
-1
0
0
3
-14
-27
-22
-19
-20
-28
-35
-43
-37
-28
-25
-30
-45
-58
-56
-50
-50
-49
-39
-27
-25
-28
-30
-30
-8
14
17
16
19
25
25
32
40
40
38
40
42
39
36
40
38
47
45
36
26
9
-2
3
12
6
3
-9
-25
-18
-11
-14
-12
2
9
17
21
14
4
-11
-15
-21
-21
-18
-22
-19
-12
-19
-23
-22
-28
-23
-22
-22
-24
-16
-4
-17
-14
3
-2
-6
-4
3
11
10
8
10
16
22
22
24
23
14
8
18
23
22
31
34
23
18
15
6
10
22
24
26
28
23
19
18
16
4
-11
-20
-26
-31
-29
-22
-8
-1
-2
-9
-16
-10
-1
4
5
13
11
16
23
17
14
15
3
-13
-28
-25
-13
-16
-10
-7
2
7
4
6
5
5
2
-9
-30
-33
-29
-33
-28
-18
-11
-6
-4
-5
-3
-8
-16
-23
-31
-31
-34
-35
-32
-27
-16
-11
-10
-14
-22
-29
-36
-27
-15
-14
-10
-4
11
10
17
36
37
29
22
22
11
12
24
24
28
26
22
34
37
33
45
56
48
44
38
11
-11
-15
-12
-13
-4
7
5
0
-4
-10
-31
-50
-59
-55
-51
-61
-60
-46
-36
-20
-7
-7
-19
-26
-19
-14
-11
-5
6
18
19
15
15
15
26
48
71
75
64
57
60
62
64
67
64
61
62
66
59
55
54
47
47
39
36
45
38
27
25
20
10
11
5
-13
-27
-35
-40
-53
-62
-72
-69
-62
-58
-56
-56
-48
-51
-63
-72
-70
-74
-73
-61
-59
-63
-69
-69
-54
-46
-38
-32
-42
-55
-60
-56
-53
-37
-19
-11
-5
0
11
17
20
30
43
38
32
43
45
39
33
35
46
48
51
52
55
70
84
88
72
40
15
2
-8
0
13
19
14
14
21
13
5
8
10
-3
-14
-8
-6
-4
4
-3
-25
-41
-33
-26
-21
0
11
15
5
-5
-4
-19
-24
-22
-21
-17
-22
-26
-19
-4
-1
-7
-8
-11
-15
-15
-23
-34
-41
-37
-37
-34
-19
-11
-3
13
23
24
24
23
24
34
37
29
26
32
39
36
42
53
61
56
43
38
21
13
23
31
39
32
23
16
11
5
-2
8
12
12
21
21
11
2
-8
-18
-29
-35
-32
-27
-26
-20
-23
-34
