11
18
20
17
17
19
20
18
14
2
-7
-8
-9
3
11
26
34
19
16
16
17
0
-13
-14
-20
-15
-19
-24
-24
-14
2
1
10
16
10
-1
0
19
30
40
49
64
75
76
71
68
55
50
49
44
37
17
7
-2
2
7
2
-6
-14
-11
-9
-16
-16
-17
-30
-42
-52
-63
-69
-67
-56
-44
-35
-22
-25
-23
-17
-18
-14
-11
3
13
12
2
-15
-20
-25
-31
-14
7
13
11
12
31
42
36
33
31
31
33
30
32
33
36
41
32
22
11
-2
-14
-15
-23
-46
-49
-21
2
9
5
7
1
-7
-12
-25
-34
-42
-35
-19
-5
2
13
19
22
23
20
15
7
8
3
-9
-19
-9
3
-4
-9
-19
-41
-49
-43
-25
-15
-12
-12
-19
-18
-11
-2
10
37
58
53
34
14
5
1
4
4
-3
1
3
5
11
23
36
34
27
28
31
16
8
16
13
3
-9
-18
-16
-14
-14
-14
-11
-9
-2
1
-8
-19
-16
-8
-7
-12
-22
-34
-44
-48
-43
-35
-33
-28
-16
-11
-2
-4
-3
7
-6
-14
-21
-24
-21
-10
-6
-5
1
6
19
37
40
37
22
10
8
0
4
8
5
7
9
10
7
11
12
3
-1
6
27
47
52
51
39
29
20
15
14
3
-2
-7
-7
-10
-6
9
9
11
16
23
20
32
38
33
32
14
-3
-4
-1
-12
-29
-33
-35
-35
-25
-19
-11
-5
9
10
7
-1
-5
-12
-22
-18
-26
-30
-27
-15
-2
-4
0
-1
-12
-26
-29
-20
-11
7
22
25
25
19
13
5
-2
-3
-9
-13
-20
-26
-25
-17
0
9
12
7
0
2
11
7
9
16
16
13
5
8
6
11
11
1
5
8
11
6
-10
-24
-38
-58
-71
-72
-61
-53
-45
-40
-33
-28
-27
-22
-20
-21
-20
-15
-13
-2
17
34
42
41
34
19
-2
-18
-10
-4
-2
12
19
28
39
50
54
51
58
55
47
42
43
50
50
42
31
14
9
13
20
24
22
19
8
-7
-15
-18
-18
-18
-34
-35
-25
-25
-17
-3
-2
-11
-10
-18
-29
-36
-48
-44
-38
-30
-22
-20
-15
-8
-1
1
15
28
24
16
9
5
4
6
20
20
18
21
35
52
52
41
37
32
23
16
11
1
-9
-9
-3
6
13
23
21
12
0
-13
-19
-23
-24
-23
-28
-23
-20
-26
-28
-21
-18
-25
-26
-29
-35
-37
-33
-34
-37
-38
-35
-24
-16
-11
-4
7
11
7
18
22
20
23
20
18
13
17
11
2
-4
-9
-15
-25
-29
-33
-37
-42
-28
-6
4
-5
-14
-20
-34
-33
-23
-18
-12
1
26
35
25
21
18
21
36
43
42
34
28
23
25
29
30
30
21
5
8
12
12
18
26
17
-7
-22
-24
-13
-5
-5
-1
-1
-2
5
10
11
9
12
5
1
-3
2
11
6
14
20
22
23
18
16
14
18
18
9
-2
-10
-20
-33
-33
-24
-33
-49
-43
-28
-21
-23
-11
1
3
7
12
25
30
24
10
-3
-14
-22
-13
1
7
14
11
6
2
-2
-1
1
3
-11
-27
-27
-13
4
13
11
5
2
-7
-13
-6
-1
-5
-2
-12
-21
-22
-26
-25
-16
-6
-12
-12
-5
-5
1
6
3
-9
-20
-15
-1
15
25
37
39
36
40
39
40
27
24
33
30
22
12
10
3
-2
9
10
9
21
28
27
17
8
8
-5
-14
-18
-25
-29
-22
-5
-6
-15
-24
-19
-11
-10
-3
-6
-9
-9
-8
-5
-9
-8
-11
-24
-45
-48
-40
-45
-47
-56
-59
-58
-48
-36
-37
-42
-40
-35
-45
-52
-45
-31
-23
-16
4
12
12
15
28
38
35
24
4
-2
5
18
31
37
42
53
58
62
67
76
72
60
61
64
65
48
42
44
46
51
62
65
48
32
28
14
-9
-19
-21
-25
-30
-24
-15
-1
10
14
13
-9
-25
-31
-44
-53
-64
-74
-73
-51
-18
-7
-8
-3
2
1
-3
-7
-5
-8
-9
-1
12
27
37
43
46
37
24
20
21
14
8
4
-2
-10
-16
-14
-15
-12
-16
-22
-19
-11
1
12
8
-4
-18
-36
-38
-31
-35
-39
-42
-23
-8
-9
-15
-18
-15
-17
-17
-19
-24
-30
-44
-48
-36
-21
-14
-12
-2
5
3
4
8
12
11
-5
-22
-28
-33
-34
-24
-6
9
13
20
23
16
22
14
11
8
-1
-13
-21
-16
-10
-3
14
39
51
48
32
24
18
19
27
35
35
21
14
19
25
43
50
44
34
14
-3
-7
-4
1
-5
-12
-14
-14
-5
-9
-9
6
15
15
9
11
18
16
14
13
8
14
23
30
34
27
33
33
26
21
13
9
12
13
10
2
2
9
9
3
-10
-16
-12
-15
-14
-25
-36
-40
-40
-44
-55
-50
-40
-32
-29
-24
-24
-26
-17
-14
-5
-5
-9
-12
-18
-9
-2
-7
-14
-14
-11
-6
6
9
0
-3
-3
-6
-12
-10
-7
-9
-2
1
0
0
3
7
16
19
20
20
15
12
5
-10
-25
-19
-12
-13
-11
-6
-1
8
10
3
-6
-8
0
-9
-18
-25
-29
-17
-17
-15
-15
-17
-15
-13
0
-2
-4
5
8
10
6
3
4
-5
-5
5
18
29
37
47
53
46
38
32
22
8
3
5
8
12
16
23
34
33
23
11
-1
-2
1
1
0
5
4
2
5
13
12
9
3
-9
-8
-7
-5
-8
-18
-26
-29
-21
-15
-17
-12
-3
-6
-12
-10
7
20
25
32
32
27
22
32
32
17
-1
-21
-24
-21
-20
-19
-10
4
2
0
8
2
-6
-12
-15
-12
-10
-12
-5
3
5
6
1
-10
-25
-37
-37
-25
-31
-37
-35
-32
-27
-19
-16
-16
-13
-15
-21
-23
-20
-25
-21
-14
-4
3
4
4
2
7
9
14
17
26
32
31
25
16
15
31
40
40
45
41
41
37
34
33
38
44
37
36
31
26
17
13
12
7
16
12
10
16
13
-3
-14
-14
-21
-29
-43
-57
-53
-48
-56
-59
-60
-54
-54
-53
-44
-42
-38
-34
-32
-37
-30
-22
-12
-10
-18
-19
-15
-9
-9
-1
9
18
15
18
17
12
1
-13
-3
14
31
40
42
40
41
43
46
56
63
58
48
32
13
-1
-8
1
16
23
25
18
6
-3
-13
-22
-21
-20
-19
-10
6
11
14
23
25
24
25
22
-4
-26
-36
-39
-38
-33
-29
-33
-35
-24
-2
1
14
22
21
19
20
18
10
7
0
-2
1
2
-1
3
11
8
2
4
0
-10
-15
-26
-28
-24
-12
-10
-3
6
8
0
-8
-3
7
19
22
22
9
-1
7
16
19
32
38
34
36
33
25
14
3
-1
-5
-8
-8
-15
-22
-27
-30
-35
-31
-28
-34
-41
-56
-65
-57
-40
-32
-27
-23
-26
-27
-26
-24
-17
-7
-6
-1
8
23
24
14
9
-3
-15
-34
-41
-37
-27
-8
3
15
17
19
26
32
30
26
37
39
32
31
34
38
49
60
56
35
19
6
-9
-10
-5
-9
0
-1
-10
-13
-14
-6
10
15
14
10
8
4
1
5
10
7
2
-2
-15
-16
-16
-12
-4
2
3
-10
-12
-9
-16
-16
-13
-6
-4
-5
2
3
3
5
6
1
-7
-20
-37
-28
-13
-1
0
4
14
15
27
41
45
44
35
19
12
1
-11
-7
0
14
22
26
20
10
4
1
17
27
17
13
10
10
8
2
3
5
1
2
6
-4
-20
-27
-21
-16
-14
-15
-26
-23
-22
-21
-16
-15
-17
-30
-32
-33
-29
-21
-15
-11
-15
-17
-15
-16
-21
-29
-24
-14
-6
-9
-23
-34
-42
-43
-32
-21
-9
3
0
-6
-19
-24
-26
-17
-3
-6
5
13
15
23
31
38
41
37
34
24
21
24
22
35
43
42
45
38
25
19
21
23
19
14
11
10
8
3
4
14
24
17
-5
-19
-28
-29
-18
-11
-8
0
1
-4
1
-2
-17
-23
-16
-11
-20
-28
-45
-48
-31
-8
6
6
14
15
13
10
5
18
28
32
34
25
17
19
26
27
26
29
16
11
15
19
23
18
17
13
10
17
21
24
23
17
11
1
-8
-6
-8
-7
-12
-10
-8
-18
-30
-41
-42
-46
-45
-43
-46
-49
-50
-34
-21
-18
-17
-20
-17
-8
5
13
7
5
4
-9
-21
-27
-21
-4
-8
-2
-3
-13
-12
-2
17
26
26
18
4
0
8
5
-7
-12
-9
-5
1
17
26
30
29
29
24
10
1
-3
-10
-11
-21
-36
-37
-45
-45
-37
-35
-26
-22
-26
-30
-31
-24
-20
-11
6
15
11
9
11
13
10
14
26
20
18
31
45
49
45
48
37
24
25
34
37
44
51
38
20
17
19
22
29
39
37
29
29
23
20
19
19
21
13
2
0
-7
-8
-6
-6
-9
-10
-8
-12
-19
-25
-26
-31
-32
-27
-28
-22
-19
-26
-33
-39
-40
-38
-40
-38
-42
-49
-46
-39
-37
-27
-16
-21
-32
-39
-43
-44
-40
-30
-19
-12
-6
5
13
12
20
27
28
34
39
48
53
51
49
41
28
16
13
17
19
22
19
13
4
-5
-5
-2
-2
-3
-1
5
15
21
31
31
32
29
21
14
9
19
26
34
36
24
21
16
15
18
10
-9
-26
-30
-33
-45
-50
-46
-51
-55
-62
-79
-79
-70
-47
-25
-12
-11
-14
-15
-15
-14
-14
-14
-7
-4
-3
-2
-2
10
17
36
58
58
58
48
36
24
18
9
3
5
5
8
11
6
4
8
10
16
11
9
-4
-16
-18
-16
-9
-11
-3
3
7
19
30
39
30
18
9
1
-8
-14
-16
-21
-11
-8
-11
-10
-8
-2
0
6
6
1
-4
-10
-18
-23
-23
-20
-21
-39
-44
-34
-32
-23
-10
0
9
14
15
18
26
28
24
22
12
5
2
2
5
10
15
12
8
11
13
20
22
26
38
38
26
14
4
7
11
17
25
31
33
26
26
22
21
17
15
0
-18
-13
-7
-4
-9
-17
-20
-33
-49
-51
-57
-61
-76
-88
-77
-66
-49
-39
-39
-42
-44
-32
-26
-21
-20
-33
-27
-11
1
16
21
18
17
27
29
28
36
43
44
41
36
30
30
27
22
31
42
51
56
60
63
70
68
48
26
5
-9
-12
-13
-13
-14
-3
3
11
14
9
-2
-18
-24
-33
-37
-40
-38
-34
-37
-33
-24
-10
-10
-13
-13
-18
-25
-29
-26
-17
-26
-41
-33
-23
-21
-16
-4
14
12
9
4
17
24
19
14
-4
-13
-20
-17
-17
-29
-31
-27
-19
-16
-12
-5
3
6
12
24
25
26
22
21
16
4
2
3
5
10
19
28
26
27
34
42
55
59
50
39
23
3
-8
-5
9
30
50
67
70
61
53
43
33
24
11
-11
-21
-27
-29
-25
-31
-26
-19
-8
-19
-27
-36
-53
-56
-52
-50
-43
-32
-28
-25
-37
-44
-39
-37
-30
-26
-27
-27
-26
-15
0
5
11
4
-1
4
14
20
8
6
2
-5
-12
-15
-7
0
7
11
8
11
8
-2
-16
-24
-18
-10
-3
-1
3
-1
4
10
15
16
9
3
-5
-7
-7
1
14
15
16
21
24
24
17
3
-5
-9
-4
-5
-8
-11
-17
-14
-1
13
27
46
51
45
49
44
27
12
-1
-2
3
13
23
26
28
27
25
20
18
11
6
-6
-16
-30
-39
-45
-49
-36
-26
-27
-34
-40
-27
-4
5
-2
-2
-3
-12
-19
-20
-19
-19
-15
-9
4
7
7
12
7
3
8
14
17
4
-2
-2
-1
7
17
27
38
40
39
27
18
16
6
1
-6
-19
-23
-29
-39
-37
-26
-22
-16
0
8
6
7
14
16
12
14
9
13
20
20
16
14
12
12
17
15
7
-3
-8
-12
0
15
12
6
2
5
1
-1
5
-1
-9
-19
-32
-43
-50
-55
-54
-49
-46
-46
-36
-27
-31
-26
-22
-23
-20
-17
-10
-4
-1
7
16
25
21
18
15
7
13
21
22
20
22
23
21
19
4
-9
-16
-14
-14
-9
4
3
0
-2
-2
5
17
18
10
3
0
1
6
28
48
56
57
44
32
17
9
7
12
17
15
18
27
29
23
25
17
7
-4
-11
-7
-13
-15
-11
-13
-25
-34
-36
-39
-45
-37
-29
-27
-17
-11
-16
-24
-19
-7
0
-6
-14
-18
-18
-9
7
24
28
23
11
20
33
32
36
30
17
7
2
0
1
-8
-16
-7
-6
1
10
1
0
-1
-1
-9
-4
11
19
28
25
18
3
-9
-14
-4
9
8
9
9
3
-11
-20
-18
-10
-14
-31
-41
-37
-37
-30
-15
-17
-25
-28
-24
-10
-4
-15
-31
-34
-25
-17
-11
-5
1
8
2
-5
-1
-10
-15
-10
0
13
25
26
34
41
26
25
32
32
35
30
29
36
29
15
10
15
13
4
8
13
8
4
-7
-7
-9
-14
-16
-26
-33
-37
-22
-6
-2
-1
3
10
6
5
2
0
-2
-2
-11
-22
-17
-6
0
5
17
22
18
11
6
-5
-12
-20
-14
-4
-12
-18
-14
-8
-5
16
24
18
1
-13
-24
-37
-23
-9
-4
5
8
11
15
19
20
15
5
6
8
12
12
9
19
32
32
30
38
33
25
23
23
23
13
2
4
9
-1
-2
3
5
4
-7
-2
-6
-16
-22
-15
-15
-27
-18
-12
-19
-24
-19
-22
-28
-29
-24
-22
-11
3
9
5
-9
-16
-24
-34
-31
-21
-4
6
10
8
3
-9
-15
-2
0
-11
-3
13
17
15
20
25
30
28
21
21
19
10
7
13
10
-4
-9
-11
-16
-26
-39
-42
-41
-40
-32
-27
-30
-25
-10
-4
-20
-29
-38
-36
-31
-26
-14
-12
-6
7
7
11
21
30
34
35
27
18
9
-1
-5
4
26
36
35
32
31
31
22
23
32
33
33
25
21
27
42
59
60
51
30
15
7
-6
-25
-27
-10
-7
-12
-20
-22
-27
-33
-23
-19
-19
-22
-26
-17
-11
-15
-14
-1
11
12
12
14
25
24
15
17
13
0
-4
6
11
3
8
10
-12
-16
-9
-3
2
-11
-14
-25
-26
-20
-12
-4
-17
-15
-15
-7
2
2
15
13
6
-4
-2
15
17
12
2
-6
-4
4
16
20
5
-13
-12
-13
-15
-6
-4
-29
-47
-45
-43
-43
-45
-31
-30
-18
-1
10
24
20
16
11
8
-6
-13
-8
-1
7
4
8
24
22
19
28
23
14
-2
-4
-3
-10
-5
0
10
15
11
8
0
-14
-27
-23
-15
-13
-17
-29
-33
-39
-30
-4
6
8
11
19
13
3
9
24
25
20
17
13
11
11
15
22
17
10
26
31
18
5
-4
-2
-7
-17
-22
-13
-3
7
18
31
18
6
-2
-3
-6
-20
-9
8
17
27
36
30
22
19
7
1
-3
6
20
17
15
15
16
19
16
11
4
-7
-4
7
12
9
10
11
18
26
17
-1
-9
0
3
6
3
-2
-4
10
25
25
29
28
20
-1
-19
-26
-36
-39
-35
-31
-34
-51
-55
-58
-68
-87
-91
-77
-71
-69
-72
-73
-71
-66
-57
-40
-24
-17
-11
2
10
-3
-15
-16
-5
3
3
5
13
15
18
36
49
53
62
74
76
68
58
49
41
45
42
27
12
1
6
17
36
37
40
31
12
8
-2
-8
-18
-28
-21
-14
-6
6
21
23
9
3
4
-10
-18
-8
1
4
-3
-3
3
4
8
13
9
9
8
-7
-17
-10
-9
-5
4
8
-7
-20
-16
-13
-11
-8
4
3
-4
-13
-25
-22
-14
3
26
26
10
6
3
-3
3
10
7
6
10
11
2
-6
-13
-12
-7
-5
1
8
8
12
8
0
-6
-5
-6
-4
-1
-7
-11
-8
-1
3
-5
-13
-7
2
10
26
34
33
32
25
20
14
-2
-15
-15
-11
-5
-1
-2
6
15
19
17
0
-28
-45
-46
-37
-30
-25
-24
-37
-39
-36
-41
-46
-40
-37
-34
-23
-12
-8
-11
-13
-8
-9
-10
-11
-7
1
0
-5
-7
0
11
15
23
31
33
35
45
45
39
34
27
23
22
21
25
39
38
31
33
34
30
33
33
24
13
-5
-13
-22
-27
-22
-13
-1
1
7
17
17
3
-27
-37
-32
-33
-37
-44
-45
-42
-27
-10
-13
-11
-16
-9
4
4
3
-7
-11
0
12
9
3
6
14
17
6
6
6
4
4
9
11
13
16
19
25
28
21
15
18
14
12
6
12
16
15
8
0
1
-6
-11
-11
-9
-2
2
1
-6
-10
-10
-15
-17
-15
-12
-14
-8
4
3
-3
-4
-7
-11
-3
3
-6
-9
-18
-26
-30
-29
-16
-3
-3
6
15
20
21
16
14
3
-3
-13
-14
-12
-20
-12
4
11
2
3
10
3
-14
-20
-15
-11
-15
-14
-5
-5
-13
-15
-12
-13
-9
12
26
28
31
39
32
39
46
43
32
10
9
10
1
-7
5
14
12
12
4
-1
-8
-7
8
31
33
18
19
6
-4
-4
3
5
-8
-14
-18
-25
-38
-46
-39
-35
-36
-40
-48
-59
-66
-59
-57
-54
-59
-55
-44
-37
-28
-28
-25
-23
-16
6
21
23
20
30
31
30
33
38
41
37
42
45
41
35
35
41
53
56
63
64
55
39
32
40
31
21
17
11
6
1
7
10
8
-11
-24
-18
-16
-20
-14
-12
-15
-17
-11
-4
-10
-8
2
19
21
30
32
23
19
13
6
3
-5
-12
-12
-24
-28
-29
-21
-22
-25
-12
-9
-15
-28
-29
-34
-48
-37
-19
-5
5
3
-3
1
4
9
19
22
18
2
-15
-23
-15
-15
-14
-3
5
11
11
17
12
0
-10
-19
-27
-35
-36
-32
-32
-35
-37
-35
-31
-34
-32
-35
-37
-28
-19
-12
-14
-18
-13
-18
-17
-8
8
16
21
37
47
50
61
67
70
67
53
46
46
44
34
23
23
22
20
19
13
18
21
19
16
10
4
-7
-13
-13
-23
-37
-32
-12
3
5
12
16
4
-7
-2
0
-8
-5
-5
-11
-12
-10
-8
-6
-10
-4
-7
-15
-12
-19
-16
-14
-10
-1
6
2
-7
-7
4
27
34
26
16
6
1
11
23
20
7
-3
-6
-5
4
7
7
5
2
-3
0
2
-10
-26
-43
-51
-47
-36
-27
-16
-3
7
3
3
12
13
10
1
-10
-10
-11
-7
-8
-8
-3
2
8
10
2
1
2
0
-3
-5
-5
-10
-8
-3
4
5
5
3
7
7
15
25
24
31
34
20
7
4
2
-4
-4
4
12
14
7
-2
-6
-12
-8
-1
-8
-17
-16
-1
-1
-6
-8
-23
-38
-47
-42
-37
-36
-32
-27
-27
-24
-26
-19
-6
-7
-4
1
-6
-9
3
15
10
5
19
33
43
48
58
65
44
36
43
51
36
33
50
50
33
25
21
12
1
-5
7
11
4
-8
-13
-29
-44
-40
-24
-12
-9
5
8
8
-1
-18
-40
-46
-49
-48
-34
-31
-26
-17
-12
-5
-6
-8
-21
-33
-31
-29
-20
-14
-7
6
12
18
22
27
23
18
14
13
16
12
13
8
3
12
17
25
24
14
4
-6
-9
-4
4
4
-3
-4
-1
-12
-23
-21
-23
-25
-12
12
20
18
12
12
18
11
14
19
21
30
28
27
22
28
47
44
41
33
27
15
-1
7
9
-6
-22
-21
2
5
-1
16
20
-2
-21
-25
-31
-51
-48
-33
-31
-39
-47
-31
-8
-6
-5
-5
-15
-30
-43
-43
-42
-35
-23
-14
-10
-9
3
12
-2
-20
-16
-7
-9
-6
4
-4
-27
-24
-11
-18
-30
-24
-12
-20
-35
-26
-7
-3
-1
13
24
22
11
22
44
46
46
48
48
39
29
31
26
15
14
29
39
36
52
53
39
35
35
42
26
10
6
-4
-18
-14
5
16
18
18
12
-6
-13
-9
-5
-12
-26
-24
-11
-10
-19
-24
-28
-31
-30
-13
-2
-5
-16
-26
-25
-24
-13
-5
-1
1
-1
8
8
10
7
9
4
-11
-8
-11
-16
-12
-2
0
-6
-7
2
10
6
3
-3
-13
-21
-19
-9
-10
-14
5
25
35
40
44
35
17
14
12
7
-14
-26
-10
-1
-14
-16
-2
-5
-4
7
4
-2
-6
3
6
-3
-8
3
9
-7
-22
-20
-14
-15
-6
-3
-11
-14
-1
10
2
-19
-24
-10
1
6
12
17
12
13
24
27
20
18
25
26
2
-21
-10
7
-4
-15
-2
-1
-10
-4
13
12
-8
-5
6
-4
-20
-20
-23
-37
-45
-37
-29
-33
-34
-29
-28
-36
-38
-25
-18
-21
-25
-23
-27
-24
-3
13
12
13
24
28
17
9
12
6
2
4
8
4
3
15
22
23
16
17
30
49
60
54
58
71
71
48
41
45
56
64
62
59
44
39
34
23
5
-9
-9
-8
-10
-11
-13
-16
-18
-10
-2
-4
0
24
31
8
-17
-33
-46
-52
-54
-50
-51
-54
-37
-24
-16
-8
1
11
1
-13
-27
-47
-53
-45
-32
-29
-22
-11
-6
-9
-6
-3
-15
-20
-9
0
-14
-26
-20
-16
-12
8
15
-2
-14
-5
10
13
21
21
14
2
2
7
-5
3
14
17
3
-16
-20
-22
-10
5
3
-21
-22
3
17
23
25
25
10
3
10
8
-3
-1
4
-1
-15
-6
20
27
19
20
18
13
22
39
30
4
2
6
-6
-23
-15
3
-7
-22
-18
-8
-6
10
22
3
-18
-27
-24
-22
-27
-19
-18
-13
-8
-6
-4
-6
1
3
2
3
3
-3
-5
3
15
20
28
24
8
-4
-4
7
7
11
20
20
14
1
-2
-12
-11
0
11
17
5
14
23
23
27
48
50
27
23
25
19
8
18
26
22
18
24
17
-5
-11
-1
-5
-12
4
25
30
24
30
27
8
3
9
-4
-33
-40
-26
-32
-42
-19
1
-6
-7
2
-3
-17
-10
3
-10
-35
-43
-45
-56
-58
-50
-47
-60
-60
-37
-26
-26
-10
7
5
0
1
-9
-28
-35
-39
-42
-30
-18
-12
-2
10
16
4
-10
-9
-14
-34
-53
-59
-54
-56
-39
-16
-6
-6
-3
-1
6
20
34
43
38
46
53
47
38
46
59
58
55
70
82
74
68
70
68
40
25
25
25
9
5
17
14
9
17
31
28
26
28
27
16
22
29
20
1
-19
-21
-41
-52
-44
-40
-52
-59
-52
-47
-44
-36
-21
-16
-18
-14
-8
-18
-27
-28
-26
-30
-27
-11
2
20
42
41
39
42
36
18
2
-10
-21
-27
-26
-27
-18
4
17
22
19
11
7
-3
-13
-25
-31
-29
-23
3
20
7
-2
8
21
22
20
29
29
14
16
23
19
11
23
37
28
10
5
5
-5
-11
-1
2
-17
-29
-20
-13
-27
-33
-23
-31
-38
-31
-31
-33
-29
-10
-6
-19
-29
-24
-19
-12
8
13
4
3
19
21
7
3
9
-2
-18
-6
12
18
9
12
19
13
5
11
4
-5
-12
-24
-34
-37
-14
2
2
-1
2
12
16
27
27
14
3
-4
-1
-7
-15
-17
-22
-17
-15
-19
-25
-27
-18
-6
-3
-16
-18
-17
-10
-1
5
12
14
13
-4
-10
6
16
18
17
25
27
28
41
50
54
52
54
45
32
44
56
53
33
19
11
7
3
1
3
-10
-18
-12
-11
0
10
5
-4
-15
-26
-15
-11
-7
9
11
8
3
0
-3
-4
-9
-7
-11
-8
15
26
38
47
33
13
3
-4
-16
-28
-28
-20
-21
-28
-33
-43
-49
-42
-43
-55
-55
-40
-24
-25
-34
-25
-12
-30
-40
-31
-35
-43
-22
2
2
-14
-6
13
6
-4
3
13
-6
-1
24
17
-8
-11
7
7
-9
-6
10
19
15
21
38
44
34
25
30
30
28
25
12
9
16
14
17
32
44
37
34
31
14
11
13
5
-9
-17
-7
-9
-5
-3
2
5
-7
2
6
-13
-27
-20
-13
-32
-44
-46
-54
-58
-43
-20
-7
-4
10
18
4
-8
-3
1
-2
8
15
5
-12
-10
1
2
8
24
32
27
15
16
16
1
5
9
-7
-21
-20
-19
-21
-16
1
21
20
17
11
0
-13
-20
-24
-30
-27
-30
-19
5
20
29
41
62
50
16
8
19
10
-24
-29
-14
-7
9
30
46
37
32
61
67
36
12
12
2
-6
1
11
10
15
43
59
53
41
31
18
-5
-9
-9
-10
-5
9
7
-16
-29
-37
-35
-42
-39
-24
-28
-32
-36
-42
-52
-60
-58
-66
-65
-55
-56
-54
-39
-22
-18
-19
-22
-37
-53
-58
-49
-37
-39
-31
-15
-12
-11
-4
-9
-13
-4
6
1
-10
-2
15
15
18
37
40
38
38
54
50
25
24
35
31
24
41
47
37
36
56
61
59
79
84
61
54
55
38
10
-2
-1
-18
-37
-26
-5
3
9
24
32
11
-9
-17
-11
-14
-17
-11
-25
-25
-23
-19
-15
-13
-7
-11
-11
-11
-23
-29
-26
-28
-29
-26
-21
-24
-32
-24
-8
-2
-6
-5
6
8
11
21
18
13
9
14
1
-22
-8
2
1
-2
-2
-4
-6
0
6
7
8
15
23
24
23
29
25
26
28
18
10
4
12
15
0
-14
-31
-40
-24
-15
-11
-11
-1
17
15
10
2
-2
-6
-7
11
12
6
2
-11
-25
-33
-25
-30
-46
-51
-60
-79
-80
-54
-33
-24
-5
14
19
9
-7
-12
-4
3
15
33
40
38
49
59
63
66
66
64
51
43
32
12
5
-1
3
6
7
4
-4
-2
-2
-1
5
6
-13
-35
-50
-45
-37
-25
-17
-20
-27
-36
-40
-46
-46
-42
-34
-37
-36
-26
-15
-12
-13
0
3
-3
8
11
4
9
26
38
33
30
31
23
9
14
28
31
32
29
25
14
-2
8
29
38
47
45
32
14
2
-5
-20
-22
-13
-5
1
11
22
14
-1
-2
9
3
-3
-1
-8
-12
-8
-4
-6
1
7
4
2
1
-4
-3
3
12
23
21
21
18
6
1
1
-9
-25
-24
-12
-19
-30
-36
-37
-48
-38
-13
-10
-23
-37
-27
-22
-18
7
31
25
8
-4
-8
-25
-38
-29
-24
-32
-31
-8
2
-1
3
9
2
-8
-9
-22
-44
-44
-24
-12
0
24
40
39
40
48
56
45
41
45
34
28
30
38
38
36
46
52
46
42
40
38
29
30
34
19
4
1
1
3
3
1
-5
-3
-4
-21
-46
-56
-49
-61
-75
-80
-86
-87
-75
-60
-68
-84
-79
-70
-75
-62
-41
-39
-61
-52
-18
-17
-27
-7
7
-9
-4
39
54
32
40
72
65
46
62
81
59
33
51
59
32
34
61
54
26
31
54
46
41
71
79
56
54
53
39
25
25
18
-5
-3
12
8
-13
-11
-6
-30
-33
-6
1
-27
-29
-5
-22
-57
-33
0
-23
-46
-23
-17
-62
-69
-42
-49
-78
-69
-37
-44
-57
-34
-7
-3
-8
5
9
-12
-27
-24
-20
-12
4
21
23
28
30
36
40
45
37
7
16
32
28
30
48
46
29
49
78
63
30
21
12
-22
-33
-14
-13
-33
-43
-18
-14
-32
-21
-5
-3
-23
-29
-37
-66
-69
-49
-44
-49
-24
-7
-16
-10
16
26
2
0
8
-7
-14
5
12
4
0
14
26
16
18
18
4
1
18
29
6
-1
3
-11
-17
-1
4
0
20
35
25
7
6
1
-27
-37
-26
-26
-27
-14
5
22
28
35
40
34
41
42
29
20
31
31
20
22
31
19
-1
15
22
-2
-13
-5
-19
-42
-32
-10
-22
-45
-34
-22
-52
-73
-47
-26
-25
-4
41
41
14
22
36
18
4
21
29
-7
-28
-23
-19
-8
14
32
22
25
36
23
10
2
-5
-14
7
26
16
-9
-13
-12
-33
-31
3
18
1
3
27
0
-37
10
63
33
-10
21
23
-31
-23
27
14
-40
-22
21
-5
-47
-18
11
-30
-34
30
62
20
-6
16
1
-40
-32
-10
-43
-72
-52
-34
-44
-46
-38
-30
-31
-17
-1
-15
-18
-11
-12
-20
-18
2
0
-11
0
16
20
26
39
44
43
39
39
34
20
14
16
21
15
10
14
11
19
27
40
39
15
-4
-10
0
0
5
12
-5
-7
13
25
0
-19
-5
-12
-32
-20
3
-11
-42
-31
-24
-53
-75
-64
-48
-51
-43
-15
-1
-7
5
17
17
12
-2
-34
-47
-14
9
10
50
102
99
60
71
95
59
35
73
98
42
1
44
58
11
8
41
16
-28
4
38
8
-20
0
3
-28
-26
-9
-26
-62
-56
-31
-37
-27
12
0
-41
-36
-17
-30
-39
-9
-12
-40
-28
6
-4
-32
-18
-19
-56
-64
-32
-42
-75
-52
0
10
14
57
74
38
35
66
25
-48
-34
0
-28
-32
37
56
8
23
88
81
22
33
60
4
-32
5
19
-29
-25
33
27
-16
-13
4
-39
-78
-53
-37
-65
-57
-14
5
-10
6
36
19
-7
0
2
-22
-28
-16
-21
-15
14
34
33
33
33
2
-29
-18
-23
-63
-58
-14
-15
-58
-51
-21
-33
-45
-12
3
-26
-15
14
9
-22
-20
-3
-18
-31
-6
11
-1
12
51
73
74
70
73
58
47
54
42
29
38
49
48
45
39
26
26
45
54
51
61
88
85
59
59
73
46
18
37
38
-9
-38
-20
-30
-59
-45
-12
0
-8
5
6
-21
-24
-6
-11
-36
-36
-33
-65
-76
-54
-43
-57
-60
-49
-49
-59
-46
-38
-44
-44
-52
-54
-46
-25
-19
-19
-12
5
-5
-23
-1
6
-23
-30
-2
-2
-34
3
62
40
-3
13
24
-16
-34
-8
-4
-50
-45
16
26
3
34
67
27
0
21
17
-25
-29
10
-1
-37
-9
26
3
-15
20
51
40
36
48
18
-35
-38
-28
-55
-59
-32
-15
-18
-6
17
8
-3
12
7
-16
-6
20
24
32
59
76
47
27
39
27
6
13
37
29
31
72
77
48
39
47
43
29
45
66
41
8
-12
-19
-17
-10
0
-2
-6
13
28
9
-7
11
1
-17
-20
-26
-40
-65
-63
-41
-46
-54
-35
-16
-11
-23
-43
-57
-58
-72
-76
-40
-2
16
6
8
23
33
41
45
34
10
0
-12
-33
-37
-35
-39
-50
-18
27
28
17
33
33
-12
-19
1
-16
-41
-27
-8
-24
-19
26
26
-8
5
52
26
-33
3
50
15
-26
27
72
15
-11
25
3
-71
-60
8
-17
-73
-27
26
-17
-44
17
43
15
32
85
72
12
18
48
9
-27
-1
27
11
-3
11
1
-6
23
30
4
-7
2
-4
-27
-29
-9
-21
-22
-16
-33
-59
-56
-11
-24
-55
-38
-21
-41
-59
-34
-35
-47
10
58
12
-17
30
44
-8
-24
23
40
36
73
111
85
44
61
58
8
-18
-2
-7
-44
-39
-23
-21
-7
33
50
23
31
47
16
-41
-49
-47
-77
-76
-16
35
43
79
115
89
47
48
59
22
-14
-16
-23
-16
28
41
12
15
52
49
-9
-24
-8
-26
-43
-25
-25
-62
-68
-32
-25
-57
-60
-37
-51
-89
-87
-71
-83
-83
-44
-15
-17
-1
35
30
0
23
43
16
-18
-18
-8
-48
-46
-9
-4
5
51
104
106
99
89
60
26
8
-18
-48
-40
-8
18
23
54
63
49
56
58
50
7
-11
-7
-45
-92
-76
-49
-57
-47
9
62
52
34
55
51
22
2
-4
-37
-77
-71
-59
-71
-76
-38
-15
-10
14
39
28
-1
9
13
-20
-52
-43
-36
-53
-33
16
17
22
52
70
64
43
60
66
24
0
12
23
-10
-30
-14
-19
-47
-69
-54
-42
-22
22
34
16
-1
-8
-15
-43
-55
-60
-81
-83
-66
-38
-19
0
41
80
95
89
80
79
70
45
32
41
54
41
28
31
24
20
15
17
31
28
32
46
44
30
13
10
0
-14
-20
-14
-15
-22
-27
-27
-37
-28
15
26
26
15
15
10
-21
-35
-38
-35
-38
-35
-3
22
10
-1
-5
-18
-45
-26
11
17
8
18
16
-24
-41
-24
-14
-34
-45
-21
-6
-31
-39
-10
-4
-21
-22
-32
-72
-80
-53
-44
-60
-56
-24
-17
-28
-18
1
-10
-39
-26
-13
-26
-32
-16
15
35
42
51
55
49
55
67
81
84
81
72
54
53
31
16
28
33
28
38
50
38
-4
-26
-33
-54
-56
-39
-19
-25
-36
-46
-46
-23
3
30
36
25
27
9
-34
-65
-79
-80
-66
-32
-29
-52
-60
-42
7
56
100
104
78
57
45
23
-6
4
22
24
26
50
77
80
71
55
42
26
32
48
61
57
26
3
-3
1
5
-5
-15
-33
-59
-57
-54
-52
-28
-16
-8
-20
-47
-41
-28
-24
-2
41
44
15
11
15
5
4
19
29
-5
-28
-37
-79
-110
-109
-68
-58
-59
-6
20
7
17
44
39
-9
-10
3
-14
-17
4
-6
-66
-73
-55
-77
-90
-57
-38
-59
-59
-25
-8
-13
21
72
72
56
81
72
25
15
37
46
34
65
88
47
10
17
19
-13
2
35
7
-42
-22
18
-5
-20
21
18
-34
-40
-3
-5
-50
-45
-2
-6
-22
12
28
-4
-11
4
-5
-25
-20
-1
-8
-2
42
52
22
21
35
19
10
29
36
32
30
49
40
26
57
75
57
35
18
-7
-27
-24
-19
-15
6
15
10
-1
-3
-14
-48
-45
-25
-23
-23
-14
2
7
6
19
12
-21
-38
-40
-56
-79
-60
-30
-34
-37
-12
-13
-52
-42
-12
-17
-43
-36
-19
-47
-50
-22
-22
-37
-10
35
16
-2
13
15
3
10
31
25
25
60
91
70
63
101
91
54
57
67
27
-10
22
34
-3
7
49
38
-7
18
34
-11
-33
1
7
-55
-38
28
2
-66
-56
-14
-65
-107
-57
-29
-64
-51
17
15
-38
-26
13
-16
-51
-6
14
-28
-31
11
-3
-47
0
60
46
34
64
52
-21
-32
7
0
-23
4
30
-22
-39
7
17
-19
8
68
43
15
38
52
-4
-34
-5
-27
-71
-60
-8
-9
-20
27
53
17
-13
17
21
-21
-9
28
-4
-42
-20
-21
-68
-80
-31
-9
-40
-14
27
15
16
53
58
10
8
30
9
-10
15
47
23
14
45
39
10
20
48
18
-7
24
37
2
-9
17
8
-22
-2
29
16
1
40
53
-1
-4
27
7
-24
5
43
11
-22
9
15
-13
-1
33
8
-36
-29
-17
-44
-54
-29
-31
-54
-36
-9
-46
-77
-45
-26
-47
-33
21
22
-20
-17
-4
-34
-62
-41
-27
-50
-34
19
26
3
32
58
18
-9
27
34
-1
0
35
15
-23
5
33
16
10
50
57
32
45
63
38
20
27
18
-14
-23
10
16
1
13
21
0
-4
15
9
-25
-35
-23
-31
-39
-12
6
-12
-12
9
-6
-46
-43
-26
-48
-58
-28
-27
-56
-38
-4
-12
-26
2
19
-9
-14
18
10
-20
4
38
25
10
29
36
8
7
47
42
4
22
41
7
-20
-7
0
-19
-16
11
-4
-36
-16
9
4
18
76
109
76
69
82
30
-31
-41
-44
-60
-41
13
39
35
45
61
44
23
33
23
-11
-13
-10
-31
-51
-34
-19
-39
-33
6
12
-21
-21
2
-19
-44
-33
-32
-65
-74
-38
-31
-50
-22
18
19
9
23
15
-40
-48
-3
8
-16
5
23
-12
-31
-15
-11
-33
-9
32
17
8
36
41
5
-3
25
23
-7
-3
15
0
-2
61
79
36
23
44
26
-11
13
37
-8
-34
20
32
-17
0
51
43
5
30
55
4
-27
-2
-9
-75
-78
-26
-35
-56
-5
21
-33
-54
-26
-28
-70
-65
-26
-44
-66
-30
3
-8
-22
21
21
-24
-17
13
9
-6
21
44
33
39
75
74
41
45
57
31
7
15
10
-25
-18
27
28
9
48
96
63
26
34
11
-43
-60
-38
-44
-69
-32
17
6
-10
16
14
-35
-45
-10
-23
-56
-24
5
-18
-35
-6
6
-20
0
34
16
-21
-14
1
-23
-38
-11
-11
-30
-8
21
26
7
15
35
14
-29
-30
-19
-36
-28
17
24
-5
7
16
-2
-18
13
50
50
56
66
53
5
-12
-6
-5
0
21
38
34
22
35
56
54
51
39
3
-31
-41
-30
-36
-35
-15
-8
-5
-1
18
17
-1
1
0
-19
-37
-19
-18
-46
-62
-64
-70
-69
-45
-6
21
27
46
51
12
-25
-7
6
-10
-9
2
-14
-34
-13
8
2
12
38
42
32
40
51
24
-3
-2
13
-8
-45
-46
-39
-51
-35
7
27
26
26
29
10
-4
26
32
0
-5
-9
-36
-66
-58
-27
-32
-43
-31
-21
-27
-25
6
11
-17
-14
-2
-25
-49
-30
-3
3
-2
4
27
27
36
56
48
37
25
9
2
-10
6
24
31
44
55
53
28
10
12
19
16
14
17
15
-6
-11
13
37
44
47
46
36
30
16
10
-17
-43
-33
-16
-5
16
31
23
11
-5
-22
-34
-40
-44
-50
-56
-57
-44
-18
19
48
46
20
-20
-38
-60
-86
-81
-72
-38
-2
28
37
27
19
16
4
-25
-45
-29
-10
0
21
32
23
21
34
34
32
35
27
15
-2
-10
9
14
12
14
-10
-29
-18
4
17
17
7
-3
-1
18
27
24
23
17
-14
-51
-49
-28
-6
9
18
29
21
13
29
29
10
-1
-5
-16
-38
-50
-39
-32
-21
11
20
1
-8
-10
-16
-26
-32
-35
-52
-60
-38
-29
-43
-54
-55
-50
-38
-40
-44
-40
-24
-4
2
-1
-2
2
2
-7
-9
0
16
28
33
40
51
59
65
67
69
76
74
57
54
55
52
37
18
23
29
41
48
43
25
19
19
12
-10
-24
-13
-13
-12
-5
-11
-23
-19
-8
19
52
60
48
39
49
52
38
16
7
-3
-18
-27
-30
-17
-16
-34
-50
-65
-65
-55
-49
-77
-116
-122
-108
-90
-71
-49
-19
-3
5
3
-16
-16
-10
-18
-27
-19
18
43
49
57
75
100
97
69
49
38
36
20
15
23
4
1
18
35
41
44
51
41
23
-2
-21
-37
-19
-14
-25
-51
-71
-37
-10
-6
-28
-37
-49
-47
-17
-21
-51
-79
-70
-60
-72
-60
-44
-48
-43
-15
-19
-57
-59
-20
-3
5
10
7
9
18
45
50
58
67
61
40
11
22
51
41
45
83
108
77
-4
-26
-23
7
60
58
30
-14
-11
5
-45
-63
-27
6
-10
-16
7
5
-6
17
55
43
69
104
45
-4
21
51
69
46
11
17
32
44
37
58
60
29
-18
-41
-32
8
54
-10
-74
-74
-72
-83
-85
-74
-72
-53
9
26
-59
-102
-65
-31
-53
-136
-147
-87
-32
22
77
117
88
37
38
28
6
8
22
17
-19
-3
-13
-32
4
64
97
53
74
133
110
53
23
21
-2
3
61
52
58
100
85
50
6
22
24
14
15
17
46
46
32
14
-47
-138
-156
-76
-21
-22
2
-29
-112
-127
-116
-213
-241
-119
-129
-242
-216
-92
-101
-182
-141
-75
-139
-137
-96
-143
-129
-119
-108
-131
-165
-18
126
69
23
113
201
136
21
100
159
102
87
78
74
127
251
332
279
217
262
270
240
242
265
226
148
168
158
34
-71
7
76
67
62
3
-83
-82
-20
-55
-140
-60
63
-42
-165
-212
-197
-193
-240
-213
-194
-147
-68
-39
-115
-180
-175
-167
-125
-121
-150
-129
-99
16
58
-33
-115
-119
-60
-55
-51
14
54
58
66
64
73
96
152
167
187
153
84
55
-18
-64
17
105
113
189
355
351
182
140
67
-13
8
93
199
289
253
220
280
314
253
187
148
119
117
191
82
118
468
166
-402
-611
-270
-4
-67
-264
-427
-190
133
-249
-959
-1138
-779
-73
401
18
-668
-664
-407
-282
-317
-471
-497
105
821
311
-547
-593
-128
292
443
227
68
468
541
-211
-485
-79
54
116
194
73
82
415
320
-311
-121
394
242
14
44
105
110
144
114
-164
-100
142
126
169
250
273
274
186
81
100
-50
-347
-240
34
79
-36
-117
-178
-442
-511
-413
-463
-373
-149
-114
-277
-394
-435
-448
-416
-328
-171
-9
64
187
221
273
387
436
503
570
785
967
1000
1167
1337
1393
1336
1257
1119
925
880
788
548
305
276
291
89
-249
-529
-660
-748
-848
-1091
-1310
-1269
-1195
-1235
-1304
-1436
-1453
-1264
-1066
-918
-832
-787
-731
-581
-460
-544
-603
-418
-192
-114
-95
87
389
749
791
655
1030
1460
1567
1614
1709
1561
1508
1921
1883
1332
1206
1401
1010
388
152
-298
-630
-439
-520
-1111
-1431
-1349
-1537
-1748
-1743
-1827
-1781
-1360
-1108
-1258
-1255
-1058
-837
-544
-330
-330
-144
220
253
44
-5
148
341
472
476
449
611
757
758
964
1332
1633
1641
1547
1563
1603
1614
1716
1936
2089
2220
2291
2006
1287
726
395
-100
-474
-547
-813
-1211
-1373
-1527
-2079
-2509
-2587
-2853
-3002
-2863
-2918
-2978
-2600
-2309
-2403
-2278
-1893
-1808
-1630
-1046
-766
-740
-371
11
-62
105
403
254
290
755
866
609
670
965
1509
2447
2920
2774
3112
3666
3337
2639
2747
2961
3003
3557
3661
2729
2191
2177
1373
243
-75
-305
-750
-739
-920
-1848
-2343
-2177
-2478
-2755
-2436
-2400
-2628
-2396
-2188
-2346
-2135
-1807
-1886
-1670
-1103
-1124
-1276
-771
-338
-184
234
429
-4
-149
58
-174
-366
63
374
618
1642
2606
2351
2084
2675
3021
2660
2504
2637
2592
2971
3589
3312
2430
2317
2271
1233
161
-350
-1096
-1614
-1142
-1155
-2303
-2765
-2316
-2720
-3382
-3259
-3306
-3525
-2774
-2233
-2966
-3091
-2145
-2036
-2390
-1771
-1416
-1766
-1250
-421
-764
-913
-99
-78
-537
-193
-26
-568
-390
292
465
1095
2181
2195
1964
2850
3339
2669
2624
3227
3362
3794
4397
3805
2879
2970
2730
1484
829
512
-493
-912
-401
-661
-1497
-1779
-2060
-2466
-2294
-2299
-2905
-2669
-1681
-1485
-1654
-1355
-1288
-1368
-952
-993
-1641
-1511
-709
-424
-311
64
51
-148
-5
-169
-738
-707
-285
-199
44
1005
2039
2550
2621
2823
3343
3549
3204
2865
2966
3409
3877
3891
3152
2585
2442
1529
75
-659
-1254
-2289
-2553
-2063
-2409
-3134
-3185
-3360
-3910
-3870
-3847
-4387
-4009
-2724
-2211
-2292
-1913
-1655
-1748
-1303
-845
-1099
-948
12
510
477
692
939
951
993
872
471
416
579
480
834
2108
3017
2811
2783
3406
3639
3321
3107
3075
3397
4262
4651
3869
3218
3278
2570
934
-277
-1278
-2557
-3108
-2718
-2749
-3031
-2565
-2254
-2747
-3052
-3110
-3493
-3502
-2886
-2558
-2489
-1955
-1595
-1718
-1478
-1095
-1306
-1494
-1004
-630
-755
-633
-361
-315
-339
-533
-1004
-1245
-884
-607
-684
-88
1462
2448
2321
2394
3226
3613
3215
3065
3226
3494
4400
5122
4440
3694
4022
3760
2254
1159
430
-840
-1259
-582
-895
-1866
-1813
-1560
-2174
-2747
-3216
-4075
-4149
-3171
-2755
-2899
-2364
-1823
-1966
-1812
-1542
-1955
-2107
-1305
-819
-1042
-816
-214
132
470
649
258
-18
179
128
-80
665
2006
2662
2850
3546
4340
4386
3984
3741
3690
3924
4372
4155
3251
2685
2535
1819
616
-309
-1228
-2213
-2604
-2561
-3013
-3470
-3182
-2893
-3124
-3469
-3908
-4345
-4184
-3668
-3410
-3091
-2405
-1841
-1437
-890
-636
-872
-744
-186
-19
-171
-35
224
388
641
798
614
459
700
779
661
1320
2601
3114
2878
3392
4291
4259
3646
3376
3255
3333
3986
3905
2755
2477
2909
2019
459
-291
-1276
-2646
-2745
-2325
-3006
-3529
-2912
-2536
-2722
-2921
-3518
-4144
-3720
-3129
-3322
-3119
-2172
-1526
-1164
-679
-622
-892
-561
-34
-123
-219
224
706
983
1193
1065
625
546
603
182
-153
560
1731
2148
2289
3019
3806
3856
3421
3065
2764
2800
3263
3070
2216
2121
2439
1727
527
-285
-1344
-2495
-2704
-2673
-3405
-3857
-3485
-3226
-3308
-3563
-4061
-4178
-3508
-3061
-3137
-2671
-1677
-925
-245
291
244
271
741
829
472
506
891
1212
1581
1813
1476
1027
907
746
277
-64
443
1445
1882
1853
2502
3469
3695
3467
3350
3097
3162
3700
3245
2036
1921
2222
1126
-117
-553
-1555
-2636
-2421
-2227
-2961
-3109
-2536
-2502
-2704
-2889
-3585
-3907
-3249
-2962
-3292
-2797
-1751
-1301
-910
-357
-305
-301
208
482
303
427
749
910
1105
1211
869
527
618
620
212
31
696
1652
1995
2003
2547
3264
3403
3127
2832
2610
2910
3493
3106
2221
2206
2251
1228
123
-605
-1843
-2929
-2862
-2975
-3852
-4040
-3566
-3487
-3533
-3636
-4197
-4217
-3407
-3147
-3328
-2573
-1377
-772
-238
248
313
559
1143
1269
949
973
1218
1349
1516
1453
944
585
663
579
73
-70
701
1720
2067
2025
2637
3526
3626
3179
2973
2986
3212
3454
3014
2209
2136
2192
1279
208
-546
-1521
-2395
-2518
-2757
-3568
-3836
-3343
-3093
-3253
-3532
-3858
-3659
-3061
-2971
-3208
-2696
-1632
-1006
-619
-110
191
506
1053
1227
918
814
1011
1119
1039
839
464
147
213
160
-439
-641
484
1739
1816
1766
2826
3905
3956
3802
3704
3407
3706
4186
3336
2037
2087
2256
1138
95
-532
-1814
-2687
-2368
-2663
-3688
-3727
-3172
-3225
-3409
-3599
-4091
-3760
-2847
-3033
-3508
-2546
-1276
-941
-535
175
350
570
1159
1113
614
663
941
829
734
624
205
82
382
299
-210
-151
838
1762
1857
1872
2751
3756
3872
3672
3751
3815
4047
4238
3464
2443
2512
2468
1131
-93
-811
-2131
-3240
-3242
-3635
-4722
-4802
-4114
-4117
-4418
-4533
-4688
-4417
-3897
-3999
-4086
-3160
-2117
-1685
-1148
-287
319
879
1526
1659
1427
1493
1630
1487
1266
1044
825
763
913
977
676
650
1545
2539
2685
2709
3682
4642
4632
4384
4297
4183
4376
4479
3401
2267
2487
2497
1201
35
-672
-1802
-2661
-2717
-3348
-4504
-4513
-4013
-4279
-4603
-4547
-4535
-4163
-3487
-3564
-3808
-2896
-1721
-1396
-1069
-318
170
562
1117
1145
865
1136
1479
1173
753
599
275
-7
14
-178
-661
-472
555
1385
1625
1953
2954
3985
4348
4252
4185
4248
4390
4245
3310
2324
2301
2431
1561
408
-350
-1140
-1769
-1941
-2679
-3836
-4043
-3587
-3725
-4130
-4109
-3903
-3469
-2996
-3172
-3432
-2643
-1638
-1414
-1147
-296
431
823
1215
1372
1276
1385
1378
913
474
314
109
-96
-34
-61
-356
-390
254
1060
1306
1347
2120
3188
3536
3339
3339
3554
3821
3902
3070
1951
1828
2014
1140
-62
-658
-1301
-2020
-2357
-3052
-4104
-4225
-3616
-3621
-3981
-3892
-3563
-3110
-2556
-2458
-2557
-1813
-784
-618
-639
24
723
1025
1457
1817
1741
1775
1839
1434
940
780
472
-149
-246
-68
-346
-530
111
973
1205
1284
2022
3167
3688
3438
3173
3296
3558
3570
2903
1921
1676
2018
1473
122
-701
-1239
-2043
-2612
-3097
-4062
-4575
-4144
-4003
-4375
-4187
-3598
-3196
-2723
-2338
-2350
-1909
-950
-574
-524
143
889
1175
1513
1837
1854
1972
2129
1874
1477
1236
878
355
164
-11
-406
-567
11
994
1521
1691
2308
3523
4195
3965
3696
3745
3826
3855
3291
2146
1670
2037
1538
113
-759
-1258
-2169
-2902
-3338
-4303
-4936
-4530
-4294
-4686
-4621
-4161
-3889
-3486
-3104
-3212
-2900
-1847
-1334
-1269
-466
578
917
1134
1548
1526
1359
1586
1381
656
326
292
-149
-554
-406
-379
-653
-303
724
1360
1432
1922
3073
3847
3877
3661
3662
3968
4398
4167
3036
2443
2831
2501
1073
27
-440
-1220
-2010
-2546
-3543
-4217
-3780
-3397
-3683
-3757
-3526
-3492
-3284
-2977
-3201
-3058
-2016
-1314
-1164
-540
479
1110
1615
2002
1924
1868
2114
1874
1108
669
502
23
-359
-350
-427
-561
-360
362
1149
1542
1763
2576
3676
4006
3622
3495
3663
3730
3656
2840
1808
1756
2031
1064
-431
-1211
-1825
-2660
-3294
-4044
-4910
-4926
-4334
-4346
-4605
-4182
-3651
-3276
-2746
-2377
-2148
-1358
-457
-240
-38
785
1445
1631
1871
2060
1938
1901
1872
1345
820
644
250
-415
-685
-808
-1101
-1037
-313
572
1163
1579
2267
3296
3906
3735
3427
3569
3858
3797
3131
2220
1955
2224
1662
337
-457
-837
-1635
-2454
-3104
-3939
-4303
-3888
-3776
-4151
-3930
-3353
-3002
-2647
-2292
-2220
-1857
-1096
-765
-630
11
735
1079
1464
1711
1538
1409
1331
895
412
118
-398
-974
-1079
-1049
-1199
-1193
-620
377
1338
1828
2184
3214
4202
4128
3628
3600
3717
3621
3218
2351
1719
1972
1938
821
-181
-528
-1164
-2124
-2807
-3668
-4464
-4382
-4059
-4339
-4409
-3723
-3055
-2690
-2264
-1961
-1706
-1026
-449
-380
-147
591
1094
1207
1411
1618
1577
1446
1267
928
471
86
-288
-639
-724
-790
-949
-806
-14
961
1566
2033
3018
4128
4305
3890
3797
3920
3816
3467
2605
1587
1527
1856
972
-276
-618
-1010
-1997
-2691
-3397
-4355
-4397
-3904
-4280
-4698
-4048
-3365
-3092
-2527
-2008
-1863
-1315
-634
-614
-632
-29
497
791
1283
1564
1567
1763
1815
1301
772
542
167
-265
-493
-675
-693
-441
67
964
1884
2186
2629
3826
4528
4172
3857
4037
3964
3809
3430
2340
1742
2118
1724
223
-528
-743
-1601
-2492
-3011
-3835
-4348
-4024
-4043
-4501
-4199
-3544
-3458
-3155
-2588
-2412
-2104
-1355
-1011
-1064
-607
68
409
787
1184
1273
1329
1480
1243
714
319
-127
-596
-834
-1006
-1176
-1139
-887
-299
619
1404
1707
2501
3639
3885
3471
3430
3525
3260
3156
2625
1678
1551
1927
1047
-215
-445
-686
-1663
-2309
-2855
-3730
-3749
-3399
-3872
-4254
-3479
-2986
-3113
-2678
-2074
-1849
-1184
-326
-181
-40
710
1155
1219
1511
1693
1639
1709
1653
1167
833
679
345
44
-10
-201
-290
-48
386
1063
1840
2181
2453
3414
4095
3760
3321
3350
3213
2992
2674
1757
1120
1460
1236
-88
-853
-940
-1574
-2420
-2941
-3731
-4249
-3996
-4043
-4506
-4139
-3387
-3258
-2956
-2218
-1866
-1566
-897
-679
-745
-182
420
569
880
1337
1427
1618
2002
1787
1225
1080
898
301
-164
-409
-720
-816
-543
-134
473
1169
1538
2003
3087
3590
3259
3083
3262
3134
2818
2322
1320
884
1205
651
-647
-987
-1015
-1916
-2744
-3056
-3660
-3875
-3532
-3734
-4065
-3486
-2873
-2806
-2327
-1640
-1370
-881
-119
92
143
658
1147
1292
1392
1374
1290
1449
1477
987
533
388
77
-447
-826
-920
-924
-770
-506
102
1057
1784
2156
2870
3890
4047
3589
3385
3299
2971
2655
1935
1044
1052
1328
331
-814
-791
-1060
-2092
-2524
-2711
-3531
-3794
-3589
-3968
-4170
-3474
-3169
-3248
-2535
-1885
-1895
-1346
-515
-493
-375
447
855
738
944
1128
1188
1500
1456
847
755
993
587
-10
-16
19
-62
45
180
661
1497
1977
2049
2847
3811
3774
3436
3597
3656
3395
3042
2282
1572
1535
1290
72
-734
-803
-1350
-2254
-2628
-2966
-3476
-3533
-3498
-3677
-3557
-3224
-3058
-2606
-1933
-1637
-1392
-723
-243
-121
106
456
722
864
843
817
1048
1160
848
561
524
327
-127
-595
-848
-918
-932
-1115
-916
32
952
1274
1608
2650
3375
3224
3050
3179
3033
2796
2527
1761
1128
1185
796
-387
-864
-826
-1533
-2363
-2472
-2775
-3254
-3182
-3130
-3375
-3030
-2637
-2857
-2611
-1830
-1633
-1542
-750
-285
-169
428
955
902
1128
1483
1296
1193
1296
908
515
568
263
-345
-447
-380
-623
-641
-449
-276
411
1393
1707
1986
3002
3707
3520
3429
3678
3490
3169
3027
2428
1736
1720
1501
438
-237
-350
-1085
-1926
-2139
-2558
-3225
-3295
-3201
-3541
-3544
-3271
-3354
-3217
-2675
-2423
-2273
-1629
-1098
-1024
-615
-27
144
234
453
472
398
333
60
-141
-85
-167
-443
-487
-398
-352
-228
-103
137
931
1801
2042
2238
3096
3769
3654
3509
3619
3483
3256
3095
2440
1803
1786
1563
648
74
31
-523
-1258
-1481
-1838
-2349
-2515
-2693
-3078
-2968
-2630
-2785
-2684
-2053
-1646
-1399
-870
-587
-526
-107
223
136
283
574
541
659
888
683
491
647
508
90
-17
-89
-257
-126
-3
-160
282
1231
1469
1225
1833
2700
2747
2534
2536
2410
2260
2331
1658
757
738
783
-286
-1216
-1209
-1527
-2247
-2560
-2766
-3186
-3147
-3141
-3624
-3596
-3032
-3010
-3091
-2535
-2091
-1934
-1409
-912
-862
-544
32
255
404
774
1014
1211
1427
1283
1040
1171
1132
608
391
515
528
497
497
360
695
1642
2095
1868
2234
3161
3372
3127
3111
3045
2863
2961
2526
1554
1197
1350
651
-309
-446
-637
-1312
-1794
-2138
-2820
-3085
-2979
-3387
-3802
-3349
-3070
-3193
-2841
-2230
-1892
-1414
-826
-676
-450
96
391
398
614
845
988
1074
939
824
1008
919
410
217
302
226
175
242
93
245
1108
1557
1311
1679
2671
3021
2893
2969
3011
2853
2875
2545
1587
1112
1204
676
-206
-383
-512
-1132
-1582
-1781
-2423
-2960
-2981
-3272
-3716
-3530
-3192
-3248
-3090
-2627
-2264
-1731
-894
-553
-430
200
760
713
605
725
853
895
653
370
503
729
466
142
210
223
94
-39
-295
-418
132
661
494
512
1336
2099
2202
2282
2301
2278
2544
2735
2064
1314
1458
1582
759
47
-103
-464
-906
-1165
-1713
-2380
-2273
-2246
-2902
-3139
-2692
-2630
-2631
-2222
-1952
-1684
-1053
-651
-685
-188
578
746
708
962
1176
1386
1573
1277
966
1121
1035
426
145
146
-54
-249
-356
-581
-415
281
518
248
517
1439
1841
1650
1482
1548
1791
2057
1737
940
763
1245
1081
194
-131
-140
-446
-821
-1169
-1867
-2162
-1907
-2158
-2743
-2634
-2240
-2221
-2040
-1726
-1547
-1099
-491
-519
-494
188
633
527
598
923
1208
1499
1506
1269
1429
1669
1230
718
607
351
-25
-190
-418
-637
-230
382
382
310
948
1695
1746
1578
1605
1743
1917
1855
1240
850
1252
1365
476
-164
-49
-194
-738
-1237
-1866
-2423
-2420
-2541
-3127
-3208
-2702
-2540
-2431
-2017
-1624
-1264
-730
-497
-438
237
901
928
984
1475
1810
1874
1904
1720
1503
1569
1399
699
161
-97
-480
-828
-1030
-1306
-1421
-948
-468
-476
-379
427
1151
1149
1052
1229
1526
1752
1701
1223
1052
1526
1610
806
379
509
198
-507
-1002
-1580
-2046
-2054
-2390
-3058
-3033
-2535
-2603
-2635
-2184
-1792
-1363
-671
-354
-193
580
1282
1281
1280
1656
1862
1918
1861
1459
1232
1365
1039
244
-96
-175
-572
-950
-1167
-1443
-1358
-594
-163
-355
-17
1055
1575
1436
1551
1925
2171
2352
2307
1745
1621
2158
1950
903
502
603
40
-768
-1173
-1701
-2083
-2036
-2340
-2974
-2811
-2342
-2494
-2531
-2123
-1788
-1473
-921
-630
-333
440
1067
1100
1326
1825
1995
1940
1787
1478
1311
1263
755
68
-225
-425
-862
-1216
-1356
-1440
-1385
-931
-501
-398
-61
846
1554
1552
1616
2083
2368
2350
2225
1873
1684
2053
1836
744
371
582
-25
-910
-1090
-1467
-2085
-2107
-2257
-2878
-2719
-2085
-2197
-2280
-1615
-1197
-1041
-422
-27
61
673
1328
1206
1194
1732
1744
1315
1161
926
517
354
-16
-784
-1162
-1162
-1531
-2010
-1983
-1877
-1924
-1581
-1012
-876
-617
258
994
1094
1352
1901
2147
2262
2455
2280
1974
2170
2114
1293
813
917
403
-422
-748
-1204
-1892
-1939
-2025
-2657
-2706
-2114
-2040
-2065
-1490
-1054
-841
-271
196
175
639
1336
1335
1192
1586
1732
1429
1330
1156
709
484
286
-325
-812
-779
-996
-1506
-1525
-1327
-1414
-1312
-633
-206
-94
421
1243
1543
1661
2042
2296
2352
2572
2532
2032
1932
2133
1610
775
736
663
-26
-583
-821
-1411
-1723
-1724
-2124
-2514
-2161
-1945
-2161
-1817
-1355
-1167
-757
-159
-178
39
778
968
729
907
1191
964
737
586
182
-120
-281
-869
-1388
-1318
-1321
-1636
-1577
-1288
-1249
-1110
-677
-242
22
466
1100
1620
1846
2049
2369
2645
2779
2793
2554
2170
2095
1949
1228
575
411
87
-492
-886
-1300
-1850
-1935
-1953
-2411
-2635
-2259
-2077
-2163
-1924
-1493
-1087
-602
-227
-115
265
793
898
844
1035
1040
774
523
284
-129
-401
-591
-888
-1079
-1107
-1165
-1287
-1123
-939
-925
-855
-357
61
216
495
1116
1551
1605
1800
2105
2197
2245
2415
2017
1537
1595
1506
735
271
308
-128
-761
-955
-1228
-1632
-1483
-1395
-1766
-1718
-1228
-1185
-1157
-643
-230
-58
287
587
654
851
1002
831
634
594
381
76
-155
-417
-727
-943
-1110
-1308
-1425
-1438
-1377
-1373
-1342
-1167
-869
-671
-284
285
585
835
1503
2153
2313
2527
2844
2872
2737
2798
2467
1938
1860
1703
934
382
314
-158
-740
-911
-1194
-1609
-1620
-1678
-1930
-1860
-1619
-1710
-1608
-1176
-927
-675
-235
-49
-91
188
379
197
79
34
-235
-435
-514
-828
-1091
-1034
-1016
-1230
-1225
-1171
-1239
-1156
-933
-798
-694
-384
-50
371
749
969
1424
2124
2397
2352
2501
2675
2631
2535
2293
1867
1709
1580
992
465
377
62
-442
-681
-945
-1323
-1291
-1310
-1679
-1682
-1293
-1258
-1264
-967
-839
-721
-333
-165
-330
-174
-24
-290
-552
-476
-459
-582
-688
-863
-1058
-1080
-1091
-1211
-1094
-886
-822
-782
-660
-533
-320
-59
151
583
1060
1197
1413
2058
2543
2551
2717
3001
2933
2844
2836
2485
2130
2166
1831
1100
863
782
240
-216
-355
-764
-1199
-1286
-1601
-2016
-1988
-1987
-2233
-2181
-1994
-2088
-2020
-1698
-1603
-1660
-1467
-1316
-1393
-1422
-1414
-1389
-1354
-1389
-1501
-1420
-1169
-1036
-935
-685
-446
-309
-171
-62
126
355
443
587
988
1289
1403
1752
2259
2436
2564
2850
2964
3019
3186
3094
2820
2886
2828
2210
1819
1844
1481
962
805
544
57
-104
-315
-806
-1043
-1073
-1399
-1677
-1631
-1782
-1889
-1664
-1589
-1863
-1768
-1369
-1317
-1384
-1200
-1017
-998
-968
-944
-934
-786
-730
-891
-845
-665
-744
-866
-749
-600
-442
-318
-384
-284
250
515
460
901
1546
1592
1634
2101
2233
2192
2591
2725
2269
2264
2425
1817
1332
1524
1139
284
115
-108
-932
-1207
-1219
-1854
-2285
-2112
-2303
-2676
-2439
-2307
-2395
-2019
-1635
-1725
-1514
-912
-708
-707
-408
-234
-270
-66
-35
-172
-10
166
-85
-241
1
-135
-426
-372
-326
-358
-243
-256
-431
-51
536
477
476
1329
2004
2074
2321
2673
2753
2958
3198
2814
2626
2969
2637
1779
1671
1677
943
321
20
-689
-1333
-1579
-2179
-2769
-2649
-2598
-3021
-2961
-2554
-2423
-2148
-1605
-1429
-1260
-615
-257
-306
-28
311
291
356
465
303
324
589
396
87
171
168
-104
-133
-23
-74
28
186
82
276
963
1255
1187
1603
2228
2287
2275
2498
2594
2709
2954
2711
2102
2049
2073
1405
730
459
-128
-942
-1389
-1938
-2752
-3042
-3117
-3588
-3774
-3508
-3516
-3483
-2975
-2553
-2318
-1768
-1212
-1000
-599
-51
173
318
656
842
894
958
844
657
670
657
330
125
87
-124
-257
-239
-275
-251
-5
122
139
584
981
948
1239
1944
2144
2113
2485
2705
2573
2732
2786
2194
1877
1918
1277
382
106
-341
-1229
-1643
-1923
-2691
-3038
-2932
-3337
-3722
-3355
-3118
-3213
-2761
-2158
-1861
-1367
-763
-543
-144
532
754
754
1065
1229
1091
1139
1092
827
842
853
373
103
309
235
-58
4
87
19
275
479
358
693
1362
1491
1551
2171
2600
2562
2749
2989
2843
2748
2725
2269
1793
1689
1278
391
-103
-423
-1120
-1709
-2016
-2523
-2938
-2976
-3241
-3603
-3504
-3276
-3283
-2957
-2475
-2218
-1765
-1073
-721
-494
131
501
469
672
928
851
792
802
631
478
480
220
-98
-57
-48
-249
-301
-221
-211
-33
171
154
453
1098
1318
1313
1847
2457
2444
2455
2776
2773
2602
2607
2266
1693
1515
1237
421
-149
-353
-957
-1654
-1969
-2365
-2877
-2951
-3017
-3341
-3216
-2774
-2635
-2403
-1867
-1526
-1159
-528
-199
-105
369
857
908
928
1168
1227
1194
1262
1102
881
854
666
253
110
74
-231
-422
-354
-421
-414
-237
-209
-128
386
832
799
1030
1625
1798
1744
1980
2117
1940
1934
1914
1350
945
943
519
-223
-575
-926
-1627
-2069
-2325
-2822
-3089
-3054
-3279
-3447
-3192
-2907
-2749
-2275
-1801
-1513
-1018
-522
-296
31
613
900
1056
1456
1690
1639
1711
1709
1533
1536
1571
1285
1004
989
809
476
397
397
283
307
423
412
530
951
1173
1186
1513
1912
1922
1898
2071
2006
1836
1871
1660
1152
889
692
59
-589
-932
-1412
-1988
-2281
-2490
-2843
-2899
-2797
-2944
-2920
-2552
-2309
-2158
-1792
-1405
-1090
-663
-274
-40
324
723
931
1073
1227
1289
1298
1274
1123
994
944
685
349
227
59
-249
-464
-533
-630
-638
-539
-529
-477
-152
215
352
550
979
1354
1521
1725
1970
1998
1917
1910
1671
1270
1151
1027
461
-122
-373
-797
-1432
-1780
-2049
-2415
-2463
-2405
-2552
-2540
-2229
-1995
-1796
-1369
-947
-614
-226
100
322
624
898
986
1030
1088
1063
1012
908
743
673
609
392
127
-9
-140
-320
-415
-476
-522
-477
-407
-396
-297
-26
274
490
695
1032
1412
1634
1733
1812
1825
1825
1822
1617
1193
912
678
121
-436
-716
-1060
-1542
-1820
-2072
-2351
-2397
-2380
-2502
-2454
-2141
-1905
-1668
-1224
-777
-428
30
417
634
916
1250
1416
1457
1551
1600
1515
1364
1209
1055
909
720
471
263
145
46
-135
-298
-283
-137
-16
43
113
259
492
689
751
863
1187
1397
1373
1369
1436
1422
1315
1105
724
425
282
-89
-651
-983
-1227
-1613
-1873
-1990
-2170
-2237
-2136
-2135
-2140
-1884
-1628
-1536
-1299
-998
-730
-429
-169
-5
195
495
645
670
745
803
796
762
651
478
376
322
126
-61
-88
-128
-257
-276
-175
-117
-30
77
182
330
656
1002
1124
1166
1364
1644
1701
1599
1568
1516
1307
1049
667
184
-126
-375
-865
-1378
-1585
-1759
-2101
-2331
-2387
-2416
-2348
-2207
-2106
-1907
-1536
-1235
-1006
-651
-214
173
507
827
1094
1374
1652
1801
1848
1884
1915
1865
1750
1623
1435
1209
974
680
409
200
-47
-313
-498
-593
-667
-700
-691
-658
-513
-222
22
141
308
577
804
895
988
1108
1115
1029
901
640
323
129
-123
-590
-955
-1121
-1419
-1732
-1866
-2027
-2158
-2072
-2006
-2023
-1823
-1472
-1238
-1005
-620
-234
173
594
840
1056
1418
1658
1658
1718
1834
1789
1624
1455
1224
993
838
563
227
-9
-240
-555
-752
-793
-917
-1037
-950
-804
-689
-466
-146
135
381
617
839
1096
1249
1234
1232
1325
1255
959
670
381
34
-288
-643
-1024
-1263
-1449
-1719
-1919
-1935
-1931
-1963
-1896
-1711
-1469
-1135
-774
-420
-79
253
612
929
1126
1271
1430
1542
1523
1401
1276
1117
878
645
426
147
-143
-362
-562
-745
-817
-884
-992
-970
-822
-670
-510
-265
-45
130
412
734
917
1023
1227
1370
1288
1211
1205
1019
748
544
206
-151
-330
-589
-1053
-1296
-1359
-1631
-1866
-1808
-1739
-1667
-1377
-1090
-860
-455
19
330
668
1073
1346
1581
1810
1874
1835
1806
1672
1403
1129
850
529
211
-116
-471
-742
-940
-1151
-1350
-1444
-1454
-1446
-1323
-1134
-989
-809
-545
-305
-66
244
545
764
973
1140
1245
1331
1337
1189
1011
890
672
413
189
-67
-325
-520
-749
-949
-999
-1044
-1132
-1110
-986
-864
-709
-495
-287
-59
231
463
617
762
900
955
932
888
793
698
567
353
110
-67
-211
-427
-623
-762
-901
-1023
-1038
-1029
-1022
-926
-842
-759
-566
-333
-179
21
260
400
446
530
685
795
852
899
930
863
752
671
598
468
323
183
41
-12
-45
-164
-229
-147
-148
-223
-187
-87
-40
47
165
226
282
348
353
343
346
311
275
239
187
99
-5
-149
-286
-392
-518
-648
-741
-798
-871
-927
-882
-859
-866
-827
-773
-708
-603
-484
-469
-408
-220
-107
-108
-27
109
207
347
447
467
544
625
597
589
661
696
685
691
672
640
682
695
614
540
481
440
426
428
373
277
211
142
57
-22
-65
-76
-124
-187
-196
-231
-345
-432
-458
-482
-483
-490
-503
-461
-427
-493
-624
-722
-761
-768
-778
-797
-755
-630
-519
-429
-322
-209
-126
-35
78
152
198
324
475
558
622
723
821
844
892
944
955
980
948
858
773
696
586
455
380
320
212
83
-9
-89
-120
-138
-214
-276
-297
-332
-410
-434
-380
-342
-326
-305
-330
-356
-333
-310
-337
-409
-440
-503
-591
-613
-609
-615
-630
-641
-657
-656
-604
-535
-443
-373
-335
-215
-65
61
180
347
507
641
787
904
992
1075
1145
1120
1074
1083
1027
868
775
704
507
316
209
40
-189
-299
-366
-512
-579
-586
-657
-716
-733
-747
-736
-654
-598
-557
-457
-376
-316
-236
-179
-162
-169
-207
-245
-205
-171
-186
-169
-129
-127
-129
-68
-16
19
116
236
300
362
450
524
606
742
874
907
961
1039
1004
957
936
853
711
602
518
358
228
153
30
-128
-236
-346
-512
-639
-704
-764
-817
-845
-884
-892
-824
-764
-737
-674
-598
-581
-575
-541
-513
-497
-432
-381
-390
-368
-327
-333
-324
-287
-271
-235
-193
-203
-223
-153
-48
11
68
164
261
353
436
510
612
722
805
828
832
855
893
928
929
904
883
859
827
767
721
668
578
479
391
299
196
164
111
18
-55
-141
-227
-290
-312
-344
-420
-447
-464
-529
-568
-600
-627
-631
-617
-609
-611
-577
-525
-481
-451
-444
-461
-499
-526
-545
-534
-512
-490
-445
-371
-284
-190
-72
41
119
191
271
357
449
530
591
647
713
733
748
803
797
717
658
606
541
463
364
280
182
85
-13
-108
-200
-317
-416
-483
-542
-577
-569
-574
-598
-596
-568
-509
-417
-336
-284
-204
-110
-44
11
82
157
172
156
166
185
192
181
139
78
32
-12
-63
-76
-59
-69
-81
-80
-81
-91
-54
1
38
94
150
179
219
289
331
340
335
319
293
285
276
233
179
130
72
8
-52
-96
-145
-192
-208
-215
-237
-250
-241
-230
-202
-138
-92
-55
10
71
131
222
309
332
353
360
329
283
255
229
200
165
93
19
-45
-96
-161
-227
-279
-347
-397
-411
-411
-400
-365
-330
-298
-244
-175
-103
-22
43
92
159
230
272
289
302
297
272
239
202
158
102
50
1
-44
-100
-152
-195
-232
-266
-297
-315
-331
-329
-320
-322
-285
-204
-143
-86
6
93
140
193
245
265
272
256
187
141
144
105
32
-17
-42
-81
-129
-185
-237
-248
-224
-206
-229
-226
-203
-175
-109
-28
39
112
199
270
348
446
539
613
659
663
619
583
568
520
449
399
339
249
152
80
28
-26
-104
-214
-313
-382
-458
-531
-566
-557
-537
-532
-515
-484
-450
-429
-411
-364
-309
-257
-233
-210
-167
-149
-128
-96
-94
-116
-122
-122
-150
-177
-199
-206
-177
-167
-147
-99
-44
12
48
100
167
227
276
314
375
454
513
575
625
652
676
689
681
645
626
619
590
538
459
377
305
237
163
91
32
-27
-91
-143
-188
-229
-250
-286
-331
-352
-369
-373
-365
-359
-353
-339
-354
-373
-379
-389
-391
-392
-387
-391
-403
-398
-401
-411
-388
-371
-364
-336
-299
-277
-243
-185
-146
-104
-48
1
56
128
210
265
302
367
419
457
481
478
498
513
529
539
531
531
509
467
444
416
366
311
259
193
143
111
56
-8
-52
-93
-135
-161
-200
-251
-265
-266
-296
-305
-297
-288
-296
-295
-292
-295
-296
-306
-302
-287
-258
-237
-224
-199
-167
-154
-174
-174
-147
-130
-100
-61
-40
-15
15
46
80
102
133
155
182
227
246
276
313
336
342
319
308
302
266
247
216
179
153
128
86
47
44
12
-21
-34
-60
-102
-134
-153
-164
-158
-158
-164
-167
-156
-127
-119
-110
-88
-80
-94
-103
-104
-112
-108
-117
-125
-125
-114
-115
-111
-83
-58
-44
-36
-40
-58
-59
-33
-22
-7
22
43
84
125
149
159
175
198
202
187
169
147
139
137
155
171
182
219
236
238
244
240
210
183
176
138
83
62
40
1
-15
-21
-38
-52
-63
-108
-168
-217
-258
-309
-346
-365
-386
-387
-377
-359
-337
-330
-323
-323
-330
-318
-301
-266
-217
-147
-59
16
86
155
216
271
320
351
360
364
353
355
358
361
369
360
339
302
262
200
129
74
34
4
-29
-67
-95
-121
-146
-163
-174
-177
-169
-152
-134
-121
-117
-102
-93
-85
-73
-81
-88
-90
-88
-88
-87
-82
-96
-110
-110
-121
-147
-146
-139
-147
-137
-83
-54
-42
-28
-10
40
77
109
143
172
211
227
247
285
300
317
330
322
301
267
236
212
196
170
134
105
63
3
-45
-83
-125
-169
-192
-187
-195
-203
-211
-216
-221
-217
-213
-200
-181
-160
-137
-107
-70
-63
-65
-60
-54
-56
-63
-52
-46
-28
-8
-12
-18
-34
-54
-72
-91
-92
-84
-60
-35
-20
-2
-2
3
12
19
24
44
91
135
173
213
247
263
254
237
225
215
209
212
215
208
206
201
189
178
148
92
39
5
-12
-35
-51
-46
-59
-93
-114
-120
-139
-158
-176
-202
-215
-223
-220
-203
-193
-190
-201
-194
-184
-200
-207
-188
-165
-148
-131
-100
-69
-54
-39
-26
6
31
40
72
105
117
131
135
148
162
171
186
184
176
171
153
150
135
124
116
89
64
33
6
-25
-34
-4
0
-2
16
15
15
17
22
18
14
7
-10
-22
-35
-23
-36
-31
-29
-39
-34
-57
-78
-93
-105
-110
-128
-142
-171
-190
-177
-152
-111
-80
-51
-33
-33
-5
6
7
11
6
23
53
92
126
157
162
158
155
139
139
136
133
123
112
123
123
106
96
82
64
44
19
-2
-14
-39
-64
-80
-90
-89
-100
-116
-124
-122
-109
-90
-72
-62
-67
-74
-61
-56
-59
-63
-91
-107
-89
-90
-82
-61
-60
-48
-21
-18
-31
-32
-38
-45
-46
-18
-5
1
19
16
13
33
64
91
107
115
115
122
124
130
132
133
133
125
126
124
121
108
94
77
75
68
48
31
19
19
18
8
14
20
5
-24
-36
-50
-53
-44
-40
-30
-18
-7
-1
-7
-12
-21
-51
-80
-87
-89
-80
-74
-86
-96
-109
-119
-114
-107
-95
-90
-88
-80
-73
-56
-55
-65
-67
-69
-72
-54
-29
-1
11
19
22
27
35
33
30
41
44
40
64
75
53
38
30
24
20
21
24
34
53
46
34
33
25
14
1
5
9
20
33
41
63
69
61
52
55
64
77
66
56
63
69
76
89
91
68
50
18
-11
-19
-29
-25
-33
-45
-63
-85
-83
-93
-113
-135
-143
-137
-129
-110
-113
-118
-91
-73
-60
-40
-34
-37
-38
-17
19
46
75
87
82
73
60
57
56
38
31
19
20
40
49
39
3
-25
-30
-35
-13
14
32
49
41
35
55
80
101
95
79
61
40
53
67
70
61
28
10
-9
-26
-38
-56
-58
-61
-50
-27
-18
-21
-28
-29
-36
-44
-43
-40
-19
-12
-12
0
12
30
24
1
-12
-23
-29
-39
-42
-58
-83
-87
-95
-98
-99
-99
-100
-87
-58
-38
-11
14
27
39
57
76
83
71
66
56
58
70
83
102
114
126
113
86
60
25
1
-18
-34
-35
-33
-35
-49
-57
-76
-108
-121
-123
-105
-85
-79
-68
-52
-21
-1
11
8
-15
-23
-28
-11
19
41
42
39
37
14
-1
-5
-3
8
11
11
15
38
56
55
63
59
49
43
56
67
71
81
96
122
132
136
137
109
87
78
68
42
16
-9
-20
-17
-30
-27
-21
-35
-73
-102
-114
-125
-114
-96
-82
-69
-66
-65
-57
-38
-12
-8
-8
-7
0
19
16
5
-6
-23
-39
-53
-63
-66
-60
-53
-52
-50
-67
-74
-64
-57
-47
-37
-41
-59
-65
-51
-15
21
43
46
39
22
8
7
14
6
19
25
19
25
14
22
36
54
64
52
40
17
17
41
64
74
86
97
96
99
88
71
65
57
51
44
39
27
13
2
0
12
24
37
35
16
-9
-23
-40
-42
-29
-13
0
2
2
12
1
-4
-10
-11
5
9
10
-11
-34
-49
-59
-58
-53
-55
-76
-88
-83
-82
-81
-70
-54
-47
-46
-51
-62
-70
-85
-68
-49
-39
-27
-21
-4
15
40
49
49
40
33
43
50
54
56
60
56
45
35
21
10
5
6
7
3
4
13
30
47
40
26
3
-17
-27
-35
-32
-24
0
29
60
93
110
105
91
88
58
28
1
-39
-65
-70
-44
-24
-3
9
-6
-30
-52
-72
-79
-64
-42
-35
-31
-25
-27
-15
0
6
14
12
11
16
16
9
-8
-24
-30
-40
-40
-34
-22
-12
-20
-23
-24
-25
-18
-8
1
3
2
-12
-29
-23
-22
-18
1
25
51
60
64
63
55
50
41
42
54
61
65
63
56
41
32
29
33
34
27
21
7
-1
1
-9
-24
-29
-27
-33
-39
-45
-38
-9
15
24
24
27
17
-7
-9
-5
-9
-9
-16
-22
-20
-25
-21
-24
-20
-1
7
5
-7
-29
-42
-46
-40
-37
-33
-25
-38
-50
-57
-69
-67
-42
-5
14
24
30
22
9
-1
-5
-13
-11
-10
-16
-13
-5
4
21
38
42
43
50
56
43
36
18
9
14
8
14
13
15
7
-13
-21
-20
-9
-4
2
-4
-21
-31
-25
-21
-18
-12
-3
-7
-14
-14
-26
-22
-12
-9
-2
10
11
17
18
24
21
20
32
36
46
44
32
28
29
37
48
71
86
80
60
39
23
13
1
-22
-33
-41
-56
-76
-84
-71
-51
-21
-1
4
10
0
-13
-29
-42
-34
-19
-7
-2
0
0
1
4
3
1
13
22
22
21
4
0
-9
-15
-22
-31
-23
-17
-7
8
8
2
0
-6
-8
-1
6
14
11
10
0
-5
5
11
15
15
13
5
4
-1
-16
-24
-14
-5
-8
-19
-29
-33
-40
-40
-47
-48
-41
-32
-12
-1
17
40
41
45
41
28
19
16
10
-6
-3
8
13
16
13
22
29
24
17
9
14
10
2
-1
-6
-11
-14
-16
-22
-20
-11
-4
12
24
22
19
25
39
43
37
34
33
36
28
17
-1
-19
-28
-32
-24
-20
-18
-13
-13
-14
-19
-18
-17
-26
-30
-31
-38
-43
-46
-45
-39
-29
-9
3
6
9
-4
-11
-4
9
21
31
41
48
50
43
34
22
11
19
11
-3
-15
-17
-18
-23
-26
-31
-18
-13
-18
-13
-8
0
2
1
7
11
16
12
13
15
12
22
31
31
27
22
7
-14
-25
-27
-19
-1
12
9
6
3
-1
-6
-7
-1
11
14
11
3
-9
-16
-29
-25
-23
-16
-3
-3
2
3
-2
-7
-15
-18
-15
-16
-20
-15
-4
5
17
27
32
45
42
29
11
4
4
-10
-5
-3
-3
11
19
20
14
11
8
5
-11
-25
-26
-28
-25
-9
9
10
8
0
-17
-22
-23
-25
-28
-36
-41
-36
-22
-12
3
14
17
15
14
28
30
21
12
2
9
16
30
42
42
47
39
33
29
18
5
4
5
-12
-28
-43
-47
-42
-36
-36
-34
-21
-12
-13
-7
-9
-19
-26
-19
-9
2
9
-4
-16
-21
-17
-12
3
11
8
11
13
9
9
11
15
12
5
3
6
13
8
5
7
9
12
15
23
26
31
36
38
42
40
29
27
25
26
27
29
19
7
11
7
-1
-15
-23
-22
-35
-37
-32
-28
-27
-37
-35
-33
-40
-40
-42
-39
-38
-47
-51
-49
-34
-27
-15
-12
-16
-14
-10
1
11
7
-5
-15
-12
2
9
14
28
37
36
47
62
70
66
57
60
54
43
38
34
39
33
23
25
20
7
7
9
1
-1
-5
-12
-13
-16
-22
-24
-26
-23
-21
-20
-26
-36
-39
-51
-52
-52
-49
-40
-32
-27
-35
-39
-44
-56
-55
-45
-36
-30
-31
-37
-25
-9
-9
-4
0
8
9
8
15
22
41
49
54
62
59
55
44
33
33
36
41
41
36
34
35
26
28
41
51
53
46
34
18
7
-1
-1
6
16
22
31
25
10
5
-3
2
-6
-8
-8
-23
-40
-56
-60
-55
-44
-20
-1
2
5
-7
-15
-22
-36
-33
-28
-26
-26
-22
-28
-37
-39
-28
-11
5
14
14
14
4
-14
-19
-12
-9
-9
-7
-5
-11
-22
-28
-25
-1
25
37
37
35
29
28
30
33
37
38
37
29
14
7
11
14
9
4
-4
-25
-47
-56
-71
-69
-51
-39
-31
-27
-31
-46
-53
-57
-63
-56
-46
-33
-14
-4
3
20
31
24
12
9
1
0
7
14
32
42
51
65
73
75
75
69
66
60
54
43
33
28
20
8
7
6
-5
-11
-15
-22
-22
-22
-15
5
16
39
60
67
64
47
27
19
15
11
12
7
3
1
3
5
0
-1
0
-9
-25
-44
-54
-50
-40
-24
-14
-19
-32
-46
-51
-46
-40
-39
-42
-45
-47
-50
-63
-77
-81
-79
-70
-61
-45
-31
-24
-20
-16
-14
-14
-8
2
8
11
13
24
39
50
55
56
59
61
54
53
59
46
32
32
26
29
41
45
55
68
72
78
78
71
65
47
31
22
13
4
-8
-14
-17
-16
-24
-30
-26
-31
-38
-42
-51
-67
-75
-65
-69
-89
-93
-94
-89
-77
-68
-49
-32
-27
-32
-40
-42
-48
-44
-37
-26
-7
7
24
24
37
39
32
36
42
45
52
57
55
59
66
62
65
78
74
70
75
74
65
66
68
69
71
72
73
61
56
49
29
10
-12
-36
-50
-63
-73
-67
-72
-68
-68
-80
-78
-75
-77
-84
-89
-81
-71
-59
-47
-44
-33
-28
-28
-33
-44
-46
-37
-32
-25
-21
-22
-12
0
5
16
29
52
64
58
56
47
38
40
45
42
35
32
30
26
24
27
34
45
55
49
45
33
33
41
36
27
17
16
15
17
13
15
23
19
6
-5
-5
-10
-15
-16
-29
-32
-34
-43
-54
-67
-78
-82
-67
-57
-44
-39
-41
-42
-60
-68
-69
-56
-38
-17
11
19
11
16
15
10
21
23
18
17
7
3
12
23
47
72
82
88
84
76
70
62
58
47
49
58
51
35
24
17
-1
-15
-16
-13
-7
-9
-17
-29
-38
-46
-44
-45
-44
-43
-51
-49
-44
-41
-32
-29
-31
-13
3
-2
-6
-21
-27
-24
-17
-8
-13
-19
-10
-14
-25
-35
-38
-39
-40
-39
-40
-30
-29
-28
-9
6
11
10
8
3
-1
6
14
30
55
60
50
43
29
18
16
19
28
51
74
79
77
57
27
13
11
19
30
48
63
54
41
27
19
12
-1
-8
-17
-12
-16
-26
-28
-26
-24
-33
-37
-28
-29
-30
-33
-41
-44
-53
-42
-28
-15
-5
-7
-6
8
11
-8
-16
-27
-30
-11
6
2
-1
3
0
-1
5
11
16
20
27
24
23
21
8
-5
-12
-6
14
29
41
46
33
17
9
-5
-1
6
13
22
14
3
-3
-7
-5
2
1
-3
-3
4
13
12
5
3
5
1
-9
-10
-8
-12
-23
-36
-44
-48
-42
-44
-31
-18
-21
-17
-12
-14
-32
-49
-52
-43
-31
-30
-22
-7
4
-2
-7
-4
3
18
28
15
2
-5
-20
-31
-25
-23
-26
-18
-1
6
13
14
-2
-4
4
11
21
42
61
73
77
64
60
55
54
45
43
36
27
19
7
-15
-43
-56
-53
-40
-16
11
18
23
28
7
-21
-37
-39
-32
-23
-13
0
1
2
15
27
40
43
35
26
21
16
11
5
-5
-19
-25
-23
-16
-1
11
19
24
10
-2
-7
0
11
13
21
24
26
25
18
13
6
7
4
9
18
6
-6
1
4
-3
-8
-12
-18
-22
-28
-33
-21
-12
-18
-19
-22
-24
-24
-25
-26
-23
-25
-39
-34
-35
-32
-21
-12
-2
-17
-31
-36
-38
-27
-25
-17
-2
15
27
30
37
41
41
40
34
34
35
33
37
35
29
25
25
22
18
17
19
29
37
31
18
-5
-32
-53
-53
-43
-31
-28
-28
-25
-25
-26
-25
-19
-14
2
20
12
-4
-19
-30
-44
-53
-34
-22
-23
-20
-18
-17
-27
-45
-62
-65
-70
-70
-64
-63
-51
-43
-38
-23
-7
3
19
32
29
15
5
14
30
43
47
65
79
73
75
82
90
84
80
76
65
65
72
75
66
49
38
39
47
45
41
45
39
37
29
22
8
-12
-27
-26
-11
3
6
11
22
24
19
-4
-33
-46
-41
-37
-26
-14
-10
-14
-18
-20
-22
-20
-22
-18
-16
-11
-7
-1
1
0
12
9
-1
-19
-42
-48
-47
-35
-24
-24
-14
-9
-12
-17
-23
-23
-26
-27
-28
-35
-40
-51
-59
-52
-49
-38
-19
-1
13
16
5
-6
-16
-32
-46
-57
-58
-58
-52
-46
-38
-32
-43
-38
-21
-11
2
19
38
44
42
32
30
51
64
59
55
46
39
39
42
43
34
37
38
27
20
20
26
25
18
12
3
-9
-14
-12
-6
2
3
4
2
1
-3
-4
2
1
-6
-11
-16
-31
-36
-31
-27
-24
-22
-14
0
13
9
6
4
12
14
8
2
-3
2
11
19
27
31
21
10
11
17
24
10
5
5
12
22
21
31
47
53
41
40
45
49
44
37
42
36
35
43
37
35
27
18
5
-8
-11
-25
-32
-38
-54
-69
-80
-74
-60
-40
-17
-4
4
2
-4
-9
-3
-2
-14
-29
-30
-18
1
9
8
13
11
10
3
-4
-17
-30
-29
-30
-24
-21
-19
-1
9
10
12
3
-5
-13
-18
-14
-16
-22
-39
-45
-35
-27
-17
-13
-21
-30
-47
-49
-55
-59
-52
-42
-28
-11
3
3
-1
-10
-21
-34
-37
-27
-29
-19
-8
-1
8
10
6
-1
-10
-14
-22
-28
-19
-2
11
23
44
61
71
73
60
51
44
34
33
20
5
9
12
14
33
53
58
47
26
13
4
2
5
12
30
41
50
58
72
81
79
75
59
43
35
30
18
5
0
5
17
29
33
21
11
14
8
5
-4
-11
-8
-16
-32
-49
-59
-57
-57
-63
-66
-70
-69
-62
-47
-33
-28
-25
-19
-1
17
26
22
15
13
19
42
53
44
35
35
32
21
24
20
-1
-20
-26
-25
-28
-28
-28
-30
-20
-21
-23
-30
-35
-18
-8
5
12
11
-3
-27
-31
-30
-35
-34
-33
-52
-53
-48
-59
-71
-67
-57
-50
-39
-45
-39
-22
-11
5
17
22
22
13
10
9
3
-1
-4
-2
1
-11
-2
21
25
25
33
44
57
53
28
15
6
6
9
10
9
5
10
17
29
17
16
36
35
27
10
-16
-36
-39
-38
-28
-17
-9
2
9
20
27
16
-2
1
14
30
46
58
56
56
64
59
45
34
13
-9
-19
-21
-6
25
39
40
44
33
25
24
18
15
1
-12
-18
-26
-21
-10
-2
-1
8
16
17
8
-11
-19
-27
-35
-52
-65
-66
-64
-51
-34
-30
-26
-12
1
12
5
1
2
9
16
12
10
8
7
10
6
8
10
6
4
10
24
24
17
24
32
38
31
23
18
14
2
-4
-4
1
-2
-14
-12
-1
0
-10
-3
7
4
-5
-26
-47
-62
-73
-61
-53
-56
-50
-44
-40
-43
-43
-34
-30
-31
-30
-27
-32
-33
-33
-26
-21
-27
-40
-42
-30
-22
-11
3
17
19
30
33
25
30
31
31
27
26
27
36
45
29
19
8
6
6
1
20
30
33
31
26
24
21
30
42
37
23
0
-7
-2
-7
-12
0
20
25
34
40
34
22
9
5
14
24
19
8
3
1
-1
14
20
26
32
24
19
2
-9
-13
-17
-21
-19
-18
-21
-18
-13
-5
-3
-4
-6
-3
-5
-3
2
-3
-5
-8
-2
3
0
-1
-9
-12
-17
-18
-15
-17
-11
-6
3
9
6
2
-5
1
1
1
-10
-27
-29
-25
-20
-11
-7
1
16
26
33
35
45
31
17
4
-6
-7
-7
-10
-12
-14
-12
-12
-5
14
18
12
-3
-13
-22
-27
-21
-12
-9
-6
-6
-16
-21
-20
-12
-1
-2
-5
-5
-4
-8
-27
-28
-24
-26
-29
-24
-7
-7
3
11
7
0
0
7
-2
-13
-23
-19
-10
-4
5
14
14
17
19
16
13
14
12
4
-5
-10
-10
-14
-13
-23
-30
-36
-37
-39
-31
-12
-17
-10
-4
7
17
17
17
8
3
6
0
4
21
41
41
41
32
22
32
34
34
28
20
14
18
29
24
22
21
12
25
26
21
31
32
23
9
7
19
30
34
26
26
26
22
25
22
26
22
7
4
12
8
-7
-15
-27
-34
-40
-36
-18
0
12
13
5
-15
-26
-34
-44
-53
-57
-54
-46
-36
-28
-29
-26
-12
-1
-7
-25
-31
-26
-24
-24
-24
-20
-8
8
17
35
43
37
32
20
7
-6
-7
0
2
-1
-5
-10
-13
-13
-6
-1
-15
-21
-21
-13
-8
-25
-24
-19
-22
-19
-16
-4
10
19
14
7
-3
-7
8
27
31
35
33
22
14
9
9
9
6
1
-5
-8
-8
-7
9
21
18
15
6
-8
-18
-9
-4
-2
1
-9
-17
-27
-40
-44
-35
-31
-49
-58
-55
-46
-34
-31
-29
-16
-7
-3
4
6
6
6
8
16
27
33
40
51
64
65
59
63
66
59
61
69
66
60
53
38
36
32
27
19
1
-13
-26
-28
-30
-35
-34
-34
-26
-16
-12
-6
-3
0
-1
0
7
15
12
3
-6
-13
-25
-38
-33
-20
-8
11
15
7
-2
-10
-12
-14
-13
-8
0
14
26
37
41
42
42
30
14
4
-7
5
10
9
16
3
-7
-13
-14
-19
-23
-13
-11
-9
-5
-21
-25
-21
-13
-4
-11
-13
-10
-11
-15
-20
-15
-10
0
7
-5
-6
-16
-31
-41
-59
-65
-70
-69
-67
-70
-61
-54
-47
-44
-37
-24
-24
-28
-19
-8
3
10
13
15
16
15
18
16
14
24
34
48
48
35
26
23
27
29
36
47
44
36
23
13
8
12
21
23
33
35
35
32
29
32
28
40
54
52
41
31
27
25
20
7
-1
-4
-11
-10
-12
-16
-13
-9
-4
-9
-22
-37
-36
-17
-13
-22
-24
-8
10
19
20
21
15
11
-1
-11
-21
-29
-28
-30
-18
-4
-5
-15
-21
-37
-50
-49
-37
-28
-14
3
16
23
6
0
-6
-8
4
15
26
31
23
6
3
13
11
15
16
12
19
28
22
20
17
8
-6
-16
-2
6
8
10
19
29
33
38
27
15
-7
-29
-31
-29
-30
-41
-34
-18
-13
-8
-2
4
-11
-33
-51
-58
-64
-67
-54
-41
-33
-27
-20
-7
-9
-16
-9
-2
-5
-13
-11
-5
6
7
1
0
8
21
21
18
16
15
17
16
16
19
19
20
30
38
41
41
29
16
14
9
5
10
20
24
27
27
18
5
7
12
10
6
6
9
7
9
8
6
10
5
4
5
2
-9
-19
-30
-43
-52
-53
-47
-38
-31
-37
-41
-34
-20
-20
-14
-3
2
-7
-11
0
12
27
37
54
61
53
48
38
23
10
4
6
9
5
3
12
9
9
4
-2
-3
-7
-8
-17
-20
-15
-10
-10
-14
-16
-25
-29
-21
-16
-1
17
26
36
47
42
33
22
15
13
3
-3
-6
-9
-7
-1
6
8
-3
-8
-2
2
-5
-27
-32
-34
-29
-20
-20
-18
-26
-29
-23
-11
-6
-1
10
9
13
11
14
23
20
18
10
1
-3
0
-5
-4
0
-7
-11
-9
-3
-6
-15
-13
-9
2
10
6
0
1
8
16
25
21
17
20
15
14
23
12
-2
-12
-23
-23
-28
-38
-41
-40
-34
-32
-31
-32
-35
-35
-36
-39
-39
-38
-30
-22
-12
-5
-7
3
6
12
24
34
44
47
44
39
32
29
25
16
15
17
16
19
24
25
21
15
4
-15
-20
-8
21
46
42
34
26
27
26
24
26
26
30
21
20
33
42
46
33
30
21
4
-6
-21
-37
-51
-62
-70
-66
-49
-52
-51
-40
-32
-23
-23
-27
-25
-18
-5
1
-3
-9
-8
12
29
40
36
33
38
24
14
4
-8
-7
-13
-12
5
16
29
38
40
43
36
20
3
-3
-4
3
16
15
10
4
-8
-14
-23
-28
-30
-35
-32
-41
-53
-63
-68
-59
-49
-47
-52
-46
-36
-34
-36
-37
-35
-26
-11
0
11
15
6
21
50
65
76
76
64
48
38
33
29
27
16
13
16
20
21
16
21
12
-7
-19
-25
-32
-30
-26
-25
-19
-20
-10
0
7
-1
-15
-30
-32
-31
-30
-18
-10
-4
-4
5
20
24
29
34
27
21
22
25
21
21
17
7
9
12
17
19
26
38
36
31
27
27
17
-6
-21
-21
-20
-24
-17
-14
-17
-10
-5
-8
-19
-24
-27
-43
-48
-52
-59
-54
-36
-16
-6
-6
-22
-30
-27
-22
-3
13
25
32
38
47
48
56
61
55
44
32
35
44
43
38
43
45
43
48
42
32
29
21
15
9
8
0
-8
5
18
23
19
17
17
-2
-15
-18
-29
-47
-55
-58
-66
-72
-79
-81
-80
-72
-72
-73
-78
-89
-93
-95
-82
-63
-50
-39
-24
-18
-19
-25
-22
-23
-29
-20
-21
-21
-15
-8
1
13
38
56
77
87
87
84
74
67
57
50
43
44
59
75
77
76
78
77
70
55
42
20
1
-8
-13
-10
2
15
28
22
14
2
-7
-5
-5
-6
-14
-33
-49
-57
-51
-41
-18
3
2
6
1
-5
-10
-14
-10
-14
-10
-6
-7
-19
-30
-32
-24
-12
-3
7
8
12
22
25
26
25
15
1
-11
-20
-19
-15
-17
-27
-26
-16
-3
10
11
5
-9
-12
-8
-14
-37
-43
-44
-30
-15
-4
16
19
28
31
20
12
3
-7
-20
-31
-24
-12
-11
-2
7
16
19
11
9
-3
-17
-28
-33
-26
-17
-12
-11
0
6
10
18
21
20
27
23
19
17
6
1
2
2
3
13
20
21
26
26
23
30
44
38
28
12
-7
-19
-33
-29
-26
-14
3
23
32
41
34
13
-11
-30
-33
-39
-35
-34
-23
-15
-13
-6
6
20
14
16
25
20
11
7
9
5
-3
-1
3
0
5
16
17
17
13
10
5
2
-1
-12
-26
-46
-60
-61
-49
-35
-35
-27
-7
9
21
14
-5
-18
-22
-17
-11
-5
1
0
5
14
22
28
31
33
30
20
7
-3
-3
-13
-17
-10
-2
-4
-17
-14
-11
-6
-1
1
5
6
11
10
11
17
21
21
12
-11
-29
-35
-26
-12
-2
8
11
16
4
-14
-12
-8
1
7
20
25
28
37
39
38
29
23
7
-15
-29
-29
-33
-35
-24
-12
1
10
12
7
-6
-14
-13
-9
-14
-20
-16
-2
4
3
2
0
5
20
35
42
42
50
47
36
37
34
32
28
17
10
3
-5
-3
6
9
11
4
-1
-7
-31
-59
-72
-69
-55
-51
-44
-40
-27
-13
2
5
-8
-6
-16
-20
-19
-8
5
3
13
11
7
8
6
3
0
8
10
9
8
12
17
16
14
11
8
0
-10
-8
-12
-30
-32
-33
-34
-35
-34
-35
-39
-37
-28
-25
-36
-36
-34
-31
-17
7
27
41
48
42
41
41
37
27
15
13
21
39
47
33
21
9
-1
11
27
41
36
25
29
24
21
16
17
21
22
20
2
-5
-6
-10
-12
-11
-7
-9
-4
-1
-8
-3
5
11
13
5
-9
-14
-14
-3
4
7
11
4
-1
3
13
15
5
-2
-6
-11
-6
-3
-6
-2
-2
3
9
14
17
8
-1
-5
-7
-9
-11
-19
-34
-41
-53
-64
-61
-65
-53
-42
-36
-27
-27
-24
-17
-15
-5
-7
-20
-22
-23
-21
-17
-17
-19
-10
2
8
-6
-16
-19
-15
-1
13
24
25
38
45
46
39
32
37
29
34
41
38
40
44
50
52
50
49
41
24
9
-3
-17
-9
1
7
2
0
5
9
15
9
3
-6
-13
-12
-19
-24
-24
-16
-12
-21
-26
-34
-33
-31
-31
-24
-12
0
8
19
21
20
16
6
4
3
2
2
-1
3
15
25
36
29
20
19
13
12
-1
-12
-23
-31
-30
-34
-28
-22
-13
-9
-9
-5
-6
10
15
2
-10
-14
-19
-12
-14
-23
-27
-33
-33
-31
-23
-24
-23
-5
-2
-5
-13
-10
7
12
-1
-15
-23
-24
-18
1
14
23
31
32
34
30
31
33
36
34
27
32
45
51
40
30
25
22
27
24
16
10
7
7
8
9
10
10
-10
-31
-41
-37
-23
-24
-26
-36
-37
-30
-26
-25
-23
-12
-4
-7
-12
-12
-20
-23
-25
-16
5
9
4
-9
-12
1
16
24
29
33
38
36
27
23
25
28
27
23
13
3
-5
2
10
7
-12
-34
-37
-37
-26
-11
-7
-8
-3
-3
-17
-32
-32
-18
-9
-8
-17
-20
-15
-10
-4
-4
-9
-8
-1
4
6
5
-1
-7
-12
-8
-7
-13
-8
-8
-7
-12
-11
-5
1
7
3
13
19
26
42
45
45
35
19
12
7
9
8
10
20
28
44
44
29
14
6
0
-3
-5
-8
-9
-6
2
15
27
27
25
26
12
-2
-8
-16
-26
-33
-36
-36
-35
-37
-39
-36
-31
-26
-24
-22
-27
-33
-32
-30
-21
-11
-3
8
16
20
29
36
33
38
36
24
12
4
15
22
20
20
21
11
-12
-26
-24
-16
-6
-2
-1
-2
-4
-5
-10
-23
-26
-19
-5
9
18
24
23
25
24
30
27
14
-3
-4
1
4
3
-3
-4
-2
3
-4
2
-1
-12
-15
-15
-9
-7
0
4
5
-6
-20
-29
-28
-19
-13
-7
-11
-14
-9
-6
-8
-17
-22
-33
-39
-44
-46
-40
-40
-36
-37
-26
-8
-12
-23
-23
-14
2
19
35
44
40
33
17
7
3
4
17
20
23
26
29
31
32
43
50
55
64
65
59
51
33
24
22
19
26
23
20
31
39
42
34
17
2
-9
-8
-9
-13
-23
-28
-28
-29
-24
-24
-19
-15
-10
-3
-9
-8
-8
-16
-18
-21
-17
-22
-35
-36
-31
-30
-29
-17
-6
3
8
-3
-10
-17
-27
-29
-27
-27
-30
-27
-15
-9
-7
-5
-5
-7
-1
1
1
3
2
4
5
7
0
-15
-12
5
1
-3
2
15
24
35
39
38
33
24
18
11
5
-4
-12
-4
8
14
16
11
0
2
-6
-10
-6
-6
0
-3
-5
-4
-9
-15
-21
-19
-19
-17
-9
-11
-18
-24
-25
-24
-32
-34
-32
-29
-20
-13
-10
3
17
26
29
22
25
23
15
12
5
7
23
30
19
17
18
21
29
33
32
19
13
15
14
28
42
44
41
38
51
67
67
60
65
54
25
-6
-22
-31
-51
-59
-55
-37
-24
-24
-23
-12
-9
-28
-53
-63
-68
-73
-70
-61
-49
-35
-24
-14
-10
-12
-9
-2
10
14
9
7
5
5
1
-8
1
20
20
15
14
20
14
9
18
22
19
19
20
29
35
32
26
17
12
3
-1
-2
-5
-14
-18
-7
4
4
-5
-13
-17
-10
-6
0
-1
-5
-2
1
3
-5
-6
-3
11
17
7
-3
-20
-20
-14
-21
-23
-29
-39
-43
-37
-27
-25
-21
-20
-35
-32
-28
-19
-9
-3
7
8
15
11
7
4
2
-7
-23
-27
-22
-6
11
21
27
34
44
43
39
41
31
18
16
17
23
25
24
29
33
18
15
22
30
25
19
15
-2
-2
1
1
13
30
39
35
23
9
-3
-3
8
15
5
-25
-41
-46
-47
-41
-41
-34
-27
-13
-13
-15
-15
-13
-6
0
-2
-17
-27
-23
-11
-9
-6
-3
11
17
14
15
14
8
10
19
17
7
10
26
36
37
32
22
18
21
22
24
21
7
-6
-13
-11
-5
-4
-9
-13
-10
-5
-4
-5
-9
-12
-8
-15
-28
-33
-25
-27
-30
-22
-16
-18
-16
-21
-33
-35
-30
-29
-36
-33
-25
-21
-18
-27
-30
-27
-21
-10
-9
-7
-11
-19
-18
-6
9
15
16
22
23
20
25
20
17
21
27
38
31
26
31
34
36
27
23
20
28
43
40
31
21
10
-4
-7
-1
-10
-19
-14
-4
-9
-26
-33
-38
-39
-34
-19
-6
2
11
15
14
7
6
-3
0
7
0
-19
-26
-13
2
14
16
29
33
23
23
18
7
3
15
27
25
22
26
30
33
44
39
24
22
21
29
34
31
18
-1
-8
-4
-1
-8
-12
-9
-10
-12
-10
-10
-15
-19
-25
-23
-27
-33
-42
-45
-35
-33
-32
-34
-31
-31
-24
-15
-12
-10
-24
-29
-24
-25
-24
-11
-5
-13
-4
-3
-2
2
1
6
2
-4
1
-4
-6
-9
-15
-17
-10
2
12
13
14
22
14
8
1
-4
-14
-19
-11
-1
8
9
14
11
6
4
12
12
0
-5
-4
0
8
19
30
37
30
27
28
19
8
0
-4
-9
-6
-3
0
13
4
-8
0
7
14
18
13
13
9
4
9
12
5
2
12
11
1
-10
-14
-3
9
22
17
-5
-20
-32
-45
-50
-47
-38
-33
-21
-9
-7
-9
-11
-12
-22
-26
-31
-32
-24
-17
-1
13
19
18
22
40
48
50
45
41
48
44
41
38
34
37
38
46
39
33
33
34
28
24
23
19
15
11
12
16
21
23
20
11
2
-15
-24
-29
-32
-30
-45
-60
-71
-71
-65
-60
-57
-57
-57
-44
-29
-27
-32
-41
-34
-29
-27
-21
-24
-27
-35
-34
-22
-13
-2
3
11
14
15
9
15
31
23
20
25
18
12
9
12
19
19
11
3
0
12
26
22
14
8
0
-10
-4
7
1
4
13
24
28
22
25
25
26
23
-1
-8
-11
-21
-25
-13
-7
-13
-13
-15
-14
-16
-15
-17
-13
-3
-2
-7
-18
-20
-16
-19
-13
-13
-15
-17
-16
5
4
-12
-11
-6
-1
2
9
18
31
37
41
42
25
10
9
12
20
30
30
40
46
55
58
53
63
59
52
49
35
28
17
14
16
18
18
11
12
8
8
7
3
-2
-27
-43
-46
-43
-38
-35
-29
-23
-19
-16
-20
-22
-31
-36
-32
-34
-37
-44
-50
-46
-48
-46
-40
-36
-38
-38
-46
-61
-58
-47
-31
-20
-9
0
-7
-20
-22
-14
-8
1
2
-1
6
12
20
22
17
13
14
24
29
41
50
45
40
32
30
26
33
43
40
43
55
54
43
28
19
10
1
-6
-15
-19
-23
-11
3
12
25
28
20
11
-2
-15
-18
-16
-17
-26
-26
-21
-26
-24
-10
-2
-13
-24
-27
-26
-32
-36
-24
-19
-17
-15
-14
-24
-32
-29
-26
-23
-30
-34
-30
-13
10
23
32
43
50
47
47
44
29
26
37
44
51
54
63
67
62
57
47
46
38
24
17
-1
-12
-18
-16
-11
-1
2
-7
-10
-8
-12
-26
-36
-33
-32
-36
-36
-36
-33
-30
-33
-38
-37
-33
-43
-57
-56
-51
-43
-26
-16
-13
-6
-1
4
7
10
22
28
27
23
23
20
19
18
11
10
13
12
11
10
21
27
22
24
22
21
9
-12
-23
-26
-27
-28
-21
-12
7
29
39
41
39
39
43
35
27
12
-6
-15
-25
-24
-18
-5
-2
-11
-21
-30
-36
-30
-22
-17
-18
-20
-16
-21
-30
-28
-37
-43
-52
-57
-57
-63
-53
-30
-10
-1
0
6
17
23
26
31
46
59
60
52
35
28
43
49
56
66
65
54
46
47
47
42
35
26
14
9
9
12
11
7
1
-7
-13
-14
-12
-1
-1
-15
-17
-16
-11
-10
-22
-26
-36
-46
-46
-49
-56
-47
-35
-27
-27
-33
-41
-46
-54
-53
-46
-48
-33
-29
-32
-25
-10
7
8
11
4
-7
0
15
33
41
48
43
32
15
-6
-10
-7
-4
-8
-10
-4
9
24
40
54
56
55
52
46
47
48
54
51
41
34
36
49
44
35
31
28
30
18
11
2
-3
-1
-16
-31
-37
-37
-36
-35
-18
-6
-5
-4
-16
-36
-50
-44
-37
-36
-29
-31
-39
-33
-20
-14
-17
-17
-17
-27
-32
-31
-37
-41
-19
-1
-7
-13
-10
3
7
1
1
2
0
-1
-11
-15
-4
4
10
14
34
50
46
38
36
26
14
13
11
15
24
33
38
24
10
-2
-16
-10
-7
-20
-34
-29
-9
1
4
6
9
11
4
-2
-4
-13
-13
-10
-22
-30
-25
-29
-35
-26
-9
-3
-5
-2
-7
-6
-2
-6
-5
-16
-9
-10
-24
-16
-5
11
23
26
31
26
27
23
10
12
13
21
34
51
70
68
51
41
28
9
11
23
27
23
21
12
-1
-4
-6
-2
-5
-9
-19
-21
-12
-10
-10
-11
-14
-17
-22
-19
-17
-16
-10
7
2
-14
-14
-23
-30
-41
-43
-37
-45
-49
-55
-55
-41
-18
2
16
18
4
-13
-29
-39
-30
-17
-11
3
17
33
44
41
38
34
38
33
31
31
22
24
31
33
29
26
26
36
45
38
32
19
7
1
-12
-18
-3
9
14
16
15
15
13
16
21
13
-3
-16
-40
-56
-47
-50
-53
-56
-64
-67
-72
-66
-51
-44
-40
-48
-43
-31
-31
-31
-28
-8
3
3
-1
-16
-29
-30
-20
-8
8
13
22
35
38
39
45
37
20
14
13
13
20
40
49
43
38
51
61
53
36
21
12
6
3
8
14
11
14
27
42
55
48
35
31
33
24
9
5
4
7
5
10
11
11
14
3
-9
-19
-23
-25
-26
-35
-43
-48
-53
-55
-58
-54
-41
-39
-49
-57
-54
-38
-24
-16
-17
-23
-24
-27
-30
-30
-20
-8
0
14
20
19
24
21
29
40
52
68
65
62
65
62
62
43
19
5
-3
-9
-10
-10
-15
-21
-24
-25
-17
-8
-13
-19
-17
-28
-26
-20
-24
-43
-52
-45
-35
-25
-22
-16
-12
2
13
12
16
14
16
26
22
23
25
17
22
11
1
-7
-9
-1
0
1
-1
4
-1
-17
-23
-27
-32
-21
-15
-10
-3
1
11
17
33
38
29
35
48
55
59
58
62
67
67
55
31
21
3
-8
4
16
16
5
-1
-8
-12
-13
-14
-12
-7
-14
-16
-27
-42
-41
-37
-32
-40
-49
-48
-43
-38
-40
-49
-55
-59
-54
-39
-45
-61
-77
-82
-82
-74
-50
-40
-22
-4
4
13
18
12
28
42
52
51
46
59
61
59
53
49
37
29
20
15
22
17
8
3
5
14
30
46
53
52
57
51
54
55
36
25
18
4
-3
-3
-6
3
17
26
19
8
3
-10
-3
-1
-6
-15
-16
-16
-19
-6
14
23
16
12
2
-3
-12
-17
-22
-30
-27
-30
-31
-23
-17
-19
-25
-20
-24
-29
-29
-24
-9
-7
-10
-22
-30
-39
-35
-24
-16
1
10
14
17
18
25
21
29
38
20
6
-4
0
1
-9
-12
-12
-23
-34
-36
-34
-30
-29
-27
-30
-32
-28
-33
-28
-22
-23
-17
-4
7
12
21
35
44
40
23
1
-10
-21
-19
-5
4
12
25
35
38
35
30
21
21
30
30
20
7
-1
-2
2
0
-1
-6
-4
-5
-7
-6
-21
-38
-49
-39
-33
-34
-39
-40
-21
-4
7
15
17
22
22
21
28
31
31
29
24
28
30
27
28
24
31
43
40
30
38
43
34
31
37
34
22
13
3
1
10
22
26
25
18
4
2
0
-6
-20
-30
-36
-52
-59
-49
-43
-41
-29
-23
-12
2
10
3
-5
-12
-16
-19
-22
-16
-6
1
0
2
8
2
-9
-15
-17
-26
-30
-27
-16
2
17
29
26
29
24
17
3
-9
-5
-15
-26
-25
-22
-19
-16
-23
-22
-23
-19
-16
-18
-17
-17
-14
-7
-7
-11
-13
-10
-6
-9
-10
-4
-7
-22
-32
-39
-37
-32
-27
-13
-12
-16
-21
-22
-16
-10
0
17
24
21
20
24
24
32
40
45
55
64
60
48
42
32
35
48
45
34
21
20
27
28
18
5
-5
2
7
15
20
11
1
-18
-28
-25
-27
-27
-32
-38
-32
-23
-6
11
20
16
18
24
28
35
33
29
31
37
33
29
23
17
18
12
5
0
5
13
19
19
20
24
20
7
-13
-41
-47
-45
-47
-56
-65
-64
-62
-55
-44
-47
-48
-52
-59
-48
-32
-16
-5
3
-1
0
5
1
2
2
4
15
34
38
33
24
13
20
26
30
26
16
8
-10
-22
-17
-8
-11
-19
-31
-30
-14
-6
12
32
39
40
28
18
-3
-20
-24
-26
-20
-5
4
7
12
12
8
1
-2
1
-6
-3
2
3
7
15
19
4
-5
2
9
6
-1
-9
-13
-9
-9
-16
-16
-13
-24
-40
-53
-49
-35
-24
-8
-2
9
18
13
4
2
7
-1
-8
-7
-6
1
10
19
21
25
24
29
46
55
58
58
55
50
37
25
14
7
3
-3
-7
-6
3
9
8
-2
2
4
0
-10
-20
-23
-24
-20
-17
-19
-10
2
-1
-8
-29
-42
-35
-23
-10
-2
1
3
3
9
11
11
13
12
6
-3
1
7
9
17
20
18
15
14
8
13
22
21
12
6
-9
-23
-33
-36
-32
-32
-24
-19
-16
-10
-12
-8
-1
3
10
5
-4
-11
-7
-11
-6
4
-4
-4
-1
-9
-12
-6
5
-5
-11
-6
-2
0
1
1
-7
-5
7
12
19
18
20
15
1
-3
-11
-23
-24
-17
-13
-10
-3
7
14
13
21
32
23
7
-9
-17
-25
-21
-4
7
17
23
18
5
-4
-12
-15
-9
1
0
-11
-9
-4
3
6
7
8
0
3
8
13
3
-15
-22
-24
-18
-7
2
17
33
35
31
18
6
4
3
4
7
-2
0
11
16
21
6
-7
-12
-23
-38
-51
-44
-33
-20
-6
1
-10
-21
-20
-24
-32
-29
-21
-13
2
9
13
12
21
42
47
52
47
34
30
17
21
14
8
19
16
18
13
7
9
12
17
17
21
24
18
19
21
26
26
22
26
26
17
3
-10
-15
-13
-7
-13
-16
-7
-4
0
6
5
-3
-2
-5
-23
-40
-47
-46
-44
-39
-35
-28
-19
-20
-26
-31
-41
-38
-36
-42
-47
-41
-29
-32
-36
-35
-31
-16
-2
-2
-6
-3
-4
5
19
23
17
15
26
37
48
50
55
60
54
45
37
34
29
16
3
-8
-17
-26
-33
-36
-29
-15
-5
7
14
11
8
6
9
17
14
6
4
8
9
7
7
4
3
0
-2
5
14
19
15
5
-10
-24
-30
-27
-29
-28
-28
-29
-44
-51
-46
-39
-35
-41
-39
-35
-29
-18
-1
20
36
57
67
61
58
53
40
36
44
39
33
41
51
47
48
58
48
36
27
26
25
23
16
-1
-24
-46
-54
-45
-36
-30
-21
-8
-10
-15
-13
-18
-22
-19
-18
-20
-25
-30
-29
-25
-12
-1
7
15
13
17
24
25
24
24
14
4
-1
-11
-13
-5
-4
-2
-7
-11
-14
-25
-45
-53
-50
-54
-59
-57
-51
-43
-35
-23
-5
5
17
22
21
29
31
33
36
33
33
27
23
31
40
40
43
41
35
38
35
17
14
8
-8
-16
-24
-29
-32
-20
-8
-5
-10
-8
-3
-8
-22
-28
-32
-40
-52
-56
-58
-51
-33
-19
-9
-4
-5
-1
8
20
22
16
10
0
-13
-15
-13
-9
3
20
23
22
17
11
8
2
0
-3
-10
-5
12
