7
5
5
-10
-15
-14
-8
0
8
21
35
33
23
25
12
-5
-12
-15
6
34
57
76
79
84
71
50
26
7
13
9
0
-3
-7
-12
-20
-23
-26
-23
-15
-4
15
32
38
39
26
14
-1
-20
-33
-40
-31
-27
-14
3
14
30
36
39
23
-4
-23
-27
-23
-24
-10
10
20
15
5
6
17
12
12
11
3
10
14
9
-4
-11
-14
-27
-35
-42
-28
-16
-3
12
0
-18
-29
-33
-41
-42
-32
-31
-17
2
0
-6
-15
-26
-33
-37
-39
-41
-39
-34
-20
7
33
37
48
49
27
11
-6
-6
-9
-10
-18
-26
-23
-27
-26
-21
-2
24
35
40
38
48
49
40
34
18
14
2
-8
-8
2
14
26
39
46
43
33
21
14
21
22
15
10
7
0
-9
-10
-2
10
2
-12
-25
-35
-45
-59
-53
-52
-49
-51
-56
-56
-49
-26
-16
2
4
4
3
0
18
16
19
22
13
7
-9
-4
5
6
18
33
36
18
-2
-20
-33
-55
-69
-63
-51
-29
-7
10
22
16
9
20
38
64
81
89
99
97
94
95
88
86
72
69
70
65
55
39
39
12
-20
-30
-26
-26
-40
-54
-71
-66
-47
-42
-39
-38
-42
-47
-42
-43
-46
-40
-30
-15
-8
-19
-28
-34
-33
-36
-29
-20
-20
-19
-21
-23
-29
-35
-35
-28
-21
-32
-35
-28
-33
-22
9
31
40
34
26
33
38
33
32
34
33
25
14
7
9
17
41
53
57
49
42
37
24
25
18
10
-4
-17
-33
-40
-36
-40
-34
-36
-46
-66
-85
-75
-59
-48
-44
-31
-23
-13
5
11
3
-14
-11
1
6
8
10
17
10
5
17
27
34
44
56
62
52
42
37
24
15
13
13
7
-3
5
13
16
27
24
17
9
4
6
-4
-12
-5
12
15
24
39
38
31
28
30
25
24
29
33
26
7
-8
-14
-13
-14
-1
7
-1
-11
-17
-21
-36
-36
-37
-51
-56
-54
-41
-34
-32
-32
-28
-30
-32
-42
-52
-49
-46
-43
-58
-62
-49
-29
-19
-1
22
18
7
2
3
-4
5
21
28
31
27
46
56
36
34
31
14
-1
4
7
3
0
12
31
28
23
22
35
32
23
35
38
31
27
37
44
48
58
68
59
49
55
55
51
43
28
4
-21
-40
-52
-53
-51
-43
-43
-49
-56
-48
-38
-40
-45
-52
-65
-86
-92
-89
-83
-66
-42
-26
-16
-8
-12
-29
-38
-45
-50
-50
-41
-20
-15
-12
-14
-10
-7
-21
-26
-33
-42
-40
-29
-12
7
31
54
73
83
78
88
87
82
81
72
66
55
53
54
48
39
28
30
36
37
38
36
40
30
13
0
-15
-25
-39
-30
-24
-21
-19
-19
-24
-17
4
5
9
14
12
14
14
14
2
-10
-15
-28
-24
-26
-34
-23
-17
-2
20
37
38
36
30
19
7
-3
-9
-9
3
13
33
53
62
58
57
60
54
51
41
38
34
32
40
41
45
52
57
65
62
59
52
25
-17
-43
-55
-71
-90
-104
-105
-99
-90
-91
-98
-111
-133
-147
-163
-179
-186
-184
-187
-199
-203
-194
-182
-162
-142
-126
-97
-73
-56
-49
-39
-25
-9
15
14
5
14
36
54
70
99
126
162
183
204
207
194
200
193
178
154
149
148
139
151
172
186
178
167
155
139
133
141
135
110
73
31
-2
-32
-44
-44
-39
-49
-57
-54
-63
-77
-78
-57
-44
-46
-50
-54
-67
-84
-111
-126
-112
-105
-97
-93
-93
-94
-99
-112
-129
-126
-130
-126
-113
-103
-77
-55
-30
-21
-19
-7
-7
-7
-19
-26
-16
5
17
26
46
44
32
29
31
23
13
19
36
38
54
65
67
75
79
90
73
63
63
59
52
50
51
43
46
52
53
66
72
72
80
77
71
61
45
27
6
2
10
21
32
36
24
7
3
-3
-5
1
7
-11
-21
-17
-31
-46
-51
-56
-71
-86
-102
-108
-95
-86
-85
-77
-84
-107
-107
-104
-115
-120
-119
-118
-104
-80
-75
-60
-40
-17
5
8
9
3
3
-10
-11
-17
-25
-2
30
54
54
55
58
66
84
90
94
76
55
54
61
59
43
28
28
25
22
30
25
17
28
55
65
65
69
56
40
33
10
-6
-13
-11
12
12
3
3
10
24
26
32
34
12
-14
-16
-3
-13
-25
-12
-5
-5
8
17
9
-11
-16
-3
5
-8
-23
-29
-29
-16
-5
7
4
-4
-9
-11
-4
-10
-15
-15
-31
-51
-62
-56
-44
-14
11
26
31
16
27
33
25
10
-11
-26
-39
-30
-16
-16
-17
-18
-19
-6
-4
-11
-25
-41
-49
-47
-32
-25
-32
-35
-33
-24
-18
-2
17
22
22
21
16
17
13
5
10
8
-4
4
32
50
48
47
35
20
21
34
32
12
-9
-7
5
20
39
41
42
38
28
14
6
-2
-10
-17
-25
-22
-8
12
23
18
12
8
-1
-7
-17
-35
-42
-32
-18
-14
-14
-4
-16
-44
-62
-58
-35
-19
-29
-48
-68
-81
-65
-32
-27
-53
-72
-69
-60
-40
-22
-19
-4
1
9
17
24
38
38
38
31
33
40
46
57
57
41
36
31
55
90
92
78
61
60
62
70
80
66
43
38
38
29
41
52
49
50
51
42
21
-10
-36
-55
-58
-46
-26
-13
-13
-6
-9
-27
-27
-26
-33
-31
-40
-51
-59
-56
-31
0
20
15
7
1
-9
-10
-13
-23
-55
-80
-85
-85
-72
-62
-53
-32
-13
9
13
15
17
7
-4
-18
-6
6
11
25
36
34
23
43
47
23
9
12
6
-10
6
0
-2
13
16
22
15
8
-9
-32
-37
-44
-42
-36
-24
-15
-17
-6
-7
2
4
6
-1
-14
-4
-2
12
29
25
18
2
7
26
37
44
32
18
-4
-13
9
10
2
6
-1
-2
7
11
13
10
19
30
24
20
5
-14
-40
-65
-42
-24
-7
24
46
49
11
3
-5
-25
-17
-21
-28
-36
-36
-28
-11
10
25
29
3
-27
-43
-50
-52
-58
-39
-13
3
32
50
53
33
8
-12
-22
-1
15
31
34
23
20
18
28
30
24
14
-7
-21
-29
-6
13
21
35
35
30
21
33
47
44
35
22
14
4
11
3
-10
-9
-22
-26
-19
5
10
6
3
-1
-10
-10
-14
-21
-27
-36
-19
10
30
41
57
64
59
67
62
34
2
-30
-63
-77
-63
-41
-31
-33
-33
-23
-20
-21
-23
-34
-59
-69
-62
-58
-39
-28
-14
-7
-14
-24
-33
-28
1
29
37
30
10
-16
-23
-12
-13
-18
-22
-15
-4
-7
-11
-4
3
2
4
3
-6
-10
-7
6
22
34
33
32
38
40
59
54
31
19
14
15
26
43
42
39
34
21
8
-7
-24
-31
-27
-25
-24
-30
-36
-28
-14
-11
-12
-28
-36
-29
-17
0
2
2
-1
-3
-14
-19
-4
3
11
25
18
16
14
9
16
32
33
14
4
-3
-7
-12
-12
-2
5
21
34
36
38
42
37
39
34
17
9
17
27
34
42
31
17
7
0
5
-1
-5
4
9
0
-12
-22
-40
-44
-44
-43
-43
-44
-35
-16
-1
-1
2
-2
0
0
-18
-35
-42
-42
-21
7
24
34
37
30
15
16
6
-7
-21
-40
-39
-29
-24
-17
-4
6
20
24
16
6
0
-14
-11
-6
-16
-30
-20
-9
3
18
13
6
7
19
21
-1
-16
-20
-22
-21
-16
-20
-29
-18
-10
-14
-22
-25
-33
-38
-25
-12
-10
-8
-9
-10
-11
-17
-19
-18
-6
20
30
30
23
13
10
11
21
20
8
1
10
20
30
42
52
52
36
23
8
1
12
15
22
23
21
20
13
16
19
14
27
29
24
19
9
-2
-20
-30
-30
-38
-48
-43
-37
-31
-33
-33
-27
-27
-14
9
8
3
12
18
20
33
40
42
55
55
63
65
62
61
57
57
55
42
24
8
-5
-10
-5
-13
-20
-37
-55
-56
-52
-46
-44
-47
-45
-43
-41
-37
-38
-45
-46
-35
-34
-38
-32
-23
4
27
32
27
9
-11
-26
-32
-41
-43
-26
-12
-3
4
4
4
16
31
30
18
1
-16
-21
-25
-24
-13
5
13
19
32
37
32
37
28
12
11
3
-3
-7
4
9
23
40
50
56
50
34
9
-11
-17
-15
-21
-23
-28
-26
-21
-28
-20
-25
-24
-16
-19
-20
-21
-19
-7
-8
-20
-22
-22
-23
-24
-16
-14
-1
15
22
32
25
8
-4
-16
-27
-36
-29
-8
7
25
32
22
26
23
27
36
22
19
17
16
22
18
7
1
-1
-6
1
-1
-4
10
18
25
35
25
18
23
16
20
23
25
27
21
12
26
33
34
38
25
15
-2
-13
-27
-38
-42
-37
-25
-16
-19
-26
-18
-15
-12
-4
-6
-13
-18
-17
-9
8
11
16
15
11
14
7
-5
-5
-14
-24
-26
-29
-26
-19
-11
-6
1
-2
3
-6
-19
-28
-42
-49
-52
-53
-42
-26
-14
-5
0
-2
-1
4
8
20
12
7
7
11
25
41
58
71
77
70
59
40
25
11
1
-7
-24
-37
-36
-41
-49
-54
-60
-61
-53
-35
-25
-12
-12
-12
-14
-13
2
1
1
0
7
17
18
19
26
22
14
6
13
17
5
2
3
6
9
14
11
4
8
13
16
21
20
19
21
15
5
-4
-19
-28
-21
-27
-31
-33
-37
-29
-16
-1
4
11
19
28
38
46
51
43
34
26
16
20
21
20
28
28
30
41
44
33
21
6
-4
3
6
0
-11
-25
-39
-51
-45
-34
-24
-21
-16
-15
-24
-27
-31
-21
-14
-9
-7
-9
0
4
26
33
40
43
33
46
48
50
38
20
13
7
10
4
1
-9
-13
-8
-16
-13
-24
-34
-38
-46
-43
-48
-50
-42
-33
-35
-45
-43
-41
-35
-27
-24
-29
-27
-22
-17
-8
-6
-10
-13
-13
-19
-17
-15
-17
-15
-15
-7
5
20
21
17
5
3
-3
-7
-3
-10
-2
1
-3
3
5
7
20
31
31
37
41
47
57
74
82
72
74
71
72
68
51
47
51
54
51
39
21
5
-4
1
-6
-17
-31
-38
-51
-58
-60
-64
-58
-48
-29
-39
-44
-52
-67
-65
-60
-49
-47
-43
-37
-17
9
21
31
34
30
33
36
32
28
23
21
19
20
24
35
32
15
-5
-14
-26
-30
-19
-5
4
5
4
-6
-13
-9
-1
18
25
33
26
13
20
21
26
24
27
30
26
22
18
8
-2
0
-3
-11
-10
-5
-1
1
0
-7
-11
-20
-39
-50
-74
-83
-82
-68
-40
-29
-7
3
11
10
-3
-14
-29
-12
5
14
16
19
30
28
33
27
8
3
4
7
2
-3
-4
-6
-8
-9
-13
-31
-38
-31
-23
-9
-6
-3
7
7
7
0
-6
5
13
14
21
31
41
50
59
59
50
32
3
-11
-22
-23
-6
2
4
-1
-10
-9
-16
-18
-6
7
9
11
14
8
5
3
2
7
7
4
10
-2
-9
-10
-13
-3
0
8
18
6
-1
-7
-4
-2
8
13
-1
-8
-15
-7
-3
-9
-13
-22
-22
-23
-29
-31
-23
-13
-4
15
23
32
41
17
4
-10
-22
-3
2
10
15
17
25
37
54
55
56
32
-1
-9
-28
-37
-35
-24
-2
7
7
3
8
-8
-19
-34
-71
-84
-96
-102
-101
-90
-75
-58
-31
0
23
28
26
15
6
3
3
19
30
29
35
35
34
39
48
62
66
63
62
59
60
61
61
62
46
26
13
4
-2
-6
-10
-14
-16
-4
7
14
12
11
6
-7
-10
-13
-8
-17
-21
-18
-20
-23
-17
-13
-16
-13
-15
-6
-9
-10
-13
-17
-9
-9
-3
-14
-33
-35
-37
-35
-30
-22
-15
-10
-11
-13
-23
-30
-27
-27
-32
-32
-19
-7
4
7
2
4
5
6
7
-4
-22
-19
-14
-8
-1
-3
-3
-2
-3
-10
-14
-17
-12
-1
5
9
10
8
25
32
28
26
23
26
23
12
4
9
26
43
48
50
42
30
27
30
26
21
21
22
35
29
16
19
22
29
26
20
7
-8
-15
-23
-26
-31
-32
-22
-14
-10
-12
-26
-29
-23
-15
-15
-21
-25
-18
-13
-18
-17
-17
-16
-16
-13
-1
10
17
18
25
27
26
40
43
42
40
40
37
34
32
30
33
29
25
15
8
2
-1
4
-1
-8
-19
-32
-47
-57
-68
-75
-76
-73
-65
-51
-55
-69
-77
-71
-64
-62
-58
-57
-50
-50
-48
-44
-44
-29
-7
12
21
28
28
32
41
49
56
58
68
76
65
54
61
74
75
77
69
56
51
38
27
21
7
0
1
8
9
13
10
5
12
5
-1
-13
-21
-27
-28
-19
-28
-29
-19
-18
-13
-7
-12
-22
-22
-27
-40
-40
-44
-53
-54
-50
-47
-44
-45
-41
-24
-21
-23
-15
-6
-1
7
17
13
15
25
32
40
40
46
57
64
59
52
45
32
29
23
20
20
26
26
29
38
34
33
31
22
14
7
7
7
10
7
2
-6
-7
-6
-11
-19
-19
-7
-1
-8
-17
-17
-11
-12
-19
-26
-37
-36
-33
-28
-27
-41
-46
-44
-44
-36
-34
-31
-24
-16
-8
-2
3
11
27
31
32
31
27
29
24
18
12
11
5
2
0
-8
-13
-18
-17
-15
-9
-5
-3
5
12
19
10
5
8
3
-1
-3
5
2
5
13
6
4
-14
-20
-20
-10
-4
-17
-13
-12
-7
1
-7
-5
-5
-5
-11
-12
-14
-21
-9
-7
-6
-3
-4
-4
0
10
9
11
10
8
14
9
7
-3
-14
-16
-17
-27
-39
-30
-31
-22
-6
5
16
18
16
10
13
10
13
15
19
26
32
43
43
49
51
46
46
37
30
17
9
11
4
8
12
18
19
7
5
0
-9
-26
-29
-27
-31
-28
-20
-13
-14
-7
-4
-9
-12
-15
-7
2
13
15
16
10
3
1
2
15
14
4
0
-8
-13
-22
-17
-10
-9
-4
-6
-10
-16
-16
-13
-10
-4
-7
-3
-3
-1
-1
-1
13
18
23
15
8
6
5
7
11
18
18
18
22
30
32
25
25
27
29
24
11
-6
-20
-26
-31
-33
-37
-51
-53
-50
-45
-43
-41
-35
-37
-34
-38
-42
-42
-40
-37
-32
-18
-18
-13
-6
-3
3
10
12
9
16
13
10
14
20
32
33
33
28
14
6
-2
-11
-16
-20
-17
-23
-36
-45
-44
-40
-36
-23
-16
-9
4
6
7
6
10
13
9
13
24
32
48
67
82
95
97
99
99
88
77
65
55
43
29
26
21
23
22
14
-1
-12
-22
-24
-23
-41
-50
-56
-63
-61
-53
-43
-35
-18
-10
-7
1
11
23
24
24
20
4
-5
-7
-4
5
14
20
24
30
27
23
19
5
-14
-23
-35
-47
-51
-52
-53
-65
-69
-67
-66
-57
-50
-30
-7
8
19
25
38
57
64
75
80
83
76
68
66
61
60
48
43
39
31
21
14
7
-11
-22
-39
-61
-83
-106
-113
-105
-104
-104
-100
-100
-99
-100
-96
-85
-75
-68
-53
-34
-23
-14
-2
14
25
28
34
40
38
36
31
36
42
48
54
52
49
35
17
-1
-11
-17
-19
-14
-9
-9
-6
10
32
53
70
72
68
60
51
45
35
38
45
58
68
71
76
76
67
53
40
39
27
6
-13
-29
-46
-63
-65
-64
-67
-70
-70
-60
-56
-56
-64
-62
-59
-56
-54
-56
-44
-33
-20
-7
9
24
35
46
59
73
85
82
72
60
50
45
41
41
45
45
45
46
39
30
13
-16
-42
-51
-60
-70
-70
-69
-69
-63
-54
-40
-22
-8
-1
5
12
13
16
16
15
18
32
50
59
61
65
66
65
47
30
17
-6
-23
-42
-58
-73
-85
-92
-90
-81
-72
-67
-60
-60
-62
-63
-66
-63
-63
-63
-59
-44
-19
8
33
55
69
74
82
82
70
62
59
53
52
54
49
49
50
42
47
42
18
-3
-23
-30
-46
-59
-63
-65
-70
-77
-70
-64
-54
-43
-30
-19
-17
-18
-13
-8
-10
-14
-14
-2
9
19
27
38
48
54
56
56
53
53
58
53
47
38
28
23
20
19
7
2
0
-8
-12
-23
-24
-28
-36
-30
-23
-18
-15
-10
-7
1
10
16
16
15
18
23
24
24
21
16
24
28
32
30
21
21
26
23
17
11
6
-3
2
16
18
12
15
15
7
1
0
1
3
-3
-10
-12
-19
-14
-8
-10
-17
-12
-8
-11
-11
-16
-18
-25
-30
-35
-43
-40
-43
-42
-41
-36
-25
-24
-21
-10
1
6
4
0
-3
-7
-8
-11
-18
-23
-21
-15
-5
6
9
9
4
2
0
-1
3
-2
-7
-18
-22
-21
-16
-5
-3
-2
-1
3
1
-5
0
4
-2
-1
4
9
18
17
12
12
13
18
15
9
12
13
16
17
18
7
2
5
-1
-8
-18
-13
-14
-26
-21
-11
-6
-6
-3
8
5
7
20
21
19
14
2
-11
-11
-6
-3
5
6
3
6
0
1
7
13
16
18
23
26
25
14
14
16
20
26
27
27
27
16
10
7
11
15
20
26
20
4
-3
-10
-10
-10
-13
-19
-14
-8
-11
1
14
13
11
14
8
0
-5
-10
-12
-18
-18
-12
-7
-7
-9
-1
5
10
9
10
4
-2
0
-7
-16
-27
-25
-15
-8
-11
-15
-15
-14
-1
10
17
19
16
15
16
15
6
-4
-6
-7
-9
-7
-10
-18
-14
-4
-1
-2
-13
-27
-42
-48
-46
-44
-42
-36
-30
-20
-4
4
15
22
20
4
-8
-17
-23
-19
-16
-12
-8
-5
3
14
12
8
8
6
-1
-9
-18
-22
-24
-25
-18
-9
-9
-7
-8
-11
-13
-12
-3
5
9
3
3
1
9
14
7
-3
-5
8
17
25
32
32
33
37
33
30
27
25
31
27
41
47
42
40
38
38
37
38
25
8
-4
-1
8
13
30
40
47
49
41
32
18
-1
-22
-37
-39
-33
-31
-33
-26
-16
-5
-3
-3
-9
-20
-16
-19
-23
-28
-33
-35
-36
-32
-24
-14
-12
-11
-18
-24
-17
-9
-1
5
9
19
20
12
15
18
16
10
13
19
21
22
15
4
0
-4
-7
-7
-11
-10
-6
-7
-7
-8
-13
-7
-5
-3
2
-5
-5
-4
-8
-6
-6
-3
-11
-11
-8
-9
-11
-18
-16
-17
-20
-20
-25
-24
-18
-14
-9
-4
-7
-14
-24
-33
-38
-39
-34
-26
-19
-17
-16
-14
-10
-1
9
12
25
31
11
-11
-29
-36
-34
-26
-11
3
20
29
39
39
37
43
33
29
31
32
28
23
32
39
43
53
51
44
38
37
37
35
32
22
16
21
11
3
6
7
7
9
8
4
7
7
6
7
-2
-13
-21
-28
-27
-31
-36
-39
-40
-41
-36
-21
-15
-13
-14
-14
-8
-2
-4
-2
1
-1
-7
-9
-9
-14
-8
-5
1
11
19
23
16
8
4
3
3
2
5
2
-4
3
11
18
19
10
6
3
2
-11
-28
-30
-38
-43
-42
-29
-12
-6
-7
-7
-11
-13
-9
-9
-4
-1
5
8
19
43
51
53
57
46
28
19
15
18
21
21
25
22
15
2
-4
-6
-10
-14
-16
-16
-27
-36
-38
-41
-44
-46
-42
-41
-39
-37
-33
-24
-26
-25
-18
-15
-19
-24
-27
-27
-24
-18
-8
0
2
7
16
17
16
18
22
30
37
43
39
38
43
41
38
37
44
38
20
10
0
-12
-9
-1
8
4
-2
-8
-11
-15
-22
-27
-34
-28
-31
-30
-23
-13
-6
2
23
34
41
48
50
46
40
32
14
2
-12
-16
-12
-15
-8
-4
-6
-13
-20
-15
-17
-9
-2
-2
-3
-2
-4
-13
-11
-6
-11
-8
-8
-9
-7
2
8
6
6
1
4
-2
-8
3
8
17
21
22
20
17
5
1
4
9
19
20
26
30
33
33
26
15
2
-9
-16
-22
-20
-16
-10
1
2
-5
-15
-20
-19
-15
-8
-3
-1
-9
-19
-12
1
-1
1
13
12
3
-10
-15
-9
-6
5
4
1
0
1
-2
-10
-6
-2
-4
-15
-22
-21
-24
-21
-17
-17
-12
-5
-9
-12
-10
-11
-7
-6
-5
2
-1
-3
2
3
6
5
4
4
8
10
1
-4
-5
-3
0
-7
-13
-26
-28
-26
-22
-8
-7
-11
-6
-7
-15
-10
-9
-10
-11
-7
9
13
9
6
3
3
6
18
22
16
9
1
0
9
15
20
29
32
29
21
16
19
22
30
32
29
26
15
17
19
22
16
9
12
7
6
1
1
10
14
12
3
0
2
8
14
5
-4
-7
-7
-11
-11
-1
10
17
21
27
31
34
28
10
-1
-9
-17
-28
-29
-27
-19
-17
-26
-26
-28
-23
-19
-16
-5
3
2
-5
-6
-6
-9
-10
-5
1
3
1
8
14
6
-3
2
5
4
4
-4
-13
-16
-14
-10
-12
-16
-13
-17
-24
-22
-22
-21
-18
-13
-15
-17
-27
-29
-17
-9
-5
-10
-10
-10
-16
-27
-28
-26
-28
-28
-36
-45
-48
-39
-34
-26
-18
-12
1
18
34
46
49
49
42
43
46
49
46
39
29
21
15
8
6
8
20
30
38
52
52
48
34
27
18
3
0
-2
0
2
10
16
6
-2
0
3
3
0
-8
-12
-14
-22
-21
-16
-10
-12
-16
-24
-35
-43
-49
-44
-39
-38
-42
-42
-33
-18
4
12
22
22
18
16
7
8
15
23
26
33
41
45
54
61
63
64
56
47
42
29
14
2
-2
-5
-5
-10
-7
5
11
12
4
-1
-2
-3
-17
-27
-31
-32
-31
-30
-30
-31
-25
-11
3
-1
-4
-8
-8
-8
-10
-9
-14
-19
-20
-22
-29
-31
-23
-21
-20
-19
-23
-27
-29
-29
-24
-22
-20
-18
-5
-1
-3
-5
-17
-20
-15
-6
-1
7
7
2
0
-8
-3
2
8
15
19
14
19
28
25
17
15
20
22
22
22
24
23
14
6
-7
-14
-15
-18
-16
-16
-20
-19
-14
-19
-22
-9
2
9
13
11
13
11
14
12
11
14
10
21
27
37
51
44
23
0
-12
-12
-10
-8
-9
-10
-9
-8
-4
-7
-16
-16
-18
-13
-9
2
16
25
33
36
43
53
54
40
21
11
5
-3
2
8
16
19
26
34
33
18
9
6
-8
-20
-37
-40
-40
-33
-30
-28
-22
-27
-25
-19
-18
-20
-23
-35
-39
-26
-13
5
20
28
18
8
5
-1
-4
-2
-7
-7
7
10
22
23
28
12
-16
-33
-52
-55
-57
-56
-56
-58
-49
-35
-25
-8
0
-4
2
-8
-16
-27
-14
9
14
14
8
16
27
39
51
57
48
57
48
39
37
33
23
11
10
-3
3
6
9
29
31
42
47
29
31
19
-10
-34
-54
-61
-60
-49
-38
-16
1
17
29
29
12
-16
-37
-63
-82
-92
-85
-71
-60
-36
-24
-7
23
30
25
21
21
11
7
13
17
15
18
28
41
50
53
43
20
0
-13
-14
-4
4
12
22
32
44
51
51
35
21
7
-7
-16
-26
-31
-36
-20
0
26
33
16
2
-11
-17
-39
-56
-53
-27
16
45
80
91
84
78
40
-3
-31
-65
-73
-54
-20
2
8
27
45
70
55
27
15
-17
-42
-58
-57
-33
-30
-16
11
19
1
-11
-15
-37
-49
-52
-52
-42
-32
-10
31
63
89
85
53
11
-27
-47
-51
-46
-43
-24
-8
23
64
85
79
55
22
-7
-14
-27
-23
-20
-7
21
49
56
38
18
10
-7
-23
-30
-55
-54
-54
-52
-56
-54
-43
-37
-28
-40
-63
-93
-110
-121
-111
-78
-73
-69
-59
-65
-73
-74
-59
-32
-7
6
10
15
-11
-13
-19
-2
41
36
46
46
45
59
64
54
34
33
48
66
113
129
135
129
107
115
116
135
133
122
116
96
88
44
3
18
1
1
-1
-28
-31
-40
-8
6
27
45
7
14
-20
-56
-47
-55
-30
-16
33
45
21
8
-35
-41
-57
-59
-55
-31
-2
11
27
9
-10
-16
-13
-18
-34
-24
-40
-71
-94
-106
-94
-90
-94
-87
-59
-47
-94
-150
-159
-146
-122
-76
-15
48
142
174
166
140
81
48
-2
11
46
82
100
111
123
120
118
113
115
95
74
43
6
-30
-48
-77
-63
-41
-22
18
2
-13
-45
-102
-154
-230
-219
-154
-104
-23
17
36
33
-24
-39
-48
6
36
3
-47
-180
-215
-209
-202
-155
-126
-92
-67
3
2
-6
4
-13
-34
-48
-26
-57
-90
-91
-49
20
52
34
41
41
52
55
29
0
6
64
118
171
129
140
164
172
185
143
130
103
117
128
184
245
262
317
302
297
283
236
230
196
205
229
285
321
286
246
114
47
-23
-48
-48
-3
22
-109
-206
-360
-384
-374
-367
-454
-396
-313
-468
-503
-613
-484
-379
-297
-227
-257
-227
-344
-338
-419
-454
-422
-343
-191
-97
-137
-114
-98
-39
122
188
298
203
360
268
370
525
506
702
606
791
726
772
718
635
725
526
556
457
552
536
480
447
248
234
-43
-178
-327
-464
-426
-468
-346
-373
-344
-413
-509
-498
-558
-542
-613
-553
-587
-632
-608
-676
-651
-661
-591
-556
-427
-301
-272
-205
-217
-214
-304
-273
-258
-144
10
63
168
140
165
124
162
283
412
598
618
693
764
768
772
778
828
788
772
729
633
580
485
421
354
261
128
-33
-155
-261
-359
-399
-489
-628
-668
-693
-699
-682
-668
-718
-768
-715
-694
-640
-554
-432
-300
-252
-237
-169
7
254
490
633
797
965
1099
1180
1241
1370
1395
1364
1308
1305
1241
1132
1061
822
579
288
-10
-333
-706
-1005
-1239
-1306
-1414
-1547
-1551
-1480
-1467
-1544
-1547
-1567
-1582
-1583
-1549
-1397
-1133
-876
-652
-372
-115
27
110
332
585
728
877
1129
1401
1630
1790
1931
2089
2129
2065
2006
2085
2017
1775
1582
1512
1388
1001
569
190
-150
-556
-953
-1159
-1309
-1522
-1790
-2013
-2147
-2190
-2224
-2248
-2181
-2030
-1924
-1838
-1682
-1556
-1370
-1172
-1048
-976
-861
-632
-379
-73
206
413
740
1047
1200
1303
1476
1662
1720
1726
1801
1974
2151
2103
1989
2017
2102
1854
1488
1233
789
473
279
76
-221
-426
-511
-638
-735
-861
-919
-965
-967
-955
-1021
-968
-865
-790
-744
-727
-737
-812
-872
-912
-912
-894
-919
-883
-886
-883
-793
-554
-212
-59
23
250
523
586
611
797
1119
1361
1300
1115
1142
1221
964
617
509
362
8
-218
-233
-337
-538
-612
-546
-500
-548
-623
-558
-473
-519
-509
-345
-186
-143
-67
63
136
75
-62
-71
35
97
31
-6
8
67
338
618
665
741
980
1067
971
852
927
1140
1193
1024
1025
1236
1066
637
442
326
-63
-534
-803
-1057
-1230
-1271
-1331
-1334
-1285
-1293
-1208
-970
-924
-1028
-913
-677
-650
-745
-697
-595
-531
-434
-386
-344
-315
-368
-342
-272
-306
-305
4
457
558
531
832
1175
1217
1151
1335
1748
1985
1787
1631
1921
1943
1399
1048
1031
650
-31
-415
-618
-955
-1151
-1227
-1243
-1203
-1264
-1235
-1063
-1023
-1059
-901
-581
-492
-512
-429
-305
-204
-246
-304
-346
-356
-462
-554
-457
-395
-399
-283
-185
-137
-45
52
56
91
252
380
451
529
739
1124
1400
1438
1446
1452
1382
1136
877
654
352
31
-253
-405
-565
-769
-748
-662
-620
-673
-723
-693
-666
-625
-605
-416
-251
-241
-256
-133
-30
-95
-39
18
80
51
18
107
161
241
376
501
471
467
615
777
729
575
666
960
1156
1134
1181
1381
1295
866
507
298
-72
-546
-817
-999
-1163
-1221
-1201
-1052
-875
-857
-888
-840
-863
-1066
-1159
-1043
-1019
-1021
-844
-642
-457
-286
-196
-138
-198
-318
-387
-309
-202
-56
266
636
753
826
1100
1226
1110
974
1101
1375
1534
1559
1762
2203
2221
1685
1323
1184
668
-45
-435
-736
-1088
-1260
-1365
-1345
-1253
-1298
-1421
-1387
-1371
-1610
-1660
-1549
-1651
-1746
-1505
-1188
-1065
-942
-757
-547
-401
-515
-624
-395
-186
-251
-16
533
924
1076
1254
1697
1928
1872
1835
2083
2459
2494
2422
2637
2973
2769
2203
1990
1743
1062
264
-192
-492
-963
-1320
-1475
-1488
-1467
-1497
-1527
-1517
-1618
-1864
-1906
-1818
-1943
-1969
-1677
-1359
-1253
-1190
-990
-712
-601
-796
-870
-684
-624
-785
-608
22
382
472
784
1301
1590
1490
1397
1612
1941
1955
1806
2033
2360
2109
1617
1515
1399
775
73
-271
-605
-1159
-1532
-1692
-1721
-1681
-1759
-1732
-1593
-1511
-1541
-1436
-1188
-1037
-857
-653
-395
-171
-21
88
237
371
271
293
446
429
299
358
728
975
994
1032
1379
1683
1582
1579
1893
2299
2374
2293
2372
2614
2502
1837
1391
1220
685
-109
-554
-836
-1253
-1538
-1573
-1607
-1681
-1799
-1995
-1992
-1946
-2135
-2295
-2238
-2252
-2372
-2206
-1894
-1791
-1721
-1515
-1268
-1096
-1155
-1192
-1003
-889
-1022
-1045
-494
47
191
481
1166
1765
1900
1993
2323
2805
3058
2904
2946
3327
3416
2948
2702
2737
2206
1366
889
626
49
-482
-769
-1081
-1226
-1361
-1583
-1663
-1696
-1932
-2113
-1955
-1965
-2201
-2132
-1848
-1765
-1701
-1572
-1418
-1189
-1031
-959
-763
-413
-293
-237
175
665
822
993
1465
1841
1882
1918
2170
2493
2648
2497
2415
2693
2784
2293
1862
1729
1271
432
-126
-447
-1048
-1607
-1815
-1839
-1819
-1834
-1796
-1675
-1607
-1765
-1968
-1872
-1804
-1890
-1750
-1374
-1121
-1020
-790
-451
-152
-26
-46
75
195
121
11
249
641
754
794
1091
1578
1796
1876
2046
2343
2600
2605
2450
2496
2668
2361
1763
1450
1104
351
-272
-578
-928
-1313
-1518
-1708
-1849
-1779
-1777
-1850
-1790
-1784
-1953
-1988
-1894
-1976
-2020
-1782
-1484
-1335
-1158
-832
-528
-355
-278
-129
66
154
100
62
342
703
862
979
1353
1760
1869
1978
2198
2395
2416
2257
2136
2268
2316
1842
1348
1256
880
78
-474
-802
-1284
-1736
-1973
-2108
-2100
-2068
-2055
-1857
-1599
-1727
-1831
-1670
-1673
-1819
-1724
-1331
-1077
-922
-682
-384
-120
27
60
236
398
326
271
528
915
1004
1026
1182
1500
1675
1739
1917
2183
2475
2522
2392
2331
2370
2121
1555
1205
870
290
-254
-555
-916
-1302
-1333
-1425
-1580
-1492
-1423
-1428
-1315
-1183
-1138
-1078
-1003
-1084
-1068
-852
-847
-876
-732
-577
-502
-369
-104
69
161
166
107
74
50
79
175
266
406
719
927
978
1209
1546
1759
1806
1820
1868
1846
1444
805
558
364
-222
-727
-885
-1035
-1251
-1344
-1445
-1429
-1250
-1247
-1305
-1123
-1033
-1139
-1033
-941
-1070
-1041
-880
-828
-686
-412
-273
-163
30
-13
-25
149
179
100
140
242
361
528
653
954
1381
1629
1742
1982
2322
2450
2408
2255
2154
2065
1546
905
686
454
-191
-768
-979
-1186
-1441
-1685
-1943
-1919
-1748
-1867
-2011
-1787
-1558
-1484
-1266
-1112
-1083
-907
-751
-687
-477
-224
-136
-10
181
353
502
586
521
456
516
504
515
596
620
777
1098
1232
1296
1536
1796
1932
1872
1737
1739
1728
1369
951
792
519
-99
-652
-927
-1231
-1538
-1813
-2051
-2091
-2076
-2142
-2107
-1845
-1646
-1616
-1536
-1453
-1348
-1099
-924
-904
-712
-374
-157
28
323
586
753
752
569
472
425
284
192
313
508
805
1228
1554
1839
2195
2562
2819
2872
2744
2645
2511
2092
1524
1221
1036
557
19
-281
-472
-778
-1140
-1476
-1704
-1765
-1956
-2180
-2139
-1987
-1964
-1937
-1721
-1560
-1393
-1177
-1029
-831
-582
-409
-281
-91
60
133
151
144
199
274
277
260
268
302
422
676
989
1171
1288
1481
1646
1810
1854
1690
1592
1502
1095
549
325
58
-485
-793
-831
-922
-1110
-1341
-1542
-1532
-1524
-1698
-1695
-1512
-1466
-1354
-1064
-860
-691
-465
-354
-364
-195
46
196
389
520
619
755
732
482
303
249
20
-201
-255
-305
-233
23
390
673
901
1179
1448
1595
1497
1360
1486
1473
1042
774
788
614
166
-60
-90
-268
-495
-669
-703
-670
-835
-1059
-985
-811
-851
-933
-887
-789
-724
-585
-424
-305
-178
-6
121
78
-5
-43
-105
-320
-556
-656
-680
-633
-450
-242
-122
40
370
696
853
972
1215
1541
1732
1704
1703
1905
1894
1509
1193
1069
731
236
23
-121
-452
-820
-953
-881
-840
-972
-1078
-927
-737
-726
-786
-770
-823
-872
-765
-646
-591
-478
-245
-116
-63
-13
-79
-235
-358
-461
-576
-666
-825
-860
-601
-325
-132
215
659
887
1013
1258
1504
1574
1496
1410
1501
1515
1197
847
764
578
102
-245
-394
-655
-965
-1093
-1173
-1183
-1188
-1211
-1156
-1111
-1144
-1114
-924
-838
-777
-479
-251
-210
-24
186
183
139
220
267
159
-67
-255
-228
-186
-352
-416
-94
160
97
236
728
1027
945
1001
1342
1618
1537
1276
1387
1663
1510
1117
1097
1180
808
347
261
232
-166
-600
-745
-662
-697
-932
-992
-799
-753
-1020
-1154
-1027
-965
-1033
-1028
-900
-780
-761
-788
-740
-638
-616
-629
-562
-560
-629
-561
-423
-453
-506
-342
-152
-74
98
473
775
905
1087
1391
1696
1790
1674
1731
1943
1784
1343
1236
1274
931
543
435
420
261
-46
-263
-229
-172
-462
-738
-687
-706
-973
-1110
-1002
-1042
-1110
-1049
-995
-928
-881
-870
-760
-530
-398
-335
-319
-376
-366
-286
-316
-494
-535
-426
-296
-108
151
463
714
900
1131
1515
1761
1587
1452
1586
1639
1339
1003
939
789
383
61
34
-12
-257
-475
-596
-667
-807
-957
-926
-805
-892
-1147
-1184
-1080
-1101
-1124
-1082
-1068
-965
-801
-716
-630
-501
-399
-295
-192
-137
-90
-11
-13
-119
-117
-36
-37
10
324
739
997
1195
1508
1898
2098
2046
2003
1994
1872
1585
1336
1248
1011
524
160
35
-107
-368
-581
-585
-527
-640
-817
-843
-818
-890
-1088
-1278
-1419
-1550
-1645
-1668
-1598
-1566
-1525
-1409
-1177
-905
-706
-602
-610
-571
-509
-482
-471
-486
-370
-217
-166
-114
161
517
806
1104
1492
1964
2290
2453
2581
2755
2782
2461
2058
1877
1756
1352
912
798
745
569
337
206
160
-9
-287
-496
-570
-722
-1079
-1302
-1360
-1490
-1647
-1723
-1716
-1676
-1620
-1594
-1511
-1394
-1238
-1083
-1014
-977
-927
-801
-779
-865
-867
-754
-654
-547
-225
237
581
804
1148
1602
1963
2080
2143
2393
2614
2485
2150
2054
1898
1448
1061
852
631
281
13
-88
-73
-159
-391
-551
-600
-793
-1140
-1306
-1401
-1595
-1678
-1649
-1653
-1661
-1628
-1548
-1431
-1327
-1303
-1214
-1037
-931
-844
-668
-608
-726
-684
-516
-326
-186
-47
217
645
1043
1250
1571
1987
2298
2412
2481
2498
2360
2093
1759
1544
1294
916
544
295
39
-321
-569
-633
-680
-764
-852
-913
-954
-1039
-1169
-1297
-1429
-1536
-1562
-1548
-1503
-1416
-1263
-1105
-1045
-976
-775
-555
-485
-479
-361
-228
-189
-178
-21
225
405
512
777
1241
1601
1816
2148
2582
2855
2942
2975
3032
2991
2753
2396
2208
2041
1532
869
455
187
-200
-589
-940
-1131
-1237
-1445
-1632
-1713
-1784
-1986
-2075
-2143
-2325
-2373
-2467
-2555
-2472
-2233
-2086
-1935
-1670
-1494
-1278
-1077
-981
-872
-640
-562
-551
-296
-50
181
465
772
1112
1572
1968
2292
2809
3261
3433
3550
3673
3639
3485
3193
2700
2331
2083
1527
919
530
114
-414
-774
-996
-1192
-1379
-1764
-2111
-2187
-2292
-2665
-3004
-3073
-3045
-3015
-3009
-2909
-2634
-2426
-2327
-2125
-1797
-1586
-1513
-1315
-1010
-728
-628
-578
-296
-7
198
432
841
1319
1762
2209
2561
2926
3291
3597
3842
3991
3909
3737
3657
3328
2808
2424
2052
1564
1150
873
522
138
-288
-733
-958
-1120
-1470
-1819
-1955
-2095
-2281
-2352
-2358
-2341
-2296
-2237
-2051
-1798
-1743
-1800
-1565
-1235
-1133
-1108
-1113
-1115
-1075
-1042
-947
-637
-320
-122
192
704
1120
1426
1820
2190
2536
2980
3285
3435
3537
3452
3216
3001
2690
2229
1840
1418
786
202
-246
-803
-1310
-1622
-1886
-2128
-2354
-2660
-2834
-2808
-2896
-2999
-2916
-2800
-2762
-2634
-2354
-2081
-1826
-1623
-1423
-1186
-1021
-884
-702
-556
-494
-345
-113
160
452
822
1194
1556
1964
2318
2774
3245
3499
3757
4102
4279
4250
4195
4081
3846
3498
2976
2489
2063
1445
739
166
-321
-896
-1476
-1948
-2295
-2546
-2850
-3131
-3264
-3336
-3397
-3447
-3362
-3257
-3159
-2948
-2743
-2547
-2268
-1945
-1789
-1616
-1353
-1153
-904
-734
-630
-404
-71
46
217
694
1148
1513
1817
2158
2571
2963
3199
3474
3847
3987
3847
3711
3634
3420
3094
2693
2295
1969
1452
776
273
-131
-694
-1207
-1553
-1882
-2169
-2371
-2628
-2839
-2879
-2917
-2975
-2932
-2851
-2798
-2712
-2712
-2662
-2454
-2282
-2180
-1996
-1717
-1511
-1326
-1101
-797
-423
-151
27
327
732
1040
1395
1825
2191
2531
2896
3170
3429
3707
3844
3912
3929
3831
3632
3446
3054
2481
2052
1684
1082
406
-127
-681
-1239
-1693
-2023
-2177
-2230
-2429
-2557
-2458
-2435
-2499
-2501
-2374
-2240
-2212
-2211
-2127
-1964
-1905
-1858
-1654
-1321
-1095
-943
-717
-470
-252
-59
174
424
668
859
1045
1328
1608
1856
2199
2549
2754
2987
3199
3262
3268
3203
3091
2920
2587
2108
1667
1242
610
-61
-595
-1055
-1510
-1975
-2332
-2576
-2783
-3038
-3192
-3092
-2933
-2924
-2802
-2585
-2437
-2302
-2109
-1829
-1584
-1289
-1023
-699
-357
-99
132
436
729
911
1131
1355
1453
1534
1650
1761
1925
2087
2235
2413
2600
2697
2801
2964
3026
2988
2905
2644
2220
1770
1240
651
103
-441
-975
-1398
-1790
-2198
-2520
-2732
-2936
-3144
-3197
-3164
-3142
-3010
-2817
-2718
-2636
-2386
-2126
-1899
-1585
-1285
-1009
-779
-627
-430
-99
198
351
467
595
660
687
782
997
1235
1359
1534
1836
2036
2149
2359
2594
2758
2868
2951
3004
2919
2667
2403
2126
1815
1421
966
627
235
-283
-710
-962
-1206
-1521
-1704
-1806
-1914
-2016
-2130
-2134
-2065
-2006
-1887
-1705
-1568
-1482
-1334
-1129
-930
-715
-556
-417
-187
-22
23
114
222
273
324
395
403
408
489
521
613
807
990
1145
1375
1604
1721
1776
1848
1901
1867
1796
1643
1453
1216
921
600
339
99
-237
-582
-779
-1038
-1413
-1636
-1764
-1841
-1934
-1994
-1960
-1935
-1984
-1951
-1821
-1723
-1607
-1455
-1315
-1215
-1107
-1021
-910
-749
-615
-468
-365
-336
-319
-218
-29
162
383
623
851
1061
1311
1565
1813
2024
2217
2428
2639
2800
2816
2879
2921
2781
2599
2434
2140
1758
1435
1093
621
117
-267
-651
-1078
-1390
-1675
-1920
-2107
-2323
-2424
-2441
-2480
-2480
-2365
-2176
-2109
-2119
-1966
-1751
-1664
-1585
-1426
-1276
-1156
-996
-821
-674
-485
-358
-267
-58
152
276
454
669
847
1064
1311
1575
1839
2117
2362
2495
2568
2647
2654
2583
2490
2345
2134
1808
1421
1120
824
370
-25
-305
-651
-953
-1164
-1280
-1282
-1318
-1390
-1289
-1191
-1216
-1166
-1095
-1128
-1189
-1208
-1228
-1242
-1285
-1335
-1260
-1131
-1108
-1014
-757
-503
-324
-176
-8
90
185
348
467
606
787
927
1096
1379
1610
1722
1912
2129
2222
2333
2456
2389
2310
2190
1914
1585
1284
934
453
-26
-300
-585
-1002
-1235
-1409
-1651
-1752
-1826
-2005
-2046
-2085
-2301
-2354
-2266
-2395
-2489
-2395
-2404
-2408
-2311
-2257
-2183
-2008
-1827
-1611
-1301
-1025
-770
-459
-106
184
425
762
1115
1345
1622
1994
2311
2625
2942
3171
3389
3604
3698
3759
3762
3591
3422
3208
2813
2370
1943
1534
1083
603
123
-322
-752
-1130
-1407
-1680
-1987
-2219
-2412
-2564
-2687
-2859
-2928
-2936
-3026
-3009
-2882
-2777
-2575
-2333
-2155
-1894
-1626
-1469
-1133
-721
-481
-233
22
157
397
706
928
1221
1516
1777
2053
2300
2489
2725
2889
2904
2974
3072
3086
2945
2745
2579
2327
1931
1537
1193
816
344
-147
-494
-797
-1190
-1520
-1707
-1884
-2062
-2175
-2333
-2410
-2423
-2511
-2464
-2331
-2304
-2215
-2024
-1912
-1722
-1477
-1304
-1039
-767
-618
-393
-181
-57
170
394
612
890
1080
1193
1366
1578
1723
1866
2019
2205
2397
2510
2597
2659
2633
2568
2438
2316
2231
1906
1437
1108
758
204
-301
-722
-1150
-1491
-1890
-2223
-2323
-2489
-2741
-2734
-2674
-2732
-2720
-2701
-2596
-2395
-2275
-2115
-1871
-1688
-1492
-1250
-1046
-757
-459
-240
105
465
685
911
1124
1198
1382
1627
1711
1888
2113
2175
2261
2423
2509
2576
2672
2668
2598
2525
2382
2173
1947
1700
1385
940
559
193
-343
-831
-1125
-1504
-1915
-2186
-2460
-2663
-2824
-3026
-3086
-2985
-2930
-2809
-2606
-2488
-2368
-2271
-2153
-1897
-1674
-1473
-1161
-855
-592
-238
111
369
668
961
1166
1337
1487
1670
1881
2007
2126
2316
2449
2497
2528
2630
2702
2725
2769
2834
2851
2759
2561
2262
1955
1550
1008
516
87
-414
-886
-1224
-1559
-1865
-2096
-2344
-2458
-2481
-2585
-2556
-2402
-2296
-2144
-1969
-1898
-1850
-1738
-1664
-1534
-1270
-1077
-875
-557
-276
-41
215
443
620
818
1025
1148
1280
1496
1617
1655
1709
1760
1838
1877
1907
1993
2014
1949
1899
1842
1695
1529
1305
991
793
551
99
-217
-445
-894
-1311
-1519
-1785
-2006
-2094
-2213
-2246
-2154
-2181
-2248
-2101
-2037
-2060
-1951
-1867
-1826
-1774
-1773
-1687
-1450
-1271
-1078
-794
-551
-333
-85
146
398
664
861
1049
1199
1294
1395
1529
1682
1865
2049
2178
2308
2430
2479
2481
2426
2353
2290
2176
1964
1728
1453
1121
720
325
-25
-461
-910
-1256
-1477
-1671
-1904
-2090
-2152
-2169
-2237
-2194
-2064
-1993
-1925
-1819
-1761
-1661
-1489
-1401
-1215
-910
-730
-541
-209
51
238
497
705
855
1096
1290
1426
1579
1604
1594
1653
1659
1659
1736
1793
1789
1819
1859
1805
1735
1738
1706
1642
1544
1303
1086
941
676
357
85
-261
-674
-1029
-1333
-1567
-1765
-1965
-2055
-2063
-2131
-2204
-2177
-2163
-2186
-2146
-2044
-1912
-1821
-1754
-1580
-1339
-1091
-857
-624
-386
-166
75
342
664
958
1141
1304
1449
1544
1605
1628
1611
1603
1664
1674
1554
1457
1424
1427
1368
1295
1266
1223
1167
1002
721
486
193
-272
-622
-858
-1236
-1537
-1702
-1972
-2200
-2287
-2377
-2360
-2196
-2166
-2131
-1907
-1800
-1719
-1436
-1203
-1016
-741
-525
-362
-106
164
400
784
1188
1438
1637
1822
1881
1857
1844
1813
1782
1696
1518
1276
1120
1077
1015
1061
1176
1148
1098
1071
967
896
884
770
646
570
336
21
-182
-432
-762
-999
-1230
-1494
-1654
-1789
-1987
-2058
-2000
-1974
-1942
-1853
-1819
-1815
-1702
-1576
-1474
-1200
-880
-645
-395
-96
171
403
689
919
1191
1476
1536
1518
1533
1501
1485
1461
1383
1316
1208
971
787
786
766
726
804
900
976
1065
1095
1120
1138
1087
1018
934
764
516
276
49
-174
-362
-524
-736
-974
-1206
-1493
-1748
-1881
-1941
-1938
-1875
-1862
-1848
-1739
-1621
-1563
-1388
-1122
-907
-673
-526
-400
-112
135
312
545
710
754
781
794
722
718
682
532
392
303
211
81
15
14
56
153
265
362
535
764
857
930
1103
1159
1163
1229
1218
1135
1059
899
603
345
52
-299
-521
-746
-1033
-1200
-1304
-1461
-1495
-1429
-1451
-1421
-1345
-1346
-1309
-1211
-1047
-830
-602
-422
-238
-12
110
253
450
531
530
526
537
498
432
399
348
323
302
195
154
180
129
193
404
556
663
829
972
1030
1128
1173
1164
1180
1132
1036
946
814
627
437
309
209
24
-219
-431
-636
-849
-953
-1030
-1096
-1027
-982
-980
-895
-781
-722
-594
-408
-315
-256
-237
-211
-133
-45
50
154
201
181
111
41
-21
-74
-128
-176
-195
-267
-301
-271
-190
-62
53
202
434
644
792
999
1171
1236
1331
1416
1415
1399
1316
1189
1088
916
666
475
262
33
-226
-558
-819
-1019
-1222
-1411
-1478
-1518
-1601
-1616
-1581
-1501
-1381
-1270
-1117
-896
-744
-654
-527
-395
-298
-255
-172
-60
26
59
86
165
205
146
35
7
-19
-110
-142
-91
-63
-25
99
223
355
476
571
756
940
1006
1114
1278
1380
1381
1343
1324
1262
1106
917
739
546
357
176
42
-44
-187
-362
-467
-524
-622
-732
-774
-776
-786
-818
-830
-787
-750
-784
-793
-765
-738
-747
-739
-663
-647
-657
-598
-506
-412
-339
-242
-148
-63
-14
26
126
204
262
411
586
672
773
930
1075
1207
1336
1435
1496
1484
1427
1349
1243
1099
908
794
684
524
351
182
31
-123
-280
-495
-715
-904
-1035
-1143
-1267
-1332
-1337
-1325
-1301
-1222
-1146
-1093
-997
-888
-734
-598
-523
-388
-216
-81
3
97
217
276
310
386
457
461
464
511
522
501
498
507
523
508
449
480
619
687
743
830
837
825
837
870
871
844
758
658
557
373
225
108
-68
-235
-350
-516
-668
-806
-992
-1177
-1353
-1492
-1580
-1620
-1682
-1675
-1551
-1449
-1373
-1202
-1016
-873
-719
-528
-330
-158
-13
103
262
343
324
349
386
359
349
383
370
393
513
627
751
926
1034
1129
1241
1259
1249
1285
1258
1220
1219
1200
1174
1117
1023
927
811
637
487
312
73
-135
-314
-492
-672
-834
-989
-1117
-1197
-1278
-1260
-1231
-1263
-1229
-1145
-1062
-972
-868
-783
-698
-652
-626
-573
-497
-471
-478
-418
-362
-339
-274
-200
-133
-1
119
224
346
487
653
774
904
1047
1155
1266
1393
1531
1641
1739
1791
1762
1734
1683
1546
1352
1138
858
518
218
-56
-382
-627
-826
-1076
-1224
-1335
-1495
-1606
-1631
-1614
-1564
-1478
-1435
-1406
-1320
-1210
-1097
-955
-798
-685
-569
-434
-320
-208
-102
-21
53
150
235
302
375
416
465
553
592
629
710
781
828
865
885
896
940
958
998
1103
1156
1165
1148
1092
1004
922
831
705
574
372
162
-16
-243
-433
-580
-734
-868
-929
-974
-1045
-1076
-1119
-1119
-1108
-1155
-1207
-1182
-1138
-1143
-1128
-1113
-1078
-1014
-965
-878
-753
-586
-440
-329
-192
-57
30
110
180
218
288
358
416
539
662
751
868
1017
1173
1275
1375
1471
1526
1543
1514
1428
1301
1175
1044
891
747
636
483
315
185
8
-201
-347
-514
-694
-800
-894
-1041
-1142
-1173
-1185
-1162
-1107
-1044
-988
-896
-810
-745
-629
-523
-422
-276
-159
-80
-15
55
119
209
326
386
402
433
467
452
456
495
536
557
557
552
553
581
583
587
623
654
646
624
592
556
451
320
224
114
-24
-178
-314
-453
-579
-666
-717
-752
-790
-799
-796
-771
-786
-794
-751
-741
-742
-730
-670
-607
-535
-442
-353
-268
-199
-156
-129
-82
-32
-2
58
128
180
262
334
358
411
481
499
577
703
766
813
907
958
977
1039
1086
1143
1203
1223
1232
1231
1139
982
863
727
537
366
211
2
-201
-362
-525
-661
-768
-890
-984
-1079
-1164
-1206
-1213
-1202
-1203
-1193
-1143
-1104
-1080
-1046
-1031
-1039
-1061
-1053
-987
-936
-892
-776
-660
-602
-529
-445
-379
-294
-181
-87
2
83
177
318
451
541
651
767
855
952
1090
1227
1320
1380
1423
1437
1399
1324
1211
1116
1035
940
811
648
482
358
276
216
151
58
7
-13
-68
-109
-142
-174
-208
-235
-261
-379
-508
-634
-737
-816
-862
-856
-848
-791
-761
-744
-707
-679
-645
-586
-542
-511
-426
-331
-246
-126
1
106
169
234
331
405
495
557
632
694
710
762
801
802
794
792
762
695
614
513
441
371
276
245
219
132
49
1
-89
-222
-328
-392
-432
-469
-500
-524
-586
-703
-781
-802
-862
-938
-950
-921
-926
-892
-794
-710
-638
-568
-494
-454
-409
-342
-278
-177
-98
23
175
290
388
496
595
645
760
885
921
951
995
1023
1021
1005
970
920
870
796
739
683
580
509
508
460
343
258
177
47
-100
-210
-323
-472
-604
-713
-821
-947
-1066
-1160
-1243
-1304
-1334
-1324
-1280
-1236
-1142
-1015
-915
-816
-675
-540
-436
-289
-145
-14
114
227
340
461
568
638
711
809
863
895
896
916
949
973
1005
1025
1029
961
888
846
795
729
688
668
584
463
385
309
153
19
-64
-198
-354
-494
-598
-696
-797
-850
-883
-950
-1039
-1083
-1085
-1129
-1162
-1113
-1058
-1037
-955
-794
-658
-542
-370
-177
1
127
269
432
531
615
737
851
875
935
1074
1151
1162
1219
1310
1324
1289
1290
1301
1242
1157
1100
1046
915
743
634
527
343
175
60
-96
-330
-528
-668
-850
-1018
-1117
-1194
-1315
-1441
-1488
-1575
-1689
-1690
-1654
-1675
-1671
-1593
-1519
-1477
-1402
-1265
-1111
-978
-830
-622
-427
-292
-83
178
369
530
724
885
956
1025
1122
1206
1261
1330
1415
1475
1502
1530
1561
1549
1529
1486
1383
1248
1116
975
817
643
505
358
152
-47
-212
-382
-603
-775
-859
-967
-1098
-1191
-1235
-1301
-1388
-1405
-1417
-1462
-1481
-1427
-1360
-1300
-1187
-1040
-912
-827
-714
-589
-482
-325
-125
53
176
328
501
626
736
874
985
1011
1054
1166
1245
1276
1362
1493
1564
1571
1585
1584
1493
1343
1225
1121
918
683
546
398
182
6
-107
-232
-395
-517
-599
-744
-910
-992
-1037
-1125
-1179
-1120
-1072
-1083
-1048
-959
-923
-912
-830
-714
-659
-594
-470
-354
-275
-206
-58
67
120
221
375
461
482
574
687
728
738
767
782
735
689
682
664
601
547
548
501
419
368
299
165
59
-18
-150
-292
-393
-453
-549
-614
-655
-704
-756
-816
-834
-880
-950
-984
-971
-976
-959
-879
-810
-762
-696
-581
-486
-437
-368
-296
-229
-172
-98
33
126
204
323
440
516
589
716
832
903
987
1102
1146
1131
1182
1242
1226
1203
1229
1222
1118
1000
917
829
673
531
443
298
123
-21
-144
-315
-500
-580
-648
-761
-838
-845
-882
-932
-947
-922
-932
-997
-954
-871
-847
-769
-614
-500
-444
-360
-259
-195
-198
-186
-100
-68
-101
-24
116
134
173
315
442
457
456
522
585
610
618
710
800
762
733
737
680
591
536
496
392
262
169
89
-12
-112
-176
-235
-328
-413
-506
-593
-654
-673
-680
-711
-697
-649
-647
-664
-608
-536
-521
-484
-374
-302
-291
-241
-163
-124
-124
-82
20
54
33
74
153
201
262
347
439
497
551
647
724
771
809
903
960
971
989
1003
970
887
835
782
677
548
460
388
264
139
42
-94
-258
-412
-536
-679
-827
-946
-1040
-1116
-1185
-1180
-1178
-1207
-1169
-1094
-1032
-975
-873
-766
-679
-575
-455
-355
-298
-214
-100
1
62
143
227
279
317
353
433
511
555
645
715
711
740
784
771
744
725
749
758
717
682
685
664
633
640
612
551
483
447
391
278
170
110
10
-124
-244
-364
-503
-627
-689
-747
-786
-796
-799
-801
-791
-766
-736
-703
-676
-646
-616
-596
-539
-456
-404
-350
-276
-225
-215
-189
-133
-85
-53
-8
64
89
105
148
170
137
143
208
235
232
244
299
317
323
382
428
413
398
439
459
428
420
469
482
401
366
365
294
219
203
222
149
65
61
65
-17
-94
-79
-107
-200
-238
-193
-179
-234
-229
-175
-195
-235
-192
-140
-157
-141
-47
19
4
38
100
133
167
258
352
357
362
421
464
422
401
441
417
317
274
274
173
46
14
-3
-106
-190
-194
-221
-278
-307
-265
-264
-321
-345
-342
-366
-408
-375
-341
-356
-358
-317
-298
-311
-313
-298
-314
-380
-392
-380
-426
-448
-429
-416
-412
-400
-334
-297
-293
-289
-255
-221
-206
-132
-45
30
109
204
280
316
349
419
458
473
482
500
496
468
480
478
456
456
438
382
311
249
228
199
192
208
201
182
137
111
90
37
-18
-60
-65
-57
-41
-34
-38
-23
-39
-72
-84
-109
-159
-174
-172
-175
-204
-216
-184
-160
-154
-115
-47
-43
-51
2
72
113
134
183
237
203
172
219
236
186
182
243
234
154
149
196
182
101
92
156
149
70
61
115
82
40
59
75
25
-24
-39
-60
-128
-222
-271
-301
-352
-389
-410
-450
-454
-428
-411
-420
-405
-387
-403
-418
-401
-383
-400
-420
-370
-322
-326
-269
-188
-157
-156
-77
21
52
51
129
212
209
216
276
322
294
333
405
411
372
393
457
475
444
462
535
538
508
495
465
371
311
316
265
170
97
54
-3
-85
-123
-165
-229
-239
-221
-268
-320
-325
-303
-288
-305
-280
-282
-321
-279
-197
-158
-193
-189
-130
-137
-141
-80
-27
-33
-31
38
55
0
-14
23
19
-61
-109
-92
-123
-143
-71
-28
-10
29
54
70
43
40
102
117
137
185
199
212
236
286
286
249
262
287
263
220
203
168
101
46
43
60
4
-39
-18
-33
-68
-68
-43
-56
-112
-113
-80
-115
-184
-189
-181
-244
-279
-253
-270
-302
-276
-229
-232
-244
-187
-145
-162
-154
-85
-27
-6
83
191
219
262
329
370
376
401
458
483
459
418
387
358
306
237
199
115
14
-38
-99
-195
-252
-292
-365
-444
-526
-558
-597
-642
-615
-570
-573
-568
-514
-471
-455
-408
-330
-235
-182
-103
0
30
103
212
281
295
311
401
491
529
588
676
691
653
682
692
625
584
570
531
453
419
394
329
270
243
248
181
86
37
-47
-119
-144
-157
-183
-213
-213
-237
-311
-365
-399
-397
-393
-402
-366
-373
-440
-430
-376
-342
-306
-255
-221
-226
-236
-214
-186
-230
-241
-202
-225
-287
-318
-293
-285
-270
-215
-149
-99
-64
13
63
42
72
163
210
236
293
330
320
306
347
378
366
357
355
336
289
255
250
214
162
145
110
56
36
14
-9
-25
-44
-68
-103
-143
-163
-155
-153
-145
-88
-77
-103
-79
-54
-78
-122
-149
-182
-162
-126
-102
-45
-41
-53
11
51
44
93
144
152
200
271
302
280
273
331
371
342
341
356
321
267
259
245
175
129
122
75
-28
-105
-120
-158
-239
-261
-277
-350
-400
-383
-376
-420
-443
-412
-378
-374
-337
-288
-287
-316
-267
-190
-157
-98
-18
77
108
131
211
236
227
270
317
286
245
271
342
355
353
374
356
329
304
293
260
166
92
77
24
-57
-101
-130
-191
-275
-291
-305
-418
-496
-478
-480
-498
-493
-457
-450
-453
-411
-378
-345
-316
-258
-178
-137
-109
-52
32
77
119
190
226
206
209
272
302
301
325
363
409
432
434
443
439
410
369
349
369
364
355
359
323
285
265
232
180
138
85
39
-1
-46
-70
-68
-53
-56
-111
-192
-262
-312
-357
-388
-386
-377
-400
-421
-400
-391
-386
-373
-383
-382
-310
-264
-239
-198
-148
-96
-45
14
60
90
85
85
122
155
179
216
247
251
274
332
355
354
339
326
296
238
208
222
219
189
196
201
145
70
43
7
-45
-90
-131
-157
-182
-179
-164
-173
-237
-267
-241
-248
-284
-286
-292
-318
-269
-217
-187
-175
-123
-20
-9
-17
16
53
63
86
150
177
141
135
200
255
272
292
306
274
260
285
279
197
137
132
96
39
-8
-30
-54
-65
-77
-100
-131
-204
-238
-238
-291
-336
-299
-301
-344
-322
-268
-253
-289
-243
-184
-190
-145
-106
-70
-21
-7
11
50
57
61
131
162
149
201
254
253
288
330
294
256
258
231
207
243
253
236
241
233
202
144
92
62
59
36
-6
45
60
1
-32
-17
-21
-88
-124
-113
-140
-185
-179
-151
-171
-223
-223
-236
-278
-291
-244
-238
-256
-225
-162
-141
-176
-124
-91
-116
-114
-63
-35
-54
-44
6
62
62
90
151
166
156
200
265
245
235
273
283
235
202
217
200
171
157
139
114
104
92
94
65
10
-36
-50
-49
-63
-71
-72
-79
-68
-47
-88
-92
-65
-103
-144
-141
-156
-192
-171
-158
-144
-117
-133
-94
-41
-54
-58
-14
-11
-54
-35
32
57
55
120
183
166
169
219
217
160
122
108
49
19
34
19
-1
-23
-36
-56
-78
-80
-58
-87
-128
-99
-94
-126
-127
-107
-103
-125
-152
-141
-139
-164
-137
-83
-66
-33
8
2
-23
-3
13
38
69
64
98
116
96
120
147
114
90
128
128
74
77
109
76
24
19
31
11
-22
-12
29
52
19
-5
36
16
-42
30
103
31
-9
58
37
-16
48
55
17
9
7
-31
-92
-139
-164
-135
-128
-136
-141
-80
-71
-93
-22
10
-10
20
65
34
-7
-3
-13
-43
-16
46
76
98
126
109
65
-6
-51
-50
-68
-98
-63
14
38
52
113
98
52
46
20
36
79
88
114
173
141
116
181
177
100
107
104
43
36
15
-18
36
44
-17
-3
-3
-72
-89
-30
-26
-54
-62
-82
-114
-138
-165
-156
-109
-151
-205
-122
-80
-187
-165
-90
-149
-168
-126
-124
-95
-103
-139
-49
-55
-148
-31
66
-16
2
95
28
-28
34
43
29
37
22
5
22
-1
-20
44
77
39
44
93
25
-9
121
111
60
218
257
166
192
173
64
56
59
8
19
-20
-83
-49
-37
-70
-2
52
17
-10
-42
-40
-24
0
91
99
-45
-75
-17
-131
-124
27
-19
-77
-12
-27
-95
-99
-94
-94
-113
-145
-124
-78
-53
22
146
195
171
178
235
207
119
185
237
133
95
152
147
108
143
185
138
24
14
91
27
-58
17
32
-79
-60
-14
-41
-48
-65
-59
-66
-193
-212
-103
-120
-204
-155
-143
-214
-183
-135
-130
-175
-203
-128
-78
-134
-90
-6
-46
-41
11
26
51
47
45
121
88
4
91
123
22
74
154
97
95
104
47
26
31
3
-14
-12
-62
-57
-9
-22
-61
-24
7
-58
-44
-19
-93
-94
-34
-67
-51
-29
-96
-62
-44
-121
-71
22
-37
18
121
31
42
84
18
75
77
-53
2
55
-49
31
139
96
122
122
57
66
32
-15
83
104
8
76
139
55
54
90
45
-12
0
2
-75
-106
-80
-113
-129
-64
-95
-89
30
-25
-77
44
-25
-101
94
88
-48
48
15
-132
-57
-45
-80
63
89
51
168
100
28
125
43
-43
31
-24
-81
-21
-101
-84
70
41
59
207
129
90
194
108
59
117
79
42
41
24
17
-1
19
72
39
13
50
-16
-51
-14
-66
-64
-16
-102
-109
-44
-139
-130
-8
-78
-151
-93
-109
-149
-123
-98
-105
-128
-154
-134
-112
-124
-90
-55
-38
-25
-34
-1
35
10
62
131
84
54
83
83
83
63
68
131
88
34
89
68
-20
26
43
-22
-19
-29
-57
-35
-44
-64
-40
-76
-106
-96
-141
-139
-71
-63
-27
-8
-55
2
48
-54
-34
52
-79
-131
-40
-114
-146
-21
-11
-40
25
56
44
76
57
61
90
45
57
103
109
136
171
192
203
170
127
144
155
82
91
159
100
25
74
53
-41
8
70
-13
-12
42
-47
-39
17
-48
0
86
11
-1
72
12
-26
47
-19
-92
-39
-79
-134
-83
-47
-55
-48
-9
31
-8
-7
36
39
34
15
-28
-67
-66
-77
-53
24
16
17
99
76
43
80
69
26
24
31
1
-25
-37
-42
-37
-76
-59
-12
-50
-67
12
46
-15
-10
12
-51
-80
-38
-38
-84
-104
-102
-82
-60
-59
-52
-33
-23
-33
-11
15
-33
-71
-3
18
-66
-79
-22
-74
-152
-96
-82
-110
-56
10
-2
-21
-16
-29
-51
-89
-75
-65
-104
-90
-78
-104
-47
-20
-93
-17
50
-46
1
105
-10
-29
95
26
7
128
79
21
111
92
52
149
170
133
195
189
119
126
105
55
66
101
114
141
152
150
121
100
97
85
66
18
24
75
88
75
81
74
45
8
-6
4
-20
-75
-88
-61
-102
-120
-101
-144
-175
-114
-85
-92
-35
-39
-46
29
12
-44
47
56
-45
17
78
-2
31
94
34
48
92
63
69
73
34
31
28
-25
-5
26
-20
-18
-10
-17
-11
-5
10
16
-54
-73
-50
-74
-73
-52
-40
-30
-48
-64
-48
-83
-101
-62
-40
-79
-74
-62
-83
-99
-113
-73
-39
-82
-57
9
-64
-73
42
32
-12
46
9
-59
-41
-56
-89
-65
-87
-85
-13
-27
-57
-16
4
4
22
22
8
-47
-33
70
60
3
59
71
-34
-31
18
-14
14
49
61
97
61
19
55
65
27
61
92
4
-38
-28
-55
-74
-44
-5
5
-17
-10
39
53
46
43
41
30
9
-7
25
17
-25
37
63
-27
-11
69
26
28
91
52
43
128
120
92
119
106
78
89
53
25
79
97
92
138
172
116
68
79
43
-13
50
89
27
31
57
-13
-4
45
11
58
82
-52
-91
-67
-170
-132
-15
-67
-55
27
-59
-100
-73
-98
-49
-41
-97
-68
-89
-140
-49
-18
-74
-38
-28
-73
-60
-70
-56
-33
-82
-86
-68
-109
-85
-31
-67
-49
-56
-147
-114
-83
-138
-66
-40
-133
-71
-14
-61
23
88
35
75
83
26
65
46
-6
47
19
-22
61
18
-11
69
27
17
107
80
72
102
-29
-62
32
1
21
114
70
21
11
-36
-12
5
-7
16
-17
-129
-130
-113
-116
-35
-33
-33
0
-63
-88
-45
-105
-119
-17
-14
-13
58
47
70
95
42
85
94
6
58
102
38
98
127
55
105
107
27
105
119
58
130
94
24
117
110
84
202
176
133
170
52
1
91
10
-10
84
-8
-47
55
10
16
112
37
7
39
-25
-47
-52
-83
-63
-76
-63
-15
-75
-94
-30
-78
-90
-25
-82
-113
-101
-159
-156
-125
-149
-123
-99
-110
-43
-42
-45
34
-7
-45
9
-78
-125
-5
-49
-26
179
115
43
114
-37
-108
-1
-73
-81
37
-66
-83
45
-39
-17
98
-11
-18
40
-84
-95
-19
-96
-49
75
6
-1
49
-12
-30
4
9
13
15
17
12
-40
-36
-2
-18
28
74
22
67
105
3
39
88
20
101
158
40
38
4
-137
-76
-44
-101
41
84
-21
72
52
-103
4
20
-103
8
2
-124
-6
0
-101
16
11
-81
34
49
-28
24
-17
-70
30
27
33
108
20
8
78
8
23
119
52
63
120
15
30
78
-6
36
98
7
61
140
38
26
66
4
25
82
54
56
19
-35
-44
-94
-127
-69
-58
-55
7
-48
-112
-52
-50
-76
-38
-15
-32
-38
-38
-45
-37
10
83
89
64
50
-22
-31
11
-21
15
107
69
30
69
-1
-43
19
16
24
56
39
49
36
-43
-25
6
-31
28
98
71
68
79
15
-9
6
-15
12
18
-36
-55
-74
-127
-112
-47
-26
-16
-36
-91
-83
-77
-109
-73
-66
-115
-85
-49
-76
-53
4
-1
-10
-11
-87
-119
-70
-63
-59
-44
-97
-145
-102
-108
-110
-43
-33
-35
9
-20
-44
-3
2
42
90
35
-17
-8
-34
14
106
109
139
174
130
122
114
15
2
33
-21
-35
-23
-52
24
135
107
111
107
2
19
104
70
69
121
92
95
116
62
53
76
51
34
19
-42
-58
-6
28
45
67
61
1
-36
-29
-63
-108
-60
17
70
140
171
122
88
76
15
-7
16
-18
-52
-25
-86
-157
-81
-15
-4
69
81
16
7
-23
-75
-66
-68
-41
38
20
-29
-34
-57
-69
-5
13
-6
39
33
-9
18
10
-42
1
26
-30
-62
-98
-139
-122
-93
-72
-33
-38
-26
22
13
4
-11
-71
-53
-30
-109
-122
-47
-73
-99
-21
-45
-94
-30
-3
-45
-8
19
-31
7
60
21
14
31
-6
-26
23
30
-18
-7
19
19
39
61
47
35
40
-7
-44
-24
-44
-39
-16
-70
-41
11
-51
-45
-12
-82
-97
-31
-50
-52
10
1
-4
43
39
31
69
66
34
40
43
49
57
65
138
158
124
153
134
67
79
56
-26
-13
6
-28
38
96
71
92
107
78
81
94
70
77
70
31
51
43
20
51
65
29
22
6
-12
14
-5
-15
-13
-17
-7
-16
-35
-30
-59
-82
-61
-70
-83
-47
-11
-2
27
11
-21
-11
-26
-73
-69
-47
-54
-16
16
-18
-26
-1
-1
-2
-13
-36
-45
-64
-72
-61
-70
-71
-49
-33
-37
-50
-60
-72
-90
-80
-59
-91
-86
-61
-100
-108
-73
-85
-81
-30
-36
-55
-27
-52
-52
-2
-36
-48
-3
-29
-53
-31
-37
-24
33
38
47
105
106
124
172
131
91
108
88
82
109
85
76
117
105
92
93
71
60
45
45
43
11
11
28
2
-15
2
-15
-17
25
26
19
50
37
10
14
-34
-70
-56
-45
-21
5
-13
-4
39
35
58
84
31
11
31
-13
-59
-53
-81
-102
-78
-75
-56
-17
-6
9
34
10
-9
7
5
-16
-43
-81
-117
-135
-108
-71
-75
-56
-22
-25
-22
-19
-14
25
28
21
49
15
-15
28
36
29
42
26
25
58
52
51
87
90
112
144
116
98
103
75
38
44
30
-8
-8
-23
-34
-31
-35
-4
29
26
39
26
-3
-10
-17
-35
-40
-61
-91
-75
-85
-89
-62
-58
-59
-33
-2
2
18
18
1
15
-13
-54
-32
-32
-46
-16
-20
-18
27
41
38
42
41
27
0
-41
-45
-46
-58
-34
-3
30
44
42
28
17
-2
-16
1
-1
-6
-10
-21
-33
-39
-41
-39
-49
-47
-25
-28
-36
-23
-30
-51
-36
-42
-63
-55
-84
-108
-70
-43
-34
-16
-36
-42
-19
-29
-48
-29
5
9
16
2
21
54
28
34
46
31
36
60
48
70
122
131
100
67
69
73
80
62
50
49
46
50
44
48
49
71
66
45
51
60
91
84
66
80
80
44
62
84
59
93
120
94
71
69
20
16
29
-11
-2
14
-31
-57
-47
-64
-34
-21
-37
-18
-24
-63
-60
-38
-56
-59
-97
-128
-146
-161
-129
-88
-82
-46
-24
-81
-66
-76
-126
-110
-117
-145
-94
-67
-91
-49
-42
-60
-3
4
-26
18
11
-37
-3
-1
-7
49
36
25
69
27
-2
32
22
34
63
55
46
32
10
23
6
-24
28
20
-14
13
2
-20
41
60
45
74
37
17
61
46
17
27
3
-12
6
-34
-53
-35
-69
-59
-36
-48
-28
-5
-17
-17
-29
-59
-36
-26
-29
-2
-21
-31
6
-12
-13
42
29
34
86
51
21
41
17
17
46
19
29
69
63
92
118
96
100
97
64
80
78
41
35
4
-22
6
-13
-21
44
28
12
46
-1
-34
16
-9
-27
23
-9
-25
20
5
-9
28
6
-23
3
-41
-62
-29
-43
-55
-19
-31
-45
-21
-38
-37
-43
-81
-92
-70
-74
-55
-26
-42
-46
-22
-14
-35
-26
-17
-13
1
15
4
0
28
35
17
26
22
0
21
36
25
26
48
40
30
42
10
-4
40
42
20
25
22
-10
-6
11
-12
2
33
26
13
-6
-44
-56
-48
-60
-58
-56
-82
-85
-84
-86
-43
-19
-38
-30
-10
-43
-39
-22
-33
-13
18
27
23
21
12
15
-7
-13
-1
-13
-9
8
-9
-27
-8
-17
0
35
19
20
32
22
34
56
34
39
61
25
15
32
13
2
29
29
35
42
26
32
40
47
64
75
47
40
26
4
23
21
6
21
23
14
48
73
64
33
20
4
-18
-23
-35
-29
-30
-38
-47
-58
-59
-55
-42
-18
4
5
-4
-14
-12
-2
2
0
14
19
4
9
6
-19
-32
-37
-29
-41
-48
-41
-39
-34
-35
-43
-50
-39
-23
1
33
46
44
50
57
41
19
20
20
17
16
4
0
11
22
8
-6
0
-2
9
16
-15
-42
-43
-34
-23
-7
-16
-20
-16
-28
-28
-17
0
9
15
8
-9
-16
-10
-4
4
12
7
-2
-7
1
-3
-18
-23
-26
-27
-15
12
30
26
46
62
42
45
49
22
24
24
-12
-17
2
-32
-59
-38
-46
-34
-5
-5
-13
-22
-24
-28
-18
-14
-24
-23
-6
11
22
20
16
16
10
20
14
0
-5
-16
-27
-46
-40
-39
-39
-15
3
11
19
14
-4
7
26
44
29
-5
-15
-13
-13
-7
6
17
47
66
43
37
42
31
40
43
2
-16
-5
-10
-13
-11
-19
-11
6
12
18
12
5
-6
-28
-23
-3
-1
16
46
45
35
21
0
-3
26
41
33
1
-55
-78
-73
-55
-28
-19
-22
-13
-8
-17
-18
-21
-16
0
17
8
-2
-16
-30
-7
22
35
49
51
52
66
64
47
45
51
56
66
53
28
16
14
15
27
22
20
25
-1
-11
-7
-19
-13
8
3
-15
-21
-39
-58
-63
-66
-43
-12
-9
-13
-24
-30
-14
-5
-17
-17
-19
-33
-41
-48
-51
-48
-31
-35
-47
-54
-47
-28
-19
-5
0
-1
-7
-27
-43
-39
-19
-19
-23
-4
12
8
-11
-22
-41
-42
-31
-12
2
1
-5
-13
-20
-36
-46
-32
-10
-9
-3
-17
-18
15
29
48
48
24
26
37
37
22
20
25
28
25
6
-2
2
17
31
27
18
23
23
14
19
31
38
51
57
39
32
38
55
77
71
65
52
22
12
15
10
22
43
35
29
27
16
21
37
41
50
53
40
29
24
30
14
3
-4
-6
-11
-21
-28
-40
-22
-20
-40
-37
-36
-36
-42
-38
-19
0
12
-4
5
18
7
-2
-19
-35
-33
-3
8
16
18
-6
-35
-50
-61
-73
-57
-41
-40
-38
-33
-38
-49
-15
-12
-30
-18
-27
-29
-19
-26
-36
-17
14
16
13
6
-13
-10
-4
-7
1
6
-20
-38
-18
-14
-20
-33
-36
-24
-20
-12
-15
-10
11
11
-13
-28
-29
-25
-9
-7
-11
-16
-14
-5
-9
-5
5
5
6
19
9
5
26
26
29
39
17
-2
-7
-42
-44
-36
-41
-13
5
19
42
67
71
77
79
58
37
12
-4
4
7
17
34
43
35
20
6
-10
-22
-33
-30
-20
-13
2
20
31
42
40
25
49
77
78
72
65
66
85
101
91
71
54
37
35
21
-6
-19
-29
-26
-14
-9
-26
-48
-25
-3
-1
3
-15
-33
-23
-24
-41
-47
-36
-27
-15
-7
-21
-10
20
36
28
9
-6
-4
5
0
4
-9
-23
-21
-21
-20
-16
-2
3
8
2
-6
-11
-24
-21
-48
-74
-81
-77
-67
-62
-48
-35
-12
9
24
6
-34
-41
-40
-36
-30
-34
-40
-15
-14
-42
-67
-60
-37
-17
4
-10
-23
-7
3
5
9
2
7
44
40
-15
-42
-56
-49
-25
-24
-32
-22
6
27
30
23
2
8
13
-7
-31
-45
-36
-16
6
9
17
33
45
54
37
8
4
13
26
50
52
42
54
79
90
89
67
44
39
36
32
22
24
35
56
83
83
77
73
62
51
38
32
16
3
20
51
67
57
52
44
40
38
25
1
-31
-37
-49
-62
-75
-92
-76
-53
-48
-72
-96
-104
-84
-52
-46
-51
-50
-41
-27
-28
-27
-33
-22
4
15
14
-14
-21
-8
14
38
42
52
65
67
40
16
2
12
18
1
-9
-18
-18
-6
-7
-7
-7
-16
-14
-6
-7
-10
-9
-1
10
26
9
-9
-14
-23
-14
-5
3
12
16
-1
-25
-53
-87
-86
-62
-47
-33
-12
-5
-8
-28
-47
-54
-48
-36
-26
-22
-26
-3
10
15
18
2
-8
2
3
-15
-24
-24
-11
12
27
14
-6
-5
7
29
27
21
31
31
40
31
15
12
30
64
86
81
49
25
19
8
15
19
22
36
38
37
24
11
6
17
27
19
0
-27
-36
-29
-23
-17
-15
-11
-13
-22
-29
-24
-11
-4
-7
-22
-47
-48
-30
-28
-31
-28
-21
-28
-33
-39
-44
-20
13
43
54
37
17
5
-1
8
21
21
23
33
35
39
43
45
56
74
73
61
73
84
79
94
70
38
41
33
16
12
26
38
57
59
42
32
18
8
-2
-22
-39
-45
-34
-25
-32
-45
-49
-50
-47
-52
-72
-86
-80
-67
-73
-72
-80
-94
-84
-71
-65
-66
-61
-61
-65
-58
-65
-74
-63
-53
-48
-28
-6
3
7
28
20
1
22
24
11
-5
-16
-25
-12
16
22
26
43
53
66
70
46
12
0
-9
-17
-21
-26
-26
-2
24
23
28
36
43
55
48
18
-13
-23
-13
-5
-3
-12
-9
16
46
63
70
71
75
69
63
44
-5
-39
-66
-68
-54
-35
-7
14
28
36
34
20
11
-9
-19
-7
-9
-23
-24
-4
-1
8
18
12
31
42
43
39
27
12
-2
-12
-27
-41
-45
-41
-34
-36
-28
-26
-38
-34
-37
-42
-37
-24
-7
19
46
42
25
16
2
1
26
49
67
82
100
107
110
109
87
71
87
91
78
69
51
39
58
70
43
19
8
-10
-12
-21
-51
-62
-55
-49
-61
-77
-94
-98
-73
-65
-72
-73
-79
-82
-84
-98
-113
-106
-77
-48
-20
-5
-11
-22
-17
-15
-33
-41
-40
-35
-27
-10
-7
-4
20
24
26
30
12
-24
-43
-52
-59
-52
-42
-24
-6
1
0
-8
-12
-9
-2
4
-5
-13
-18
-9
7
16
28
35
32
17
2
6
10
25
39
34
46
47
30
24
13
-5
-1
11
17
24
36
65
82
90
86
69
54
38
22
20
30
31
13
7
28
37
43
61
63
53
49
43
18
10
-3
-20
8
24
6
0
2
-18
-35
-22
-33
-41
-25
-32
-43
-45
-51
-58
-40
-29
-34
-29
-29
-30
-10
6
-6
-12
-20
-25
-12
-3
-2
-14
-8
9
6
14
21
30
43
46
36
24
21
9
-10
-24
-24
-21
-5
12
15
16
17
14
3
-6
-6
-3
-18
-39
-35
-39
-45
-38
-43
-42
-24
-9
-4
1
2
-5
10
21
6
-9
-8
12
27
33
11
-15
-14
-12
-11
-2
5
10
25
34
11
-7
-9
-6
-1
-2
-12
-30
-31
-40
-60
-49
-15
11
30
34
11
3
5
-3
-11
-21
-28
-34
-39
-36
-43
-45
-22
-5
-2
-9
-20
-29
-20
-21
-20
-2
-10
-23
-33
-38
-18
9
26
34
30
21
26
37
34
19
9
16
36
42
34
29
43
66
73
72
55
45
64
70
65
57
36
28
35
26
8
12
13
14
19
12
7
3
11
12
22
14
-7
-13
-9
-5
-4
11
7
-13
-24
-34
-33
-35
-41
-43
-35
-26
-6
8
2
0
4
-8
-21
-40
-50
-40
-24
-7
11
20
18
25
22
8
13
12
-10
-13
-22
-35
-18
-7
-4
15
28
33
40
23
-19
-34
-31
-39
-41
-40
-43
-42
-37
-36
-40
-40
-39
-32
-16
-15
-25
-34
-49
-66
-64
-65
-48
-20
-7
-5
2
14
2
10
13
12
26
41
38
32
43
49
57
76
70
56
58
55
64
69
55
54
48
18
7
13
3
0
17
2
-10
10
1
-13
-12
-33
-52
-51
-66
-77
-85
-84
-76
-57
-32
-33
-41
-41
-50
-66
-69
-57
-50
-30
-4
1
0
-1
-11
-10
4
10
12
13
27
29
39
48
36
43
50
48
44
46
48
36
49
64
59
51
45
36
34
46
50
45
34
25
18
22
27
30
31
41
46
43
37
35
36
25
29
27
20
18
12
17
28
34
22
22
24
7
0
0
-5
-10
-12
-12
-10
-18
-30
-30
-20
-29
-43
-47
-41
-44
-53
-57
-55
-62
-62
-54
-60
-64
-74
-96
-95
-84
-71
-45
-24
-27
-39
-43
-63
-85
-82
-66
-39
-13
-1
-8
-14
-14
-20
-22
-18
-17
-14
-7
-5
1
9
16
27
39
50
56
49
45
51
46
38
34
33
35
45
57
64
72
54
44
42
26
7
-5
0
1
12
25
19
17
22
27
43
40
14
-10
-14
-13
-22
-37
-51
-50
-30
-14
-2
14
12
7
13
7
-17
-34
-30
-33
-29
-16
-19
-22
-11
-8
-2
15
18
14
27
20
12
1
-10
-12
0
15
3
-7
-9
1
17
23
26
30
27
14
12
9
2
23
52
61
81
76
53
43
30
23
15
5
-7
-19
-10
9
18
28
31
23
15
13
-2
-13
-18
-16
-9
1
8
-9
-18
-24
-21
-20
-29
-32
-37
-39
-27
-15
-15
-15
-5
-14
-29
-53
-77
-67
-59
-52
-28
-6
-11
-10
-4
-12
-26
-48
-69
-75
-70
-58
-41
-17
-4
-6
-1
-9
-15
-5
1
5
9
11
-2
-1
7
11
25
53
77
73
54
42
27
8
-6
-14
-18
-11
6
1
11
12
4
13
16
10
7
-9
-18
-27
-43
-44
-27
-13
-5
24
37
45
49
24
2
-1
3
7
22
21
8
14
14
12
27
39
50
58
55
36
17
15
17
20
25
24
5
-10
-11
-5
1
19
26
26
27
22
3
0
3
-17
-19
-27
-43
-36
-28
-32
-20
-13
-19
-12
-6
-19
-9
15
14
8
-1
-21
-15
2
4
4
7
-5
-10
-5
-3
-6
-16
-16
-20
-33
-27
-24
-30
-19
-11
-17
-5
4
-10
5
25
13
9
10
-12
-27
-4
12
12
18
13
2
36
51
27
33
34
8
11
17
-20
-30
-20
-19
4
31
18
7
15
-8
-24
-12
-36
-56
-24
-15
-17
7
-9
-26
8
5
-6
39
31
-10
-1
-25
-64
-45
-45
-50
-1
8
-1
14
-1
-14
3
-4
-4
14
-2
-3
-2
1
23
28
21
30
18
-10
-3
-11
-23
-1
-11
-48
-43
-49
-64
-25
-4
-14
-4
-2
-27
-17
-5
-16
1
11
5
12
4
-8
0
14
30
44
46
46
63
52
36
29
17
24
42
51
64
68
61
39
21
15
-10
-22
-7
7
4
25
27
-6
13
22
-1
20
36
8
10
9
-22
-14
-2
0
37
43
16
21
1
-33
-15
-22
-36
0
-8
-28
-2
-14
-35
0
-4
-14
16
-8
-30
-18
-36
-49
-29
-40
-32
-12
-30
-20
-10
-30
-14
10
-14
-17
-14
-37
-24
-5
-24
-13
0
-28
-28
-26
-36
-19
6
7
13
11
-4
-16
-17
-25
-19
1
-10
-23
-24
-25
-34
-16
5
4
21
18
-7
6
20
10
32
42
24
39
38
13
40
54
32
58
61
10
9
1
-24
19
41
14
32
26
-23
0
14
-5
24
20
-16
-4
-22
-45
-15
-9
-11
14
7
-15
-3
-15
-22
-8
-21
-32
-23
-21
-10
1
-1
19
18
10
37
27
-6
15
3
-17
21
4
-28
18
7
-33
4
-13
-46
-8
-25
-43
-10
-28
-36
10
-6
-13
31
22
21
50
16
4
27
-3
8
43
22
21
40
11
10
31
13
9
18
-5
-17
-9
-26
-31
-14
-5
-1
-4
-8
-5
-8
-11
5
5
6
21
22
16
16
7
-9
3
3
-19
-8
6
-18
-24
12
18
11
44
37
4
18
10
-9
6
-2
-30
-20
-5
-21
-18
-18
-27
-11
-8
-11
-2
-25
-38
-12
-16
-19
22
18
-5
26
15
-34
-18
-11
-28
6
15
-14
-7
-4
-29
-14
-4
-14
-3
4
2
13
8
-17
-14
-6
4
20
1
-13
-5
-22
-35
-6
-5
-18
-4
-19
-53
-38
-28
-40
-13
15
3
6
31
15
11
23
17
24
45
38
31
44
23
18
19
2
15
26
0
1
19
-17
-16
4
-32
-23
20
-1
12
44
31
28
52
37
21
35
16
-1
-1
-12
-16
-28
-31
1
3
7
26
9
-8
17
8
-4
23
8
-12
13
19
-1
21
24
-1
3
-13
-37
-27
-33
-44
-40
-45
-45
-24
-23
-22
-1
-15
-17
13
7
0
24
17
-3
23
30
25
55
63
38
36
28
0
2
16
2
-11
-15
-23
-29
-13
-5
-7
0
-4
-13
-10
-3
-9
-24
-22
-10
-13
1
8
-9
-13
-5
-14
-5
28
20
10
15
-16
-39
-39
-47
-47
-48
-54
-45
-35
-44
-22
12
-4
-1
15
-19
-18
8
-20
-13
28
8
1
30
6
-6
31
33
20
33
31
16
22
15
-20
-38
-38
-18
3
-3
7
4
-2
21
22
13
17
20
18
28
24
12
9
-5
4
22
7
17
28
0
6
14
-13
2
20
-4
10
29
5
12
16
-21
-3
8
-27
-7
-1
-31
-15
3
-18
3
21
4
18
15
-6
2
-4
-9
-4
-21
-7
16
-7
0
16
-19
-18
13
-14
-14
18
-17
-16
20
7
12
44
33
29
40
12
9
25
13
20
12
-11
14
11
-12
13
1
-23
7
9
-13
7
3
-19
4
1
-29
-13
-5
-14
-8
-32
-48
-37
-54
-42
-1
11
21
26
-5
-10
-4
-37
-39
-34
-66
-62
-54
-69
-40
-14
-25
-1
19
0
11
23
1
0
13
9
8
10
6
15
12
14
21
9
17
32
25
27
27
3
14
35
17
20
30
9
1
5
4
15
21
10
17
16
3
23
27
17
31
20
-18
-10
1
-34
-32
-6
-23
-37
-34
-52
-73
-61
-52
-75
-63
-19
-25
-33
15
13
-23
6
17
-13
15
35
8
36
58
26
47
79
54
56
76
59
51
49
22
18
6
-13
16
12
-16
7
7
-7
15
-2
-36
-4
5
-25
-5
6
-28
-31
-16
-22
-17
0
3
-2
1
3
-21
-43
-13
-11
-17
29
28
-20
5
16
-24
12
36
-8
17
44
10
16
24
-19
-22
8
-5
-7
8
3
-8
-12
-3
-13
-35
-22
-20
-64
-57
-29
-66
-58
-2
-28
-40
16
1
-20
10
0
-25
-8
12
13
23
33
22
-8
-7
3
-16
-13
12
-4
-14
9
-4
-6
28
33
37
43
26
40
56
30
43
46
0
17
34
-12
2
17
-33
-1
36
-19
-4
21
-16
-6
10
-26
-27
-20
-54
-46
-36
-51
-40
-32
-26
-4
-20
-31
-16
-32
-23
7
-17
-24
13
3
-6
16
-6
-13
23
24
9
23
17
-2
13
30
22
17
25
30
30
29
24
18
23
28
25
35
22
16
35
21
18
34
-2
-8
27
-1
-9
37
16
4
47
-1
-40
6
-38
-72
-14
-35
-68
-8
-28
-66
-9
-17
-39
0
-17
-36
-14
-20
-5
16
-8
-2
9
-23
1
32
4
27
47
-3
19
41
18
37
42
18
30
41
32
39
18
8
18
-15
-17
-3
-38
-27
9
-25
-8
29
-16
-8
21
-37
-26
2
-43
-26
-13
-68
-50
-20
-55
-23
2
-40
-9
-3
-45
0
8
-17
38
23
-27
17
-6
-57
-3
-12
-49
12
-2
-38
26
18
-4
45
25
-19
-3
-16
-22
15
8
16
40
13
29
56
38
64
77
18
9
21
-42
-46
-2
-23
-14
13
-23
-32
-9
-19
-13
7
2
-3
7
4
-3
-5
10
30
32
30
26
9
15
25
7
1
13
