1
4
17
25
22
19
17
8
2
-14
-18
-15
-22
-25
-16
-9
-9
10
23
21
9
-3
5
12
14
14
21
25
17
9
8
2
-4
0
-4
-11
-12
-17
-20
-14
-4
1
-1
2
-4
-18
-30
-37
-41
-43
-55
-62
-49
-26
-11
-6
-6
-1
3
1
12
-2
-18
-14
-12
-9
-4
14
24
27
38
53
69
75
90
98
79
60
48
38
38
42
51
49
48
52
50
47
50
52
40
29
20
9
-4
-10
-6
-2
0
-1
-8
-19
-26
-26
-31
-40
-49
-64
-68
-72
-65
-51
-54
-58
-65
-67
-62
-64
-66
-65
-58
-35
-21
-13
-16
-14
-2
2
9
12
9
5
16
20
22
17
12
11
15
22
12
5
22
36
29
22
9
2
0
-12
-16
-11
-2
-1
1
0
-8
-1
11
19
8
-16
-29
-37
-43
-55
-66
-59
-47
-31
-18
-14
-12
-3
10
10
6
9
6
16
27
23
16
14
21
26
27
15
6
3
1
-2
-3
-6
-9
-7
0
7
13
21
21
21
29
38
43
45
47
53
52
47
39
27
23
22
17
14
17
24
30
31
26
17
8
1
-4
-20
-33
-41
-34
-13
-8
-8
-7
-7
2
7
3
-3
-3
-6
-11
-20
-34
-33
-24
-6
11
16
13
-3
-10
-9
-8
-11
-16
-15
-7
4
4
-9
-27
-31
-26
-12
-6
-10
-7
-14
-12
0
3
-2
-3
8
15
6
-6
-5
0
7
16
21
15
3
4
13
19
13
10
4
0
-4
-10
-19
-26
-21
-9
-3
-14
-6
8
28
37
23
10
-12
-16
-18
-27
-25
-15
-3
3
6
15
17
5
-9
-16
-23
-19
-12
-6
3
13
11
-1
0
4
9
7
-2
-17
-33
-39
-48
-48
-37
-43
-52
-45
-39
-43
-43
-41
-30
-21
-14
-13
-19
-19
-16
-19
-17
-15
-10
6
24
36
38
42
58
62
62
58
46
43
32
33
35
30
28
29
42
44
46
59
56
50
36
20
13
7
13
10
-2
-7
-13
-8
-4
8
23
26
23
20
26
26
28
30
23
11
-7
-12
-21
-23
-16
-9
0
7
13
20
17
11
6
-9
-28
-46
-35
-15
-4
5
7
17
22
16
11
5
2
0
-5
-12
-22
-20
-24
-24
-28
-38
-45
-49
-35
-29
-24
-17
-8
-6
-22
-33
-41
-45
-44
-54
-59
-51
-42
-29
-21
-16
-6
4
11
-1
-16
-25
-30
-21
-10
0
2
8
14
12
5
-7
-7
-17
-25
-10
3
13
14
5
-20
-30
-36
-33
-17
-8
-6
-4
-3
-2
4
20
28
30
43
52
58
61
66
73
68
73
76
66
50
41
35
21
8
-5
-20
-33
-35
-24
-14
2
4
-5
0
3
1
-1
-6
-21
-23
-13
0
0
-4
-5
-8
-8
-6
-1
4
5
12
19
12
2
-3
-4
3
9
14
18
22
36
39
31
30
34
30
21
22
19
10
8
4
8
18
22
23
20
28
31
33
33
25
18
12
4
-12
-25
-34
-42
-50
-58
-61
-54
-49
-48
-47
-48
-43
-39
-50
-66
-77
-89
-98
-89
-75
-55
-44
-26
-3
4
2
-17
-22
-18
0
11
3
2
2
15
25
26
17
16
13
14
29
33
28
22
31
38
33
34
39
41
42
44
39
38
38
34
20
15
10
5
10
10
8
11
20
22
16
3
-19
-31
-35
-36
-29
-23
-10
-17
-23
-14
-8
-4
-15
-26
-29
-37
-36
-30
-29
-27
-28
-25
-24
-20
-13
-5
4
16
27
30
42
48
57
64
62
58
43
24
25
34
28
19
12
2
-3
-4
0
6
1
-2
3
-4
-7
-10
-14
-12
-16
-19
-20
-13
-15
-24
-22
-12
-9
-3
2
1
-4
-14
-16
-21
-19
-26
-16
15
33
48
58
58
58
53
35
18
-7
-30
-38
-27
-9
-4
-7
-18
-23
-23
-24
-29
-30
-28
-21
-8
2
6
-2
-11
-6
10
16
7
8
7
13
13
0
-6
-12
-9
-10
-14
-19
-13
-2
-4
-12
-14
-2
12
13
15
15
11
15
21
20
9
7
12
3
-1
-3
-5
-3
-4
-2
-2
6
19
31
28
17
1
-24
-33
-33
-37
-29
-15
-4
3
-4
-24
-30
-28
-30
-26
-23
-27
-35
-36
-34
-35
-19
4
26
36
34
31
24
16
19
35
38
39
28
24
20
17
28
29
20
6
-3
-12
-21
-35
-46
-43
-45
-36
-18
-20
-27
-30
-30
-19
-26
-34
-31
-29
-22
-13
2
4
1
-9
-14
-7
-2
10
17
24
34
38
36
36
40
46
49
48
35
22
22
18
17
17
15
11
9
7
-8
-20
-20
-15
-1
10
21
31
36
37
37
39
38
36
44
44
45
49
56
59
58
63
68
74
69
50
30
15
5
5
6
3
-3
-4
5
13
14
2
-10
-20
-29
-47
-46
-39
-43
-45
-53
-57
-49
-43
-53
-66
-84
-101
-109
-102
-91
-85
-96
-108
-107
-103
-100
-93
-85
-79
-76
-78
-77
-75
-66
-56
-47
-36
-32
-30
-7
14
25
30
31
35
32
35
46
52
58
66
74
76
72
62
50
49
45
43
42
42
44
40
39
35
41
49
52
49
41
37
26
10
9
10
9
-2
-18
-7
4
6
8
0
2
19
27
25
27
23
6
-5
-5
-7
-3
9
10
15
26
30
44
47
44
28
16
16
3
3
1
10
27
26
29
28
36
41
43
38
24
18
12
4
-1
-2
-8
-4
1
-5
-5
2
13
16
10
6
3
0
-8
-11
-21
-40
-47
-44
-32
-22
-14
-8
-2
-11
-31
-50
-60
-60
-55
-36
-27
-27
-31
-34
-43
-54
-48
-47
-37
-27
-29
-33
-40
-37
-30
-31
-38
-51
-60
-65
-68
-55
-35
-18
-5
3
7
4
4
6
14
14
3
-2
-4
-7
-11
-9
-8
-5
0
3
8
0
-5
-4
-3
3
10
9
4
1
0
-2
-5
-5
2
20
35
53
66
66
59
57
47
39
30
17
21
21
24
27
16
13
8
5
0
-4
1
15
12
-4
-7
-8
-1
8
19
24
20
27
36
48
56
52
56
60
55
47
40
46
47
42
32
18
14
11
4
10
28
39
50
56
58
43
24
11
-7
-14
-26
-34
-35
-37
-30
-23
-21
-19
-16
-13
-17
-27
-29
-34
-44
-52
-51
-51
-57
-56
-49
-40
-35
-37
-43
-53
-59
-52
-31
-21
-25
-29
-38
-43
-38
-22
-15
-6
-10
-8
-5
-17
-19
-19
-7
-4
-13
-16
-10
-9
-24
-28
-20
-17
-7
14
31
24
8
17
25
33
32
24
18
12
13
15
27
26
31
48
42
36
24
12
12
-1
-3
-3
-5
10
11
7
4
8
14
9
-17
-48
-63
-55
-42
-42
-53
-64
-59
-35
-18
-17
-14
-5
10
14
4
-14
-33
-29
-10
7
10
7
16
36
42
34
22
3
-3
4
6
7
12
24
49
70
90
97
86
87
80
59
45
29
22
19
18
27
23
20
26
26
27
25
23
28
18
2
-15
-21
-25
-19
-9
1
8
8
-2
-7
-9
-19
-22
-24
-27
-32
-24
-19
-14
-15
-9
-1
5
12
5
-1
-13
-32
-38
-29
-17
-10
-2
6
7
0
-7
-8
-11
-15
-15
-19
-18
-15
-22
-25
-9
-4
-2
-1
-8
-13
-18
-20
-25
-25
-31
-30
-26
-30
-28
-25
-18
-15
-19
-18
-16
-15
-13
-7
2
7
9
13
14
11
11
10
2
5
9
2
-15
-28
-24
-22
-23
-19
-14
-20
-20
-20
-25
-19
-22
-26
-42
-60
-61
-39
-15
-6
6
9
10
8
3
-1
6
17
27
23
16
16
24
24
26
39
46
47
57
64
48
35
27
28
38
38
32
33
46
63
73
75
73
69
64
59
64
60
52
52
52
37
22
23
20
10
5
-4
-13
-18
-28
-37
-37
-35
-41
-54
-59
-45
-39
-50
-62
-64
-59
-53
-56
-62
-77
-95
-93
-80
-62
-43
-28
-12
-1
-11
-21
-2
16
32
49
51
60
64
60
61
57
52
46
25
10
13
17
20
36
46
42
38
42
39
16
-5
-24
-36
-35
-28
-26
-20
-3
10
23
30
15
-12
-26
-26
-33
-40
-44
-50
-49
-46
-53
-54
-48
-40
-39
-39
-40
-43
-37
-24
-15
-15
-31
-50
-59
-69
-65
-53
-45
-37
-25
-17
-16
-8
0
11
22
32
41
29
11
7
19
32
39
44
50
54
50
50
41
44
53
53
52
48
44
39
31
32
34
36
37
22
14
19
17
20
22
17
16
12
9
-13
-32
-35
-29
-12
0
5
2
9
14
8
-2
-2
-3
-8
-12
-25
-37
-40
-22
-7
0
3
-18
-26
-28
-23
-22
-25
-13
-7
-9
-4
-4
-10
-8
1
6
8
11
19
29
37
44
41
30
26
23
25
28
20
27
35
33
30
21
19
21
14
12
0
-3
-7
-8
2
12
22
14
7
9
7
6
-3
-20
-27
-32
-33
-29
-26
-30
-37
-30
-25
-22
-17
-19
-23
-43
-66
-89
-97
-85
-81
-67
-49
-44
-38
-24
-8
-2
6
5
-9
-20
-27
-21
-8
3
9
20
29
33
34
29
30
37
36
28
13
10
18
19
23
26
24
18
5
-10
-22
-23
-13
0
-1
-14
-25
-25
-19
-9
1
3
11
8
4
9
9
21
24
31
40
46
48
37
31
32
21
12
7
-4
-2
3
10
23
25
23
11
12
3
-12
-5
7
17
7
-3
-14
-23
-16
-10
1
10
20
32
36
34
12
0
-8
-26
-22
-14
-14
-20
-19
-15
-9
7
10
4
-5
-6
-4
-9
-11
-16
-16
-11
-4
7
5
18
45
44
36
23
6
3
3
6
16
32
26
14
12
11
16
20
27
17
-2
-11
-14
-15
-11
-12
-13
-18
-15
-18
-30
-30
-27
-23
-28
-44
-42
-31
-37
-42
-45
-53
-67
-65
-52
-38
-22
-28
-30
-23
-23
-19
-3
13
10
11
19
19
23
22
20
23
33
44
40
27
29
35
40
27
-1
-18
-34
-37
-26
-9
1
3
0
3
0
-6
-12
-12
-10
-17
-14
-11
-8
2
0
-13
-17
-10
-9
-5
-4
-6
-4
0
3
2
3
6
12
17
13
7
3
1
5
15
25
27
23
25
32
36
26
11
1
3
16
21
26
29
27
32
26
14
5
0
-2
-1
0
-2
9
23
23
24
20
28
42
39
36
29
24
23
15
3
-6
-17
-16
-14
-12
-7
-4
-4
4
4
6
6
-9
-18
-25
-23
-23
-15
-7
-12
-10
5
6
-12
-22
-30
-36
-39
-34
-31
-39
-35
-21
-11
-4
-4
1
1
-2
0
3
2
3
11
11
5
1
-1
-3
-3
-2
3
7
5
1
-7
-14
-20
-30
-40
-52
-48
-35
-28
-24
-21
-18
-22
-31
-41
-54
-60
-52
-44
-27
-18
-9
0
6
11
9
19
28
24
20
19
20
27
33
41
39
20
7
-3
-7
-4
5
15
19
16
17
28
26
27
27
25
26
29
28
17
9
15
30
43
52
59
67
69
60
54
29
2
-14
-19
-10
-6
-7
-7
-10
-27
-40
-35
-29
-27
-19
-18
-11
1
13
24
15
2
-3
1
-6
-14
-13
-15
-4
-1
0
4
12
20
23
19
3
-11
-17
-16
-12
-2
-7
-18
-28
-34
-17
-7
2
3
-1
-4
1
16
7
-2
-5
0
5
6
9
6
5
10
11
3
2
-1
-6
-16
-30
-31
-30
-27
-21
-9
3
-7
-28
-36
-33
-32
-33
-28
-19
-4
16
33
32
29
27
20
16
20
27
22
8
5
18
28
28
29
24
14
7
-5
-23
-35
-43
-42
-37
-37
-32
-23
-15
-20
-32
-37
-40
-30
-23
-11
3
2
6
8
7
2
-5
-11
-4
-3
-9
-9
-6
-3
-11
-6
5
14
23
23
27
16
6
18
17
14
6
5
8
7
10
12
23
35
46
42
33
29
34
39
27
20
12
11
8
4
7
3
8
9
17
33
41
40
32
32
38
30
15
6
3
-3
-7
-2
5
-7
-22
-28
-27
-18
-9
-8
-16
-35
-40
-37
-37
-38
-52
-62
-61
-63
-57
-46
-37
-32
-24
-14
-24
-38
-49
-51
-47
-38
-30
-20
-10
-11
-1
12
18
27
27
18
23
40
49
45
54
64
69
77
72
71
63
57
68
73
63
47
28
27
30
27
34
44
52
51
42
29
16
6
-9
-26
-26
-27
-44
-50
-44
-34
-36
-51
-61
-68
-82
-96
-98
-91
-93
-100
-100
-92
-81
-69
-55
-38
-26
-32
-35
-33
-31
-27
-14
-3
3
17
36
46
53
57
54
52
42
32
21
18
22
37
51
63
60
41
39
33
27
24
14
8
11
19
20
18
28
33
25
21
2
-12
-18
-19
-17
-22
-23
-20
-12
-13
-11
-12
-14
-7
-3
-6
-6
1
1
-6
-11
-20
-26
-27
-22
-14
-10
1
3
5
4
-3
2
10
10
2
-2
3
7
8
8
18
31
33
36
38
36
35
42
39
31
41
56
60
60
57
36
21
24
27
15
9
11
14
10
5
-2
-16
-20
-21
-21
-20
-38
-50
-51
-58
-51
-47
-36
-28
-31
-34
-49
-60
-58
-50
-50
-55
-45
-37
-34
-34
-30
-22
-26
-24
-26
-28
-22
-22
-16
-15
-11
0
1
3
11
21
22
29
42
58
60
47
38
36
27
18
18
22
29
34
47
36
24
22
17
12
-2
6
15
16
9
5
3
1
7
9
8
3
-8
-20
-30
-30
-29
-33
-35
-35
-26
-22
-25
-23
-21
-16
-14
-19
-22
-34
-33
-29
-25
-22
-22
-17
-9
-1
-1
-1
-4
-3
2
8
7
3
-2
3
15
16
14
27
35
40
40
26
11
6
10
13
17
25
32
36
32
29
29
44
63
70
75
68
51
39
23
16
22
19
19
17
5
-3
-2
-4
-7
-5
-7
-23
-40
-47
-53
-54
-42
-21
-1
-1
-8
-14
-16
-18
-23
-22
-23
-13
-11
-15
-22
-25
-26
-24
-15
-6
-5
-12
-15
-16
-2
9
7
13
9
1
-9
-5
-1
-2
-1
6
15
9
1
1
-7
-21
-16
-11
-6
-2
3
16
20
16
4
-3
-6
-6
-14
-20
-16
-15
-22
-18
-12
-16
-12
-14
-20
-28
-36
-36
-35
-32
-32
-23
-9
-2
-4
-3
-11
-18
-17
-2
22
21
22
32
34
28
27
31
24
20
22
19
15
12
20
26
20
21
22
22
20
6
-7
-16
-20
-15
-7
-3
-6
2
0
-4
-6
-10
-7
-2
2
-1
1
4
16
27
26
21
20
22
19
24
41
52
51
43
36
27
16
13
18
18
20
21
17
4
-11
-25
-36
-38
-35
-33
-26
-29
-37
-36
-37
-34
-25
-15
-17
-17
-20
-30
-33
-22
-11
2
14
21
30
29
26
22
19
18
15
12
21
29
18
11
10
19
26
38
41
37
37
20
5
1
-2
-5
-4
2
-1
-17
-23
-27
-26
-19
-18
-29
-41
-53
-56
-50
-43
-44
-42
-35
-32
-34
-35
-39
-46
-53
-62
-63
-68
-62
-57
-52
-42
-34
-25
-14
0
15
29
26
15
8
3
8
22
35
45
56
50
58
75
86
92
87
78
61
49
35
18
13
28
40
42
36
29
34
30
31
30
25
18
4
-8
-13
-23
-30
-36
-39
-39
-40
-37
-34
-25
-25
-33
-32
-31
-29
-35
-47
-57
-57
-52
-41
-16
-6
-7
-1
3
-3
-4
-1
12
30
31
26
15
-2
-16
-9
9
19
29
33
28
30
32
34
48
53
63
63
59
51
35
33
39
46
52
55
48
40
38
32
25
11
-2
-20
-39
-48
-60
-64
-62
-53
-44
-42
-40
-43
-48
-57
-57
-59
-60
-59
-54
-51
-41
-24
-15
-8
-3
0
-3
-6
-14
-19
-18
-20
-21
-12
-6
-9
-6
11
29
38
34
33
39
32
18
12
11
5
4
7
13
21
31
32
38
41
32
27
17
4
-12
-16
-10
-9
-2
1
3
6
12
14
7
6
5
10
12
1
1
-5
-17
-28
-36
-38
-43
-42
-38
-25
-14
-6
-6
-7
-9
-17
-17
-20
-26
-23
-12
-6
-12
-10
-3
2
13
25
26
18
13
16
16
14
10
6
-2
-8
-5
3
15
24
24
19
4
-1
-3
-6
-1
3
8
13
25
36
36
34
28
25
23
21
28
32
32
43
36
12
6
3
6
4
-4
-3
-6
-4
-1
0
-3
-5
-3
-9
-17
-14
-12
-15
-17
-13
-16
-19
-13
-8
-8
-16
-24
-34
-31
-20
-6
11
7
4
0
-15
-34
-51
-45
-30
-22
-1
11
11
10
6
13
15
21
29
33
29
24
25
25
27
24
23
20
18
9
0
-1
-5
-6
-17
-24
-16
-13
-21
-38
-51
-51
-51
-51
-47
-38
-22
-10
-1
-8
-12
-10
-4
3
-8
-23
-25
-29
-20
2
21
23
15
11
-2
0
11
21
30
30
22
11
13
22
22
23
26
21
15
11
10
10
2
-8
-15
-14
-9
-8
-8
-14
-11
-12
-22
-6
14
18
21
19
14
16
10
-2
7
23
28
7
-14
-18
-27
-26
-20
-16
-8
-7
-2
-2
-2
3
-4
-6
-9
-7
-2
3
16
23
22
18
15
10
8
14
20
23
20
22
36
50
52
49
53
41
23
1
-14
1
16
27
19
10
8
-1
-2
-3
-9
-17
-13
-10
-5
-3
-8
-14
-16
-13
-10
-18
-15
-2
3
10
15
13
14
7
-3
-13
-20
-14
-12
-15
-12
-11
-23
-31
-38
-46
-45
-43
-52
-57
-60
-61
-61
-62
-62
-59
-57
-43
-27
-20
-10
-7
-8
-12
-9
7
17
23
26
16
9
10
17
29
12
0
-2
2
23
30
27
29
22
11
-1
-2
-1
-1
5
-1
-3
0
8
24
39
48
55
66
70
62
54
52
40
32
26
29
27
26
24
14
11
8
2
-4
-14
-23
-31
-30
-28
-25
-10
1
1
-12
-18
-27
-26
-15
-11
-2
9
11
7
2
-14
-25
-26
-25
-19
-7
9
12
5
0
-10
-6
3
11
33
41
25
6
-3
9
14
15
15
12
13
8
5
3
-6
-20
-29
-23
-25
-23
-21
-21
-14
-19
-24
-22
-20
-11
-10
-17
-19
-25
-19
-12
-7
-12
-23
-23
-19
-8
4
11
15
9
11
0
-13
-13
-14
-1
14
23
32
31
23
23
27
34
24
18
18
14
4
-7
-6
7
12
19
38
41
35
21
26
28
12
0
-7
-6
-11
-24
-33
-35
-42
-46
-45
-32
-28
-34
-30
-34
-44
-40
-30
-33
-34
-28
-19
-12
-9
-3
-2
-3
1
16
22
22
24
23
21
24
25
15
5
2
-5
-16
-18
-6
0
1
13
24
23
23
26
22
20
20
11
-1
-11
-9
-7
-6
-1
10
23
33
30
28
34
27
21
21
17
5
0
-11
-25
-23
-22
-15
2
16
16
15
10
0
-3
-5
-9
-10
-16
-29
-14
14
30
47
61
64
64
59
49
35
24
12
0
0
1
-3
-14
-17
-18
-22
-13
-21
-26
-25
-31
-35
-37
-38
-41
-46
-48
-56
-60
-62
-68
-60
-46
-41
-43
-38
-49
-62
-61
-53
-40
-19
-4
0
12
18
12
0
1
6
6
1
10
14
10
22
40
52
54
53
51
43
26
28
41
45
47
49
48
49
51
59
64
65
66
67
63
49
44
37
25
7
-5
-6
-8
-15
-28
-36
-36
-44
-47
-36
-32
-23
-15
-14
-25
-41
-49
-57
-56
-50
-45
-53
-58
-50
-43
-32
-16
-8
-8
2
3
-4
-20
-31
-34
-35
-26
-17
-6
9
14
16
21
24
31
43
37
28
27
19
11
10
15
20
23
24
30
35
34
32
31
26
16
6
1
-5
-13
-11
-2
-1
-1
1
-2
-16
-23
-26
-26
-21
-15
-2
15
28
27
17
14
8
7
1
-16
-14
-13
-12
-4
-1
9
15
20
32
27
15
9
1
3
7
7
5
-9
-17
-12
-10
-10
-5
-6
-7
2
11
7
-5
-24
-33
-33
-38
-39
-47
-51
-50
-44
-28
-22
-17
-2
14
15
13
17
24
34
30
25
20
12
10
18
26
27
33
42
46
35
22
21
20
17
11
5
-1
-16
-26
-34
-39
-39
-32
-22
-18
-16
1
8
8
10
8
-6
-20
-17
-19
-19
-18
-19
-21
-23
-18
-15
-14
-16
-21
-21
-17
-10
-3
8
18
16
8
1
-4
-2
4
7
10
24
33
35
27
24
28
21
9
-1
-1
0
-2
0
0
-2
-3
9
17
20
28
29
32
37
30
20
-4
-18
-19
-15
-10
-14
-17
-23
-34
-30
-22
-16
-10
-14
-17
-19
-24
-35
-43
-42
-28
-12
6
11
13
24
27
34
41
50
42
36
38
35
31
29
36
40
36
35
27
21
15
11
16
27
32
29
17
-5
-16
-15
-16
-13
-15
-22
-27
-28
-33
-41
-44
-46
-48
-43
-40
-39
-44
-41
-35
-31
-24
-28
-27
-26
-28
-22
-20
-26
-17
0
12
9
3
1
-2
-8
1
4
-5
2
3
11
17
11
10
-2
-8
4
5
2
4
13
11
9
15
9
3
6
12
13
20
24
16
7
-2
-3
6
18
25
24
17
20
27
20
23
26
25
22
16
9
-2
4
20
26
26
24
12
9
10
3
-3
-14
-25
-29
-32
-26
-20
-10
7
22
27
17
14
9
-6
-16
-15
-21
-28
-30
-41
-56
-60
-50
-39
-24
-17
-18
-15
3
15
9
19
36
42
47
43
31
28
28
27
21
8
-6
-16
-13
-3
-1
3
12
24
26
21
16
-4
-7
3
5
5
1
-2
3
18
35
33
21
6
-11
-35
-63
-68
-55
-50
-40
-18
-7
-4
-3
-10
-16
-25
-41
-56
-54
-50
-37
-24
-21
-16
-15
-15
-12
-5
-5
-4
-1
1
-2
-4
2
18
28
32
31
24
19
21
32
44
42
35
38
35
23
24
28
28
22
18
11
2
-2
0
-3
-3
-1
0
-6
-17
-28
-28
-22
-7
11
15
11
3
5
7
3
4
2
-5
-7
1
16
13
7
8
7
7
16
30
31
24
29
37
40
42
34
21
14
-5
-22
-37
-56
-59
-49
-31
-17
-10
-13
-29
-40
-32
-33
-37
-41
-55
-55
-49
-31
-16
-12
-4
-5
-3
0
-3
3
12
20
18
17
13
11
22
37
48
50
50
42
33
35
43
41
37
30
24
21
11
3
2
5
13
12
11
11
-1
1
3
2
1
-11
-18
-22
-18
-24
-25
-33
-56
-60
-53
-42
-39
-44
-46
-48
-36
-18
-11
-10
-8
-15
-22
-29
-45
-47
-34
-12
1
5
10
-1
-3
5
9
16
20
26
32
32
33
35
30
33
36
43
50
46
45
49
53
53
49
36
17
2
-9
-4
3
-2
-7
-7
-9
-10
-12
-11
-13
-23
-32
-30
-20
-24
-28
-19
-15
-20
-18
-20
-29
-42
-54
-56
-49
-35
-14
1
19
29
32
39
43
43
43
43
37
26
16
0
-5
8
21
28
35
39
39
22
8
7
-5
-6
-8
-9
-16
-28
-35
-29
-16
0
10
1
-8
-10
-16
-19
-24
-33
-27
-19
-10
-6
-2
4
6
6
7
17
13
13
9
-5
-5
0
8
17
15
0
-16
-19
-15
-13
-10
-4
-5
-7
-8
-10
-24
-30
-19
-11
-4
-18
-32
-25
-19
-19
-23
-13
8
19
32
42
38
30
20
15
15
16
18
20
32
40
32
31
39
45
53
54
58
57
53
34
10
2
-9
-15
-14
-20
-35
-40
-42
-43
-32
-25
-29
-31
-34
-32
-29
-19
-14
-23
-35
-44
-43
-42
-36
-16
-2
5
5
0
-2
-14
-24
-28
-32
-30
-32
-38
-56
-57
-48
-30
-13
-12
-7
0
5
11
15
11
9
11
10
9
4
10
20
22
28
32
33
38
38
29
15
8
13
12
3
5
14
24
32
54
70
83
96
102
107
102
90
84
66
46
32
17
11
2
-1
0
9
24
28
19
-10
-27
-30
-41
-48
-42
-48
-65
-75
-64
-51
-47
-42
-32
-40
-52
-54
-56
-54
-52
-51
-47
-32
-22
-17
-15
-18
-15
-15
-23
-26
-22
0
13
12
13
-6
-13
-10
-2
-5
-18
-15
-7
-9
-4
9
26
41
48
42
28
25
26
28
20
19
27
24
30
33
43
46
45
36
17
-1
-23
-29
-14
-5
-10
-25
-37
-50
-53
-54
-58
-48
-37
-28
-19
-13
1
7
8
12
9
12
5
5
3
-7
-13
-19
-9
-6
-2
12
22
29
27
21
10
-2
-3
-4
-14
-22
-20
-18
-24
-21
-4
7
19
23
22
20
15
13
11
11
16
15
23
33
42
49
48
31
24
34
37
31
20
-1
-22
-24
-10
4
15
24
30
37
43
39
30
26
23
17
10
-2
-11
-17
-25
-33
-23
-11
-6
-1
-11
-18
-26
-37
-44
-51
-49
-42
-33
-27
-17
-2
-6
-10
-12
-12
-1
-4
-1
-2
-9
-2
2
13
16
6
3
0
6
7
2
0
5
18
28
28
21
12
6
-6
-20
-33
-42
-40
-39
-29
-16
-9
2
14
9
-1
-14
-23
-30
-40
-41
-44
-39
-43
-49
-31
-13
-10
-14
-9
2
9
10
5
-9
-10
-4
17
31
28
30
20
15
11
2
-8
-15
-13
4
16
18
29
45
54
68
69
50
29
15
21
20
20
30
37
34
27
33
35
43
37
13
5
-5
-19
-34
-30
-21
-6
10
10
5
-1
-9
-21
-19
-29
-38
-30
-27
-26
-27
-23
-30
-32
-31
-30
-24
-9
-7
-7
2
6
5
5
9
1
-2
-1
1
6
18
29
27
28
27
22
19
8
2
-7
-18
-24
-25
-11
5
24
39
25
12
-3
-15
-20
-20
-3
0
10
28
34
28
28
23
10
0
-9
-7
-3
-4
6
11
8
10
14
20
10
9
-4
-17
-11
-14
-2
11
11
6
-10
-18
-35
-58
-60
-55
-37
-36
-40
-38
-40
-27
-23
-19
-22
-34
-50
-54
-42
-37
-29
-20
-10
5
17
27
30
30
36
43
37
25
14
4
2
4
10
11
-1
-9
-10
-9
7
25
29
22
22
24
22
29
32
36
26
10
7
-4
-8
-11
-7
-4
-4
9
13
18
11
-6
-18
-30
-29
-25
-14
-2
12
22
24
28
18
4
1
-2
3
-3
-12
-11
-9
-4
6
15
28
34
40
40
36
36
20
5
0
-11
-15
2
10
16
24
18
12
17
19
12
6
5
10
3
4
7
11
12
11
4
-7
-7
-16
-10
-4
-3
-5
-8
-15
-20
-23
-27
-25
-30
-33
-34
-39
-41
-50
-55
-56
-42
-26
-20
-15
-21
-34
-48
-58
-53
-44
-35
-26
-14
-5
-9
-3
5
5
13
13
13
16
12
-1
-3
5
27
33
32
42
37
35
29
33
34
31
34
38
40
31
31
38
40
43
40
36
32
22
22
20
13
4
-8
3
9
16
18
8
-1
-13
-25
-35
-38
-38
-46
-44
-35
-33
-32
-29
-24
-23
-32
-45
-60
-63
-57
-47
-30
-20
-9
-3
0
7
8
5
8
13
20
18
17
21
17
19
27
42
45
29
17
9
0
-9
-13
-8
-3
-1
12
22
31
49
52
50
51
49
42
23
10
13
24
37
29
20
13
3
-1
-2
-8
-13
-13
-18
-25
-20
-22
-31
-31
-29
-30
-38
-50
-57
-50
-43
-36
-36
-25
-12
-14
-22
-31
-32
-33
-33
-28
-15
-7
1
4
6
11
9
4
2
6
21
36
50
47
47
49
41
42
34
20
0
-20
-28
-37
-28
-1
18
30
28
28
22
8
3
-2
4
15
21
23
22
13
0
-2
-4
-2
3
19
34
37
31
23
12
1
-5
-17
-30
-36
-31
-26
-23
-18
-18
-19
-16
-16
-29
-35
-33
-27
-23
-25
-39
-50
-45
-49
-39
-17
-3
7
6
-1
-7
-7
-8
-8
-4
5
17
20
13
15
23
31
46
57
61
51
37
32
26
28
32
30
25
18
13
8
11
4
-13
-22
-28
-31
-37
-40
-30
-22
-26
-23
-22
-27
-31
-32
-32
-29
-26
-25
-24
-10
-2
-2
5
4
-8
-16
-14
-16
-13
-10
-4
10
8
-2
-9
0
14
11
22
37
45
45
46
53
54
53
53
59
70
63
45
38
37
29
22
15
3
1
2
2
-2
7
5
6
17
12
9
7
2
-4
-16
-38
-49
-48
-42
-32
-28
-9
-6
-12
-15
-19
-18
-27
-35
-38
-46
-45
-39
-33
-32
-23
-12
-6
4
-9
-24
-42
-42
-23
-6
1
1
5
11
13
11
-2
-13
-17
-18
-17
-26
-29
-28
-25
-12
7
33
43
54
59
43
32
17
15
8
6
15
18
22
30
30
22
13
10
13
12
15
17
10
-8
-24
-29
-24
-16
-4
2
2
3
11
16
18
14
-2
-23
-36
-50
-56
-54
-55
-48
-40
-31
-25
-23
-17
-9
0
5
11
19
20
21
31
42
56
69
66
66
64
61
49
26
7
1
6
18
28
23
12
4
2
-1
-11
-17
-29
-46
-50
-57
-61
-46
-26
-12
-11
-19
-24
-28
-35
-29
-14
-7
-3
0
4
12
18
27
35
39
34
39
45
40
35
23
23
31
22
12
11
6
18
22
18
11
6
-1
-13
-31
-42
-42
-24
-11
-12
-2
-9
1
18
14
5
-3
-7
-5
-3
-12
-14
-4
13
16
8
-2
-10
-23
-37
-35
-41
-44
-38
-31
-27
-32
-40
-47
-35
-23
-14
-8
-2
-4
-6
-4
6
24
28
36
47
52
43
27
19
7
5
-2
-12
-16
-21
-18
-6
6
9
-7
-20
-30
-36
-32
-29
-16
-9
-9
-13
-20
-25
-12
1
8
14
13
13
17
28
42
54
44
32
20
13
16
21
37
52
60
52
34
27
24
19
17
13
6
0
1
-2
1
9
6
-7
-16
-12
-15
-29
-43
-52
-47
-46
-47
-41
-33
-26
-20
-5
12
5
-4
-11
-11
-19
-22
-12
-19
-22
-19
-7
12
17
28
31
26
19
-3
-18
-25
-23
-18
-7
12
29
44
43
24
21
23
13
5
0
-1
-8
-17
-11
1
7
13
21
27
30
28
24
30
32
35
35
27
28
17
14
23
29
44
50
48
38
21
9
0
5
5
-7
-8
-14
-16
-10
7
12
-5
-29
-48
-60
-73
-80
-91
-83
-59
-54
-58
-52
-57
-58
-57
-65
-60
-63
-64
-74
-66
-54
-51
-35
-29
-11
13
27
38
43
54
48
40
43
36
40
42
39
42
31
20
9
-5
-4
3
13
14
18
18
14
9
1
-6
-10
-14
-19
-21
-11
4
8
15
21
21
25
23
17
19
28
40
49
47
41
41
29
19
21
23
5
-12
-20
-15
-4
-13
-11
-14
-30
-35
-42
-44
-35
-36
-30
-16
-4
2
19
36
42
38
43
49
55
66
50
41
43
50
61
76
81
71
55
36
18
14
9
-7
-14
-39
-65
-76
-74
-66
-56
-44
-46
-49
-51
-59
-66
-71
-63
-51
-34
-12
3
9
17
25
20
10
1
-3
-5
-6
1
5
8
5
-7
-16
-22
-18
-20
-30
-29
-21
-18
-13
-10
-14
-14
-4
15
21
14
16
38
51
49
55
48
43
47
49
48
41
45
58
57
34
0
-34
-45
-48
-52
-49
-39
-26
-22
-15
-24
-27
-40
-68
-82
-92
-101
-101
-89
-82
-65
-44
-21
4
25
21
13
4
-16
-32
-33
-20
-15
-3
3
-1
2
4
3
2
-2
-21
-43
-37
-12
-5
1
0
-6
-4
2
6
12
23
39
66
92
107
115
115
127
141
144
146
134
126
119
108
109
112
113
114
97
75
53
24
9
10
12
2
-8
-10
-18
-20
-25
-28
-38
-45
-51
-56
-57
-52
-46
-50
-43
-32
-24
-29
-42
-44
-52
-56
-63
-81
-93
-98
-98
-101
-97
-91
-83
-84
-87
-84
-79
-75
-70
-66
-47
-23
-15
-1
4
5
10
24
27
17
6
3
3
13
16
8
10
3
9
17
16
12
12
12
-10
-14
-20
-25
-6
7
19
33
38
30
29
32
26
25
28
28
36
33
19
12
34
53
57
53
43
38
25
16
6
-7
-5
3
13
33
49
49
31
18
9
-5
4
10
5
-7
-17
-13
-15
-16
-24
-13
-4
-17
-13
-2
7
13
16
17
8
3
-9
-27
-38
-38
-17
6
19
28
29
15
-4
-18
-35
-51
-46
-37
-33
-20
-9
2
27
40
43
35
14
6
0
6
11
30
54
58
62
57
51
42
18
-14
-39
-58
-66
-65
-62
-63
-69
-57
-56
-56
-60
-60
-72
-91
-86
-80
-50
-12
-9
-13
-20
-11
10
15
34
73
97
110
108
111
98
78
56
41
54
58
44
25
14
22
32
53
79
86
87
58
27
-24
-86
-104
-117
-88
-54
-28
2
0
31
40
10
14
17
19
39
34
-13
-47
-31
-2
-4
-39
-95
-111
-94
-90
-108
-132
-86
-16
29
37
23
18
-19
-69
-104
-109
-114
-124
-122
-115
-71
-26
-14
-22
-54
-49
16
58
84
91
88
100
149
161
74
-7
-44
-44
-28
-11
40
123
204
220
178
129
57
1
-33
-40
-39
-49
-77
-125
-124
-91
-62
-27
-15
-5
-10
-13
-9
-29
-37
-10
6
48
89
91
81
50
48
55
70
59
33
97
192
260
243
167
114
107
111
63
-24
-49
7
-11
-23
-29
-44
15
-19
-77
-128
-187
-181
-214
-184
-102
-22
19
-4
-60
-123
-105
-64
-28
12
-20
-43
-81
-40
69
98
138
139
165
148
87
2
-93
-64
21
108
158
100
73
68
34
91
97
78
73
99
86
-22
-92
-177
-167
-79
-71
-75
-111
-126
-161
-186
-149
-183
-167
-133
-133
-93
-142
-176
-158
-86
-78
-117
-74
-126
-138
-136
-160
-138
-64
108
109
55
89
149
257
204
48
19
86
113
53
19
63
164
248
164
59
35
-17
-78
-49
90
146
127
167
131
93
-32
-269
-377
-322
-103
15
1
102
183
226
148
-14
-94
-209
-170
-48
12
73
142
193
209
145
-47
-233
-179
-97
-24
-61
123
549
322
-29
-417
-314
53
54
-4
-67
317
636
173
-373
-497
13
527
588
481
335
374
162
-86
-132
-58
-50
5
458
737
390
-439
-945
-352
107
-8
-543
-516
194
133
-706
-1423
-993
145
485
-29
-302
299
725
397
-139
-197
552
772
485
286
415
787
611
217
87
232
328
53
-145
-8
173
-17
-411
-594
-478
-404
-563
-635
-482
-307
-363
-543
-724
-798
-730
-696
-677
-460
-176
-156
-347
-463
-576
-656
-626
-581
-416
-123
122
268
288
359
554
638
711
774
862
856
792
712
541
501
471
399
283
219
250
163
-13
-179
-290
-339
-462
-650
-719
-613
-542
-584
-713
-811
-765
-726
-617
-526
-364
-52
110
106
96
109
116
225
673
1280
1368
1126
1245
1579
1603
1402
1403
1594
2104
2651
2325
1379
975
1065
698
70
-47
-313
-756
-721
-785
-1353
-1893
-1920
-2023
-2102
-1802
-1769
-1962
-1647
-1019
-880
-1013
-962
-946
-744
-356
-233
-248
-108
246
404
271
148
165
266
291
228
195
195
139
139
314
416
592
760
673
876
1233
1218
1005
1128
1419
1322
1332
1312
826
550
648
354
-155
-140
59
-169
-435
-539
-940
-1228
-1063
-1064
-1318
-1300
-1118
-1312
-1495
-1400
-1399
-1279
-1001
-874
-824
-697
-553
-614
-607
-413
-286
-47
196
260
177
281
339
190
550
1154
1388
1441
1747
2145
2275
2239
2056
1676
1719
1971
1766
1312
1122
1080
805
400
-114
-792
-1311
-1490
-1622
-1942
-2123
-2105
-2010
-1964
-2024
-2061
-2095
-2028
-1817
-1523
-1253
-1117
-1022
-983
-916
-875
-1067
-1017
-679
-375
-157
-15
94
55
213
344
262
640
1397
1843
2275
2803
2785
2605
2980
3145
2717
2900
3442
3251
3036
3237
2713
1685
1376
1123
177
-320
-248
-721
-1120
-1052
-1594
-2418
-2367
-2064
-2230
-2172
-1880
-1894
-1741
-1322
-1397
-1592
-1357
-1222
-1352
-1275
-1130
-1370
-1398
-1095
-969
-989
-908
-839
-815
-688
-590
-347
287
1093
1535
1609
1626
1728
1799
1650
1580
1883
2528
3104
3277
2879
2056
1391
906
209
-475
-904
-1212
-1282
-1049
-1166
-1877
-2409
-2437
-2470
-2502
-2312
-2090
-1593
-857
-492
-614
-650
-533
-622
-549
-358
-436
-471
-9
420
233
64
100
-17
-233
-260
-202
120
1057
1810
1584
1499
2012
2227
1956
1936
2243
2435
3002
3474
2968
2178
1782
1272
450
-66
-528
-1275
-1481
-1099
-1278
-2074
-2621
-2844
-3084
-3088
-2825
-2666
-2267
-1459
-874
-866
-833
-667
-591
-421
-301
-352
-309
15
258
179
148
198
87
25
-58
-189
-212
23
408
891
1554
1938
2089
2284
2438
2408
2533
2799
2994
3234
3504
3341
2600
1829
1231
476
-341
-823
-1163
-1529
-1640
-1708
-2153
-2644
-2881
-3064
-3157
-2876
-2521
-2415
-2012
-1367
-1094
-1019
-696
-462
-464
-169
111
-134
-271
-91
-110
-244
-50
-23
-414
-277
196
157
140
732
1094
1104
1436
1885
1818
1711
1969
2027
1963
2203
2427
2139
1947
1978
1428
453
20
-88
-773
-1457
-1371
-1375
-1806
-1804
-1704
-2083
-2236
-1750
-1605
-1687
-1192
-867
-966
-575
-28
-196
-330
117
28
-409
-262
-308
-884
-902
-519
-849
-1300
-1212
-1310
-1500
-961
-277
-51
476
1466
2014
2010
2159
2506
2648
2652
2832
3061
3097
2984
2833
2338
1589
1156
703
-158
-770
-940
-1384
-1923
-1911
-2015
-2521
-2640
-2359
-2236
-2030
-1568
-1263
-834
-134
166
6
72
248
82
-39
35
-92
-259
-215
-214
-518
-583
-397
-642
-879
-314
510
544
483
1257
1816
1616
1777
2325
2185
2071
2744
2949
2483
2630
2500
1171
286
328
-462
-1741
-1852
-1827
-2503
-2590
-2160
-2546
-2926
-2491
-2365
-2621
-2132
-1410
-1272
-986
-370
-153
-125
193
238
-7
101
232
-61
-193
-42
-140
-396
-476
-599
-812
-688
-358
17
753
1689
2270
2622
3017
3320
3294
3157
3009
2903
3107
3370
3161
2743
2390
1844
1054
231
-631
-1613
-2168
-2208
-2206
-2440
-2698
-2837
-2866
-2825
-2783
-2833
-2878
-2569
-1912
-1292
-898
-621
-595
-687
-728
-945
-1376
-1573
-1414
-1379
-1419
-1172
-880
-826
-695
-588
-631
-414
242
924
1403
1938
2419
2912
3578
3837
3638
3825
4412
4607
4319
3937
3231
2493
2159
1651
683
-192
-655
-1037
-1256
-1316
-1825
-2411
-2371
-2323
-2588
-2663
-2447
-2298
-2076
-1604
-1301
-987
-509
-333
-564
-890
-1152
-1349
-1410
-1352
-1365
-1439
-1420
-1384
-1374
-1503
-1552
-1025
-353
-159
358
1609
2279
2154
2656
3233
2777
2677
3502
3621
3265
3639
3503
2353
2007
1864
372
-770
-671
-1272
-2337
-2006
-1734
-2638
-2785
-2166
-2468
-2791
-2142
-1786
-1703
-986
-528
-762
-415
184
-117
-525
-341
-454
-944
-871
-712
-1032
-1174
-779
-528
-715
-831
-453
49
450
1229
2123
2421
2457
3317
4108
3803
3652
4190
4429
4601
5060
4397
2926
2616
2560
1177
-9
-303
-1318
-2421
-2098
-2147
-3446
-3703
-2978
-3115
-3331
-2698
-2696
-3075
-2420
-1921
-2370
-2156
-1228
-1279
-1561
-1254
-1484
-2114
-2015
-1850
-2356
-2359
-1781
-1743
-1891
-1493
-1028
-714
-82
566
1243
2207
2885
3112
3472
3866
3959
4193
4449
4308
4364
4516
3941
3037
2431
1482
184
-457
-849
-1575
-1871
-1691
-1868
-2199
-2175
-2282
-2498
-2308
-2240
-2217
-1598
-924
-755
-496
82
123
-133
-121
-373
-904
-1176
-1302
-1448
-1298
-1104
-1278
-1237
-867
-954
-1045
-502
42
445
1354
2207
2254
2701
3734
3706
3250
3801
4376
4092
4001
3841
2742
2010
1878
758
-769
-1151
-1412
-2263
-2266
-1920
-2752
-3292
-2664
-2541
-3033
-2809
-2370
-2376
-1810
-995
-1065
-1024
-304
-306
-808
-581
-471
-955
-1004
-775
-1157
-1478
-1109
-1122
-1525
-1156
-379
6
494
1516
2222
2466
3112
3885
3881
3624
3946
4223
4065
4252
4361
3429
2646
2696
1981
431
-216
-498
-1585
-2291
-2216
-2879
-3687
-3305
-3115
-3692
-3380
-2635
-2672
-2383
-1486
-1456
-1629
-701
-321
-1039
-1116
-796
-1328
-1742
-1390
-1335
-1498
-1260
-1290
-1623
-1430
-1283
-1565
-1394
-538
375
1180
1826
2444
3382
4158
4155
4077
4492
4739
4807
4895
4506
3967
3909
3359
1925
883
219
-927
-1645
-1687
-2367
-3264
-3034
-2675
-3248
-3459
-3050
-2968
-2696
-2107
-2124
-2220
-1463
-885
-1171
-1298
-989
-1059
-1215
-1017
-1193
-1652
-1537
-1232
-1363
-1513
-1374
-1300
-979
-87
524
916
1826
2975
3554
3944
4499
4547
4445
5046
5374
4841
4642
4861
4402
3463
2842
1848
548
-199
-819
-1944
-2532
-2207
-2437
-3040
-2867
-2677
-3120
-3113
-2685
-2741
-2683
-1970
-1643
-1679
-1217
-773
-1032
-1116
-880
-1396
-1925
-1686
-1696
-2228
-2152
-1678
-1654
-1629
-1300
-1340
-1392
-680
280
993
1842
2847
3574
4164
4540
4490
4246
4118
4173
4100
3688
3242
2928
2374
1531
773
-85
-1129
-1742
-2020
-2622
-3140
-3020
-2901
-2861
-2488
-2193
-2122
-1732
-1180
-1130
-1140
-939
-863
-668
-457
-847
-1357
-1272
-1225
-1608
-1742
-1597
-1614
-1494
-1388
-1440
-1289
-849
-515
48
1152
1751
2190
3259
4258
4331
4366
4817
5001
5120
5344
4956
4187
3926
3549
2357
938
50
-951
-1862
-2172
-2530
-3152
-3332
-2988
-3003
-3392
-3504
-3427
-3253
-2754
-2353
-2249
-1844
-1136
-765
-827
-912
-1032
-1254
-1381
-1547
-1681
-1625
-1561
-1515
-1194
-1024
-1365
-1311
-705
-483
-128
1171
2144
2274
3295
4791
4730
4188
4812
5083
4644
5022
5096
3853
3618
4205
2822
821
439
-318
-2194
-2692
-2650
-3855
-4239
-3144
-3142
-3725
-2901
-2277
-2608
-2221
-1608
-2017
-1991
-1083
-1114
-1503
-864
-374
-670
-588
-270
-543
-798
-743
-1038
-1427
-1341
-1326
-1386
-1062
-442
302
1227
2033
2539
3297
3912
3897
3718
3951
4061
4046
4209
4182
3793
3492
3092
2206
1281
441
-500
-1382
-1859
-2313
-2793
-2919
-2949
-3059
-2952
-2727
-2589
-2411
-2094
-1804
-1564
-1318
-1176
-938
-767
-830
-866
-752
-781
-1041
-1189
-1147
-1278
-1391
-1343
-1288
-1307
-1107
-880
-792
-208
833
1436
1472
2291
3352
3432
3162
3540
3602
3405
3772
3785
2900
2683
3019
2140
1067
778
-39
-1314
-1448
-1728
-2876
-2914
-2122
-2377
-2661
-1855
-1578
-1787
-1273
-1096
-1675
-1393
-745
-1109
-1230
-785
-929
-1213
-809
-951
-1666
-1564
-1233
-1453
-1598
-1444
-1457
-1145
-682
-642
-358
690
1510
1883
2689
3568
3908
4264
4747
4664
4426
4568
4500
3818
3250
2981
2435
1744
1108
180
-763
-1361
-2010
-2994
-3575
-3615
-3773
-3829
-3471
-3120
-2980
-2505
-2115
-2207
-2197
-1920
-1901
-2007
-1813
-1675
-1493
-1155
-1008
-1015
-776
-489
-530
-581
-389
-328
-249
57
383
993
2086
2917
3124
3765
4841
5021
4539
4582
4772
4587
4461
4281
3488
3073
3284
2621
1369
773
188
-1058
-1716
-2158
-3397
-4035
-3405
-3252
-3658
-3232
-2566
-2475
-2117
-1797
-2082
-1971
-1498
-1736
-2080
-1554
-1315
-1625
-1397
-1165
-1536
-1660
-1420
-1688
-2156
-2126
-2009
-2000
-1669
-1276
-651
282
1181
1833
2454
3200
3645
3868
3924
4111
4280
4274
4110
4010
3664
3262
2950
2536
1713
882
379
-338
-1258
-2079
-2578
-2800
-2761
-2843
-2931
-2663
-2142
-1960
-2009
-1891
-1736
-1712
-1740
-1792
-1908
-1898
-1660
-1454
-1490
-1427
-1195
-1084
-1113
-1094
-1087
-1033
-743
-213
55
419
1120
1897
2465
2895
3412
3701
3766
3777
3922
3803
3563
3574
3557
3002
2497
2291
1678
865
557
-19
-1084
-1554
-1700
-2443
-2876
-2412
-2406
-2654
-2098
-1641
-1834
-1453
-821
-1090
-1466
-1120
-1179
-1639
-1639
-1498
-1568
-1315
-1006
-1152
-1008
-619
-673
-716
-386
-288
-399
-254
301
1109
1885
2131
2463
3566
4288
3981
3681
3755
3620
3518
3463
2727
2129
2469
2311
1225
639
377
-633
-1362
-1669
-2705
-3662
-3405
-3253
-3727
-3493
-2827
-2699
-2555
-2134
-2228
-2375
-2104
-2251
-2701
-2535
-2195
-2239
-2061
-1662
-1580
-1340
-852
-840
-947
-578
-296
-302
-53
190
322
1151
2207
2665
3119
4121
4747
4819
5024
5122
4777
4559
4499
3974
3348
3107
2816
2142
1578
914
79
-519
-1000
-1933
-2743
-2870
-2950
-3367
-3559
-3288
-3027
-2694
-2414
-2461
-2432
-2135
-2089
-2279
-2252
-2154
-2179
-2024
-1613
-1439
-1170
-835
-821
-899
-729
-694
-1029
-1041
-783
-512
2
760
1224
1743
2847
3691
3726
3796
4194
4156
3841
3847
3655
3226
3198
3258
2812
2399
2104
1376
615
150
-593
-1568
-2006
-2340
-2933
-3061
-2776
-2851
-2868
-2502
-2385
-2471
-2393
-2491
-2676
-2471
-2290
-2282
-1892
-1335
-1151
-852
-202
52
89
299
307
149
372
566
416
608
1195
1648
2229
2857
3189
3609
4230
4222
3704
3686
3679
3197
2806
2661
2262
2011
1829
1153
292
-128
-740
-1710
-2393
-2855
-3429
-3651
-3492
-3583
-3670
-3283
-2872
-2799
-2610
-2459
-2488
-2411
-2236
-2404
-2382
-1889
-1622
-1532
-1131
-628
-392
-151
54
18
10
76
-51
-155
9
453
1137
1886
2363
2987
3944
4424
4312
4425
4501
4125
3841
3621
3031
2718
2915
2514
1847
1592
1013
-198
-857
-1496
-2768
-3541
-3553
-4002
-4381
-3766
-3368
-3445
-2983
-2419
-2668
-2645
-2302
-2668
-2953
-2403
-2134
-2276
-1719
-1093
-931
-453
103
-11
-2
438
340
-22
184
316
356
1124
2065
2515
3162
4234
4877
5231
5519
5326
4963
4943
4680
3909
3514
3422
3022
2649
2309
1453
478
-262
-1210
-2526
-3508
-4174
-4752
-4869
-4722
-4670
-4314
-3540
-3163
-3114
-2909
-2708
-2726
-2694
-2621
-2628
-2393
-1960
-1605
-1222
-742
-316
1
172
156
112
-7
-217
-212
-148
-173
351
1373
1968
2447
3629
4598
4823
5291
5542
4888
4604
4929
4265
3339
3468
3456
2654
2393
2166
983
59
-335
-1544
-2867
-3177
-3527
-4129
-4055
-3842
-3910
-3310
-2593
-2643
-2579
-2091
-2048
-2196
-2056
-2170
-2344
-1896
-1481
-1502
-1183
-607
-425
-386
-312
-434
-633
-629
-771
-1083
-1070
-499
331
923
1506
2466
3320
3726
4190
4424
4003
3793
4055
3512
2600
2607
2472
1534
1127
900
-230
-1088
-1189
-2075
-3241
-3322
-3424
-3957
-3737
-3235
-3306
-2841
-1925
-1891
-2027
-1421
-1082
-1214
-919
-703
-726
-232
267
190
393
1027
1143
983
1086
932
428
245
118
-144
-251
10
628
1451
2195
2752
3533
4357
4584
4223
3857
3643
3431
3060
2580
2182
2138
2077
1588
827
190
-469
-1307
-2254
-3149
-3910
-4340
-4366
-4234
-4158
-3791
-3043
-2515
-2302
-2163
-1985
-1923
-1888
-1984
-2066
-1796
-1329
-1054
-720
-221
95
390
657
608
238
68
-93
-443
-543
-491
-306
430
1400
1973
2811
3998
4541
4624
5099
5164
4535
4379
4438
3704
3119
3129
2517
1553
1200
477
-916
-1617
-2137
-3394
-4149
-4045
-4334
-4619
-4046
-3662
-3698
-3050
-2556
-2789
-2679
-2165
-2272
-2393
-1893
-1603
-1442
-890
-363
-125
334
695
693
618
517
309
142
44
-98
112
356
813
1684
2492
2881
3530
4307
4372
4248
4387
3999
3393
3479
3185
2323
2121
2220
1441
765
582
-343
-1546
-2057
-2860
-4014
-4359
-4322
-4587
-4342
-3633
-3287
-2897
-2259
-2133
-2272
-2046
-2029
-2303
-2273
-1940
-1572
-981
-432
-66
569
1181
1278
1180
1106
786
429
210
105
46
206
490
1107
1843
2338
2991
3790
4179
4147
4258
3980
3368
3205
3069
2372
2003
1951
1342
788
669
-126
-1150
-1455
-1952
-3077
-3559
-3617
-4002
-3770
-2999
-2763
-2514
-1774
-1643
-1839
-1596
-1529
-1852
-1657
-1234
-1198
-750
-103
88
367
847
890
794
921
604
192
283
204
-94
195
525
751
1458
2285
2535
3010
3797
3931
3937
4061
3644
3076
3093
2642
1737
1429
1249
445
-79
-492
-1354
-2093
-2528
-3236
-3871
-3952
-4110
-4177
-3711
-3234
-3084
-2652
-2331
-2388
-2293
-2055
-2097
-2044
-1610
-1329
-1009
-431
58
345
668
907
951
891
685
537
502
434
452
811
1102
1229
1806
2538
2957
3419
4069
4279
4384
4634
4276
3427
3145
2915
2075
1589
1454
827
134
-120
-935
-2083
-2587
-3095
-4040
-4387
-4290
-4560
-4576
-4006
-3803
-3843
-3318
-2870
-2910
-2774
-2469
-2318
-1899
-1349
-1035
-603
77
537
848
1174
1450
1521
1523
1470
1357
1357
1249
1144
1306
1422
1547
2047
2600
2883
3232
3758
3942
3943
3854
3457
3022
2818
2412
1764
1321
1041
505
20
-451
-1208
-1871
-2303
-2795
-3282
-3459
-3577
-3576
-3285
-3061
-3036
-2755
-2475
-2442
-2297
-2051
-1924
-1685
-1282
-1034
-644
-2
468
780
1146
1319
1343
1570
1657
1447
1325
1335
1209
1188
1331
1261
1457
1901
2191
2331
2634
2851
2837
2806
2610
2366
2243
2111
1751
1573
1367
937
623
368
-302
-989
-1383
-1911
-2604
-2970
-3299
-3738
-3791
-3740
-3886
-3882
-3586
-3649
-3731
-3351
-3100
-3030
-2585
-2111
-1862
-1298
-633
-290
80
601
763
815
1099
1158
914
895
973
784
770
1009
1124
1380
2047
2563
2800
3277
3690
3742
3792
3835
3561
3241
3175
2853
2354
2029
1731
1260
808
276
-545
-1246
-1712
-2387
-2969
-3248
-3511
-3777
-3812
-3854
-3928
-3622
-3372
-3330
-3155
-2843
-2633
-2259
-1642
-1207
-727
21
696
1115
1575
1985
2131
2218
2221
2059
1867
1681
1427
1306
1259
1135
1238
1523
1682
1822
2137
2341
2297
2342
2285
1988
1874
1864
1470
1048
834
570
218
-57
-476
-1043
-1398
-1762
-2360
-2880
-3135
-3428
-3594
-3545
-3656
-3698
-3394
-3035
-2768
-2330
-1888
-1579
-1066
-470
-118
327
982
1422
1699
2069
2331
2365
2506
2597
2375
2132
1941
1585
1084
751
469
269
340
567
715
972
1469
1863
2040
2198
2244
2203
2204
1983
1530
1166
1010
713
323
-109
-581
-910
-1193
-1727
-2373
-2769
-3112
-3608
-3957
-4154
-4296
-4242
-4000
-3767
-3446
-2938
-2326
-1706
-1209
-784
-292
153
499
799
1099
1329
1539
1831
1894
1822
1849
1704
1361
1015
709
213
66
405
691
863
1364
2007
2352
2716
2983
2924
2805
3010
2798
2227
1979
1876
1366
833
399
-285
-915
-1301
-1972
-2773
-3130
-3450
-3903
-4146
-4326
-4511
-4302
-3862
-3633
-3333
-2657
-2022
-1417
-713
-133
509
1300
1864
2088
2404
2823
2982
3035
3036
2722
2232
1793
1334
786
324
2
-80
124
424
693
1101
1653
2075
2338
2451
2456
2433
2377
2076
1658
1346
1121
780
425
-40
-633
-1136
-1630
-2238
-2830
-3260
-3678
-4024
-4197
-4422
-4509
-4219
-3835
-3478
-2872
-2172
-1570
-843
-117
394
1043
1783
2201
2515
2866
2935
2803
2781
2651
2195
1691
1236
686
155
-199
-527
-713
-494
-210
42
437
1051
1481
1817
2161
2248
2200
2204
2089
1641
1295
1149
857
464
132
-384
-925
-1358
-1883
-2587
-2994
-3317
-3820
-4100
-4087
-4152
-4066
-3584
-3173
-2769
-2040
-1312
-803
-93
635
1030
1490
2034
2210
2346
2687
2784
2564
2357
2017
1408
845
361
-273
-781
-1067
-1283
-1139
-701
-248
281
1050
1725
2183
2715
3059
3095
3132
3150
2717
2224
1907
1366
676
231
-301
-1090
-1684
-2101
-2786
-3366
-3582
-4029
-4501
-4519
-4443
-4541
-4220
-3592
-3161
-2520
-1628
-1012
-309
743
1512
1972
2552
2946
2948
3175
3381
3101
2880
2761
2248
1507
1033
428
-257
-463
-562
-788
-552
-9
435
1019
1795
2290
2559
2948
2975
2718
2608
2380
1734
1319
938
260
-291
-548
-1090
-1775
-2015
-2432
-3141
-3461
-3625
-4080
-4268
-3982
-3844
-3664
-2961
-2259
-1681
-762
87
571
1207
1888
2122
2233
2538
2601
2452
2395
2151
1683
1397
1100
565
52
-471
-1168
-1715
-1946
-2161
-2090
-1470
-837
-301
527
1378
1879
2410
2918
2887
2674
2684
2257
1473
1099
784
113
-329
-435
-1035
-1695
-1915
-2451
-3295
-3665
-3873
-4389
-4535
-4156
-3927
-3518
-2512
-1658
-948
148
1145
1632
2155
2646
2680
2614
2677
2561
2360
2293
2060
1764
1513
1146
690
339
-79
-566
-853
-1071
-1289
-1159
-756
-458
180
1129
1775
2107
2688
3128
3016
2934
2916
2432
1840
1520
1006
267
-122
-379
-1070
-1607
-1925
-2562
-3249
-3498
-3852
-4321
-4271
-4001
-3800
-3233
-2365
-1755
-1065
-103
475
813
1423
1744
1616
1714
1833
1582
1403
1398
1189
920
725
318
-160
-444
-885
-1286
-1302
-1270
-1286
-799
-115
271
1026
2030
2510
2710
3220
3392
2984
2790
2644
1980
1472
1369
892
217
45
-221
-1002
-1488
-1638
-2265
-2841
-2889
-3131
-3502
-3191
-2672
-2543
-1973
-963
-396
62
897
1279
1290
1638
1882
1619
1562
1730
1490
1257
1311
1109
752
564
153
-371
-683
-1086
-1551
-1630
-1563
-1589
-1211
-493
-53
446
1332
1844
1839
2031
2141
1693
1206
1043
584
-11
-121
-280
-758
-860
-779
-1313
-1807
-1886
-2287
-2863
-2956
-3027
-3372
-3179
-2562
-2246
-1735
-798
-234
249
1042
1430
1473
1772
1917
1633
1552
1615
1380
1246
1266
973
723
626
188
-274
-417
-783
-1248
-1141
-955
-1028
-575
233
624
1001
1831
2379
2404
2667
2968
2768
2437
2316
2008
1632
1508
1398
916
534
409
-76
-786
-1150
-1535
-2227
-2587
-2602
-2840
-2929
-2489
-2145
-1936
-1366
-797
-538
-166
161
141
227
508
406
261
385
313
145
95
38
-71
-99
-294
-601
-631
-701
-955
-859
-589
-622
-504
18
400
610
1084
1568
1677
1685
1899
2030
1880
1747
1651
1442
1215
1051
708
216
-48
-316
-864
-1241
-1362
-1701
-1940
-1829
-1855
-1970
-1711
-1437
-1459
-1270
-947
-825
-582
-241
-219
-86
332
421
370
643
858
795
809
772
567
484
361
11
-114
21
-156
-251
64
318
342
692
1204
1327
1406
1745
1923
1698
1605
1677
1518
1177
1052
814
367
132
-52
-605
-1063
-1165
-1493
-1996
-2129
-2281
-2696
-2807
-2636
-2651
-2500
-1966
-1657
-1480
-1018
-656
-409
83
439
549
834
1076
981
982
1107
1015
833
737
581
396
319
102
-79
-86
-193
-285
-145
-24
-78
63
404
608
802
1153
1521
1786
1882
1979
2188
2326
2236
2156
2060
1812
1492
1166
672
216
-113
-554
-981
-1181
-1508
-1852
-1945
-2043
-2268
-2310
-2149
-2153
-2119
-1897
-1691
-1429
-1028
-746
-499
-131
131
134
232
389
397
359
368
307
170
81
-31
-135
-116
-121
-171
-112
-27
-12
31
221
374
493
667
1010
1262
1324
1497
1744
1775
1653
1611
1437
1145
959
690
232
-33
-233
-608
-935
-1131
-1475
-1757
-1736
-1834
-2006
-1795
-1515
-1474
-1236
-811
-632
-441
-105
60
223
501
576
505
635
724
624
618
633
482
401
371
198
75
42
-122
-273
-257
-311
-376
-278
-66
102
343
743
1077
1279
1448
1642
1744
1655
1521
1389
1148
852
622
405
93
-117
-299
-620
-901
-1079
-1347
-1623
-1746
-1840
-1971
-1901
-1694
-1628
-1488
-1171
-849
-558
-248
27
249
487
636
639
673
748
741
708
640
542
445
309
124
-25
-169
-366
-478
-511
-565
-556
-421
-208
71
357
627
943
1232
1394
1523
1642
1609
1454
1358
1169
862
642
412
92
-152
-372
-731
-1034
-1194
-1519
-1918
-2035
-2118
-2299
-2278
-2095
-1998
-1842
-1466
-1135
-805
-370
-59
179
490
756
822
898
1069
1090
1078
1129
1046
894
810
690
515
400
280
139
103
127
89
88
287
564
797
1118
1436
1688
1894
2022
2116
2113
2076
1987
1830
1603
1298
944
561
171
-214
-655
-1071
-1456
-1855
-2184
-2426
-2659
-2860
-2907
-2876
-2848
-2661
-2346
-2111
-1819
-1390
-1024
-712
-278
145
390
644
925
1030
1078
1194
1226
1075
975
847
581
312
174
20
-156
-208
-183
-162
-84
110
287
424
617
842
1016
1173
1339
1459
1491
1505
1519
1493
1310
1113
896
571
124
-231
-529
-953
-1315
-1545
-1805
-2046
-2149
-2291
-2412
-2380
-2288
-2211
-1991
-1671
-1418
-1102
-738
-423
-99
252
556
809
1027
1095
1119
1170
1081
930
837
681
475
299
186
47
-40
-48
-79
13
160
272
489
770
981
1195
1447
1632
1811
2008
2080
2085
2108
2032
1809
1645
1494
1116
728
412
-82
-604
-940
-1299
-1774
-2020
-2173
-2391
-2449
-2340
-2359
-2317
-1958
-1701
-1533
-1174
-771
-511
-220
143
380
564
747
821
834
823
694
532
386
146
-83
-202
-366
-538
-578
-574
-586
-502
-348
-189
76
385
587
829
1140
1390
1607
1846
2009
2028
2018
1954
1776
1542
1272
904
505
156
-253
-746
-1115
-1473
-1903
-2209
-2340
-2480
-2574
-2456
-2291
-2145
-1844
-1456
-1145
-746
-262
74
311
592
785
841
872
858
729
591
468
293
74
-144
-308
-466
-656
-827
-873
-865
-887
-781
-573
-436
-207
191
600
895
1316
1770
2015
2193
2417
2487
2348
2321
2223
1840
1525
1345
937
443
173
-172
-672
-919
-1110
-1469
-1684
-1728
-1897
-1974
-1828
-1727
-1583
-1197
-820
-571
-188
205
412
596
762
749
669
584
392
166
49
-90
-307
-466
-546
-577
-631
-666
-660
-639
-590
-503
-402
-287
-72
181
444
769
1120
1450
1743
1978
2115
2174
2148
2003
1777
1480
1097
763
436
29
-319
-530
-779
-1074
-1240
-1398
-1628
-1766
-1800
-1882
-1913
-1777
-1655
-1518
-1219
-907
-705
-457
-147
40
149
292
304
259
252
172
25
-107
-195
-271
-297
-332
-366
-368
-369
-347
-268
-214
-210
-143
29
157
268
523
779
965
1179
1365
1466
1561
1656
1649
1534
1431
1332
1117
884
735
537
286
148
1
-262
-414
-455
-660
-869
-906
-984
-1047
-992
-954
-946
-780
-615
-546
-370
-190
-132
-43
86
74
47
103
37
-76
-105
-151
-253
-263
-215
-252
-276
-230
-268
-344
-325
-267
-287
-271
-157
-93
-26
146
357
500
701
935
1003
1081
1246
1232
1087
1069
985
727
579
491
268
102
51
-169
-374
-448
-615
-860
-986
-1113
-1329
-1398
-1398
-1506
-1513
-1416
-1378
-1302
-1109
-963
-861
-659
-498
-370
-154
30
124
261
372
416
495
574
595
621
661
624
588
635
669
705
792
863
925
1030
1170
1320
1466
1612
1732
1849
1927
1927
1915
1885
1811
1676
1572
1394
1136
935
648
286
-26
-398
-829
-1228
-1602
-2018
-2363
-2596
-2836
-2979
-3027
-3038
-2977
-2798
-2588
-2363
-2043
-1733
-1447
-1144
-865
-617
-350
-107
103
269
403
492
539
555
498
468
410
303
202
134
79
35
66
125
222
408
628
843
1122
1405
1660
1941
2191
2308
2420
2530
2487
2401
2334
2151
1918
1708
1344
895
504
47
-494
-905
-1308
-1805
-2167
-2365
-2580
-2704
-2620
-2541
-2456
-2205
-1915
-1691
-1366
-978
-693
-425
-99
105
228
440
603
607
607
600
503
402
299
162
6
-105
-219
-307
-330
-281
-175
-57
133
383
625
883
1208
1464
1658
1925
2139
2216
2321
2399
2282
2105
1932
1629
1229
882
438
-155
-669
-1161
-1714
-2176
-2502
-2848
-3129
-3206
-3268
-3242
-2978
-2713
-2491
-2106
-1707
-1423
-1059
-627
-326
-42
364
610
778
1054
1207
1225
1291
1306
1179
1109
1066
912
799
785
733
727
802
833
898
1057
1207
1359
1626
1849
1988
2155
2282
2291
2355
2355
2184
2009
1826
1499
1101
775
348
-184
-641
-1110
-1700
-2198
-2582
-2988
-3308
-3404
-3501
-3602
-3486
-3329
-3222
-2973
-2626
-2354
-2045
-1645
-1315
-1076
-737
-425
-210
51
294
421
528
663
682
654
666
645
568
524
513
457
464
585
684
788
959
1124
1272
1443
1633
1766
1923
2108
2181
2200
2197
2166
2096
1949
1778
1546
1246
910
517
95
-350
-734
-1093
-1444
-1722
-1970
-2159
-2272
-2320
-2301
-2225
-2102
-1962
-1762
-1514
-1293
-1014
-702
-424
-128
178
424
651
893
1055
1140
1221
1270
1237
1205
1157
1020
877
780
657
519
405
313
227
200
195
182
181
167
177
142
121
138
125
109
115
129
113
79
43
-31
-101
-171
-305
-474
-645
-830
-1032
-1195
-1300
-1394
-1460
-1454
-1394
-1306
-1208
-1064
-884
-705
-516
-317
-93
192
427
639
864
1045
1201
1350
1476
1542
1589
1578
1490
1370
1197
1013
849
677
481
267
87
-96
-263
-415
-544
-624
-680
-728
-741
-691
-629
-542
-417
-260
-83
101
263
383
493
542
524
490
390
242
115
-27
-199
-327
-444
-607
-715
-779
-900
-977
-982
-1017
-1044
-974
-903
-836
-690
-543
-437
-270
-58
97
293
482
591
692
752
743
673
578
459
318
201
33
-138
-254
-355
-449
-524
-555
-572
-559
-514
-487
-423
-282
-133
13
197
405
601
839
1039
1168
1289
1377
1378
1322
1259
1129
962
795
573
320
74
-163
-376
-529
-634
-733
-795
-796
-790
-731
-612
-483
-335
-171
-19
128
291
455
624
797
914
981
1008
962
865
738
569
327
61
-227
-543
-811
-1037
-1259
-1434
-1518
-1567
-1593
-1534
-1439
-1336
-1160
-935
-734
-538
-294
-56
156
372
592
748
861
971
1015
1002
946
854
714
550
390
207
13
-173
-341
-471
-562
-634
-665
-652
-602
-522
-413
-266
-102
77
254
450
638
785
903
967
994
996
989
923
801
692
556
389
209
40
-112
-267
-398
-505
-599
-663
-693
-705
-670
-605
-507
-377
-229
-45
132
280
432
546
649
727
732
701
632
515
367
241
120
-22
-157
-274
-380
-490
-579
-642
-692
-715
-725
-702
-653
-609
-534
-425
-323
-210
-71
30
96
189
262
262
231
201
127
30
-55
-174
-288
-365
-452
-563
-613
-627
-652
-620
-552
-511
-456
-342
-225
-124
-1
151
258
359
475
538
587
633
676
671
662
649
595
548
498
439
333
246
195
136
89
41
-7
-56
-73
-57
-22
47
135
209
286
378
444
497
557
579
558
527
483
443
403
354
298
268
257
204
163
111
12
-73
-133
-216
-289
-309
-334
-351
-329
-298
-269
-223
-162
-156
-172
-186
-250
-315
-366
-445
-537
-589
-625
-679
-695
-687
-705
-713
-710
-713
-726
-707
-695
-704
-653
-585
-515
-432
-320
-202
-91
53
195
312
413
488
547
609
646
669
667
662
650
618
577
504
442
391
349
306
268
234
203
195
188
193
215
247
254
264
262
230
206
171
139
108
90
88
70
46
16
-18
-50
-87
-116
-161
-202
-221
-248
-269
-281
-264
-239
-205
-143
-95
-39
6
27
46
43
33
31
32
-4
-28
-19
-57
-108
-139
-181
-259
-311
-348
-435
-498
-532
-566
-564
-537
-515
-494
-422
-328
-239
-122
-27
29
82
142
192
228
281
335
366
414
466
499
524
559
587
567
562
545
486
448
429
402
395
428
439
451
497
497
454
439
396
312
273
257
194
137
117
31
-68
-119
-202
-330
-436
-535
-696
-812
-878
-981
-1037
-1030
-1037
-1038
-987
-926
-882
-803
-683
-603
-504
-396
-318
-226
-108
19
118
245
347
400
452
489
512
535
551
558
559
555
540
528
535
541
569
600
626
665
685
669
647
638
607
576
536
480
405
331
259
155
52
-41
-179
-346
-497
-633
-765
-870
-947
-1023
-1051
-1051
-1029
-985
-936
-864
-794
-694
-598
-518
-428
-339
-241
-149
-56
22
75
130
179
225
262
276
291
297
283
261
245
228
209
205
204
234
305
386
427
494
583
638
702
745
756
753
749
733
695
641
556
455
373
271
137
-7
-172
-311
-415
-503
-595
-668
-702
-733
-738
-702
-666
-625
-572
-509
-440
-392
-334
-291
-254
-207
-167
-133
-99
-58
-33
-40
-44
-42
-55
-64
-69
-79
-105
-116
-109
-85
-34
26
112
226
333
428
539
657
752
845
937
990
1008
989
939
850
764
682
566
464
373
262
132
13
-117
-274
-397
-498
-595
-674
-742
-798
-839
-854
-842
-812
-748
-698
-655
-608
-549
-473
-432
-418
-403
-401
-396
-365
-325
-293
-250
-208
-161
-105
-69
-60
-52
-39
-6
51
125
211
305
415
541
647
742
833
878
885
874
829
779
722
650
590
521
446
353
253
149
38
-55
-152
-245
-341
-418
-489
-543
-571
-600
-609
-601
-559
-495
-427
-361
-299
-244
-203
-165
-139
-138
-149
-156
-160
-185
-219
-236
-238
-226
-207
-177
-144
-118
-102
-74
-30
11
79
172
251
321
396
454
504
559
611
629
633
632
620
608
591
533
450
366
267
157
71
6
-63
-136
-197
-257
-297
-310
-315
-307
-307
-323
-326
-309
-275
-235
-189
-144
-93
-32
-1
23
58
71
69
78
87
97
114
112
112
110
116
118
127
138
123
100
76
71
47
33
11
-37
-68
-99
-141
-194
-224
-258
-277
-273
-297
-342
-378
-418
-443
-434
-409
-380
-341
-295
-250
-189
-124
-60
-2
64
124
169
192
207
250
286
304
327
355
359
355
333
309
286
254
238
208
175
124
49
-2
-38
-74
-110
-153
-188
-205
-208
-218
-226
-234
-256
-257
-249
-244
-221
-186
-148
-96
-45
-9
29
83
144
201
262
294
313
349
358
346
350
342
319
303
275
234
180
134
83
17
-41
-122
-187
-240
-276
-307
-340
-353
-370
-356
-315
-282
-250
-191
-123
-66
-7
54
92
126
159
155
157
154
157
153
143
138
103
58
17
-17
-54
-76
-110
-129
-134
-116
-84
-53
4
42
88
137
169
204
250
296
320
337
339
327
304
280
239
172
98
12
-70
-156
-230
-290
-351
-398
-449
-476
-478
-464
-429
-406
-381
-335
-277
-212
-131
-44
32
108
186
242
276
309
323
306
265
207
184
167
132
101
73
45
13
-6
-26
-58
-80
-99
-107
-88
-63
-56
-49
2
65
94
104
114
107
74
58
40
18
-6
-48
-108
-160
-189
-229
-258
-277
-286
-289
-286
-281
-282
-256
-217
-172
-107
-30
37
110
187
240
279
319
341
343
360
368
352
330
297
256
231
201
144
84
26
-45
-108
-151
-207
-252
-267
-267
-263
-254
-235
-213
-186
-159
-125
-97
-77
-59
-24
44
112
173
237
286
299
296
284
261
265
263
252
245
230
203
162
134
92
33
-27
-75
-122
-183
-224
-258
-294
-315
-310
-297
-287
-265
-235
-199
-169
-142
-126
-118
-88
-54
-15
15
33
62
94
122
141
154
174
174
165
162
147
138
118
101
79
41
-13
-64
-94
-105
-107
-91
-71
-58
-48
-38
-27
-6
24
37
56
73
58
33
21
19
32
46
38
22
6
-5
-16
-26
-28
-29
-34
-43
-52
-77
-91
-87
-86
-77
-64
-56
-52
-40
-24
-9
13
39
37
43
57
62
65
50
32
23
21
1
-30
-47
-52
-57
-64
-51
-42
-49
-42
-42
-42
-29
-24
-29
-18
3
1
0
17
27
33
47
69
80
84
91
81
57
41
30
18
6
4
8
14
39
62
64
61
56
47
40
42
33
9
-13
-13
-17
-16
9
17
-12
-53
-82
-119
-146
-142
-117
-82
-61
-54
-54
-50
-45
-52
-61
-51
-31
-21
6
52
97
116
129
138
138
140
145
149
136
110
83
55
33
30
15
12
9
-12
-20
-22
-11
0
1
-2
-2
-2
10
21
35
40
32
25
15
11
7
5
-5
-17
-51
-87
-87
-79
-80
-110
-127
-135
-151
-158
-159
-143
-127
-131
-130
-115
-92
-67
-45
-14
1
2
0
0
22
52
87
110
128
133
133
125
118
105
86
73
69
64
44
32
18
13
15
11
4
9
15
13
0
-15
-25
-28
-18
-7
-1
0
4
7
13
9
-14
-36
-53
-73
-91
-93
-92
-87
-60
-43
-36
-22
-24
-32
-31
-25
-13
-2
16
27
30
42
39
38
42
33
28
30
23
7
2
-9
-18
-21
-24
-24
-22
-21
-27
-34
-32
-24
-21
-15
1
5
12
31
50
79
89
77
67
58
44
37
65
84
99
104
95
96
76
50
33
12
-5
-16
-25
-32
-27
-20
-24
-32
-33
-23
-4
24
39
34
33
31
24
11
-1
-4
-11
2
15
12
13
7
-17
-52
-79
-106
-124
-124
-119
-104
-97
-93
-95
-98
-91
-88
-88
-83
-66
-45
-35
-12
12
26
34
47
60
74
96
107
106
97
82
76
68
64
72
69
84
95
90
85
57
20
-4
-16
-14
-12
-17
-27
-45
-64
-72
-75
-77
-73
-81
-91
-90
-92
-82
-72
-49
-36
-40
-37
-46
-57
-72
-80
-66
-48
-38
-31
-33
-35
-18
1
8
17
11
1
-15
-26
-16
-13
7
34
54
86
110
119
119
116
104
99
110
117
127
132
136
132
114
108
92
73
54
34
22
15
5
-3
-11
-21
-30
-30
-31
-33
-31
-37
-41
-38
-41
-44
-35
-39
-47
-40
-41
-39
-33
-30
-17
-20
-45
-64
-62
-60
-72
-74
-73
-78
-65
-53
-44
-41
-56
-65
-59
-52
-45
-36
-27
-10
2
16
37
52
63
59
62
67
55
57
58
48
29
1
-8
-1
9
16
19
32
36
42
56
61
58
54
69
76
68
61
41
29
13
-5
-16
-17
-19
-29
-33
-34
-39
-45
-44
-41
-47
-53
-40
-14
10
29
41
49
38
19
8
12
18
23
21
3
3
-6
-26
-35
-40
-42
-61
-81
-88
-91
-81
-58
-56
-60
-56
-54
-48
-44
-51
-52
-40
-31
-14
-5
12
34
52
66
58
51
50
32
27
22
16
27
40
57
62
49
42
35
25
3
-19
-22
-5
25
33
34
35
30
33
29
15
6
-1
7
3
-9
-11
-12
-10
-17
-32
-58
-70
-58
-54
-52
-50
-45
-37
-30
-28
-39
-37
-27
-26
-10
1
8
23
47
77
80
76
63
55
59
60
58
53
55
45
37
24
8
10
13
26
39
50
53
46
35
24
12
6
-1
2
21
38
44
46
43
26
7
-21
-45
-49
-57
-59
-59
-55
-64
-76
-82
-88
-86
-100
-115
-114
-99
-86
-75
-63
-67
-63
-43
-22
-12
11
36
43
47
44
43
47
71
87
94
100
87
74
60
41
24
7
-12
-29
-42
-37
-36
-31
-27
-33
-30
-41
-48
-32
-18
-3
2
8
18
14
16
11
17
15
6
0
-4
0
13
21
27
34
40
42
24
3
-16
-39
-40
-26
-30
-37
-28
-10
16
49
65
62
54
49
38
35
39
23
11
-11
-37
-48
-53
-54
-62
-60
-68
-82
-89
-86
-79
-65
-61
-72
-58
-49
-40
-29
-22
-9
-3
25
42
55
60
45
43
23
11
31
61
93
104
121
116
76
57
42
37
53
57
73
92
85
70
52
46
43
38
45
45
41
22
4
7
10
6
4
-8
-30
-63
-80
-65
-49
-25
-17
-17
-15
-26
-57
-73
-77
-86
-82
-66
-49
-38
-19
-19
-22
-15
-26
-23
1
25
34
12
-6
-13
-1
4
7
26
42
42
42
32
1
-15
-36
-36
-18
-14
-22
-39
-43
-63
-67
-62
-69
-53
-55
-64
-78
-101
-96
-97
-78
-49
-39
-28
-26
-28
-31
-19
11
22
34
50
32
29
42
63
86
95
101
108
111
87
72
63
56
53
33
24
14
11
8
11
10
-2
-1
-5
15
32
40
51
48
50
27
11
-3
-16
-10
-4
-2
-3
-8
-19
-31
-21
-13
-3
-2
-2
-7
-17
-11
-16
-12
-18
-13
2
0
-6
-22
-25
-10
3
17
26
31
29
19
18
10
9
17
22
37
35
35
34
28
23
23
24
8
-4
-8
-26
-28
-22
-22
-24
-19
-19
-24
-19
-25
-20
-18
-12
-18
-37
-40
-43
-40
-35
-29
-16
-8
-18
-41
-57
-67
-59
-34
-18
0
12
5
13
33
52
48
45
51
40
28
15
2
-10
-9
0
11
12
16
7
-13
-24
-37
-49
-45
-38
-40
-38
-37
-33
-30
-16
-2
6
7
4
5
7
6
-7
-9
-6
-7
-12
-18
-14
-21
-35
-36
-26
2
12
9
7
11
8
-2
13
32
55
77
75
61
37
15
5
7
17
15
27
53
64
65
52
44
29
20
32
25
21
12
7
10
12
16
12
20
19
18
16
2
-19
-37
-39
-27
-8
7
10
1
-13
-29
-42
-45
-44
-42
-33
-30
-13
-15
-28
-26
-16
3
1
-3
1
4
2
-11
-23
-19
-7
2
18
19
12
16
32
43
48
46
36
40
27
2
-6
-11
-15
-15
-10
-12
-10
-6
0
6
-2
-14
-32
-47
-56
-56
-41
-17
4
2
-6
-20
-44
-59
-64
-41
-15
-11
2
5
5
10
0
-17
-33
-42
-42
-43
-33
-28
-16
7
20
44
44
28
14
13
26
26
31
28
24
12
-5
-19
-39
-53
-59
-40
-17
7
36
48
56
60
49
43
35
17
-4
3
26
31
32
33
41
58
59
59
66
58
40
43
35
26
35
44
46
34
18
-21
-50
-58
-65
-54
-39
-29
-24
-14
-12
-13
-25
-37
-34
-43
-46
-37
-34
-48
-40
-20
-12
-5
-6
-30
-49
-41
-42
-39
-23
-19
-22
-12
3
4
14
19
20
34
38
25
6
-5
-4
-5
-4
-15
-13
-11
-18
-1
1
-7
-2
2
-13
-18
3
3
2
20
32
49
69
88
83
80
84
83
85
63
40
32
24
26
34
25
25
34
44
42
21
12
-13
-31
-46
-70
-64
-46
-26
-12
-11
-13
-15
-25
-45
-58
-69
-80
-78
-80
-91
-87
-73
-66
-54
-41
-48
-69
-95
-112
-107
-81
-41
-14
1
19
15
-1
-9
0
4
6
32
51
53
67
79
82
88
84
71
62
59
59
58
67
66
70
85
81
76
59
45
41
42
42
39
36
18
-17
-51
-64
-61
-54
-50
-53
-34
-26
-29
-33
-50
-55
-56
-67
-69
-64
-64
-60
-45
-44
-47
-38
-38
-36
-18
-5
6
10
1
-3
-3
4
13
27
41
44
50
62
60
55
74
83
75
95
87
72
75
77
81
80
72
57
47
41
35
25
9
6
12
-3
-28
-37
-47
-49
-28
-30
-49
-56
-49
-58
-59
-51
-43
-28
-20
-39
-72
-96
-112
-112
-101
-82
-74
-64
-46
-47
-42
-28
-23
-26
-24
-24
-14
3
4
0
1
-2
3
6
16
27
36
52
46
41
40
33
23
18
24
15
21
33
32
42
43
40
38
34
16
6
17
13
20
36
44
47
49
42
17
12
15
13
12
14
18
33
44
40
31
20
6
1
7
-1
0
7
-4
-22
-30
-29
-35
-43
-62
-75
-66
-58
-54
-54
-63
-68
-57
-47
-51
-56
-51
-45
-23
0
7
9
-2
6
10
7
-3
-17
-13
-6
9
17
23
42
37
35
46
43
37
38
51
67
69
65
56
47
42
29
20
13
5
-5
3
15
14
8
-7
-28
-39
-53
-68
-62
-44
-34
-21
3
13
13
9
-3
-22
-26
-16
-11
-8
-2
-5
1
9
2
-9
-1
16
23
18
3
-10
-13
-17
-15
-14
-9
5
22
38
43
39
31
13
5
3
2
6
11
25
44
60
58
28
-3
-8
-14
-21
-16
-5
3
7
-3
-24
-46
-51
-53
-56
-24
-8
-13
-19
-33
-54
-74
-65
-58
-56
-35
-31
-35
-15
-3
-8
-4
-2
-1
6
12
5
4
9
11
8
7
5
8
14
19
34
32
28
42
48
44
49
44
37
28
6
-16
-23
-3
19
39
44
44
53
49
44
32
21
9
-9
-11
-22
-26
-16
-15
-7
-7
-17
-13
-7
-6
-5
-11
-23
-28
-37
-45
-52
-53
-45
-34
-22
-19
-9
-4
3
16
13
-5
-19
-21
-7
-6
-13
-6
-14
-24
-24
-29
-22
-12
-7
-12
1
24
28
26
34
31
31
32
28
20
21
44
58
67
76
73
60
55
48
34
27
25
12
7
14
15
29
38
26
22
22
7
9
24
23
25
28
16
-6
-22
-38
-64
-68
-70
-71
-63
-39
-20
-25
-21
-20
-35
-48
-54
-59
-66
-75
-70
-64
-62
-57
-52
-59
-80
-93
-94
-86
-74
-49
-34
-27
-12
6
5
-1
4
2
3
15
27
45
66
93
96
91
91
82
73
63
58
63
64
81
94
92
87
64
48
42
43
49
50
47
40
28
19
20
5
-15
-32
-52
-56
-59
-65
-77
-96
-101
-109
-101
-94
-92
-79
-67
-56
-45
-36
-28
-21
-20
-22
-22
11
26
17
18
28
28
36
52
53
64
72
61
57
71
77
68
54
37
24
9
-5
-9
-8
-14
-19
-11
1
4
18
22
13
13
6
-3
-5
-1
-8
-9
2
0
-9
-5
1
-2
-18
-11
10
21
32
24
8
6
16
21
13
5
-15
-32
-31
-30
-27
-26
-37
-45
-33
-32
-42
-48
-57
-57
-45
-40
-46
-36
-15
-20
-33
-17
5
14
15
31
36
29
23
12
23
38
42
37
33
33
28
5
-12
-20
-19
-12
-8
-13
-5
10
19
28
42
52
32
13
4
9
16
8
9
19
22
20
18
6
-6
-20
-27
-28
-37
-52
-48
-34
-32
-23
-24
-27
-19
-27
-34
-31
-33
-40
-53
-49
-52
-54
-49
-33
-6
4
12
3
22
32
26
28
20
-1
-23
-28
-22
1
22
40
58
61
59
61
60
53
64
64
54
55
43
24
21
22
19
16
8
2
-5
-12
-5
6
16
36
42
37
26
3
-15
-29
-44
-39
-43
-44
-25
-16
-10
-1
16
29
31
19
-5
-20
-20
-7
4
7
-3
-16
-20
-25
-26
-15
-5
9
24
37
31
16
19
12
-2
-1
-1
3
6
-16
-33
-48
-62
-58
-44
-12
-3
11
26
22
9
-11
-19
-28
-34
-37
-20
-8
-13
-13
-18
-18
-12
-5
3
14
22
38
37
21
10
-4
1
10
2
-9
-19
-29
-30
-22
-22
-13
-8
-14
-25
-23
-13
-25
-18
-20
-27
-14
-15
-19
-4
7
4
1
-7
-10
-8
5
15
14
15
8
-1
6
20
23
31
44
51
47
36
36
27
2
-14
-16
-11
-12
-10
-3
-2
12
27
24
22
8
-3
5
18
13
1
-5
-15
-25
-42
-43
-22
1
14
27
24
12
8
8
6
-9
-12
-3
8
28
37
30
31
34
31
30
28
11
-8
-17
-34
-38
-37
-21
1
16
21
21
23
24
26
26
12
-6
-3
7
20
26
29
27
13
15
11
12
10
1
7
10
9
7
2
-16
-25
-32
-28
-11
-6
-13
-30
-43
-36
-12
5
10
10
5
7
4
5
12
7
3
-11
-21
-37
-46
-45
-59
-55
-50
-51
-44
-38
-32
-25
-21
-14
-17
-20
-24
-43
-43
-42
-28
-4
7
17
20
13
-2
-7
-2
-2
4
7
14
27
23
10
2
7
7
-1
-14
-19
-15
-4
8
16
16
21
22
16
21
32
32
20
6
1
-10
-10
2
17
37
41
37
27
15
7
12
18
19
19
17
15
7
5
-5
-19
-33
-40
-26
-8
0
-14
-21
-28
-28
-13
5
16
25
21
19
28
39
39
31
29
37
48
49
48
54
52
45
33
15
12
21
27
24
9
3
11
20
19
15
15
6
6
14
20
22
7
-16
-43
-55
-63
-68
-66
-65
-62
-64
-61
-52
-35
-20
-17
-27
-28
-19
-13
-5
1
8
3
-7
-10
-4
-5
-2
3
-12
-32
-43
-39
-33
-24
-18
-5
13
27
36
40
33
21
8
6
5
1
-3
-10
-12
-28
-37
-32
-21
-10
-5
1
2
0
2
8
10
2
-8
-14
-16
-7
-7
-6
2
5
0
1
1
9
14
15
4
-1
5
-17
-30
-35
-47
-46
-38
-21
-7
11
31
35
36
33
23
15
12
10
11
3
-6
-6
-3
12
31
37
39
41
33
22
17
14
19
31
30
25
14
-1
-9
-7
12
16
18
24
22
17
11
11
23
41
43
38
21
6
7
16
24
28
31
27
16
3
-6
-4
3
4
-2
-14
-29
-36
-34
-26
-15
-14
-12
1
14
15
11
9
-3
-9
-10
-14
-21
-28
-36
-45
-43
-51
-58
-54
-52
-54
-56
-54
-53
-37
-28
-11
-10
-17
-12
-10
1
6
10
13
15
24
28
34
32
30
27
12
4
15
22
25
29
27
25
15
7
8
6
-1
-5
-12
-17
-17
-8
1
23
32
16
8
0
-10
-19
-17
-9
-21
-37
-32
-28
-32
-31
-32
-36
-33
-36
-33
-16
-13
-13
-12
-7
7
15
18
24
26
19
18
21
20
18
14
16
25
28
22
12
4
3
-1
4
0
3
5
9
11
9
11
3
11
21
11
6
4
3
-2
-1
1
-5
-5
-15
-29
-43
-47
-38
-21
0
3
4
9
25
33
29
29
16
6
3
1
3
3
13
26
42
45
39
43
45
49
48
39
41
39
38
41
35
26
21
23
21
21
22
11
5
1
-3
-10
-22
-23
-31
-35
-32
-25
-21
-22
-25
-27
-22
-21
-24
-26
-19
-23
-31
-43
-57
-67
-70
-62
-58
-52
-43
-36
-31
-31
-38
-38
-37
-37
-30
-19
-4
2
6
12
19
29
27
18
13
16
18
17
17
17
13
15
19
27
17
2
6
6
1
-11
-27
-24
-25
-19
-13
-7
1
1
10
13
16
16
8
-1
-9
-1
1
-4
2
13
31
40
40
46
43
33
14
0
-8
-5
-4
-12
-16
-10
9
28
30
18
16
14
13
10
-1
-11
-18
-27
-22
-15
-18
-22
-9
2
2
-4
-25
-34
-34
-33
-30
-36
-36
-31
-9
11
21
32
37
39
36
29
31
37
46
57
61
56
50
44
38
39
40
41
46
53
51
37
25
9
-7
-15
-17
-24
-32
-31
-23
-14
-11
-9
-7
-8
-25
-33
-33
-40
-40
-32
-19
-3
11
15
7
2
-8
-23
-21
-16
-15
-7
-3
8
7
3
-4
-12
-22
-50
-76
-80
-89
-87
-75
-70
-55
-42
-29
-20
-14
1
9
12
2
-10
-14
-16
-9
5
19
40
61
69
54
35
41
48
46
36
18
6
-4
-18
-35
-37
-30
-17
6
14
6
9
4
1
4
2
3
12
6
-5
1
3
6
2
-9
-14
-11
1
6
15
14
3
2
2
11
26
22
17
23
39
46
46
55
50
43
40
35
27
14
5
5
1
1
-3
-18
-24
-39
-45
-42
-36
-27
-35
-27
-27
-29
-29
-31
-27
-11
10
17
19
21
12
-4
-14
-21
-22
-18
-11
-7
-5
12
23
19
12
-3
-7
-6
-10
-12
-7
11
37
48
42
33
29
24
31
28
23
24
25
30
12
-2
-13
-11
-7
-15
-18
-26
-32
-40
-44
-49
-48
-51
-50
-35
-20
-9
8
19
13
16
21
21
21
15
16
17
20
19
7
8
18
25
28
28
19
11
16
19
27
31
30
20
6
-8
-17
-12
-3
-4
-7
-9
-11
-16
-22
-15
-18
-29
-37
-49
-48
-42
-35
-37
-40
-38
-38
-38
-36
-35
-46
-58
-54
-45
-33
-20
-16
-9
2
2
9
18
26
23
16
10
2
0
-2
-7
-3
2
3
8
10
14
16
23
34
39
44
35
26
20
22
29
30
33
33
32
42
48
40
34
21
21
20
14
-2
-19
-20
-19
-7
5
13
13
9
6
3
2
5
0
-3
-4
0
6
15
20
23
18
8
6
5
12
16
19
23
20
22
24
22
16
12
17
26
31
36
39
30
9
-8
-26
-38
-34
-19
-8
-5
-19
-42
-59
-71
-70
-66
-60
-52
-53
-56
-55
-48
-37
-28
-29
-39
-37
-39
-32
-26
-26
-16
-13
-8
-9
-8
-3
0
5
12
9
16
20
20
7
-6
-9
-9
2
12
17
24
40
46
40
28
26
35
39
39
33
35
29
29
33
22
18
14
12
9
7
11
9
0
-18
-16
-14
-18
-14
-9
4
8
10
12
1
-6
-13
-23
-23
-26
-22
-9
-6
-6
-14
-24
-44
-51
-41
-46
-49
-39
-28
-25
-12
4
5
13
29
32
25
17
7
-4
-14
-11
-11
-7
1
10
20
11
-3
-10
-6
1
14
31
40
43
44
48
48
52
61
67
56
37
30
21
11
15
22
27
38
43
48
48
43
48
37
18
5
-5
-4
-19
-36
-40
-40
-41
-53
-52
-45
-37
-29
-27
-28
-31
-38
-45
-54
-66
-83
-87
-67
-49
-39
-41
-44
-34
-31
-28
-20
-11
-10
-13
-8
-1
3
9
31
56
79
87
84
70
46
38
37
36
28
24
33
44
53
50
38
27
13
1
-14
-21
-24
-28
-35
-45
-42
-27
-19
-17
-16
-17
-25
-35
-39
-43
-49
-53
-56
-61
-53
-50
-50
-43
-49
-45
-40
-32
-28
-27
-23
-16
0
14
29
39
45
41
49
81
113
135
123
105
94
76
59
45
35
17
6
5
7
22
23
20
18
9
20
27
33
33
28
20
12
5
-1
-4
-23
-41
-53
-63
-61
-45
-36
-41
-35
-32
-35
-42
-41
-36
-33
-34
-37
-33
-11
6
9
10
-1
-5
-5
-8
-11
-24
-45
-55
-52
-48
-33
-20
-14
-9
-8
-10
-14
-12
-20
-23
-26
-28
-21
-14
-1
10
19
22
22
21
21
22
34
44
42
52
62
62
65
65
67
64
60
61
66
55
36
31
35
41
36
32
31
24
12
-2
-17
-14
-4
7
14
2
-9
-15
-20
-28
-34
-25
-9
0
1
1
-4
-12
-15
-24
-32
-27
-28
-38
-45
-45
-44
-49
-50
-52
-52
-46
-39
-21
-10
-10
-8
-10
-26
-37
-35
-27
-16
-9
-12
-17
-13
-13
-17
-22
-23
-10
-1
8
18
20
21
18
21
23
21
21
20
20
22
20
16
13
7
6
5
-4
-16
-15
-12
-7
1
1
-2
-8
-6
-2
1
0
-4
0
-2
-1
-5
-9
-19
-22
-11
-7
2
13
25
42
54
54
50
40
26
20
25
31
30
38
43
43
35
30
26
11
-6
-14
-12
-5
13
22
25
37
50
50
34
20
0
-20
-22
-18
-16
-12
-11
-15
-14
-12
-12
-13
-7
-6
-9
-16
-30
-33
-23
-14
-11
-14
-13
-8
-9
-7
0
2
1
0
-6
-19
-37
-44
-33
-19
-11
-7
1
2
-1
-2
-3
-9
-21
-28
-28
-32
-29
-26
-29
-23
-24
-27
-14
6
15
20
21
19
12
4
10
10
14
12
15
23
22
22
23
9
-9
-13
-7
5
13
22
17
12
5
-2
2
14
34
33
26
18
9
12
-4
-24
-39
-49
-54
-64
-57
-45
-41
-21
-7
-3
-2
-11
-21
-32
-42
-47
-47
-48
-37
-23
3
36
53
57
59
53
31
15
5
2
4
-1
0
5
9
11
13
16
27
23
8
1
3
13
19
33
48
50
45
43
45
34
32
42
46
54
54
38
26
23
19
11
16
16
9
2
-13
-30
-46
-37
-16
-10
-14
-22
-33
-31
-23
-21
-24
-23
-14
-24
-39
-46
-37
-18
-10
-4
-6
-11
-10
-3
17
29
32
30
35
51
52
42
32
19
9
4
-3
-2
-5
-14
-19
-26
-28
-23
-19
-18
-21
-39
-61
-66
-50
-38
-33
-35
-35
-37
-47
-45
-36
-31
-25
-26
-25
-15
-5
2
5
2
-5
-10
-7
4
6
8
4
-12
-18
-18
-7
8
20
19
11
1
-2
5
15
12
8
4
1
-1
-4
-2
1
7
19
22
19
24
34
40
38
33
29
27
27
22
24
30
41
59
78
92
88
66
43
28
22
25
27
17
2
-8
-18
-20
-18
-15
0
9
13
-1
-29
-35
-40
-32
-22
-28
-30
-31
-27
-20
-12
-15
-19
-10
-4
-7
-18
-23
-22
-28
-36
-44
-48
-50
-45
-35
-36
-38
-42
-42
-32
-20
-15
-18
-21
-16
-6
-7
-6
8
20
34
45
53
50
43
43
41
39
37
34
41
46
51
51
45
49
43
32
29
31
24
16
17
20
15
10
13
17
17
4
1
2
-4
5
10
8
-7
-22
-39
-48
-48
-46
-35
-29
-21
-28
-28
-32
-38
-46
-66
-80
-78
-74
-73
-67
-55
-38
-26
-27
-32
-30
-28
-23
-21
-15
-7
-6
2
6
5
7
13
19
20
21
34
51
62
67
64
52
37
25
16
19
20
20
27
31
35
42
46
41
35
30
25
22
16
10
8
-2
-6
-5
-4
-5
0
1
-4
-4
-8
-15
-20
-26
-37
-45
-40
-34
-26
-22
-26
-24
-14
-7
-4
3
-11
-18
-19
-27
-30
-31
-17
-1
9
12
11
9
12
18
19
12
9
2
0
13
22
30
32
30
25
17
20
30
26
24
27
22
7
4
4
3
12
15
21
35
39
31
28
31
28
17
8
-2
-10
-17
-18
-5
9
17
25
23
15
17
17
4
-9
-16
-27
-25
-14
-9
-14
-21
-24
-19
-17
-9
-9
-14
-14
-23
-36
-50
-64
-74
-79
-75
-72
-60
-45
-44
-36
-32
-40
-41
-42
-46
-53
-60
-48
-36
-26
-20
-9
7
26
35
33
34
34
30
30
33
34
39
43
40
25
11
11
15
18
15
13
24
29
39
46
42
38
35
29
20
12
9
13
14
17
15
19
19
7
4
-3
-7
-10
-5
0
-10
-23
-36
-39
-31
-19
-16
-13
-6
-1
2
4
9
10
13
9
4
3
15
37
34
36
38
33
37
40
39
32
20
17
26
34
36
31
25
16
13
9
2
-3
-6
-12
-14
-12
-14
-5
8
15
16
25
29
21
9
4
-5
-8
-7
-10
-23
-37
-45
-58
-65
-62
-62
-70
-78
-87
-84
-81
-68
-63
-62
-47
-28
-25
-18
-12
-11
-2
4
-4
-15
-18
-17
-10
-10
-2
0
0
10
22
29
29
35
43
45
36
34
32
24
24
27
32
28
34
32
29
29
23
14
1
-4
-10
-9
-5
-3
1
-5
-5
-3
-9
-10
1
10
15
22
20
14
13
14
3
-17
-35
-43
-48
-48
-39
-25
-17
-8
-2
-4
-3
1
4
-3
-8
-17
-26
-22
-13
0
10
19
37
47
53
60
49
37
23
31
44
47
50
62
70
70
61
49
44
34
28
18
20
27
26
25
18
6
-6
-16
-12
-15
-11
-8
-8
-21
-35
-36
-43
-59
-69
-67
-71
-70
-74
-74
-71
-71
-54
-40
-26
-19
-27
-37
-36
-21
-18
-17
-15
-24
-30
-37
-39
-29
-18
-13
-10
5
10
9
19
27
24
24
25
20
17
14
-3
-2
2
-5
-8
-2
10
24
29
35
41
43
41
33
28
24
24
22
26
29
30
32
40
51
55
48
40
33
26
17
6
2
-5
4
8
15
17
7
-7
-26
-31
-33
-19
-12
-25
-33
-33
-35
-37
-16
1
8
11
1
-16
-24
-27
-28
-23
-16
-10
-9
-7
-12
-24
-31
-32
-30
-26
-20
-11
-7
-1
3
1
6
8
16
13
13
23
15
11
8
5
3
0
6
6
2
-2
0
11
18
34
36
37
47
42
35
26
25
13
1
5
3
-6
-14
-15
-12
-23
-33
-33
-35
-46
-58
-51
-46
-39
-36
-37
-33
-28
-24
-22
-19
-20
-16
-6
1
1
7
14
13
19
32
37
42
44
50
50
40
29
25
17
18
30
38
45
50
61
63
65
58
44
34
15
7
10
9
2
-22
-31
-26
-21
-25
-35
-34
-45
-53
-53
-58
-43
-40
-46
-34
-25
-21
-23
-27
-33
-39
-34
-36
-34
-11
2
4
2
-2
-2
5
8
2
-15
-15
-4
0
12
23
25
25
21
14
11
8
10
6
6
5
7
4
-8
-10
-9
-3
6
17
15
3
-7
-19
-13
-6
2
24
34
28
14
9
19
29
39
40
45
38
26
11
-9
2
14
26
39
32
18
-4
-19
-26
-22
-17
-18
-16
-13
-13
-20
-26
-27
-17
-19
-28
-30
-28
-24
-25
-17
-4
0
2
3
1
-12
-23
-19
-30
-37
-33
-26
-7
10
14
13
17
19
23
21
28
29
22
26
31
27
16
15
16
3
3
9
10
11
6
5
7
9
12
5
5
5
-2
-6
-6
-7
-6
-2
4
4
-1
-4
-4
-7
-8
-8
-8
-12
-12
-10
-11
-12
-17
-10
-5
-3
-9
-19
-27
-30
-15
-11
-17
-12
-7
-1
8
17
22
36
38
42
48
37
17
7
9
8
11
3
-1
10
9
1
-12
-17
-25
-31
-36
-47
-48
-44
-42
-30
-17
-14
-4
-1
-12
-26
-36
-27
-21
-17
-17
-10
-4
0
16
26
31
38
34
20
15
12
21
35
39
43
41
36
26
12
8
1
-10
-13
-11
0
6
7
6
-7
-10
-11
-20
-26
-21
-15
-6
4
12
12
-1
-9
-20
-19
-22
-10
-4
-13
-13
-20
-16
-8
5
16
21
27
30
30
36
58
78
88
85
73
56
44
32
33
40
41
32
21
6
-6
-11
-17
-29
-38
-47
-54
-61
-70
-68
-61
-53
-51
-55
-63
-72
-76
-71
-68
-62
-56
-55
-42
-24
-17
-6
1
2
1
-2
-1
3
9
10
9
13
16
21
26
28
35
41
44
48
43
41
38
28
24
21
18
16
16
26
31
30
31
35
28
22
20
17
22
25
27
20
25
35
26
19
6
-7
-22
-31
-38
-50
-51
-49
-37
-19
-1
-5
-10
-18
-32
-43
-46
-33
-25
-22
-14
-19
-24
-34
-43
-44
-41
-35
-28
-19
-3
10
12
13
16
21
20
13
3
-15
-30
-31
-14
12
40
62
59
50
41
34
38
41
30
21
10
1
-5
-10
-3
8
16
6
6
0
-17
-23
-15
-10
-11
-7
-8
-10
-2
3
0
9
17
15
19
22
14
14
21
24
25
25
23
22
19
10
-2
3
8
14
18
10
5
-3
-1
0
-7
-19
-34
-28
-16
-3
0
-7
-11
-5
-8
-12
-11
-17
-17
-16
-17
-13
-11
-11
-7
1
-5
-19
-18
-22
-25
-26
-31
-14
-5
-5
-5
-15
-22
-22
-14
-12
-8
0
-1
8
21
21
16
11
4
-5
-13
-19
-27
-28
-17
1
23
24
15
7
-9
-20
-28
-23
-5
12
10
5
7
6
5
6
13
23
32
41
42
28
7
-3
-7
0
3
-2
1
10
18
17
16
10
10
12
-5
-14
-14
-3
2
7
14
13
14
7
1
-5
-4
-3
-1
10
13
6
4
8
20
25
18
16
11
7
7
-6
-12
-17
-21
-14
-15
-12
-20
-18
-12
-17
-14
-10
-11
-21
-28
-27
-29
-29
-23
-25
-25
-20
-17
-3
15
24
22
8
2
8
4
-4
-6
-7
0
9
8
12
27
35
34
25
26
30
29
31
37
39
37
41
51
44
35
30
30
40
39
25
6
0
-12
-25
-25
-28
-25
-27
-29
-27
-24
-19
-19
-12
-7
-17
-21
-14
-13
-18
-21
-19
-19
-22
-29
-35
-38
-36
-32
-22
-7
-6
-10
-15
-25
-36
-50
-57
-55
-52
-51
-39
-27
-24
-22
-21
-14
-5
-1
-1
-6
-10
-5
7
16
10
7
4
5
19
16
18
28
31
29
37
49
53
48
39
33
35
43
40
29
23
24
21
26
36
40
35
31
34
25
23
21
22
15
2
-11
-22
-19
-17
-13
-9
-10
-10
-1
1
-2
-5
-4
-5
-14
-24
-33
-29
-21
-12
-4
8
12
1
-9
-12
-9
-8
-7
-18
-27
-27
-18
-8
4
12
12
19
22
19
22
25
32
40
42
37
26
22
12
8
13
14
21
29
28
32
35
30
24
19
9
4
2
-5
-7
-19
-23
-27
-38
-43
-50
-52
-47
-43
-42
-51
-54
-52
-54
-50
-55
-50
-39
-29
-19
-22
-25
-27
-32
-42
-51
-50
-55
-57
-49
-39
-28
-20
-7
6
15
22
17
20
19
16
18
17
30
31
34
46
46
46
51
48
34
25
24
32
30
31
19
6
15
26
31
27
30
17
3
5
5
6
0
-1
-8
-8
4
20
19
9
10
1
-8
-8
-3
2
9
17
26
33
35
29
20
21
24
12
-8
-21
-30
-28
-24
-25
-34
-34
-32
-25
-22
-16
-3
2
0
-6
-4
8
13
10
15
20
23
32
41
49
57
55
41
38
34
25
14
9
7
-2
-5
-10
-13
-22
-30
-33
-31
-29
-38
-38
-31
-31
-34
-35
-34
-39
-36
-32
-34
-30
-23
-14
-8
-14
-12
-16
-21
-25
-27
-15
-15
-19
-20
-11
-1
6
9
12
16
9
0
-4
1
-5
-10
-14
-9
5
15
19
15
19
17
23
36
42
28
9
-4
-16
-26
-37
-41
-34
-19
-6
10
18
21
21
29
40
47
42
34
32
19
17
13
10
4
-5
-3
-12
-12
-13
-15
-6
-4
-4
-13
-20
-28
-33
-19
-8
-5
-4
-2
3
-3
-5
-7
-9
7
21
36
42
46
38
31
20
1
-4
-8
-12
-3
5
0
0
1
6
12
19
13
2
7
4
-4
-10
-11
-7
-4
2
8
11
12
9
-6
-18
-14
-11
-14
-15
-18
-11
-4
8
24
24
16
11
11
11
4
-12
-18
-14
-5
-1
-3
0
-3
-4
0
-4
-5
-8
-12
-14
-14
-12
-11
-16
-17
-15
-10
-8
-9
-7
-16
-13
-11
-23
-30
-32
-29
-18
-13
-1
5
6
3
-2
-1
-11
-14
-11
-4
8
21
25
16
8
9
19
39
45
45
40
32
33
30
28
32
24
14
16
22
22
15
14
10
5
9
11
4
5
8
2
-2
-4
-3
-7
-11
-15
-21
-20
-23
-16
-4
-3
-13
-25
-37
-40
-32
-30
-31
-25
-26
-35
-49
-59
-61
-57
-47
-35
-18
-8
-10
-13
-14
-10
-8
-10
-9
-5
-3
5
14
18
18
14
7
3
1
2
6
10
17
17
16
22
31
42
49
45
47
44
34
32
28
31
32
38
38
36
36
31
24
22
10
-7
-24
-39
-37
-34
-21
-9
-2
-1
-1
4
-1
-4
-10
-11
-8
-11
-15
-5
7
10
20
29
26
23
14
8
7
8
1
9
29
45
44
25
7
0
5
9
14
6
-7
-11
-8
3
8
15
24
22
12
-4
-23
-44
-57
-61
-55
-39
-29
-12
-2
4
-4
-14
-14
-21
-32
-41
-43
-42
-31
-22
-15
-11
-21
-33
-44
-49
-30
-20
-8
