-10
-5
-8
-8
-14
-12
-13
-9
-6
-6
-8
-4
14
27
18
6
-8
-22
-21
-21
-20
-21
-25
-23
-30
-27
-24
-30
-37
-40
-33
-28
-21
-12
-8
-10
-10
5
13
7
9
11
10
9
14
21
23
22
7
-6
-7
-8
-4
-8
-9
-14
-15
-6
-5
0
14
21
18
19
12
-8
-3
13
24
36
41
40
35
28
16
7
3
0
-3
-9
-13
-11
-9
-11
-3
0
2
-7
-7
7
7
13
23
27
25
11
1
3
-4
-3
5
20
23
20
24
10
-7
-24
-30
-27
-23
-13
-5
2
7
8
10
9
6
-4
-18
-30
-31
-23
-26
-18
-1
13
18
31
35
21
12
15
16
11
13
15
15
12
13
16
12
12
16
12
4
-9
-17
-16
-12
-13
-20
-23
-21
-19
-27
-31
-31
-38
-32
-30
-38
-45
-51
-48
-38
-21
-23
-29
-26
-30
-26
-25
-18
-10
-14
-13
-3
5
5
9
14
20
24
26
30
26
26
32
33
40
29
23
20
13
19
21
30
32
25
23
13
2
1
-1
-10
-18
-29
-22
-7
8
22
24
14
1
-4
-4
-4
5
10
16
25
22
18
12
20
22
16
14
5
0
-6
-6
-4
-3
2
3
9
11
-4
-20
-15
-11
-16
-22
-28
-22
-22
-19
-11
-11
-18
-23
-12
0
4
11
10
9
12
5
7
13
14
14
7
6
8
7
-2
0
7
-3
-6
-7
-7
-8
-13
-12
-8
-11
-18
-15
-12
-13
-6
0
1
-8
-11
-2
10
18
26
26
24
22
17
12
12
14
13
13
5
7
11
2
0
-3
-4
-12
-15
-1
3
6
4
7
5
1
3
0
-11
-23
-23
-18
-17
-19
-22
-30
-33
-33
-37
-35
-29
-27
-18
-23
-20
-4
5
10
1
2
3
-5
-2
-5
-10
-10
-4
10
9
3
0
0
-8
-16
-13
-7
7
14
21
25
22
26
24
15
8
1
-10
-8
0
15
35
37
41
41
38
33
33
24
4
-1
-4
3
9
16
25
23
21
16
7
-2
-6
-10
-22
-22
-20
-18
-18
-18
-14
-10
6
19
17
18
19
16
9
-5
-15
-22
-23
-14
-5
0
-2
7
15
25
24
14
13
7
-4
-16
-36
-40
-37
-42
-37
-28
-22
-13
-2
11
10
10
5
-2
-6
-8
-7
-9
-6
-1
10
19
17
15
8
9
8
2
-7
-17
-9
-14
-5
8
4
6
4
2
6
7
10
5
-4
1
4
0
-2
4
2
-2
-2
-4
-3
-1
-4
3
11
13
14
8
7
5
2
9
9
0
-2
-8
-2
1
-4
-2
-7
-5
-8
-13
-15
-18
-19
-14
-14
-26
-27
-35
-42
-34
-25
-20
-5
2
6
8
1
8
6
-5
-6
-4
-5
2
12
12
14
14
8
5
2
-2
-3
-6
2
17
18
19
24
17
9
3
-2
-3
-10
-17
-8
-1
1
2
-1
0
-4
-2
14
13
16
14
8
5
3
5
14
21
29
36
41
47
43
44
44
37
39
34
26
12
-5
-4
7
25
30
28
28
20
16
7
-6
-12
-17
-20
-33
-39
-29
-27
-33
-36
-35
-31
-34
-41
-38
-39
-41
-34
-20
-4
5
1
-7
-16
-18
-11
-5
2
16
23
20
11
4
3
-5
-9
-14
-19
-23
-29
-19
-21
-30
-27
-27
-11
1
-2
-12
-14
-15
-27
-34
-31
-31
-39
-34
-22
-13
-6
-10
-4
0
-6
-13
-11
-6
-7
-1
15
31
31
37
55
57
49
43
39
43
38
32
32
26
30
42
41
39
37
33
20
4
-8
-13
-6
3
3
1
-5
-10
-12
-16
-26
-33
-36
-39
-27
-4
5
9
13
10
15
18
16
16
14
5
-3
-5
2
10
9
2
-12
-17
-16
-22
-20
-20
-18
-17
-20
-16
-10
4
9
11
16
20
17
4
8
17
19
18
15
15
23
25
24
19
11
6
-5
-7
-10
-13
-6
-1
-9
-19
-16
-18
-16
-9
-15
-22
-19
-12
4
12
9
5
0
-5
-9
-3
1
4
6
6
14
27
40
39
30
22
9
3
-2
-18
-21
-28
-37
-39
-38
-36
-43
-36
-31
-31
-25
-31
-32
-20
-14
-13
-20
-16
-7
-5
-6
-4
3
11
6
7
9
4
3
0
-4
-15
-16
-4
1
0
1
9
18
16
13
10
10
1
-11
-16
-8
-2
-5
-3
1
4
2
1
3
9
6
-1
-10
-13
-3
0
2
10
17
27
26
27
30
31
42
44
37
24
21
18
13
17
13
7
15
21
22
16
12
7
-6
-4
-8
-7
-7
-3
2
-3
1
2
7
9
2
2
9
12
13
17
25
25
30
25
11
8
10
9
15
19
20
19
12
10
12
9
2
-3
-10
-26
-37
-29
-17
-21
-29
-32
-32
-36
-35
-26
-11
-9
-21
-38
-61
-73
-80
-80
-66
-55
-45
-24
-18
-13
-19
-17
-14
-21
-25
-31
-32
-23
-11
-3
-4
-4
0
-1
5
17
13
14
27
41
48
41
39
45
50
44
40
38
32
32
36
29
27
28
22
19
12
13
11
6
4
-4
-12
-13
-19
-21
-26
-30
-32
-34
-32
-23
-6
3
2
-8
-17
-14
-9
6
13
9
16
22
22
11
2
-10
-9
2
14
16
14
18
24
31
27
16
12
7
8
17
12
4
-3
-6
-2
5
13
14
14
6
-3
-13
-28
-38
-37
-36
-30
-25
-17
-4
1
-8
-17
-21
-28
-17
-9
-11
3
17
30
31
23
14
9
19
23
29
31
37
40
36
35
37
43
45
42
38
30
21
13
16
6
-8
-8
-7
-7
5
15
17
16
-6
-22
-27
-34
-41
-51
-54
-53
-50
-45
-43
-37
-32
-29
-23
-21
-30
-38
-40
-44
-46
-45
-46
-37
-23
-12
-11
-23
-22
-17
-21
-32
-39
-27
-10
-1
0
8
17
22
26
31
44
43
28
23
25
16
2
-2
6
8
12
22
26
25
22
25
15
2
-5
-6
-1
3
10
10
11
18
16
25
25
23
29
24
16
11
10
11
12
17
15
3
-5
-12
-13
-10
-7
-3
-10
-3
7
14
17
11
5
-4
1
11
9
4
-2
-9
-4
-1
-4
6
10
2
-5
0
8
7
9
8
9
14
14
11
6
2
2
3
6
3
6
6
0
-13
-15
-15
-17
-20
-29
-30
-27
-26
-25
-21
-12
-5
-1
-7
-10
-3
-9
-9
-3
1
18
32
47
52
32
15
-2
-8
-4
-4
-5
-9
-11
-8
-11
-10
-10
-3
9
8
1
-4
-2
-9
-10
-11
-18
-19
-17
-17
-25
-32
-37
-40
-37
-36
-39
-30
-16
-11
-15
-12
0
11
22
20
16
18
16
15
17
23
22
23
24
30
33
32
32
24
17
1
-10
-16
-25
-32
-33
-33
-45
-47
-41
-38
-25
-17
-13
-9
-8
-4
-1
2
6
10
18
15
13
12
18
18
18
18
18
27
32
39
38
37
38
34
28
30
27
8
-4
-8
-6
5
17
31
34
24
18
2
-4
-11
-27
-32
-32
-24
-18
-16
1
16
17
17
14
6
-12
-19
-8
-5
-4
3
3
-2
-6
-8
0
-3
-8
-9
-11
-7
0
10
13
15
17
25
28
29
25
15
11
14
15
7
-9
-22
-13
-9
-3
4
6
7
0
8
14
11
10
16
15
-5
-16
-22
-24
-29
-27
-27
-26
-17
-15
-22
-32
-39
-52
-63
-64
-65
-64
-62
-55
-46
-45
-48
-49
-43
-38
-31
-24
-13
-4
-2
3
5
8
9
13
26
35
49
67
75
71
66
66
60
56
61
64
73
82
88
83
70
49
40
35
14
-4
-24
-45
-55
-53
-43
-39
-31
-14
-10
-15
-19
-21
-26
-36
-42
-40
-33
-32
-29
-14
-5
1
8
3
1
-6
-15
-17
-19
-19
-22
-25
-30
-39
-49
-49
-40
-22
-7
-2
-2
2
4
2
8
20
22
22
21
22
17
16
27
34
43
47
55
60
63
64
62
61
59
57
42
36
38
36
33
35
41
41
32
26
24
13
2
-10
-21
-30
-47
-45
-36
-34
-33
-36
-34
-42
-40
-32
-26
-22
-28
-36
-37
-37
-42
-41
-37
-30
-23
-21
-17
-14
-12
-11
-9
-4
1
3
7
14
14
12
10
11
12
11
12
12
5
3
7
3
-7
-7
-5
-15
-21
-30
-37
-30
-33
-28
-24
-20
-20
-20
-9
-5
2
4
5
5
-1
-9
-10
-5
-2
-1
7
13
15
14
3
-7
-9
-14
-16
-15
-18
-19
-15
-4
1
-1
-3
0
2
-3
0
8
7
3
12
22
29
28
33
44
44
43
38
33
22
13
17
18
19
30
49
60
66
63
57
52
40
32
26
20
14
10
10
14
18
18
24
26
22
9
2
-2
-12
-18
-29
-34
-39
-46
-38
-28
-16
-16
-26
-37
-46
-52
-54
-50
-54
-58
-58
-52
-46
-39
-32
-22
-19
-28
-25
-16
-12
-12
-1
13
24
29
30
24
17
8
6
12
12
9
6
10
7
2
-4
-3
1
3
15
18
14
11
8
13
17
12
10
9
12
11
8
6
7
5
-1
-4
-4
0
-4
1
0
-21
-28
-35
-34
-31
-31
-30
-29
-22
-34
-29
-8
9
22
32
38
40
34
28
37
36
25
13
5
-4
-13
-13
-9
-6
-5
-3
-2
-4
-7
-4
-3
-1
-4
-11
-24
-29
-30
-30
-22
-11
2
4
-3
-13
-22
-24
-22
-13
-10
-10
1
13
23
33
34
40
49
53
46
36
31
30
35
32
28
28
35
39
38
26
17
8
5
2
-3
-4
-4
1
-4
-8
-6
-4
7
11
-1
-8
-14
-18
-23
-21
-26
-33
-31
-37
-37
-32
-31
-37
-37
-33
-40
-37
-23
-19
-15
-7
5
17
23
32
38
37
41
40
46
43
24
14
3
-14
-26
-22
-17
-14
-13
-14
-9
-8
-1
5
2
-3
-11
-25
-32
-41
-43
-47
-39
-28
-27
-23
-22
-17
-10
-5
-5
-8
-6
-2
3
13
17
18
17
22
31
45
47
37
38
34
26
20
17
20
24
28
36
40
30
24
16
2
-4
-12
-14
-10
-2
-7
-9
-1
-3
2
3
3
1
1
-4
-11
-18
-31
-30
-22
-10
-1
3
2
6
16
13
-2
-16
-19
-13
-3
-9
-22
-25
-29
-30
-29
-34
-32
-30
-33
-32
-31
-28
-28
-33
-37
-40
-36
-25
-11
0
9
26
36
36
33
26
22
15
18
31
43
57
66
68
66
67
70
64
66
73
66
54
40
23
8
3
7
16
18
12
6
-4
-13
-10
-6
-12
-26
-43
-48
-48
-50
-61
-61
-62
-69
-62
-50
-41
-38
-27
-12
-14
-21
-27
-35
-51
-55
-47
-33
-19
-6
1
2
10
27
42
44
39
35
29
18
7
1
12
15
17
22
24
19
18
29
24
22
21
13
3
-10
-6
-2
8
20
30
41
35
27
13
3
7
0
-8
-15
-16
-11
-10
-9
-4
3
12
16
10
-15
-34
-29
-26
-18
-13
-4
9
4
1
-4
-16
-22
-19
-13
-6
-3
-1
-1
-10
-20
-21
-20
-33
-32
-20
-16
-10
-9
-10
2
3
-10
-23
-28
-24
-19
-11
-8
1
19
31
38
47
47
43
37
30
21
8
2
5
10
13
15
7
15
21
22
22
9
0
-2
-7
-14
-18
-19
-12
1
16
33
46
47
39
26
12
-2
-14
-18
-17
-23
-27
-33
-36
-36
-33
-25
-22
-24
-26
-28
-28
-25
-29
-36
-32
-33
-27
-16
1
20
21
25
34
35
36
38
41
42
37
39
47
53
57
63
62
49
31
17
15
16
21
14
3
-9
-27
-35
-35
-34
-34
-34
-35
-33
-35
-39
-41
-41
-31
-27
-24
-17
-20
-17
-9
-6
-6
-17
-17
-20
-19
-12
-10
-6
-5
0
-7
-11
-17
-18
-11
-9
-4
-1
-1
-4
-3
-5
-4
2
7
13
11
6
3
13
16
20
28
26
19
23
28
28
33
25
15
8
2
0
-4
-1
7
11
22
32
39
37
33
26
15
9
2
-6
-5
-1
-4
0
2
4
2
-9
-21
-42
-57
-59
-60
-64
-69
-68
-55
-37
-25
-21
-13
-4
0
5
-3
-3
-1
-1
4
1
6
13
18
35
49
56
54
42
29
18
14
18
21
21
15
16
21
15
8
6
2
-4
-8
-8
-11
-11
-10
-5
3
17
25
19
18
15
8
4
-1
3
6
-1
4
15
17
16
14
9
9
5
-6
-13
-12
-5
1
5
6
1
-9
-24
-34
-36
-37
-39
-40
-30
-22
-21
-8
-7
-3
-5
-12
-18
-21
-21
-23
-9
-1
-1
12
14
10
14
18
24
21
20
21
5
-5
-15
-13
-3
-5
-3
-2
-12
-14
-12
-14
-7
6
11
11
8
4
2
-5
-11
-7
0
-1
-7
-10
-18
-24
-24
-21
-12
-10
-18
-25
-29
-36
-34
-17
-2
6
9
6
1
2
12
24
29
33
35
47
62
68
53
42
31
11
6
1
5
12
18
24
23
18
2
-8
-11
-10
-8
-4
0
3
6
-1
-6
-7
-13
-18
-20
-19
-19
-19
-13
-7
2
4
0
4
2
3
8
10
10
3
-1
3
1
-5
-10
-18
-21
-22
-14
-2
6
18
23
28
36
40
36
20
4
-1
-8
-15
-17
-14
-10
-7
-8
-8
-15
-23
-36
-48
-46
-34
-20
-16
-20
-22
-28
-28
-17
-8
6
17
23
27
19
9
13
14
8
9
13
20
21
21
25
19
20
15
7
3
-11
-27
-26
-6
9
9
13
14
11
11
13
7
-1
-1
-12
-11
-8
-18
-12
1
18
32
30
26
16
8
-2
-10
-14
-29
-37
-31
-18
-10
-6
-3
-9
-14
-10
-8
-10
-5
-2
2
8
1
-8
-18
-16
-21
-26
-25
-21
-16
-15
-18
-24
-12
1
14
17
18
20
17
6
-4
-2
0
-6
-16
-16
-18
-22
-16
-3
2
-2
6
14
6
-2
-9
-17
-15
-7
1
7
5
1
2
13
23
28
33
32
42
49
49
47
49
45
41
40
31
24
22
30
34
41
41
33
24
23
24
19
13
11
14
20
24
28
21
7
5
7
-4
-18
-30
-33
-41
-47
-48
-40
-26
-29
-33
-35
-35
-28
-32
-43
-51
-54
-60
-55
-43
-35
-38
-31
-26
-21
-10
-11
-7
6
11
13
15
12
3
-2
-16
-24
-25
-29
-26
-33
-42
-45
-48
-41
-18
1
16
17
9
8
6
5
6
12
18
26
28
20
19
24
33
40
49
48
38
21
19
19
17
22
24
26
28
27
24
14
-5
-19
-14
-3
5
7
13
18
12
16
21
24
16
9
-5
-12
-16
-27
-13
7
20
28
30
10
-9
-28
-41
-45
-51
-50
-46
-40
-32
-22
-11
-3
4
9
11
2
-15
-23
-33
-32
-19
-17
-7
-3
7
12
14
18
9
6
5
8
14
17
26
34
37
44
46
63
75
71
73
66
56
51
41
21
8
4
6
6
-3
-8
-4
2
7
5
-3
-12
-19
-24
-32
-31
-24
-15
-2
12
8
-6
-8
-9
-4
-12
-31
-51
-71
-83
-87
-77
-67
-52
-35
-18
-13
-23
-32
-42
-45
-50
-49
-40
-34
-29
-28
-22
-11
-6
1
-2
-14
-21
-22
-17
-8
6
23
29
28
27
23
22
23
20
21
23
26
22
16
21
32
44
55
56
52
46
40
36
27
19
15
6
-5
-14
-13
4
13
20
21
18
19
19
17
18
17
15
16
6
-12
-22
-22
-15
-14
-18
-22
-23
-18
-11
-12
-14
-18
-15
-9
-6
-2
-8
-5
16
25
22
18
24
32
34
35
39
46
49
51
47
46
41
28
20
13
12
13
13
10
5
-3
-5
-18
-31
-33
-48
-53
-50
-52
-57
-64
-72
-70
-66
-59
-44
-39
-38
-35
-35
-43
-43
-42
-33
-21
-17
-8
-5
-14
-20
-22
-18
-8
4
9
15
35
48
50
43
34
25
20
20
22
22
15
15
21
27
22
9
12
22
31
38
39
29
5
1
-3
-14
-20
-25
-12
-12
-21
-17
-11
-1
6
11
10
16
14
8
11
18
30
27
18
3
-11
-11
-4
-8
-18
-20
-14
-4
-3
-3
1
2
-2
-4
2
-2
-15
-24
-29
-19
-9
-6
4
11
15
15
4
-5
-7
-5
2
6
2
3
3
8
7
12
18
21
27
20
10
-7
-19
-25
-27
-28
-34
-27
-12
1
2
-4
-2
3
11
15
17
15
14
11
4
9
9
13
20
15
10
10
1
-4
3
8
19
27
35
29
20
15
11
14
13
12
10
8
4
0
-7
-16
-14
-11
-6
0
-11
-19
-30
-48
-46
-50
-43
-37
-38
-29
-26
-22
-20
-17
-12
-19
-30
-35
-29
-25
-21
-9
-4
-3
-4
-5
1
10
17
24
28
28
25
19
19
18
11
8
13
23
27
34
33
27
22
17
12
-1
-10
-15
-18
-5
6
16
24
25
34
42
41
23
4
-9
-17
-7
-1
6
6
12
19
16
18
15
-2
-12
-24
-30
-26
-30
-27
-15
-7
-6
-6
0
1
9
5
-8
-19
-31
-34
-32
-30
-27
-17
-11
-13
-15
-10
4
5
0
-4
-13
-16
-19
-21
-14
-14
-14
-8
-2
-4
-15
-17
-12
-11
-6
0
11
20
28
38
46
54
55
51
44
30
12
3
6
12
22
18
12
10
-3
-7
-11
-23
-17
-8
-6
-5
-13
-24
-26
-18
-9
-12
-5
5
1
4
9
12
12
18
32
33
25
26
30
30
21
17
19
22
31
33
31
26
19
16
13
10
10
8
1
-3
-9
-16
-20
-11
-4
-9
-12
-19
-31
-47
-53
-43
-35
-33
-34
-30
-29
-32
-35
-37
-43
-48
-37
-26
-17
-10
-2
9
7
-3
-5
-3
-5
-10
-12
-16
-16
-14
-14
-15
-26
-31
-27
-23
-21
-28
-29
-25
-27
-20
-9
2
15
30
39
37
37
37
31
28
27
16
14
22
22
24
34
40
43
43
37
26
13
6
0
1
8
14
19
32
41
44
47
49
44
36
34
21
13
11
8
10
13
16
14
6
-1
1
-3
-2
-12
-12
-5
6
10
4
6
0
-9
-16
-14
-11
-15
-14
-7
-8
-17
-28
-29
-31
-36
-37
-37
-42
-42
-33
-15
-4
-5
-10
-13
-21
-17
-17
-20
-12
-20
-20
-15
-18
-20
-18
-14
-21
-29
-36
-38
-36
-40
-57
-63
-55
-50
-45
-25
-5
8
26
34
41
45
49
60
63
53
43
40
45
50
51
53
57
60
62
61
52
47
44
46
48
40
26
22
13
4
-3
-8
-6
-7
-18
-37
-48
-46
-47
-49
-42
-40
-50
-47
-50
-51
-42
-47
-57
-63
-59
-52
-37
-20
-13
-2
0
-7
-3
3
14
10
-2
-7
-14
-11
5
27
41
49
54
52
48
50
42
32
28
25
21
19
18
11
7
7
4
0
-6
-1
3
0
14
21
23
17
9
7
2
5
7
19
32
33
35
32
28
21
20
27
29
25
11
-10
-27
-40
-40
-35
-28
-28
-29
-25
-22
-23
-26
-29
-40
-53
-55
-55
-61
-53
-37
-23
-22
-25
-17
-14
-18
-13
-4
-10
-7
-10
-10
2
10
15
17
14
11
4
6
12
13
19
25
25
17
1
2
7
-3
-13
-13
-6
-7
-8
-3
-1
1
5
8
8
17
21
8
8
5
-5
-8
8
21
25
31
22
18
20
24
33
34
34
41
48
51
46
33
26
22
20
16
5
5
6
10
13
12
17
2
-5
-10
-16
-19
-24
-15
0
5
3
-5
-18
-27
-25
-23
-24
-26
-31
-41
-48
-49
-43
-32
-19
-8
-9
-18
-34
-53
-64
-65
-66
-56
-33
-28
-22
-20
-29
-34
-28
-18
-18
-21
-18
-11
-1
1
-6
-10
-9
-8
1
0
-6
-4
0
11
22
30
32
36
45
51
56
64
69
70
73
72
65
59
49
39
46
62
69
70
65
55
44
41
42
45
41
33
26
16
13
4
-1
6
4
0
-5
-18
-28
-31
-39
-48
-53
-53
-52
-53
-60
-72
-70
-57
-53
-40
-36
-41
-49
-50
-41
-43
-37
-33
-30
-22
-16
-18
-15
-6
-9
-10
-10
-8
2
13
14
16
15
12
17
28
35
31
30
22
17
27
22
20
15
12
12
5
3
10
15
3
-13
-20
-21
-23
-19
-3
-1
-5
-3
0
13
18
16
25
32
23
4
-10
-16
-27
-32
-27
-9
0
2
9
8
-1
-6
-12
-23
-33
-40
-31
-23
-9
7
11
11
3
6
11
7
-3
-13
-7
-9
-17
-14
0
3
0
0
6
19
26
27
23
17
7
-2
-3
-1
-7
-3
17
24
25
28
41
50
51
47
35
23
9
0
2
7
14
17
19
31
34
21
12
10
10
11
8
1
-5
-12
-15
-10
-3
8
19
25
19
6
4
-3
-14
-26
-31
-37
-41
-33
-26
-30
-39
-38
-35
-39
-43
-44
-41
-37
-26
-16
-13
-6
-8
-14
-14
-10
0
10
11
6
13
14
7
7
12
10
10
13
9
12
23
23
23
20
19
10
-2
-11
-17
-16
-15
-7
3
-3
-12
-11
-14
-10
-15
-18
-15
-17
-12
-5
1
-5
-12
-13
-8
6
-3
-11
-15
-26
-31
-33
-25
-8
2
5
9
11
4
-1
2
4
-3
-15
-10
-2
4
14
26
30
39
39
35
33
23
13
10
16
20
25
31
30
26
40
52
63
72
54
38
28
15
6
5
2
-2
-11
-18
-15
-10
-2
5
11
1
-19
-26
-36
-42
-34
-36
-42
-39
-21
-26
-26
-25
-23
-22
-27
-30
-31
-31
-37
-33
-28
-21
-18
-15
-2
8
15
11
3
13
12
16
39
48
37
31
31
30
25
26
25
16
9
-2
-2
4
4
9
14
11
6
7
11
14
16
15
12
5
-4
-8
1
11
8
2
-3
-7
-15
-13
-14
-15
-10
-15
-21
-13
-7
-2
-2
-6
-12
-25
-30
-34
-35
-32
-35
-40
-39
-40
-37
-24
-16
-16
-17
-16
-13
-11
-3
9
20
23
21
14
10
9
7
5
3
-1
-7
-1
9
10
19
29
34
32
34
44
50
40
23
12
2
-2
3
16
18
7
1
-8
-17
-19
-21
-23
-30
-42
-52
-56
-59
-72
-71
-56
-38
-14
-5
-6
-3
-2
-1
1
-3
-12
-16
-12
-5
0
9
35
53
51
49
53
58
66
60
55
45
30
20
21
26
33
41
38
41
38
42
47
49
55
56
52
39
36
30
16
13
18
23
25
21
20
18
15
7
4
1
-6
-17
-27
-40
-64
-70
-64
-60
-61
-68
-65
-64
-64
-59
-50
-40
-40
-41
-43
-48
-48
-51
-47
-38
-29
-23
-12
-7
-9
-9
-1
13
20
17
9
-3
-17
-20
-7
8
10
7
7
15
16
18
28
21
15
4
-8
-9
-12
-4
7
12
19
22
19
13
8
7
-1
-14
-22
-27
-20
-22
-22
-23
-27
-25
-24
-12
-7
-4
-1
-2
-7
-19
-19
-19
-16
-14
-13
-7
-6
1
1
-3
2
8
19
19
16
14
21
23
22
32
46
57
62
64
65
72
65
53
47
41
32
29
31
21
17
22
29
32
26
25
33
27
17
21
25
23
12
2
-5
-15
-26
-21
-12
-4
-8
-4
5
10
10
17
25
6
-15
-34
-47
-49
-52
-39
-19
-8
-1
6
9
-2
-8
-15
-21
-26
-34
-37
-36
-32
-34
-28
-29
-45
-50
-42
-38
-44
-42
-33
-17
-5
-5
1
6
-8
-21
-17
-13
-8
-2
8
10
2
-7
-5
7
11
9
17
28
26
21
19
12
8
5
-2
-1
-6
-9
-10
-10
-10
-11
-2
8
-5
-28
-32
-33
-36
-48
-49
-43
-40
-43
-44
-29
-23
-23
-22
-15
-7
-1
-4
-14
-31
-33
-25
-16
-7
-4
15
37
57
71
73
77
69
57
46
42
51
58
57
61
58
54
52
40
35
44
53
55
39
20
11
22
30
25
28
28
26
25
29
38
52
66
65
43
16
4
2
-1
1
7
14
14
3
-3
3
4
10
2
-19
-28
-39
-37
-43
-63
-71
-78
-80
-80
-85
-87
-94
-89
-71
-67
-71
-66
-63
-62
-59
-60
-54
-51
-47
-49
-51
-44
-26
3
25
34
49
58
49
48
57
62
63
49
37
44
52
57
61
56
47
28
22
28
28
34
38
37
30
31
17
-8
-24
-28
-28
-42
-49
-54
-52
-69
-76
-62
-48
-47
-47
-32
-23
-30
-59
-76
-75
-73
-52
-30
-27
-8
11
25
44
56
61
47
30
36
65
68
49
41
52
77
62
42
55
89
104
72
51
55
56
18
-34
-29
1
-3
-28
-34
-12
3
8
2
16
39
30
4
-36
-33
-36
-63
-62
-60
-42
-30
-18
-9
6
27
13
-6
-25
-15
-19
-32
-37
-31
-24
-61
-78
-72
-31
-22
-39
-16
-3
-5
-18
-42
-45
-40
-33
4
24
18
27
72
84
53
25
16
30
28
21
4
16
29
72
123
97
97
111
109
73
41
48
64
79
91
127
115
73
62
65
68
38
21
27
38
42
23
15
-9
-45
-61
-97
-97
-69
-55
-70
-99
-69
-54
-62
-87
-82
-41
-44
-59
-125
-171
-209
-232
-201
-180
-172
-198
-160
-96
-88
-93
-89
-68
-63
-68
-56
-48
-21
-12
19
45
33
42
53
57
60
77
110
83
63
62
73
94
86
108
148
146
69
27
66
86
76
64
97
147
134
64
11
36
80
80
20
26
66
72
19
-67
-37
-37
-76
-124
-89
49
24
-64
-166
-165
-107
-137
-206
-197
-3
46
-17
-107
-159
-58
-20
-24
-23
53
77
20
28
-11
11
-29
-23
99
130
155
50
85
139
117
27
-41
146
182
213
166
141
217
232
173
-32
74
130
69
137
165
207
158
113
30
28
27
-103
-58
71
128
67
11
58
42
39
-93
-169
-110
-97
-103
-217
-212
-190
-184
-302
-406
-328
-355
-379
-462
-396
-264
-246
-239
-226
-174
-202
-224
-192
-130
-98
-58
4
22
20
-9
5
16
-41
-73
-14
26
8
32
67
82
106
175
214
221
203
198
259
316
323
322
372
404
347
322
295
228
175
109
88
63
78
15
-126
-164
-142
-126
-195
-196
-153
-87
-14
36
110
145
195
205
213
213
221
268
290
318
311
249
161
20
-173
-291
-422
-554
-645
-674
-730
-853
-829
-769
-728
-705
-580
-443
-490
-516
-447
-272
-112
18
157
224
270
283
308
344
342
383
439
435
452
562
613
568
711
1038
1103
960
1036
1243
1203
984
863
1062
1312
1086
708
652
575
114
-241
-274
-491
-878
-991
-986
-1169
-1359
-1338
-1101
-933
-1030
-1055
-771
-581
-750
-787
-505
-381
-462
-427
-293
-272
-366
-463
-492
-531
-652
-706
-614
-482
-457
-316
37
321
404
400
567
809
909
927
1121
1530
1767
1603
1322
1282
1206
787
369
150
-64
-405
-547
-525
-687
-867
-955
-950
-1012
-1201
-1273
-1044
-769
-748
-626
-250
-35
-59
-52
-65
-135
-189
-242
-215
-183
-248
-332
-281
-251
-394
-361
-251
-190
144
604
814
965
1387
1783
1817
1667
1756
2143
2359
2098
1846
2011
1954
1349
872
610
89
-466
-642
-717
-1069
-1435
-1435
-1282
-1471
-1846
-1860
-1515
-1365
-1432
-1295
-916
-683
-639
-506
-412
-402
-505
-542
-470
-519
-553
-534
-477
-523
-653
-748
-739
-695
-654
-268
339
626
705
1064
1539
1719
1661
1717
2067
2339
2169
1823
1712
1649
1176
678
466
115
-407
-731
-825
-995
-1306
-1464
-1347
-1277
-1582
-1878
-1593
-1132
-1053
-956
-508
-68
59
-9
50
80
-99
-235
-160
-84
-246
-359
-240
-191
-432
-668
-531
-306
-411
-434
35
506
599
811
1371
1723
1731
1748
1912
2118
2147
1994
1994
2087
1785
1353
1182
881
196
-299
-363
-590
-1011
-1237
-1259
-1323
-1538
-1735
-1713
-1538
-1469
-1485
-1231
-936
-921
-889
-755
-668
-649
-644
-751
-828
-729
-736
-859
-873
-806
-827
-805
-695
-542
-222
302
720
912
1196
1585
1912
2055
2047
2133
2429
2650
2514
2258
2176
1990
1510
1031
541
-44
-433
-579
-823
-1171
-1284
-1240
-1304
-1507
-1722
-1727
-1522
-1446
-1512
-1246
-844
-782
-721
-463
-344
-419
-442
-539
-694
-726
-787
-862
-835
-841
-815
-601
-583
-693
-166
627
719
667
1274
1908
1938
1689
1766
2367
2781
2290
1863
2367
2488
1583
1054
1134
589
-287
-512
-540
-924
-1320
-1462
-1386
-1384
-1692
-1875
-1516
-1224
-1400
-1303
-720
-395
-366
-178
54
134
76
-172
-354
-310
-392
-560
-488
-325
-449
-595
-557
-615
-652
-551
-479
-172
368
653
759
1198
1741
1823
1751
1875
2107
2249
2116
1902
1930
1953
1512
921
528
99
-391
-731
-943
-1129
-1268
-1368
-1491
-1616
-1680
-1697
-1614
-1414
-1251
-1116
-877
-619
-491
-427
-396
-345
-283
-272
-326
-403
-356
-426
-670
-777
-733
-714
-759
-749
-530
47
517
474
590
1323
1829
1720
1677
1993
2493
2671
2273
2007
2354
2386
1550
996
941
458
-201
-461
-699
-1073
-1290
-1478
-1622
-1618
-1854
-2075
-1718
-1435
-1575
-1437
-951
-706
-678
-620
-591
-500
-451
-675
-782
-610
-673
-898
-853
-766
-836
-780
-646
-577
-394
-9
361
662
958
1330
1838
2153
2148
2178
2499
2818
2779
2597
2589
2571
2198
1621
1144
645
67
-370
-679
-1049
-1359
-1440
-1416
-1401
-1459
-1496
-1402
-1300
-1292
-1220
-1031
-850
-717
-625
-596
-553
-550
-752
-938
-902
-859
-1042
-1196
-1146
-1062
-1033
-1097
-1026
-525
62
208
288
938
1709
1952
1964
2249
2764
3134
3012
2693
2801
2935
2360
1643
1470
1086
239
-212
-345
-779
-1254
-1465
-1631
-1712
-1805
-2038
-2011
-1691
-1624
-1639
-1158
-729
-710
-553
-283
-207
-272
-412
-623
-671
-795
-1216
-1411
-1305
-1403
-1677
-1741
-1629
-1400
-1236
-1054
-465
355
696
855
1659
2546
2859
2894
3167
3665
3973
3778
3481
3638
3585
2822
2122
1712
1003
157
-398
-908
-1382
-1701
-2068
-2270
-2282
-2563
-2867
-2593
-2302
-2404
-2254
-1760
-1364
-1203
-1107
-927
-673
-591
-808
-845
-664
-793
-1040
-983
-908
-1076
-1138
-899
-647
-463
-115
409
774
1011
1502
2175
2557
2577
2672
3086
3427
3132
2664
2773
2988
2562
1906
1519
1122
600
4
-703
-1213
-1347
-1583
-1902
-1874
-1872
-2029
-1868
-1620
-1671
-1658
-1452
-1295
-1118
-917
-882
-818
-654
-736
-825
-666
-658
-913
-1007
-936
-872
-773
-928
-1032
-274
603
510
375
1364
2392
2369
2164
2559
3292
3681
3300
2844
3260
3475
2427
1608
1765
1277
81
-280
-333
-993
-1505
-1570
-1707
-1920
-2227
-2521
-2292
-2022
-2327
-2279
-1487
-1152
-1352
-1108
-666
-559
-581
-728
-801
-586
-749
-1303
-1319
-1154
-1493
-1667
-1387
-1257
-1301
-1055
-532
65
433
518
1158
2225
2615
2572
3061
3819
4083
3917
3578
3460
3518
3001
2167
1756
1353
599
93
-262
-855
-1333
-1687
-2147
-2320
-2359
-2674
-2612
-2145
-2165
-2263
-1726
-1245
-1244
-1187
-879
-591
-491
-774
-1030
-826
-865
-1424
-1640
-1392
-1490
-1759
-1585
-1267
-1216
-1093
-497
320
665
736
1427
2436
2821
2761
3185
3996
4382
4021
3604
3898
4060
3193
2348
2266
1863
880
238
-125
-705
-1202
-1596
-1986
-2011
-2133
-2530
-2344
-1847
-1999
-2181
-1639
-1270
-1353
-1250
-1039
-855
-682
-805
-972
-747
-746
-1207
-1343
-1171
-1254
-1378
-1297
-1153
-874
-489
-148
316
828
1102
1551
2254
2511
2379
2623
3172
3373
3055
2680
2824
2950
2249
1457
1307
1000
167
-417
-764
-1247
-1567
-1792
-2082
-2044
-1910
-2036
-1904
-1514
-1468
-1386
-914
-752
-871
-717
-585
-687
-671
-756
-1009
-940
-868
-1210
-1410
-1233
-1231
-1343
-1283
-1130
-865
-503
-128
389
912
1163
1598
2369
2721
2600
2805
3367
3600
3225
2734
2810
3051
2423
1416
1198
1103
229
-612
-892
-1229
-1742
-2135
-2326
-2252
-2146
-2356
-2271
-1723
-1590
-1684
-1274
-933
-1108
-1066
-832
-873
-973
-1027
-1096
-992
-983
-1332
-1403
-1056
-1088
-1329
-1104
-766
-644
-294
371
933
1288
1669
2388
3110
3241
3152
3584
4190
4182
3707
3474
3657
3491
2552
1760
1583
1067
24
-567
-866
-1495
-1939
-2122
-2414
-2537
-2472
-2588
-2479
-2075
-2052
-2057
-1606
-1352
-1460
-1247
-961
-930
-870
-868
-933
-788
-799
-1157
-1074
-767
-992
-1212
-884
-600
-656
-561
-73
652
1074
1155
1712
2702
2989
2685
2851
3339
3419
2995
2549
2591
2686
1954
1101
1077
918
10
-610
-852
-1355
-1791
-2037
-2340
-2431
-2347
-2509
-2388
-1861
-1809
-1803
-1185
-858
-1109
-969
-552
-508
-536
-542
-605
-473
-460
-817
-862
-560
-706
-927
-571
-237
-266
-17
680
1153
1254
1650
2505
3105
3061
3020
3423
3831
3633
3032
2821
3054
2698
1633
1138
1041
297
-570
-907
-1380
-2084
-2386
-2577
-2822
-2750
-2697
-2745
-2291
-1859
-1992
-1828
-1236
-1168
-1368
-1175
-949
-880
-894
-1036
-1008
-761
-903
-1291
-1206
-1037
-1187
-1182
-999
-862
-598
-255
126
713
1157
1432
2212
3063
3197
3177
3541
3876
3873
3440
2852
2934
3086
2077
1094
1259
1107
-42
-739
-876
-1384
-1883
-2231
-2584
-2497
-2295
-2514
-2388
-1794
-1756
-1770
-1148
-894
-1197
-1024
-648
-733
-803
-749
-764
-610
-471
-717
-836
-542
-506
-709
-523
-194
-56
212
780
1354
1778
2202
2756
3299
3533
3525
3577
3874
3823
3133
2743
2981
2740
1641
995
983
427
-601
-1326
-1729
-2138
-2583
-3014
-3205
-3066
-3100
-3147
-2755
-2475
-2564
-2272
-1704
-1667
-1772
-1502
-1252
-1205
-1166
-1133
-965
-703
-761
-891
-679
-522
-657
-668
-398
-122
88
298
743
1467
1867
2015
2660
3482
3596
3472
3770
4034
3857
3358
2910
2817
2676
1864
1119
1007
543
-466
-1066
-1393
-1981
-2434
-2708
-3036
-3027
-2876
-3054
-2949
-2352
-2130
-2147
-1712
-1357
-1443
-1308
-951
-878
-897
-914
-893
-597
-484
-852
-891
-465
-487
-760
-561
-299
-287
-80
395
883
1286
1660
2304
3124
3400
3238
3499
3952
3913
3532
3196
3114
3168
2694
1760
1455
1486
703
-309
-644
-928
-1578
-2034
-2352
-2533
-2424
-2548
-2733
-2329
-2006
-2301
-2127
-1506
-1545
-1767
-1398
-1173
-1318
-1306
-1309
-1289
-1111
-1189
-1446
-1220
-921
-1085
-1044
-556
-237
-91
260
707
1246
1764
2048
2550
3382
3713
3524
3712
4146
4065
3532
3160
3192
3054
2264
1503
1324
928
-47
-710
-983
-1480
-2015
-2341
-2574
-2599
-2593
-2778
-2660
-2177
-2024
-2059
-1682
-1405
-1504
-1444
-1294
-1325
-1350
-1364
-1324
-1060
-1018
-1353
-1284
-860
-933
-1187
-932
-525
-474
-435
87
845
1160
1292
2070
2966
3016
2778
3156
3596
3403
2809
2447
2634
2595
1693
912
997
813
-205
-829
-892
-1292
-1844
-2196
-2467
-2420
-2270
-2511
-2434
-1816
-1752
-1965
-1453
-1034
-1299
-1209
-702
-641
-772
-746
-749
-596
-474
-746
-749
-302
-347
-622
-268
135
174
397
792
1108
1705
2242
2321
2775
3565
3724
3513
3711
3947
3763
3428
3141
2946
2688
2014
1331
1128
699
-205
-709
-806
-1306
-1987
-2280
-2467
-2679
-2793
-2853
-2763
-2575
-2508
-2421
-2196
-2093
-2063
-1876
-1706
-1736
-1777
-1743
-1682
-1554
-1478
-1472
-1294
-1056
-1048
-1047
-815
-447
-217
-190
204
1078
1557
1535
2060
3017
3271
3041
3239
3690
3759
3352
2936
3022
3131
2425
1593
1613
1532
583
-107
-193
-644
-1402
-1854
-2110
-2207
-2283
-2640
-2681
-2193
-2113
-2390
-2098
-1616
-1612
-1614
-1336
-1217
-1223
-1176
-1153
-897
-653
-904
-967
-457
-344
-670
-535
-76
202
365
491
798
1487
1884
1755
2101
2997
3320
3091
3231
3556
3582
3269
2711
2503
2581
1979
1055
948
917
-30
-767
-784
-1143
-1831
-2205
-2416
-2619
-2764
-2994
-3036
-2661
-2538
-2742
-2482
-1987
-1925
-1902
-1680
-1609
-1579
-1493
-1512
-1385
-1074
-1097
-1182
-775
-427
-485
-379
112
562
695
798
1329
2117
2443
2494
3165
3957
3954
3817
4142
4360
4057
3559
3229
3114
2716
1795
1211
1184
593
-517
-949
-1092
-1767
-2417
-2608
-2780
-3050
-3245
-3324
-3075
-2748
-2853
-2799
-2106
-1696
-1861
-1688
-1167
-938
-971
-998
-851
-568
-588
-878
-706
-276
-364
-571
-187
310
382
336
581
1161
1661
1710
1823
2598
3330
3299
3182
3549
3928
3749
3179
2883
2959
2694
1846
1314
1288
789
-190
-687
-880
-1506
-2187
-2498
-2700
-2974
-3268
-3333
-3060
-2877
-3017
-2905
-2397
-2176
-2241
-2051
-1689
-1535
-1503
-1437
-1296
-1069
-977
-998
-765
-360
-218
-192
86
463
621
665
977
1564
1981
2114
2497
3188
3496
3379
3606
4079
4053
3665
3474
3440
3151
2498
1854
1519
1106
303
-382
-707
-1207
-1920
-2313
-2540
-2910
-3168
-3210
-3280
-3342
-3282
-3246
-3072
-2681
-2478
-2413
-2067
-1605
-1419
-1356
-1138
-911
-847
-856
-720
-384
-161
-152
48
458
684
749
1000
1383
1722
2122
2466
2678
3023
3425
3561
3588
3687
3782
3771
3531
3083
2758
2526
1880
1017
595
236
-598
-1370
-1736
-2191
-2768
-3123
-3383
-3583
-3567
-3555
-3604
-3415
-3068
-2856
-2613
-2250
-2019
-1766
-1320
-991
-857
-584
-202
28
97
126
303
586
639
566
780
1153
1244
1180
1412
1845
2184
2417
2606
2920
3375
3591
3488
3527
3779
3778
3416
2989
2746
2578
2038
1163
597
264
-506
-1421
-1877
-2158
-2697
-3204
-3462
-3652
-3736
-3756
-3755
-3568
-3326
-3227
-2939
-2498
-2340
-2217
-1689
-1243
-1254
-1141
-803
-596
-499
-409
-415
-251
-1
-87
-90
269
456
450
708
1012
1122
1388
1813
2035
2318
2735
2968
3180
3353
3221
3163
3279
2920
2322
2122
1843
1076
497
187
-375
-944
-1245
-1621
-2029
-2259
-2522
-2706
-2640
-2649
-2768
-2582
-2307
-2269
-2103
-1769
-1550
-1337
-1015
-805
-634
-404
-290
-231
-43
34
-64
58
319
317
233
411
697
922
1083
1276
1695
2234
2432
2453
2839
3248
3267
3202
3315
3344
3133
2764
2383
2157
1893
1234
575
343
-16
-754
-1311
-1533
-1886
-2360
-2743
-2983
-3031
-3110
-3309
-3265
-2928
-2773
-2717
-2391
-2058
-1895
-1687
-1459
-1359
-1205
-936
-796
-695
-472
-276
-103
166
408
491
663
938
1097
1174
1312
1660
2041
2175
2226
2601
3021
2951
2721
2890
3075
2728
2260
2121
1942
1397
780
430
170
-335
-949
-1333
-1591
-2036
-2442
-2605
-2757
-2912
-2917
-2769
-2653
-2608
-2454
-2193
-1977
-1858
-1726
-1491
-1232
-1091
-987
-763
-526
-421
-341
-112
145
243
265
453
760
920
1010
1249
1550
1758
1957
2289
2588
2785
3005
3159
3189
3186
3141
2992
2799
2494
2047
1689
1436
923
253
-152
-479
-991
-1533
-1921
-2251
-2466
-2624
-2963
-3095
-2922
-2912
-3021
-2853
-2540
-2406
-2272
-2038
-1850
-1639
-1395
-1225
-1030
-771
-566
-370
-156
3
213
538
704
772
1061
1384
1460
1574
1805
1916
2103
2419
2506
2457
2703
2950
2827
2633
2648
2653
2459
2044
1583
1395
1185
529
-58
-156
-427
-1057
-1426
-1567
-1904
-2249
-2420
-2571
-2696
-2747
-2820
-2831
-2707
-2680
-2618
-2329
-2077
-1977
-1687
-1256
-1045
-924
-622
-222
65
215
314
592
946
1036
1045
1325
1653
1677
1704
1923
2034
2022
2108
2243
2289
2323
2395
2377
2294
2156
1979
1891
1667
1210
879
755
411
-161
-530
-771
-1157
-1545
-1764
-1983
-2184
-2309
-2468
-2647
-2702
-2699
-2707
-2663
-2607
-2515
-2309
-2110
-2071
-1888
-1461
-1193
-1063
-771
-381
-104
102
344
588
925
1226
1333
1502
1807
1975
1976
2048
2122
2108
2191
2284
2238
2222
2299
2292
2129
1938
1801
1722
1538
1123
827
742
438
-173
-549
-660
-964
-1414
-1676
-1756
-1876
-2071
-2289
-2344
-2275
-2335
-2444
-2344
-2171
-2132
-2035
-1853
-1689
-1462
-1121
-809
-565
-220
140
386
578
750
984
1194
1312
1374
1453
1542
1555
1563
1569
1569
1595
1642
1578
1478
1580
1692
1612
1471
1470
1530
1433
1205
951
835
730
375
-90
-278
-361
-745
-1223
-1404
-1451
-1720
-2055
-2219
-2269
-2333
-2453
-2516
-2437
-2318
-2231
-2080
-1820
-1629
-1425
-1047
-680
-460
-213
169
498
704
879
1146
1437
1579
1597
1729
1884
1857
1773
1773
1821
1832
1807
1767
1770
1844
1850
1691
1577
1563
1471
1256
1094
985
766
469
250
-9
-388
-725
-968
-1189
-1515
-1808
-1994
-2213
-2536
-2831
-2866
-2867
-3017
-3057
-2824
-2567
-2496
-2332
-1953
-1605
-1373
-1025
-572
-213
53
378
736
984
1232
1483
1626
1667
1741
1824
1772
1654
1589
1520
1366
1290
1358
1341
1196
1202
1394
1383
1152
1148
1306
1286
1075
937
957
883
524
93
-58
-162
-561
-998
-1180
-1398
-1767
-2072
-2261
-2446
-2558
-2562
-2571
-2475
-2295
-2133
-1873
-1523
-1270
-977
-499
-83
138
468
986
1325
1475
1657
1848
1958
1860
1686
1641
1589
1336
1123
1124
1003
750
724
833
744
653
889
1108
1104
1110
1186
1282
1299
1146
997
1028
947
563
268
177
-125
-585
-922
-1236
-1591
-1890
-2217
-2567
-2688
-2721
-2834
-2802
-2599
-2422
-2206
-1830
-1527
-1248
-842
-461
-170
166
551
800
978
1162
1288
1380
1413
1300
1160
1089
936
738
647
530
343
319
429
408
366
576
865
966
1020
1185
1411
1501
1373
1199
1201
1223
958
530
276
110
-227
-651
-1006
-1290
-1595
-1978
-2289
-2440
-2582
-2725
-2725
-2575
-2423
-2268
-1959
-1562
-1254
-958
-501
51
417
620
944
1308
1408
1334
1432
1552
1358
1095
1011
895
658
482
471
422
278
231
390
581
570
637
1021
1320
1356
1433
1724
1919
1832
1677
1609
1526
1174
663
306
69
-381
-1007
-1349
-1510
-1893
-2251
-2345
-2348
-2367
-2293
-2141
-1983
-1821
-1699
-1451
-1021
-687
-445
-78
344
551
661
931
1185
1230
1163
1105
1024
826
518
233
152
50
-155
-201
-141
-161
-135
96
368
559
806
1141
1350
1432
1514
1622
1701
1669
1507
1377
1365
1080
511
198
34
-419
-897
-1129
-1355
-1632
-1842
-2002
-2063
-2019
-2025
-2049
-1850
-1610
-1544
-1391
-1065
-814
-618
-229
157
371
543
716
848
870
787
671
614
525
353
235
155
-16
-218
-315
-313
-250
-51
231
495
678
904
1165
1313
1381
1433
1597
1646
1442
1199
1139
1009
615
272
30
-184
-511
-913
-1197
-1315
-1413
-1573
-1589
-1486
-1462
-1504
-1451
-1288
-1138
-942
-737
-577
-385
-177
-15
146
300
364
443
565
537
376
338
343
262
163
110
80
4
-82
-71
50
112
128
324
624
731
870
1231
1490
1512
1556
1743
1818
1717
1592
1433
1252
987
580
223
51
-257
-793
-1087
-1243
-1588
-1879
-1900
-1925
-1980
-1884
-1775
-1690
-1551
-1387
-1275
-1105
-872
-732
-584
-357
-192
-127
-10
134
170
147
116
106
165
190
113
137
291
297
172
227
413
503
564
778
1058
1215
1358
1577
1783
1854
1860
1941
2026
1918
1657
1504
1436
1141
707
450
282
-81
-515
-716
-872
-1137
-1381
-1468
-1476
-1560
-1617
-1607
-1542
-1499
-1477
-1384
-1202
-1041
-964
-815
-639
-539
-449
-324
-271
-225
-136
-92
-86
-66
-33
-41
-57
-51
-32
48
151
216
257
418
663
787
894
1104
1322
1420
1436
1512
1625
1603
1449
1334
1295
1113
727
458
285
1
-363
-615
-769
-974
-1200
-1353
-1424
-1508
-1601
-1649
-1620
-1563
-1485
-1339
-1143
-990
-861
-654
-487
-406
-318
-194
-94
-47
-43
-65
-9
3
-112
-144
-49
-7
-72
-42
121
254
292
414
687
912
1016
1137
1419
1671
1720
1727
1894
2032
1883
1691
1640
1566
1328
1005
771
624
387
80
-156
-289
-441
-691
-904
-1060
-1216
-1393
-1513
-1503
-1484
-1462
-1424
-1299
-1110
-1024
-927
-714
-494
-455
-438
-286
-157
-172
-180
-70
-7
-73
-156
-80
3
-34
-29
90
244
270
328
547
769
849
933
1168
1368
1431
1449
1499
1534
1488
1312
1126
1068
909
607
389
287
73
-283
-565
-768
-992
-1255
-1506
-1642
-1676
-1791
-1939
-1884
-1736
-1736
-1721
-1474
-1252
-1182
-1028
-811
-648
-506
-331
-183
-61
29
3
22
146
135
87
194
295
248
234
394
500
567
744
901
1045
1230
1348
1405
1575
1827
1883
1869
1988
2031
1937
1825
1657
1449
1281
1036
691
442
235
-129
-496
-710
-960
-1290
-1538
-1659
-1775
-1910
-1998
-1988
-1871
-1777
-1710
-1553
-1312
-1093
-943
-724
-468
-327
-215
-87
11
96
144
130
139
167
122
92
154
199
165
173
258
314
357
459
584
691
776
873
1002
1126
1183
1201
1247
1289
1257
1146
1065
992
795
515
338
210
-64
-334
-475
-640
-865
-1010
-1099
-1208
-1287
-1345
-1388
-1334
-1248
-1232
-1135
-905
-786
-733
-531
-296
-203
-118
22
140
206
218
234
245
235
194
160
181
210
177
158
240
350
404
463
647
842
914
947
1054
1217
1290
1273
1314
1378
1334
1167
1016
925
774
464
139
-36
-239
-602
-933
-1081
-1240
-1504
-1679
-1723
-1738
-1736
-1698
-1590
-1385
-1192
-1067
-846
-543
-345
-210
16
293
471
582
688
795
885
855
773
741
681
490
307
234
150
17
-97
-145
-163
-141
-87
-19
111
302
460
605
777
897
941
1019
1108
1113
1113
1100
984
836
733
551
279
82
-131
-493
-802
-994
-1258
-1513
-1651
-1767
-1867
-1877
-1847
-1791
-1631
-1429
-1268
-1053
-802
-631
-481
-299
-124
-13
84
180
222
268
282
273
289
288
242
181
133
93
66
79
102
150
234
313
459
690
871
975
1180
1401
1466
1521
1652
1720
1671
1604
1515
1379
1249
1043
783
602
383
55
-211
-399
-639
-867
-1008
-1135
-1244
-1243
-1202
-1157
-1051
-902
-748
-587
-447
-320
-170
-30
88
212
286
317
346
349
320
277
221
98
-22
-122
-237
-335
-396
-415
-424
-412
-367
-335
-274
-167
-63
47
196
359
469
563
650
686
709
683
585
467
364
202
-8
-151
-318
-563
-770
-921
-1077
-1192
-1245
-1279
-1286
-1230
-1159
-1074
-919
-749
-587
-406
-204
-24
136
309
450
566
671
698
700
699
631
541
481
388
242
143
93
5
-85
-115
-129
-121
-65
11
88
183
312
441
582
732
878
1014
1115
1204
1266
1282
1246
1154
1036
923
795
611
414
225
10
-222
-405
-560
-710
-830
-937
-1022
-1055
-1061
-1088
-1082
-1027
-981
-950
-867
-766
-737
-689
-606
-562
-548
-527
-530
-551
-543
-560
-604
-604
-606
-636
-595
-526
-481
-396
-240
-132
-17
177
359
532
746
978
1142
1286
1455
1590
1695
1805
1852
1847
1843
1771
1632
1513
1406
1215
989
820
612
378
199
5
-199
-355
-486
-634
-718
-766
-860
-936
-923
-900
-922
-899
-866
-854
-818
-775
-761
-732
-690
-702
-689
-630
-642
-694
-657
-614
-633
-597
-515
-492
-447
-371
-331
-279
-162
-72
-12
125
245
308
429
601
711
813
930
984
1035
1084
1047
1004
1006
927
764
655
573
416
259
129
-32
-180
-310
-453
-587
-692
-851
-994
-1035
-1084
-1167
-1186
-1150
-1143
-1101
-1010
-936
-868
-772
-687
-621
-512
-404
-328
-198
-51
14
75
175
237
291
382
455
506
561
609
668
759
831
882
985
1096
1154
1215
1310
1393
1452
1488
1506
1513
1502
1426
1296
1174
1029
818
600
389
157
-90
-327
-572
-805
-1000
-1200
-1394
-1523
-1628
-1727
-1764
-1741
-1693
-1635
-1522
-1375
-1206
-1003
-819
-655
-473
-293
-157
-11
136
244
319
357
376
387
381
363
362
365
325
265
241
247
246
291
383
458
532
630
764
910
1067
1205
1308
1374
1377
1364
1328
1253
1124
935
732
502
247
-42
-339
-620
-918
-1209
-1460
-1646
-1785
-1889
-1942
-1957
-1933
-1858
-1713
-1505
-1279
-1046
-798
-541
-257
-2
197
392
560
659
672
677
665
610
525
442
369
276
205
154
122
97
102
131
198
311
411
550
716
884
1053
1217
1380
1473
1513
1524
1496
1435
1297
1108
896
634
323
-10
-326
-659
-1014
-1341
-1643
-1892
-2108
-2274
-2366
-2416
-2413
-2344
-2211
-2018
-1789
-1549
-1276
-996
-717
-438
-175
83
282
447
588
660
705
740
765
754
718
704
703
695
691
717
768
838
935
1056
1202
1368
1528
1703
1895
2056
2188
2288
2312
2277
2201
2092
1924
1691
1428
1115
719
284
-136
-541
-938
-1332
-1701
-2025
-2298
-2515
-2674
-2742
-2742
-2686
-2579
-2437
-2238
-2006
-1747
-1482
-1234
-990
-746
-526
-341
-165
1
138
229
280
307
320
309
307
328
347
350
355
410
467
512
611
758
893
1019
1163
1322
1450
1549
1639
1695
1713
1701
1652
1548
1409
1237
1020
774
507
242
-17
-295
-600
-909
-1189
-1437
-1653
-1797
-1893
-1965
-1980
-1966
-1901
-1797
-1665
-1487
-1296
-1089
-870
-654
-458
-255
-62
82
210
328
435
519
591
636
677
716
729
740
746
737
732
752
788
813
855
931
995
1033
1082
1138
1148
1125
1093
1044
961
852
713
542
373
172
-52
-258
-457
-663
-884
-1083
-1275
-1452
-1593
-1693
-1746
-1755
-1743
-1712
-1655
-1571
-1436
-1276
-1105
-941
-747
-547
-376
-185
9
201
368
519
646
748
849
926
995
1041
1060
1042
1032
1027
996
973
965
964
952
956
953
940
921
895
856
809
783
734
671
620
532
431
331
209
71
-62
-189
-322
-451
-576
-711
-869
-1000
-1091
-1171
-1221
-1252
-1269
-1279
-1262
-1206
-1146
-1039
-914
-786
-648
-519
-388
-248
-95
50
175
275
358
408
463
530
570
611
659
682
682
671
636
593
577
544
483
423
365
308
255
232
234
226
226
233
202
163
153
120
54
26
-12
-84
-135
-186
-275
-356
-413
-487
-590
-672
-747
-842
-906
-937
-967
-978
-944
-895
-831
-752
-665
-563
-434
-303
-172
-22
116
232
352
469
569
658
736
793
824
828
818
783
717
639
542
459
403
335
270
227
191
166
152
143
156
177
203
231
252
275
287
295
325
313
276
249
199
137
62
-41
-165
-293
-430
-585
-719
-822
-903
-962
-1004
-1033
-1047
-1016
-959
-859
-733
-597
-455
-332
-196
-45
117
295
463
607
710
794
837
847
880
897
869
808
721
617
517
443
386
333
295
263
224
197
186
182
220
297
373
414
426
434
443
464
478
489
466
387
289
169
16
-143
-295
-443
-585
-751
-916
-1046
-1170
-1275
-1344
-1372
-1366
-1340
-1296
-1225
-1119
-981
-823
-631
-470
-337
-190
-52
83
198
309
405
446
460
439
416
383
328
276
217
166
98
38
2
-33
-52
-49
-28
16
105
239
376
517
663
778
872
944
998
1029
1037
1011
951
875
778
652
495
327
140
-70
-294
-517
-723
-899
-1031
-1120
-1157
-1145
-1118
-1096
-1062
-986
-889
-754
-579
-410
-242
-69
83
206
318
394
456
507
513
498
469
427
375
312
246
197
147
105
100
112
124
146
192
260
340
441
553
669
770
857
930
974
987
971
933
878
814
717
587
450
268
66
-123
-343
-571
-775
-947
-1096
-1214
-1278
-1319
-1341
-1332
-1300
-1249
-1163
-1044
-925
-796
-647
-518
-403
-281
-166
-77
-21
33
65
82
85
55
21
1
-17
-32
-18
4
5
12
45
101
178
267
381
491
592
713
827
935
1033
1111
1160
1184
1184
1157
1114
1033
907
764
576
372
177
-23
-206
-388
-554
-688
-800
-903
-978
-1028
-1056
-1055
-1033
-982
-903
-792
-656
-522
-414
-311
-207
-107
-29
30
93
130
144
143
129
94
19
-50
-104
-140
-176
-217
-247
-271
-294
-311
-274
-195
-109
-5
99
181
271
381
472
554
628
694
742
759
757
730
678
616
553
468
380
292
198
112
28
-63
-155
-222
-265
-286
-284
-280
-272
-232
-173
-115
-48
13
93
161
219
260
258
234
190
149
104
52
-13
-64
-113
-167
-212
-279
-340
-394
-439
-451
-449
-429
-415
-387
-327
-273
-218
-158
-112
-63
-28
4
40
54
65
63
48
32
5
-35
-89
-145
-215
-285
-349
-403
-412
-411
-380
-327
-277
-197
-107
-9
87
189
286
368
478
564
632
686
704
712
711
717
699
663
630
546
456
365
253
163
76
-20
-114
-183
-229
-262
-267
-272
-254
-218
-169
-97
-32
32
67
75
76
65
42
27
26
-3
-48
-92
-162
-236
-314
-389
-454
-515
-575
-623
-661
-684
-680
-646
-587
-503
-395
-280
-161
-51
61
179
269
344
424
490
500
492
499
488
449
406
346
275
206
138
82
33
-25
-80
-107
-144
-183
-189
-180
-153
-108
-47
39
123
194
261
320
352
371
388
370
332
280
206
124
32
-62
-160
-262
-358
-449
-525
-578
-603
-612
-609
-583
-547
-484
-397
-306
-218
-115
-16
66
158
250
339
417
487
538
555
564
554
512
450
371
289
198
96
6
-63
-123
-176
-205
-214
-214
-206
-177
-128
-65
-3
71
142
197
239
254
278
296
311
339
354
330
287
258
221
151
66
-24
-127
-218
-300
-374
-431
-472
-486
-485
-468
-452
-419
-359
-293
-223
-161
-111
-73
-24
19
47
53
38
35
1
-58
-91
-129
-180
-225
-266
-314
-347
-341
-341
-327
-289
-268
-224
-158
-83
27
155
275
394
533
663
776
880
949
1000
1032
1022
990
935
857
752
608
446
280
131
-17
-170
-314
-460
-612
-738
-833
-913
-961
-993
-1027
-1036
-1019
-970
-886
-796
-691
-554
-422
-293
-159
-37
54
114
147
156
169
179
202
223
210
207
223
229
225
229
228
242
281
307
339
384
419
479
566
638
710
768
804
804
775
759
722
684
630
555
457
342
224
77
-56
-180
-331
-463
-585
-691
-757
-813
-859
-886
-876
-849
-812
-750
-709
-644
-552
-468
-382
-301
-236
-171
-109
-55
-17
7
33
70
104
118
123
108
95
81
73
74
65
54
62
79
89
121
158
167
180
192
189
208
227
217
220
211
171
133
112
82
43
39
16
-16
-15
-10
-5
-8
-7
30
99
170
225
280
337
374
405
443
479
505
487
463
450
434
406
349
278
167
37
-91
-217
-333
-452
-552
-650
-749
-814
-862
-878
-868
-851
-810
-747
-668
-594
-510
-407
-298
-177
-69
11
91
168
241
297
340
370
377
381
383
353
305
245
172
99
37
-18
-63
-79
-89
-99
-101
-97
-89
-57
2
52
103
167
218
261
300
328
341
332
316
309
300
288
262
225
201
178
144
92
55
22
-18
-48
-70
-85
-110
-111
-109
-87
-41
-19
1
27
49
70
87
94
83
73
55
11
-25
-66
-132
-176
-208
-239
-276
-309
-321
-340
-325
-312
-315
-288
-275
-254
-219
-184
-162
-129
-72
-26
20
71
116
166
219
266
288
274
270
255
213
180
132
75
15
-40
-95
-122
-124
-150
-152
-134
-134
-104
-67
-28
3
35
88
124
168
217
251
292
319
334
349
341
298
262
235
190
146
90
16
-57
-113
-175
-223
-254
-307
-353
-366
-389
-399
-381
-378
-366
-344
-338
-320
-282
-248
-198
-134
-95
-54
-13
6
48
84
90
106
144
152
171
197
200
230
252
235
245
282
264
244
262
246
236
258
238
222
238
214
184
177
139
73
11
-44
-95
-122
-168
-226
-248
-284
-315
-314
-328
-336
-313
-313
-302
-245
-234
-212
-150
-126
-93
-25
16
56
111
158
189
245
275
284
311
300
271
264
246
187
169
139
83
49
23
4
-16
-44
-90
-124
-133
-146
-136
-120
-125
-134
-131
-116
-74
-41
-22
9
29
58
88
112
133
143
155
152
149
156
136
121
123
93
65
42
-10
-52
-90
-140
-174
-171
-175
-189
-176
-183
-200
-196
-200
-190
-147
-121
-107
-73
-52
-50
-28
0
-2
11
17
1
3
4
3
22
36
22
27
29
7
18
37
37
36
53
63
53
43
8
-13
-29
-37
-37
-23
0
5
-1
-19
-11
-9
-22
-13
0
-10
1
23
27
47
86
107
117
137
123
107
121
127
117
121
130
101
85
67
31
10
10
-7
-39
-48
-58
-62
-71
-84
-90
-97
-99
-97
-89
-77
-65
-58
-36
-3
23
40
47
56
54
46
29
21
27
34
36
26
24
15
1
-1
-14
-36
-55
-70
-66
-76
-68
-32
-26
-26
-12
1
6
9
6
-11
-5
4
-1
11
16
9
21
39
39
46
47
42
39
25
24
38
60
74
85
89
64
49
45
35
33
42
28
10
10
11
20
16
-14
-38
-46
-68
-86
-91
-102
-114
-111
-115
-130
-133
-149
-154
-148
-147
-120
-83
-59
-43
-30
-26
-24
-9
14
24
29
36
57
61
58
73
41
27
47
40
43
78
87
83
86
75
51
46
45
19
19
34
34
25
28
39
48
60
43
32
31
-1
-30
-32
-43
-64
-52
-37
-46
-30
-26
-40
-28
-25
-52
-58
-66
-97
-102
-94
-87
-71
-34
-13
-4
13
1
-23
-24
-10
-4
11
34
45
52
63
61
73
92
94
97
97
104
82
82
101
86
77
86
91
101
113
106
97
87
76
53
28
14
-6
-30
-35
-31
-43
-50
-50
-56
-59
-68
-78
-86
-105
-121
-107
-85
-88
-76
-68
-71
-61
-53
-50
-63
-52
-28
-32
-23
-7
-2
10
20
13
0
0
11
10
-1
-6
-26
-33
-28
-39
-33
-25
-23
-17
12
45
74
77
63
75
68
87
108
108
132
141
122
122
113
86
75
54
48
51
26
0
-6
-41
-84
-101
-136
-153
-153
-167
-183
-191
-198
-183
-155
-121
-94
-65
-28
-18
-17
-10
-19
-30
-28
-15
-17
-20
-6
6
20
39
42
26
11
-31
-73
-78
-83
-84
-61
-47
-41
-5
12
21
51
72
77
87
120
122
145
164
140
140
142
136
128
143
130
105
105
97
88
83
82
43
8
-3
-5
-9
-4
-2
-10
-7
-4
-12
-9
4
3
1
-3
-15
-8
15
12
13
37
53
42
14
-5
-43
-85
-101
-112
-109
-114
-103
-86
-78
-49
-73
-86
-65
-82
-94
-95
-104
-109
-72
-43
-29
11
34
45
64
83
72
72
73
61
73
76
66
64
74
65
43
38
29
25
50
46
17
11
3
-7
4
26
20
24
26
8
22
10
-8
-4
-5
-19
-38
-56
-94
-97
-98
-129
-114
-117
-147
-125
-110
-137
-144
-128
-158
-159
-130
-151
-149
-101
-97
-73
-23
-23
3
29
29
49
76
84
100
116
100
78
37
32
40
51
99
120
118
120
111
82
90
86
68
83
89
71
87
79
58
87
96
90
132
156
132
128
114
71
54
23
-8
24
0
-38
-32
-66
-90
-83
-103
-117
-98
-107
-103
-52
-74
-100
-57
-59
-66
-55
-83
-74
-38
-43
-25
-11
-47
-39
15
41
88
105
73
95
84
29
26
12
-8
3
-1
-13
-5
14
45
93
108
107
105
58
33
21
-41
-54
-67
-97
-51
-30
-53
-13
29
22
62
82
34
11
-29
-103
-111
-103
-119
-89
-62
-68
-39
-39
-35
7
9
-1
5
-14
-27
-16
-55
-70
-44
-53
-45
12
33
34
62
27
-7
5
-26
-40
-42
-94
-111
-104
-113
-91
-71
-62
-56
-47
-23
-5
21
43
54
45
30
26
-4
-13
2
-16
-1
32
41
89
85
37
60
60
57
94
88
59
49
4
-41
-18
-50
-75
-11
-3
21
94
103
122
179
159
157
200
145
111
126
54
12
31
-10
-4
60
45
31
68
42
8
28
-12
-69
-74
-101
-128
-132
-145
-163
-153
-140
-129
-59
8
37
71
94
93
71
70
42
-1
-23
-70
-118
-131
-149
-155
-112
-108
-87
2
29
21
59
32
-18
-2
-49
-113
-88
-115
-157
-89
-41
-35
47
104
97
164
199
166
169
134
59
10
-26
-49
-64
-56
-36
-10
14
61
97
87
117
143
117
106
73
-20
-58
-44
-86
-115
-83
-92
-100
-60
-35
-20
17
34
-13
-26
0
-46
-86
-76
-118
-177
-163
-142
-122
-36
34
59
99
132
143
143
157
135
76
41
2
-23
-25
-10
5
-14
9
34
34
63
59
26
26
30
5
-9
-36
-68
-102
-126
-147
-130
-83
-77
-44
-5
-8
23
43
14
15
9
-29
-33
-25
-31
-13
-12
-51
-53
-16
-12
13
81
103
135
168
157
162
148
83
18
-13
-84
-116
-57
-62
-34
38
4
26
137
118
103
167
103
14
39
-19
-106
-71
-99
-175
-120
-73
-67
36
104
73
88
119
81
48
38
-15
-87
-123
-152
-176
-161
-116
-69
-1
85
119
120
153
154
105
75
20
-74
-115
-141
-195
-187
-160
-138
-70
26
97
128
150
140
116
81
40
9
-43
-81
-101
-108
-81
-80
-69
-34
-4
51
99
130
155
142
111
84
39
-18
-45
-85
-121
-137
-147
-157
-119
-48
-14
34
80
58
37
47
17
-21
-27
-48
-86
-48
-36
-46
-1
-3
-24
26
81
51
60
88
37
24
47
-5
-35
2
-43
-96
-52
-67
-109
-44
-15
-61
1
75
66
123
173
114
106
128
68
53
76
11
-35
-35
-40
-30
9
53
76
87
89
88
86
64
34
-28
-85
-93
-136
-154
-131
-134
-139
-106
-75
-50
-5
28
33
44
61
34
-5
7
-20
-81
-69
-76
-119
-70
10
2
46
97
32
22
70
23
11
65
-4
-56
1
-30
-62
-3
-8
-30
22
14
-18
32
66
58
83
85
48
47
45
23
20
20
8
19
41
56
48
64
74
50
52
59
24
4
13
-13
-12
1
-42
-47
-15
-48
-63
-19
-31
-48
-20
-43
-65
-51
-68
-93
-95
-97
-87
-49
-9
3
0
13
28
18
13
27
7
15
31
8
8
20
4
11
32
-19
-48
-17
-42
-18
23
0
12
30
-9
-18
13
-40
-73
-42
-79
-84
-20
-16
-23
22
17
-10
25
36
21
25
36
21
35
64
38
20
43
42
18
56
62
44
77
84
34
42
53
-3
-14
-13
-71
-84
-41
-71
-67
-19
-52
-54
-3
-18
-34
19
18
3
39
51
22
33
24
-20
-17
-15
-32
-14
23
-9
-31
-7
-27
-53
-43
-74
-96
-52
-35
-39
-8
12
-16
20
58
25
38
50
36
76
115
96
116
132
86
81
83
59
68
68
39
46
46
15
11
6
-29
-53
-57
-73
-65
-35
-34
-20
-8
-15
-4
-20
-33
-29
-41
-33
-11
-16
-12
1
-10
-11
-5
-36
-56
-42
-69
-88
-59
-51
-63
-48
-45
-46
-19
-18
-26
-17
-9
-13
-15
12
1
-1
12
-4
-17
-23
-32
-41
-12
2
11
46
30
20
33
5
-9
21
2
-8
40
32
6
37
54
20
58
69
35
73
73
13
21
24
-14
2
20
-8
-28
-29
-32
-30
-13
-5
12
19
29
16
-14
-16
-24
-17
19
33
5
10
34
23
31
38
8
28
50
16
0
-11
-39
-33
-6
-22
-35
-22
-27
-31
-25
-9
-9
12
35
11
-11
-23
-48
-58
-42
-41
-39
-8
6
2
21
12
-9
6
2
8
27
21
1
-10
-22
-13
16
27
44
55
59
75
57
28
44
45
15
16
16
-18
-6
22
4
13
28
-1
-10
-19
-54
-65
-69
-70
-35
-20
-15
-11
-4
-10
-26
-26
-41
-40
-51
-56
-48
-39
-41
-18
-8
-39
-19
-7
1
27
20
6
13
23
16
17
17
3
2
39
52
62
81
77
75
76
68
34
11
-17
-44
-53
-39
-42
-39
-10
3
21
21
4
-14
-15
-14
-25
-35
-42
-34
-24
-16
-21
-18
-15
3
11
3
19
22
20
36
45
31
33
40
5
-5
-3
-20
-9
6
-19
-13
-6
-14
12
-5
1
33
27
24
35
25
11
17
1
-12
-6
-44
-59
-8
-9
-13
40
43
11
26
14
-28
-16
-28
-61
-43
-36
-63
-69
-28
-11
-7
27
36
10
2
0
-25
-11
16
-4
8
41
4
-2
31
7
-3
2
-26
-24
14
1
-5
5
-6
-4
12
16
-4
-19
-29
-25
-19
-10
11
29
53
64
49
25
23
26
23
49
47
26
36
16
-8
-4
-12
-15
14
0
-24
8
7
2
17
-13
-43
-40
-25
-12
10
13
1
4
14
18
10
8
14
-5
-30
-46
-66
-64
-50
-51
-55
-57
-67
-64
-25
-7
-4
18
32
32
33
49
32
41
58
57
60
58
63
61
63
43
23
28
3
-18
-15
-30
-39
-15
-8
-32
-39
-34
-29
-26
-31
-44
-66
-52
-23
-1
17
3
-30
-24
-6
-21
-5
6
-5
11
40
43
39
55
42
19
2
-20
-44
-19
-1
-19
-5
-11
-43
-39
-19
-29
-28
-12
-25
-19
-8
-24
-48
-48
-42
-35
-10
-2
-9
-3
29
45
41
54
42
23
35
39
27
38
41
44
74
68
49
51
49
38
45
43
16
22
26
-7
-18
-6
-16
-4
24
14
-10
-32
-63
-72
-50
-36
-29
-8
22
20
24
40
20
-11
-14
-15
-18
-11
1
5
8
21
19
35
35
-16
-44
-44
-48
-54
-42
-26
-17
-14
-21
-39
-36
-24
-7
20
24
21
5
1
19
18
24
37
21
12
9
-3
0
7
3
8
-1
-23
-35
-56
-55
-52
-38
-28
-26
-18
-31
-26
-2
8
10
12
14
12
18
24
32
40
39
26
4
-8
-18
-15
0
5
8
16
13
4
5
2
6
17
9
-1
1
15
33
43
35
17
7
-1
-9
-18
-19
-20
-33
-34
-30
-50
-48
-43
-40
-28
-28
-37
-34
-17
-12
-7
-2
7
22
26
35
50
50
48
34
19
25
35
36
48
43
21
30
40
43
55
49
23
0
-14
-42
-47
-44
-47
-27
-5
3
13
26
18
21
28
24
28
28
21
25
34
31
36
33
28
25
34
28
5
-12
-43
-60
-70
-80
-89
-90
-88
-87
-79
-87
-93
-100
-99
-78
-75
-66
-43
-24
-3
28
44
51
51
49
50
46
47
46
35
22
17
20
29
46
46
45
39
25
20
12
18
19
8
18
35
33
31
18
-3
-6
-9
-12
-5
1
3
10
12
34
52
50
39
20
3
0
1
-4
0
-3
-17
-16
-17
-31
-26
-24
-22
-18
-38
-66
-86
-113
-118
-93
-71
-52
-27
-7
-2
9
14
23
24
1
-20
-23
-20
-19
-5
23
41
52
54
55
52
38
27
8
-5
-6
-8
2
20
26
32
35
27
20
27
29
23
7
-12
-23
-25
-20
-14
5
16
4
4
11
0
-8
-10
-13
-9
-2
-8
-4
9
13
19
26
29
31
32
32
26
19
22
17
20
28
12
12
17
8
-2
-9
-14
-18
-10
-13
-26
-28
-37
-50
-52
-45
-46
-42
-24
-24
-23
-9
-17
-20
3
15
12
12
12
12
18
23
19
23
21
1
-11
-9
-11
-14
-15
-2
-5
-3
-1
-7
-12
-33
-39
-33
-9
14
21
27
35
33
27
28
22
12
7
-1
-12
-24
-28
-20
-22
-22
-23
-13
0
-7
-11
-13
-19
-29
-32
-24
-11
6
25
43
47
45
31
27
32
28
6
-1
2
6
14
13
13
3
5
11
5
1
-6
-19
-31
-28
-27
-23
-11
-8
-13
-7
-3
-8
2
1
-4
-9
-12
1
19
21
22
21
10
9
5
-5
-11
-19
-23
-31
-27
-14
1
1
-3
1
13
26
16
31
21
13
8
13
28
22
14
10
22
11
10
8
12
17
14
-2
-8
-6
-17
-7
-2
2
-9
-20
-29
-31
-33
-28
-13
-17
-18
-13
-8
-8
1
14
24
34
41
46
51
42
19
-4
-13
-19
-18
-7
-2
-5
1
24
60
65
44
14
-14
-19
-20
-17
-6
-6
-16
-17
-13
-12
-16
-12
-2
5
13
13
14
13
-14
-27
-32
-30
-36
-39
-29
-29
-43
-50
-45
-40
-42
-46
-49
-53
-35
-15
7
11
0
1
12
15
0
-10
-7
-12
-30
-35
-37
-26
-12
3
20
40
59
67
69
68
42
23
17
15
7
-7
-12
-4
19
25
42
58
67
72
71
66
35
2
-16
-30
-37
-32
-23
-15
-8
-3
0
-3
-11
-12
-22
-21
-26
-28
-21
-21
-6
-4
2
16
32
43
33
16
3
-2
-18
-21
-6
7
24
43
55
54
49
41
42
27
0
-25
-34
-41
-46
-42
-31
-22
-14
3
8
6
3
3
-2
-4
-12
-26
-31
-38
-42
-38
-29
-20
-28
-25
-9
0
-2
7
7
-6
-5
-13
-11
1
9
19
32
43
31
28
26
23
26
21
16
8
11
5
-1
3
-6
-13
-10
-5
7
14
19
12
11
13
-2
-12
-27
-36
-41
-48
-55
-51
-32
-17
-2
12
9
9
8
-13
-16
-22
-43
-50
-45
-33
-23
-7
9
12
-10
-29
-36
-38
-36
-29
-26
-38
-29
-13
3
23
48
55
46
44
43
42
40
44
33
27
24
30
31
29
27
24
29
26
25
23
21
29
40
36
28
26
28
34
25
19
15
16
18
3
-9
-22
-24
-26
-27
-19
-14
-7
-8
-5
3
18
21
20
23
6
-7
-13
-8
-8
-21
-17
-13
-13
-13
-9
-5
-12
-21
-40
-65
-76
-80
-75
-48
-21
5
12
19
21
6
8
-5
-19
-24
-18
-14
-8
21
36
44
49
53
46
33
19
3
-5
-12
-10
-3
5
10
13
21
27
30
13
0
-13
-29
-39
-31
-16
-17
-10
-4
-6
-3
-7
-26
-34
-25
-27
-32
-26
-20
-14
-10
-3
-1
0
-8
-20
-29
-34
-30
-27
-29
-18
-8
-7
2
16
26
32
21
17
17
3
5
1
9
18
32
45
37
38
27
14
14
14
7
-2
0
6
3
11
19
28
42
35
28
24
6
-3
-5
-5
2
3
15
17
12
18
15
8
8
-8
-33
-41
-42
-37
-28
-12
-6
-6
-6
-2
-1
-15
-15
-6
1
2
-12
-9
4
16
24
19
19
22
20
17
15
15
14
9
10
14
16
3
-5
11
7
1
4
1
-2
-4
-7
-13
-10
-2
3
10
16
7
-2
-3
-6
-13
-18
-7
-12
-18
-17
-27
-16
-12
-14
-3
1
-11
-29
-41
-43
-45
-42
-27
-20
-18
-9
0
6
14
15
4
4
3
-8
-2
17
26
22
14
10
14
10
12
14
5
4
-3
-4
12
15
6
6
-1
-15
-30
-25
-12
-7
-5
-12
-12
-7
-7
-3
7
2
-5
-8
-10
-10
-14
-23
-24
-6
0
2
15
17
11
1
-2
13
11
-1
-3
6
9
10
13
16
8
-8
-12
-10
-6
6
6
-1
-2
-4
-9
5
33
37
28
28
29
24
13
12
13
15
15
7
5
3
15
27
21
26
19
7
7
11
15
0
-1
4
2
4
11
22
22
23
25
24
18
5
-3
-1
1
-2
1
1
7
9
8
4
-15
-18
-13
-12
-2
-12
-15
-8
-12
-16
-28
-32
-36
-32
-33
-41
-34
-28
-32
-41
-42
-37
-28
-25
-32
-36
-43
-46
-37
-22
-13
-19
-25
-31
-31
-25
-20
-6
9
26
26
14
24
28
26
22
26
25
20
14
8
30
42
51
68
61
48
34
23
16
17
9
-13
-28
-34
-35
-27
-21
-12
-6
-3
-6
-13
-9
2
2
-3
-1
-14
-20
-11
0
9
21
25
9
-1
-7
-19
-21
-22
-25
-11
-4
-15
-13
-5
-2
8
11
7
21
14
4
5
8
17
30
28
35
46
41
35
33
27
14
13
15
10
-3
-5
-13
-19
-5
16
12
10
9
-7
-7
6
9
7
11
4
-3
-1
-6
-13
-14
-17
-10
6
4
1
3
-1
-9
-6
-7
-6
-3
-11
-19
-28
-22
-20
-4
8
13
19
7
10
10
15
27
36
34
26
13
-12
-15
-8
-7
-1
3
4
-9
-20
-18
-11
-4
-6
-17
-30
-39
-53
-69
-68
-65
-64
-54
-55
-54
-50
-41
-29
-14
-4
-7
-6
-15
-14
-7
1
20
22
12
8
2
6
24
46
61
75
73
51
42
17
0
2
2
10
26
36
26
23
34
26
25
29
11
7
11
-13
-26
-17
-23
-15
0
-4
-14
-7
1
-2
5
4
2
8
2
-6
-5
-6
-3
2
2
-5
-7
-8
-2
17
29
25
21
19
9
14
30
25
32
37
23
23
21
7
1
-2
-14
-18
-20
-32
-30
-24
-27
-19
-12
-22
-30
-29
-35
-45
-39
-27
-14
0
-14
-19
-4
3
13
27
26
17
16
8
-14
-13
-12
-17
-17
-19
-23
-21
-19
-10
1
3
2
-6
-5
-1
2
9
13
24
30
30
34
35
34
46
46
39
50
43
16
14
16
7
7
3
-11
-9
5
-3
4
16
13
3
-7
-18
-35
-50
-55
-50
-45
-43
-46
-40
-22
-6
3
4
0
-19
-37
-45
-34
-17
-7
2
13
17
2
-13
-21
-33
-36
-27
-22
-24
-25
-16
-17
-19
-2
2
11
27
37
39
56
67
62
58
43
13
-3
5
11
21
28
33
32
18
4
-9
-9
5
14
2
-12
-8
-2
8
17
13
-6
-8
-12
-23
-10
4
15
27
21
11
-2
-6
-1
18
20
13
14
-2
-10
-9
-18
-22
-20
-24
-30
-16
2
-2
1
-2
-12
-1
5
-4
-4
10
4
-4
2
-10
-25
-9
-1
2
16
13
2
0
-4
-14
-10
-5
-7
5
11
-2
-8
0
17
34
43
30
13
12
10
-1
-8
-18
-26
-28
-20
-21
-29
-19
-7
14
20
14
13
24
27
20
0
-36
-49
-29
-20
-11
-6
-24
-18
-4
-8
-9
-4
-11
-17
-11
-23
-37
-22
0
18
38
25
-4
-3
4
-4
4
19
27
42
49
30
8
5
-1
17
29
2
-16
-15
-12
3
3
-15
-33
-16
7
23
35
15
10
27
35
10
-17
-42
-49
-13
11
-8
-18
-10
-4
-4
-17
-58
-72
-31
-14
-23
-31
-56
-45
10
9
-18
-9
1
12
53
66
17
7
17
29
47
26
-13
-6
42
65
78
69
29
33
71
55
21
3
-8
31
52
9
-47
-65
-41
-13
28
9
-50
-47
-20
-15
-32
-63
-95
-70
-23
-40
-76
-81
-68
-5
43
4
-21
-7
12
64
84
36
12
22
34
36
36
19
19
55
77
64
22
0
-2
35
56
32
9
11
22
34
19
-24
-36
-32
-16
18
9
-41
-55
-39
-27
-15
-25
-61
-77
-52
-34
-47
-70
-74
-47
-9
14
-15
-41
-28
6
34
14
-24
-35
-13
23
47
13
-23
-4
27
43
53
17
-8
33
47
22
8
0
0
63
84
44
31
17
4
31
36
-17
-39
-29
-6
18
8
-37
-47
-3
21
26
-5
-63
-52
0
22
22
3
-8
27
61
31
-21
-58
-56
-12
14
-3
-23
-38
-21
24
10
-44
-75
-64
-5
48
35
-10
-34
-21
13
20
-4
-26
-6
29
48
40
-3
-14
6
26
50
27
9
7
5
6
-3
-28
-50
-16
2
2
4
-25
-33
-8
1
-17
-26
-25
-22
13
32
12
-1
-2
0
20
57
34
-8
7
25
7
0
1
-14
32
92
61
51
67
36
51
85
32
-4
11
-11
8
55
0
-34
2
-7
0
31
-16
-41
-10
-25
-20
-5
-34
-41
-33
-48
-46
-44
-63
-51
-29
-33
-23
-27
-56
-42
-31
-29
-13
-14
-17
7
28
11
-8
-21
-6
23
29
28
10
-14
4
20
8
22
17
2
43
40
8
15
-11
-28
17
23
1
31
13
-25
-6
-40
-62
-8
-28
-55
-25
-55
-67
13
-1
-55
-11
-11
-19
36
19
-24
-4
11
1
-10
-21
-19
14
55
75
20
-33
-12
4
25
50
5
-34
20
37
11
18
0
15
92
98
50
22
-4
15
57
24
-9
4
4
39
55
11
-10
-1
8
30
27
-21
-26
7
20
18
-30
-68
-38
-4
17
28
-26
-63
-3
12
-9
9
-25
-28
54
63
28
19
-15
-19
36
25
-14
-22
-47
-35
-11
-48
-77
-58
-35
-5
27
21
7
6
-2
-5
-1
-5
-9
-8
-9
-9
-1
0
-15
-1
24
4
1
21
-3
1
30
-30
-60
-27
-57
-43
27
-15
-56
-1
-10
-31
44
18
-25
35
34
-7
17
0
-51
-9
0
-32
-11
-11
-3
57
63
35
32
14
2
23
14
-5
-4
4
27
39
24
-1
2
23
26
-2
-31
-48
-43
4
27
-12
-35
-28
-33
-10
-9
-34
-19
10
15
30
17
-7
18
23
12
5
-53
-78
-17
0
-9
11
-38
-75
11
28
-23
2
-16
-38
50
76
19
40
50
21
48
46
-11
-11
13
14
7
-2
-11
-15
-1
28
25
-13
1
23
8
28
37
-3
-1
40
39
38
65
51
31
44
36
1
-11
-8
-11
10
16
-13
-35
-24
-24
-33
-13
-28
-45
-10
3
-22
-35
-32
-35
-11
2
-31
-56
-68
-62
-45
-58
-73
-64
-55
-42
-14
-24
-42
-12
-1
-11
21
38
46
72
61
37
34
35
28
24
26
28
28
12
3
-7
-19
8
21
-1
14
25
-5
5
41
9
8
67
54
17
45
28
-27
0
11
-25
9
44
3
-9
5
-12
-15
6
-2
-18
-13
-1
14
20
22
23
8
5
12
-14
-36
-18
-37
-55
-23
-30
-66
-38
-17
-42
-40
-44
-82
-88
-59
-60
-58
-50
-51
-28
2
12
-2
-21
-6
15
16
9
7
-3
-10
9
13
-2
4
19
26
34
37
23
5
18
43
35
48
60
38
48
66
51
22
30
35
25
72
83
30
20
43
30
29
53
12
-15
15
11
-23
-21
-16
-30
-1
15
-25
-41
3
16
4
3
-40
-72
-48
-33
-41
-50
-42
-39
-10
15
-9
-27
-14
14
28
11
-17
-4
40
68
64
49
24
14
47
61
34
9
8
29
61
51
-13
-37
-26
-32
-17
-9
-59
-74
-33
-29
-35
-27
-64
-61
-6
-2
0
10
-20
-12
22
12
0
-16
-40
-20
-9
-44
-47
-53
-53
-4
1
-33
-30
-35
-28
8
2
-26
-13
-6
3
41
11
-19
-3
-9
-19
-29
-54
-54
-36
-17
18
-3
-28
19
23
23
67
40
3
55
37
-20
16
10
-21
44
65
27
46
56
23
40
50
0
-28
-34
-39
-49
-41
-26
-30
-18
27
39
30
74
85
59
85
82
27
44
69
35
46
57
21
40
44
9
31
21
-1
30
5
-43
-31
-33
-44
-16
-31
-48
-28
-39
-40
-43
-81
-82
-67
-72
-45
-31
-59
-30
-10
-24
10
24
9
32
48
25
49
67
40
50
56
56
70
72
53
34
34
17
-3
-6
5
2
-6
-8
-25
-30
-31
-36
-46
-61
-73
-79
-66
-56
-44
-32
-28
-20
-28
-46
-60
-83
-91
-70
-52
-40
-4
0
-6
30
27
20
38
33
30
39
23
5
24
24
21
49
45
8
2
20
8
-5
2
-4
-12
11
10
-26
-27
-23
-34
-3
15
-5
-1
23
26
35
39
20
26
34
37
38
2
-19
-14
-22
-11
11
-11
-6
25
9
14
23
-4
12
39
1
-10
-3
-37
-12
11
-19
-15
-7
-14
1
5
-25
-11
3
-15
7
-10
-32
-4
-6
-6
31
5
-20
29
23
-8
15
-3
-26
21
5
-10
43
56
66
100
78
58
67
42
44
59
27
40
61
27
28
39
-15
-26
-7
-50
-55
-37
-67
-66
-46
-70
-82
-69
-76
-69
-44
-44
-63
-59
-55
-50
-22
-13
-33
-32
-17
-24
-11
9
-21
-17
11
-20
-19
1
-9
34
79
42
34
54
14
23
56
5
12
45
6
35
63
7
26
73
47
58
67
-9
-8
22
-22
-1
22
-21
5
36
10
25
23
-12
30
33
-26
-21
-32
-48
4
-11
-69
-43
-38
-58
-13
-13
-53
-17
3
-36
-27
-43
-82
-52
-29
-57
-70
-60
-58
-30
-13
-48
-63
-37
-23
-27
-14
-16
-17
25
30
13
30
25
21
66
63
24
49
44
36
89
70
35
80
70
44
87
55
20
76
49
13
47
-8
-27
50
14
-11
54
5
-23
51
19
-26
27
-5
-40
20
-10
-50
-1
-6
-43
-16
-20
-41
-30
-15
-7
-2
15
11
-24
-18
5
-17
-18
7
-22
-32
6
-4
7
49
43
52
74
52
40
19
-13
3
-17
-50
0
-5
-51
6
-3
-62
4
-13
-95
-27
-29
-120
-61
-37
-124
-90
-49
-92
-54
-11
-23
-9
14
19
7
-11
11
12
-17
19
37
5
59
101
57
69
85
44
62
76
31
14
6
-10
0
2
8
8
-27
12
47
4
-2
-4
-76
-64
-3
-45
-34
18
-18
-5
51
9
-19
6
-18
-17
3
-20
-30
-32
-26
-14
-24
-26
-1
3
9
14
-25
-40
-39
-55
-28
-21
-40
8
17
1
66
58
-8
54
82
21
62
70
-2
35
80
30
34
46
0
9
44
38
20
9
26
30
-9
-21
-39
-77
-43
0
-40
-49
-29
-64
-38
7
-35
-62
-35
-38
-34
4
-4
-53
-68
-45
-40
-46
-16
-5
4
71
92
38
56
81
44
76
108
58
39
64
60
64
70
42
24
33
57
62
32
16
5
-16
3
8
-51
-75
-60
-67
-37
-2
-23
-33
1
1
-5
4
-27
-48
-34
-12
-16
-35
-49
-54
-46
-34
-30
-42
-29
0
5
-12
-47
-89
-93
-62
-52
-35
-40
-62
-17
24
23
44
42
10
31
39
-11
-20
-11
-41
-3
46
35
44
48
38
49
51
24
3
-1
-7
10
20
7
7
-6
-19
-4
-1
-22
-16
-11
-14
1
6
-31
-43
-10
-25
-33
18
27
9
63
84
32
47
64
1
19
62
-5
-18
33
22
25
66
29
-25
-9
14
22
35
14
-20
-25
-5
4
-18
-21
-12
-11
-3
15
1
-40
-28
-20
-55
-46
-43
-64
-29
14
-2
-3
13
-18
-18
22
10
-19
-10
2
5
27
37
12
16
41
29
18
39
17
-3
55
56
5
10
1
-30
-1
26
-18
-17
6
-27
-27
8
-15
-32
-4
-2
-24
-21
-17
-26
8
46
28
15
19
-5
-10
25
31
1
-6
-14
-41
-30
-28
-41
-5
18
8
22
14
-14
11
43
25
9
-8
-48
-40
-9
-27
-33
-25
-33
-22
-4
-5
-7
-1
4
-2
-20
-47
-56
-29
-7
-4
-10
-19
-23
-21
-10
9
21
1
-6
15
13
1
9
-3
-15
15
33
23
38
42
30
56
70
25
-12
-3
-13
-36
-11
-15
-39
-8
20
3
7
14
-37
-48
-9
-22
-54
-25
-16
-38
-7
10
-25
-10
38
25
12
22
-17
-23
40
53
39
64
61
38
59
61
26
29
40
39
62
47
-1
0
8
5
23
24
-14
-12
24
27
27
21
-24
-41
-13
-3
-5
-8
-23
-22
-2
9
-2
-22
-29
-25
-25
-21
-32
-48
-32
-7
-1
-3
-12
-12
2
5
-5
-18
-35
-28
-6
-5
-3
-1
-22
-37
-23
-22
-39
-13
17
20
41
43
-3
-20
-5
-19
-22
-3
-13
-17
2
2
-18
-28
-23
-27
-15
8
-9
-29
-12
-4
2
26
25
6
17
28
15
37
59
36
26
51
36
6
11
-7
-31
3
27
14
11
-3
-44
-51
-33
-52
-54
-23
-19
-35
-46
-63
-77
-64
-31
-1
20
25
19
0
-6
5
-2
-11
6
13
3
6
9
-1
13
44
56
71
72
47
31
26
39
56
62
68
67
56
52
55
52
45
42
39
34
23
-4
-25
-29
-33
-27
-13
-18
-26
-28
-42
-52
-32
-13
-31
-34
-30
-49
-58
-51
-48
-42
-31
-20
-21
-3
-7
-22
-10
2
3
4
25
22
17
28
10
-10
-19
-24
-29
-13
16
5
-2
5
-11
-10
11
-6
-27
0
2
-7
25
23
-4
20
32
11
18
22
-15
5
35
12
19
49
40
32
56
42
16
35
20
-9
-6
-10
-33
-21
5
-12
-18
-17
-30
-38
-43
-46
-57
-47
-29
-28
-20
-16
-22
-29
-32
-48
-51
-36
-32
-27
-22
-18
-4
-4
-4
20
27
25
20
0
-2
4
-14
3
37
27
27
40
16
-1
20
14
12
49
34
15
48
45
25
44
35
5
25
30
2
8
-4
-27
-4
4
-2
17
9
3
11
6
13
24
7
1
9
0
2
-2
-10
3
-1
-14
-3
-13
-30
-14
-16
-29
-8
-10
-43
-35
-35
-51
-26
-17
-26
-3
3
-11
0
-10
-21
-7
-3
4
16
9
-1
-2
-7
-1
12
2
0
20
33
35
52
51
37
33
18
8
9
12
14
14
14
18
23
25
34
19
7
9
-10
-25
-22
-22
-24
-17
-24
-30
-20
-10
-13
-21
-19
-16
-4
-3
-6
-12
-31
-37
-32
-31
-23
-12
-13
-4
-3
-26
-27
-8
-3
7
21
6
14
17
-4
-13
-22
-35
-24
6
5
6
15
-1
-4
17
8
5
25
16
12
22
10
-6
5
13
18
30
16
5
7
12
12
21
21
10
2
-1
6
1
0
-2
6
7
12
14
-6
-7
2
7
19
26
7
-9
-7
-21
-33
-32
-33
-30
-22
-3
-10
-22
-26
-37
-28
-9
-6
-16
-7
-8
-17
3
5
-11
-3
12
-1
6
11
-4
12
21
8
14
20
11
13
20
17
22
18
10
25
29
31
39
27
23
31
21
9
26
18
-7
9
3
-15
6
8
-5
7
1
-23
-10
3
-7
9
17
-7
-4
16
10
-1
0
-5
-22
-19
-23
-39
-47
-45
-40
-31
-17
-12
-10
-12
-12
-18
-22
-15
-16
-10
2
6
-9
-13
1
-10
2
24
8
6
20
20
17
22
14
4
16
14
0
13
32
24
17
27
21
9
10
6
-1
1
4
2
7
8
1
-5
-7
-8
-18
-18
-12
-15
-22
-25
-33
-45
-38
-36
-42
-30
-25
-44
-47
-46
-54
-41
-29
-33
-38
-27
-44
-54
-41
-41
-28
0
27
37
45
50
41
38
40
38
46
57
53
55
55
49
48
55
63
71
73
59
50
34
21
21
6
1
-1
3
9
17
24
17
25
24
19
17
8
8
4
-9
-14
-11
4
13
14
13
3
6
0
-12
-20
-32
-47
-48
-48
-58
-60
-59
-48
-32
-24
-20
-20
-31
-34
-34
-39
-43
-38
-26
-21
-16
-15
-9
4
8
13
19
11
-9
-4
3
0
13
17
16
24
26
24
27
31
20
19
32
30
21
13
11
13
9
-3
-16
-21
-17
-10
-9
-12
-8
-4
-1
4
0
-6
-24
-38
-40
-39
-39
-25
-12
-5
13
21
18
13
6
2
-6
-19
-36
-51
-41
-17
10
30
31
26
29
34
24
11
-4
-22
-20
-17
-18
-14
-11
-5
5
18
17
23
33
29
29
32
24
13
12
4
-5
-1
4
20
39
46
43
42
41
28
26
21
17
16
9
-2
-8
-5
5
10
12
9
-1
-4
-7
-16
-31
-36
-39
-35
-18
-12
-17
-17
-18
-25
-27
-29
-31
-23
-12
-10
-17
-21
-16
-12
-9
-9
-17
-17
-20
-19
-16
-12
-6
-1
2
-10
-8
1
4
7
8
13
21
23
24
27
33
30
28
23
19
26
25
18
21
28
30
35
39
36
25
6
0
2
7
12
5
2
-3
-14
-21
-19
-24
-23
-18
-17
-17
-22
-31
-43
-39
-33
-38
-42
-34
-31
-37
-38
-40
-45
-35
-25
-23
-7
3
1
5
5
2
5
7
4
4
11
6
12
29
31
28
30
29
11
2
4
0
7
21
27
17
12
16
13
11
1
-4
5
8
8
10
17
19
15
21
23
15
17
19
16
9
-1
-2
10
22
26
33
34
18
6
-4
-25
-33
-32
-34
-32
-18
-7
-6
-4
0
-2
-12
-24
-29
-42
-58
-62
-49
-39
-26
-14
-2
7
7
0
-1
-7
-9
-10
-13
-3
-2
-5
-6
7
23
37
55
58
37
12
-2
-9
-8
-3
11
27
37
41
46
47
40
27
21
22
23
21
20
22
19
19
25
18
13
10
10
6
-3
-2
-6
-11
-10
-10
-14
-13
-22
-34
-37
-35
-33
-41
-42
-45
-44
-44
-36
-31
-38
-42
-43
-45
-47
-47
-37
-20
-16
-18
-8
4
14
15
10
13
23
29
30
29
29
30
28
32
26
20
15
5
-10
-14
-9
-3
1
-2
-4
3
15
16
10
12
13
16
20
10
2
-2
-4
-1
4
6
-4
-17
-24
-37
-43
-36
-27
-26
-29
-27
-28
-31
-22
-14
-9
-6
-10
-9
-3
-5
-6
-9
-7
3
13
19
24
30
29
27
35
39
45
55
49
38
34
31
32
33
39
41
40
35
38
40
32
32
31
34
25
10
15
28
32
37
42
37
32
30
23
14
11
1
-1
3
5
3
7
3
-14
-24
-33
-43
-49
-60
-73
-83
-96
-108
-99
-96
-99
-87
-74
-71
-72
-63
-60
-59
-54
-53
-47
-36
-30
-34
-21
-2
3
8
27
51
55
47
34
19
11
18
38
52
58
59
68
73
67
63
48
31
16
0
-7
-15
-20
-13
-1
2
-4
0
4
0
-2
-3
-5
-5
-6
-3
-2
0
-2
-3
-2
-6
-18
-22
-18
-8
4
14
16
5
2
1
1
-5
-8
-9
-2
-6
-12
-8
-12
-9
-6
2
6
4
5
7
12
14
12
7
8
6
6
12
22
23
22
26
32
36
36
32
30
21
17
26
24
20
22
20
23
28
26
20
19
15
7
7
-5
-13
-3
3
-1
-9
-20
-37
-40
-43
-41
-42
-45
-44
-35
-30
-31
-27
-23
-22
-16
-15
-21
-32
-40
-32
-15
2
13
12
6
1
-7
-15
-19
-13
-4
-6
-13
-22
-24
-29
-32
-22
-14
-4
1
-4
0
6
15
27
35
28
16
5
2
16
29
34
38
45
59
59
55
51
36
21
17
14
-3
-14
-18
-14
6
28
34
40
43
30
18
5
-13
-33
-43
-55
-60
-61
-63
-59
