4
6
-4
-7
-7
-12
-16
-13
-11
-23
-35
-27
-13
-21
-8
17
18
8
11
26
22
3
11
20
1
-3
19
25
19
30
51
36
15
31
55
39
13
34
45
22
26
43
32
9
10
24
-1
-25
-4
13
-4
-16
17
26
-7
-13
5
-5
-23
-15
9
7
-20
-3
21
11
4
33
54
24
13
38
36
5
1
13
1
-23
-20
-6
-12
-11
12
27
16
1
7
10
4
2
15
8
-13
-20
-15
-12
-14
0
18
21
11
10
14
10
2
3
9
4
-4
-13
-15
-15
-29
-37
-36
-27
-23
-20
-7
-8
-11
-11
-13
-26
-40
-41
-48
-52
-49
-40
-37
-40
-25
-12
-19
-22
-17
-15
-24
-24
-18
-20
-23
-22
-18
-9
-2
4
9
-2
-11
-3
15
17
9
20
27
11
16
37
40
29
28
38
26
15
29
47
59
64
73
77
61
45
34
22
12
5
3
3
-3
-3
-8
-6
-8
-17
-38
-53
-50
-50
-41
-24
-13
-15
-17
6
19
2
0
13
-3
-30
-22
5
0
-9
11
18
-3
-13
11
26
10
10
28
18
0
0
0
-22
-37
-20
-10
-16
-13
14
15
4
13
17
-1
-15
0
6
-7
-7
5
8
-4
3
18
17
7
15
31
23
12
23
25
1
-10
-4
-4
-27
-15
10
11
4
2
10
-6
-14
-4
-8
-29
-34
-29
-49
-59
-28
2
-4
-6
8
2
-23
-33
-12
-7
-31
-37
-22
-11
-3
16
27
24
30
51
53
33
32
36
30
22
30
34
19
10
15
11
7
18
24
14
2
2
-3
-14
-18
-14
-16
-30
-18
-14
-27
-27
-17
-15
-21
-22
-16
-17
-10
5
8
-2
-7
1
-14
-24
-24
-16
-25
-32
-16
-14
-18
-26
-20
-27
-43
-33
-19
-9
-9
1
18
19
24
27
38
47
55
62
60
51
44
44
30
13
18
27
22
26
31
18
-1
-7
-15
-31
-44
-43
-37
-44
-36
-16
-8
-4
-2
1
0
-4
13
21
11
15
23
22
10
9
16
-8
-22
-9
-1
-19
-23
-11
-21
-44
-42
-29
-41
-42
-12
14
2
3
33
35
2
-8
12
5
-22
-13
22
12
-9
2
14
3
4
30
27
4
9
26
11
-18
-21
-9
-11
-19
4
4
1
7
23
26
15
26
31
30
27
42
32
16
27
48
42
36
62
59
40
41
50
32
8
5
5
-20
-44
-43
-50
-76
-68
-35
-44
-65
-61
-51
-63
-77
-48
-30
-34
-34
-13
-25
-52
-45
-24
-17
-25
-6
2
-16
-17
12
33
22
19
37
32
15
24
27
1
-9
4
5
-11
-7
13
16
15
19
18
4
-5
4
-2
-17
0
36
44
37
43
38
14
-2
1
-18
-39
-33
-16
-20
-24
3
21
12
6
13
10
0
6
11
-9
-24
-10
-9
-35
-42
-15
-8
-21
2
17
-13
-21
14
24
-2
-4
19
16
-3
6
27
8
-12
9
27
13
18
45
37
13
25
53
47
27
43
50
16
10
40
51
30
30
47
25
-7
-2
5
-19
-33
-19
-17
-40
-50
-42
-41
-48
-37
-25
-40
-49
-34
-41
-67
-66
-45
-40
-43
-30
-21
-17
-21
-11
-15
-32
-24
-9
-14
1
36
47
49
56
61
39
11
8
9
-10
-21
-1
5
-14
3
24
30
18
29
42
15
7
27
31
3
5
44
55
45
64
67
21
-14
4
7
-20
-9
21
17
-17
-17
-4
-27
-40
-18
-2
-19
-25
-14
-18
-34
-22
2
-5
-13
3
7
-20
-27
-7
-15
-30
-20
1
-10
-24
-18
-17
-34
-39
-26
-31
-57
-57
-39
-47
-44
-28
-13
-20
-32
-21
-21
-32
-22
-5
-16
-20
9
23
8
4
22
19
0
12
28
23
19
16
16
6
17
47
49
41
56
75
58
54
79
81
57
57
76
70
55
48
39
21
19
31
28
5
10
31
1
-26
-13
2
-19
-18
27
24
-23
-21
6
-16
-35
4
35
17
1
19
3
-49
-52
-28
-35
-60
-37
5
1
-16
-2
-4
-38
-52
-40
-47
-81
-90
-80
-73
-66
-26
12
5
5
24
24
6
6
13
-4
-37
-36
-19
-18
-18
3
15
14
17
18
5
-31
-33
-26
-26
-16
-9
-7
-5
18
36
26
29
40
36
19
8
8
-12
-43
-42
-24
-30
-34
-12
6
0
-4
13
22
0
3
25
25
28
39
56
56
49
57
59
44
26
21
17
-4
-7
9
2
-9
0
6
6
7
7
2
-15
-16
-15
-17
-16
-29
-32
-28
-19
-13
1
21
25
15
21
26
28
19
8
8
0
-9
-8
-10
-8
0
8
21
17
6
9
13
1
-15
-14
-18
-25
-21
-6
-16
-32
-24
-17
-10
-5
3
0
-27
-34
-17
-11
-7
8
15
7
-1
3
11
6
3
15
15
9
8
9
4
-7
6
30
27
19
22
10
-5
8
21
21
19
16
9
-9
-10
3
0
1
17
34
32
25
27
21
4
-13
-17
-27
-38
-32
-27
-40
-50
-51
-43
-37
-39
-47
-58
-62
-69
-65
-60
-53
-38
-23
-20
-17
-12
-8
4
8
15
16
12
3
-1
-1
-5
-8
8
26
34
41
47
52
35
17
14
9
0
-6
-2
-7
-17
-7
6
13
18
31
33
34
35
37
47
51
53
52
44
22
12
18
7
0
14
22
17
9
8
13
14
18
33
37
33
31
47
53
44
49
48
35
25
22
10
-10
-16
-20
-33
-48
-47
-40
-45
-35
-21
-17
-36
-52
-53
-58
-52
-42
-36
-44
-38
-17
-10
-10
-5
3
-3
-12
-16
-22
-28
-30
-35
-27
-23
-19
-11
-18
-28
-23
-17
-24
-27
-26
-29
-42
-46
-34
-28
-24
-15
1
-3
-14
-13
-11
-3
7
28
40
37
36
30
22
16
10
3
2
8
14
19
24
23
22
30
35
43
52
51
37
33
39
25
19
17
21
25
19
14
12
7
1
6
18
18
29
38
29
19
7
0
-9
-3
6
16
17
18
25
26
29
24
4
-7
2
12
20
23
19
15
4
2
10
6
-11
-19
-22
-36
-49
-41
-35
-44
-55
-61
-67
-78
-71
-57
-60
-60
-53
-61
-68
-74
-75
-73
-77
-61
-44
-34
-12
4
17
15
11
9
-2
3
12
22
26
39
62
72
80
91
90
70
51
43
32
25
26
30
29
28
41
53
50
44
46
41
23
8
2
-1
-13
-7
13
25
23
16
10
-1
-6
-4
-9
-22
-31
-36
-48
-52
-36
-21
-16
-17
-24
-30
-40
-45
-30
-15
-16
-22
-12
-2
-5
-11
0
7
3
8
10
4
-1
-8
-15
-14
-2
14
8
7
4
-4
-14
-26
-31
-37
-38
-25
-13
-2
9
10
17
25
30
34
31
21
26
33
37
34
31
33
25
17
17
10
-5
-2
10
10
4
-3
-8
-11
-15
-14
-12
-9
-13
-8
-1
-11
-11
-14
-27
-34
-40
-40
-51
-57
-44
-35
-33
-18
-17
-31
-32
-40
-52
-52
-42
-35
-33
-25
-11
3
15
27
28
28
31
44
54
56
59
63
70
66
66
63
45
30
34
46
44
38
46
54
40
25
19
14
15
24
25
23
20
18
17
7
4
-1
-4
-15
-29
-24
-23
-27
-29
-23
-23
-28
-29
-28
-23
-13
-9
-12
-25
-38
-43
-53
-51
-44
-46
-41
-34
-20
-8
-9
-4
3
19
27
18
7
4
15
25
36
43
41
40
35
26
13
-5
-9
-10
-19
-14
-14
-4
1
-7
-8
-10
-16
-30
-29
-32
-45
-48
-41
-28
-26
-26
-31
-32
-29
-29
-19
-11
-11
-8
5
0
-15
-6
6
-2
-3
9
14
5
10
21
19
12
8
7
-7
-17
-3
6
9
13
23
36
19
11
11
8
4
2
17
17
14
24
28
28
24
27
23
12
9
16
25
31
31
35
41
29
17
7
3
-6
-14
-22
-24
-13
-8
8
12
5
1
-11
-11
-14
-15
-6
4
16
24
41
48
41
44
48
42
33
24
20
17
7
4
4
-6
-18
-23
-21
-21
-19
-12
-7
-6
-12
-28
-37
-54
-63
-68
-75
-63
-55
-42
-26
-17
7
14
13
7
-2
3
1
-12
-28
-43
-47
-47
-25
-10
-2
10
11
21
23
22
30
34
39
26
3
-14
-16
-2
5
7
12
14
5
-12
-19
-18
-27
-30
-34
-32
-25
-23
-19
-26
-30
-26
-29
-25
-18
-12
-5
0
0
-4
0
11
14
14
20
30
35
35
44
46
30
21
30
39
40
37
39
38
17
6
3
0
-2
20
41
42
46
49
44
31
25
23
13
2
2
1
-5
-3
-1
-1
7
-2
-17
-30
-35
-44
-54
-56
-59
-55
-50
-50
-43
-34
-15
6
18
22
13
-3
-17
-13
1
4
7
6
4
14
30
40
45
36
29
24
5
-5
-15
-29
-26
-21
-13
-3
2
8
9
9
13
15
5
-14
-16
-10
-10
-17
-13
-3
0
12
21
32
38
35
18
5
0
-7
0
-2
-12
-17
-10
-6
-5
3
-2
-13
-18
-18
-13
-15
-18
-13
-17
-19
-14
-9
-6
-13
-10
-6
-11
-11
-9
-7
-1
0
3
6
0
-12
-17
-13
-20
-25
-15
-9
-7
4
11
8
3
-4
-12
-11
-14
-20
-20
-18
-8
0
10
14
19
17
13
24
21
19
23
22
30
39
44
42
38
42
42
43
49
49
42
37
24
18
9
-6
-11
-15
-11
-15
-12
-15
-24
-34
-32
-30
-27
-16
-5
-6
-7
0
-7
-20
-25
-26
-34
-38
-33
-29
-32
-29
-26
-25
-19
-21
-15
-22
-34
-29
-25
-15
-13
-11
-12
-17
-14
-5
4
16
22
29
36
46
59
49
35
35
40
38
36
40
43
37
31
28
26
20
23
32
24
13
6
5
15
25
24
23
16
8
-2
-5
-3
-15
-15
-19
-23
-28
-30
-25
-24
-29
-28
-24
-22
-11
-2
-7
-15
-23
-30
-31
-20
-15
-22
-28
-25
-12
-3
10
29
29
18
8
-1
-20
-26
-23
-14
-2
2
13
7
-6
-4
-8
-10
-8
-6
-5
5
25
33
25
11
1
-11
-19
-10
-8
-7
-8
-10
-10
-10
-10
-10
-14
-20
-17
-20
-28
-39
-46
-44
-38
-31
-22
-11
-12
-22
-26
-12
7
14
25
34
28
16
8
7
2
-8
-3
10
22
28
37
44
48
59
58
50
41
33
26
13
8
5
5
16
31
42
38
24
17
22
22
10
6
4
-7
-17
-11
3
13
18
33
38
28
21
10
6
5
3
3
-1
1
4
3
4
2
1
12
11
-5
-28
-38
-46
-45
-30
-24
-32
-42
-32
-29
-32
-21
-13
-18
-24
-29
-27
-28
-37
-38
-35
-34
-29
-11
-10
-14
-3
11
15
11
12
2
-5
-1
-2
5
8
10
16
23
29
23
16
12
-5
-15
-20
-19
-9
1
8
7
12
21
13
5
6
11
13
11
6
-7
-16
-16
-16
-20
-19
-21
-25
-27
-15
-11
-9
-9
-12
-14
-28
-32
-34
-35
-28
-12
-5
-6
-5
-5
-4
-1
10
16
17
16
22
29
28
30
40
44
41
45
34
27
21
14
14
16
37
54
41
34
37
36
39
39
43
29
10
20
26
25
28
29
26
18
5
-7
-23
-34
-35
-36
-37
-48
-48
-51
-46
-36
-31
-18
-16
-8
-8
-16
-15
-13
-8
-12
-15
-1
8
5
-1
-4
-18
-27
-25
-20
-11
-8
4
9
4
12
19
22
23
25
21
8
-6
-3
5
1
1
-1
-4
-4
-3
-9
-17
-36
-48
-41
-34
-35
-32
-28
-27
-22
2
25
30
29
23
21
21
22
21
14
22
36
42
40
26
16
-6
-24
-26
-22
-22
-28
-22
-6
1
4
8
4
-13
-22
-21
-16
-7
-1
4
-8
-22
-26
-28
-27
-23
-7
10
10
13
17
9
-3
-2
4
0
12
24
22
17
15
29
37
36
36
16
-10
-18
-18
-16
-11
-5
6
8
2
-1
-6
-4
-2
-6
-16
-13
-12
-13
-13
-7
-3
-8
4
21
28
22
12
14
6
1
7
12
13
19
23
20
24
28
27
24
12
3
-9
-17
-18
-22
-15
-6
-8
-7
-7
-10
-9
-11
-8
-7
-6
1
5
1
1
8
-3
-11
-11
-6
-6
-3
2
-6
-8
-5
6
25
31
33
31
17
14
14
7
-8
-20
-10
-11
-11
-4
1
-7
-12
-7
-4
-6
-4
1
-9
-20
-27
-26
-29
-30
-12
-9
-11
-11
-6
-4
-14
-7
-4
-14
-7
-1
5
-1
-5
-1
2
12
23
20
16
6
-5
-3
-7
-5
4
9
-1
-3
3
-7
-4
4
-4
-11
-18
-15
3
14
22
17
19
14
4
7
8
3
-4
-11
-24
-22
-7
-1
-2
-3
-3
-3
-5
-4
-5
-20
-29
-27
-23
-18
-7
12
19
11
12
19
7
-2
-1
-6
-14
-6
14
27
24
31
45
38
28
26
30
21
6
8
12
8
20
37
38
31
22
16
2
-5
2
-1
-10
-22
-19
-13
-19
-11
-3
-6
-2
6
11
2
-20
-40
-54
-58
-48
-44
-39
-33
-26
-15
3
15
11
3
-11
-12
8
13
6
5
4
11
21
30
40
50
58
56
60
49
29
18
6
-15
-27
-24
-16
-11
-2
12
17
4
0
-3
-13
-13
-17
-16
-18
-22
-20
-22
-7
6
2
-6
-11
-5
-14
-21
-20
-16
-16
-26
-32
-45
-54
-57
-42
-23
-13
1
21
11
10
21
1
5
-2
-9
0
-14
-12
-7
4
12
10
39
39
29
15
-8
-12
-19
-23
-8
1
17
22
22
19
3
11
19
26
32
34
31
30
34
29
11
-12
-30
-43
-46
-41
-33
-19
-13
1
7
4
5
8
6
-2
0
-5
-2
-2
6
16
13
12
5
-3
-6
1
17
15
-3
0
1
2
1
-5
-8
-10
-1
12
21
27
27
25
20
13
18
23
25
18
6
-1
-13
-25
-30
-25
-14
-9
-3
1
8
12
7
3
-5
-16
-22
-9
-2
1
18
28
28
20
15
16
18
10
8
2
-13
-29
-32
-30
-30
-25
-21
-11
4
15
23
17
1
-12
-20
-15
-11
-11
-12
-19
-20
-28
-21
-13
-9
2
4
2
2
8
11
12
9
10
4
1
2
-10
-6
-5
-8
-12
-23
-15
-3
9
10
12
12
4
8
12
7
2
-7
-16
-25
-28
-15
-4
13
28
32
26
16
7
1
2
0
-1
-10
-20
-12
-9
-14
-17
-19
-22
-33
-43
-36
-25
-20
-13
0
6
0
-6
-4
-1
6
16
18
11
14
23
25
18
12
-2
-2
3
16
24
24
29
30
31
28
22
10
-9
-17
-14
-16
-17
-9
-5
-8
-6
3
3
-6
-12
-8
5
11
10
12
17
19
20
30
30
26
29
26
22
28
32
31
37
45
42
37
31
22
16
-1
-13
-18
-25
-30
-20
-1
11
14
0
-13
-20
-33
-41
-45
-44
-38
-26
-14
-11
-14
-11
-6
-5
-1
-2
-5
-10
-24
-37
-47
-47
-46
-42
-24
-15
-12
-13
-2
9
9
3
-2
0
-12
-17
-12
-15
-16
-7
9
12
12
14
14
11
4
4
3
-6
-15
-9
-1
-5
-16
-16
-10
-2
14
23
43
64
70
66
55
40
26
1
-19
-18
-14
-9
-10
-3
9
10
7
4
-10
-26
-31
-35
-28
-30
-26
-16
-18
-15
-8
-7
-13
-18
-11
5
13
19
21
14
9
7
2
-4
-5
-11
-19
-24
-18
-16
-11
4
12
9
1
6
6
-2
-5
-2
-3
-5
6
20
30
22
23
21
9
1
4
11
8
14
36
45
35
28
31
29
22
21
29
27
19
23
31
30
14
9
14
13
13
9
2
-12
-20
-19
-22
-18
-6
-7
-11
-5
5
15
14
12
15
10
-3
-13
-12
-6
-15
-13
-18
-32
-27
-30
-21
-6
4
7
-7
-20
-35
-52
-60
-64
-64
-68
-64
-50
-37
-11
0
0
-3
-2
0
0
-2
-3
2
4
5
1
-2
-2
-6
8
26
31
35
28
12
-6
-7
-1
-8
-14
-14
-10
-15
-22
-17
-15
-3
14
20
22
25
23
18
17
6
0
-4
-10
-7
-5
-3
-8
-7
0
-9
-15
-16
-20
-26
-33
-18
-8
-16
-7
7
20
25
32
44
50
58
67
70
54
39
46
40
31
37
35
22
9
19
33
32
37
37
26
7
-6
-11
-24
-43
-39
-24
-26
-32
-26
-20
-21
-22
-12
-11
-23
-20
-16
-9
-5
-6
-11
-26
-29
-23
-18
-20
-19
-4
5
-3
-4
-8
-17
-19
-14
-18
-17
-7
1
3
8
19
22
24
25
36
30
23
29
23
17
8
7
16
13
12
13
21
29
24
28
19
4
-13
-25
-31
-35
-32
-29
-21
-13
-9
-15
-20
-25
-32
-29
-34
-33
-20
-16
-13
-13
-15
-13
-6
0
-6
-3
-3
-11
-3
-4
5
13
8
9
9
13
6
-2
0
-8
-18
-17
-7
-1
3
14
10
10
8
12
11
-5
-4
-3
2
6
3
-1
-15
-13
-8
-1
4
1
3
1
12
14
11
2
-4
0
-1
2
8
14
9
14
26
23
16
11
0
-10
-11
-12
-10
-4
13
11
9
9
12
25
18
14
14
-4
-22
-28
-24
-13
-7
7
17
10
4
8
15
8
5
6
-4
-9
-8
-9
-6
-8
-9
-3
0
0
-2
2
2
-7
5
10
6
4
-2
-5
0
12
11
6
16
36
45
34
24
15
10
24
43
47
41
40
34
21
10
2
-8
-8
-1
10
14
6
8
2
-13
-29
-26
-15
-20
-25
-22
-19
-21
-34
-40
-50
-61
-67
-62
-52
-51
-41
-20
-5
6
9
9
4
-18
-31
-41
-51
-45
-39
-32
-25
-13
-6
4
12
16
8
3
0
-14
-24
-28
-27
-29
-19
-3
3
20
34
33
36
26
16
15
14
19
25
30
29
33
41
40
46
40
34
36
38
41
35
25
17
10
20
28
29
20
12
0
-19
-23
-29
-29
-29
-31
-29
-32
-35
-34
-28
-30
-31
-18
-15
-26
-32
-26
-28
-41
-47
-49
-48
-36
-24
-17
-6
18
40
47
59
61
47
33
24
18
19
9
6
18
42
57
59
65
62
63
65
59
52
42
34
21
21
22
26
37
39
39
40
40
25
4
-5
-16
-28
-30
-23
-13
-22
-23
-26
-36
-40
-50
-42
-51
-66
-78
-84
-88
-91
-79
-74
-68
-46
-30
-25
-18
-22
-25
-30
-29
-17
-18
-17
-16
-6
5
19
31
25
26
25
20
18
23
28
37
39
22
18
23
33
40
38
30
22
10
3
-4
-4
2
-3
-9
-6
5
-3
-18
-21
-19
-22
-39
-43
-46
-49
-39
-26
-27
-31
-24
-17
-16
-17
-10
1
3
10
24
29
30
44
52
46
36
21
19
7
-4
6
25
36
38
43
40
28
17
12
10
13
13
17
23
16
18
23
24
26
29
17
5
-4
-15
-23
-20
-15
-20
-22
-24
-24
-32
-34
-22
-18
-8
0
4
-4
-22
-28
-34
-38
-34
-34
-27
-16
-12
2
23
28
24
18
28
31
31
34
21
17
18
11
7
3
-6
-15
-19
-7
4
-3
-3
7
11
12
13
14
20
18
9
-6
-18
-31
-25
-21
-22
-16
-10
3
17
30
33
35
36
36
35
29
30
26
13
8
12
6
4
6
5
6
15
14
10
10
-9
-16
-23
-32
-37
-41
-39
-43
-41
-41
-47
-48
-45
-46
-51
-48
-52
-53
-51
-47
-36
-37
-45
-49
-45
-42
-43
-32
-17
-12
-14
-12
-4
-4
-2
11
15
17
16
16
20
17
23
29
27
36
49
55
57
60
61
68
69
58
46
30
21
21
17
13
10
7
8
4
3
6
11
3
-7
-16
-16
-14
-6
6
7
5
5
-3
-7
3
12
13
20
31
34
31
14
7
-4
-22
-18
-18
-25
-28
-27
-20
-21
-17
-11
-3
11
21
23
15
9
14
27
29
37
53
61
64
60
49
33
13
8
16
15
17
14
8
2
2
-1
-16
-34
-48
-52
-55
-66
-76
-79
-90
-93
-78
-58
-42
-33
-17
0
-1
-13
-27
-21
-18
-31
-24
-12
1
13
28
39
40
41
43
41
33
20
13
14
17
12
17
33
27
12
3
-7
-14
-14
-20
-25
-27
-39
-50
-53
-51
-44
-36
-38
-40
-40
-30
-16
-11
-16
-18
-15
-13
-7
0
7
14
17
27
34
27
30
23
22
29
31
44
54
47
40
24
3
-13
-20
-19
-14
-10
-15
-16
-10
1
2
11
22
33
45
43
28
13
-9
-13
-9
-7
-9
-17
-20
-9
4
2
6
2
0
0
-3
4
5
7
6
10
11
11
9
6
18
40
49
45
51
45
40
30
27
22
10
9
20
33
37
43
37
40
43
22
4
-8
-18
-23
-16
-14
-17
-13
-5
-2
-9
-20
-27
-24
-23
-27
-30
-28
-37
-46
-44
-42
-37
-34
-29
-30
-41
-44
-46
-50
-50
-41
-43
-45
-34
-27
-24
-21
-23
-16
-12
-5
4
7
8
7
9
1
-1
4
8
14
8
4
7
5
13
14
10
12
9
4
-11
-17
-17
-15
-9
3
21
28
27
32
36
44
46
37
33
26
12
10
18
27
32
25
10
7
5
3
17
21
18
17
10
-2
-18
-30
-34
-42
-43
-37
-29
-21
-17
-11
-9
-13
-16
-7
8
-1
-23
-33
-32
-27
-19
-9
-4
2
8
10
-2
-3
-4
0
0
-1
7
15
25
34
28
26
33
51
67
64
62
51
53
53
50
49
37
30
19
15
13
9
20
27
20
-2
-17
-15
-9
-14
-20
-23
-27
-32
-34
-22
-23
-31
-42
-52
-60
-57
-47
-48
-42
-23
-5
1
-5
-8
-3
-12
-19
-16
-13
-13
-16
-8
-3
8
19
30
32
29
29
26
25
15
10
11
13
14
22
24
21
23
12
0
-5
0
0
3
0
-11
-30
-55
-69
-73
-64
-57
-55
-54
-53
-53
-46
-40
-30
-16
-4
4
10
18
29
36
41
38
36
35
34
35
39
42
47
48
49
49
41
34
18
9
-1
-15
-20
-18
-4
-1
-5
1
0
-3
-4
-13
-23
-30
-22
-18
-25
-29
-33
-37
-30
-28
-15
-7
-3
3
5
15
15
21
19
15
19
13
12
6
9
9
3
-2
-7
-5
-7
-16
-27
-26
-16
-5
2
0
8
24
23
13
4
1
5
7
7
10
21
32
35
37
33
30
22
18
7
0
0
2
6
10
19
10
6
20
21
8
15
27
36
38
39
33
26
29
20
15
7
-1
-4
-6
-7
-4
-7
-11
-21
-28
-41
-48
-47
-45
-37
-30
-23
-28
-37
-37
-23
-15
-17
-17
-20
-19
-29
-37
-37
-42
-44
-37
-17
0
13
26
32
25
12
8
-1
-17
-20
-27
-34
-38
-27
-12
-4
6
8
4
-3
-7
-20
-27
-20
-4
-2
-20
-21
-6
11
16
16
14
6
8
19
23
17
4
-1
-13
-20
-20
-17
-7
-7
0
17
14
9
16
23
21
21
25
20
13
13
13
8
10
22
27
23
32
49
51
53
48
37
19
6
-1
4
12
20
34
50
53
49
46
37
18
-3
-9
-12
-13
-8
1
-2
-6
-11
-15
-15
-16
-20
-17
-14
-26
-29
-24
-23
-24
-29
-38
-36
-23
-11
-4
1
0
3
6
16
19
11
17
13
14
2
-5
-2
-10
-11
-8
-16
-29
-25
-21
-14
-11
-13
-19
-28
-30
-26
-24
-27
-27
-18
-12
-8
-2
-7
-20
-25
-26
-32
-30
-22
-12
-9
-10
-6
-11
-5
-2
-1
12
10
13
17
21
26
33
41
43
52
54
38
20
1
-9
-17
-16
-5
6
5
6
8
4
-2
-11
-8
-3
-8
-19
-23
-17
-9
0
12
21
38
43
45
51
39
30
23
13
16
15
1
-5
-5
-10
-20
-17
-16
-20
-15
-13
-6
-4
-6
-6
-3
5
12
8
-6
-11
-10
-13
-22
-19
-5
-3
-9
-9
-11
-8
-9
-1
0
-17
-20
-22
-30
-24
-14
-4
5
10
21
34
33
19
10
7
4
2
9
11
9
17
17
10
-1
-7
-7
8
17
13
18
13
8
7
5
1
-8
-13
-10
-7
11
24
17
28
29
30
21
11
8
-2
-13
-14
-18
-19
-17
-16
-13
-15
-9
-8
-7
-1
4
4
5
5
4
-5
-21
-29
-28
-22
-10
-1
-1
-3
-6
-12
-18
-21
-32
-33
-30
-27
-11
-6
-5
5
15
32
33
22
27
27
31
38
38
31
12
4
1
3
9
-1
-1
-5
-15
-17
-21
-29
-46
-57
-54
-41
-30
-30
-29
-19
-11
-4
-3
-14
-19
-26
-26
-22
-8
8
3
10
17
21
18
22
28
27
19
19
33
37
26
17
24
30
31
36
18
3
11
17
29
40
42
39
27
16
6
-2
-11
-14
-8
-4
-7
-7
-12
-12
-6
-9
-6
1
8
3
-15
-23
-30
-18
-4
6
13
8
-7
-31
-30
-23
-16
-8
3
11
16
13
6
-4
-7
-3
-14
-11
-1
2
-6
-13
-15
-18
-19
-7
5
17
21
12
-2
-13
-15
-16
-19
-20
-19
-20
-16
3
20
28
36
42
48
49
44
22
5
5
9
9
1
2
-9
-17
-18
-18
-11
-11
-8
-2
-3
-5
-14
-14
-9
-10
-7
-3
-7
-16
-14
-13
-19
-18
-17
-13
-9
-11
-11
-14
-28
-29
-16
-1
8
11
9
-2
-6
-3
2
11
19
21
20
19
8
3
9
19
27
24
18
6
5
3
-3
-8
-2
17
20
23
33
29
26
14
-1
-12
-18
-21
-26
-26
-14
-12
-26
-23
-19
-27
-35
-39
-38
-37
-29
-19
-9
10
20
15
6
4
0
-1
11
14
13
26
30
18
18
17
0
-6
-3
0
0
7
23
28
33
40
40
36
36
40
22
2
5
17
23
24
32
32
21
16
14
5
-8
-17
-20
-20
-15
-16
-17
-16
-15
-10
-6
0
-4
-7
-21
-31
-31
-37
-45
-49
-45
-43
-38
-32
-20
-6
5
7
1
-8
-10
-11
-30
-48
-57
-58
-50
-29
-20
-2
9
20
33
33
41
34
32
35
26
22
22
24
24
31
42
32
24
40
44
41
32
26
16
-2
-8
-5
-3
2
3
6
14
13
29
35
31
24
12
5
-1
-2
-8
-11
-24
-30
-25
-26
-28
-36
-42
-53
-52
-37
-37
-36
-21
-14
-17
-22
-24
-20
-19
-20
-24
-25
-30
-39
-35
-22
-17
-14
-6
-1
-3
-15
-21
-16
-20
-20
-8
1
8
13
12
12
16
21
31
44
46
34
39
52
60
71
75
67
49
31
26
29
35
34
39
39
32
36
47
52
46
31
24
21
9
-3
-17
-24
-29
-37
-45
-33
-18
-16
-20
-28
-30
-41
-48
-35
-17
-17
-21
-24
-30
-33
-35
-20
-9
-15
-24
-31
-28
-22
-24
-22
-19
-20
-21
-13
-1
12
25
20
12
5
-4
-9
-4
9
18
14
18
21
10
7
11
10
0
-3
6
3
-3
-11
-22
-14
-4
13
14
8
7
6
8
10
17
19
20
28
31
22
19
15
11
13
4
-14
-25
-27
-38
-39
-23
-14
-13
-7
2
4
1
4
-3
-11
-5
-4
-9
-7
-5
-6
-4
8
14
26
31
26
16
-4
-11
-23
-29
-22
-13
-5
-16
-24
-10
8
11
17
26
24
22
14
4
-3
-2
1
-2
-2
-2
0
-2
-2
-4
-9
-4
-4
-9
-12
-16
-16
-4
-1
3
-1
-10
-12
-21
-29
-31
-25
-3
20
36
38
32
28
25
25
19
23
19
9
13
16
17
12
12
17
22
22
15
15
21
20
23
24
23
17
11
13
0
-10
-14
-16
-17
-32
-36
-39
-44
-37
-32
-29
-32
-25
-11
-3
12
20
30
30
19
10
7
19
18
23
35
26
12
1
6
3
0
-6
-12
-17
-26
-41
-47
-39
-38
-47
-40
-32
-48
-48
-37
-38
-40
-30
-18
-16
-24
-21
2
6
1
1
9
8
3
-8
-17
-9
-7
2
19
33
30
19
22
23
22
31
42
44
42
27
16
27
31
32
40
33
23
5
-1
-6
-10
4
10
4
-9
-15
-13
-10
-2
9
20
19
13
9
9
10
15
19
14
15
4
-5
-15
-30
-29
-22
-25
-29
-36
-37
-41
-42
-34
-31
-22
-15
-17
-26
-31
-26
-21
-15
-1
10
17
14
16
24
16
17
28
33
31
26
32
22
11
20
23
17
8
5
4
-8
-4
7
3
5
11
19
20
11
2
0
-1
-5
-3
8
9
6
11
17
27
32
33
31
18
6
0
-15
-24
-35
-43
-42
-38
-26
-22
-16
-6
-3
-9
1
16
12
6
-2
-4
-9
-19
-13
2
2
5
11
20
17
10
21
23
4
-9
-7
-12
-14
-14
-20
-24
-23
-14
-9
-4
-5
-2
-3
-13
-23
-25
-30
-50
-47
-45
-47
-39
-28
-12
-1
1
-7
-18
-33
-29
-26
-24
-21
-19
-10
-7
0
-1
-2
-2
2
9
9
3
-2
-8
-17
-17
-9
0
15
25
31
38
48
54
54
45
35
34
42
51
55
67
75
72
70
77
83
84
76
68
61
43
28
18
16
13
6
1
1
6
4
1
-8
-15
-14
-32
-49
-59
-65
-60
-51
-34
-21
-11
-11
-16
-19
-21
-24
-24
-31
-34
-31
-27
-36
-49
-50
-45
-35
-27
-30
-31
-35
-52
-38
-15
-8
-10
-7
-4
-15
-16
-4
1
-7
-4
1
-1
0
-4
-3
3
13
26
34
44
49
47
40
32
27
21
11
10
17
15
8
16
20
18
21
20
20
6
-9
-20
-23
-25
-30
-23
-11
-7
-10
-7
-16
-27
-34
-30
-23
-28
-29
-25
-11
-11
-10
-14
-11
-9
-10
-18
-17
-12
-11
3
16
34
41
42
44
39
30
25
29
32
32
29
24
19
12
-2
0
20
26
14
13
12
6
5
16
21
11
6
9
3
-4
-8
-7
-5
-5
0
-5
-21
-33
-42
-42
-41
-39
-35
-27
-8
5
6
-1
-8
-7
-12
-22
-24
-17
-10
-8
0
15
24
30
37
43
49
43
33
22
9
3
-10
-23
-23
-22
-19
-20
-11
10
26
45
49
45
37
20
8
5
7
-8
-22
-22
-19
-21
-19
-24
-32
-31
-34
-37
-28
-19
-8
-5
0
11
17
21
9
10
12
17
19
20
26
35
37
35
37
26
10
1
-5
-14
-20
-22
-29
-41
-38
-39
-46
-46
-45
-41
-35
-38
-41
-42
-53
-56
-45
-27
-20
-14
-2
16
18
17
7
-4
-7
-16
-4
5
18
32
37
38
32
39
37
33
37
27
19
21
21
19
20
25
21
16
12
4
-5
-4
-6
-5
5
13
33
53
63
55
48
43
39
31
11
-9
-40
-50
-40
-36
-37
-45
-49
-47
-38
-33
-23
-21
-20
-11
-3
9
10
15
9
-9
-22
-28
-36
-39
-33
-33
-37
-28
-8
-9
-19
-7
-1
-2
-7
-3
16
20
21
27
36
42
41
55
57
41
43
48
49
47
49
50
45
45
52
56
55
49
31
30
38
20
-4
-38
-56
-51
-53
-43
-31
-25
-26
-19
-12
-19
-30
-52
-57
-47
-46
-39
-32
-23
-17
-16
-5
-5
1
7
0
11
11
17
6
-10
-4
-1
4
14
21
15
8
10
9
8
7
11
-1
-24
-30
-31
-22
-29
-33
-21
-11
-11
-23
-30
-41
-66
-77
-51
-26
-24
-29
-28
-13
-7
-17
-11
-13
-25
-38
-37
-22
-18
-18
-3
19
26
21
8
5
-9
-22
-10
-6
-8
-10
1
17
18
26
41
53
73
74
68
60
40
27
27
25
6
8
26
21
20
42
57
52
73
92
85
81
72
67
61
57
54
53
52
46
50
63
60
46
34
31
7
-32
-42
-40
-21
-16
-12
-2
0
-10
-44
-74
-100
-134
-164
-160
-118
-92
-56
3
25
36
31
7
-33
-68
-64
-61
-61
-49
-21
-7
-4
-6
-9
-2
1
-33
-61
-64
-78
-81
-69
-54
-25
30
38
23
-14
-62
-70
-67
-51
-10
21
29
31
30
29
21
33
51
80
95
88
86
82
68
55
63
79
87
76
36
32
51
48
8
-26
-24
-7
18
11
-11
-60
-51
-20
-13
-64
-146
-171
-157
-134
-110
-124
-150
-157
-168
-179
-195
-163
-95
-31
25
51
83
110
84
47
30
45
50
52
114
148
182
207
167
120
84
82
80
93
104
102
122
180
202
147
113
109
119
88
4
-71
-98
-96
-100
-92
-86
-20
33
8
-8
-38
-66
-27
4
-14
15
93
107
38
47
58
19
54
89
102
90
68
75
53
1
-36
-74
-106
-46
-15
-56
-94
-119
-162
-202
-177
-119
-42
14
8
-7
-33
-114
-184
-245
-310
-284
-207
-178
-129
-77
6
146
201
139
72
46
28
-10
-19
-42
-42
36
65
111
192
171
143
180
234
222
150
76
40
85
71
-30
-74
-78
-109
-90
-91
-82
-27
64
73
38
6
-60
-109
-92
-113
-165
-148
-153
-140
-120
-71
-62
1
105
136
77
-21
-62
-80
-68
-99
-156
-146
-67
9
8
11
-55
-101
-72
-84
-138
-180
-143
-113
-33
86
150
171
166
88
50
85
74
104
143
237
321
366
353
254
191
136
91
81
52
69
96
46
-11
-12
-24
-103
-103
30
140
196
95
-9
295
338
-323
-816
-735
-318
106
147
-152
-38
765
508
-662
-1198
-907
-107
483
298
-167
-96
238
-60
-575
-808
-475
451
987
857
661
445
26
-135
-208
-31
411
689
866
1006
657
84
-218
-427
-576
-182
146
-8
81
83
-206
-319
-423
-673
-450
124
396
479
547
454
201
-156
-378
-302
-51
165
375
465
259
-18
-220
-401
-372
-236
-115
169
303
-8
-351
-589
-839
-889
-749
-566
-286
-76
-196
-423
-565
-569
-473
-417
-442
-267
-22
-78
-203
-157
-56
-33
123
413
536
634
811
883
728
462
430
443
213
101
163
96
-63
-236
-383
-407
-538
-783
-805
-795
-866
-886
-965
-1139
-1261
-1103
-936
-966
-820
-539
-311
-181
-173
-99
66
258
387
537
836
1081
1360
1891
2283
2011
1592
1719
2103
2157
2036
2172
2607
3046
2686
1597
1032
1190
1029
416
104
-125
-716
-1081
-1024
-1361
-2197
-2563
-2397
-2207
-2146
-2127
-2072
-1872
-1508
-1328
-1495
-1529
-1210
-779
-285
-10
-22
-153
-145
58
134
37
-120
-98
-1
-71
-175
-288
-450
-436
184
1031
1205
831
885
1479
1758
1526
1553
1928
2582
3182
2986
2248
1875
1718
1182
639
291
-387
-959
-789
-677
-1313
-2064
-2324
-2355
-2422
-2406
-2241
-2071
-1960
-1699
-1466
-1508
-1551
-1255
-709
-157
29
-134
-151
158
391
221
116
101
0
64
172
-13
-173
330
1071
1298
943
726
1046
1336
1338
1442
1737
2183
2412
2156
1767
1695
1421
659
391
443
-275
-1174
-1146
-770
-1289
-1968
-1984
-1974
-2131
-2021
-1661
-1497
-1431
-1135
-901
-973
-1210
-1176
-676
-98
106
-115
-239
-144
-266
-591
-788
-881
-994
-901
-584
-411
-546
-309
557
1259
1191
966
1516
2253
2252
2156
2566
3262
3773
3673
3240
2992
2739
1897
1239
1470
1212
20
-393
88
-240
-1531
-2226
-2096
-2075
-2127
-1882
-1708
-1873
-1839
-1468
-1331
-1495
-1416
-1082
-781
-581
-569
-715
-609
-342
-446
-813
-994
-925
-826
-795
-834
-687
52
990
1151
893
1215
1717
1626
1401
1864
2505
3254
3758
3391
2693
2625
2296
1149
654
937
216
-959
-708
-200
-1232
-2569
-2695
-2483
-2644
-2693
-2506
-2392
-2200
-1783
-1561
-1550
-1434
-1253
-974
-442
-222
-639
-834
-591
-559
-766
-828
-945
-1125
-987
-685
-652
-541
57
1054
1594
1216
1085
1674
2069
1915
1964
2524
3504
4301
3830
2860
2951
2728
1410
882
1213
123
-1529
-1255
-473
-1349
-2532
-2634
-2485
-2588
-2576
-2455
-2348
-2017
-1538
-1267
-1070
-835
-815
-832
-340
171
-23
-201
254
506
139
-260
-480
-585
-463
-373
-543
-149
1093
1932
1549
1292
1859
2268
2197
2318
2732
3406
4211
4274
3417
2919
2688
1549
423
600
434
-1177
-1886
-1044
-1232
-2937
-3733
-3392
-3321
-3571
-3455
-3164
-2890
-2391
-1883
-1450
-1172
-1081
-986
-522
-130
-286
-387
14
438
435
-6
-477
-715
-853
-1085
-1188
-1077
-668
295
1475
1802
1460
1692
2443
2650
2480
2562
3140
4171
4705
3981
3263
3259
2597
1447
1268
1081
-254
-1081
-541
-415
-1502
-2307
-2327
-2248
-2274
-2381
-2545
-2387
-1822
-1394
-1156
-899
-770
-894
-760
-470
-625
-1019
-1012
-713
-825
-1311
-1878
-2284
-2418
-2416
-2494
-2460
-1638
-167
715
641
782
1688
2333
2160
2065
2455
3398
4379
4623
4055
3880
3827
2750
1842
1799
947
-612
-660
164
-399
-1632
-2054
-2007
-2281
-2534
-2502
-2368
-2068
-1482
-937
-707
-615
-609
-607
-362
-217
-711
-1297
-1007
-457
-691
-1279
-1601
-1720
-2086
-2441
-2582
-2387
-1930
-1012
457
1499
1370
1420
2510
3172
2706
2452
3290
4814
5781
5266
4364
4514
4454
2890
1664
1611
556
-1121
-1097
-467
-1475
-2810
-2943
-2692
-2811
-3171
-3669
-3718
-2992
-2328
-2264
-2044
-1406
-1199
-1218
-917
-831
-1140
-1163
-773
-612
-885
-1100
-1189
-1217
-1446
-1800
-1956
-1774
-826
745
1675
1703
2133
3281
3664
3181
3046
3400
4415
5426
5252
4356
4506
4697
3412
2270
2132
990
-846
-1100
-484
-1297
-2756
-3045
-2542
-2357
-2756
-3332
-3410
-2809
-2232
-2011
-1836
-1515
-1336
-1072
-654
-724
-1244
-1543
-1177
-859
-1047
-1451
-1680
-1607
-1672
-1924
-2070
-1819
-1546
-1187
260
1829
1865
1595
2877
4089
3491
2865
3547
4850
5628
5211
4231
4362
4936
3806
2161
1870
1062
-1027
-1771
-1107
-1647
-3145
-3442
-2795
-2469
-2718
-3411
-3682
-3050
-2524
-2802
-2870
-2149
-1552
-1188
-748
-802
-1283
-1612
-1630
-1641
-1874
-2358
-2753
-2483
-2105
-2198
-2187
-1907
-1592
-557
1005
1579
1306
2144
3671
3894
3409
3628
4636
5957
6436
5603
4903
5272
4717
3138
2771
2535
752
-667
-361
-489
-2013
-2867
-2597
-2317
-2360
-2690
-2992
-2757
-2035
-1725
-1890
-1789
-1434
-1126
-673
-267
-463
-1121
-1229
-853
-981
-1618
-1994
-2087
-2184
-2230
-2263
-2302
-2205
-2072
-1362
429
1744
1336
1429
3421
4618
3939
3538
4220
5207
5817
5335
4433
4725
5177
3877
2406
2315
1311
-970
-1831
-1488
-2416
-3914
-4127
-3665
-3542
-3766
-4085
-4058
-3377
-2542
-2274
-2382
-2039
-1268
-728
-753
-868
-719
-652
-636
-490
-701
-1340
-1708
-1532
-1391
-1560
-1538
-1333
-1002
107
1519
1907
1758
2789
4332
4521
3792
3727
4544
5443
5509
4685
4315
4710
4083
2535
1970
1416
-617
-1981
-1529
-1922
-3779
-4448
-3725
-3545
-3846
-3972
-4107
-3828
-2990
-2692
-2844
-2235
-1294
-1163
-1274
-1040
-1063
-1483
-1429
-918
-970
-1541
-1849
-1485
-1075
-1378
-1766
-1450
-883
-839
-522
1097
2560
2640
2848
4562
6105
5762
5045
5615
6452
6463
5792
5082
4884
4945
4080
2405
1599
1019
-834
-2445
-2444
-2642
-4048
-4769
-4145
-3780
-4181
-4643
-4492
-3725
-3210
-3487
-3457
-2446
-1793
-1962
-1610
-826
-786
-1126
-987
-931
-1433
-1990
-2224
-2057
-1826
-1843
-1554
-810
-397
126
1549
2734
2662
3101
4810
5587
5000
4748
5264
6058
6486
5775
4677
4925
5217
3607
2153
1992
690
-1552
-1971
-1495
-2677
-4079
-3705
-2909
-3040
-3573
-3875
-3607
-2786
-2276
-2550
-2541
-1768
-1434
-1531
-1185
-784
-1121
-1585
-1394
-1286
-1842
-2443
-2466
-2226
-2169
-2217
-1991
-1400
-1064
-1252
-842
783
2056
2058
2594
4430
5384
4694
4289
4847
5382
5302
4585
3841
3886
3915
2541
1072
1020
534
-1451
-2485
-1934
-2233
-3648
-3971
-3172
-2950
-3335
-3382
-2676
-1853
-1700
-2043
-1845
-1089
-932
-1150
-740
-287
-526
-835
-693
-719
-1199
-1505
-1564
-1286
-949
-1014
-1037
-609
-194
273
1515
2839
3030
3026
4136
5146
4740
3787
3669
4494
5102
4371
3209
3285
3617
2352
813
651
76
-1914
-3105
-3006
-3549
-4789
-4995
-4084
-3437
-3576
-3861
-3385
-2431
-2037
-2371
-2400
-1781
-1455
-1525
-1333
-860
-586
-680
-663
-402
-412
-826
-1215
-1156
-887
-1013
-1285
-917
-159
162
350
1445
3041
3706
3739
4370
5377
5420
4665
4541
5067
5357
5026
4255
3674
3629
3203
1740
690
423
-868
-2829
-3373
-3067
-4039
-5023
-4445
-3833
-4056
-3953
-3259
-2864
-2615
-2276
-2154
-1915
-1402
-1180
-1130
-718
-175
-102
-165
83
102
-442
-1073
-1196
-846
-756
-1013
-744
36
137
31
1350
2962
2919
2521
3676
4941
4309
3430
3951
4806
4976
4442
3865
3691
3590
2649
1341
803
-42
-1892
-3124
-3056
-3284
-4345
-4624
-4037
-3614
-3492
-3584
-3424
-2872
-2536
-2817
-2826
-2050
-1838
-2229
-1817
-823
-665
-1121
-741
-102
-432
-1069
-1027
-786
-912
-988
-745
-449
-54
287
260
832
2223
2863
2558
3182
4675
4820
4022
4104
4536
4362
3985
3525
2978
2973
3097
2196
1164
758
-449
-2240
-2835
-2824
-3773
-4561
-4007
-3272
-3054
-2859
-2650
-2423
-1881
-1557
-1908
-1960
-1396
-1278
-1405
-966
-442
-477
-391
315
694
327
-117
-107
183
34
-492
-523
16
96
-319
366
1961
2611
2456
3089
4418
4546
3612
3293
3669
4009
3660
2770
2193
2517
2736
1545
468
538
-247
-2163
-2924
-2575
-3415
-4801
-4576
-3629
-3403
-3539
-3244
-2578
-1988
-1773
-2028
-2007
-1545
-1281
-1067
-691
-292
-14
199
427
514
470
241
141
382
354
58
85
376
356
163
366
1059
1916
2330
2371
3010
4010
4046
3387
3257
3447
3506
3511
2957
2115
2239
2499
1314
38
-306
-1344
-3008
-3319
-3150
-4273
-5208
-4616
-4064
-4087
-3850
-3563
-3363
-2880
-2578
-2873
-2900
-2319
-1833
-1445
-905
-545
-232
237
526
582
696
548
83
-4
43
-338
-477
11
391
404
1067
2472
3110
2960
3423
4518
4709
3893
3553
3775
4008
4232
4103
3573
3514
3819
2922
1496
1140
500
-1345
-2600
-2748
-3473
-4683
-4717
-4058
-3787
-3679
-3365
-2831
-2297
-1995
-2077
-1961
-1434
-1175
-1219
-1103
-943
-819
-506
-95
-9
8
24
-303
-478
-561
-1092
-1591
-1253
-630
-691
-750
-9
1102
1847
1959
2287
3399
4280
4172
4056
4573
4808
4799
4783
4150
3666
3824
3205
1664
1102
1022
-714
-2343
-2185
-2430
-3827
-4275
-3442
-3108
-3247
-3117
-2756
-2336
-2308
-2704
-2691
-2181
-2092
-2103
-1521
-1085
-943
-329
197
20
-260
-203
-406
-866
-988
-1122
-1210
-869
-367
-255
-389
349
1550
1860
1538
2062
3360
3519
3062
3542
4032
3954
3874
3758
3200
2897
2807
1663
695
458
-532
-2040
-2624
-2852
-3880
-4519
-4054
-3678
-3472
-3024
-2610
-2156
-1782
-1946
-2363
-2041
-1534
-1642
-1523
-794
-138
207
698
1192
1174
1113
1156
889
476
151
-29
-113
-27
67
173
481
781
1386
2295
2589
2509
3231
4237
4116
3559
3629
3613
3569
3668
2918
1923
2113
2118
528
-626
-660
-1596
-3078
-3442
-3582
-4513
-4997
-4474
-3950
-3750
-3769
-3837
-3394
-2727
-2655
-2783
-2250
-1537
-1179
-629
-66
136
408
884
1086
873
761
718
618
702
784
589
489
834
1180
1024
1037
1975
2780
2591
2704
4000
4696
3982
3557
3946
4206
4072
3608
2944
2783
2938
2042
688
181
-683
-2377
-3241
-3303
-4012
-4888
-4869
-4391
-4085
-4027
-4123
-3865
-3291
-3259
-3764
-3610
-2712
-2239
-2262
-1768
-694
-17
147
437
810
775
581
758
960
745
501
501
618
752
566
186
373
1097
1742
2202
2598
3157
4153
4809
4510
4080
3998
3930
3812
3346
2338
1931
2404
1741
134
-357
-722
-2287
-3284
-3215
-3891
-4921
-4810
-4311
-4216
-4107
-3982
-3665
-3034
-2722
-2913
-2611
-1916
-1768
-1531
-709
-181
-95
341
899
975
1213
1690
1674
1605
1864
1898
1563
1399
1387
1082
804
1234
2048
2248
1896
2386
3722
3965
3190
3175
3571
3432
3181
2512
1396
1325
1723
630
-627
-619
-1133
-2552
-3004
-3001
-3948
-4719
-4409
-4133
-4287
-4392
-4483
-4126
-3341
-3173
-3334
-2562
-1337
-998
-1027
-241
682
888
1023
1570
1952
1982
2112
2290
2260
2217
1999
1477
1107
850
430
51
-45
30
489
1110
1272
1697
2992
3637
3189
3268
3796
3723
3316
2844
2184
1961
2078
1114
-158
-180
-452
-1880
-2693
-2580
-3233
-4413
-4734
-4620
-4686
-4757
-4717
-4267
-3530
-3016
-2727
-2050
-1314
-1119
-731
111
671
824
1013
1426
1767
2080
2443
2383
2075
1904
1684
1065
364
-54
-428
-821
-723
49
546
419
898
2289
2937
2506
2519
3068
3230
3194
2981
2392
2270
2535
1764
540
325
-26
-1616
-2718
-2814
-3469
-4381
-4408
-4182
-4336
-4424
-4369
-4042
-3337
-3036
-3218
-2530
-1320
-1070
-1089
-224
683
1054
1538
2089
2262
2456
2803
2732
2407
2307
2070
1407
891
661
205
-367
-532
-295
256
824
1104
1494
2449
3172
3043
2853
3084
3343
3385
2910
2005
1846
2363
1661
228
21
-245
-1967
-3225
-3289
-3964
-5178
-5284
-4816
-4933
-5044
-4667
-3992
-3211
-2631
-2300
-1563
-539
-161
1
894
1824
2111
2348
2867
3116
3112
3123
2697
2050
1640
1099
161
-459
-716
-1266
-1687
-1485
-879
-221
213
658
1528
2525
2793
2662
2980
3291
3539
3736
3100
2309
2677
2750
1166
156
301
-887
-2658
-2884
-3067
-4424
-5101
-4612
-4604
-4807
-4565
-4210
-3666
-3108
-2901
-2428
-1295
-546
-403
273
1332
1791
1843
2016
2250
2304
2093
1591
1129
890
395
-372
-797
-825
-1179
-1747
-1796
-1605
-1184
-346
489
1023
1931
3412
4183
4169
4357
4701
4997
4807
3854
3168
3240
2676
1010
308
275
-1010
-2418
-2583
-2862
-4075
-4680
-4296
-4086
-4136
-4023
-3689
-3029
-2448
-2223
-1884
-1056
-315
-161
221
1040
1607
1802
1969
2063
1950
1702
1075
352
44
-393
-1238
-1613
-1461
-1767
-2055
-1587
-1119
-707
95
703
923
1872
3104
3292
3212
3633
4027
4241
4039
3243
2840
3003
2083
480
174
-143
-1787
-2805
-2671
-3238
-4266
-4129
-3591
-3698
-3559
-3024
-2565
-1995
-1343
-969
-463
498
985
964
1540
2309
2382
2161
2177
2154
1744
1115
532
214
-203
-1032
-1673
-1676
-1838
-2315
-2177
-1533
-1237
-857
347
1313
1463
1931
3010
3431
3059
2969
3297
3408
3073
2457
1954
1794
1390
335
-539
-1000
-1822
-2920
-3521
-3821
-4391
-4644
-4294
-3888
-3565
-3266
-2753
-1856
-1083
-827
-482
466
1172
1187
1329
1816
1997
1793
1755
1782
1489
1160
805
225
-347
-724
-1181
-1750
-2038
-2096
-2082
-1834
-1424
-750
213
998
1492
2289
3331
3654
3536
3710
3861
3845
3787
3200
2334
2112
1989
738
-332
-448
-1119
-2236
-2471
-2442
-3103
-3531
-3169
-2900
-2877
-2621
-2267
-1829
-1416
-1147
-810
-188
237
302
642
1078
1116
1152
1207
1055
867
781
482
-46
-285
-470
-828
-993
-944
-1049
-1089
-779
-506
-287
471
1278
1418
1623
2507
3105
2900
2726
2910
3195
3156
2446
1660
1621
1455
150
-891
-934
-1556
-2753
-2892
-2608
-3102
-3440
-2938
-2632
-2718
-2432
-2081
-1925
-1631
-1296
-1196
-946
-412
-227
-317
118
640
655
609
868
1130
1042
742
503
497
360
-117
-308
-151
-390
-741
-419
-21
-237
-87
961
1656
1448
1556
2647
3389
3205
3121
3439
3658
3524
2992
2255
1879
1867
1092
-46
-252
-352
-1289
-1920
-1751
-2088
-2828
-2793
-2524
-2745
-3046
-3083
-2816
-2404
-2152
-2165
-1670
-914
-870
-903
-360
-44
-336
-367
-150
-292
-477
-484
-685
-780
-532
-571
-1041
-1067
-848
-1017
-1105
-908
-544
-4
528
892
1519
2526
3119
3355
3687
3862
4005
4253
3869
2882
2742
3114
2233
1020
999
965
-29
-689
-655
-1239
-2128
-2146
-2030
-2554
-2994
-2889
-2624
-2500
-2351
-2206
-1834
-1226
-923
-717
-199
209
140
224
534
547
460
442
228
200
293
29
-395
-408
-440
-918
-1096
-908
-1009
-1116
-411
546
772
795
1776
3039
3201
2807
3096
3535
3383
2830
2265
1927
1891
1583
716
295
242
-398
-1080
-1101
-1525
-2543
-2751
-2506
-2938
-3336
-3122
-2803
-2456
-2000
-1792
-1435
-503
103
131
540
1041
920
846
1220
1325
1012
778
634
451
107
-339
-752
-1239
-1752
-1927
-1844
-2109
-2340
-1641
-779
-653
-303
866
1881
2130
2255
2633
3018
3240
2876
2352
2254
2243
1674
959
784
486
-183
-578
-792
-1363
-1913
-2008
-2089
-2421
-2568
-2572
-2417
-2016
-1697
-1586
-1093
-205
136
155
807
1568
1533
1322
1608
1893
1684
1340
1149
1151
1018
465
-61
-304
-613
-1169
-1530
-1554
-1673
-1831
-1632
-830
47
388
842
1977
2914
2844
2763
3188
3262
2997
2619
2013
1563
1526
1013
-22
-322
-433
-1315
-2109
-2302
-2796
-3644
-3937
-3834
-3967
-4041
-3903
-3607
-2996
-2421
-1992
-1299
-495
-171
79
827
1375
1314
1326
1600
1686
1557
1418
1227
1032
833
514
257
113
-203
-455
-400
-488
-653
-173
572
894
1354
2403
3391
3726
3897
4262
4665
4781
4179
3398
3125
2988
2144
1025
516
-14
-971
-1719
-2012
-2507
-3310
-3686
-3782
-4143
-4342
-4228
-4028
-3784
-3475
-3196
-2812
-2142
-1719
-1495
-939
-303
-161
-99
345
745
843
866
798
718
576
162
-233
-486
-773
-1209
-1496
-1548
-1541
-1231
-793
-225
738
1446
1797
2348
3308
3853
3739
3869
4098
4156
4151
3766
3150
2981
3044
2263
1190
821
291
-768
-1509
-1928
-2792
-3603
-3708
-3855
-4063
-3805
-3434
-3118
-2557
-1890
-1468
-991
-353
-55
137
519
749
754
763
936
947
905
833
550
338
18
-507
-922
-1194
-1459
-1735
-1788
-1635
-1367
-719
-156
196
813
1848
2669
2817
2910
3309
3798
3932
3452
3007
3044
2981
2188
1413
1284
736
-301
-904
-1341
-2188
-3019
-3203
-3365
-3764
-3800
-3672
-3480
-3060
-2541
-2140
-1711
-1119
-798
-509
147
642
818
1064
1497
1719
1631
1546
1417
1160
748
282
-91
-497
-874
-1098
-1235
-1347
-1316
-980
-629
-126
613
1027
1303
1945
2680
2962
2990
3127
3170
3264
3167
2429
2019
2153
1732
650
178
74
-861
-1785
-2079
-2574
-3366
-3667
-3574
-3707
-3655
-3202
-2839
-2380
-1728
-1177
-627
158
793
1017
1477
2104
2169
1912
1859
1925
1669
1236
721
87
-409
-907
-1434
-1834
-2084
-2193
-2148
-1903
-1686
-1429
-752
-99
233
590
1371
2190
2416
2571
3095
3693
3820
3419
3134
3070
2800
1965
916
277
-435
-1539
-2424
-2861
-3350
-3984
-4075
-3768
-3639
-3544
-3226
-2649
-2111
-1824
-1558
-1047
-417
-169
-15
636
1271
1435
1519
1837
2071
1893
1566
1219
769
240
-369
-910
-1441
-1876
-2026
-2036
-1840
-1499
-1060
-506
278
1312
1957
2285
3043
4003
4374
4246
4415
4664
4635
4432
3813
3203
3002
2606
1458
436
11
-769
-1849
-2475
-2987
-3701
-4034
-3886
-3882
-3882
-3452
-2886
-2325
-1780
-1377
-954
-264
292
327
372
786
921
602
299
250
76
-417
-867
-1160
-1421
-1794
-2115
-2294
-2401
-2438
-2307
-2061
-1735
-1267
-529
393
1166
1687
2376
3291
3794
3838
3988
4245
4232
3849
3310
2893
2614
2040
1117
583
136
-742
-1548
-1788
-2081
-2814
-3191
-3012
-2946
-2952
-2720
-2249
-1549
-978
-609
-136
732
1350
1344
1511
1815
1740
1356
1094
869
534
224
-264
-696
-910
-1244
-1608
-1753
-1950
-2265
-2316
-2002
-1747
-1596
-1294
-819
72
973
1427
1872
2762
3519
3555
3452
3535
3455
3255
2697
1769
1236
1069
397
-650
-984
-1062
-1728
-2267
-2335
-2536
-2900
-2942
-2827
-2893
-2772
-2479
-1942
-1243
-790
-353
364
1019
1100
988
1111
1072
652
138
-284
-509
-775
-1133
-1399
-1337
-1211
-1287
-1163
-862
-721
-725
-617
-346
-54
246
752
1509
2129
2556
3295
4118
4413
4341
4421
4443
4112
3551
2853
2250
1840
1234
428
-15
-302
-902
-1364
-1429
-1774
-2356
-2502
-2395
-2573
-2754
-2661
-2394
-2068
-1761
-1444
-977
-438
-90
127
306
425
391
262
28
-221
-480
-771
-989
-1108
-1254
-1392
-1277
-1186
-1251
-1106
-857
-755
-676
-515
-285
33
542
943
1145
1529
2170
2523
2422
2501
2786
2851
2701
2325
1741
1399
1333
803
-49
-335
-465
-1089
-1569
-1672
-2042
-2480
-2448
-2282
-2314
-2227
-1990
-1720
-1377
-1110
-992
-732
-358
-279
-273
-23
114
-27
-105
-14
23
-80
-196
-191
-74
-110
-247
-145
-55
-133
-97
7
61
96
195
334
656
1116
1364
1580
2153
2769
2848
2846
3163
3298
3154
2951
2610
2194
1885
1501
892
463
209
-322
-727
-877
-1226
-1638
-1724
-1808
-2184
-2396
-2439
-2549
-2553
-2542
-2644
-2451
-2041
-1853
-1792
-1447
-1041
-838
-678
-536
-363
-235
-206
-266
-300
-279
-304
-308
-266
-257
-241
-127
-31
79
263
442
728
1147
1371
1449
1882
2378
2477
2557
2921
3128
3111
3139
3067
2898
2873
2632
1982
1604
1393
823
247
-49
-541
-1243
-1624
-1895
-2359
-2673
-2773
-2861
-2954
-2981
-2949
-2821
-2616
-2483
-2367
-2108
-1764
-1499
-1255
-973
-665
-413
-232
-37
142
208
210
350
394
128
-53
-21
-91
-305
-374
-275
-74
315
664
965
1542
2250
2676
2917
3237
3391
3457
3525
3186
2709
2684
2611
1919
1411
1368
934
280
0
-382
-1071
-1488
-1816
-2500
-3116
-3398
-3659
-3796
-3709
-3635
-3494
-3037
-2516
-2244
-1913
-1285
-710
-464
-287
34
279
333
321
359
414
358
240
133
59
-31
-211
-318
-271
-283
-395
-181
418
750
876
1452
2282
2639
2821
3318
3689
3791
3901
3836
3568
3479
3350
2788
2233
1890
1240
456
-27
-599
-1493
-2161
-2508
-3029
-3634
-3933
-3984
-3942
-3862
-3702
-3396
-2871
-2417
-2115
-1623
-1002
-542
-244
96
389
538
575
656
699
622
563
544
399
144
41
66
-47
-182
-131
0
58
219
650
1062
1383
1838
2474
2921
3148
3382
3553
3593
3542
3242
2789
2538
2145
1270
476
92
-604
-1606
-2216
-2681
-3395
-3980
-4242
-4505
-4680
-4600
-4493
-4247
-3674
-3160
-2712
-1964
-1165
-698
-221
544
1117
1328
1565
1907
2083
2054
1960
1987
2016
1793
1488
1323
1110
743
510
397
300
271
300
434
696
953
1133
1464
1965
2218
2296
2540
2765
2729
2595
2387
2029
1684
1223
483
-103
-559
-1325
-2066
-2418
-2877
-3580
-3926
-4022
-4321
-4514
-4399
-4249
-4091
-3798
-3426
-2987
-2456
-1941
-1398
-779
-180
317
758
1126
1386
1543
1547
1500
1440
1283
997
812
694
476
263
230
265
245
391
682
914
1122
1469
1912
2262
2557
3001
3496
3747
3796
3927
4011
3930
3669
3321
3023
2663
2015
1188
594
-32
-960
-1758
-2224
-2767
-3427
-3880
-4149
-4329
-4369
-4390
-4270
-3828
-3430
-3196
-2720
-1987
-1527
-1183
-643
-97
234
391
533
732
913
788
560
622
698
443
188
168
88
-108
-222
-194
-92
0
94
338
810
1196
1407
1785
2288
2588
2742
2918
3033
3056
2959
2640
2347
2231
1796
1029
510
110
-618
-1305
-1683
-2149
-2695
-3021
-3273
-3540
-3615
-3555
-3442
-3207
-2865
-2500
-2065
-1531
-1035
-543
-31
411
776
1052
1177
1229
1291
1236
1036
900
732
466
228
-36
-360
-541
-554
-652
-726
-631
-433
-251
-17
400
915
1334
1625
2066
2610
2863
2934
3109
3274
3221
3012
2767
2494
2190
1699
1058
574
105
-671
-1401
-1818
-2314
-2963
-3316
-3418
-3593
-3682
-3569
-3365
-3063
-2698
-2347
-1908
-1360
-962
-659
-205
203
399
500
612
703
705
631
530
469
366
148
-8
-88
-246
-367
-359
-390
-424
-228
44
225
565
1104
1485
1760
2226
2694
2883
2982
3157
3258
3217
2995
2653
2372
2159
1693
1043
617
191
-542
-1242
-1611
-2014
-2552
-2897
-3056
-3147
-3164
-3127
-2995
-2656
-2290
-2024
-1589
-981
-546
-266
140
596
880
1011
1169
1336
1296
1069
858
711
461
134
-135
-378
-603
-712
-749
-822
-829
-681
-539
-442
-190
236
641
921
1239
1657
2075
2335
2453
2620
2776
2698
2333
1982
1837
1450
672
90
-225
-850
-1659
-2050
-2271
-2695
-3075
-3266
-3336
-3360
-3401
-3366
-3063
-2570
-2234
-1909
-1247
-574
-219
113
621
1006
1147
1273
1422
1447
1282
1051
910
792
547
297
179
46
-172
-307
-329
-398
-411
-215
47
179
381
852
1282
1487
1808
2306
2614
2725
2840
2914
2890
2720
2337
1952
1727
1338
578
16
-260
-827
-1558
-1984
-2265
-2687
-3064
-3206
-3157
-3050
-2989
-2755
-2197
-1697
-1365
-827
-129
353
664
1047
1377
1515
1558
1521
1458
1376
1157
872
670
460
107
-224
-443
-683
-989
-1173
-1221
-1264
-1265
-1120
-849
-548
-159
316
782
1175
1588
1986
2223
2382
2488
2510
2466
2251
1913
1646
1372
847
229
-196
-669
-1324
-1829
-2231
-2687
-3067
-3315
-3431
-3335
-3123
-2971
-2640
-2090
-1683
-1292
-667
-128
179
573
1020
1223
1347
1529
1569
1510
1466
1322
1122
970
732
400
161
-12
-283
-519
-587
-617
-666
-619
-440
-172
91
366
777
1170
1370
1620
2022
2239
2284
2382
2422
2289
2114
1873
1493
1150
743
108
-435
-813
-1398
-2040
-2354
-2621
-3058
-3281
-3253
-3241
-3156
-2867
-2503
-2091
-1645
-1242
-788
-281
76
328
662
956
1060
1127
1232
1286
1280
1204
1154
1097
909
696
546
351
101
-42
-126
-234
-287
-256
-141
44
259
546
947
1318
1578
1918
2277
2457
2557
2686
2678
2532
2343
1995
1588
1234
717
43
-454
-939
-1692
-2385
-2780
-3211
-3673
-3904
-3967
-3950
-3856
-3662
-3319
-2816
-2369
-2009
-1497
-908
-495
-146
300
708
991
1203
1426
1647
1742
1719
1751
1771
1601
1345
1141
901
592
349
129
-39
-89
-136
-167
-24
184
314
588
1074
1361
1579
2025
2373
2467
2572
2677
2525
2309
2088
1646
1220
872
287
-385
-823
-1329
-2017
-2481
-2771
-3199
-3543
-3593
-3579
-3537
-3267
-2865
-2499
-2043
-1535
-1099
-624
-122
254
532
847
1148
1274
1348
1473
1499
1403
1273
1150
947
646
364
104
-210
-513
-722
-873
-982
-1034
-1035
-949
-686
-373
-52
412
911
1280
1649
2112
2437
2573
2701
2747
2632
2437
2140
1725
1303
833
228
-333
-806
-1359
-1871
-2195
-2495
-2762
-2852
-2857
-2831
-2617
-2348
-2077
-1675
-1193
-755
-304
209
600
921
1240
1506
1675
1738
1747
1709
1581
1342
1065
797
456
71
-286
-653
-963
-1161
-1335
-1496
-1524
-1418
-1301
-1117
-815
-483
-122
353
785
1100
1465
1829
1985
2042
2158
2152
1954
1733
1437
946
506
132
-377
-870
-1224
-1596
-2004
-2207
-2332
-2470
-2401
-2197
-1981
-1675
-1306
-926
-471
15
474
961
1449
1814
2085
2328
2473
2542
2556
2390
2097
1784
1373
880
413
-40
-552
-1004
-1329
-1669
-1937
-2023
-2034
-2009
-1856
-1645
-1405
-1087
-714
-311
138
589
989
1391
1730
1911
2004
2069
1992
1779
1510
1135
703
220
-335
-884
-1339
-1790
-2220
-2471
-2590
-2645
-2636
-2522
-2312
-2041
-1714
-1338
-906
-425
40
475
927
1358
1676
1906
2101
2211
2147
1963
1755
1471
1099
711
351
-28
-431
-787
-1072
-1292
-1442
-1536
-1538
-1464
-1356
-1166
-897
-563
-197
134
481
894
1299
1593
1838
2083
2169
2114
2041
1886
1607
1317
949
498
104
-267
-721
-1120
-1333
-1573
-1821
-1894
-1887
-1849
-1696
-1474
-1224
-889
-504
-170
160
562
908
1180
1455
1668
1823
1914
1891
1797
1626
1352
999
647
296
-98
-454
-798
-1124
-1388
-1595
-1754
-1832
-1848
-1830
-1698
-1533
-1348
-1070
-745
-442
-131
227
518
763
1000
1155
1272
1372
1343
1243
1133
935
658
356
66
-206
-453
-688
-856
-931
-996
-1056
-991
-876
-778
-586
-358
-108
175
437
702
997
1270
1459
1632
1790
1779
1682
1602
1427
1159
862
529
124
-281
-622
-1006
-1355
-1586
-1784
-1943
-2021
-2048
-2018
-1919
-1792
-1639
-1394
-1102
-806
-472
-151
156
451
780
1069
1245
1441
1593
1594
1532
1464
1313
1054
809
560
224
-85
-308
-571
-811
-906
-976
-1046
-993
-896
-836
-699
-499
-330
-123
115
327
518
716
896
998
1087
1117
1073
993
851
674
469
270
60
-190
-444
-663
-822
-980
-1090
-1134
-1161
-1143
-1050
-899
-762
-596
-378
-202
-2
245
437
642
880
1075
1184
1251
1275
1214
1157
1055
856
692
540
345
159
-11
-182
-351
-455
-536
-615
-650
-688
-694
-623
-528
-462
-339
-163
-23
114
269
403
517
607
666
708
708
626
549
473
337
191
68
-59
-245
-412
-549
-702
-833
-901
-961
-1018
-1018
-1012
-995
-914
-826
-738
-619
-485
-356
-217
-52
103
258
408
542
657
722
735
731
727
704
637
589
523
464
418
325
260
160
54
-41
-136
-160
-207
-269
-310
-345
-378
-400
-390
-358
-302
-249
-261
-247
-189
-193
-204
-214
-238
-272
-290
-291
-293
-292
-313
-354
-369
-373
-403
-389
-324
-271
-228
-198
-155
-97
-35
64
201
321
442
566
697
797
895
1023
1112
1190
1270
1333
1331
1333
1329
1247
1168
1046
857
679
518
312
138
1
-172
-328
-454
-595
-745
-836
-903
-998
-1052
-1068
-1066
-992
-886
-786
-684
-591
-533
-482
-417
-364
-336
-314
-300
-326
-371
-412
-453
-484
-504
-500
-487
-480
-474
-472
-458
-419
-347
-265
-171
-33
119
263
431
599
745
911
1080
1219
1310
1370
1385
1370
1347
1304
1252
1141
1001
843
671
487
266
81
-89
-271
-435
-590
-741
-861
-934
-973
-954
-918
-896
-842
-751
-673
-587
-471
-393
-352
-294
-220
-189
-157
-90
-65
-57
-54
-95
-143
-162
-181
-203
-219
-229
-278
-313
-302
-286
-242
-118
29
123
236
372
483
582
697
781
852
936
965
954
953
949
909
863
785
675
554
407
287
182
68
-84
-237
-376
-522
-609
-642
-656
-658
-608
-556
-516
-464
-459
-453
-436
-420
-379
-317
-249
-216
-204
-210
-249
-276
-297
-360
-434
-505
-595
-690
-735
-740
-752
-729
-676
-594
-480
-359
-232
-84
49
163
287
409
547
697
822
950
1090
1193
1275
1352
1370
1332
1293
1223
1085
938
794
659
548
408
268
159
50
-64
-137
-204
-251
-279
-339
-399
-408
-388
-377
-337
-285
-263
-240
-205
-212
-232
-257
-295
-362
-446
-539
-637
-753
-830
-873
-899
-907
-923
-912
-915
-902
-862
-831
-764
-677
-565
-414
-255
-58
154
346
532
710
856
943
1029
1121
1158
1173
1156
1112
1072
1018
937
865
804
715
597
499
419
324
265
196
106
32
-16
-60
-89
-82
-84
-102
-92
-69
-85
-104
-109
-155
-227
-301
-380
-462
-569
-677
-788
-889
-975
-1045
-1085
-1110
-1111
-1114
-1107
-1081
-1058
-1002
-901
-794
-686
-541
-384
-243
-92
64
209
347
507
670
785
873
932
975
980
972
968
947
909
873
852
806
778
759
727
686
645
588
509
457
428
414
385
363
346
317
283
233
170
98
24
-61
-155
-235
-331
-445
-561
-691
-798
-888
-970
-1042
-1080
-1113
-1154
-1153
-1138
-1094
-1029
-974
-875
-750
-610
-455
-285
-95
76
247
421
588
729
846
949
1006
1043
1073
1057
1029
1020
986
937
894
840
779
701
616
511
376
216
59
-71
-182
-264
-315
-341
-373
-407
-452
-491
-529
-577
-595
-606
-614
-614
-615
-613
-603
-580
-564
-534
-493
-474
-437
-380
-325
-267
-189
-117
-91
-61
-29
0
34
45
56
82
107
110
126
142
157
193
231
245
230
225
216
205
222
227
219
206
208
218
226
238
238
240
244
271
314
329
352
365
353
368
362
337
326
322
306
258
215
149
86
52
13
-25
-60
-91
-125
-172
-233
-299
-356
-381
-409
-412
-415
-415
-376
-350
-320
-288
-249
-200
-181
-177
-150
-120
-89
-59
-20
3
6
26
41
43
44
37
10
-19
-24
-24
-36
-37
-46
-66
-65
-54
-62
-54
-27
-19
1
15
25
57
99
123
136
160
152
150
159
152
153
159
186
206
188
168
162
177
168
143
132
94
73
58
51
38
11
-19
-43
-57
-93
-131
-160
-178
-186
-181
-195
-225
-241
-241
-234
-223
-207
-197
-157
-113
-99
-75
-30
24
79
150
223
271
316
362
401
441
478
502
497
480
445
396
349
287
222
145
59
-34
-124
-210
-299
-377
-438
-489
-547
-602
-674
-719
-715
-710
-700
-673
-636
-592
-545
-453
-352
-269
-190
-109
-42
-7
22
63
115
170
221
259
290
321
342
347
354
377
392
392
392
408
395
377
383
407
437
448
477
505
533
553
553
537
502
464
398
355
314
248
188
148
96
33
-21
-85
-154
-217
-299
-391
-460
-516
-559
-582
-606
-641
-642
-619
-603
-583
-543
-512
-479
-441
-422
-400
-381
-376
-344
-299
-281
-260
-220
-190
-166
-122
-80
-39
8
56
90
109
130
155
200
239
275
340
400
452
492
523
552
578
595
596
599
590
564
525
464
400
342
286
261
239
198
164
106
25
-33
-71
-118
-152
-169
-191
-224
-256
-257
-259
-256
-254
-241
-231
-228
-213
-191
-172
-157
-160
-184
-207
-238
-268
-296
-327
-350
-334
-336
-337
-313
-290
-259
-229
-208
-217
-223
-200
-167
-112
-64
-27
27
81
148
208
257
296
337
376
396
404
394
395
393
385
380
358
334
320
304
264
205
157
122
98
75
40
15
-10
-41
-63
-80
-81
-86
-87
-86
-93
-95
-100
-97
-116
-145
-149
-147
-137
-145
-142
-132
-130
-139
-148
-155
-176
-171
-176
-170
-169
-192
-211
-217
-192
-194
-184
-158
-147
-118
-95
-88
-102
-103
-67
-13
28
79
115
130
169
212
221
222
241
250
288
335
349
365
387
398
403
409
404
387
374
339
294
242
171
118
59
-7
-70
-131
-197
-252
-284
-331
-382
-428
-455
-461
-456
-439
-430
-426
-393
-356
-308
-242
-150
-70
-13
41
77
110
164
229
281
320
354
365
361
357
338
315
278
209
115
29
-31
-98
-141
-184
-234
-250
-282
-319
-323
-333
-329
-298
-274
-238
-193
-150
-94
-35
6
42
97
159
207
250
305
341
369
390
378
330
272
225
187
141
81
21
-37
-80
-114
-140
-179
-251
-287
-292
-314
-342
-353
-354
-347
-310
-266
-236
-188
-143
-92
-16
68
122
158
202
244
268
267
263
267
290
313
321
312
303
284
261
251
210
143
85
47
42
33
-1
-54
-99
-118
-128
-149
-172
-178
-188
-198
-177
-146
-128
-110
-83
-44
-12
-10
-8
1
11
21
23
19
21
38
62
87
102
100
79
60
48
27
17
-21
-70
-103
-125
-126
-121
-132
-156
-157
-155
-135
-130
-121
-114
-97
-64
-53
-49
-63
-62
-36
1
36
58
81
107
121
124
120
120
114
113
105
71
50
46
60
86
99
86
77
73
55
34
19
-11
-29
-22
-27
-29
-18
-4
20
53
81
67
50
30
-6
-27
-22
-23
-15
12
10
5
-6
-18
-33
-53
-69
-86
-116
-148
-159
-158
-157
-156
-150
-125
-96
-62
-27
-19
-18
-11
-10
3
26
46
65
62
78
93
96
95
81
71
59
58
49
31
20
18
24
47
55
32
7
16
33
29
33
27
17
29
46
35
6
-5
-8
4
21
17
10
8
11
30
37
3
-23
-28
-33
-28
-31
-69
-93
-77
-52
-43
-22
-26
-60
-44
-30
-32
-25
-27
-33
-30
-18
-33
-38
-16
6
29
47
46
25
15
11
3
2
6
18
40
48
43
24
15
14
26
32
22
19
14
8
3
7
8
9
6
5
27
68
80
60
48
37
12
-9
-8
-4
0
21
43
43
27
13
17
20
34
40
35
39
34
13
-17
-37
-47
-43
-42
-57
-63
-63
-62
-48
-54
-73
-83
-88
-78
-50
-36
-46
-45
-36
-36
-45
-58
-74
-61
-50
-44
-16
9
6
-15
-18
-21
-13
2
11
24
19
20
16
10
17
33
36
34
30
22
22
38
42
27
22
17
6
12
30
12
0
2
9
23
21
-4
-31
-40
-42
-36
-22
-23
-35
-22
-21
-31
-33
-34
-33
-18
-1
-2
13
37
45
47
54
51
57
63
59
73
80
69
49
56
77
74
72
65
49
25
3
4
0
-4
11
30
29
22
15
5
-3
-5
-4
-13
-9
4
22
47
50
57
72
66
53
41
8
-26
-45
-32
-21
-18
-16
-47
-63
-63
-62
-61
-60
-71
-91
-82
-72
-69
-67
-77
-88
-84
-81
-83
-77
-57
-42
-38
-35
-54
-63
-52
-46
-29
-19
-8
15
18
31
48
58
67
62
56
46
54
63
75
100
104
97
82
77
65
51
36
15
-1
-17
-35
-55
-54
-46
-48
-53
-54
-51
-52
-61
-56
-58
-61
-64
-69
-71
-76
-67
-50
-30
-13
13
38
42
55
67
67
59
31
22
26
23
26
18
12
15
19
32
29
44
52
38
21
3
0
-3
9
36
49
69
69
55
41
25
21
20
22
25
18
2
-21
-20
-9
-1
6
-8
-1
-6
-29
-18
1
6
2
-7
-8
-12
-22
-25
-25
-4
-1
-1
18
8
11
23
24
35
42
31
8
-4
-21
-35
-34
-36
-22
-9
-8
-13
-23
-27
-20
0
7
3
21
19
19
39
45
33
8
-6
-26
-50
-53
-52
-32
-18
-20
-5
-2
-11
-30
-48
-68
-73
-55
-51
-40
-51
-52
-36
-37
-12
18
24
16
14
3
-8
-6
-8
-1
16
17
-1
4
9
10
18
33
37
29
15
-5
-12
-16
-21
-14
-3
2
-3
-4
-7
-8
-14
-13
4
12
8
19
24
20
20
15
22
38
40
36
31
14
2
11
33
65
94
88
69
61
58
51
36
27
8
-4
-14
-30
-30
-25
-17
-18
-35
-64
-88
-93
-87
-76
-63
-67
-73
-73
-60
-38
-17
13
37
49
49
52
62
56
53
43
42
49
39
28
25
15
13
12
11
-6
-30
-45
-60
-58
-46
-30
-16
-5
12
25
24
20
11
6
12
25
40
35
26
14
16
19
22
30
12
11
10
-19
-47
-57
-55
-46
-49
-63
-66
-63
-53
-33
-6
10
8
-6
-23
-25
-24
-19
-3
9
0
-4
3
7
15
34
42
37
32
27
26
35
41
35
23
17
13
20
36
61
88
91
104
95
71
60
46
34
26
27
14
0
-5
-17
-32
-33
-24
-22
-36
-50
-68
-85
-91
-103
-119
-122
-113
-110
-101
-85
-74
-55
-44
-42
-49
-54
-53
-60
-55
-44
-31
-19
-4
9
9
16
24
38
54
68
58
38
19
18
24
45
67
56
50
43
41
45
51
64
75
84
83
77
70
55
36
9
-15
-28
-26
-35
-41
-45
-47
-46
-41
-30
-35
-28
-32
-47
-43
-34
-30
-17
6
30
47
74
90
82
71
65
57
47
37
32
25
17
20
29
28
23
19
8
6
1
-19
-35
-39
-46
-44
-29
-27
-16
4
10
1
-3
-20
-41
-47
-42
-45
-32
-14
-9
-2
-5
-17
-48
-61
-63
-56
-39
-38
-19
4
18
36
40
34
39
45
48
56
54
44
37
41
31
18
22
17
7
-14
-30
-36
-27
-12
8
21
14
-7
-27
-33
-29
-21
-11
-6
-13
-33
-36
-23
-20
-18
-19
-13
-24
-36
-35
-33
-32
-47
-56
-49
-49
-42
-36
-34
-35
-44
-35
-31
-18
-9
20
38
40
55
57
64
50
41
33
33
23
6
16
36
58
55
60
59
53
40
23
7
-22
-47
-54
-40
-21
2
10
51
77
72
63
43
29
15
-7
-43
-61
-70
-64
-41
-18
-23
-37
-34
-26
-21
-32
-38
-55
-65
-59
-46
-29
-25
6
22
14
28
52
72
88
95
89
77
82
85
87
84
61
28
22
37
27
27
28
32
48
56
67
58
35
-6
-58
-94
-118
-125
-102
-70
-42
-16
5
21
11
-3
-18
-33
-45
-42
-26
-10
-7
-5
24
33
26
5
-24
-37
-51
-53
-59
-58
-45
-42
-33
-27
-23
-26
-26
-20
-17
-13
0
-7
-2
25
42
29
8
0
-15
-31
-42
-40
-25
-15
-8
4
9
10
0
-9
-9
-5
-1
-14
-15
-8
8
33
39
27
23
30
35
40
34
21
13
1
-15
-11
10
28
35
40
31
12
2
-5
10
16
17
30
35
31
29
30
17
5
3
-2
0
13
11
9
13
8
1
-3
-10
-27
-40
-66
-86
-92
-86
-66
-39
3
20
18
1
-19
-19
-15
-13
-14
-31
-22
1
9
31
47
36
36
32
16
19
21
22
19
13
7
1
12
24
15
9
2
-6
0
11
29
35
39
46
45
49
47
48
34
14
1
-12
-11
-13
-16
-12
6
27
32
29
17
16
24
18
17
21
14
11
-4
-30
-43
-52
-44
-44
-25
-16
-26
-23
-22
-16
-14
-22
-47
-57
-79
-97
-100
-101
-93
-80
-69
-72
-66
-48
-16
12
36
52
52
40
27
27
17
-1
-10
-4
-2
3
9
20
48
71
77
85
78
60
46
33
17
13
12
5
-4
10
36
39
50
51
47
48
34
30
18
-3
-15
-23
-20
-46
-71
-86
-92
-79
-73
-64
-55
-31
-6
2
-5
-17
-10
-18
-32
-40
-48
-53
-57
-48
-21
5
26
43
39
17
2
3
0
3
11
14
15
17
17
21
33
44
38
17
5
2
12
33
50
58
48
29
20
23
13
-7
-22
-27
-43
-60
-60
-37
2
40
65
64
53
64
63
41
27
0
-18
-20
-18
5
19
39
63
69
61
29
0
-15
-27
-27
-4
26
40
32
20
17
16
13
8
0
-13
-21
-18
-27
-42
-39
-33
-33
-39
-31
-11
-11
-10
-12
-34
-32
-1
23
30
28
10
-12
-28
-24
-26
-12
-11
-30
-32
-43
-42
-36
-24
-38
-52
-65
-93
-87
-77
-68
-51
-34
-22
-11
10
29
42
43
23
13
16
15
3
-20
-33
-35
-26
-17
-9
5
30
50
39
25
17
12
17
9
-1
-12
-4
-3
0
16
14
26
32
31
51
47
18
-1
-16
-33
-50
-40
-19
-7
17
53
71
62
55
55
53
52
40
27
17
10
-1
5
24
15
16
44
65
66
52
24
-8
-23
-27
-35
-36
-38
-50
-33
-13
-13
-10
-13
-18
-19
-20
-11
-6
-6
-10
-23
-29
-32
-33
-19
2
9
-5
-3
17
29
40
45
45
44
27
-3
-18
-20
-22
-2
11
14
24
32
28
17
35
46
51
31
12
18
10
0
14
24
4
4
7
9
8
-3
-11
-2
15
-4
-43
-73
-98
-101
-68
-34
-17
-25
-35
-46
-56
-52
-58
-72
-58
-40
-40
-44
-58
-51
-33
-15
-4
-14
8
16
2
1
-8
-17
-12
-18
-21
0
19
22
5
-5
-1
-1
20
38
31
34
30
14
13
23
36
42
51
36
3
-1
7
25
38
36
33
35
43
54
71
62
46
31
15
16
24
30
21
1
-8
-13
-27
-40
-45
-42
-55
-63
-62
-63
-45
-26
-24
-25
-10
-3
-16
-11
17
34
43
62
62
40
34
30
28
30
24
11
-2
-25
-59
-68
-44
-30
-5
36
53
60
43
28
18
10
17
28
28
22
9
11
19
14
11
2
14
7
-20
-29
-34
-34
-34
-36
-38
-41
-47
-40
-19
0
3
9
36
56
59
49
36
12
-10
-7
-3
-20
-41
-47
-40
-33
-36
-19
2
3
-4
-13
-20
-26
-26
-25
-27
-18
-16
-10
-1
10
19
8
2
-11
-25
-30
-30
-15
-2
0
16
23
16
15
4
-4
-3
-6
-17
-7
-6
-15
-2
3
-1
-6
1
4
5
8
-2
-14
0
16
18
16
17
23
29
29
26
23
32
16
-3
-4
-11
-21
-36
-44
-42
-43
-44
-26
2
12
14
28
26
3
0
9
18
16
16
21
23
14
-13
-20
-13
-13
-1
19
30
21
10
10
4
5
11
10
8
3
8
19
25
30
23
17
19
5
-7
7
9
5
9
31
46
27
19
8
-22
-37
-33
-18
-12
-11
-27
-34
-27
-32
-21
0
15
25
20
3
-8
-6
-3
7
11
3
2
-5
-12
-11
-11
-12
-6
-6
0
6
-6
-31
-56
-61
-51
-36
-15
4
19
20
23
30
30
37
38
33
32
28
33
39
39
36
34
37
39
26
5
-11
-19
-33
-51
-54
-41
-33
-35
-30
-36
-31
-13
-8
-11
-12
-7
-7
-1
20
31
29
20
7
-4
-21
-42
-60
-70
-56
-44
-35
-21
-8
11
0
-21
-21
-15
-6
1
11
11
5
16
13
3
-16
-34
-24
-14
-4
-9
-14
-13
-7
16
29
33
24
4
-3
-10
-7
8
9
16
27
25
19
26
25
31
48
53
54
40
33
25
6
-3
-7
1
17
22
26
27
26
14
11
24
23
23
14
-9
-29
-39
-39
-35
-32
-23
-3
22
34
40
51
53
52
37
5
-5
-10
-27
-34
-46
-41
-23
-7
5
-5
-10
-19
-32
-26
-26
-33
-24
-9
-4
-5
-13
-21
-16
-1
-1
-8
-11
-19
-22
-24
-24
-19
-13
4
23
39
40
20
21
16
15
15
13
22
21
12
-3
-7
-8
-21
-7
8
14
24
22
7
-3
-2
-5
-13
-11
-16
-21
-24
-32
-30
-21
1
22
28
30
25
16
-1
-25
-31
-42
-39
-21
-8
-14
-22
-20
-22
-30
-29
-26
-26
-18
-8
0
2
2
8
13
7
-17
-28
-32
-28
-2
15
19
26
16
3
8
7
-4
2
12
16
19
18
7
4
14
21
19
8
-4
-10
0
0
-2
15
25
37
36
24
12
5
13
30
32
18
6
1
1
1
-2
-6
-9
-11
-9
1
4
-5
-5
2
3
5
3
2
21
35
39
37
25
17
14
17
31
38
39
48
51
32
3
-8
0
18
21
14
1
-4
-5
-3
-4
-15
-24
-30
-47
-68
-81
-67
-52
-37
-22
-28
-45
-56
-54
-46
-21
-22
-28
-19
1
21
27
19
19
10
-5
0
10
21
12
13
4
-5
-14
-18
0
14
14
-17
-19
5
13
18
10
1
-16
-28
-32
-30
-27
-21
0
14
18
16
27
27
4
-18
-35
-33
-25
-28
-34
-26
-16
-21
-20
-13
-4
15
34
45
39
20
7
4
15
22
37
45
41
36
28
17
10
2
-2
1
-10
-19
-31
-29
-9
-19
-25
-35
-56
-64
-45
-19
-3
24
22
-4
-2
16
18
28
48
53
59
51
33
13
5
18
27
28
22
35
37
29
29
12
-13
-4
5
-9
-9
3
10
21
29
16
12
21
15
13
24
27
18
11
-9
-25
-9
-2
-7
-3
-13
-20
-28
-25
-11
-23
-39
-38
-38
-43
-45
-32
-5
3
2
10
8
-3
-10
-13
-7
4
10
25
33
23
5
-15
-32
-33
-22
-17
-6
-11
-4
-7
-31
-46
-52
-54
-82
-78
-69
-59
-24
-7
-12
-13
-8
-10
12
51
47
41
33
34
44
40
51
46
47
43
37
43
27
15
20
12
1
6
4
13
19
17
-7
-22
-20
-37
-14
-9
-28
-17
-3
9
17
19
-8
-31
-27
-30
-33
-28
-33
-26
-10
9
38
52
45
28
5
-10
-14
-24
-22
-18
-9
4
13
20
12
17
8
-1
-3
-16
-22
-11
-18
-40
-27
-20
-23
-6
-5
-17
-5
8
22
44
50
42
28
13
10
13
15
33
33
17
24
32
43
59
67
68
75
79
67
53
42
40
39
17
-7
-24
-28
-26
-33
-38
-27
-18
-11
-6
-18
-41
-56
-62
-78
-81
-72
-84
-92
-90
-102
-122
-102
-70
-47
-14
4
5
-1
1
-9
-10
0
1
-5
5
18
20
25
32
32
44
61
51
36
28
17
13
18
26
21
2
4
20
29
18
25
45
62
79
92
87
61
49
45
44
38
21
28
15
-2
-13
-26
-29
-29
-23
-23
-18
-38
-67
-80
-78
-87
-87
-71
-61
-40
-41
-45
-48
-62
-54
-41
-35
-27
-32
-18
-2
-5
4
14
27
23
13
21
20
1
1
18
40
58
65
70
66
58
61
64
59
30
19
27
21
16
12
19
10
-1
-10
-20
-21
-34
-44
-58
-64
-66
-60
-47
-56
-55
-30
-9
-5
-8
1
-5
-9
-4
-16
-27
-17
12
47
67
72
59
48
55
65
52
42
44
22
19
35
28
18
23
35
65
79
78
60
38
25
11
5
7
5
1
-6
-21
-36
-57
-78
-100
-98
-78
-68
-44
-25
-13
-18
-22
-14
-10
-10
-11
-19
-31
-46
-65
-48
-33
-28
-5
2
5
19
23
28
18
5
-17
-29
-18
-17
1
19
5
8
3
6
23
26
26
23
18
15
24
28
29
16
5
-5
-12
-31
-43
-19
-14
-1
5
-6
-20
-38
-37
-42
-35
-23
-18
-11
-10
-6
-3
-8
-4
7
0
7
6
-8
3
13
4
7
28
31
39
46
30
16
11
-1
-8
-9
-13
-7
1
9
29
32
16
2
-6
-2
-3
-2
2
4
6
16
26
29
26
19
28
33
20
13
5
5
8
18
31
28
20
14
26
26
12
3
-8
-24
-47
-58
-46
-25
-5
7
24
34
17
4
0
-10
-16
-21
-19
19
34
36
36
22
11
20
19
20
36
12
-13
-9
-13
-15
-13
-5
-6
-6
-4
-13
-19
-17
-30
-35
-41
-29
1
-9
-33
-30
-20
-22
-21
-24
-26
-34
-19
7
18
12
0
-17
-19
-12
-7
5
-1
-8
-8
-17
-32
-48
-49
-53
-55
-36
-36
-27
-14
-35
-54
-50
-44
-38
-24
-28
-38
-37
-30
-7
12
17
19
39
49
39
45
39
32
47
57
64
65
40
22
32
35
38
44
48
40
45
45
33
30
20
17
12
14
2
-6
-4
-2
3
8
20
1
-7
-3
-16
-14
-7
-7
1
5
4
20
33
33
29
47
34
22
45
39
35
40
25
8
24
21
19
33
31
22
16
11
4
-5
-14
-19
-41
-70
-84
-88
-77
-56
-44
-42
-44
-54
-53
-46
-51
-55
-52
-52
-47
-32
-16
-5
7
21
22
34
40
35
32
19
5
24
32
37
48
49
46
26
6
-18
-35
-39
-53
-64
-74
-72
-60
-35
-1
-1
-9
-26
-34
-33
-31
-16
-9
-15
-19
-13
-12
-7
-6
-5
7
12
13
5
7
13
33
67
66
49
43
41
32
23
11
0
-1
12
12
18
28
16
15
14
10
12
0
-16
-26
-25
-11
8
6
-6
-21
-25
7
19
20
24
21
20
22
23
3
-11
-16
-5
2
5
10
17
37
34
31
29
23
9
-11
-10
-9
-34
-41
-25
-20
-28
-24
-24
-29
-36
-41
-35
-40
-37
-42
-34
-13
14
40
49
54
58
50
42
44
46
40
20
4
12
35
33
26
32
28
20
17
17
4
-15
-26
-22
-14
-7
-10
-13
-12
-16
-12
-13
-24
-24
-20
-23
-16
-17
-31
-42
-34
-28
-23
-7
5
8
22
37
26
24
19
-7
-30
-42
-45
-48
-41
-26
-5
12
7
3
10
2
-8
-9
-3
-14
-7
7
10
25
21
3
-6
-17
-25
-41
-34
-28
-24
0
3
0
8
18
7
1
16
35
49
45
31
27
43
35
18
34
24
-6
-26
-32
-32
-46
-54
-49
-44
-50
-63
-55
-32
-24
-23
-7
-3
5
1
-2
8
-6
-14
-6
-10
-13
3
8
5
12
15
32
39
35
27
25
36
29
34
52
37
21
25
33
28
17
35
51
35
17
15
23
21
-5
8
29
23
18
20
22
4
-3
4
8
8
7
27
38
36
42
39
23
-2
1
29
20
0
5
5
-7
-21
-30
-20
-29
-32
-14
-7
-24
-43
-24
-16
-38
-36
-32
-50
-56
-62
-57
-51
-53
-30
-13
-23
-36
-47
-45
-30
-26
-22
-31
-39
-30
-35
-37
-24
-11
2
15
16
21
15
9
8
8
14
11
7
1
0
10
17
21
27
30
22
22
23
10
-8
-29
-36
-28
-22
1
11
8
16
25
37
37
43
38
8
-18
-40
-52
-13
11
3
7
7
-1
5
5
5
14
19
25
38
39
20
20
34
33
30
36
26
17
11
11
24
20
19
38
40
30
9
6
3
-10
-15
-23
-27
-33
-40
-25
-8
-10
-6
0
-4
-12
-26
-25
-26
-31
-17
-1
-1
8
14
12
14
-1
17
36
16
12
3
-20
-35
-32
-9
-10
-24
-12
-11
-21
-40
-43
-29
-20
-13
4
15
7
-8
-3
11
8
3
8
7
9
15
21
26
27
29
36
41
30
21
7
-1
-6
-13
-14
-19
-16
-8
-20
-37
-44
-51
-56
-47
-32
-4
15
15
32
60
50
35
45
43
31
17
5
3
4
-8
-8
5
-1
-2
6
7
-5
-9
0
4
11
14
-8
-23
-13
-11
-4
6
20
16
-1
-15
-32
-32
-34
-32
-32
-47
-70
-89
-97
-103
-95
-72
-41
-23
-10
13
18
5
1
17
19
-5
-14
-5
8
23
46
75
73
51
51
63
55
29
35
61
50
40
51
72
73
47
35
36
24
5
-7
5
0
-16
-10
-4
-18
-25
7
23
20
16
5
7
-13
-18
-6
-12
-13
-10
-16
-10
-8
-20
-25
-41
-48
-54
-64
-64
-62
-61
-59
-51
-39
-39
-48
-40
-36
-23
-2
18
38
45
45
41
24
11
20
32
39
46
56
53
30
22
32
25
20
17
21
38
40
39
43
36
19
3
-13
-22
-27
-24
-2
20
20
24
36
27
2
-8
-13
-23
-33
-32
-8
-5
-11
8
18
0
-12
-15
-18
-36
-32
-12
-4
-1
-14
-16
-13
-22
-39
-47
-50
-57
-61
-42
-31
-37
-37
-26
-16
-4
9
17
11
-9
-30
-33
-29
-44
-31
-7
0
-12
-20
-2
-4
-19
-13
16
13
-8
5
33
36
31
42
48
30
4
23
47
49
47
70
87
66
67
76
59
23
-1
1
-7
-47
-53
-25
-29
-26
0
10
-8
-37
-27
-1
-22
-42
-24
-33
-55
-36
-12
-18
-14
9
24
40
43
55
46
4
-2
16
8
-13
2
38
31
10
29
45
16
-2
22
22
4
-6
6
16
-13
-21
-5
-15
-32
-6
30
25
8
9
10
-11
-28
-7
6
1
12
26
18
-3
0
14
1
-4
12
4
-40
-54
-27
-14
-19
-18
-11
-18
-34
-27
-11
-17
-19
-3
4
-9
-11
8
15
9
4
14
8
-7
1
26
20
8
12
-6
-38
-57
-53
-50
-45
-39
-21
-6
-7
3
4
-6
0
5
-8
-21
-15
-5
-2
-15
-5
19
20
17
23
28
10
-6
-1
-14
-31
-34
-34
-34
-28
-10
8
18
29
57
54
36
24
23
14
8
20
20
27
29
44
58
43
30
29
24
15
14
14
-10
-23
-9
-10
-26
-19
-7
-24
-39
-45
-48
-57
-68
-48
-35
-35
-25
-1
16
11
7
20
18
10
35
45
27
22
27
31
19
9
29
43
15
3
20
-4
-35
-19
6
1
-3
19
38
20
-8
3
10
-9
6
42
38
0
-6
15
2
-32
-17
16
4
-12
5
21
3
-11
3
16
-10
-33
-16
-22
-54
-61
-41
-43
-60
-52
-19
-14
-21
20
54
50
35
26
17
-12
-29
1
10
-1
13
39
46
34
37
31
7
-4
1
5
-9
-5
5
5
-4
1
15
-4
-22
-13
-23
-52
-55
-33
-18
-18
-3
23
18
1
1
3
-13
-46
-45
-39
-57
-47
-10
8
-11
-12
11
0
-14
-14
-14
-37
-55
-39
-27
-39
-27
1
2
-11
-1
20
14
5
18
29
8
-3
17
33
35
41
67
70
51
58
72
57
42
40
36
15
13
28
24
5
-5
6
6
-3
-7
-5
-6
-3
6
7
-11
-21
-19
-30
-26
-9
-7
-18
-12
1
5
-7
-9
-3
-18
-28
-10
3
-12
-12
9
8
-10
0
10
-18
-42
-33
-18
-26
-32
-12
0
-4
5
36
48
24
20
39
22
-14
0
21
3
-16
7
30
16
15
38
45
32
46
66
41
7
4
6
-10
-20
-3
-9
-39
-47
-28
-21
-36
-23
-5
-14
-16
-4
5
-13
-30
-23
-30
-53
-54
-33
-28
-30
-12
8
-1
-5
11
16
4
-7
3
-3
-11
-5
10
12
3
21
27
15
20
34
31
8
-12
-23
-34
-32
-2
16
14
19
33
26
-1
-18
-28
-42
-52
-32
-11
-14
-6
26
52
43
29
31
15
-26
-49
-44
-59
-81
-58
-23
-17
10
63
84
54
34
43
23
-5
-15
-14
-28
-54
-39
-12
-6
-4
19
28
8
8
18
13
-10
-32
-29
-29
-43
-34
-11
-12
-19
5
33
31
39
67
77
55
41
58
52
25
20
30
9
-18
-7
22
22
15
29
40
37
26
32
33
6
-6
11
24
6
7
25
16
-4
4
20
23
11
3
-1
-20
-25
-16
-10
-28
-40
-43
-47
-44
-34
-23
-32
-33
-29
-28
-35
-46
-45
-41
-52
-45
-32
-36
-35
-23
-7
-2
-2
-4
-3
-5
-5
11
15
-5
-11
20
23
8
21
40
28
0
8
24
18
10
26
37
23
11
26
32
7
-2
8
4
-10
-4
25
27
3
13
20
-9
-38
-32
-20
-41
-55
-31
-15
-36
-40
-16
-20
-54
-53
-14
0
-24
-33
-15
-24
-50
-35
-1
-3
-20
8
35
23
11
26
33
9
4
16
6
-16
-12
19
30
26
45
64
51
35
48
43
10
-1
12
18
4
14
40
35
3
19
49
29
6
17
41
18
4
39
47
15
-1
23
21
-22
-30
0
-8
-39
-30
11
13
-8
19
45
18
-10
16
16
-35
-44
-12
-19
-45
-32
-2
-13
-40
-8
37
13
-15
11
19
-8
-10
25
30
-15
-21
19
20
-23
-14
24
0
-33
-11
12
-30
-66
-44
-33
-70
-84
-45
-27
-58
-53
0
18
-5
-4
14
-9
-40
-26
7
-7
-33
-9
12
-11
-18
-1
8
-10
-13
14
18
0
5
35
22
-7
8
29
17
4
28
48
33
29
44
44
20
16
30
22
-6
-23
-16
-29
-52
-56
-38
-31
-25
6
24
17
14
18
24
12
-10
-20
-26
-24
-11
-4
-9
-5
11
25
27
27
28
24
21
22
27
24
24
40
66
70
56
50
37
28
13
12
17
-1
-16
-15
-3
-14
-30
-28
-27
-29
-33
-18
0
-3
-28
-38
-22
-14
-24
-19
-12
-35
-48
-30
-13
-12
-14
-1
8
-14
-22
2
14
10
21
35
19
5
8
8
2
-12
-19
-17
-24
-24
-13
6
12
11
35
41
19
20
40
43
38
40
32
14
-4
0
1
-5
-5
0
16
13
-4
2
1
-22
-26
-14
-15
-25
-34
-26
-24
-26
-18
-9
-12
-18
-14
-4
-5
-7
-3
-5
-13
-30
-32
-36
-37
-35
-22
3
-6
-17
-10
-9
-16
-23
-7
12
5
5
21
33
28
39
61
57
33
29
36
25
4
5
16
-2
-8
7
14
-2
-9
8
20
-1
-7
17
9
-14
-7
19
9
-21
-17
-2
-12
-21
4
15
-12
-23
-11
-11
-32
-28
-10
-22
-37
-18
-1
-4
-9
5
20
14
6
1
-14
-46
-53
-28
-20
-17
5
23
28
26
29
40
36
21
22
29
16
-1
-1
7
9
10
30
39
28
24
28
19
-2
-1
17
31
26
13
20
19
9
11
25
21
-1
-4
-1
5
-9
-25
-20
-28
-37
-22
-11
-16
-22
-17
-4
-3
1
19
17
-8
-28
-30
-28
-34
-31
-23
-31
-37
-37
-30
-34
-31
-11
-10
-8
-8
-4
3
-2
10
30
29
23
30
23
18
25
32
23
14
16
8
-11
-18
-13
-1
5
20
29
12
11
30
29
10
11
20
8
-7
1
11
-3
-9
6
6
-18
-32
-21
-19
-50
-63
-47
-55
-71
-58
-39
-38
-35
-26
-20
-18
-12
-4
-9
-10
10
15
2
-7
-6
-15
-16
8
27
24
31
50
54
16
-6
18
24
-6
0
44
42
12
28
63
54
29
44
54
15
-10
16
29
4
1
26
22
-14
-6
24
12
-13
4
26
-6
-25
4
18
3
5
40
42
6
7
22
3
-27
-14
4
-21
-36
-16
-13
-46
-52
-18
-16
-20
-1
11
-6
-25
-6
5
-11
-17
1
-5
-25
-21
-21
-23
-27
-10
8
9
8
4
-12
-21
-6
2
-7
-9
11
23
6
-1
4
1
-10
-8
2
0
-6
-10
-15
-30
-27
-4
-9
-9
5
9
-4
-19
-2
6
-15
-11
27
44
29
28
50
36
-1
13
36
16
-2
21
37
19
9
19
20
2
-11
-1
-9
-49
-53
-28
-31
-46
-50
-33
-36
-43
-23
-11
-14
-34
-27
-4
-22
-42
-35
-17
-23
-41
-19
0
-2
8
27
46
34
30
40
31
20
30
47
38
18
23
38
25
14
38
52
31
16
43
54
28
41
62
35
-3
2
22
6
-9
11
23
-8
-28
-6
2
-30
-36
-5
0
-25
-22
2
-22
-56
-28
-3
-18
-29
-11
7
-9
0
46
32
-9
-1
5
-47
-82
-51
-26
-36
-22
27
44
15
15
53
49
18
21
28
-4
-30
-8
-8
-45
-64
-40
-23
-39
-22
8
11
-3
-2
10
-5
-27
-28
-24
-28
-27
-9
-7
-8
0
4
5
12
17
12
11
16
13
11
17
18
-4
-22
-21
-21
-26
-19
8
14
12
34
48
39
26
31
35
12
14
33
32
14
21
41
25
4
18
21
-5
-8
9
3
-21
-21
-4
-8
-25
-23
-7
-26
-43
-32
-29
-38
-28
2
-4
-19
0
11
-18
-37
-7
-1
-30
-29
-1
-5
-36
-15
15
-3
-34
-21
-5
-32
-39
-2
14
0
12
46
40
8
12
31
18
4
24
35
18
1
19
33
10
10
30
35
25
31
48
27
6
23
30
11
13
30
21
-3
4
5
-15
-14
3
1
-30
-28
-13
-27
-37
-22
0
-9
-18
-2
8
-5
-5
12
16
4
15
30
8
-14
8
32
33
28
41
36
6
-6
-8
-29
-68
-66
-40
-38
-36
-6
6
-14
-15
-4
-17
-42
-49
-50
-57
-48
-29
-23
-18
7
22
13
9
11
-1
-33
-51
-42
-50
-68
-50
-12
1
14
51
80
76
62
66
46
8
4
18
22
11
16
35
40
27
46
61
35
21
22
0
-39
-49
-28
-16
-15
3
8
-5
-13
-6
10
-2
-5
0
-14
-20
-21
-13
-11
-22
-23
-22
-31
-35
-19
1
-7
-10
10
6
-11
-14
5
7
-7
6
28
28
17
17
21
7
-12
-7
3
1
8
28
27
13
16
30
30
17
15
18
9
-8
-6
4
-8
-13
4
19
22
26
35
34
22
11
9
5
-12
-15
0
1
-9
5
23
22
23
35
34
7
-7
-6
-14
-19
-10
-2
-10
-18
-21
-25
-37
-34
-35
-35
-39
-41
-32
-35
-34
-22
-14
-25
-30
-8
-3
-12
-9
4
9
1
0
1
-8
-18
-14
-14
-14
-17
-16
-14
-18
-7
7
0
-5
13
26
30
42
49
28
3
19
33
14
10
25
15
-13
-8
6
-13
-45
-43
-29
-37
-34
-4
2
-22
-29
2
18
-8
-6
16
-1
-24
-8
7
-11
-14
17
37
24
14
30
29
7
7
14
5
-7
3
25
28
34
58
58
28
12
24
25
7
14
30
13
-17
-15
-3
-4
-1
9
15
15
13
19
12
-1
-13
-15
-16
-25
-19
-12
-10
-22
-19
-7
1
14
15
5
-6
-20
-19
-21
-30
-19
-10
-12
-3
26
34
25
27
20
1
-3
1
-14
-19
-1
3
-7
-10
-10
-7
-13
-23
-17
-15
-20
-18
-3
7
-4
0
6
-2
-3
5
7
9
10
9
0
-20
-21
-25
-24
-21
-13
1
-4
-3
7
18
9
-1
-2
-9
-27
-24
-11
-11
-3
4
8
2
-11
-11
-1
5
-5
-2
1
-17
-24
-15
-15
-29
-19
-3
5
14
23
38
35
14
7
10
-2
-11
-5
18
23
19
24
21
24
30
35
37
27
15
10
6
-4
1
4
2
4
5
11
17
21
13
-4
-18
-25
-21
-17
-29
-34
-20
-10
-8
-11
-1
2
-5
0
9
16
8
1
1
5
6
3
0
0
15
26
24
16
6
2
-4
-26
-34
-25
-24
-18
0
16
14
8
7
-7
-27
-39
-40
-31
-30
-25
-11
-5
-7
-1
19
31
35
37
27
21
23
24
26
19
20
28
15
5
3
3
-2
-3
9
15
2
-9
-10
1
7
12
20
3
-25
-34
-22
-22
-21
-10
-7
-6
-4
15
25
20
18
22
17
-5
-22
-29
-36
-30
0
14
18
13
10
8
4
15
12
4
-5
-11
-28
-53
-62
-62
-56
-50
-39
-34
-37
-29
-10
8
8
10
20
7
-6
-5
-6
-9
-12
-13
-21
-23
-17
-12
-7
-8
-12
-9
-3
1
-1
3
11
17
25
23
28
27
25
33
29
31
36
28
35
40
36
36
44
50
38
29
17
14
21
9
5
10
17
30
39
35
24
30
32
24
23
16
12
-1
-25
-23
-16
-21
-16
-16
-23
-40
-60
-62
-56
-50
-42
-26
-19
-20
-14
-16
-22
-27
-27
-24
-32
-42
-41
-36
-24
-12
3
18
24
20
19
27
32
39
45
42
27
6
-19
-31
-21
3
11
10
10
13
12
10
20
28
31
13
4
10
6
5
11
9
3
4
0
-2
1
15
26
19
3
-11
-18
-31
-37
-28
-22
-18
-18
-19
-20
-24
-25
-24
-24
-20
-16
-15
-22
-28
-27
-21
-14
-14
-14
-8
-9
-14
-7
3
13
25
29
31
32
35
44
39
25
13
3
-13
-22
-15
3
15
29
34
30
32
21
5
-7
-7
-6
2
12
0
0
5
17
34
36
24
9
-7
-36
-47
-45
-46
-46
-40
-25
-14
-22
-15
4
22
31
20
9
-8
-17
-12
2
14
1
-9
-7
-8
-6
4
18
26
15
4
4
4
7
8
1
2
6
2
8
13
3
-1
5
13
16
28
41
47
48
30
22
16
5
7
9
2
-12
-19
-25
-30
-23
-23
-24
-19
-21
-16
0
-1
-8
-1
-1
-5
-4
-2
1
-10
-7
10
16
12
6
-7
-17
-10
-1
3
-4
-10
-7
5
-3
-21
-34
-41
-34
-33
-27
-19
-9
-1
10
8
-4
-8
-18
-22
-9
4
1
2
12
11
10
26
28
29
38
30
19
14
9
14
25
33
25
10
7
11
14
4
2
7
3
-2
8
6
-9
-27
-32
-36
-37
-39
-33
-28
-31
-26
-25
-18
-15
-12
-6
-3
-4
1
10
2
-4
6
12
5
1
11
8
2
8
6
-12
-25
-20
-21
-16
6
16
13
6
6
17
10
-5
-2
-2
-12
-9
5
8
0
-5
-1
-6
-15
-17
-5
-2
-7
-1
-1
-5
-5
0
11
30
49
63
65
45
39
47
33
22
29
28
35
49
62
57
55
63
58
45
36
34
25
5
-4
-1
-1
-15
-32
-35
-36
-45
-35
-22
-21
-26
-26
-27
-55
-52
-54
-71
-71
-69
-59
-60
-55
-43
-39
-28
-14
-3
-12
-27
-25
-14
-6
-1
7
16
13
12
16
16
4
-1
-1
1
1
-1
4
7
4
6
5
-16
-42
-37
-30
-31
-24
-15
-4
5
6
7
16
14
10
10
14
16
14
27
40
52
50
41
38
38
44
45
48
47
36
29
25
25
14
5
3
-3
-2
-10
-16
-15
-24
-19
-6
1
-9
-29
-33
-27
-24
-13
-4
-1
-1
-6
0
5
2
10
12
3
4
10
8
4
-1
-4
-17
-27
-28
-29
-23
-30
-42
-45
-44
-44
-35
-24
-24
-28
-16
-10
-9
6
17
18
13
3
1
12
17
18
27
33
37
33
32
46
52
58
53
42
24
0
-10
-4
4
6
12
26
17
8
14
23
33
27
25
11
-3
-10
-21
-23
-26
-10
-11
-18
-7
-5
-1
3
12
15
-8
-20
-24
-22
-9
-6
0
9
6
-6
-20
-33
-26
-10
1
12
27
30
18
0
-8
-8
-18
-24
-24
-33
-45
-44
-28
-23
-19
-13
-12
-5
-4
-11
-20
-30
-34
-36
-39
-38
-20
-13
-12
-5
0
-1
-12
-23
-28
-26
-18
-7
3
-2
-2
6
16
18
19
19
8
6
8
21
35
40
52
59
53
54
55
56
48
32
31
20
-7
-14
-4
-12
-24
-9
1
9
10
1
-6
-16
-20
-21
-30
-31
-27
-31
-39
-42
-19
3
15
28
43
44
28
29
39
22
15
15
-6
-20
-20
-11
-7
-2
7
10
12
13
18
15
6
10
16
11
8
15
17
14
13
24
31
25
30
34
32
23
18
11
-2
-17
-8
-2
-20
-22
-14
-9
-15
-19
-23
-32
-52
-60
-48
-38
-32
-22
-9
-18
-11
13
9
-8
-16
-18
-21
-23
-10
9
3
-8
-4
-10
-19
-16
-7
-15
-25
-14
-9
-13
2
9
7
-2
-14
-10
-15
-12
-3
2
-4
6
24
25
23
10
9
10
-2
-6
-2
