-11
-1
8
14
26
28
19
6
-8
-19
-23
-18
-15
-18
-15
-8
2
16
24
19
10
-6
-13
-10
-4
-6
-13
-16
-17
-10
-7
-5
7
14
9
3
-2
1
9
9
9
17
17
10
-1
-1
7
20
31
42
37
30
35
44
45
23
2
-7
3
-1
-9
-8
-13
-5
1
3
7
17
12
2
-2
-3
-7
-18
-25
-27
-22
-28
-30
-28
-26
-19
-7
-4
-7
-13
-12
-11
-10
-14
-22
-22
-30
-32
-23
-18
-13
-8
0
5
14
23
16
7
7
1
2
12
20
25
28
33
24
13
7
-2
-11
-12
-8
-2
7
4
-9
-16
-19
-12
-2
-9
-13
-19
-31
-32
-27
-18
-12
-11
-9
-2
11
15
12
13
7
-6
-13
-13
-26
-36
-36
-38
-34
-15
1
12
21
28
27
20
19
14
15
16
16
5
-2
0
10
22
14
2
3
2
7
14
12
4
6
9
3
-3
-12
-12
3
25
43
51
47
42
39
37
39
47
51
44
35
20
10
5
8
27
25
17
8
2
7
13
9
0
-8
-18
-28
-38
-56
-53
-36
-28
-14
-23
-34
-38
-44
-39
-29
-26
-27
-29
-26
-24
-22
-18
-21
-22
-21
-10
-1
3
5
0
0
0
-6
-6
5
9
10
16
14
16
16
13
16
20
16
23
32
34
42
37
20
8
-3
-25
-36
-28
-27
-25
-25
-23
-24
-21
-22
-26
-24
-16
-6
-4
-1
2
9
13
12
3
-6
-14
-14
-10
-22
-33
-28
-21
-14
-19
-31
-32
-26
-14
-8
-8
-14
-21
-18
-13
-13
0
21
29
29
41
41
35
42
44
41
45
46
44
50
56
49
44
36
27
30
43
38
27
15
11
28
42
49
49
41
22
-3
-22
-33
-35
-29
-24
-19
-20
-27
-31
-27
-15
-8
-11
-15
-15
-19
-31
-35
-36
-44
-44
-38
-26
-24
-27
-19
-7
5
0
-2
-1
-11
-18
-21
-32
-33
-29
-34
-41
-33
-23
-20
-4
17
32
41
41
37
31
30
32
25
27
39
44
43
31
20
16
12
13
24
25
15
13
14
13
8
2
4
4
-1
-5
1
2
-6
-11
-16
-19
-23
-13
0
2
3
-8
-24
-35
-44
-40
-33
-24
-26
-28
-23
-21
-15
-12
-10
1
-4
-31
-38
-43
-54
-35
-14
-7
-2
1
-6
-10
-16
-31
-46
-45
-35
-20
-8
12
30
33
43
41
31
20
17
14
17
25
25
25
38
50
57
67
61
43
40
45
39
30
30
27
29
29
30
30
24
14
-3
-9
-12
-20
-9
-1
-6
-17
-19
-14
-14
-17
-22
-23
-21
-17
-10
0
-6
-15
-23
-32
-25
-30
-31
-18
-6
-1
0
-7
-14
-2
2
-7
-11
-11
-7
-7
2
14
20
21
22
23
20
16
14
16
10
2
-3
-14
-22
-23
-19
-5
1
5
12
13
10
5
11
9
15
23
10
10
18
16
21
31
29
18
9
-6
-11
-5
-14
-21
-23
-46
-54
-41
-22
-14
-8
-15
-28
-33
-36
-36
-33
-41
-49
-48
-52
-52
-37
-27
-18
-7
-9
-13
-11
-19
-21
-18
-26
-24
-25
-24
-13
0
11
23
41
51
50
42
51
60
65
67
64
60
58
57
64
74
59
49
46
48
39
41
41
42
46
21
-9
-22
-27
-27
-23
-24
-17
-9
-18
-20
-11
-17
-29
-33
-40
-48
-49
-52
-46
-28
-19
-24
-22
-22
-29
-9
5
7
26
21
5
-7
-29
-49
-50
-37
-24
-12
0
-3
5
21
23
19
12
8
7
-3
-8
-12
-13
-7
1
16
35
43
46
52
52
47
33
14
2
-10
-9
-3
-14
-12
1
4
15
26
15
9
21
23
21
17
-2
-15
-11
-6
-9
-1
11
8
14
15
1
-8
-12
-9
-1
-1
-5
-14
-23
-27
-23
-22
-26
-29
-33
-33
-24
-21
-27
-33
-38
-49
-55
-44
-46
-34
-19
-9
-6
-4
-3
-9
-2
-4
-5
-2
5
21
20
17
21
25
28
29
48
61
56
52
39
30
11
-5
0
7
9
23
39
45
44
33
23
12
0
-16
-22
-29
-39
-41
-39
-23
-17
-13
2
14
20
19
10
-2
-15
-19
-28
-37
-37
-35
-31
-23
-4
8
14
16
10
1
0
5
-1
1
0
-8
-10
-9
-12
-11
8
21
24
32
29
19
24
31
25
8
-11
-23
-33
-31
-33
-26
-10
11
33
36
31
27
20
27
33
26
19
15
12
12
9
-4
-16
-17
-6
-5
-1
4
0
-6
-9
-7
-9
-13
-11
-15
-22
-17
-13
-2
8
18
18
22
33
31
34
32
23
9
4
7
3
10
3
-1
-1
-9
-24
-25
-11
-15
-13
-15
-26
-27
-18
-11
-16
-26
-27
-26
-25
-23
-20
-24
-27
-30
-31
-34
-42
-40
-38
-32
-23
-14
-11
-14
-17
-19
-4
6
6
16
23
9
-2
6
15
27
33
31
27
20
13
5
-3
-8
-3
-10
-12
5
11
14
24
29
32
33
28
10
-5
-20
-36
-26
-8
-8
-3
15
18
28
44
46
32
26
20
13
9
9
-3
-3
13
17
25
32
33
27
24
20
7
4
4
-9
-21
-23
-26
-12
4
15
26
35
34
30
27
20
11
6
-1
-7
-11
-9
5
6
0
-2
-17
-28
-26
-30
-28
-22
-27
-28
-14
-12
-29
-36
-35
-37
-28
-21
-20
-7
12
10
12
15
10
11
-1
-8
-14
-21
-24
-34
-24
-14
-12
-5
1
16
22
14
11
-5
-13
-9
-7
1
-3
-2
11
16
24
28
28
9
-13
-23
-34
-28
-14
-9
-11
-8
-13
-27
-20
-1
-2
-8
-9
-8
1
11
14
18
24
28
23
17
16
11
4
1
-13
-21
-17
-22
-14
-2
-2
-1
3
-3
-4
-2
-5
6
18
18
26
29
13
-2
-16
-15
-15
4
17
24
38
40
34
19
14
12
7
9
13
8
4
10
7
15
21
4
7
8
-10
-20
-34
-49
-39
-27
-15
-6
-9
-21
-26
-16
-6
12
19
13
18
25
28
29
31
31
26
21
18
23
22
6
0
1
-2
6
-1
-13
-16
-32
-40
-29
-13
-12
-7
-5
-19
-13
-7
-11
-9
-1
-6
-6
7
9
4
11
16
9
8
9
4
-2
-15
-23
-13
-9
-11
8
15
1
6
2
-15
3
6
-15
2
17
8
7
-3
-8
5
6
-6
-8
-13
-27
-23
-17
-26
-19
-18
-22
-5
-5
-19
-18
-29
-48
-27
-10
-14
-2
11
7
7
3
-10
-9
-11
-14
-2
9
13
15
9
0
14
25
22
35
41
22
20
23
11
17
29
15
13
20
5
5
14
6
10
23
5
-5
11
3
-1
16
1
-9
5
-9
-16
-10
-17
-15
5
3
-1
18
1
-14
-7
-12
-16
-6
-11
-24
-22
-20
-19
-1
9
3
7
4
-6
-16
-17
-17
-14
-15
-15
1
12
18
28
33
24
19
20
13
16
16
6
15
32
20
12
25
18
8
7
-4
-2
5
-6
-10
3
-4
-15
-4
-9
-17
-7
-18
-10
10
-6
-14
0
-4
-2
20
16
15
33
24
14
22
8
-9
1
-3
-16
-6
-25
-30
-20
-33
-31
-28
-27
-19
-14
-29
-21
-2
-2
8
12
-2
-12
-29
-55
-53
-47
-59
-49
-36
-32
-15
7
6
3
9
5
-3
-6
-7
-5
7
8
12
31
49
56
62
58
52
52
44
41
49
37
24
20
10
13
20
14
11
16
9
-7
-8
-4
-17
-20
-15
-18
-13
-9
-10
-4
5
7
3
7
-7
-21
-31
-37
-31
-32
-30
-17
-23
-32
-26
-32
-33
-27
-20
-36
-28
-18
-19
1
11
6
9
11
0
2
10
11
20
33
32
22
16
7
10
12
11
20
27
28
31
35
37
43
40
32
34
34
27
37
35
19
17
17
0
-24
-18
-13
-15
-12
-20
-28
-33
-36
-43
-49
-42
-43
-39
-21
-8
0
1
1
-1
-2
-4
-7
-8
-10
-6
2
13
11
11
18
20
23
22
16
19
21
29
45
48
38
26
7
-6
-12
-15
-13
-4
0
-10
-14
-15
-25
-27
-23
-24
-25
-20
-27
-36
-41
-39
-25
-26
-26
-23
-27
-21
-11
2
6
15
19
12
13
11
-1
2
9
1
3
1
2
9
9
3
-2
-3
-7
9
21
32
39
44
38
29
23
-3
-13
-12
-28
-37
-33
-32
-28
-19
-16
-16
-9
-6
-9
-10
-10
-10
-7
-4
1
5
3
-4
-4
-2
0
5
21
38
40
36
26
15
6
-3
-13
-23
-18
0
17
29
22
17
18
18
12
-5
-20
-26
-28
-19
-1
10
13
14
10
3
0
-9
-13
-8
2
-2
0
13
25
29
24
24
18
19
20
19
26
25
13
6
7
-1
-4
-5
-10
-8
-3
1
4
0
-11
-15
-3
-6
-13
-3
10
17
32
48
45
48
33
17
12
1
-9
-18
-16
-21
-26
-23
-15
-17
-22
-21
-20
-23
-34
-43
-40
-38
-44
-40
-37
-33
-21
-20
-22
-32
-28
-17
-10
5
8
6
7
17
23
15
13
22
24
19
0
-14
-12
-6
-1
1
4
12
12
-8
-17
-13
-12
-11
-11
-12
-16
-13
6
23
38
21
-4
-15
-28
-33
-47
-56
-45
-38
-30
-29
-25
-18
-14
6
19
11
9
15
11
9
10
4
7
17
28
28
22
13
0
2
8
14
22
21
18
33
43
32
36
52
50
43
28
18
14
20
29
34
37
32
24
33
36
38
38
31
26
18
17
10
0
2
14
25
16
-2
-16
-32
-35
-27
-26
-28
-26
-35
-38
-42
-51
-36
-30
-31
-21
-18
-9
1
-6
-5
-2
-11
-25
-28
-30
-15
5
19
19
1
1
9
7
0
3
1
3
10
10
7
2
9
15
7
1
-8
-27
-28
-13
-10
-19
-16
0
5
-6
-16
-25
-32
-26
-19
-19
-5
-1
-12
-5
9
0
0
10
3
11
27
15
1
1
-5
-8
4
11
4
0
-14
-28
-33
-39
-44
-29
-11
-12
-6
-6
-6
11
10
-6
-15
-30
-45
-45
-43
-41
-34
-20
-12
-13
-18
-19
-8
4
10
19
18
13
19
18
20
25
24
25
28
29
29
37
45
49
63
62
52
46
37
29
35
34
35
33
32
31
30
42
43
43
43
35
41
34
23
18
15
13
2
3
-2
-3
4
-15
-12
0
-9
-9
-1
1
-11
-14
-21
-42
-47
-47
-48
-45
-41
-40
-42
-34
-23
-19
-4
21
29
25
17
-9
-24
-24
-26
-28
-19
-13
-8
16
25
26
36
32
21
20
8
-9
-31
-35
-25
-23
-21
-33
-35
-33
-44
-35
-23
-23
-10
-1
-15
-36
-43
-43
-44
-39
-34
-36
-36
-32
-16
2
13
18
21
20
9
-4
-8
-2
0
-3
-4
-12
-10
-1
0
3
13
25
31
27
22
23
19
13
10
1
-4
15
30
32
27
19
26
24
15
19
15
15
13
11
21
24
22
24
25
10
-8
-17
-11
-6
-4
-10
-17
-17
-18
-10
-5
-6
-8
-9
-8
3
14
7
-2
7
13
8
11
7
-5
-2
-2
4
15
17
29
48
47
34
26
17
14
1
-12
-18
-19
-20
-14
3
4
3
8
19
27
23
17
10
13
14
1
-1
0
-4
0
20
23
17
20
21
23
14
7
-3
-3
-9
-19
-24
-36
-43
-39
-32
-18
-3
6
10
6
-3
-8
-11
-32
-31
-28
-35
-28
-22
-30
-27
-12
-11
-16
-25
-44
-55
-49
-47
-57
-60
-59
-53
-43
-27
-5
9
14
18
15
9
4
4
14
25
36
45
52
67
76
70
54
44
36
25
23
19
12
0
-4
-3
-7
-3
3
2
-7
-17
-28
-37
-28
-26
-30
-34
-34
-32
-35
-29
-20
-13
-2
11
17
21
15
4
-8
-8
-2
0
4
6
11
13
14
9
-5
-24
-35
-26
-24
-22
-12
-2
1
-5
-7
3
12
19
28
40
50
55
58
70
73
73
73
62
51
33
24
29
33
27
15
8
5
11
6
-2
-1
-6
-14
-20
-18
-16
-22
-26
-29
-31
-25
-14
-7
-9
-15
-16
-13
-12
-15
-18
-19
-23
-24
-16
-9
1
15
26
30
26
14
-3
-7
-3
-8
-9
-3
0
9
15
18
2
-6
3
-3
-7
-18
-34
-28
-17
-16
-6
4
-2
-4
7
21
17
13
3
-11
-12
-23
-30
-27
-28
-29
-22
-19
-19
-22
-20
-14
-16
-33
-37
-33
-33
-39
-43
-43
-48
-35
-21
-9
-1
-4
1
15
18
18
25
30
18
10
13
12
1
5
10
17
17
18
21
18
17
14
17
9
3
3
-6
-5
-12
-10
-3
-3
6
12
14
3
-2
-2
-4
-5
-8
-14
-21
-17
-15
-6
0
2
13
27
46
64
78
80
79
78
67
65
65
53
39
33
25
14
7
-1
-6
-9
-14
-12
-4
0
-1
-3
-6
-5
-3
-6
-11
-24
-18
-10
-9
-12
-21
-12
-6
4
4
-7
-13
-16
-9
-10
-14
-19
-23
-11
-11
-15
-5
0
4
15
19
19
22
21
13
12
13
6
2
-4
-12
-15
-21
-26
-25
-29
-30
-18
-7
-11
-23
-32
-31
-42
-48
-47
-48
-46
-42
-42
-48
-46
-53
-67
-54
-43
-41
-34
-27
-27
-22
-10
1
13
17
9
0
8
19
30
37
37
37
43
37
24
15
5
9
13
21
35
44
54
59
55
48
39
36
35
33
27
27
43
50
41
26
17
14
4
-1
-5
-7
-19
-35
-38
-38
-40
-38
-30
-29
-24
-33
-38
-31
-25
-30
-33
-30
-32
-39
-36
-19
0
12
5
8
12
5
20
37
47
42
35
36
40
41
39
45
43
44
47
45
42
49
57
61
53
42
30
14
-1
-16
-25
-29
-25
-19
-17
-15
-22
-26
-21
-24
-36
-27
-11
2
-5
-14
-18
-25
-32
-33
-22
-23
-31
-27
-34
-36
-24
-16
-7
-3
-2
3
1
-8
-19
-18
-12
-3
-10
-21
-18
-22
-15
-8
-5
-4
-14
-4
-2
-6
-5
-20
-23
-24
-23
-15
3
13
20
24
18
18
19
22
15
20
18
8
1
-2
-1
-3
-5
2
10
18
24
24
24
27
29
23
9
-9
-16
-10
-13
-1
9
12
9
-2
-9
-14
-17
-10
-3
0
-1
-9
-17
-11
-4
-9
-16
-21
-24
-31
-25
-23
-16
-7
-2
14
29
38
31
22
13
9
12
5
-1
-2
0
11
21
25
20
18
16
2
-1
4
-2
-2
4
15
17
14
12
15
11
4
0
5
10
-4
-5
-1
-6
-1
2
9
9
-8
-15
-17
-15
-14
-18
-19
-25
-24
-10
-1
-7
-17
-15
-4
-1
4
9
2
2
10
6
18
25
20
17
14
25
25
24
37
49
43
38
38
26
13
10
20
16
3
-9
-23
-32
-33
-26
-13
-8
-6
-4
-9
-12
-17
-17
-19
-24
-31
-40
-51
-60
-54
-44
-43
-47
-39
-29
-17
2
14
20
24
17
8
-1
-9
-17
-5
2
7
17
17
13
12
6
-4
-7
-7
-10
-20
-27
-22
-19
-13
-6
-4
2
-2
-10
-18
-19
-15
-8
0
4
4
5
3
17
33
28
26
21
17
12
11
11
13
17
18
29
34
37
30
25
24
7
7
3
2
0
8
23
19
11
1
-3
-1
-3
-7
-7
-9
-12
-16
-23
-20
-15
-4
2
9
10
4
12
18
19
21
17
0
-16
-10
-8
-11
0
2
0
8
21
18
17
19
14
11
11
5
12
15
13
16
14
9
12
11
7
2
-2
-5
-13
-12
-20
-22
-14
-8
0
4
4
0
-11
-14
-20
-29
-39
-45
-39
-36
-39
-33
-27
-25
-19
-17
-30
-41
-39
-34
-25
-15
-12
-14
-4
-8
-15
-14
-8
2
10
13
-11
-19
-9
1
3
1
-5
8
26
35
40
52
66
65
70
66
47
30
19
26
32
26
11
-1
7
8
6
16
27
22
11
9
1
-9
-15
-15
-16
-15
-15
-12
-9
-17
-23
-18
-4
-2
-10
-10
-13
-14
-23
-26
-21
-22
-20
-21
-18
-23
-25
-20
-16
-14
-17
-17
-13
-7
6
10
4
4
3
7
1
-13
-20
-17
-22
-36
-30
-18
-6
1
6
7
-1
-8
-6
9
15
29
46
37
32
40
42
36
43
44
43
47
48
52
48
37
28
23
15
6
-3
-18
-27
-33
-27
-8
-8
-10
-12
-20
-24
-18
-2
5
-3
-15
-25
-29
-24
-25
-20
-4
3
8
14
23
27
20
14
6
-6
-11
-13
-7
-6
-9
5
6
-7
-21
-19
-3
2
6
12
13
8
8
9
12
17
8
5
6
-2
-8
-15
-16
-19
-28
-45
-49
-38
-33
-21
-14
-12
-5
0
-5
-13
-15
-14
-15
-16
-9
1
11
19
28
36
36
27
29
31
21
3
-6
0
-7
-12
-12
-1
15
20
21
13
2
-14
-26
-29
-24
-25
-30
-13
3
8
3
7
13
-6
-14
-16
-16
-17
-20
-17
-11
-4
8
16
7
-2
2
2
-3
-8
-10
-5
-14
-6
14
19
19
21
21
23
20
5
-2
-7
-11
-14
-7
6
18
38
35
10
-1
-9
-8
-2
-4
-4
5
17
22
25
12
8
22
30
18
6
6
12
19
31
43
42
24
21
25
22
13
8
14
6
-4
-11
-13
-21
-25
-27
-21
-8
1
-5
-4
-2
-21
-29
-28
-32
-28
-23
-30
-37
-23
-2
7
18
23
19
22
7
-10
-14
-20
-22
-12
-2
-3
-12
-10
4
1
-11
-19
-24
-34
-37
-33
-22
-1
-2
-5
3
-4
-13
-3
10
16
14
0
-6
-3
-4
8
23
25
24
17
12
8
4
-3
-11
-18
-22
-13
-5
-1
-5
-8
-1
12
14
-2
-13
-15
-22
-26
-24
-32
-30
-22
-5
4
-10
-18
-11
-1
12
27
38
48
43
43
42
29
11
5
8
6
-9
-17
-1
16
15
22
29
16
-6
-8
1
8
9
17
25
17
12
17
18
9
10
15
21
18
8
10
11
6
-9
-24
-30
-33
-22
-13
-11
-24
-29
-28
-28
-23
-19
-6
-1
-9
-7
-5
-10
-9
0
6
-5
-7
5
9
3
17
32
35
32
23
17
10
10
13
25
26
8
0
3
3
0
5
16
12
5
6
11
15
9
11
9
-6
-5
-1
-2
0
2
1
5
9
9
12
4
-3
-6
-18
-37
-50
-41
-32
-36
-48
-47
-37
-28
-21
-12
-2
-8
-18
-19
-20
-38
-49
-42
-31
-19
-15
-1
14
21
33
33
9
-11
-24
-32
-22
-9
-1
6
5
-5
3
8
-1
-13
-18
-20
-29
-30
-23
-14
-21
-25
-7
3
9
21
27
32
33
40
45
36
31
44
61
64
63
64
64
57
44
43
44
41
39
30
19
2
-4
5
19
19
14
22
15
3
1
7
-2
-26
-37
-36
-30
-42
-56
-45
-51
-54
-38
-25
-20
-38
-38
-31
-33
-35
-34
-21
-30
-45
-36
-19
-4
7
23
37
28
12
17
25
30
35
36
27
17
16
19
25
18
14
21
24
22
16
23
30
21
10
13
12
-8
-14
-4
5
1
4
13
11
6
0
1
-5
-17
-13
-7
-21
-38
-30
-19
-15
-12
-6
-1
-8
-26
-27
-29
-39
-45
-37
-32
-43
-47
-29
-24
-35
-24
6
25
14
2
-5
-14
-22
-11
22
39
21
17
35
45
42
30
26
15
-7
-16
-17
-20
-32
-40
-25
-11
-17
-22
7
34
44
54
70
58
36
24
16
2
-24
-38
-34
-22
-23
-23
-16
-12
-8
5
18
0
-39
-46
-41
-46
-51
-46
-39
-28
-14
18
43
38
37
44
44
31
16
19
9
-13
-3
25
31
25
32
53
53
43
37
36
31
15
16
23
19
4
-2
2
2
0
0
7
6
-18
-19
-4
-11
-22
-24
0
5
-10
0
15
19
17
30
43
30
8
8
19
20
11
2
3
16
27
37
32
19
12
8
11
2
-10
-18
-28
-33
-31
-36
-55
-65
-53
-39
-43
-43
-49
-68
-78
-77
-71
-74
-75
-56
-40
-33
-25
-16
-13
-17
-19
-15
-21
-29
-22
-13
-14
-16
2
21
29
29
20
28
34
33
40
35
18
0
2
-1
-12
-5
6
15
21
34
39
29
22
31
36
13
-4
11
23
17
8
2
9
6
12
27
26
14
17
37
50
45
50
49
29
12
18
26
16
10
20
26
19
19
25
21
6
0
-3
-10
-15
-12
-7
-22
-40
-50
-45
-44
-48
-41
-33
-26
-24
-10
0
-8
-6
-2
-4
7
6
-1
3
0
1
9
8
-3
-11
-14
-27
-27
-8
2
7
18
12
8
-4
-20
-18
-8
-8
-16
-14
-7
-9
4
29
38
31
30
34
22
11
3
-10
-10
-13
-10
-10
-26
-30
-17
-19
-23
-17
0
27
32
39
40
25
7
-1
-6
-20
-14
6
10
-6
-6
21
21
13
27
42
30
-2
-12
-14
-35
-53
-50
-39
-43
-40
-12
6
-7
-17
-5
-4
-10
-10
-1
-3
-13
-1
7
2
-10
-14
0
2
-6
-5
-9
-24
-35
-13
5
-4
-6
-2
-18
-35
-43
-29
-17
-14
1
9
9
0
8
30
31
23
34
41
34
22
24
25
16
20
20
21
16
16
30
36
39
46
50
48
37
27
19
10
2
2
5
11
13
16
18
11
8
14
10
-7
-16
-26
-33
-25
-33
-45
-44
-28
-14
-13
-20
-18
-13
-8
-3
3
6
-5
-1
13
23
16
4
3
-2
-18
-25
-24
-24
-15
-13
-13
-16
-15
-1
0
-6
-3
4
7
3
-1
0
-5
-17
-33
-38
-28
-17
-12
-1
19
17
9
4
1
3
7
14
20
8
-10
-6
5
1
9
24
21
16
20
38
52
44
41
42
28
-1
-6
9
9
0
6
5
-10
-22
-16
-17
-31
-33
-28
-22
-18
-8
-6
-11
-23
-32
-38
-49
-62
-58
-50
-51
-38
-14
6
-4
-10
8
11
-1
-13
-17
-27
-36
-23
-8
0
1
9
21
26
40
54
55
36
22
6
-11
-16
-19
-14
-8
0
20
51
60
56
49
36
26
22
24
19
6
4
18
31
32
26
20
22
13
2
5
15
6
-6
-1
-1
-10
-7
15
20
1
-28
-44
-47
-62
-72
-63
-57
-55
-35
-9
2
-1
9
18
19
19
21
30
23
23
43
61
52
52
72
76
71
71
76
55
25
15
20
10
-8
-7
-7
-18
-34
-26
-21
-38
-48
-48
-42
-63
-72
-59
-58
-58
-55
-46
-49
-53
-41
-27
-22
-23
-23
-29
-37
-29
-15
-17
-13
5
14
12
12
14
1
-14
-11
-8
-1
2
6
11
-7
-14
-9
-6
-10
-17
-10
-9
-19
-19
-7
-12
-25
-22
-15
-12
-5
6
14
9
8
16
17
19
29
38
45
56
67
82
77
68
71
65
60
53
53
57
45
37
37
26
13
10
1
-2
4
-3
-13
-14
-7
-13
-19
-12
-18
-22
-22
-23
-18
-22
-31
-19
-8
-11
-5
1
-10
-19
-17
-23
-27
-35
-29
-22
-23
-28
-28
-24
-30
-26
-15
-20
-31
-27
-18
-19
-29
-19
-11
-9
-1
5
15
26
27
23
16
15
30
36
38
38
41
37
31
35
41
35
22
24
26
17
13
11
11
2
-7
-4
-6
-9
-2
9
-3
-26
-25
-14
-28
-33
-17
-19
-38
-39
-25
-26
-35
-19
5
-1
-20
-10
5
-6
-22
-20
-24
-54
-62
-36
-17
-21
-22
2
16
12
16
30
28
17
19
31
35
27
33
48
47
28
14
15
8
7
19
23
24
18
14
16
9
-5
-13
-18
-30
-53
-60
-60
-59
-50
-45
-35
-17
-13
-24
-29
-17
-11
-20
-16
0
1
-2
7
31
42
41
39
44
40
19
17
30
28
20
18
21
19
12
24
42
36
21
19
23
20
19
34
45
36
29
17
1
-16
-18
-2
-3
-25
-30
-20
-31
-45
-37
-32
-35
-41
-37
-30
-35
-32
-17
1
8
7
4
8
0
-10
-5
-1
-13
-18
-17
-19
-14
-9
14
31
27
24
26
21
2
-6
-8
-13
-21
-17
0
16
20
26
22
10
16
17
19
8
-5
-8
-16
-10
8
26
30
24
23
10
-3
-8
-3
-8
-10
-1
2
-4
-2
10
23
10
-7
-1
-6
-28
-30
-12
-2
-10
-8
10
8
2
7
8
-3
-16
-20
-32
-36
-33
-14
0
-2
4
11
10
-5
-12
-8
-17
-24
-20
-23
-27
-24
-20
-14
-19
-20
-25
-28
-26
-17
-6
-14
-7
3
7
12
13
11
4
-5
-6
-5
-16
-23
-13
3
15
21
30
35
27
34
41
41
40
38
32
20
18
12
19
30
41
62
65
62
56
38
8
-7
-4
-10
-18
-9
0
-15
-16
10
13
6
2
4
-14
-36
-25
-15
-37
-57
-38
-30
-43
-40
-16
-14
-33
-27
-3
9
8
19
40
28
5
16
26
5
-6
11
23
15
10
24
33
22
19
14
-3
-19
-31
-27
-27
-26
-17
-5
2
6
14
17
21
27
26
14
7
8
-1
-14
-10
-13
-23
-32
-24
-14
-25
-30
-19
-14
-15
-11
-2
-11
-39
-62
-63
-64
-66
-55
-36
-15
6
26
20
24
40
33
28
25
17
9
4
25
29
20
7
12
27
27
40
35
15
-1
-13
-9
-13
-27
-24
-26
-34
-31
-13
5
1
-8
-2
-4
-18
-22
-20
-22
-22
-10
-2
-9
-2
20
35
36
40
51
58
46
30
29
33
31
26
32
23
8
3
7
-1
-9
-3
-3
-5
1
5
3
-9
-20
-10
-7
-9
0
-1
-12
-18
-14
-10
-6
5
3
0
-7
-15
-12
-20
-31
-34
-32
-38
-34
-16
-3
4
2
-5
-10
-6
5
19
19
19
22
30
35
35
31
21
27
30
21
26
35
44
38
32
41
39
21
5
8
3
-8
-2
7
-4
-26
-21
-12
-33
-49
-33
-14
-12
-4
2
-16
-37
-32
-8
-12
-40
-42
-38
-53
-57
-37
-18
-20
-18
-1
-6
-19
-12
-9
-24
-34
-19
-10
-33
-32
-14
-21
-29
-9
25
21
10
36
41
22
13
16
7
-13
3
38
38
26
45
51
16
-2
16
19
6
16
31
20
-4
10
24
8
12
31
25
-1
-2
17
3
-16
-10
-13
-37
-42
-23
-29
-52
-40
-15
-22
-32
-22
-11
-26
-31
-9
-19
-47
-25
8
-2
-4
27
49
40
50
84
63
16
9
19
1
-18
17
41
25
34
67
71
40
41
57
34
5
14
25
1
-2
26
26
-4
6
30
16
-21
-17
0
-38
-56
-25
-15
-38
-43
-20
-30
-66
-48
-7
-16
-25
0
11
-11
-22
7
11
-12
-5
8
-7
-35
-25
-10
-29
-36
-21
-13
-23
-7
20
12
8
24
21
-13
-27
-9
-15
-38
-44
-23
-22
-36
-3
26
17
8
20
27
1
-10
5
9
-9
-12
4
5
-9
-10
-3
-5
-8
8
11
6
15
35
40
32
29
17
10
-7
-12
-21
-33
-27
-18
2
31
46
43
41
39
34
21
12
8
2
-4
3
5
3
7
14
14
-2
-4
0
-8
-12
2
15
8
-16
-20
-28
-50
-39
-29
-42
-55
-48
-37
-44
-36
-10
-5
-20
-14
-14
-27
-32
-11
10
4
5
23
32
19
20
37
35
23
40
59
50
44
64
67
32
23
41
31
2
2
27
20
10
32
47
24
10
21
16
-13
-21
1
-5
-33
-41
-39
-51
-57
-40
-20
-19
-13
3
-2
-20
-16
0
-9
-24
-1
9
-6
-4
14
15
-1
14
30
8
-21
-17
-3
-7
-4
15
17
-6
-17
9
2
-22
-6
2
-21
-37
-12
-1
-11
-5
15
15
-8
-10
-1
-18
-33
-25
-16
-36
-48
-33
-30
-34
-20
4
2
-10
-2
3
-9
-6
4
-2
-21
-24
-8
-15
-17
-3
5
0
-3
14
18
20
28
36
20
3
10
28
31
32
48
53
33
30
41
33
27
43
49
32
28
35
31
21
23
32
13
-4
-1
-4
-12
-6
0
-12
-36
-39
-26
-33
-40
-18
-3
-32
-55
-41
-43
-63
-63
-44
-37
-53
-47
-26
-34
-41
-24
-2
-5
-8
14
12
-9
2
20
21
31
55
70
50
37
51
53
42
51
62
49
27
36
47
36
20
15
6
-17
-5
10
-2
-21
-25
-15
-16
-14
1
2
-22
-28
-17
-6
-6
-12
-10
-16
-16
-7
9
17
19
22
19
6
-8
0
0
-13
-8
6
12
16
23
20
11
15
13
7
9
3
-5
-23
-30
-39
-46
-46
-37
-25
-36
-34
-42
-56
-50
-44
-43
-56
-49
-33
-35
-39
-39
-24
-19
-17
-10
-1
3
-4
4
3
-12
-6
4
11
22
40
58
50
49
46
49
53
38
34
34
24
15
16
14
7
11
20
16
10
13
15
18
21
29
22
3
-2
3
8
10
15
8
-4
-18
-25
-17
-17
-24
-30
-26
-33
-41
-33
-21
-9
-15
-11
-11
-19
-16
-2
7
-4
-13
-3
16
24
24
38
44
30
28
40
42
19
16
33
39
34
28
33
28
20
21
23
17
16
19
16
8
5
7
-4
-14
-14
-11
-27
-42
-45
-43
-43
-48
-46
-49
-55
-52
-40
-36
-37
-24
-11
-14
-17
-14
-14
-20
-13
-9
-7
-10
-10
7
8
3
11
28
36
37
51
54
31
10
1
-1
-3
-7
-2
0
-16
-28
-21
-17
-29
-37
-26
-19
-23
-16
-3
7
6
13
25
25
9
0
10
16
25
29
24
23
24
29
33
42
35
23
22
24
19
0
-19
-31
-35
-32
-16
-2
5
15
22
25
10
-6
-8
-17
-23
-20
-24
-31
-39
-38
-35
-39
-31
-22
-24
-28
-25
-20
-23
-27
-18
-11
-19
-14
7
9
-1
15
49
53
42
54
55
30
13
24
26
8
-2
6
3
2
10
11
0
-2
13
13
-4
-5
3
1
3
17
29
21
20
35
45
42
37
44
39
22
22
27
19
13
21
19
-6
-15
-16
-34
-48
-47
-42
-35
-31
-16
-9
-23
-28
-24
-27
-39
-36
-33
-38
-41
-27
-14
-15
-9
-10
-24
-31
-33
-36
-45
-49
-35
-26
-24
-13
8
14
10
19
27
11
1
9
15
11
18
35
43
43
39
47
53
54
49
51
49
29
20
2
-21
-30
-16
-1
-2
6
20
23
27
30
23
20
7
-13
-19
-15
-24
-22
0
16
15
16
23
21
11
7
-2
-14
-25
-33
-36
-40
-28
-12
-7
-12
-25
-25
-33
-45
-45
-40
-38
-28
-6
-5
-21
-38
-48
-57
-63
-56
-46
-44
-34
-14
-1
9
11
10
7
1
0
5
19
30
14
14
21
31
54
69
73
68
59
43
32
28
22
30
36
33
23
16
17
15
20
21
19
12
9
18
17
9
9
3
-1
-1
4
4
0
7
17
24
31
39
40
25
11
11
11
12
16
31
20
11
5
-17
-31
-41
-50
-65
-79
-71
-61
-53
-48
-52
-55
-52
-38
-25
-29
-43
-54
-58
-58
-48
-25
-4
7
25
34
15
-2
-5
0
4
11
25
31
32
39
44
43
53
62
57
51
43
36
21
4
3
0
-17
-29
-33
-38
-44
-38
-16
-11
-26
-31
-25
-22
-15
5
9
-2
-15
-15
-16
-18
-4
4
2
-5
-15
-19
-28
-31
-22
-13
-9
-5
-3
1
3
13
26
32
34
27
13
2
3
-2
-11
-8
6
13
20
45
55
57
59
66
55
19
-1
-7
-11
-10
-2
16
22
23
26
15
-12
-21
-12
-11
-20
-32
-44
-56
-46
-17
4
-1
1
19
29
34
36
42
17
-7
-11
-5
-7
-18
-9
-13
-20
-17
-14
-21
-30
-13
-1
-2
3
7
-5
-10
5
15
4
-1
6
-1
-10
-13
-12
-15
-11
10
19
17
23
33
25
0
-11
-22
-28
-20
-11
3
9
11
28
28
26
34
30
17
7
7
6
1
3
17
22
21
31
45
31
18
12
-11
-36
-41
-32
-36
-35
-18
-13
-38
-54
-37
-29
-34
-38
-35
-46
-62
-54
-44
-45
-44
-35
-33
-36
-25
-6
0
3
14
22
18
15
19
19
20
33
35
23
32
41
37
24
24
37
41
29
15
3
-22
-32
-23
-14
-5
3
15
16
17
21
13
11
10
17
12
11
21
19
10
17
25
23
20
15
9
-8
-24
-16
1
-3
-9
-3
-4
-7
-6
-3
-11
-14
-7
4
13
18
30
19
0
-13
-28
-35
-32
-19
-21
-28
-21
-10
-7
-14
-15
-9
-14
-13
-4
-7
-18
-16
3
8
8
28
44
45
43
43
40
30
24
26
25
10
10
16
9
0
3
7
5
1
-1
-8
-9
-3
1
-2
-17
-23
-16
-26
-34
-30
-20
-11
7
28
36
34
25
16
-8
-31
-35
-27
-16
-23
-20
-9
-14
-10
-8
-12
-17
-17
-17
-21
-30
-20
3
7
10
22
27
26
18
21
24
13
6
4
-4
-22
-26
-9
0
-8
-12
-19
-30
-34
-29
-27
-25
-18
-22
-30
-35
-35
-29
-29
-23
-15
-9
-2
2
13
22
25
25
21
11
4
1
-10
-14
-3
-4
-12
1
21
31
28
30
34
26
15
14
12
-11
-14
-4
3
4
13
20
9
4
3
7
5
2
7
6
5
4
20
36
43
48
47
53
69
89
95
83
66
61
64
65
61
54
40
25
6
-13
-22
-30
-31
-33
-34
-37
-43
-46
-49
-56
-59
-55
-63
-63
-50
-47
-54
-46
-45
-55
-64
-52
-33
-33
-25
-13
-9
-25
-32
-10
3
-2
3
25
31
23
23
29
11
-5
-2
-3
-24
-27
-6
-2
1
11
13
-5
-9
5
13
1
-13
-10
-10
-8
4
13
12
10
24
26
13
17
27
21
10
14
17
-6
-13
-9
-15
-24
-33
-32
-50
-54
-31
-21
-22
-14
0
0
-12
-11
-9
-25
-27
-5
2
-6
11
36
34
25
49
67
42
28
39
43
23
27
47
34
16
24
36
26
28
46
40
21
20
30
17
0
10
15
-3
-4
15
6
-25
-36
-31
-41
-32
0
6
2
-6
5
4
-19
-17
-3
0
-8
-12
-13
-19
-21
-9
-1
-3
1
9
-1
-12
-1
6
-6
-5
0
-8
-16
-13
-16
-32
-38
-37
-41
-51
-54
-40
-33
-32
-20
-24
-30
-27
-12
-1
1
10
18
22
31
43
43
27
29
36
22
15
17
29
31
34
52
54
48
52
50
34
24
13
1
-9
-6
5
8
1
0
5
3
-12
-20
-20
-24
-15
0
0
-17
-10
5
14
27
30
13
-16
-35
-51
-71
-76
-69
-61
-56
-37
-28
-33
-41
-40
-31
-31
-15
-2
-6
-10
-3
7
5
7
11
-4
-21
-28
-17
-12
-6
8
10
9
2
1
1
-4
0
3
8
15
26
32
42
49
35
25
27
30
18
19
25
19
10
21
36
23
4
20
25
-3
1
41
45
24
38
75
58
20
45
51
-15
-37
4
19
-12
3
45
25
2
26
32
-21
-54
-21
-11
-44
-32
9
1
-30
-2
20
-22
-27
10
0
-41
-36
-5
-21
-43
-15
-10
-41
-31
0
-4
-25
-6
2
-41
-47
-10
-12
-41
-38
-23
-56
-81
-42
-37
-68
-49
7
5
-27
17
64
21
-3
40
37
-10
1
49
17
-25
21
51
14
1
46
42
-7
26
82
44
13
61
82
31
19
63
40
-3
24
44
-18
-36
21
17
-40
-27
19
-20
-48
6
15
-59
-77
-13
-30
-94
-44
28
-3
-46
2
14
-69
-70
-15
-57
-94
-31
17
-33
-39
24
13
-43
-22
26
-23
-62
18
43
-48
-48
45
22
-53
2
72
5
-39
56
73
-42
-46
61
37
-69
0
86
6
-39
67
107
-18
-29
92
72
-29
17
110
34
-43
38
69
-29
-38
60
42
-49
17
110
44
3
66
72
-6
-1
75
46
-21
32
71
-4
-20
50
54
-21
2
49
-9
-61
2
33
-36
-30
53
46
-20
8
54
-7
-55
-12
-6
-84
-90
-13
-34
-79
-39
-1
-51
-89
-39
-40
-100
-68
-11
-36
-69
-21
1
-53
-41
-6
-45
-86
-30
19
-28
-32
38
17
-75
-42
34
-15
-81
-24
-1
-97
-102
5
7
-76
-13
94
58
-8
59
105
-4
-44
47
20
-92
-44
66
20
-47
34
78
-23
-35
69
69
-33
-17
76
24
-22
87
140
40
4
110
89
-23
35
125
41
-18
78
115
16
1
128
124
29
68
134
42
-40
53
74
-59
-69
53
12
-109
-57
55
-20
-94
12
30
-100
-106
8
-33
-152
-67
52
-47
-131
-17
29
-85
-76
53
21
-106
-59
34
-43
-104
4
59
-46
-52
67
43
-73
-30
45
-45
-108
1
59
-31
-27
78
58
-25
0
65
-20
-91
-11
4
-70
-52
50
28
-53
-2
50
-20
-54
8
20
-73
-66
32
10
-36
49
104
32
-4
71
56
-46
-3
86
40
-7
65
91
10
16
122
96
-4
19
74
3
-47
44
100
27
16
102
72
-41
-31
34
-35
-104
-55
-38
-118
-125
-19
-1
-58
-18
57
12
-32
28
46
-38
-70
-12
-48
-147
-124
-68
-111
-133
-47
-18
-101
-105
-23
-34
-98
-68
-7
-71
-125
-39
-1
-65
-44
63
55
-4
58
152
87
29
129
165
66
58
166
156
62
108
163
99
54
136
192
110
114
196
193
95
74
160
110
18
72
109
53
17
43
33
-33
-23
-12
-91
-135
-126
-167
-281
-346
-306
-282
-275
-250
-244
-276
-276
-243
-241
-234
-167
-56
-69
-159
-139
-92
-157
-121
33
97
98
129
253
260
200
277
359
343
329
397
398
297
324
348
274
158
69
112
100
60
157
220
165
66
28
-25
-135
-182
-127
-99
-80
13
-10
-125
-202
-211
-281
-362
-349
-399
-399
-275
-196
-178
-194
-211
-231
-220
-208
-207
-166
-145
-97
-128
-195
-138
-148
-48
103
134
221
271
362
461
371
348
399
350
260
158
145
104
17
63
157
216
308
458
463
294
229
213
18
-165
-190
-162
-194
-257
-186
-65
-20
27
41
-11
-109
-278
-362
-345
-398
-348
-371
-451
-360
-321
-306
-344
-295
-89
-25
-1
111
125
10
-18
58
-130
-238
-106
60
144
166
237
182
124
82
108
57
-27
121
148
53
-40
-8
39
-181
14
324
248
158
-275
-37
248
169
49
-446
-345
7
59
-331
-685
-169
559
777
485
255
-105
-195
236
-95
42
88
406
956
576
284
-100
138
503
566
876
438
450
501
318
154
-128
396
247
200
523
446
509
265
245
58
-183
-134
-282
-399
-547
-479
-500
-716
-670
-777
-828
-717
-693
-549
-590
-626
-617
-751
-928
-1053
-1103
-1037
-831
-702
-584
-498
-491
-247
-165
-102
134
92
63
62
118
232
362
608
724
597
578
800
796
718
881
1053
1258
1352
1235
1076
893
834
823
694
644
570
371
144
-174
-314
-392
-591
-683
-793
-1025
-1299
-1313
-1276
-1354
-1271
-1118
-959
-925
-862
-744
-634
-525
-583
-644
-599
-489
-344
-148
107
268
492
560
594
1010
1443
1492
1137
1366
1796
1563
1612
1965
1847
1826
2392
2315
1310
1196
1530
719
-85
7
-407
-1270
-1114
-941
-1865
-2288
-1953
-2059
-2120
-1609
-1373
-1588
-1309
-1002
-1251
-1247
-908
-707
-513
-234
-241
-303
-123
-79
-125
-75
-6
-59
92
344
54
-292
-241
39
417
961
1331
1124
1169
1766
2011
1710
1686
2160
2488
2819
2965
2226
1333
1090
906
224
-295
-389
-628
-889
-905
-1343
-2139
-2381
-2236
-2240
-2310
-2225
-2173
-2011
-1420
-1173
-1288
-1072
-798
-697
-473
-8
-1
-167
-4
-53
-381
-449
-229
-241
-225
-42
-41
99
794
1504
1417
960
1169
1738
1716
1340
1445
1760
1936
2438
2689
2044
1295
1370
1196
254
25
-70
-947
-1443
-1017
-1349
-2464
-2573
-2411
-2909
-2810
-2301
-2559
-2542
-1492
-1065
-1525
-1297
-800
-828
-531
-66
-427
-497
415
645
322
695
959
573
691
1119
687
344
741
1239
1760
2402
2271
2000
2867
3189
2368
2343
2987
3098
3361
3828
2979
1648
1632
1405
233
-212
-471
-1624
-1961
-1190
-1658
-2885
-3071
-2963
-3228
-3008
-2682
-3068
-2968
-1980
-1671
-2071
-1915
-1515
-1414
-1070
-687
-966
-1157
-776
-605
-913
-975
-756
-708
-602
-449
-534
-693
-60
1248
1833
1486
1568
2431
2932
2708
2613
2848
3354
4451
4964
3883
2819
2929
2547
1506
1233
760
-526
-686
177
-564
-2046
-2170
-2161
-2848
-2826
-2573
-3016
-2855
-1961
-1844
-1968
-1479
-1503
-1646
-925
-704
-1309
-1107
-585
-878
-1062
-698
-760
-861
-357
-491
-880
-552
-505
-469
854
2055
1485
1466
2914
3094
2199
2446
2943
2884
3828
4654
3443
2409
2798
2246
872
508
-185
-1593
-1384
-573
-1671
-2808
-2505
-2630
-3195
-2815
-2813
-3563
-3035
-1889
-1988
-2025
-1283
-1233
-1424
-699
-451
-1183
-1003
-64
-23
-278
15
108
-66
-38
7
-86
-128
-52
688
1882
2161
1658
2212
3299
3173
2455
2430
2730
3298
4253
4187
3000
2613
2730
1669
496
18
-936
-1926
-1424
-999
-2042
-2732
-2440
-2549
-2865
-2677
-2861
-3006
-2139
-1499
-1576
-1281
-929
-1041
-809
-145
-333
-736
-229
77
-183
-146
-38
-256
-387
-465
-822
-899
-634
-677
6
1338
1736
1439
2269
3244
2719
2189
2536
2680
2978
3859
3777
2756
2568
2690
1530
475
35
-958
-1660
-1101
-1083
-2216
-2559
-2241
-2662
-2991
-2832
-3216
-3315
-2363
-1731
-1772
-1268
-800
-1117
-936
-407
-1025
-1656
-1103
-726
-1159
-1223
-837
-832
-927
-844
-1022
-1110
-943
-609
462
1728
2134
2199
3297
4257
3878
3432
3593
3803
4426
5116
4610
3614
3664
3523
2178
1202
551
-631
-1297
-876
-1317
-2499
-2481
-2173
-2723
-3062
-3074
-3544
-3477
-2507
-2191
-2387
-1888
-1558
-1700
-1416
-1220
-1783
-1969
-1463
-1532
-1830
-1476
-1154
-1211
-1016
-963
-1293
-1142
-830
-901
-145
1360
1935
1994
3196
4209
3838
3508
3700
3762
4170
4984
4701
3794
3900
3804
2476
1396
622
-637
-1351
-915
-1320
-2546
-2633
-2332
-2731
-3133
-3251
-3613
-3392
-2424
-2352
-2591
-1790
-1067
-1103
-692
-152
-746
-1259
-717
-629
-1110
-937
-494
-355
-54
180
-130
-185
45
-147
314
1757
2483
2406
3369
4654
4543
4000
3985
3990
3998
4449
4299
3622
3596
3567
2478
1251
355
-1009
-2161
-2194
-2424
-3499
-3775
-3384
-3659
-4162
-4186
-4238
-4250
-3720
-3422
-3526
-3125
-2326
-1954
-1841
-1579
-1666
-1868
-1706
-1695
-2000
-1904
-1448
-1086
-747
-512
-546
-362
-183
-429
-19
1306
2032
2078
3240
4741
4798
4464
4892
5187
5254
5735
5482
4401
4246
4508
3391
2141
1669
589
-711
-833
-1144
-2593
-3127
-2565
-2769
-3333
-3235
-3257
-3295
-2603
-2228
-2606
-2288
-1425
-1364
-1405
-885
-960
-1541
-1426
-1240
-1686
-1797
-1487
-1513
-1428
-930
-838
-952
-585
-435
-555
206
1301
1825
2340
3505
4276
4255
4324
4357
4183
4328
4553
4149
3591
3415
3231
2404
1483
491
-615
-1470
-1897
-2393
-3083
-3219
-3100
-3161
-3141
-2847
-2925
-3103
-2782
-2577
-2733
-2462
-1818
-1625
-1539
-1281
-1302
-1440
-1249
-1320
-1762
-1799
-1365
-1193
-1219
-861
-461
-313
-241
377
1518
2157
2146
2669
3904
4312
4011
4172
4406
4524
5105
5208
4072
3399
3753
3013
1464
736
-75
-1374
-1537
-1211
-2328
-3396
-2901
-2621
-3148
-3087
-2913
-3226
-2792
-1925
-2167
-2368
-1697
-1299
-1377
-920
-603
-1130
-1200
-800
-1193
-1672
-1327
-1018
-1020
-678
-350
-503
-334
129
152
656
1845
2418
2338
3234
4406
4358
3982
4146
4194
4025
4201
3896
2855
2344
2424
1598
388
-262
-843
-1783
-2185
-2484
-3471
-3893
-3471
-3477
-3771
-3429
-3161
-3044
-2240
-1754
-2207
-2088
-1339
-1434
-1701
-1284
-1251
-1680
-1292
-851
-1310
-1366
-903
-869
-918
-446
-331
-514
-179
361
910
1728
2451
2800
3649
4659
4740
4537
4769
4938
4974
5062
4495
3550
3332
3210
2155
1086
497
-399
-1268
-1486
-1988
-2956
-3129
-2791
-2972
-3206
-3099
-3164
-3170
-2618
-2264
-2448
-2221
-1446
-1205
-1448
-1339
-1210
-1245
-1194
-1159
-1381
-1405
-1133
-1147
-1131
-724
-494
-536
-314
56
297
938
1929
2461
3112
4263
4735
4315
4214
4544
4384
4223
4198
3645
3182
3356
2961
1477
426
-79
-997
-1904
-2354
-3081
-3829
-3662
-3384
-3681
-3620
-3195
-3010
-2774
-2407
-2530
-2831
-2414
-2077
-2191
-1963
-1534
-1501
-1469
-1181
-1330
-1612
-1375
-1206
-1433
-1248
-684
-535
-554
-21
570
1025
1943
2854
3316
3971
4931
5047
4574
4605
4823
4582
4363
4286
3756
3317
3230
2558
1388
615
-48
-1117
-1952
-2350
-2906
-3181
-2777
-2635
-2817
-2551
-2246
-2409
-2458
-2213
-2247
-2147
-1574
-1428
-1594
-1152
-821
-1145
-1340
-1183
-1445
-1808
-1557
-1464
-1563
-1277
-881
-790
-510
61
532
1195
2027
2459
2937
3787
4094
3706
3699
4051
3968
3860
3836
3379
2931
2781
2026
711
-76
-549
-1524
-2304
-2510
-2879
-3127
-2726
-2555
-2912
-2862
-2458
-2390
-2251
-2005
-2019
-1961
-1424
-1032
-1141
-989
-698
-814
-1035
-1167
-1515
-1714
-1528
-1285
-1286
-946
-421
-226
-25
166
448
1193
2153
2553
2975
4180
5033
4798
4807
5247
5152
4886
4888
4380
3563
3456
3155
1940
1011
426
-714
-1743
-2143
-2835
-3587
-3436
-3237
-3645
-3727
-3397
-3396
-3264
-2939
-3132
-3266
-2724
-2433
-2586
-2103
-1421
-1532
-1599
-1246
-1286
-1648
-1596
-1433
-1548
-1388
-1049
-958
-645
-63
228
729
1936
2841
2961
3402
4345
4639
4300
4341
4471
4376
4428
4484
3927
3442
3442
2853
1557
580
-189
-1335
-2029
-2238
-2921
-3589
-3265
-2954
-3160
-2912
-2436
-2401
-2184
-1749
-2036
-2177
-1511
-1259
-1549
-1065
-412
-604
-553
-69
-208
-559
-109
37
-486
-433
-19
-180
-534
-449
-376
137
1261
1767
1870
2872
3948
3862
3461
3609
3564
3425
3750
3437
2509
2387
2559
1515
371
-84
-1066
-2158
-2143
-2512
-3787
-3870
-3092
-3453
-4056
-3564
-3341
-3548
-2949
-2515
-2969
-2630
-1626
-1709
-1964
-1201
-760
-960
-589
-20
-277
-353
0
-143
-312
149
462
469
852
1178
1303
1960
2938
3136
3115
3771
4426
4323
4037
3981
3831
3892
4133
3728
2977
2965
3020
1986
824
297
-664
-1839
-2109
-2461
-3437
-3620
-2886
-2867
-3026
-2403
-2133
-2218
-1751
-1593
-2350
-2397
-1750
-2003
-2362
-1741
-1339
-1410
-1045
-820
-1203
-1053
-735
-1113
-1237
-729
-794
-1050
-477
-139
-174
653
1913
2173
2423
3637
4386
4026
3858
3864
3491
3631
4223
3856
3009
3217
3359
2155
929
488
-364
-1444
-1733
-2278
-3377
-3614
-3278
-3629
-3854
-3397
-3367
-3390
-2759
-2680
-3230
-2862
-2177
-2537
-2750
-2044
-1799
-1823
-1297
-906
-940
-567
-166
-379
-297
174
225
282
866
1152
1115
1722
2588
2856
3082
3974
4741
4621
4345
4348
4342
4376
4490
4017
3174
3097
3214
2156
825
324
-376
-1587
-2291
-2776
-3687
-4024
-3538
-3442
-3515
-3155
-2919
-2763
-2290
-2226
-2819
-2628
-1972
-2057
-2016
-1293
-752
-683
-401
-159
-336
-351
-242
-362
-423
-320
-308
-239
-5
144
189
790
1768
2382
2582
2990
3721
4143
4078
3960
4073
4178
4319
4039
3320
2898
2996
2275
856
-59
-698
-1768
-2460
-2666
-3528
-4205
-3846
-3419
-3771
-3641
-3011
-2726
-2539
-2413
-2742
-2830
-2196
-2098
-2506
-2065
-1209
-1059
-959
-389
-68
26
346
394
47
148
403
272
128
348
421
550
1622
2609
2625
2786
3991
4642
4218
4041
4237
3948
3832
3877
3207
2481
2760
2561
1062
271
-73
-1312
-2505
-2614
-3448
-4588
-4362
-3765
-4125
-4022
-3209
-3089
-2973
-2376
-2506
-2965
-2209
-1562
-2047
-1972
-988
-715
-788
-176
253
215
541
528
-86
-201
255
49
-180
239
453
350
1094
2197
2515
2790
3696
4516
4583
4528
4577
4428
4313
4327
3618
2643
2381
2538
1616
286
-408
-1027
-2008
-2621
-3011
-3839
-4099
-3778
-3744
-3995
-3595
-3188
-3112
-2691
-2479
-2854
-2685
-2010
-2041
-2176
-1405
-693
-594
-320
125
241
470
717
499
485
958
1107
925
1157
1468
1377
1530
2287
2770
2927
3216
3848
4201
4136
3816
3425
3217
3168
2913
2156
1613
1440
1043
121
-708
-1530
-2470
-3234
-3581
-3964
-4359
-4205
-3796
-3453
-3130
-2901
-2790
-2459
-2205
-2368
-2600
-2351
-1998
-1823
-1521
-994
-470
-174
20
222
316
347
397
531
654
777
1023
1216
1308
1391
1457
1720
2386
2954
3037
3287
4035
4359
4059
3788
3556
3185
3019
2620
1675
1138
1265
795
-259
-800
-1265
-2122
-2634
-2845
-3649
-4240
-3884
-3545
-3636
-3341
-2930
-2816
-2546
-2257
-2499
-2604
-2041
-1798
-1876
-1420
-706
-424
-129
390
641
770
1079
1253
1233
1412
1519
1325
1241
1304
1172
1191
1700
2261
2537
2622
3001
3672
3922
3510
3157
3118
2967
2631
2108
1433
988
1023
577
-410
-1031
-1537
-2400
-2917
-3055
-3605
-4043
-3660
-3191
-3239
-3103
-2796
-2615
-2440
-2437
-2753
-2713
-2103
-1821
-1841
-1411
-722
-444
-296
49
306
494
755
826
751
834
945
925
958
1038
984
1186
1840
2363
2547
2820
3390
3925
4042
3722
3358
3432
3564
3257
2681
2162
1952
1770
1123
206
-482
-1022
-1832
-2525
-2894
-3362
-3623
-3431
-3285
-3413
-3345
-3115
-2991
-2839
-2793
-2918
-2743
-2195
-1921
-1800
-1149
-393
-37
333
824
1092
1279
1521
1483
1356
1452
1486
1122
835
827
657
477
615
985
1207
1392
1857
2439
2676
2575
2521
2620
2648
2473
1990
1349
988
843
457
-247
-740
-1079
-1612
-2141
-2436
-2747
-3070
-3039
-2789
-2823
-2943
-2807
-2582
-2474
-2531
-2645
-2455
-1866
-1384
-1201
-817
-36
531
796
1048
1205
1233
1282
1192
986
1007
1092
879
687
749
653
562
900
1373
1553
1747
2273
2762
2878
2734
2655
2757
2834
2636
2175
1810
1769
1718
1177
378
-165
-566
-1254
-1922
-2361
-2821
-3168
-3247
-3309
-3396
-3358
-3283
-3113
-2861
-2700
-2682
-2428
-1903
-1507
-1165
-625
23
583
1074
1480
1790
2128
2350
2143
1801
1686
1522
1119
688
460
251
21
81
477
843
1099
1404
1894
2404
2414
2055
1933
2074
1972
1666
1353
1162
992
762
264
-403
-789
-1112
-1821
-2493
-2791
-3182
-3800
-4077
-4040
-4233
-4287
-3851
-3368
-3121
-2756
-2205
-1635
-1056
-540
-194
263
944
1472
1667
1942
2304
2499
2640
2680
2628
2545
2357
1946
1519
1140
693
298
401
675
777
1057
1750
2446
2760
2779
2688
2728
2768
2531
2024
1733
1610
1347
846
144
-678
-1399
-2059
-2787
-3423
-3869
-4247
-4543
-4590
-4578
-4635
-4484
-4024
-3662
-3486
-3092
-2451
-1775
-1143
-572
107
914
1706
2234
2496
2687
2897
2938
2682
2305
1994
1599
1005
525
147
-339
-731
-653
-209
214
630
1180
1896
2579
2825
2777
2854
2943
2760
2474
2203
1934
1735
1525
899
150
-318
-923
-1839
-2497
-2932
-3612
-4022
-3971
-4052
-4311
-4166
-3714
-3367
-3078
-2654
-2159
-1523
-834
-291
330
1124
1889
2445
2756
2917
3053
3013
2622
1974
1445
952
285
-333
-757
-1141
-1460
-1322
-868
-458
21
741
1404
1922
2371
2610
2628
2756
2869
2533
2211
2060
1796
1355
943
299
-419
-872
-1424
-2278
-2855
-3213
-3745
-3959
-3782
-3777
-3740
-3271
-2784
-2436
-1900
-1259
-831
-268
327
691
1186
1947
2460
2676
2902
2971
2766
2415
1876
1260
753
145
-561
-955
-1113
-1391
-1574
-1275
-757
-344
127
712
1273
1831
2281
2388
2298
2373
2488
2264
1903
1641
1310
808
247
-432
-1212
-1885
-2402
-3000
-3577
-3905
-4099
-4226
-4165
-3962
-3653
-3030
-2306
-1672
-1032
-287
391
962
1463
1946
2439
2797
2957
2970
2944
2813
2460
1971
1462
873
240
-392
-992
-1355
-1515
-1681
-1750
-1429
-887
-346
281
918
1450
1997
2531
2633
2525
2561
2509
2131
1855
1694
1230
738
393
-227
-951
-1338
-1790
-2553
-3175
-3440
-3649
-3708
-3540
-3301
-2842
-2124
-1523
-1092
-498
200
710
1123
1410
1593
1847
2099
2160
2079
2026
1859
1460
924
309
-278
-666
-1017
-1473
-1788
-1760
-1585
-1361
-987
-436
153
804
1461
1949
2327
2684
2889
2830
2715
2591
2363
2044
1687
1205
782
395
-164
-853
-1479
-2039
-2614
-3066
-3419
-3697
-3669
-3388
-3111
-2718
-2109
-1509
-935
-316
142
405
662
929
1067
1239
1406
1327
1238
1294
1195
894
641
353
-101
-466
-755
-1200
-1539
-1522
-1346
-1268
-944
-324
278
888
1566
2099
2397
2715
2896
2727
2499
2402
1989
1439
1186
942
389
-73
-388
-1005
-1624
-1918
-2292
-2833
-3002
-2996
-2996
-2710
-2227
-1856
-1327
-538
-95
80
558
959
948
1100
1438
1486
1430
1533
1472
1209
1031
743
207
-197
-480
-903
-1307
-1462
-1587
-1651
-1422
-1115
-880
-315
408
815
1185
1754
2026
2005
2150
2123
1770
1676
1771
1349
1046
1236
1099
510
347
206
-426
-839
-1004
-1570
-1997
-1801
-1843
-2038
-1723
-1315
-1192
-709
-175
-55
189
561
508
446
773
805
574
621
546
178
4
-181
-729
-1130
-1274
-1632
-1900
-1767
-1776
-1832
-1435
-1061
-969
-542
123
493
833
1302
1520
1617
1986
2130
1893
2032
2316
2119
1804
1701
1415
916
660
359
-325
-838
-970
-1381
-1858
-1793
-1706
-1838
-1561
-1074
-883
-513
40
133
119
492
601
331
445
660
477
470
600
482
422
466
165
-227
-299
-549
-1048
-1187
-1225
-1558
-1682
-1492
-1447
-1280
-763
-366
-87
438
791
849
1216
1574
1377
1282
1653
1642
1289
1327
1382
1095
983
921
408
4
-14
-298
-862
-1134
-1368
-1735
-1825
-1683
-1725
-1613
-1222
-1033
-880
-497
-257
-227
-47
66
28
154
364
330
425
828
1062
1002
1059
1102
911
717
547
197
-129
-221
-286
-339
-270
-44
229
604
963
1151
1346
1601
1716
1671
1605
1574
1498
1377
1241
965
725
626
402
-53
-384
-559
-864
-1311
-1723
-2013
-2221
-2305
-2355
-2437
-2348
-2062
-1861
-1655
-1299
-1002
-808
-618
-433
-299
-155
2
108
244
442
523
476
454
397
251
106
-18
-232
-513
-578
-585
-668
-650
-339
71
278
513
925
1242
1478
1796
1975
1935
2039
2209
2003
1849
2004
1866
1447
1353
1222
635
183
-69
-676
-1244
-1409
-1720
-2206
-2301
-2302
-2414
-2192
-1928
-1917
-1683
-1131
-913
-859
-492
-247
-214
49
261
171
322
552
337
154
267
173
-127
-149
-143
-305
-262
-44
-3
20
291
550
666
865
1163
1317
1460
1761
1996
1945
1964
2079
2014
1921
1882
1661
1217
982
667
31
-449
-756
-1307
-1754
-1871
-2093
-2364
-2227
-1994
-1984
-1760
-1444
-1383
-1195
-755
-617
-590
-240
63
24
187
483
559
699
879
802
590
506
232
-159
-389
-528
-752
-817
-670
-512
-357
-81
308
557
842
1156
1406
1535
1697
1787
1755
1713
1738
1561
1261
1201
1026
644
336
71
-413
-829
-1110
-1532
-1948
-2060
-2177
-2411
-2380
-2146
-2064
-1902
-1560
-1357
-1128
-731
-475
-322
59
400
536
723
1005
1117
1155
1248
1166
949
819
539
159
-36
-215
-500
-588
-478
-398
-313
-97
184
333
526
813
1010
1066
1190
1304
1342
1335
1445
1525
1490
1526
1461
1234
948
722
272
-289
-640
-957
-1403
-1640
-1718
-1896
-1987
-1903
-1834
-1820
-1649
-1519
-1418
-1184
-979
-942
-773
-444
-295
-99
186
431
559
642
641
509
428
316
140
-20
-142
-281
-360
-278
-130
2
177
471
797
1021
1181
1446
1575
1573
1624
1623
1482
1425
1525
1360
1135
1085
927
493
209
-14
-457
-810
-1027
-1442
-1822
-1829
-1868
-2030
-1945
-1727
-1695
-1552
-1236
-993
-772
-397
-123
79
456
716
793
995
1175
1078
1011
1018
851
593
448
279
58
-89
-196
-270
-225
-124
-99
-41
129
327
492
655
857
1032
1117
1181
1304
1383
1344
1338
1304
1108
925
777
437
58
-222
-589
-990
-1225
-1519
-1868
-1975
-1981
-2142
-2186
-1989
-1919
-1870
-1596
-1335
-1231
-1012
-715
-520
-287
-40
52
160
321
363
285
233
184
66
-43
-101
-155
-163
-173
-230
-138
29
106
188
391
569
672
888
1159
1336
1477
1671
1825
1875
1862
1800
1674
1479
1253
1005
684
334
46
-275
-642
-955
-1175
-1432
-1570
-1579
-1663
-1730
-1649
-1490
-1426
-1264
-981
-750
-501
-195
76
324
602
817
964
1109
1169
1090
1008
895
650
434
273
78
-94
-196
-329
-382
-347
-399
-412
-295
-206
-170
-14
128
207
410
647
709
825
1053
1085
1054
1123
1057
871
822
689
310
55
-77
-376
-656
-726
-851
-1009
-997
-1008
-1106
-1029
-914
-954
-867
-683
-577
-453
-249
-154
-70
124
224
255
339
334
188
152
103
-82
-199
-258
-442
-563
-502
-556
-636
-473
-300
-329
-238
-54
55
210
369
435
588
834
867
894
1076
1139
1012
1010
982
765
633
517
236
63
39
-171
-367
-325
-382
-603
-567
-481
-597
-579
-452
-477
-460
-310
-278
-286
-122
-37
-114
-85
-73
-228
-365
-409
-559
-707
-739
-839
-954
-928
-904
-959
-877
-760
-745
-649
-470
-358
-182
99
300
469
701
929
1094
1313
1499
1580
1690
1728
1608
1509
1413
1171
970
855
645
419
314
129
-136
-216
-297
-495
-566
-526
-596
-631
-497
-445
-404
-214
-97
-88
41
153
158
206
267
188
78
44
-74
-235
-322
-410
-557
-641
-688
-765
-796
-752
-744
-734
-644
-579
-509
-380
-262
-148
22
207
364
542
719
836
901
959
981
949
925
862
767
660
568
478
395
318
231
152
81
-2
-98
-185
-250
-285
-310
-322
-345
-378
-394
-420
-423
-406
-405
-437
-511
-547
-585
-661
-683
-677
-720
-794
-829
-855
-910
-891
-823
-785
-715
-589
-493
-424
-263
-63
97
248
448
599
725
905
1074
1229
1363
1490
1575
1582
1538
1469
1386
1278
1122
995
850
658
491
301
72
-90
-218
-405
-599
-767
-949
-1108
-1192
-1255
-1304
-1296
-1250
-1221
-1187
-1122
-1048
-961
-856
-746
-664
-605
-546
-478
-411
-344
-279
-195
-95
-36
0
60
123
182
241
280
351
465
542
598
721
874
955
1057
1221
1324
1352
1398
1471
1461
1431
1425
1335
1219
1133
1010
795
638
492
240
-9
-200
-447
-708
-879
-1017
-1136
-1216
-1245
-1248
-1209
-1150
-1074
-966
-817
-680
-568
-416
-287
-215
-135
-34
44
132
166
112
86
76
9
-77
-118
-177
-253
-284
-305
-348
-391
-399
-375
-300
-191
-60
103
312
485
626
787
915
1021
1092
1140
1159
1127
1054
940
794
627
417
190
-27
-287
-575
-823
-1049
-1257
-1398
-1505
-1589
-1624
-1579
-1512
-1424
-1253
-1083
-902
-673
-460
-320
-150
45
163
231
319
389
428
498
543
538
532
546
517
471
479
494
499
532
588
639
730
902
1073
1212
1404
1576
1635
1717
1776
1698
1598
1509
1344
1085
843
574
176
-209
-547
-957
-1338
-1630
-1926
-2250
-2463
-2565
-2665
-2683
-2590
-2462
-2292
-2024
-1723
-1424
-1065
-705
-420
-136
164
421
625
799
945
1013
1023
1001
942
874
796
680
543
423
328
255
232
257
308
393
496
668
854
1011
1205
1424
1610
1749
1901
2013
2019
1992
1896
1703
1477
1230
901
551
210
-196
-585
-930
-1290
-1649
-1908
-2122
-2325
-2434
-2475
-2514
-2474
-2324
-2143
-1934
-1632
-1289
-1031
-746
-454
-236
-19
201
366
457
524
552
532
526
523
450
360
291
210
143
149
185
223
326
414
496
634
808
978
1119
1287
1414
1501
1594
1663
1684
1662
1596
1444
1209
962
676
345
20
-296
-615
-931
-1219
-1476
-1712
-1883
-1968
-2008
-2019
-1952
-1865
-1766
-1594
-1392
-1188
-945
-654
-394
-188
7
189
313
446
566
618
640
650
597
489
386
271
142
44
-35
-136
-188
-182
-178
-162
-90
3
90
214
358
459
582
730
838
952
1076
1135
1117
1089
1050
929
794
682
496
259
57
-159
-402
-566
-700
-868
-983
-1035
-1100
-1119
-1061
-983
-919
-814
-670
-529
-340
-115
73
242
381
488
592
677
739
745
740
712
628
523
426
322
220
123
-5
-107
-177
-229
-244
-227
-177
-107
-39
67
177
272
403
559
691
797
927
1028
1061
1051
993
913
770
612
459
224
-31
-308
-615
-898
-1127
-1325
-1515
-1639
-1733
-1843
-1895
-1878
-1841
-1726
-1528
-1343
-1131
-863
-581
-322
-32
262
488
695
893
1002
1051
1092
1100
1052
991
907
747
612
497
343
207
118
-9
-151
-203
-202
-202
-158
-54
42
169
346
518
626
740
860
884
868
861
774
638
528
374
170
-56
-271
-513
-746
-929
-1131
-1322
-1438
-1487
-1542
-1549
-1453
-1350
-1217
-970
-700
-462
-161
177
478
783
1068
1265
1392
1521
1572
1500
1433
1364
1187
984
793
533
247
17
-189
-414
-568
-671
-814
-887
-863
-811
-746
-616
-448
-306
-102
147
356
538
737
890
989
1076
1087
993
885
771
537
239
-37
-335
-655
-895
-1097
-1319
-1459
-1542
-1642
-1688
-1658
-1581
-1462
-1274
-1042
-824
-569
-271
12
295
587
876
1107
1278
1424
1471
1425
1372
1277
1122
961
758
544
339
162
-3
-135
-207
-253
-289
-337
-327
-340
-340
-251
-134
-8
149
313
449
549
662
722
694
665
558
360
146
-73
-335
-589
-763
-927
-1115
-1212
-1290
-1387
-1406
-1370
-1331
-1285
-1179
-1082
-990
-794
-541
-290
0
333
625
882
1141
1317
1409
1490
1530
1469
1354
1238
1070
860
697
530
358
265
194
89
-1
-68
-150
-205
-197
-193
-201
-191
-144
-86
7
117
192
270
337
342
292
238
163
32
-96
-198
-340
-476
-574
-692
-806
-867
-900
-923
-916
-890
-867
-821
-722
-611
-479
-317
-142
14
153
298
400
475
546
573
560
521
462
399
349
315
241
139
46
-54
-137
-222
-307
-364
-393
-414
-426
-387
-321
-250
-123
36
181
306
417
516
579
614
623
590
546
506
428
340
242
131
29
-66
-164
-259
-364
-457
-531
-604
-635
-632
-594
-532
-457
-352
-231
-106
31
160
276
395
496
577
630
672
702
705
701
681
633
576
511
405
282
169
46
-74
-151
-237
-328
-390
-411
-387
-329
-239
-180
-146
-100
-72
-44
2
35
69
107
127
119
123
130
88
40
-20
-115
-208
-300
-386
-469
-540
-584
-616
-627
-607
-572
-529
-467
-409
-345
-249
-159
-93
-18
56
122
179
215
246
268
294
313
303
277
225
152
71
-5
-79
-146
-183
-185
-187
-190
-157
-108
-60
-1
49
95
142
189
222
250
292
331
377
425
470
472
433
397
329
264
217
169
117
70
30
-24
-71
-87
-79
-63
-35
12
66
129
192
233
253
281
305
325
331
314
283
246
206
155
98
31
-56
-176
-303
-427
-550
-643
-734
-825
-897
-931
-940
-944
-918
-871
-812
-727
-623
-504
-384
-279
-169
-63
15
90
155
220
266
301
337
367
419
450
468
489
491
481
477
481
477
492
528
556
592
630
662
700
730
754
767
776
787
771
735
695
623
532
432
296
139
-38
-219
-392
-549
-695
-838
-965
-1071
-1175
-1252
-1326
-1385
-1394
-1390
-1367
-1306
-1215
-1094
-958
-819
-663
-501
-326
-166
-24
128
259
371
476
570
650
708
751
783
801
816
802
778
744
686
636
599
562
513
461
412
345
285
237
177
142
99
41
4
-32
-55
-82
-107
-110
-111
-119
-128
-146
-169
-187
-208
-222
-211
-197
-195
-196
-188
-185
-186
-156
-127
-103
-65
-26
10
38
62
70
60
45
37
28
37
65
61
38
23
15
15
18
14
2
-23
-54
-60
-66
-81
-115
-149
-160
-166
-167
-170
-175
-168
-165
-169
-158
-147
-141
-149
-158
-147
-141
-145
-133
-104
-80
-51
-30
-14
16
36
62
92
113
135
148
160
169
154
151
180
210
228
231
242
251
261
268
265
262
264
277
295
309
328
324
314
324
319
293
260
225
187
156
121
76
21
-33
-86
-138
-185
-242
-301
-351
-388
-434
-495
-543
-580
-618
-633
-626
-603
-565
-516
-461
-408
-362
-330
-281
-224
-173
-120
-68
-21
26
85
140
195
243
289
334
368
394
410
411
416
425
406
379
351
329
315
295
294
284
281
278
262
245
217
181
143
124
98
52
1
-51
-101
-162
-199
-221
-266
-311
-343
-365
-362
-352
-346
-341
-329
-320
-329
-332
-325
-314
-294
-272
-237
-205
-168
-121
-84
-50
-25
4
49
100
139
156
169
193
204
216
241
271
313
333
359
387
394
393
391
397
394
373
343
310
286
243
189
144
104
60
1
-59
-113
-176
-231
-259
-273
-274
-285
-298
-324
-345
-349
-364
-378
-384
-372
-350
-323
-294
-264
-226
-169
-120
-74
-28
5
23
35
55
66
95
137
166
191
217
241
251
265
273
272
271
271
260
244
239
233
232
223
216
196
173
159
144
114
69
35
18
1
-25
-49
-67
-84
-91
-108
-126
-131
-138
-150
-164
-181
-202
-225
-251
-278
-302
-313
-305
-309
-308
-295
-291
-279
-260
-241
-224
-184
-144
-124
-113
-99
-80
-63
-36
4
42
66
86
111
122
114
110
104
106
131
143
166
194
222
235
242
248
258
286
309
340
377
404
404
394
384
370
346
311
270
230
191
160
116
55
3
-46
-97
-171
-248
-308
-364
-417
-446
-464
-478
-485
-490
-493
-487
-470
-443
-410
-359
-296
-254
-213
-161
-108
-52
-2
48
85
108
137
169
199
227
248
271
300
318
342
356
360
377
386
385
374
374
383
380
385
369
346
330
295
258
211
159
101
16
-55
-124
-203
-269
-342
-414
-466
-515
-549
-577
-596
-592
-597
-579
-544
-508
-452
-397
-330
-262
-193
-109
-37
20
69
111
148
173
208
248
276
294
287
277
270
255
226
202
189
175
156
136
103
79
74
56
60
72
74
86
83
98
110
108
112
102
87
79
64
32
0
-22
-44
-59
-67
-89
-114
-138
-137
-143
-150
-153
-158
-152
-147
-134
-117
-77
-35
-4
21
62
92
105
117
117
106
86
68
70
73
54
36
19
3
-9
-32
-68
-87
-99
-118
-134
-135
-111
-83
-59
-35
-25
-7
10
27
47
49
71
93
94
98
102
116
123
115
111
99
89
67
30
14
-14
-37
-61
-77
-85
-90
-92
-91
-83
-66
-64
-69
-66
-60
-33
-15
-1
16
26
44
59
73
92
99
102
92
88
75
50
40
31
20
22
17
13
11
-12
-32
-54
-75
-92
-100
-98
-107
-116
-116
-110
-94
-75
-67
-62
-55
-46
-39
-32
-21
-20
-20
-20
-5
19
28
44
45
38
35
34
39
44
48
39
30
35
56
73
95
106
109
104
85
85
75
65
45
38
27
6
-3
-8
1
4
-3
-15
-18
-34
-59
-57
-57
-72
-95
-105
-111
-118
-103
-88
-66
-56
-38
-16
-7
5
7
-5
-20
-42
-54
-65
-59
-37
-20
3
10
8
11
12
14
7
6
9
13
26
33
35
52
72
81
85
85
87
82
73
71
67
65
51
28
15
18
25
22
8
-14
-22
-32
-38
-33
-41
-45
-50
-51
-43
-36
-11
5
28
45
51
67
69
68
74
72
57
42
31
18
0
-1
4
0
-4
-10
-21
-31
-30
-33
-41
-55
-63
-62
-56
-39
-21
-6
13
38
53
54
58
66
70
69
60
39
6
-13
-30
-47
-47
-54
-72
-75
-87
-104
-123
-144
-162
-183
-179
-170
-158
-146
-134
-118
-91
-59
-29
-3
17
42
55
65
78
91
102
108
120
136
145
146
138
125
120
110
94
80
67
50
37
37
30
25
31
44
37
23
11
7
11
7
-11
-30
-34
-23
-13
-4
-2
-10
-22
-31
-41
-48
-53
-59
-73
-90
-99
-94
-85
-76
-70
-66
-64
-63
-51
-48
-45
-37
-29
-23
-25
-11
10
22
26
35
46
44
42
47
39
31
19
17
26
31
38
37
41
43
45
48
46
49
50
50
45
39
40
40
49
59
78
87
84
82
62
57
57
44
31
11
-4
-10
-7
-10
-20
-25
-39
-47
-43
-43
-56
-64
-58
-47
-39
-28
-29
-41
-47
-41
-30
-28
-25
-27
-30
-28
-28
-29
-30
-29
-39
-55
-75
-79
-70
-54
-35
-27
-29
-28
-21
-16
-6
-5
-8
-10
-12
-21
-17
-5
2
7
15
20
17
19
13
3
4
16
30
41
47
42
34
33
29
26
30
26
21
22
28
26
32
39
32
26
17
16
8
13
25
23
20
8
6
8
8
2
-7
-4
-6
-6
-8
-18
-28
-31
-36
-42
-41
-44
-40
-40
-42
-38
-43
-54
-50
-27
-15
2
12
15
18
13
21
20
10
7
20
36
52
64
74
72
68
71
68
72
68
54
41
31
19
6
4
0
5
19
20
16
6
-6
-20
-38
-39
-46
-54
-49
-43
-35
-34
-36
-38
-33
-30
-35
-38
-47
-52
-47
-44
-31
-15
-15
-12
0
15
7
-4
8
8
7
13
11
13
19
33
45
49
58
57
47
38
27
20
10
17
13
-3
6
9
8
2
-8
-15
-22
-26
-34
-46
-41
-33
-45
-56
-53
-50
-52
-53
-58
-53
-41
-36
-18
2
12
7
5
24
32
29
29
34
40
39
44
47
34
28
20
24
34
46
59
53
38
5
-18
-29
-31
-33
-39
-31
-31
-27
-21
-20
-16
-15
-16
-18
-23
-23
-25
-23
-22
-18
-18
-17
9
17
15
32
36
40
36
22
20
25
20
17
24
31
26
14
8
-2
5
7
-8
-15
-30
-32
-27
-23
-9
-18
-20
-22
-37
-22
-11
0
15
5
-2
-5
2
12
11
13
13
8
-6
-16
-16
-14
-8
-9
-14
-14
-7
-6
-6
4
16
15
15
23
37
37
37
42
42
56
58
50
56
65
75
80
80
73
56
51
38
22
11
-5
-9
-20
-31
-26
-21
-15
-24
-28
-26
-41
-47
-46
-48
-48
-41
-40
-42
-38
-41
-50
-63
-72
-69
-50
-39
-41
-42
-38
-23
-23
-21
-16
-31
-37
-50
-68
-62
-51
-28
-6
16
30
33
43
51
41
36
27
27
35
48
70
64
55
52
46
46
36
27
5
-15
-22
-24
-20
-27
-43
-53
-62
-66
-63
-58
-46
-37
-32
-27
-30
-17
1
2
2
-9
-21
-19
-12
5
25
30
34
28
32
45
49
62
62
37
23
25
29
37
38
36
31
35
49
56
67
69
50
43
45
38
28
9
-1
-6
-14
-12
-13
-15
-13
-5
6
5
3
6
4
5
-9
-27
-29
-31
-21
-17
-31
-34
-25
-12
7
7
2
-11
-28
-37
-42
-43
-47
-37
-37
-38
-30
-21
-2
16
28
35
38
46
51
55
66
77
68
64
57
50
51
42
21
4
-11
-23
-27
-34
-43
-61
-63
-72
-90
-94
-94
-89
-83
-78
-74
-74
-76
-82
-82
-66
-52
-36
-31
-21
-15
-11
-1
10
17
20
32
29
29
27
18
21
27
27
20
14
20
16
8
19
30
39
52
52
50
40
38
46
55
55
48
29
17
14
12
24
28
23
20
14
-4
-18
-23
-27
-30
-26
-21
-19
-9
-3
-5
-12
-19
-21
-16
-11
-12
-8
5
23
32
35
28
17
20
27
23
19
19
28
29
26
27
16
17
25
26
24
9
-6
-16
-22
-31
-31
-24
-16
-7
-20
-32
-33
-29
-7
-3
-16
-29
-39
-35
-36
-39
-36
-40
-35
-18
-7
-1
-6
-11
-4
11
29
35
29
29
39
36
30
28
28
34
41
44
48
43
25
16
15
8
-11
-32
-45
-55
-55
-45
-31
-22
-27
-39
-44
-38
-46
-42
-31
-27
-16
-5
9
20
24
20
17
29
38
43
45
42
35
26
28
37
48
52
46
40
34
20
1
-25
-44
-49
-48
-39
-26
-21
-24
-39
-40
-35
-30
-24
-37
-38
-41
-40
-35
-39
-31
-21
-16
1
1
-8
-13
-16
-7
-8
-16
-13
-14
-6
13
19
9
3
13
23
31
27
12
-1
-4
3
1
-3
-5
-16
-24
-25
-22
-8
2
11
22
28
38
44
38
36
29
32
38
46
39
30
36
42
41
42
52
53
52
34
24
22
21
20
21
27
23
19
8
-6
-15
-31
-28
-17
-14
-7
-9
0
6
0
-12
-19
-28
-44
-49
-45
-46
-49
-43
-27
-13
3
9
3
-1
-6
8
20
23
30
27
15
5
5
5
5
4
-7
-19
-30
-32
-30
-23
-17
-19
-14
-8
-11
-13
-10
-8
-1
-4
-10
-11
-7
3
15
21
15
6
5
10
12
14
16
9
0
4
4
-1
-6
-10
-6
-8
-20
-26
-26
-33
-36
-29
-26
-26
-36
-43
-39
-35
-27
-25
-34
-37
-38
-36
-27
-28
-20
-21
-23
-5
7
18
19
8
2
-4
-6
-7
-2
7
14
25
34
35
31
19
18
17
15
21
17
21
27
31
37
34
25
25
17
14
28
33
43
53
63
66
57
55
52
45
44
45
51
48
35
36
32
27
26
18
17
13
4
-3
-20
-28
-26
-28
-19
-12
-6
6
-8
-24
-42
-65
-72
-69
-65
-52
-42
-42
-37
-27
-23
-24
-14
-3
-4
0
2
9
11
16
30
30
20
2
-17
-16
-4
8
20
26
27
13
-1
-3
-13
-17
-19
-26
-31
-36
-19
-7
4
16
10
0
-10
-13
-19
-23
-17
-14
-15
-26
-43
-38
-24
-24
-35
-44
-46
-56
-60
-46
-46
-45
-29
-10
7
3
-6
-15
-17
-12
-23
-24
-8
-8
-10
7
32
41
41
55
64
46
34
29
25
17
22
36
41
39
40
49
58
59
42
38
34
38
49
56
53
44
44
40
33
26
29
33
24
5
-8
-10
-7
-8
-1
7
6
-2
-17
-32
-43
-47
-44
-36
-28
-33
-41
-49
-47
-31
-9
-1
-10
-29
-52
-76
-77
-63
-47
-25
-21
-29
-30
-21
-19
-10
3
5
6
7
16
23
35
52
67
68
52
37
28
19
15
13
25
38
49
53
58
51
34
24
20
9
2
9
19
26
20
19
18
4
-14
-29
-39
-64
-70
-57
-49
-42
-36
-19
-19
-25
-30
-33
-33
-36
-31
-16
-15
-28
-30
-20
-4
8
10
13
14
10
0
-8
-6
-12
-10
6
2
-10
-3
13
18
15
15
12
-2
3
12
16
20
19
12
2
6
10
16
20
26
32
37
37
26
22
20
19
14
6
-1
-15
-29
-26
-20
-13
-16
-26
-19
-20
-21
-16
-16
-33
-53
-64
-67
-61
-51
-35
-23
-18
-19
-6
3
4
2
2
15
12
0
3
8
9
19
29
41
37
22
18
6
-2
-14
-23
-17
2
18
33
45
33
22
1
-8
-11
-16
-22
-18
-2
1
1
8
27
43
50
39
23
20
27
29
32
42
46
46
42
45
43
26
21
40
64
62
56
49
39
28
16
4
1
6
-2
-1
-2
-10
-18
-12
-5
-12
-25
-45
-52
-58
-68
-75
-70
-66
-65
-59
-57
-61
-61
-59
-42
-32
-43
-45
-43
-27
-24
-27
-13
-6
-1
-2
-2
4
6
18
31
32
20
21
21
23
25
17
4
-6
-14
-21
-19
-9
0
-5
-4
9
21
18
14
15
12
4
0
-1
-7
-16
-13
6
18
6
-9
-15
-15
-17
-20
-16
-26
-37
-40
-28
-13
-15
-20
-10
6
14
17
23
32
34
33
30
25
12
14
28
34
36
19
5
5
3
-4
-16
-19
-20
-16
1
8
13
13
20
31
33
30
21
16
17
17
30
55
65
74
77
68
54
39
25
5
-1
-4
-11
-10
-13
-19
-21
-29
-30
-31
-42
-47
-41
-42
-48
-42
-34
-33
-22
1
16
26
34
38
36
32
28
19
12
9
9
16
21
18
21
18
8
1
-6
-17
-33
-48
-48
-41
-35
-31
-20
-15
-20
-15
-14
-17
-26
-31
-32
-27
-13
-1
8
13
15
3
-9
-19
-36
-58
-69
-68
-66
-53
-34
-10
10
9
15
21
21
15
1
-10
-17
-18
-12
6
24
33
37
44
48
41
32
21
14
8
1
-9
-30
-32
-29
-23
-8
2
17
23
23
30
35
27
24
23
12
-2
-4
-3
-8
7
30
52
60
53
43
26
6
-12
-25
-33
-36
-34
-21
-23
-33
-38
-38
-27
-14
-5
7
10
1
-10
-6
-4
-3
17
34
30
19
29
41
49
47
39
32
10
-6
0
7
-7
-23
-26
-24
-18
-18
-9
6
-2
-13
-3
5
4
-12
-14
-18
-26
-20
-3
15
19
32
54
53
31
18
16
14
-1
-12
-5
-10
-20
-18
-16
-11
-10
-10
5
3
-9
-5
3
-4
-5
9
7
4
8
24
34
19
8
8
2
-10
-16
-14
-6
-7
-9
6
19
6
-3
-10
-37
-74
-78
-55
-44
-35
-26
-19
-18
-29
-41
-41
-35
-30
-7
21
35
33
35
30
17
5
4
10
-1
-15
-10
4
4
-14
-14
-15
-31
-40
-36
-29
-35
-27
-9
-8
-18
-16
-10
-11
-14
-6
8
14
15
18
33
53
59
69
77
68
60
66
72
61
41
31
20
-8
-16
6
14
10
15
36
44
28
12
11
5
-26
-35
-16
-6
-11
-14
3
5
-11
-19
-17
-25
-41
-31
-18
-24
-40
-43
-28
-32
-45
-37
-27
-44
-51
-18
10
2
-6
-2
2
-12
-28
-13
-6
-17
-20
-3
29
33
34
51
34
5
4
28
34
25
27
34
44
37
49
61
52
39
36
35
31
10
0
12
21
32
50
53
25
3
-5
-10
-22
-36
-31
-28
-32
-30
-23
-6
-8
-27
-33
-30
-37
-44
-31
-20
-33
-40
-28
-21
-22
-29
-33
-42
-58
-64
-46
-39
-36
-29
-13
2
7
16
23
17
11
21
31
31
24
24
20
12
9
17
6
-4
3
8
-1
-7
-10
-14
-7
-4
4
-1
-22
-52
-61
-58
-67
-70
-53
-33
-34
-25
5
29
22
11
15
23
20
16
30
48
52
57
80
91
75
60
67
70
64
56
62
71
60
52
58
54
21
-4
-6
-28
-53
-58
-51
-48
-55
-46
-32
-25
-30
-34
-33
-54
-80
-80
-62
-55
-48
-23
-5
-11
-5
22
41
37
35
43
37
21
19
29
30
16
18
35
29
5
-2
21
32
27
40
54
42
19
8
14
2
-38
-48
-34
-30
-43
-35
-11
-12
-2
18
30
19
-5
-11
-14
-32
-53
-42
-17
-19
-27
-19
-8
-6
-7
11
30
23
15
14
17
14
9
7
-1
-15
-22
-10
-3
-3
-9
3
19
17
11
9
-5
-28
-35
-32
-27
-33
-34
-26
-25
-30
-33
-26
-24
-17
7
31
38
32
19
17
24
31
28
28
16
12
6
-2
-10
-25
-22
-8
4
7
4
-10
-28
-34
-34
-23
-9
-6
-12
-24
-36
-49
-47
-36
-29
-5
23
24
18
19
20
14
17
34
35
27
20
28
34
25
21
26
30
16
14
25
26
10
-5
-14
-19
-11
13
42
52
39
19
9
-3
-13
-2
20
24
17
12
7
5
7
25
42
27
3
-17
-30
-41
-43
-23
-3
-5
-13
-16
-23
-30
-27
2
31
37
35
33
15
-18
-26
-5
8
2
-3
7
6
4
21
43
40
15
2
9
3
-14
-28
-29
-36
-45
-34
-18
-10
-17
-17
-6
-10
-20
-26
-20
-24
-45
-53
-43
-42
-38
-6
16
20
15
10
14
6
4
5
14
24
19
20
9
-4
-6
-1
12
10
0
-4
-7
-7
2
19
23
14
5
1
-10
-25
-31
-30
-31
-32
-36
-28
-23
-35
-43
-34
-21
-23
-20
-13
-9
-19
-26
-19
-14
-14
-18
-2
18
19
16
21
21
-4
-20
-17
-3
6
21
48
65
73
79
82
83
76
70
69
63
50
43
39
44
42
37
46
47
35
7
-4
3
12
20
26
24
13
0
-2
5
-4
-22
-37
-41
-55
-76
-71
-60
-72
-91
-91
-66
-66
-73
-55
-48
-60
-74
-54
-22
-26
-35
-22
1
6
-1
23
48
47
44
58
69
60
44
35
27
19
32
61
80
69
61
70
70
65
45
26
16
-3
-13
-12
-15
-18
-20
-25
-33
-32
-19
-15
-7
-7
-8
-10
-26
-23
-19
-21
-29
-21
-14
-38
-57
-52
-41
-45
-34
-6
5
-2
-3
10
1
-22
-30
-26
-41
-56
-66
-59
-59
-60
-45
-28
-13
-15
-17
-15
-25
-30
-7
18
28
33
34
31
26
26
33
25
18
18
19
26
25
27
31
33
28
31
35
32
23
19
18
8
0
-3
-2
-4
-5
0
15
28
17
6
19
36
38
30
38
49
42
33
41
50
42
32
37
37
23
16
34
48
30
10
9
7
-19
-31
-13
-10
-34
-46
-20
-9
-39
-52
-36
-46
-99
-103
-63
-54
-70
-67
-33
-31
-51
-33
-1
-16
-46
-37
-8
-5
-1
35
71
69
63
87
88
55
40
43
41
20
12
23
17
-3
2
15
7
-6
5
16
-2
-18
-13
-23
-58
-69
-52
-43
-64
-74
-52
-39
-50
-36
-8
-9
-23
-14
3
1
4
17
33
15
-8
-6
-13
-22
-24
-4
10
-4
2
29
39
28
32
39
19
-2
-2
2
-12
-18
-1
17
11
8
19
16
5
5
17
22
14
8
18
20
17
31
47
46
42
52
30
1
-6
-13
-22
-27
-2
7
-15
-30
-19
-15
-48
-54
-35
-40
-59
-47
-23
-35
-53
-32
-2
-15
-29
-11
3
-15
-21
3
0
-22
-9
20
17
-2
27
77
67
40
53
71
43
18
49
72
48
38
74
93
68
57
82
57
-14
-47
-25
-29
-66
-57
-23
-18
-33
-2
32
14
-10
6
23
-13
-53
-33
-9
-29
-28
9
18
-11
0
37
39
13
18
35
9
-26
-17
4
-19
-35
-19
-18
-48
-56
-18
-15
-52
-50
-13
-18
-66
-81
-69
-93
-122
-96
-62
-83
-107
-79
-45
-49
-42
8
27
-10
-31
-23
-26
-49
-41
-4
11
17
58
101
108
105
135
150
120
108
112
104
76
67
86
74
50
57
75
65
47
68
83
63
48
47
39
12
6
15
-5
-34
-31
-3
-8
-28
-10
2
-34
-58
-49
-54
-79
-83
-46
-34
-61
-68
-53
-81
-123
-122
-82
-83
-94
-54
-23
-26
-21
22
35
-14
-46
-28
-30
-68
-65
-24
-27
-59
-29
25
26
0
12
44
18
-10
23
55
19
-19
23
66
52
53
95
102
62
51
85
70
23
19
38
24
0
26
71
68
52
67
64
23
-3
13
22
-12
-13
24
27
-1
4
19
-16
-75
-84
-57
-67
-79
-41
1
-13
-22
15
27
-8
-36
-33
-30
-54
-53
-15
-7
-16
-9
28
37
14
13
20
5
-11
-4
8
3
9
32
43
27
22
47
52
31
13
16
10
-5
-14
-29
-47
-53
-29
-9
-13
2
13
-5
-30
-37
-45
-63
-67
-56
-50
-57
-58
-38
-34
-55
-60
-41
-26
-27
-14
11
21
19
24
42
35
10
-8
-21
-25
-26
9
38
46
51
57
59
52
47
38
17
2
7
11
6
-8
2
17
15
16
27
39
23
14
26
27
3
-2
22
32
16
7
18
16
5
3
10
10
5
12
27
38
47
62
72
57
23
-11
-34
-49
-51
-41
-32
-31
-23
-13
-18
-29
-29
-33
-53
-71
-78
-76
-71
-55
-44
-43
-43
-42
-34
-28
-26
1
16
17
16
25
31
27
29
37
24
1
0
10
16
13
24
49
64
67
62
65
66
50
44
48
37
8
-6
9
11
-2
-3
23
30
-5
-27
-17
-18
-29
-30
-33
-44
-62
-53
-26
-17
-15
-3
15
15
-2
-13
-34
-53
-62
-55
-41
-27
6
24
18
10
6
5
-5
-3
6
-1
2
6
13
16
6
8
8
8
12
15
12
12
16
22
17
-4
-7
4
7
-11
-22
-27
-34
-40
-48
-58
-70
-82
-85
-77
-82
-74
-47
-23
-15
-15
-5
0
-10
-15
-2
22
30
32
68
95
98
110
131
142
119
103
100
78
53
41
43
46
38
35
37
39
25
12
5
-2
-13
-22
-22
-26
-36
-45
-48
-56
-72
-75
-71
-71
-78
-76
-67
-63
-55
-47
-38
-18
-7
2
16
21
26
24
19
13
17
13
24
45
55
69
83
93
80
53
37
29
10
-3
6
27
31
17
14
5
-16
-44
-50
-45
-57
-68
-51
-38
-28
-16
-2
10
3
0
-4
-16
-30
-27
-21
-24
-34
-22
-17
-31
-33
-17
-4
-24
-24
-7
-10
-29
-39
-39
-61
-86
-88
-76
-82
-86
-66
-22
2
7
36
57
44
28
41
61
49
44
57
54
44
45
80
100
85
92
121
116
84
76
79
47
9
2
9
-19
-45
-15
13
1
-6
10
20
8
-3
-1
-23
-58
-63
-43
-47
-68
-56
-42
-60
-64
-36
-16
-21
-26
-1
13
-3
2
22
18
-25
-43
-30
-35
-34
-7
17
18
-2
-1
9
1
-6
8
19
8
-5
-8
-18
-34
-38
-30
-34
-49
-44
-30
-27
-21
-2
13
2
-8
22
46
35
37
72
77
42
28
62
60
25
39
70
72
52
86
122
97
68
71
63
4
-29
-25
-34
-59
-57
-22
-7
-17
-3
26
15
-9
-2
3
-33
-60
-38
-24
-42
-55
-45
-53
-76
-60
-21
-25
-71
-70
-43
-51
-58
-33
-12
-41
-63
-33
-7
-28
-32
4
-3
-41
-25
34
39
11
24
58
42
10
44
83
56
23
44
57
30
26
59
50
3
-1
35
31
7
31
51
30
0
12
35
3
-25
-17
-1
-31
-64
-42
-35
-67
-75
-34
-22
-59
-55
-12
-18
-55
-48
-23
-34
-56
-28
11
-13
-28
14
32
-4
-15
21
24
-16
-8
39
26
-12
5
49
38
7
43
77
52
24
50
61
23
19
63
68
22
11
37
16
-33
-23
26
11
-32
4
46
16
-17
20
31
-19
-28
17
22
-32
-24
23
18
-25
-10
31
-9
-50
-13
30
-10
-42
9
32
-17
-24
27
27
-30
-29
28
1
-57
-34
-2
-39
-79
-17
40
0
-21
25
40
-19
-28
36
32
-29
-8
52
27
-26
8
65
23
-22
22
45
-15
-52
-11
-3
-62
-54
13
11
-37
-15
47
26
-26
1
41
1
-34
7
19
-40
-51
-6
-16
-70
-60
6
5
-41
-24
9
-31
-76
-49
-24
-62
-92
-46
-25
-63
-62
-19
-22
-56
-35
10
5
-21
7
49
26
-7
23
43
3
-3
55
78
49
41
62
41
4
30
72
65
49
86
116
86
68
84
85
50
24
23
11
-3
8
36
43
20
10
15
8
-14
-28
-8
-8
-43
-53
-49
-60
-75
-47
-8
-17
-37
-15
0
-22
-34
-14
3
-21
-27
2
-11
-49
-49
-14
-5
-26
-16
16
18
0
16
45
41
18
26
41
19
8
43
64
35
16
35
29
5
17
54
42
6
30
57
15
-28
1
26
-15
-40
-12
-12
-53
-45
1
-2
-46
-43
-24
-63
-103
-81
-63
-83
-90
-46
-32
-77
-88
-44
-41
-68
-29
23
14
-20
-5
24
1
-2
41
62
31
18
60
48
1
13
46
26
-6
16
42
10
-10
29
38
0
-7
32
35
-13
-20
14
-5
-35
-11
20
-17
-52
-10
18
-11
-32
5
18
-27
-25
5
-1
-19
13
49
7
-21
20
39
0
-10
26
24
-9
7
44
27
0
31
61
45
23
36
42
10
-9
6
14
-6
-14
11
17
8
11
18
5
-20
-27
-14
-11
-33
-51
-38
-24
-30
-25
-8
6
8
8
20
34
29
25
30
31
15
7
16
21
16
21
24
16
6
21
36
26
14
13
6
-9
-12
-3
-16
-25
-4
6
-2
5
41
40
8
-9
-2
-8
-36
-37
-10
-5
-24
-21
-5
-13
-42
-32
-11
-31
-52
-43
-34
-56
-66
-40
-20
-48
-51
-22
-35
-65
-56
-16
-22
-46
-30
-24
-53
-63
-23
8
-3
-2
18
12
-16
-16
19
31
21
41
68
61
41
43
76
85
67
77
89
67
45
39
31
9
-4
7
29
30
11
10
4
-30
-58
-52
-49
-66
-64
-49
-40
-43
-55
-66
-56
-49
-52
-45
-46
-41
-48
-50
-28
-14
-12
-1
36
55
50
56
67
63
35
39
67
60
56
91
110
86
76
87
82
66
76
94
77
53
43
33
12
5
7
4
0
-4
10
5
-20
-29
-38
-52
-59
-66
-61
-51
-59
-63
-54
-57
-61
-50
-34
-27
-34
-39
-33
-40
-49
-38
-31
-35
-25
-13
-18
-20
-21
-19
-12
0
5
-3
0
12
19
12
7
15
14
8
18
39
43
43
69
68
41
33
54
64
44
38
48
26
-12
-14
-1
-23
-49
-43
-32
-47
-60
-36
-24
-50
-54
-29
-31
-65
-60
-20
-13
-30
-19
8
10
-12
1
16
-10
-35
-18
9
-1
-11
11
19
-6
-26
-13
-13
-44
-40
-8
1
-19
-7
22
18
11
30
54
54
53
66
67
47
34
37
31
14
15
38
48
29
16
26
14
-12
-14
-11
-16
-26
-14
-6
-22
-37
-43
-50
-53
-34
-21
-5
9
15
26
21
16
28
31
23
14
21
39
39
33
38
50
31
3
5
2
-17
-21
-4
1
-11
-7
8
2
-6
1
11
-18
-41
-16
8
12
24
60
66
52
60
55
26
-10
-16
1
-7
-17
-20
-23
-34
-47
-30
-19
-15
-12
-3
12
-8
-41
-35
-6
-13
-46
-46
-31
-50
-45
-6
12
-23
-27
9
-16
-71
-56
-14
-47
-100
-77
-49
-91
-109
-59
-25
-59
-53
9
17
-17
-9
40
45
26
45
67
51
51
88
92
66
64
75
68
57
62
68
47
18
11
3
-9
-15
-4
13
23
30
22
27
35
39
36
30
31
13
0
-2
-10
-20
-22
-14
-17
-24
-33
-37
-34
-32
-34
-47
-50
-54
-72
-86
-62
-39
-38
-23
9
13
-15
-16
5
-21
-64
-64
-35
-29
-41
5
65
68
55
79
101
51
16
30
43
18
-4
33
46
30
39
67
66
17
14
51
34
-25
-56
-40
-57
-102
-84
-35
-22
-40
-13
43
40
12
26
59
50
23
47
62
16
-7
17
41
19
27
69
65
16
10
57
39
-25
-32
-16
-46
-82
-62
-35
-53
-58
-20
-5
-27
-30
6
17
-10
-28
-23
-28
-56
-51
-18
10
17
19
34
39
25
4
-8
-16
-47
-70
-70
-65
-54
-42
-23
-24
-32
-14
5
10
5
-2
-17
-40
-42
-39
-45
-33
-4
6
9
37
66
59
54
78
70
30
20
42
37
18
32
61
47
24
52
63
12
-13
23
20
-31
-40
-10
-22
-59
-45
-12
-25
-56
-42
-19
-46
-58
-23
11
2
-2
37
50
27
12
30
38
11
-1
19
35
20
11
33
45
14
0
27
33
6
4
35
22
-19
-8
14
-16
-58
-41
-12
-28
-47
-19
1
-18
-17
5
4
-19
-25
-21
-26
-29
-20
-10
-8
-6
2
-4
-12
-2
3
1
3
4
5
-4
-12
-2
6
1
-2
12
15
12
20
39
46
35
37
53
54
36
37
47
34
16
23
38
28
12
35
58
27
-9
15
36
3
-19
-5
1
-32
-39
-11
-11
-44
-50
-27
-29
-54
-52
-31
-53
-96
-89
-50
-61
-87
-62
-31
-53
-84
-51
-14
-42
-71
-43
-21
-45
-56
-13
13
-7
-2
28
35
27
54
88
69
36
54
74
57
51
69
58
31
43
71
55
36
56
61
32
15
39
26
-13
-13
2
-31
-84
-66
-43
-63
-64
-18
-6
-33
-28
17
21
-16
-9
22
3
-31
-4
35
23
-6
14
42
14
-16
21
60
30
-7
17
40
5
-18
27
43
6
0
33
39
1
-4
37
25
-22
-25
-14
-28
-50
-28
-4
-32
-47
-15
-8
-46
-49
-19
-21
-39
-30
-8
-22
-52
-36
0
-3
-6
12
27
21
16
21
19
18
11
22
17
-1
1
5
11
3
10
23
16
13
11
10
9
5
13
16
9
2
-5
-11
-8
0
10
14
8
15
22
12
11
30
35
11
4
15
17
2
-15
-18
-34
-54
-50
-36
-25
-29
-26
-26
-35
-35
-22
-7
-14
-22
-20
-13
-16
-11
7
19
25
25
26
16
4
5
16
29
30
38
37
18
3
2
-1
-15
-15
4
0
-23
-20
0
0
-16
1
29
18
-6
-3
-4
-33
-60
-48
-22
-24
-28
-16
-8
-22
-32
-8
-6
-21
-18
14
31
9
6
20
17
1
9
44
46
28
26
40
28
11
23
35
28
31
43
47
30
27
35
16
-7
-4
11
0
-20
-14
-2
-11
-11
6
14
6
4
12
5
-20
-31
-40
-64
-65
-43
-32
-49
-61
-36
-28
-39
-34
-19
-17
-33
-24
-3
-18
-29
-11
9
13
22
37
40
16
7
30
41
31
23
24
18
3
3
26
25
11
9
17
7
-14
-8
13
19
15
22
34
29
23
37
40
18
15
38
41
11
15
35
20
0
6
21
13
4
18
13
-8
-19
-15
-14
-30
-36
-27
-18
-16
-14
-12
-24
-42
-48
-49
-51
-53
-41
-25
-30
-36
-28
-25
-28
-29
-25
-28
-38
-42
-38
-34
-32
-13
10
6
4
12
8
6
15
21
21
12
1
4
6
4
7
14
17
17
23
31
33
35
19
11
6
-8
-9
-8
-1
-4
3
21
40
45
53
65
60
33
7
2
0
-8
-14
-8
-9
-16
-7
-1
-11
-19
-22
-31
-34
-36
-26
-20
-22
-17
-16
-11
-7
-1
2
-5
-7
-3
9
18
21
26
33
41
36
31
28
18
5
8
7
2
5
9
16
8
16
21
14
11
17
34
41
42
42
28
11
-3
-5
-5
-9
0
2
-5
-13
-10
-10
-20
-14
-7
-12
-21
-15
-14
-25
-17
-11
-17
-28
-40
-37
-34
-24
-9
3
2
-15
-18
-13
-13
-16
-14
-10
-12
-32
-47
-40
-33
-19
5
20
18
18
27
28
19
11
12
11
1
2
14
15
11
9
16
11
-14
-28
-31
-34
-32
-12
5
5
4
21
22
7
2
0
-3
-6
3
5
-8
-21
-26
-23
-22
-27
-26
-19
-18
-18
-13
-10
-11
-5
1
-4
-9
-11
-5
-4
1
1
3
9
11
14
25
44
45
44
56
55
41
20
13
11
12
19
24
25
20
30
45
48
45
34
20
6
-15
-26
-17
-7
2
12
19
11
-6
-19
-15
-16
-25
-20
-15
-13
-13
-11
-14
-23
-19
-4
4
6
16
23
17
15
16
11
5
-1
3
10
6
6
3
7
9
13
22
30
42
39
31
19
14
17
8
-4
-19
-27
-37
-41
-42
-48
-54
-61
-62
-66
-72
-67
-59
-61
-69
-66
-72
-73
-56
-27
-5
2
10
18
23
27
33
27
28
37
36
36
44
47
45
30
25
20
14
9
1
-3
7
12
8
12
16
-2
-31
-40
-40
-51
-44
-25
-8
2
6
27
41
33
32
38
29
16
17
17
9
8
20
33
38
43
47
35
18
-5
-27
-30
-34
-30
-26
-32
-45
-48
-34
-27
-24
-19
-20
-30
-36
-26
-7
11
20
22
21
10
-2
1
11
11
25
40
34
32
34
31
26
28
39
46
41
41
34
16
0
0
5
7
9
6
-2
-12
-12
-11
-24
-28
-29
-27
-29
-35
-36
-36
-35
-28
-12
-8
-8
5
19
19
14
11
9
4
0
-6
-13
-11
-2
10
18
22
28
36
32
25
21
12
6
-1
-10
-23
-31
-28
-23
-16
-3
3
-2
0
0
2
0
-6
-12
-15
-12
-15
-16
-15
-21
-23
-18
-11
-6
-9
-13
-16
-25
-30
-21
-17
-6
10
19
22
10
2
-2
-10
-17
-10
-10
-21
-24
-12
-15
-14
0
11
16
6
0
1
3
6
11
17
17
17
17
15
13
18
15
10
7
1
-4
-18
-29
-31
-28
-29
-29
-21
-16
-14
-5
16
37
47
37
31
36
40
45
43
45
34
19
19
26
28
21
20
24
17
2
-9
-18
-29
-29
-17
-15
-17
-5
-1
-6
-15
-22
-21
-20
-18
-15
-6
1
3
8
5
4
0
-11
-7
-9
-9
3
22
28
21
31
48
50
46
52
46
27
21
34
31
7
-4
2
2
-13
-25
-32
-35
-39
-37
-23
-16
-16
-15
-20
-37
-33
-22
-20
-22
-29
-29
-38
-37
-23
-13
-14
-9
-5
-20
-28
-31
-33
-41
-55
-54
-38
-37
-48
-29
-6
0
2
10
20
5
-2
-3
-6
-8
2
34
41
48
63
75
72
58
68
53
18
-4
1
5
-5
2
21
25
24
41
49
32
13
5
-2
-17
-23
-20
-21
-32
-37
-24
-20
-14
1
11
5
-12
-9
-6
-13
-19
-14
-8
-5
1
10
23
22
20
26
19
8
1
11
8
-5
2
9
5
-2
6
14
3
-2
2
3
2
10
23
24
14
-12
-26
-43
-49
-40
-23
-10
-14
-6
0
-13
-27
-33
-28
-26
-35
-31
-21
-24
-24
-8
7
21
25
29
38
47
46
38
33
30
29
36
39
32
25
17
15
18
20
26
23
16
10
-1
4
1
1
0
-14
-18
-16
-17
-25
-25
-24
-28
-32
-38
-28
-24
-27
-19
-7
9
14
12
6
-1
-8
-17
-13
-7
1
5
5
14
19
16
2
-17
-25
-24
-29
-38
-36
-37
-49
-48
-46
-53
-63
-57
-36
-18
-2
22
34
26
18
14
16
12
11
27
43
50
52
60
58
53
52
44
26
1
4
10
2
0
7
9
-4
-13
-1
2
-3
-5
7
3
-12
-14
-19
-23
-27
-17
-2
-2
-6
0
3
6
8
13
10
1
11
23
25
11
13
18
4
-4
-17
-29
-20
-8
-3
-6
-11
-8
-10
-26
-31
-27
-13
-4
-3
-5
-1
2
4
15
12
6
4
5
8
11
9
2
3
9
12
19
33
32
25
23
28
28
26
32
25
25
19
17
17
16
25
23
22
30
41
32
15
-6
-28
-46
-54
-36
-26
-35
-41
-39
-44
-50
-48
-43
-46
-56
-55
-57
-61
-68
-63
-45
-34
-22
-14
-7
-2
3
6
11
15
8
6
8
3
-7
-11
-10
-6
11
28
36
34
30
24
14
3
10
20
18
14
21
17
14
11
3
7
7
15
14
10
7
-1
1
2
0
11
19
20
28
33
35
27
27
25
17
11
2
-5
-6
-15
-12
-5
0
9
14
14
8
11
18
13
4
-9
-14
-15
-15
-12
-6
-7
-14
-9
-2
-14
-25
-18
-14
-6
4
7
9
-3
3
7
0
0
11
16
12
11
14
13
12
20
25
18
-1
-13
-12
-20
-23
-13
-12
-20
-25
-25
-12
2
7
2
1
-14
-32
-34
-34
-33
-24
-9
-7
-6
2
2
0
1
-2
-16
-20
-15
-11
1
10
19
18
14
10
9
10
0
-11
-14
-13
-7
4
18
16
11
13
5
-11
-23
-19
-14
-10
-7
0
0
-4
9
18
25
28
25
24
18
15
13
13
12
14
15
2
-12
-26
-29
-19
-11
-2
5
4
9
18
32
37
31
21
11
-4
-24
-37
-22
-8
-11
-9
0
-3
-19
-27
-11
10
12
2
-18
-33
-35
-24
-14
-4
8
20
35
31
29
27
34
34
25
18
6
2
0
-10
-23
-29
-32
-25
-13
4
20
19
15
14
18
19
15
6
-9
-23
-28
-21
-1
1
-6
-9
-11
-26
-34
-17
-5
1
8
15
11
0
-4
5
-1
-13
-14
-15
-22
-32
-23
-12
-15
-17
-14
-13
-11
-1
3
4
4
7
11
3
-2
3
6
10
26
45
52
49
58
60
54
40
30
31
30
30
18
14
4
-7
4
15
20
15
16
5
-21
-33
-43
-44
-40
-42
-36
-45
-55
-46
-35
-29
-22
-14
-26
-35
-35
-43
-36
-36
-29
-27
-29
-17
-7
14
23
18
14
12
18
22
24
17
17
31
30
29
33
37
33
25
19
11
12
12
10
4
7
15
23
34
41
43
38
34
20
1
-7
-5
-6
-13
-23
-34
-39
-37
-32
-20
-12
-13
-8
-16
-30
-37
-51
-64
-64
-54
-54
-57
-55
-43
-23
-9
-4
-2
0
-6
-10
-11
-2
1
-4
7
24
31
32
34
46
56
59
53
51
54
43
43
38
23
19
28
35
31
35
44
35
21
17
18
9
6
9
14
20
11
6
5
-4
-4
8
12
10
-3
-18
-28
-38
-40
-31
-26
-31
-37
-33
-31
-27
-8
2
-1
-3
-12
-19
-18
-12
3
-3
-12
-8
-2
0
9
26
32
19
18
19
13
-2
-19
-17
-19
-27
-26
-31
-35
-32
-30
-29
-38
-38
-43
-48
-46
-47
-51
-51
-52
-38
-26
-34
-41
-34
-20
-14
-9
-2
5
18
34
47
53
54
57
57
53
55
54
58
67
75
83
84
88
85
75
62
57
50
42
33
20
8
2
9
6
8
6
-11
-27
-44
-56
-63
-62
-57
-52
-51
-48
-52
-61
-77
-80
-68
-65
-60
-51
-49
-48
-48
-40
-26
-21
-21
-33
-36
-26
-20
-9
4
24
33
39
41
41
43
46
53
58
55
51
47
35
19
15
28
32
40
51
55
45
44
48
52
60
58
50
39
36
23
19
17
15
21
17
8
0
-8
-19
-19
-13
-4
-8
-20
-31
-39
-35
-35
-37
-32
-25
-28
-31
-36
-43
-48
-46
-47
-54
-53
-38
-22
-18
-19
-23
-28
-28
-23
-18
-18
-12
-3
10
27
39
37
25
6
-17
-24
-19
-12
7
16
19
9
1
0
-13
-20
-32
-37
-45
-46
-41
-35
-22
-21
-15
2
7
21
32
26
20
19
13
-3
-4
11
20
21
27
30
34
33
34
42
40
35
25
19
11
7
1
-4
-6
-7
7
26
37
38
38
39
23
16
12
-5
-12
-9
-10
-8
0
12
27
28
26
28
22
13
5
-8
-15
-18
-18
-10
-3
-1
4
3
-7
-12
-21
-32
-44
-50
-43
-39
-44
-41
-30
-28
-31
-29
-33
-31
-22
-14
0
8
7
16
26
28
21
28
36
33
28
24
17
10
16
18
12
6
1
8
22
27
25
24
24
28
32
24
12
1
-12
-21
-16
-6
-13
-25
-24
-19
-21
-26
-27
-32
-36
-32
-28
-32
-41
-35
-26
-17
-5
4
17
18
23
28
26
19
15
8
-15
-18
-8
-9
-3
4
19
22
15
20
19
15
6
11
15
7
7
11
12
11
4
-8
-24
-30
-29
-22
-10
-6
-6
-8
-13
-18
-17
-20
-27
-20
-9
-7
-7
1
10
13
8
0
-14
-29
-33
-34
-23
-25
-36
-42
-31
-16
-13
-11
-9
-13
-3
13
16
25
29
17
5
7
25
34
33
25
18
15
22
33
44
50
52
66
61
57
63
65
59
54
54
44
37
33
29
39
42
38
37
29
9
3
0
-15
-18
-22
-31
-40
-35
-42
-55
-68
-80
-81
-84
-84
-77
-57
-47
-44
-33
-23
-24
-11
-1
-1
-5
-9
-17
-28
-31
-25
-20
-26
-16
-2
6
11
8
14
25
27
21
18
13
7
2
-2
3
16
21
31
43
46
46
44
37
33
26
10
9
9
7
9
8
5
-3
-2
1
-2
-4
-7
-11
-22
-31
-37
-34
-26
-23
-24
-28
-37
-37
-33
-34
-32
-31
-33
-36
-35
-28
-20
-14
-10
-4
6
16
23
28
28
26
25
24
28
31
19
14
19
27
27
29
39
38
30
32
32
24
25
21
12
13
12
1
-10
-8
-7
-8
-1
11
19
17
2
-13
-30
-36
-46
-56
-46
-46
-43
-36
-32
-29
-27
-23
-18
-13
-10
-7
4
11
10
10
10
6
-1
-3
1
14
22
34
42
54
60
52
45
53
53
38
29
18
18
28
28
25
28
19
9
14
10
8
0
-9
-5
-8
-18
-18
-19
-22
-26
-36
-44
-46
-38
-23
-13
-4
3
-5
-13
-18
-15
-9
-10
-5
-7
-9
-3
-1
2
4
3
6
10
10
3
4
9
6
-1
-19
-45
-58
-64
-64
-59
-57
-56
-47
-38
-38
-38
-33
-28
-16
-21
-28
-24
-15
-6
-11
-3
9
26
40
55
66
63
65
57
54
52
47
35
27
35
46
45
35
29
26
30
33
33
29
16
11
-3
-14
-12
-12
-4
0
-1
4
5
-4
-7
-7
-13
-13
-14
-17
-26
-31
-30
-34
-36
-33
-35
-35
-25
-25
-28
-32
-32
-25
-21
-15
-22
-19
-13
-5
-1
1
11
14
10
19
28
33
37
33
31
27
29
33
31
31
29
24
30
39
41
38
28
18
9
-6
-12
-9
-5
-1
11
23
35
42
45
30
14
1
-11
-17
-22
-21
-14
-6
3
16
29
34
19
4
-12
-33
-47
-48
-45
-40
-35
-34
-45
-50
-48
-47
-43
-39
-37
-37
-36
-36
-32
-26
-30
-33
-33
-26
-21
-22
-22
-13
3
21
36
52
57
48
41
39
36
34
22
6
4
2
3
5
9
13
25
31
25
16
13
17
15
10
-2
-8
-2
1
3
1
1
-3
-11
-12
-10
-14
-22
-27
-22
-18
-16
-13
-14
-11
-18
-21
-21
-17
-8
-8
-19
-22
-21
-16
-9
-4
-3
-13
-21
-16
-15
-8
5
5
4
3
-5
-3
0
-5
-3
8
27
41
50
52
44
48
49
50
59
58
58
67
71
74
59
49
56
50
48
40
30
28
22
17
8
-4
-22
-36
-37
-40
-39
-32
-29
-28
-25
-21
-26
-32
-36
-43
-44
-48
-52
-58
-57
-48
-46
-45
-40
-29
-25
-29
-33
-31
-22
-16
-10
-1
15
19
14
14
14
9
6
16
16
12
12
9
10
18
29
25
19
15
0
-14
-23
-22
-8
-6
-12
-18
-16
-6
1
15
22
18
19
24
26
13
-3
-3
-8
-9
-14
-19
-23
-29
-28
-19
-15
-15
-13
-8
0
4
5
0
-7
-12
-7
5
19
24
26
22
16
10
20
31
26
15
8
-4
-22
-20
-11
-6
-6
-2
0
0
8
17
18
15
8
3
6
5
8
15
21
31
28
7
-10
-29
-33
-14
2
20
18
6
4
11
13
19
24
17
9
-4
-7
8
22
25
26
31
29
24
22
24
23
28
30
13
-1
-17
-31
-33
-34
-27
-25
-36
-46
-52
-48
-37
-19
-11
-23
-32
-40
-44
-39
-36
-23
-24
-34
-32
-35
-36
-25
0
29
45
43
37
34
27
22
18
15
