10
41
44
-2
-6
7
-22
-36
8
17
-17
-17
3
-10
-37
-24
-9
-20
-44
-29
-25
-69
-52
-12
-39
-62
-34
-19
-35
-24
16
13
-9
6
31
19
0
22
42
23
18
44
29
-8
14
40
10
-4
20
12
-6
-8
-4
-9
-8
20
40
21
-2
2
2
-16
-7
13
-6
-19
2
3
-24
-22
-1
-11
-18
-10
-15
-35
-46
-37
-41
-53
-39
-11
-6
-10
14
8
-20
-8
6
-20
-32
-10
-14
-18
1
24
33
40
61
75
60
39
56
58
25
16
27
1
-8
28
35
18
17
17
6
-7
-13
2
-2
-21
-3
13
-12
-20
9
-3
-17
4
-3
-26
-18
8
5
-12
-7
12
-1
-13
10
22
-4
-10
12
-14
-41
-21
16
0
-9
27
41
18
11
30
11
-12
5
16
-22
-43
-19
-19
-36
-8
19
-3
-28
-12
-1
-19
-33
-14
-21
-49
-47
-17
-13
-33
-13
2
-9
-15
5
14
1
10
37
33
14
16
33
13
-8
11
4
-12
1
21
7
-1
27
38
27
25
28
16
-14
-25
-1
0
-9
0
11
10
18
32
23
4
4
14
8
1
11
17
0
-2
17
21
1
-6
-5
-19
-29
-22
-10
-32
-42
-33
-34
-37
-32
-14
-18
-30
-15
-10
-32
-46
-45
-42
-42
-28
-5
3
4
11
11
-3
-7
10
13
4
17
33
21
2
6
7
-10
-12
8
13
5
18
48
48
31
33
33
6
-1
12
17
8
13
36
46
43
49
48
19
5
10
-4
-20
-11
6
3
-13
-9
-3
-9
-1
18
27
11
13
28
7
-25
-23
-15
-24
-23
1
14
-7
-6
10
8
-11
-22
-17
-19
-18
-17
-20
-28
-32
-24
-12
-11
3
17
6
-5
-4
-7
-16
-6
-1
-11
-10
-11
-18
-23
-27
-15
-3
-2
4
24
29
18
16
5
1
6
1
-11
-17
-17
-21
-21
-7
5
9
14
21
24
13
10
9
0
-13
-25
-26
-20
-15
1
18
14
18
20
6
10
17
17
18
12
11
15
11
13
20
18
9
3
-6
-19
-18
-7
-6
-20
-23
-18
-11
-7
-4
0
-10
-18
-20
-24
-29
-31
-7
7
-1
13
25
16
25
40
37
26
12
3
-9
-12
-24
-34
-34
-33
-31
-16
-17
-29
-15
-8
-22
-23
-12
-18
-13
-11
-21
-19
-12
5
14
24
26
14
16
25
32
40
58
68
61
61
59
36
28
12
-3
4
13
19
24
33
34
28
29
11
1
9
2
-12
-14
-7
-11
-10
-4
-15
-18
3
12
9
-2
-15
-17
-30
-42
-33
-21
-23
-21
-23
-22
-14
-12
-12
-8
-15
-21
-21
-28
-39
-44
-33
-16
4
30
21
-8
-16
-18
-23
-17
3
18
19
16
8
0
8
15
20
25
13
-9
-10
-6
-10
-6
3
9
8
15
5
-7
-13
-26
-25
-16
-7
-11
-8
-9
-18
-9
-3
4
10
5
5
3
11
13
4
7
1
-5
2
7
3
10
7
5
17
16
13
20
12
-3
5
5
-4
12
22
17
13
8
-3
-9
-6
-13
-17
-19
-15
-19
-22
-19
-22
-16
-6
0
15
23
10
4
11
1
-17
-13
-12
-16
-16
-11
-8
-1
19
32
27
15
16
15
4
5
5
1
3
4
-7
-11
-7
-5
14
28
31
30
30
22
12
24
21
19
34
35
32
38
46
41
33
44
45
23
9
3
-8
-11
3
18
16
21
24
16
2
-15
-22
-34
-36
-35
-46
-59
-56
-56
-67
-71
-73
-66
-57
-69
-76
-67
-61
-53
-32
-24
-26
-14
-6
-10
-7
10
16
18
19
16
11
1
10
23
25
31
35
19
1
0
-2
-7
-16
-16
-1
-1
-8
-2
-9
-20
-4
8
4
3
15
8
-4
2
6
1
4
18
20
23
31
43
46
26
13
23
19
18
38
37
16
23
32
14
17
27
22
25
26
21
18
8
1
11
2
-17
-5
-1
-24
-29
-17
-24
-31
-14
0
-7
-13
-9
-11
-19
-16
10
15
-4
3
18
-5
-25
-5
2
-21
-23
-11
-22
-18
5
12
3
-1
-2
-11
-28
-32
-22
-26
-37
-25
-11
-13
-2
12
4
-3
-1
2
10
13
14
31
33
27
47
45
22
44
58
39
46
48
17
6
2
-7
0
1
-2
3
-1
-22
-22
-22
-49
-43
-32
-48
-59
-37
-17
-22
-5
14
4
-4
0
0
-14
-18
-9
-6
-10
-4
9
6
6
18
24
6
-8
1
0
-11
-17
-1
2
-8
8
24
14
-5
-7
-21
-36
-34
-26
-21
-21
0
18
-5
-15
-2
5
0
8
15
-3
-7
6
0
-13
2
14
8
5
8
-7
-26
-18
-6
7
0
-3
3
-4
-15
-9
7
13
19
29
31
16
4
11
13
4
17
24
18
20
34
40
26
34
37
24
28
29
13
7
8
-6
-10
-1
-2
8
15
7
2
-8
-17
-20
-18
-18
-19
-23
-41
-41
-28
-22
-19
-16
-18
-17
-10
-12
-5
-3
-9
-4
8
-1
-16
-6
2
13
27
26
19
17
16
14
19
26
23
21
28
23
11
4
2
1
2
11
15
26
44
45
30
18
-9
-34
-32
-35
-35
-36
-45
-52
-49
-38
-33
-20
-11
-16
-22
-16
-11
-9
-1
2
2
7
8
11
16
8
6
21
14
-6
-3
-11
-26
-13
-4
-13
-11
-3
-11
-10
-6
-7
-2
6
4
-2
-9
-21
-22
1
10
4
8
10
5
13
15
7
8
12
26
26
13
-1
-7
-15
-31
-27
-23
-26
-11
5
3
-4
-3
-17
-28
-25
-32
-31
-18
-18
-23
-20
-13
7
28
37
41
42
37
33
33
27
26
22
12
4
-1
-7
3
9
6
16
27
37
37
31
19
8
-2
-10
-8
-5
-11
-20
-11
-2
-2
1
5
15
32
42
43
47
46
30
22
19
-2
-11
3
9
14
44
73
79
75
61
39
29
21
3
-3
-6
-27
-36
-26
-35
-42
-27
-14
-16
-28
-45
-58
-69
-80
-90
-107
-110
-99
-100
-94
-78
-66
-56
-35
-21
-18
-22
-29
-27
-18
-10
-8
5
16
17
21
35
35
22
25
21
8
-5
0
14
26
32
32
41
39
33
42
49
40
38
44
45
42
37
30
20
16
15
23
31
28
22
12
7
7
0
-10
-15
-23
-22
-17
-9
-1
-4
-6
-15
-15
-23
-41
-44
-44
-47
-49
-46
-52
-50
-38
-30
-22
-18
-11
-13
-6
2
-5
-6
-6
2
5
6
7
12
32
47
52
57
50
35
33
27
13
15
22
23
33
31
27
33
42
43
35
35
28
28
32
30
32
33
25
16
19
17
15
20
29
27
16
10
1
-9
-8
-19
-32
-34
-48
-64
-61
-52
-48
-52
-53
-50
-42
-25
-13
-15
-22
-28
-28
-27
-28
-26
-27
-27
-21
-15
-16
-10
-3
-9
-11
-12
-15
-17
-12
-1
-5
-5
-3
-11
-3
12
16
28
37
21
18
18
4
-1
1
-1
-7
1
9
8
17
16
15
14
14
22
20
24
27
17
17
15
2
6
10
7
11
13
0
-11
-2
-8
-7
2
-7
-13
-15
-29
-38
-32
-26
-27
-23
-24
-28
-17
-9
-2
-3
3
1
-9
-5
-4
-6
-11
-8
-2
2
7
11
20
29
25
17
19
22
15
8
7
2
-2
3
16
29
34
38
45
50
40
31
24
11
-6
-15
-14
-8
0
4
8
8
14
18
9
0
-15
-26
-37
-50
-50
-50
-45
-30
-14
-10
-7
5
-1
-1
8
4
15
28
28
35
34
35
29
18
8
-4
-9
-12
-4
6
6
-2
-4
8
14
23
28
22
14
14
12
1
-6
-5
-6
0
12
6
6
17
16
-1
-5
-14
-19
-20
-28
-30
-26
-21
-21
-17
-15
-16
-16
-21
-19
-12
-15
-29
-32
-35
-42
-39
-35
-31
-30
-29
-16
-12
-13
-9
-10
-18
-20
-8
0
-4
-8
-10
-17
-25
-27
-25
-12
12
35
45
48
51
51
54
53
41
31
18
3
1
-1
-8
2
10
5
10
12
3
9
8
-4
-13
-19
-18
-17
-18
-9
2
0
8
15
18
23
21
17
18
10
-6
-13
-23
-25
-12
0
8
27
33
26
22
20
9
6
6
6
17
13
4
16
13
1
18
22
15
21
24
29
30
27
10
-4
-10
-18
-14
-15
-16
-15
-13
0
2
4
1
-8
-17
-14
-13
-6
14
16
8
4
0
-8
-5
-3
0
7
-1
-4
-3
-3
-7
-3
7
13
16
8
-5
-3
-4
-8
-2
-2
0
0
-5
-7
-12
-25
-28
-28
-37
-47
-51
-49
-41
-32
-25
-12
-9
-18
-25
-29
-42
-50
-48
-43
-22
-11
-5
-3
0
-2
-1
2
2
9
9
14
17
20
23
30
37
35
22
5
-3
-7
-3
10
21
19
15
20
25
28
29
29
18
8
-5
-1
10
12
13
11
9
14
11
21
26
13
1
-2
7
-15
-28
-9
-2
-9
-11
-7
-14
-20
-15
-20
-26
-26
-20
-10
-4
-3
0
11
19
30
35
36
31
25
20
20
32
37
34
31
39
44
37
45
42
30
24
19
18
16
10
19
22
16
2
-12
-14
-14
-6
-8
-19
-27
-28
-30
-32
-42
-60
-58
-52
-50
-48
-51
-55
-53
-45
-41
-35
-32
-29
-29
-30
-28
-25
-20
-16
-20
-17
-5
0
2
14
21
18
18
25
18
20
28
28
33
32
33
23
13
8
-1
-4
9
19
21
37
46
39
24
23
27
15
14
10
2
9
2
-8
-9
-12
-13
-11
-7
-3
-11
-13
-11
-2
-9
-21
-18
-19
-21
-20
-13
-3
0
5
13
13
8
11
12
5
1
-15
-22
-7
-5
-13
-19
-24
-29
-36
-41
-33
-28
-26
-16
-7
5
14
18
15
7
5
6
-5
-5
-9
-18
-15
-10
-4
-5
3
20
22
19
13
7
11
7
6
15
19
23
35
46
42
42
57
56
56
49
43
43
48
54
41
29
14
7
10
2
-7
-13
-16
-12
-13
-15
-20
-22
-26
-42
-48
-39
-34
-35
-32
-40
-48
-45
-40
-36
-45
-57
-61
-62
-62
-54
-44
-34
-19
-7
1
8
18
22
25
34
41
41
32
29
28
30
30
35
47
59
63
56
44
39
37
42
51
51
45
34
26
24
17
4
-2
-2
-10
-18
-26
-27
-25
-32
-25
-27
-31
-37
-46
-49
-57
-54
-47
-37
-30
-34
-31
-27
-27
-33
-28
-13
-2
1
5
8
1
-10
-16
-21
-18
-11
2
9
13
6
-9
-8
-7
-9
-14
-9
-3
-6
4
8
4
-7
-19
-24
-22
-11
1
18
33
41
47
54
58
44
27
15
2
-6
-8
5
19
31
27
15
-1
-10
-6
1
1
-3
0
10
21
20
20
22
22
20
11
-1
-10
-16
-20
-16
-12
-10
-6
-2
4
13
17
15
15
16
4
-12
-18
-19
-13
5
21
28
30
31
32
31
27
20
15
7
1
-3
-7
-3
0
5
10
8
1
-4
1
2
-2
-1
-2
-3
-10
-12
-10
-18
-25
-26
-27
-30
-31
-32
-38
-41
-33
-25
-17
-4
4
-3
-11
-2
4
10
14
5
-8
-22
-19
-19
-28
-24
-16
-14
-12
-10
2
7
12
15
9
3
3
4
1
9
2
-1
-8
-14
-18
-14
4
13
20
24
20
15
16
4
-6
-2
-6
-16
-13
-19
-29
-35
-35
-25
-24
-23
-14
-15
-19
-24
-27
-20
-3
10
19
23
19
23
33
36
39
36
30
24
22
22
16
19
29
33
33
31
28
27
15
8
10
3
-5
-6
-2
-10
-14
-14
-10
7
22
27
21
14
7
-1
-1
4
10
12
11
5
-4
-6
-8
-3
0
-8
-14
-17
-12
-7
1
5
6
10
12
12
9
11
11
2
-7
-7
-3
3
11
16
15
22
18
9
-8
-27
-31
-37
-39
-34
-30
-29
-33
-29
-24
-23
-15
-13
3
6
-3
-3
-3
-4
-13
-13
-26
-31
-13
11
24
27
33
25
18
4
-7
2
-1
-5
-5
-16
-24
-26
-21
-10
0
-7
-17
-11
-4
-5
-11
-22
-14
-15
-19
1
13
16
21
15
7
11
15
5
3
11
4
-7
-14
-3
8
7
7
2
2
5
7
0
-9
-10
-11
-12
-5
-3
-4
-2
-8
-1
12
15
16
20
23
25
22
14
12
10
3
0
1
5
10
23
23
19
21
17
13
12
7
2
7
11
20
24
18
14
18
22
12
7
-2
-3
-8
-18
-23
-31
-28
-22
-19
-14
-17
-31
-39
-40
-43
-48
-43
-32
-20
-13
-10
-5
-9
-10
-9
-6
-4
3
4
1
5
13
17
17
25
25
26
31
34
36
24
23
31
26
34
42
45
44
38
34
29
22
15
10
4
-6
-16
-19
-14
-9
-1
1
-1
5
3
0
2
-2
-14
-23
-37
-55
-59
-49
-37
-31
-25
-28
-33
-31
-19
-16
-22
-24
-26
-34
-44
-45
-38
-34
-26
-6
-1
-4
2
12
13
12
15
1
-2
0
3
6
5
11
13
21
31
38
43
34
33
31
17
2
-2
-2
-8
0
7
6
5
5
5
6
5
15
21
20
23
17
2
-7
-5
0
9
9
5
0
-2
6
2
5
6
-15
-27
-23
-12
-9
-10
1
6
1
1
-1
-8
-15
-18
-19
-21
-9
-5
-2
1
-6
-7
-4
1
3
-2
-3
10
17
20
6
2
-6
-15
-7
1
11
22
30
32
24
22
35
35
26
22
9
3
7
19
25
33
47
52
54
51
43
31
17
7
-2
-8
-16
-21
-25
-27
-20
-18
-28
-32
-37
-39
-36
-37
-39
-52
-67
-66
-67
-67
-54
-36
-27
-15
-10
-12
-6
-7
-4
-5
-14
-15
-12
-7
-3
11
20
15
17
10
13
21
27
38
37
28
24
17
11
14
31
43
36
28
12
-8
-14
-10
-8
-12
-22
-25
-18
-8
-2
3
-2
-11
-15
-23
-31
-30
-32
-39
-33
-25
-21
-12
-2
8
20
23
22
15
5
-7
-17
-17
-9
3
9
14
24
28
25
33
41
37
32
27
16
7
7
9
8
13
11
5
3
-1
7
17
23
25
26
15
6
-1
-10
-10
-8
-7
-12
-17
-17
-11
0
5
11
20
22
18
12
12
2
-12
-20
-22
-15
-16
-19
-19
-28
-22
-16
-15
7
3
-1
-10
-22
-9
-17
-7
-5
-25
-8
-16
-12
6
17
38
38
42
38
29
23
11
10
18
26
22
17
10
-2
-11
-18
-15
-9
-16
-17
-22
-24
-26
-28
-20
-16
-10
-6
-6
-3
0
3
-7
-13
0
4
3
8
13
14
14
16
12
10
10
7
2
-7
-12
-17
-19
-27
-33
-29
-17
-10
-14
-11
-14
-15
-9
-6
-3
-11
-23
-30
-28
-22
-18
-13
-13
-22
-23
-24
-22
-13
-18
-16
-12
-15
-10
-6
1
1
2
11
25
45
56
55
57
47
37
36
43
47
46
50
53
55
51
34
11
7
5
4
7
5
4
1
-12
-19
-17
-20
-14
-1
7
7
6
-5
-10
-12
-24
-33
-34
-31
-21
-15
-15
-13
-17
-16
-11
-5
-7
-20
-13
-6
-10
-5
4
10
16
15
14
8
4
6
12
-1
-11
-7
-1
4
-1
1
1
-1
6
8
19
25
20
13
10
16
15
4
-9
-18
-16
-6
1
12
24
31
36
33
23
16
8
-3
-11
-19
-19
-9
2
9
12
13
15
16
21
22
18
2
-15
-19
-28
-30
-24
-34
-37
-34
-33
-31
-34
-35
-29
-22
-18
-19
-18
-31
-39
-38
-38
-30
-28
-33
-26
-24
-27
-21
-18
-13
-11
-8
0
-4
-6
-14
-20
-13
-7
-2
13
22
25
34
42
46
39
41
47
50
50
42
33
29
36
33
34
37
29
27
27
17
9
6
5
2
-4
-7
-14
-18
-27
-29
-19
-30
-28
-13
-11
2
11
5
-2
-5
-17
-24
-10
0
7
16
13
12
20
28
31
36
28
13
11
18
25
18
8
2
-2
-2
3
4
7
12
11
10
17
22
13
4
2
6
8
13
21
16
13
4
-10
-19
-20
-17
-18
-28
-34
-30
-24
-7
-2
0
-7
-16
-11
-18
-32
-45
-51
-46
-41
-32
-27
-27
-27
-31
-20
-13
-13
-11
-10
-7
-12
-11
-8
-8
-1
5
12
15
15
17
22
28
27
21
21
22
23
21
13
8
3
-2
5
17
18
19
24
19
3
-7
-24
-21
-9
-4
5
-1
-7
-15
-17
-12
-22
-25
-32
-45
-48
-47
-38
-34
-25
-21
-19
-4
8
6
-5
-9
-10
-7
7
18
25
40
45
32
13
-3
-3
10
27
32
38
43
44
53
45
35
34
28
28
26
19
7
-3
-2
-6
-17
-26
-25
-22
-15
-2
2
-8
-11
0
-2
-6
-9
-12
-3
3
15
25
27
30
33
39
44
46
53
49
34
32
35
27
24
28
28
33
37
34
24
8
-8
-26
-42
-58
-64
-61
-53
-40
-42
-56
-62
-64
-67
-79
-82
-75
-69
-63
-55
-49
-43
-24
-14
-11
-4
-5
-8
-2
2
5
10
16
26
29
32
34
28
30
33
29
25
21
23
21
23
29
29
27
18
11
9
-1
-6
-4
4
7
5
3
-4
-11
-16
-17
-12
-11
-20
-30
-29
-25
-24
-20
-21
-29
-27
-26
-22
-18
-21
-19
-13
-14
-10
-14
-18
-6
1
12
19
20
24
28
32
31
34
37
42
45
43
39
38
38
23
13
10
11
5
3
6
3
9
12
26
33
28
27
24
11
3
-3
-9
-6
-8
-4
-1
-6
-17
-29
-35
-33
-28
-21
-22
-15
-2
-5
-13
-18
-16
-8
-3
-2
-2
-4
-2
0
4
9
9
11
20
29
29
30
26
29
34
33
38
40
32
24
29
22
9
9
7
4
-7
-6
-4
-17
-30
-30
-22
-16
-15
-15
-17
-33
-40
-41
-48
-44
-32
-22
-23
-26
-36
-41
-31
-12
0
0
-8
-19
-23
-20
-13
-3
8
17
21
14
2
-10
-20
-23
-23
-32
-33
-24
-21
-12
-8
-5
-3
-5
-5
-12
-22
-24
-13
-6
2
13
18
25
27
22
21
19
12
13
15
21
28
34
31
25
18
12
13
9
10
12
11
9
8
13
27
29
30
29
15
2
-2
2
8
17
19
17
19
17
20
16
9
8
2
0
-7
-9
0
5
17
21
9
-3
-13
-14
-11
-9
-10
-16
-21
-25
-33
-40
-37
-28
-19
-14
-10
-9
-9
-1
1
-12
-13
-2
5
13
21
17
17
21
25
27
24
25
28
36
40
32
31
29
14
11
10
13
21
26
18
0
-9
-22
-30
-31
-25
-19
-20
-18
-23
-28
-35
-43
-45
-47
-47
-43
-36
-32
-21
-17
-20
-24
-22
-15
-14
-10
-1
6
12
16
15
16
7
0
1
6
11
6
1
-3
-17
-20
-14
-5
10
14
11
7
1
-2
0
8
10
7
2
-14
-22
-26
-24
-23
-25
-29
-30
-23
-11
0
-3
-8
-8
-2
16
30
30
25
22
21
21
26
40
44
42
39
39
35
34
33
22
16
1
-9
-10
-17
-16
-10
-5
-7
-3
9
15
12
6
-4
-9
-15
-11
-10
-11
3
3
-3
-5
0
6
11
12
1
-5
-2
3
11
22
28
29
29
22
22
33
33
28
36
38
33
28
22
10
-7
-13
-18
-21
-16
-13
-14
-12
-13
-8
-4
-12
-12
-17
-35
-39
-34
-29
-20
-9
-5
-7
-10
-14
-20
-30
-38
-42
-50
-49
-46
-35
-20
0
9
2
-15
-18
-21
-28
-32
-38
-28
-16
-14
-8
-6
-10
-12
-4
17
32
39
35
28
16
4
5
19
29
30
30
34
32
33
39
48
45
37
30
21
23
23
13
8
5
2
-4
-7
-10
-16
-13
-24
-35
-40
-46
-47
-46
-36
-25
-19
-8
-8
-10
-17
-24
-25
-37
-45
-38
-34
-36
-40
-34
-23
-7
12
24
28
32
31
30
28
29
37
45
57
64
64
62
56
43
38
45
43
52
55
52
48
50
47
26
9
-11
-23
-23
-8
-1
5
13
13
10
-4
-6
-12
-16
-30
-45
-52
-50
-47
-55
-51
-42
-30
-27
-33
-37
-43
-36
-26
-19
-11
-16
-13
-5
-5
-3
-4
-4
0
8
12
12
6
18
28
23
17
10
5
-4
-11
-12
-12
-2
12
26
28
28
34
29
28
29
18
1
-10
-9
-7
-6
-2
-3
-6
-11
-12
-6
-9
-9
-3
-6
-13
-14
-17
-16
-19
-24
-20
-23
-19
-16
-19
-16
-9
-2
-8
-9
-1
-6
-9
-5
-9
-7
-11
-11
-6
-2
10
10
1
4
19
18
9
14
16
14
14
12
6
6
8
10
10
8
5
9
6
6
15
15
12
14
12
6
-1
-3
-11
-16
-12
-11
-8
-3
2
0
-2
-6
1
13
25
34
42
35
25
18
8
3
2
5
4
14
19
16
13
17
19
4
-9
-15
-16
-19
-24
-23
-30
-32
-35
-38
-46
-43
-43
-41
-27
-14
-4
-3
-3
-2
-1
-2
-2
17
31
33
35
24
19
20
22
20
12
16
25
35
38
42
38
23
13
5
-5
-7
-2
-6
-8
-1
12
22
21
10
-8
-16
-14
-7
-5
-4
-6
-8
-4
-5
-9
-22
-29
-26
-22
-24
-32
-37
-33
-22
-14
-9
-10
-9
-6
-6
-3
-3
-10
-22
-29
-32
-30
-26
-18
-13
-13
-19
-22
-24
-29
-28
-25
-23
-23
-16
-16
-16
-2
1
-2
1
15
28
28
32
32
26
37
51
60
55
54
52
49
55
49
47
44
26
14
3
-6
-9
-11
-8
-7
-8
-12
-17
-23
-21
-22
-22
-11
-1
6
7
9
12
12
14
19
17
9
-5
-17
-26
-27
-26
-20
-7
1
-2
-4
-12
-17
-7
-3
2
9
12
10
10
10
11
11
12
2
-1
-4
-8
-2
2
1
-6
6
12
16
21
14
9
3
0
-2
-2
-5
-2
2
-3
-10
-14
-17
-18
-12
-7
-4
7
12
11
6
-9
-23
-34
-38
-25
-18
-13
-5
-1
8
10
19
22
14
4
5
19
21
18
7
-2
-5
-14
-19
-18
-12
-11
-6
7
13
15
20
32
37
23
6
0
-13
-24
-33
-21
-13
-21
-17
-4
1
-8
-7
-7
-7
-2
-3
-4
-11
-17
-25
-27
-14
2
7
3
-6
-1
7
14
22
25
26
25
26
17
6
-2
-17
-27
-32
-31
-22
-12
0
4
3
2
-5
-15
-14
-13
-10
-2
-1
7
7
-2
-14
-31
-37
-32
-24
-21
-2
14
13
8
4
4
9
11
17
24
25
22
16
15
23
34
40
41
36
40
49
52
49
41
29
22
12
7
-3
-17
-18
-10
2
9
11
16
19
10
1
-7
-23
-35
-37
-29
-20
-16
-7
-6
-8
-10
-13
-18
-26
-20
-15
-11
-14
-16
-12
-11
-4
12
23
21
21
19
9
10
14
19
20
12
2
0
7
14
21
25
17
11
14
12
-3
-13
-21
-38
-44
-44
-34
-32
-40
-40
-41
-40
-29
-23
-24
-15
-8
-6
-10
-7
-11
-27
-28
-23
-20
-13
-8
12
32
41
42
22
18
19
25
31
22
15
15
21
22
25
18
8
1
-3
-4
0
-3
-3
-7
-16
-25
-35
-45
-55
-59
-57
-56
-39
-23
-16
-5
-7
-18
-20
-18
-7
2
7
14
21
32
39
40
40
37
35
42
40
42
44
38
38
36
26
18
17
22
19
19
16
9
10
9
14
20
30
37
39
34
22
24
16
1
-5
-6
-6
-11
-15
-17
-20
-10
-2
-2
-2
-12
-23
-26
-21
-18
-23
-16
-16
-13
-10
-17
-17
-10
-5
-7
-7
-10
-14
-15
-26
-36
-32
-28
-23
-12
-6
-4
1
6
0
-4
-5
-4
-5
-15
-13
-9
-10
-1
1
6
5
1
2
6
11
12
15
23
28
28
20
8
-1
-4
5
13
13
2
-7
-9
-2
-1
-2
0
-9
-14
-13
-13
-15
-13
-8
-5
-11
-7
5
13
18
19
14
4
1
0
-5
-12
-14
-17
-17
-8
-16
-23
-26
-24
-19
-20
-9
-7
-3
6
10
11
9
-1
1
9
9
-2
-17
-15
-6
4
12
14
9
10
6
4
2
-14
-29
-37
-31
-19
-16
2
23
31
33
34
42
38
32
30
26
22
21
31
37
33
29
25
19
14
15
11
6
7
8
2
1
1
-7
-11
-11
-17
-20
-14
-6
-2
-1
-1
-4
-8
-9
-19
-26
-21
-23
-26
-17
4
9
7
6
18
24
24
19
17
12
-2
-5
-1
12
26
26
23
19
8
4
10
16
11
-5
-12
-22
-23
-22
-27
-28
-25
-19
-16
-15
-16
-13
-6
-10
-15
-12
-5
-2
-4
-11
-17
-19
-16
-5
1
-6
-19
-30
-25
-21
-17
-9
-12
-14
-15
-19
-11
-10
-10
-4
-6
-18
-30
-33
-38
-31
-14
3
16
20
20
15
14
17
11
5
2
4
-5
-5
-2
-2
-2
-6
-1
6
16
28
46
60
54
39
26
16
8
3
3
7
3
6
13
20
23
24
27
24
18
3
-21
-27
-15
-9
-3
5
8
1
-3
4
4
12
24
32
28
13
14
7
-3
-15
-26
-31
-44
-52
-47
-44
-33
-19
-8
-2
0
-3
-8
-9
-9
-10
-1
7
7
12
5
0
1
11
27
45
55
54
50
39
34
35
38
34
29
37
43
43
38
29
25
23
21
18
14
14
16
11
-2
-9
-13
-18
-13
-3
-8
-28
-41
-47
-58
-64
-69
-57
-38
-30
-37
-47
-49
-61
-63
-61
-61
-61
-65
-59
-54
-50
-52
-50
-36
-20
-14
-23
-34
-34
-19
1
9
14
19
25
27
31
41
47
48
54
56
57
47
37
36
37
36
34
31
21
19
17
11
13
21
32
37
40
38
31
28
24
23
26
29
23
9
-4
-14
-25
-25
-20
-19
-26
-35
-38
-40
-46
-56
-56
-53
-57
-56
-40
-35
-36
-27
-30
-23
-22
-21
-20
-20
-10
-8
-6
4
20
28
36
45
50
42
36
39
33
30
26
25
22
31
39
45
50
58
71
84
86
82
78
60
45
39
32
20
22
28
33
34
29
25
14
5
-7
-17
-28
-42
-50
-51
-53
-62
-62
-59
-65
-78
-75
-69
-62
-54
-46
-43
-42
-46
-46
-42
-42
-48
-43
-42
-42
-28
-19
-9
-5
-4
-7
-23
-32
-41
-46
-47
-39
-24
-12
0
15
20
27
30
35
47
47
43
46
50
56
60
60
59
60
58
53
47
44
42
51
63
67
57
44
38
26
23
25
19
6
-8
-9
-14
-22
-20
-16
-20
-29
-32
-37
-42
-45
-50
-50
-46
-50
-65
-78
-80
-76
-72
-71
-69
-70
-63
-54
-41
-29
-27
-28
-29
-26
-25
-15
-8
2
21
38
45
48
46
46
50
45
41
39
48
60
67
76
75
65
56
49
44
35
20
13
20
17
16
29
33
27
28
43
52
34
16
12
-5
-13
2
23
29
24
23
17
-1
-15
-22
-24
-34
-37
-32
-27
-30
-30
-19
-17
-32
-45
-51
-73
-83
-79
-68
-51
-46
-38
-24
-19
-21
-16
-12
-5
-11
-12
6
14
21
37
47
43
24
26
34
16
1
6
21
11
6
13
21
27
25
40
48
40
26
23
27
29
30
31
31
23
17
13
11
-3
-10
-2
-2
-12
-23
-27
-31
-31
-26
-29
-31
-41
-39
-37
-51
-56
-56
-57
-61
-62
-58
-60
-73
-75
-67
-55
-55
-60
-48
-42
-40
-32
-18
0
-5
-3
16
35
44
40
49
57
55
60
69
69
65
72
84
80
52
47
56
59
60
60
66
59
40
31
30
19
9
13
15
5
-13
-23
-25
-37
-50
-52
-43
-41
-39
-26
-17
-17
-23
-22
-25
-48
-64
-57
-37
-29
-14
8
22
26
26
27
11
-9
-13
-8
-11
-20
-20
-9
1
10
18
21
21
21
28
29
33
34
28
30
25
22
31
45
52
38
36
44
41
43
52
62
54
45
58
53
33
18
12
6
-10
-17
-22
-36
-48
-53
-48
-48
-45
-30
-16
-10
-10
-18
-31
-42
-45
-46
-47
-45
-45
-41
-33
-37
-43
-50
-62
-68
-74
-68
-65
-72
-70
-60
-51
-44
-42
-47
-37
-30
-28
-27
-21
-19
-20
-9
-4
-3
7
17
23
24
29
34
38
41
51
57
54
52
62
78
91
93
86
88
77
65
67
56
32
19
18
23
22
10
10
10
-3
-17
-17
-16
-19
-20
-16
-16
-29
-32
-28
-22
-27
-24
-15
-11
-8
-10
-5
4
-4
-21
-29
-34
-37
-28
-12
-3
-4
4
19
26
20
15
13
15
16
27
39
24
18
27
34
34
27
32
26
12
5
5
5
2
10
23
36
26
19
24
19
16
17
27
39
32
22
16
6
-12
-26
-31
-42
-45
-40
-39
-49
-60
-54
-38
-22
-15
-10
-8
-15
-20
-23
-24
-31
-33
-21
-2
3
-12
-24
-29
-32
-31
-31
-38
-49
-52
-52
-50
-35
-17
-8
3
5
8
9
1
2
6
0
-8
-5
10
29
36
45
51
47
39
30
35
33
23
22
15
18
15
10
17
8
2
0
-5
-9
-16
-7
11
27
38
29
26
22
14
10
1
-5
-9
-2
-1
-2
-11
-24
-38
-46
-41
-37
-33
-40
-50
-46
-50
-50
-45
-35
-27
-26
-21
-12
-2
11
19
23
19
9
12
17
17
12
14
20
22
27
37
53
59
57
58
53
41
29
33
44
49
46
40
31
20
11
17
17
16
13
14
16
9
7
11
10
-2
-10
-9
-17
-35
-39
-32
-22
-15
-13
-10
-14
-20
-26
-29
-25
-29
-21
-11
-8
-11
-23
-22
-24
-29
-21
-4
2
5
12
18
20
18
25
25
22
22
26
28
24
12
5
5
0
1
2
-2
-9
-14
-12
1
9
5
-2
-13
-28
-40
-44
-42
-56
-57
-48
-38
-17
-15
-16
-19
-29
-34
-39
-43
-52
-46
-31
-24
-15
-8
3
12
17
17
6
-11
-20
-20
-20
-18
0
6
9
3
-4
4
-4
1
9
5
-1
-10
-8
7
11
17
28
28
14
3
0
5
0
-11
-8
6
28
50
62
62
60
51
55
64
63
62
56
53
50
46
42
37
39
44
44
43
34
22
16
18
19
4
8
8
-6
-8
-9
-15
-24
-24
-25
-30
-29
-36
-49
-54
-65
-79
-79
-66
-56
-46
-38
-38
-38
-37
-20
-8
-3
1
9
18
14
11
13
17
11
10
20
23
12
9
16
23
22
24
37
36
32
30
39
48
29
16
15
30
43
42
42
31
4
-13
-23
-27
-38
-54
-51
-54
-77
-85
-73
-72
-75
-57
-40
-39
-41
-33
-25
-36
-37
-24
-12
-14
-23
-21
-16
-13
-18
-13
-12
-18
-23
-18
-8
-13
-20
-20
-20
-15
-9
10
23
33
46
52
48
31
25
36
36
41
48
51
41
32
47
57
51
45
57
66
55
35
26
25
16
2
5
10
1
-2
9
18
11
-1
0
6
-6
-10
4
6
-9
-20
-15
-24
-49
-61
-46
-34
-36
-31
-16
-19
-29
-25
-17
-21
-23
-14
-9
-12
-21
-13
-2
1
3
14
18
9
5
6
5
-6
-10
-8
8
13
6
10
6
2
13
33
34
29
43
43
30
17
26
46
34
22
37
46
36
20
40
50
25
13
28
38
24
18
37
32
-2
-22
-13
-8
-29
-30
-4
-6
-37
-51
-38
-41
-69
-74
-59
-68
-92
-83
-40
-29
-46
-39
-10
-6
-40
-46
-25
-26
-42
-19
20
10
-9
4
31
25
3
11
12
-17
-46
-40
-8
-14
-32
-13
2
-18
-30
-7
17
-5
-20
1
16
-8
-18
13
32
23
27
62
67
40
34
54
49
2
-8
17
11
-15
-22
3
8
-8
-2
21
19
-14
-13
0
-12
-30
-26
3
10
-7
-3
19
31
32
36
45
23
-11
-24
-30
-37
-46
-13
28
35
34
36
42
31
25
35
32
26
38
58
68
58
48
49
43
33
25
22
25
27
34
37
23
5
0
3
-8
-19
-18
-16
-28
-40
-40
-30
-35
-48
-52
-47
-56
-61
-30
-6
-6
-14
-10
-4
-21
-22
-6
0
-13
-25
-11
-8
-25
-22
-6
4
-18
-23
-12
-26
-39
-31
-13
-10
-14
5
28
14
-13
-29
-30
-43
-61
-45
-29
-27
-35
-22
-15
-31
-33
-1
21
5
-11
-9
2
-2
6
32
34
19
18
33
28
1
5
18
13
-1
5
26
19
11
18
29
19
3
16
26
21
0
3
11
-4
-21
-13
10
1
-12
8
18
-7
-32
-17
1
-25
-44
-31
-25
-36
-24
12
35
30
35
52
29
0
-11
10
24
6
11
24
33
36
43
68
65
53
67
74
57
19
13
33
21
11
25
47
55
30
37
44
7
-18
-10
5
-34
-72
-57
-39
-40
-58
-39
-7
-8
-18
-6
8
-16
-40
-36
-17
-26
-46
-41
-33
-40
-57
-59
-56
-59
-61
-41
-21
-20
-14
-2
22
25
11
13
6
12
19
22
43
60
67
54
60
70
46
26
14
26
14
-9
6
26
13
-23
-38
-27
-43
-60
-44
-31
-28
-32
-26
-4
7
2
-12
-14
-19
-50
-70
-65
-65
-74
-73
-42
-22
-31
-37
-26
-30
-43
-30
-14
-25
-49
-27
15
9
-14
15
69
69
33
38
94
90
51
50
74
80
40
49
72
53
57
93
128
87
40
54
57
22
-9
13
32
1
-5
13
1
-39
-40
-19
-52
-75
-27
43
26
-36
-50
-19
-32
-69
-62
-62
-67
-55
-43
-49
-82
-63
1
22
5
27
81
80
61
60
56
6
-9
47
50
-16
-48
11
46
-17
-25
42
77
1
-66
-44
-40
-64
-72
-46
-48
-49
-17
9
9
20
61
62
29
37
64
51
11
-4
25
9
-44
-48
20
68
52
22
14
28
48
57
21
7
31
56
-20
-136
-143
-89
-68
-77
-55
-34
-71
-131
-125
-80
-94
-92
-51
-27
-44
-49
-16
-8
-12
-23
-25
-28
-29
7
40
59
106
152
138
82
90
130
117
76
65
70
14
-39
-58
-52
-53
-25
50
67
45
40
47
13
-24
7
34
-36
-96
-27
26
-41
-89
10
103
72
1
32
89
56
32
46
42
16
27
62
6
-46
11
54
-49
-139
-73
-7
-60
-87
-6
51
-19
-96
-81
-105
-196
-217
-109
-91
-102
-49
6
-44
-150
-71
67
67
4
74
163
112
45
109
181
122
97
134
115
55
58
131
111
-16
-5
73
42
-21
-4
8
-86
-129
-75
-69
-200
-234
-111
-89
-154
-150
-25
43
-7
41
85
9
-61
-14
62
-11
-74
28
113
25
-36
69
173
155
129
171
157
108
124
145
76
1
99
179
69
-3
121
196
115
53
141
173
12
-61
-27
-80
-143
-81
15
-68
-210
-186
-126
-235
-361
-328
-249
-264
-253
-145
-130
-190
-109
57
141
59
60
116
22
136
238
90
-171
-84
356
429
11
-104
253
422
-10
-676
-711
-235
-48
-208
-438
-390
-18
79
-151
-446
-132
519
447
-176
-157
276
349
-49
-261
195
359
270
118
-6
104
-9
-99
-79
-192
-100
-46
-8
4
-30
44
24
-116
-33
241
192
120
199
371
390
179
273
370
236
193
328
369
129
-4
130
197
11
-70
27
-14
-116
-118
-27
-45
-197
-178
-98
-189
-253
-195
-175
-216
-157
-50
-111
-234
-150
1
-112
-307
-233
-45
-135
-287
-207
-31
-15
-83
22
116
62
107
348
382
188
151
379
445
262
246
361
277
127
214
273
22
-147
-38
69
-143
-383
-225
-152
-332
-426
-388
-357
-485
-478
-296
-406
-621
-531
-326
-318
-337
-196
-34
-103
-116
113
267
249
224
426
540
372
353
499
624
544
460
542
516
460
539
555
383
331
400
318
-64
-267
-86
-87
-341
-528
-488
-387
-491
-617
-641
-684
-684
-628
-583
-654
-656
-480
-393
-469
-367
-164
-154
-283
-199
66
130
125
283
613
827
750
718
916
1059
923
910
1079
904
719
896
1037
656
385
605
553
207
39
-100
-343
-449
-482
-777
-1076
-1038
-868
-906
-1067
-1170
-1089
-875
-865
-982
-895
-753
-757
-707
-508
-436
-499
-352
-205
-285
-340
-159
-41
-34
129
383
433
738
1281
1297
979
1085
1459
1461
1320
1383
1484
1647
1856
1581
1047
885
878
625
469
242
-315
-543
-312
-500
-1215
-1396
-1209
-1325
-1338
-1116
-1126
-1143
-725
-453
-615
-676
-520
-378
-348
-387
-444
-387
-272
-374
-470
-393
-451
-576
-496
-394
-487
-359
13
248
496
850
932
780
991
1338
1310
1196
1287
1455
1589
1610
1172
488
342
379
16
-310
-375
-697
-1065
-996
-1108
-1624
-1783
-1574
-1597
-1670
-1482
-1254
-1012
-594
-309
-336
-334
-226
-169
-81
3
12
201
558
599
368
247
237
128
77
107
174
347
600
942
1351
1704
1669
1567
1782
1842
1519
1291
1406
1569
1627
1578
1233
834
656
309
-208
-581
-830
-1117
-1302
-1399
-1696
-2025
-2099
-2077
-2092
-2040
-2001
-1845
-1374
-836
-695
-736
-607
-473
-412
-430
-565
-645
-486
-230
-122
-108
-67
6
91
132
57
74
338
600
1061
1730
1920
1626
1798
2411
2355
1919
2116
2457
2541
2645
2381
1645
1359
1393
768
-20
-252
-618
-1113
-906
-755
-1427
-1837
-1718
-1924
-2210
-2121
-2208
-2345
-1897
-1460
-1515
-1460
-1214
-1254
-1213
-1038
-1208
-1371
-1056
-830
-918
-816
-650
-700
-686
-531
-476
-305
-35
152
706
1532
1630
1387
1894
2486
2198
1977
2497
2919
3202
3525
3331
2799
2832
2670
1670
968
685
-12
-511
-349
-703
-1509
-1470
-1088
-1549
-2096
-2142
-2259
-2253
-1862
-1698
-1816
-1642
-1392
-1354
-1274
-1291
-1447
-1315
-898
-730
-670
-464
-439
-487
-331
-344
-638
-506
-107
-37
190
1077
1779
1679
1701
2264
2327
1923
1967
2254
2360
2584
2811
2457
1937
1730
1275
471
-62
-580
-1145
-1214
-1195
-1673
-1902
-1547
-1697
-2221
-2206
-2206
-2493
-2150
-1490
-1383
-1314
-872
-661
-643
-525
-623
-757
-436
-139
-211
-16
347
274
162
290
52
-274
-29
183
77
494
1447
1874
1763
2035
2414
2249
1946
1945
2033
2104
2254
2184
1783
1554
1265
504
-150
-548
-1174
-1562
-1403
-1531
-1893
-1523
-1138
-1531
-1568
-1106
-1347
-1664
-1139
-756
-942
-719
-168
-74
-51
128
30
-67
54
-8
-42
184
157
-121
-173
-227
-478
-490
-273
-348
-169
790
1397
1055
1226
2120
2061
1266
1332
1713
1510
1688
2163
1777
1206
1451
1236
229
-219
-590
-1392
-1599
-1504
-2131
-2441
-1778
-1675
-2124
-1871
-1559
-1870
-1799
-1454
-1605
-1486
-1020
-1000
-1125
-928
-955
-979
-583
-600
-1003
-744
-159
-239
-385
-49
72
-58
138
347
307
738
1748
2273
2160
2523
3202
3104
2635
2692
2746
2498
2695
2959
2440
2035
2163
1641
705
287
-248
-1033
-1257
-1432
-2012
-2065
-1748
-2014
-2176
-1805
-2003
-2404
-1903
-1625
-2116
-1945
-1260
-1237
-1354
-1040
-907
-1061
-933
-802
-844
-642
-447
-479
-363
-125
-185
-204
29
155
424
1293
2168
2219
2316
3155
3538
3055
2821
2983
2624
2234
2411
2167
1481
1496
1492
636
-36
-336
-1097
-1621
-1583
-2073
-2594
-2246
-2177
-2598
-2286
-1841
-2152
-2036
-1278
-1395
-1684
-1098
-786
-1094
-936
-485
-507
-457
-183
-227
-226
74
131
172
491
638
610
847
995
828
1290
2264
2346
1800
2293
3140
2712
1988
2203
2206
1678
1913
2064
1101
553
917
470
-722
-1244
-1627
-2267
-2303
-2379
-2979
-2941
-2369
-2417
-2536
-2173
-2278
-2454
-1893
-1717
-2100
-1687
-999
-1022
-938
-468
-436
-468
-98
-109
-393
-103
313
221
287
736
895
927
1210
1274
1273
1839
2409
2256
2165
2795
3209
2939
2824
2983
2698
2557
2743
2260
1392
1316
1276
282
-547
-869
-1458
-1884
-1742
-2087
-2674
-2373
-2054
-2439
-2554
-2355
-2414
-2180
-1678
-1810
-1972
-1422
-1121
-1235
-903
-444
-435
-248
79
-27
-185
-5
138
-10
-46
88
260
406
481
592
1131
1875
2180
2140
2374
2734
2583
2414
2591
2424
2092
2455
2785
1971
1202
1475
1367
281
-468
-791
-1400
-1846
-1992
-2387
-2728
-2633
-2629
-2841
-2829
-2728
-2560
-2109
-1924
-1970
-1670
-1244
-1208
-1201
-863
-668
-521
-59
127
-95
71
605
725
472
511
754
872
940
1043
1125
1502
2131
2306
2024
2257
2867
2732
2383
2594
2646
2307
2345
2335
1487
965
1188
722
-203
-627
-975
-1579
-1787
-1958
-2540
-2586
-2172
-2381
-2632
-2308
-2254
-2340
-1974
-1785
-1973
-1605
-997
-1009
-982
-521
-308
-206
69
63
-106
147
365
-14
-266
3
125
17
153
409
685
1286
1886
1801
1677
2049
2152
1810
1746
1887
1801
2034
2466
1967
1246
1410
1285
297
-418
-784
-1427
-1738
-1670
-2282
-2866
-2477
-2156
-2361
-2149
-1634
-1432
-1078
-709
-930
-1185
-1012
-999
-1114
-890
-682
-501
-39
293
223
376
790
631
194
218
309
106
-41
76
282
729
1528
2138
2282
2575
3096
3114
2707
2449
2275
2043
2171
2253
1665
1315
1691
1547
645
68
-259
-926
-1411
-1644
-2294
-2747
-2522
-2347
-2484
-2416
-2134
-1814
-1352
-1185
-1387
-1235
-965
-1180
-1351
-1184
-1155
-1146
-775
-665
-872
-670
-296
-352
-544
-392
-233
-165
10
187
333
805
1580
1949
2007
2535
3254
3250
2872
2864
2830
2688
2796
2640
2108
2053
2251
1700
827
253
-427
-1198
-1647
-2304
-3056
-3005
-2734
-2912
-2853
-2351
-2143
-1930
-1465
-1547
-1903
-1733
-1551
-1815
-1893
-1661
-1433
-1064
-605
-409
-166
282
337
208
291
279
62
60
91
-88
89
845
1545
1795
2002
2542
3045
3003
2711
2546
2334
2116
2032
1605
952
931
1215
771
178
117
-209
-749
-983
-1436
-2156
-2268
-2096
-2439
-2584
-2155
-1899
-1713
-1268
-1226
-1326
-1006
-906
-1173
-1098
-854
-910
-727
-325
-297
-224
235
460
347
453
660
627
501
443
557
942
1486
1916
2229
2555
2847
3019
2954
2756
2566
2402
2345
2163
1574
1130
1241
1114
463
50
-116
-658
-1096
-1305
-1967
-2519
-2229
-1999
-2288
-2140
-1637
-1536
-1492
-1347
-1504
-1658
-1478
-1426
-1517
-1399
-1323
-1275
-966
-741
-790
-464
-59
-234
-484
-294
-174
-314
-215
86
259
553
1231
1885
2084
2292
2831
3040
2680
2387
2302
1996
1736
1603
1143
941
1356
1217
518
340
278
-284
-731
-1070
-1904
-2423
-2247
-2491
-3005
-2734
-2214
-2041
-1684
-1373
-1438
-1285
-1072
-1321
-1409
-1131
-1177
-1197
-804
-710
-826
-367
116
-5
56
500
577
417
523
629
652
1018
1546
1830
2102
2627
3109
3249
3198
3095
2926
2782
2591
2068
1548
1428
1298
836
397
73
-460
-904
-1110
-1624
-2239
-2293
-2287
-2682
-2776
-2361
-2121
-1973
-1658
-1475
-1335
-1009
-884
-1074
-1187
-1217
-1222
-1125
-1121
-1237
-1065
-751
-681
-621
-306
-3
203
401
422
402
647
1023
1380
1701
1994
2474
3048
3224
3053
3027
2988
2720
2515
2161
1539
1272
1239
682
104
6
-240
-663
-896
-1268
-1777
-1793
-1715
-2050
-2144
-1826
-1725
-1700
-1480
-1475
-1500
-1170
-1064
-1271
-1210
-1032
-1011
-822
-614
-742
-736
-388
-268
-423
-338
-127
-34
123
290
312
496
970
1458
1761
2139
2789
3342
3601
3748
3761
3562
3373
3125
2488
1825
1656
1371
542
-78
-330
-758
-1290
-1698
-2218
-2600
-2603
-2700
-3002
-3031
-2883
-2819
-2642
-2509
-2598
-2464
-2081
-2083
-2299
-2173
-1954
-1898
-1756
-1575
-1454
-1200
-830
-604
-463
-226
98
491
781
893
1131
1571
1954
2211
2524
2900
3269
3574
3685
3674
3595
3406
3208
2956
2394
1794
1625
1328
518
-151
-410
-773
-1274
-1646
-1993
-2256
-2280
-2362
-2568
-2493
-2278
-2211
-2098
-1962
-1994
-1841
-1486
-1527
-1697
-1486
-1266
-1224
-1088
-795
-566
-324
22
164
166
282
463
650
810
887
1076
1577
2120
2416
2678
3095
3565
3901
3971
3785
3539
3437
3321
2967
2385
1966
1798
1448
802
232
-112
-578
-1183
-1721
-2178
-2548
-2759
-2912
-3019
-2954
-2803
-2603
-2387
-2282
-2236
-2037
-1894
-2046
-2216
-2143
-2026
-2060
-2116
-1959
-1610
-1286
-984
-590
-248
-40
317
684
698
662
974
1302
1449
1730
2037
2254
2681
3108
3126
2978
3004
3009
2900
2670
2205
1872
1846
1446
694
324
16
-578
-999
-1273
-1828
-2132
-1965
-2183
-2646
-2490
-2168
-2313
-2332
-2083
-2113
-2184
-2010
-1980
-2120
-2027
-1712
-1364
-1155
-1071
-762
-210
42
-18
275
667
640
691
1013
1156
1199
1500
1905
2185
2454
2713
2963
3144
3069
2930
2974
2793
2284
2003
1803
1262
920
881
389
-276
-439
-615
-1233
-1686
-1919
-2331
-2577
-2573
-2733
-2817
-2555
-2364
-2337
-2157
-1985
-1915
-1681
-1558
-1701
-1631
-1277
-1112
-1060
-684
-199
157
552
883
1024
1285
1634
1606
1530
1820
2040
1925
2038
2513
2696
2635
2961
3281
3103
2870
2814
2554
2086
1736
1355
859
567
349
-101
-574
-804
-1031
-1434
-1800
-2096
-2319
-2472
-2626
-2834
-2817
-2622
-2686
-2662
-2288
-2059
-2094
-1958
-1778
-1887
-1863
-1478
-1313
-1400
-1099
-548
-270
-75
287
560
732
991
1159
1168
1246
1448
1615
1803
2102
2375
2573
2826
3090
3152
3018
2808
2601
2415
2129
1713
1293
1065
872
452
32
-154
-449
-1041
-1460
-1762
-2237
-2583
-2567
-2677
-2955
-2825
-2499
-2472
-2502
-2274
-2087
-2081
-2101
-2080
-1973
-1803
-1616
-1325
-897
-522
-193
245
574
703
968
1247
1157
1012
1302
1559
1391
1318
1713
2119
2174
2284
2589
2728
2636
2579
2461
2103
1809
1615
1249
841
686
519
110
-191
-403
-774
-1205
-1509
-1872
-2161
-2214
-2378
-2575
-2379
-2023
-1966
-1870
-1612
-1520
-1472
-1321
-1378
-1526
-1350
-1089
-1013
-805
-405
-51
309
669
825
969
1242
1266
1091
1105
1104
844
756
1021
1296
1458
1660
1989
2363
2548
2480
2491
2543
2390
2251
2142
1814
1488
1415
1156
626
349
206
-232
-834
-1267
-1584
-1860
-2105
-2345
-2381
-2205
-2141
-2191
-2106
-2006
-2039
-1992
-1880
-1967
-1969
-1626
-1341
-1318
-1066
-493
-57
169
481
838
971
1040
1159
1146
1049
1072
1111
1004
1012
1237
1317
1263
1397
1573
1471
1323
1331
1253
1117
1010
739
450
386
159
-333
-547
-577
-921
-1307
-1468
-1797
-2121
-2110
-2129
-2328
-2288
-2130
-2215
-2198
-2095
-2105
-1984
-1710
-1633
-1606
-1222
-837
-668
-314
199
606
899
1180
1404
1557
1695
1702
1619
1600
1619
1535
1370
1350
1683
1941
1809
1812
2197
2417
2223
2200
2296
2180
2088
1899
1469
1142
1023
586
-18
-188
-335
-803
-1180
-1479
-1838
-1995
-2097
-2498
-2741
-2530
-2458
-2592
-2543
-2442
-2347
-2042
-1815
-1828
-1584
-1056
-767
-638
-294
209
651
943
1206
1458
1664
1760
1670
1588
1576
1485
1291
1172
1250
1407
1464
1527
1769
2055
2114
2042
2062
2118
2102
1977
1695
1262
953
664
102
-441
-693
-892
-1162
-1380
-1626
-1891
-1944
-1985
-2234
-2332
-2211
-2282
-2426
-2394
-2442
-2501
-2333
-2188
-2202
-1938
-1449
-1226
-1103
-724
-311
-94
99
345
576
720
697
638
684
688
517
407
533
661
793
982
1080
1237
1729
2115
2019
1971
2287
2393
2064
1754
1585
1404
1125
726
329
137
-105
-487
-754
-936
-1166
-1269
-1286
-1544
-1768
-1682
-1677
-1904
-1953
-1792
-1720
-1640
-1408
-1206
-940
-550
-251
-7
262
511
673
819
884
910
1010
1002
863
795
777
635
427
352
438
555
573
604
892
1236
1338
1509
1836
1915
1847
1909
1722
1295
1180
1071
482
-7
-78
-420
-972
-1169
-1361
-1693
-1824
-1953
-2273
-2399
-2335
-2472
-2536
-2356
-2264
-2106
-1772
-1604
-1458
-954
-439
-172
236
779
1096
1350
1702
1862
1865
1983
2001
1820
1662
1534
1286
1004
854
769
794
834
735
783
1123
1321
1246
1375
1625
1506
1279
1158
852
517
318
-135
-753
-1036
-1209
-1678
-2132
-2318
-2466
-2587
-2639
-2778
-2905
-2825
-2774
-2843
-2704
-2489
-2401
-2158
-1736
-1441
-1024
-300
214
442
897
1461
1659
1787
2016
2105
2082
2057
1944
1702
1541
1460
1372
1347
1360
1447
1577
1613
1731
1972
2037
1944
1966
1959
1772
1564
1269
904
691
425
-141
-593
-808
-1285
-1785
-1993
-2331
-2677
-2646
-2748
-3113
-3079
-2804
-2875
-2889
-2595
-2461
-2373
-2004
-1680
-1475
-1029
-523
-162
317
829
1074
1307
1629
1715
1639
1617
1438
1075
928
894
660
476
528
676
846
1111
1307
1497
1955
2328
2362
2394
2557
2539
2365
2194
1878
1560
1376
991
380
-1
-274
-797
-1281
-1563
-1954
-2283
-2396
-2630
-2863
-2783
-2672
-2748
-2584
-2243
-2077
-1897
-1556
-1262
-993
-537
-126
55
295
614
793
856
949
1037
967
793
538
314
277
239
73
-13
85
275
424
565
902
1304
1563
1743
1955
2113
2138
2100
1988
1757
1566
1361
929
470
128
-174
-488
-767
-1096
-1477
-1673
-1810
-2121
-2333
-2277
-2263
-2319
-2258
-2092
-1875
-1596
-1338
-1045
-659
-379
-169
190
488
558
713
950
961
868
967
920
656
615
696
488
265
289
293
349
555
635
648
1009
1330
1271
1345
1609
1547
1407
1461
1122
685
777
574
-262
-609
-539
-1016
-1449
-1367
-1548
-1903
-1768
-1692
-1988
-1873
-1576
-1740
-1754
-1418
-1291
-1129
-731
-549
-340
232
553
612
1013
1338
1251
1354
1467
1174
1017
1032
608
152
206
155
-224
-256
-37
-71
36
431
635
787
1147
1428
1516
1615
1620
1513
1466
1280
919
739
542
69
-246
-368
-730
-1217
-1395
-1562
-1944
-2120
-2127
-2341
-2397
-2111
-2017
-2057
-1745
-1300
-1038
-754
-348
-40
266
648
881
1031
1197
1304
1335
1351
1226
1087
1033
841
533
458
477
198
24
203
247
204
550
858
819
1062
1554
1635
1564
1785
1831
1553
1363
1100
719
501
165
-409
-722
-866
-1284
-1580
-1626
-1941
-2267
-2152
-2150
-2453
-2334
-1971
-2017
-1954
-1479
-1248
-1175
-746
-287
-95
184
511
578
615
701
686
679
680
571
457
350
100
-128
-93
-112
-287
-181
81
160
348
738
943
1107
1602
1966
1896
1910
2018
1866
1674
1558
1209
836
694
361
-147
-323
-423
-802
-1090
-1211
-1417
-1519
-1468
-1623
-1729
-1434
-1299
-1395
-1159
-805
-769
-634
-195
-6
34
334
545
456
520
659
507
303
214
54
-134
-276
-480
-650
-719
-817
-873
-733
-640
-588
-251
186
339
568
1082
1292
1270
1513
1723
1584
1509
1569
1429
1266
1230
1006
647
438
214
-149
-410
-579
-827
-1014
-1108
-1244
-1233
-1062
-1053
-1084
-831
-572
-523
-390
-108
64
208
407
431
423
533
559
426
348
291
122
-51
-188
-364
-530
-620
-766
-848
-723
-597
-507
-208
96
229
513
887
980
995
1255
1373
1205
1195
1169
797
573
563
220
-169
-144
-268
-727
-924
-949
-1201
-1382
-1394
-1572
-1615
-1419
-1413
-1461
-1221
-1009
-935
-675
-414
-299
-57
205
194
299
669
739
647
767
776
583
580
640
443
284
351
327
209
283
437
526
711
946
1070
1177
1354
1407
1384
1457
1432
1285
1254
1150
706
439
422
29
-483
-537
-637
-1143
-1378
-1314
-1571
-1819
-1748
-1804
-1890
-1684
-1562
-1599
-1346
-1052
-923
-683
-431
-391
-198
107
44
46
392
445
216
316
431
229
159
266
104
-119
-18
6
-146
-71
77
156
394
698
850
1040
1376
1557
1583
1695
1734
1593
1536
1530
1287
1053
1022
768
318
123
29
-349
-649
-716
-948
-1166
-1088
-1151
-1384
-1336
-1263
-1412
-1366
-1133
-1126
-1093
-831
-696
-619
-325
-175
-219
-53
101
40
56
149
25
-146
-88
-128
-301
-346
-339
-304
-89
98
114
297
679
917
1062
1435
1805
1858
1920
2096
2026
1869
1880
1745
1306
1066
1039
665
226
114
-114
-569
-867
-1099
-1410
-1575
-1752
-2122
-2230
-2106
-2182
-2204
-1898
-1719
-1733
-1457
-1151
-1071
-792
-366
-185
-30
263
415
397
422
414
334
340
284
98
47
134
180
218
289
318
425
716
997
1144
1301
1556
1810
1897
1872
1862
1764
1575
1400
1103
738
579
430
-58
-500
-617
-842
-1190
-1273
-1287
-1487
-1564
-1550
-1682
-1744
-1648
-1647
-1629
-1435
-1280
-1163
-917
-706
-554
-179
171
264
473
796
837
800
953
1001
820
715
642
401
183
180
188
84
68
224
371
473
637
806
919
1102
1311
1342
1322
1353
1381
1350
1222
969
736
665
417
-82
-305
-374
-737
-1024
-1040
-1188
-1436
-1436
-1498
-1761
-1734
-1495
-1500
-1469
-1178
-968
-857
-645
-475
-351
-133
23
61
176
338
434
542
563
463
479
571
427
191
180
190
44
53
247
308
288
456
741
789
751
973
1243
1231
1102
1149
1192
1079
991
914
712
528
405
175
-97
-286
-484
-696
-875
-1070
-1185
-1232
-1379
-1510
-1418
-1330
-1439
-1410
-1178
-1113
-1150
-990
-846
-781
-544
-278
-233
-181
58
198
156
200
268
215
185
124
20
46
92
-8
-85
34
186
253
393
605
725
803
1018
1290
1409
1454
1562
1626
1510
1386
1301
1151
977
761
438
153
17
-195
-535
-744
-849
-1054
-1218
-1245
-1314
-1337
-1244
-1198
-1195
-1042
-823
-676
-452
-262
-148
54
272
282
221
390
536
511
508
543
474
336
269
164
20
-43
-85
-141
-136
-145
-146
-72
56
157
251
443
608
722
794
807
782
830
937
851
637
539
506
295
-12
-138
-228
-508
-725
-809
-968
-1122
-1146
-1203
-1303
-1238
-1157
-1220
-1203
-1049
-886
-725
-597
-508
-320
-3
167
222
417
609
643
653
673
631
616
585
420
292
283
146
-48
-30
37
-60
-56
191
387
477
659
904
1060
1129
1244
1352
1328
1243
1231
1177
939
795
822
631
257
16
-158
-480
-799
-935
-1065
-1231
-1403
-1552
-1619
-1641
-1678
-1657
-1515
-1389
-1256
-1026
-817
-620
-325
-133
-125
-38
207
320
244
227
230
153
37
-82
-193
-234
-237
-266
-276
-247
-202
-93
34
117
273
524
656
732
947
1104
1104
1166
1327
1391
1383
1363
1246
1088
975
780
509
273
77
-150
-370
-548
-739
-849
-901
-1012
-1084
-1044
-1058
-1035
-821
-638
-622
-497
-221
11
172
335
501
672
828
841
788
760
668
502
326
142
-67
-269
-442
-574
-628
-601
-547
-513
-450
-389
-282
-124
16
178
415
626
752
866
939
932
905
908
861
757
644
451
214
-5
-175
-319
-496
-713
-920
-1100
-1322
-1516
-1523
-1449
-1412
-1263
-1027
-826
-614
-389
-217
-54
169
328
406
535
579
459
388
357
211
26
-34
-89
-208
-250
-247
-273
-265
-185
-86
73
290
501
678
860
1027
1209
1372
1444
1514
1589
1605
1510
1381
1271
1105
830
550
277
-59
-379
-643
-880
-1153
-1413
-1589
-1706
-1791
-1844
-1774
-1645
-1517
-1331
-1082
-852
-646
-422
-202
32
190
291
403
466
435
369
283
149
37
-71
-199
-333
-456
-551
-618
-618
-539
-445
-340
-163
44
237
450
673
900
1125
1283
1388
1502
1579
1584
1555
1471
1256
1029
856
606
304
84
-109
-343
-524
-707
-863
-946
-1013
-1057
-1035
-929
-866
-760
-555
-408
-260
-29
168
300
461
574
578
588
613
540
392
274
150
-10
-154
-318
-456
-523
-585
-666
-692
-628
-533
-426
-279
-130
67
344
577
699
896
1118
1200
1263
1329
1294
1192
1088
865
583
382
165
-94
-307
-478
-754
-1034
-1193
-1347
-1442
-1490
-1509
-1485
-1372
-1295
-1259
-1097
-904
-794
-679
-441
-293
-199
-50
22
43
82
99
25
-22
-72
-187
-247
-256
-294
-307
-238
-204
-125
23
159
290
490
721
875
1070
1226
1364
1497
1602
1686
1677
1680
1654
1549
1369
1143
1006
915
704
417
191
-36
-300
-489
-604
-727
-849
-929
-1026
-1067
-1068
-1071
-1017
-909
-851
-845
-786
-705
-677
-641
-553
-505
-489
-479
-452
-459
-478
-466
-489
-519
-544
-541
-528
-494
-409
-275
-129
-35
87
241
414
597
808
1015
1143
1253
1366
1461
1469
1509
1548
1453
1299
1223
1156
977
813
694
572
391
197
42
-105
-243
-392
-481
-567
-717
-836
-898
-953
-1014
-969
-928
-983
-983
-891
-916
-1032
-1004
-921
-953
-1007
-967
-917
-893
-863
-803
-737
-676
-553
-339
-207
-159
-35
163
309
413
654
873
949
1041
1217
1371
1455
1563
1636
1644
1612
1586
1535
1412
1321
1280
1126
815
593
493
325
68
-72
-160
-372
-608
-761
-868
-996
-1080
-1129
-1213
-1338
-1405
-1389
-1417
-1420
-1357
-1295
-1267
-1247
-1127
-1011
-879
-730
-633
-569
-501
-394
-296
-217
-133
-26
116
226
293
404
535
629
753
926
1071
1175
1307
1464
1532
1562
1591
1546
1470
1381
1225
1070
970
850
655
494
365
194
24
-130
-286
-474
-664
-849
-1033
-1168
-1294
-1403
-1462
-1561
-1645
-1596
-1486
-1418
-1283
-1045
-905
-830
-642
-431
-333
-242
-113
-46
-24
24
123
229
317
383
482
579
642
749
892
986
1023
1119
1196
1191
1218
1297
1328
1309
1371
1417
1402
1385
1339
1225
1054
913
757
574
354
141
-43
-262
-489
-685
-868
-1108
-1345
-1491
-1606
-1743
-1798
-1764
-1769
-1768
-1608
-1412
-1290
-1161
-962
-787
-657
-466
-286
-156
-20
139
244
316
384
443
484
497
500
514
558
559
542
589
630
612
617
669
657
651
704
719
684
650
653
625
565
526
472
368
251
136
-7
-154
-276
-385
-523
-695
-887
-1049
-1168
-1261
-1330
-1361
-1396
-1412
-1329
-1222
-1135
-995
-838
-700
-518
-303
-111
66
224
334
425
543
621
619
670
748
784
826
855
843
851
915
970
1030
1086
1081
1059
1093
1151
1151
1187
1248
1250
1204
1186
1138
1028
942
833
668
452
238
10
-229
-493
-802
-1060
-1299
-1537
-1727
-1856
-1972
-2067
-2101
-2085
-2007
-1890
-1752
-1616
-1454
-1259
-1030
-777
-551
-347
-137
60
200
310
423
510
544
594
658
691
697
709
744
775
787
791
806
829
872
915
966
998
1020
1091
1178
1198
1180
1208
1218
1148
1061
981
830
604
418
228
-15
-256
-453
-632
-867
-1102
-1297
-1432
-1557
-1701
-1768
-1768
-1760
-1702
-1561
-1422
-1312
-1121
-912
-793
-650
-460
-312
-202
-77
27
87
184
282
371
454
487
519
571
589
590
638
660
636
686
785
860
936
1057
1155
1196
1244
1303
1283
1218
1173
1087
935
775
649
467
260
71
-100
-323
-619
-868
-1054
-1254
-1472
-1607
-1662
-1712
-1750
-1698
-1572
-1480
-1374
-1199
-1046
-935
-809
-631
-460
-346
-203
-18
88
168
284
358
408
474
548
573
547
572
592
607
660
694
718
760
841
936
1032
1120
1181
1254
1303
1293
1285
1302
1272
1196
1124
1006
835
710
598
429
236
68
-129
-385
-585
-760
-953
-1110
-1216
-1311
-1390
-1432
-1472
-1502
-1513
-1516
-1479
-1376
-1269
-1151
-992
-872
-774
-620
-475
-365
-246
-115
-25
38
79
136
179
227
319
387
471
535
553
591
632
698
780
821
874
958
1018
1035
1071
1099
1046
983
950
881
744
599
466
321
145
-5
-145
-300
-462
-625
-775
-915
-1037
-1120
-1173
-1184
-1190
-1182
-1156
-1128
-1036
-906
-774
-644
-502
-347
-216
-94
47
189
312
426
520
553
544
564
605
635
646
650
655
634
600
595
588
555
502
466
477
468
456
462
443
396
370
341
297
273
226
168
80
-42
-161
-263
-360
-444
-542
-628
-730
-869
-928
-936
-928
-912
-900
-916
-943
-894
-807
-724
-626
-479
-320
-169
-50
63
183
306
407
494
563
574
569
577
600
616
625
669
698
683
689
683
641
582
535
492
448
438
458
462
446
431
434
406
361
353
322
238
152
85
-13
-132
-226
-306
-429
-582
-701
-808
-924
-1015
-1083
-1157
-1243
-1313
-1331
-1288
-1211
-1129
-1008
-877
-768
-622
-467
-333
-203
-57
57
134
241
352
429
521
643
741
805
835
827
819
826
820
822
814
808
809
831
845
823
819
795
724
673
644
584
512
474
448
400
333
255
157
48
-55
-173
-320
-482
-639
-779
-892
-997
-1085
-1154
-1182
-1169
-1143
-1100
-1041
-970
-903
-836
-749
-629
-492
-364
-249
-150
-86
-21
38
112
180
253
353
406
413
440
486
492
471
477
515
526
523
542
546
533
529
535
519
505
512
503
461
428
426
412
372
340
298
212
112
25
-55
-137
-208
-253
-302
-403
-524
-603
-688
-763
-790
-774
-753
-764
-728
-681
-659
-628
-549
-455
-380
-266
-142
-72
-27
52
131
199
282
367
421
444
465
487
492
475
492
528
547
543
553
566
562
574
625
643
610
599
592
542
485
471
441
369
279
179
73
-58
-171
-276
-397
-528
-631
-717
-833
-944
-1005
-1025
-1087
-1135
-1110
-1080
-1068
-1019
-906
-805
-716
-596
-455
-317
-173
-33
79
151
223
321
416
489
543
616
678
706
734
774
767
725
693
673
636
594
592
569
515
487
468
424
378
357
351
313
264
228
162
92
40
-17
-86
-169
-238
-301
-379
-451
-521
-590
-662
-709
-734
-753
-764
-769
-764
-736
-664
-578
-489
-397
-316
-250
-167
-96
-45
8
53
96
136
187
232
295
356
368
386
416
406
396
422
453
456
451
454
441
413
414
446
447
437
414
391
361
304
256
239
205
129
80
50
-37
-129
-204
-269
-348
-429
-476
-549
-623
-656
-678
-716
-738
-715
-672
-625
-569
-513
-452
-386
-320
-242
-142
-39
50
135
194
250
338
417
491
534
540
532
508
492
490
505
505
489
467
444
405
354
301
261
237
231
233
215
181
138
106
79
63
30
-6
-43
-106
-161
-218
-286
-342
-389
-430
-484
-539
-575
-589
-612
-634
-628
-620
-606
-554
-512
-471
-395
-340
-277
-202
-120
-36
48
142
203
240
254
278
306
309
308
296
291
265
215
177
148
139
124
139
146
123
128
148
161
157
183
208
217
226
237
263
295
339
394
438
458
459
458
437
406
357
307
247
172
99
21
-44
-111
-177
-230
-287
-340
-367
-398
-419
-429
-422
-426
-446
-437
-420
-398
-377
-340
-296
-255
-230
-230
-232
-235
-224
-215
-219
-228
-231
-246
-258
-237
-211
-166
-135
-106
-62
-22
30
81
130
181
221
271
284
289
295
295
318
326
327
304
276
239
197
167
126
90
63
26
-7
-33
-55
-70
-61
-28
-10
3
26
69
125
187
240
270
281
291
293
302
311
328
362
347
327
292
229
177
129
77
46
2
-54
-98
-173
-242
-297
-360
-403
-429
-450
-464
-471
-443
-393
-356
-305
-262
-235
-233
-243
-234
-225
-228
-216
-178
-173
-167
-121
-76
-36
21
82
118
141
178
204
213
240
274
315
346
364
379
380
369
352
361
354
316
272
224
166
88
23
-34
-103
-166
-201
-231
-274
-304
-322
-340
-358
-372
-348
-343
-324
-285
-276
-265
-253
-243
-225
-192
-169
-133
-101
-82
-41
-11
17
48
60
64
46
30
42
55
79
119
164
199
234
273
305
328
361
394
415
431
441
444
423
396
377
372
357
332
314
280
240
195
143
89
45
-2
-67
-132
-186
-241
-284
-316
-341
-357
-377
-392
-392
-387
-403
-415
-424
-437
-448
-439
-409
-395
-362
-338
-332
-314
-294
-262
-215
-183
-159
-127
-78
-21
18
63
113
176
238
300
357
409
451
475
516
536
527
536
540
546
540
523
517
478
421
362
303
229
170
124
61
2
-72
-133
-181
-230
-271
-303
-326
-354
-374
-379
-373
-373
-364
-336
-338
-335
-303
-268
-248
-227
-202
-193
-192
-194
-194
-191
-188
-183
-168
-163
-156
-132
-100
-69
-50
-16
5
30
64
97
142
176
194
212
239
258
280
304
333
368
378
375
363
333
300
249
203
165
124
78
49
43
23
-4
-35
-63
-83
-81
-91
-115
-143
-163
-168
-161
-155
-169
-170
-175
-179
-155
-125
-101
-96
-94
-98
-97
-88
-76
-81
-88
-68
-64
-65
-63
-48
-32
-18
-1
9
31
45
69
93
99
109
124
140
148
151
144
130
121
110
96
93
89
70
68
63
58
52
40
17
-9
-8
-12
-40
-53
-38
-20
-9
10
9
-10
-25
-39
-29
-19
-8
-12
-24
-10
9
19
36
32
16
11
16
38
58
64
54
45
33
34
54
66
70
63
52
41
11
-11
-20
-41
-65
-76
-85
-109
-125
-146
-174
-195
-207
-209
-208
-190
-186
-180
-175
-174
-148
-95
-61
-48
-48
-60
-53
-32
-7
13
36
46
68
95
103
103
114
138
149
143
126
114
114
112
108
97
84
99
103
100
93
91
81
68
77
87
84
67
49
36
25
5
-8
-21
-36
-60
-78
-98
-117
-129
-134
-122
-119
-119
-117
-115
-123
-138
-144
-141
-127
-102
-75
-52
-48
-36
-14
6
15
22
34
43
39
34
49
67
82
86
92
119
148
159
157
141
139
119
84
76
85
86
86
83
85
78
86
104
117
106
83
62
27
-2
-22
-34
-36
-24
-23
-43
-56
-56
-49
-37
-29
-42
-68
-93
-114
-111
-98
-100
-106
-105
-93
-87
-85
-71
-55
-55
-51
-30
3
19
22
16
10
7
-2
3
5
-12
-33
-45
-33
-1
28
43
30
6
-12
-12
2
8
4
-25
-50
-48
-34
-22
-18
-19
-10
1
20
34
18
-6
-20
-32
-37
-43
-40
-34
-28
-24
-32
-24
-13
-10
-6
-4
-4
-4
5
14
30
34
16
6
3
-7
0
9
14
15
14
30
37
42
37
36
44
49
39
21
7
5
-1
4
16
3
14
25
31
30
31
33
23
8
-5
-18
-20
-9
5
10
14
18
18
23
29
36
29
22
29
42
57
71
72
64
61
52
32
-4
-34
-42
-28
-18
-13
-4
-1
-12
-35
-53
-49
-36
-14
5
18
43
53
46
36
36
31
19
21
27
24
13
3
13
27
6
-4
-8
-23
-39
-58
-48
-52
-62
-43
-35
-30
-22
2
34
38
28
8
-20
-49
-81
-91
-90
-74
-53
-48
-50
-53
-51
-37
-28
-33
-44
-53
-60
-46
-29
-15
15
30
20
-6
-6
-4
-5
-5
-17
-19
-40
-50
-58
-65
-58
-54
-56
-54
-45
-27
-15
8
38
54
74
75
95
109
88
79
73
62
62
61
64
46
7
-20
-29
-21
-15
-8
-12
-27
-32
-29
0
43
79
105
111
111
99
86
81
83
88
90
80
68
57
42
28
19
15
-14
-35
-27
-32
-55
-81
-87
-78
-64
-54
-50
-58
-81
-110
-117
-116
-116
-103
-85
-69
-60
-56
-35
-8
4
1
-14
-18
-24
-30
-19
1
29
55
63
88
103
86
71
66
71
46
20
31
41
41
41
44
49
30
13
10
15
33
51
65
78
80
77
69
77
92
85
68
46
23
13
11
5
2
0
-11
-15
-16
-32
-59
-75
-76
-69
-58
-40
-26
-34
-45
-55
-59
-56
-77
-97
-110
-122
-135
-143
-134
-129
-124
-116
-108
-98
-111
-119
-111
-99
-79
-50
-13
13
7
-5
-6
1
15
30
59
79
89
92
84
72
72
72
75
69
61
62
57
72
79
83
93
88
77
60
40
19
1
-3
4
21
39
41
15
-3
-9
-3
18
26
23
14
8
9
12
12
6
-13
-28
-35
-26
-7
12
37
48
57
71
72
45
9
-10
-43
-69
-67
-67
-57
-42
-29
-11
5
11
7
-2
-4
-13
-17
-12
-21
-30
-11
12
20
28
29
24
18
5
-5
-9
-4
10
9
16
21
21
25
25
28
17
-2
4
5
-13
-18
-21
-12
2
3
26
40
35
28
-8
-43
-74
-94
-93
-87
-60
-46
-37
-21
-27
-31
-17
-5
-7
-7
-7
-10
-20
-36
-36
-22
3
35
64
84
86
56
2
-23
-30
-40
-45
-44
-44
-49
-55
-42
-9
15
13
15
27
12
-3
-15
-38
-48
-50
-33
-7
-3
-11
-12
-7
12
28
33
36
40
46
31
16
18
32
41
47
58
54
44
29
21
12
0
-2
5
10
12
18
10
10
0
-21
-21
-22
-22
-33
-36
-29
-30
-27
-21
-12
-6
7
22
28
27
18
9
12
24
41
49
47
44
39
36
32
37
50
51
44
29
12
10
18
26
27
10
-5
-9
-2
4
1
8
20
-2
-25
-32
-34
-27
-24
-23
-41
-48
-38
-36
-32
-42
-51
-39
-14
6
18
19
4
-17
-45
-71
-90
-91
-88
-72
-41
-19
-1
-2
1
-4
-12
-7
-2
14
16
11
13
-1
-27
-35
-23
-24
-25
-22
-19
-13
-9
4
7
3
4
10
14
13
25
35
40
63
90
100
83
67
58
44
38
38
52
69
86
99
97
89
56
25
-1
-29
-51
-63
-58
-56
-41
-33
-32
-30
-32
-31
-36
-38
-44
-44
-42
-44
-28
-26
-23
-14
-10
-8
-21
-36
-38
-22
-23
-18
-19
-18
-8
-19
-32
-32
-7
10
31
49
41
27
3
-14
-11
-13
-13
0
17
29
29
43
54
53
51
44
34
12
-1
1
-9
0
3
-6
0
-3
-14
-34
-42
-39
-32
-10
-1
-11
-16
-13
-11
-5
6
21
34
32
26
21
8
14
15
10
14
13
12
9
12
15
14
15
15
8
-10
-23
-17
-2
4
-1
-15
-17
-13
-25
-26
-10
26
60
74
72
51
22
-2
-14
-19
-20
-26
-21
4
32
56
66
59
33
-12
-45
-60
-57
-34
-13
11
31
23
-4
-27
-46
-48
-53
-55
-56
-61
-74
-72
-46
-24
-10
-12
-23
-29
-35
-43
-39
-16
1
4
10
3
-14
-19
-20
-16
-5
6
5
-6
-13
-20
-35
-44
-46
-33
-9
15
50
80
88
83
75
71
55
40
37
37
50
73
83
69
42
16
-10
-14
-2
17
25
21
26
30
23
12
-3
-4
-5
-2
-4
-29
-43
-30
0
17
13
3
-13
-30
-33
-34
-35
-29
-12
-5
-23
-42
-52
-40
-24
-18
-19
-21
9
22
20
11
6
9
15
18
14
21
19
35
56
71
71
56
34
17
9
17
21
13
-5
-16
-22
-26
-24
-33
-35
-43
-40
-26
-22
-39
-46
-50
-63
-84
-100
-93
-87
-65
-48
-26
6
21
39
23
-4
-9
-13
-6
-12
-3
25
44
61
63
39
23
16
20
26
31
49
48
37
12
-9
-3
9
32
21
2
3
7
25
22
9
11
10
18
30
38
48
49
27
-5
-22
-24
-28
-31
-30
-23
-21
-25
-24
-22
-9
-1
6
20
10
-10
-20
-36
-34
-31
-13
30
47
40
19
7
5
5
6
3
6
2
-8
-5
-2
-4
-11
-21
-22
-30
-24
-15
-18
-40
-63
-61
-47
-31
-8
10
26
38
50
45
19
-1
-11
-11
-17
-26
-23
-18
-12
-4
4
22
27
15
-4
-31
-34
-20
-14
-17
-8
0
8
16
17
24
34
31
18
11
11
26
39
53
71
58
44
40
38
44
37
29
11
-4
-6
-1
24
25
9
-1
-18
-35
-46
-39
-36
-43
-35
-22
-12
-13
-25
-27
-41
-54
-55
-38
-23
-21
-5
-8
-8
2
-1
6
16
9
3
-5
4
17
16
14
3
5
11
10
8
-5
-7
7
22
33
33
24
-10
-26
-27
-29
-5
17
16
2
-16
-19
-2
2
-6
-6
-7
-18
-31
-40
-45
-39
-33
0
21
28
36
28
43
38
34
51
55
67
67
40
24
14
27
41
51
70
53
34
22
2
-12
-16
-21
-30
-37
-48
-40
-42
-48
-47
-53
-66
-84
-102
-117
-105
-92
-89
-70
-67
-52
-47
-32
-15
-24
-20
-21
-17
-6
-3
13
39
52
60
74
76
76
61
53
56
38
46
66
72
55
31
20
12
22
16
6
5
2
2
-1
8
22
35
26
15
-2
-7
-12
-13
-12
-31
-36
-23
-1
22
47
54
42
20
12
22
40
56
53
68
56
33
21
15
45
43
33
39
32
23
8
1
-6
-17
-31
-47
-63
-50
-46
-68
-70
-77
-80
-74
-73
-66
-78
-83
-72
-76
-67
-64
-63
-63
-76
-73
-50
-45
-33
-21
-33
-55
-74
-56
-27
-12
2
1
8
26
28
27
25
23
28
22
11
12
23
41
56
80
83
73
85
86
84
72
60
64
72
70
86
87
72
79
84
93
103
97
77
35
0
-6
-11
-21
-25
-33
-36
-40
-26
-5
-7
-9
-21
-57
-99
-135
-142
-127
-110
-97
-89
-74
-67
-59
-37
-18
-6
2
14
10
-12
-32
-32
-12
11
35
60
72
86
95
96
99
99
85
60
44
28
16
-3
-23
-19
-9
5
2
-12
-25
-47
-56
-56
-61
-61
-48
-44
-47
-50
-55
-49
-50
-37
-30
-40
-49
-54
-43
-36
-24
-20
-16
-1
17
31
26
17
20
39
67
85
82
84
72
57
35
24
23
22
37
43
37
15
-5
-24
-32
2
37
57
62
60
52
42
45
30
19
22
14
16
18
24
20
16
9
-11
-35
-44
-59
-69
-70
-57
-32
-16
-7
-14
-17
-24
-25
-25
-32
-56
-87
-92
-78
-79
-61
-56
-64
-59
-73
-74
-74
-68
-49
-43
-28
3
28
42
43
30
15
7
-6
1
20
32
39
39
49
52
60
88
96
79
61
45
65
91
102
102
89
72
36
26
22
10
13
18
33
46
41
40
39
44
38
17
5
-17
-48
-62
-58
-49
-52
-51
-61
-67
-59
-66
-84
-97
-105
-107
-85
-43
-29
-32
-38
-48
-57
-60
-59
-63
-53
-42
-31
-8
8
16
24
40
47
37
24
-5
-23
-15
-8
14
37
49
59
63
79
93
92
80
69
44
12
-4
-11
1
12
28
45
55
77
77
66
52
37
31
33
45
53
55
48
37
31
37
44
41
31
8
-10
-42
-76
-86
-89
-73
-64
-67
-69
-84
-87
-88
-89
-81
-78
-79
-74
-68
-65
-57
-43
-32
-38
-61
-77
-72
-48
-10
20
41
43
42
49
43
28
17
12
14
33
41
37
36
41
36
32
38
36
34
30
26
12
9
11
15
15
13
6
-4
-3
-9
-6
3
-4
-15
-19
-31
-24
-1
9
13
10
17
26
20
9
-4
-32
-57
-54
-28
-11
4
10
1
8
12
2
0
0
-4
-6
-15
-29
-30
-20
-5
21
37
41
54
63
64
78
83
80
77
64
41
26
31
30
31
38
48
51
49
50
52
59
61
46
21
-10
-22
-27
-25
-25
-41
-48
-63
-76
-76
-87
-92
-90
-86
-86
-93
-92
-85
-73
-72
-70
-75
-85
-80
-76
-68
-45
-29
-7
9
7
6
13
25
35
30
23
13
0
-6
-7
-1
-3
10
22
16
21
30
42
57
61
55
39
35
23
14
15
-1
-7
2
4
6
2
14
32
28
17
10
18
27
39
44
41
32
25
28
17
7
6
5
1
-3
-7
5
22
37
39
30
19
5
1
-4
-5
-14
-30
-34
-24
-14
-13
-10
-11
-28
-43
-38
-27
-16
-3
11
18
17
28
34
36
43
25
10
0
-3
-2
1
6
-5
-13
-16
-29
-50
-60
-48
-31
-13
-7
-28
-46
-54
-44
-30
-32
-46
-46
-33
-24
-25
-15
0
-4
-6
-3
-19
-28
-22
-19
-13
-5
8
25
30
47
65
72
75
69
60
44
34
16
11
16
31
53
58
59
55
56
53
36
30
24
13
0
-10
-18
-29
-25
-20
-18
-9
-7
-6
0
7
3
3
8
9
11
-2
-13
-12
-16
-22
-24
-27
-27
-21
-14
-5
-2
-13
-35
-57
-72
-79
-78
-65
-48
-30
-20
-20
-13
-1
9
18
10
1
-12
-27
-42
-47
-44
-27
-4
3
13
16
6
-6
-16
-15
-12
-11
-5
0
2
7
22
43
58
63
61
47
38
37
30
31
25
14
15
10
12
30
28
15
5
-7
-9
-3
8
17
19
26
33
32
28
24
25
20
6
10
10
0
1
0
-4
-4
-5
-3
1
7
13
11
-1
-12
-24
-35
-37
-38
-44
-43
-32
-20
-1
3
-6
-7
-14
-23
-33
-39
-48
-43
-23
-5
8
15
19
14
11
14
9
7
9
8
4
1
-9
-26
-22
-16
-8
1
5
8
3
-2
-2
6
6
4
11
28
42
48
52
60
56
31
23
29
31
24
11
11
7
11
22
19
11
-8
-24
-27
-39
-53
-56
-54
-46
-29
-21
-21
-13
0
2
6
7
-8
-19
-16
-13
-1
3
5
13
-2
-13
-14
-10
-4
5
9
1
-12
-25
-23
-29
-33
-31
-40
-41
-35
-25
-14
-9
-16
-28
-43
-42
-22
-13
-5
3
10
22
13
-1
-2
3
7
12
23
14
6
13
13
20
26
34
37
32
29
7
5
12
9
15
19
17
17
26
33
27
23
23
13
24
29
32
42
41
50
60
63
53
49
46
38
29
18
11
0
-9
-7
0
2
0
-4
-8
-22
-24
-21
-29
-27
-18
-13
-9
6
7
7
6
-5
-13
-25
-17
-14
-15
-14
-21
-19
-27
-44
-50
-45
-55
-67
-55
-42
-38
-37
-44
-54
-45
-39
-27
-7
-2
-6
-23
-30
-34
-32
-27
-26
-19
-10
-2
4
12
20
13
6
14
11
8
10
-1
-2
17
34
53
66
72
72
62
50
36
22
17
13
13
27
32
29
28
30
33
37
40
34
23
10
-7
-15
-16
-23
-16
-19
-32
-40
-43
-40
-46
-43
-48
-51
-59
-51
-31
-16
15
33
41
41
40
35
31
23
16
15
-1
-1
13
23
32
36
26
23
22
-3
-16
-33
-42
-50
-58
-59
-58
-36
-18
-10
-10
-18
-17
-20
-33
-40
-45
-51
-53
-45
-43
-37
-43
-43
-28
-22
-3
5
12
12
2
-5
-17
-9
4
17
37
52
69
85
92
93
89
91
104
110
107
94
93
101
98
95
91
94
84
62
42
27
17
2
1
21
25
28
26
12
-10
-32
-53
-70
-81
-87
-92
-97
-99
-103
-105
-98
-88
-88
-81
-86
-92
-94
-96
-94
-87
-78
-73
-65
-52
-40
-30
-18
5
21
29
35
21
8
1
-7
0
8
21
38
56
62
58
60
66
64
58
52
38
27
18
19
30
36
41
46
43
38
28
18
16
11
21
9
-10
-24
-37
-26
-28
-32
-36
-47
-45
-41
-47
-47
-52
-44
-32
-32
-38
-43
-35
-30
-29
-17
-15
-8
5
6
12
-3
-13
-9
-1
13
8
6
5
13
28
33
29
15
9
3
11
35
38
40
42
47
64
60
63
64
74
93
98
86
64
53
43
33
38
34
23
26
36
42
32
16
7
7
7
-1
-11
-22
-31
-26
-18
-27
-37
-49
-44
-42
-54
-63
-69
-64
-66
-73
-84
-96
-89
-73
-65
-65
-67
-73
-67
-55
-41
-42
-40
-26
-24
-27
-11
6
10
17
17
15
19
29
43
67
73
62
60
52
49
63
68
68
62
58
68
70
59
50
48
42
40
33
16
8
9
11
15
13
15
19
7
-10
-32
-55
-57
-69
-77
-77
-71
-58
-33
-2
-7
-8
-9
-27
-41
-43
-43
-61
-73
-75
-85
-79
-66
-73
-67
-62
-56
-52
-46
-33
-34
-46
-44
-37
-44
-33
-11
4
13
15
17
30
45
54
78
94
91
74
66
70
74
75
71
76
78
81
95
91
87
84
65
53
43
37
30
29
26
18
21
27
25
14
11
6
1
-6
-9
3
18
32
26
22
17
2
2
-2
3
4
-7
-21
-37
-36
-38
-44
-48
-46
-54
-61
-46
-45
-50
-53
-59
-63
-71
-67
-63
-48
-40
-29
-8
-8
-14
-36
-37
-31
-36
-26
-21
-17
-18
-11
-8
-5
11
13
15
23
26
30
36
31
31
38
37
39
39
31
28
27
24
16
13
17
7
-5
-14
-10
-4
-15
-19
-21
-22
-32
-31
-21
-24
-19
-22
-16
-5
-10
-17
-18
-19
-25
-29
-31
-30
-22
-17
7
33
57
68
57
47
38
31
31
50
62
52
34
11
0
15
20
18
16
10
19
22
18
22
20
14
5
-10
-38
-59
-56
-50
-42
-34
-38
-34
-19
-20
-20
-11
10
17
12
7
-5
-11
-26
-30
-19
-2
10
15
21
17
7
-9
-22
-31
-35
-45
-53
-42
-24
-5
11
23
19
11
1
-8
1
11
9
11
19
24
29
41
56
66
58
49
46
60
75
73
63
41
26
15
9
18
31
39
34
20
9
2
-11
-23
-32
-32
-28
-43
-41
-28
-22
-26
-24
-20
-23
-27
-42
-50
-52
-45
-44
-43
-42
-47
-40
-27
-20
-7
-9
-9
-1
-6
-10
-14
-16
-14
-10
-11
-9
-4
-7
-4
-4
1
5
9
11
1
-13
-19
-23
-12
-7
-3
3
-7
-3
-23
-31
-20
-11
17
27
39
51
53
46
38
42
40
33
29
19
20
24
15
32
47
50
41
27
13
-7
-13
-29
-41
-36
-33
-20
1
5
4
-1
-18
-24
-30
-39
-37
-20
1
5
9
5
4
15
14
6
-7
-9
-3
4
21
22
6
16
17
1
4
-3
6
21
17
-16
-45
-25
-2
15
29
18
5
-23
-46
-34
-17
2
19
21
22
13
7
4
10
27
26
21
21
12
4
-1
6
17
18
12
-15
-32
-34
-38
-37
-23
-5
-1
5
5
3
9
11
11
15
17
2
-11
-2
12
8
12
21
17
11
20
19
0
-10
-24
-40
-50
-57
-52
-36
-17
-10
-9
-6
1
5
-1
-4
-13
-12
-3
-7
-8
0
19
27
16
19
25
27
26
25
30
22
15
12
8
9
-8
-27
-29
-22
-16
-13
-1
15
25
27
17
4
-8
-27
-49
-57
-51
-42
-21
-15
-15
-5
-4
-4
-1
2
8
13
8
1
-3
-20
-20
-16
4
29
20
13
-1
-18
-21
-21
-17
-16
-21
-16
-7
4
9
-6
-14
-5
3
-4
-25
-45
-38
-11
9
13
11
3
12
34
48
56
65
64
76
78
58
41
31
35
37
45
56
49
49
45
30
22
12
12
16
10
-3
-33
-40
-32
-29
-16
-8
1
5
1
9
-1
-19
-24
-20
-10
-20
-32
-28
-33
-38
-54
-60
-44
-31
-32
-25
-26
-46
-54
-45
-25
-8
-6
-14
-22
-16
-8
-9
-13
-11
-2
5
0
1
3
11
23
21
21
22
27
27
35
43
35
38
35
20
10
-8
-24
-25
-17
-1
1
6
10
15
26
15
10
-1
-14
-14
-12
-9
1
11
22
41
52
44
36
30
20
7
4
10
8
7
5
-7
-16
-17
-27
-34
-26
-29
-38
-54
-56
-46
-48
-38
-31
-39
-39
-33
-35
-36
-28
-32
-31
-19
-16
-7
2
-1
0
-7
3
13
10
18
6
-16
-11
-7
0
11
30
41
38
40
36
36
38
31
25
12
15
36
26
29
25
-2
5
13
27
32
30
24
17
21
25
28
34
50
63
54
37
35
35
33
24
10
-1
-9
-9
-12
-8
-17
-30
-25
-25
-35
-55
-84
-98
-87
-85
-78
-64
-60
-45
-31
-26
-16
-14
-12
-13
-11
7
12
14
29
56
79
91
82
71
67
61
48
26
30
31
25
24
16
-2
-16
-13
4
18
8
-17
-38
-41
-39
-33
-38
-34
-29
-41
-48
-44
-39
-30
-23
-29
-32
-29
-23
-21
-2
10
4
-5
-9
-7
-16
-15
-10
-18
-16
-25
-28
-19
-15
-10
-10
-2
-1
9
18
17
25
27
13
3
4
9
11
18
17
10
18
20
23
25
29
34
30
23
28
27
18
15
11
10
6
-6
-10
-7
9
16
4
-4
-7
-6
3
4
-9
-19
-25
-26
-25
-29
-22
-19
-11
-1
-9
-13
-18
-15
-16
-23
-22
-20
-9
-2
1
12
19
35
47
54
59
57
51
45
47
34
16
-1
-16
-20
-20
-7
13
28
42
47
36
32
40
31
20
8
-8
-16
-14
1
1
2
8
11
11
1
-1
2
-6
-17
-32
-36
-46
-61
-51
-45
-53
-52
-50
-46
-39
-32
-20
-16
-16
-16
-20
-25
-36
-42
-45
-39
-25
-10
12
25
28
24
20
18
24
22
22
25
26
26
16
9
-1
-1
10
10
11
18
20
26
31
34
33
29
15
1
-11
-22
-22
-20
-22
-20
-16
3
13
13
8
-14
-30
-38
-34
-25
-17
-17
-22
-23
-17
-12
-17
-15
-16
-18
-18
-14
-8
-5
-4
-4
3
7
11
18
25
32
40
45
57
75
71
57
47
35
37
38
31
24
11
6
7
4
3
5
7
3
-9
-21
-26
-33
-34
-37
-41
-48
-55
-55
-39
-19
-16
-22
-15
-6
-5
-2
7
10
11
19
19
19
17
19
7
-1
6
1
-8
-11
-14
-13
2
6
14
34
37
22
7
-5
-16
-10
-8
-12
-11
-13
-14
-7
6
17
13
9
6
10
19
18
14
8
9
4
13
33
38
35
21
14
17
17
17
15
7
-12
-34
-38
-41
-42
-37
-33
-19
-7
5
10
-1
-4
-5
-12
-17
-26
-30
-34
-35
-35
-32
-17
-19
-9
-6
-13
-8
-12
-13
-20
-16
-16
-16
-11
-15
-11
7
22
50
68
60
47
30
38
39
30
15
-6
-20
-15
-2
-1
-3
-7
-10
-1
-7
-13
-7
-9
-10
-11
-9
-10
-23
-35
-39
-28
-11
3
7
0
0
-2
-9
-4
-1
-4
5
12
18
25
25
34
35
41
50
51
44
36
26
17
1
-12
-16
-16
-2
-1
-3
-12
-20
-20
-24
-24
-35
-33
-35
-30
-13
-5
-6
-15
-8
-1
11
25
29
33
36
30
29
29
27
28
10
10
20
21
26
32
34
33
30
26
17
-3
-13
-14
1
-1
-11
-8
-14
-17
-22
-24
-26
-28
-29
-28
-27
-29
-33
-32
-30
-30
-25
-15
-10
-4
1
11
16
10
13
10
12
4
1
7
15
29
32
37
33
20
15
9
6
3
-1
-5
-11
-9
-17
-23
-25
-38
-36
-47
-50
-36
-40
-36
-27
-24
-24
-19
-15
-22
-24
-21
-25
-13
-3
-7
-6
-5
-4
-4
-17
-20
-13
-10
-2
9
10
15
31
29
31
35
30
25
13
0
0
-10
-13
-19
-25
-18
-9
-5
-8
-2
7
12
25
22
19
22
19
16
22
38
44
51
52
49
59
61
59
71
70
62
67
59
56
50
44
42
33
32
32
25
28
20
-11
-34
-48
-51
-45
-40
-35
-33
-32
-40
-49
-63
-71
-67
-61
-58
-61
-66
-82
-75
-52
-28
-16
-16
-19
-24
-25
-27
-26
-34
-25
-5
-2
7
19
11
11
16
22
24
10
5
0
16
24
18
25
29
34
46
45
48
39
12
7
6
11
19
23
23
16
8
6
11
16
17
17
5
-6
-15
-28
-26
-14
-11
-22
-26
-32
-44
-48
-48
-38
-35
-37
-45
-44
-45
-37
-21
-20
-29
-33
-24
-11
2
6
3
3
-4
0
15
18
17
17
12
6
14
40
54
64
63
44
34
26
18
23
42
54
52
52
50
39
37
38
16
3
4
7
5
6
9
12
6
-2
-5
-17
-14
-9
-19
-22
-33
-43
-39
-38
-39
-43
-38
-37
-33
-34
-37
-30
-37
-30
-22
-17
-17
-14
-3
5
16
25
34
38
36
25
15
20
29
47
56
51
37
21
23
28
39
42
35
24
1
-8
1
2
1
-12
-15
-11
-13
-10
-17
-26
-24
-26
-28
-22
-14
-8
-10
-15
-23
-32
-31
-23
-19
-20
-29
-29
-30
-31
-21
-11
-9
-12
-18
-18
-18
-18
-9
-2
3
-8
-16
-28
-40
-44
-41
-26
-12
4
14
24
28
31
29
37
34
21
11
2
9
11
19
32
38
37
26
14
-1
-2
-2
-9
-6
-8
-10
-4
8
21
24
34
31
17
3
-7
-6
-1
8
16
17
18
16
25
43
64
65
45
26
11
5
2
6
11
14
9
-1
-2
-14
-25
-20
-16
-19
-27
-26
-28
-33
-31
-38
-33
-31
-36
-39
-40
-38
-33
-36
-43
-46
-46
-48
-46
-36
-25
-12
5
19
29
37
48
62
68
62
57
53
55
63
61
60
59
57
50
40
29
12
6
11
-3
-15
-26
-39
-42
-30
-29
-40
-44
-54
-71
-83
-81
-86
-85
-72
-65
-62
-59
-53
-26
-3
-4
-10
-3
9
20
21
18
14
16
23
35
46
47
53
58
63
70
65
60
62
60
44
34
31
18
9
11
12
4
-8
-11
-9
-8
-5
2
5
3
1
-5
-7
-1
13
27
33
32
27
17
15
20
29
42
49
41
35
19
-2
-12
-18
-27
-45
-61
-78
-96
-99
-94
-90
-82
-88
-103
-126
-132
-123
-116
-107
-104
-97
-85
-72
-63
-46
-25
-11
-1
11
25
30
41
48
55
70
83
99
110
131
147
141
138
120
101
92
78
67
68
73
66
60
61
54
55
55
42
17
6
-1
-8
-8
-7
3
8
4
-13
-25
-30
-38
-30
-18
-17
-21
-27
-36
-40
-41
-30
-25
-31
-37
-49
-60
-68
-68
-52
-50
-57
-60
-62
-56
-66
-69
-61
-51
-37
-29
-24
-26
-27
-23
-12
14
37
36
35
48
53
55
53
55
71
77
68
65
66
60
52
52
58
63
61
45
33
28
10
-2
-4
11
4
-14
-13
-23
-29
-41
-53
-55
-64
-65
-64
-70
-66
-57
-45
-43
-44
-38
-28
-16
-17
-18
-23
-23
-20
-10
11
22
22
19
21
15
-3
-13
-21
-25
-28
-23
-19
-20
-13
0
10
17
13
6
5
3
7
5
5
19
30
34
44
45
45
44
37
41
35
25
26
28
28
30
35
30
27
24
29
33
28
21
11
17
15
6
6
3
-5
-11
-1
4
-4
-20
-42
-60
-68
-63
-47
-36
-21
-22
-26
-16
-23
-30
-39
-52
-63
-74
-61
-46
-24
9
32
44
50
46
38
29
16
23
42
61
71
62
57
58
65
83
96
103
94
69
44
32
33
23
21
21
14
7
-2
-9
-16
-19
-18
-23
-43
-67
-89
-101
-94
-93
-91
-91
-88
-85
-82
-68
-57
-55
-58
-58
-64
-71
-70
-66
-57
-42
-37
-24
-16
-27
-32
-34
-21
-1
6
8
15
24
27
25
29
34
30
29
38
43
46
51
49
50
51
57
74
88
76
59
57
63
71
60
46
45
43
50
51
37
32
23
15
19
17
6
11
14
-1
-15
-33
-38
-26
-26
-32
-44
-50
-37
-33
-28
-21
-25
-25
-26
-27
-21
-20
-18
-14
-13
-29
-49
-63
-65
-54
-48
-36
-21
-18
-17
-15
-23
-22
-17
-2
19
19
17
17
29
54
70
80
87
85
83
80
71
51
33
26
22
30
27
20
21
18
19
10
10
9
-4
-12
-31
-32
-28
-27
-25
-27
-37
-46
-39
-29
-23
-17
-12
-8
-17
-17
-8
-20
-20
-23
-18
-2
14
34
34
42
35
13
-9
-28
-28
-29
-33
-52
-65
-62
-56
-49
-43
-41
-39
-40
-56
-58
-46
-32
-5
-8
-21
-15
-16
7
35
59
77
70
63
55
59
57
45
45
41
37
26
8
2
9
25
26
6
-11
-27
-34
-17
-18
-15
-11
-17
-27
-64
-86
-75
-57
-56
-62
-66
-56
-37
-26
-5
7
20
40
49
46
37
30
30
45
59
66
77
88
93
89
85
80
76
65
65
61
33
18
-3
-19
-7
-3
12
11
-2
-12
-31
-33
-34
-31
-28
-40
-51
-54
-43
-31
-6
9
14
18
11
-1
-15
-20
-19
-13
-17
-16
-11
-15
-16
-11
6
20
6
-17
-33
-46
-54
-60
-59
-40
-23
-19
-12
-6
3
1
3
7
-2
-8
0
16
19
12
11
19
35
44
35
25
11
9
26
29
30
9
1
19
24
20
13
3
8
12
3
11
19
19
29
37
30
28
20
18
11
1
-6
-16
-18
-21
-21
-28
-42
-48
-50
-47
-49
-57
-65
-77
-90
-87
-83
-78
-72
-82
-76
-61
-60
-61
-58
-50
-37
-35
-36
-29
-21
-11
-6
-3
4
8
12
19
33
44
48
56
68
80
79
79
87
96
96
90
93
97
105
104
88
74
63
55
51
56
70
89
100
91
83
68
48
39
35
28
17
16
12
0
-2
-7
-25
-42
-40
-37
-53
-69
-78
-85
-86
-88
-90
-93
-96
-102
-95
-89
-83
-68
-66
-61
-45
-28
-22
-34
-33
-30
-22
-9
3
20
24
29
30
31
26
24
22
14
13
5
-6
-16
-8
7
4
5
4
-2
5
8
10
17
28
36
32
30
33
30
29
16
-1
-1
11
16
12
9
8
14
5
-5
2
14
27
28
22
21
14
9
2
-10
-21
-28
-33
-35
-34
-43
-53
-46
-41
-20
-7
-24
-41
-50
-48
-49
-50
-52
-51
-54
-50
-39
-24
-13
-9
2
12
16
8
1
-8
-4
10
28
37
49
50
44
52
56
63
63
59
55
64
73
76
56
35
23
15
23
22
24
24
14
5
-6
-13
-9
-2
-1
-6
-13
-16
-21
-20
-15
-12
-3
11
11
7
1
0
10
9
1
-11
-12
-22
-22
-15
-15
6
22
21
19
11
-2
-1
-6
-14
-25
-27
-15
-6
-21
-41
-37
-27
-8
12
17
8
-8
-23
-14
-6
2
-2
-10
-14
-14
1
19
38
47
48
48
48
38
23
5
-10
-17
-23
-23
-29
-36
-44
-46
-47
-45
-50
-49
-51
-53
-47
-47
-46
-45
-43
-32
-9
7
10
3
-5
-11
-10
-11
-12
-5
-2
6
18
31
36
29
36
48
51
54
50
44
49
56
48
36
30
17
7
3
4
6
5
0
7
23
27
16
-7
-16
-13
-8
-1
1
6
-1
-2
3
4
9
15
15
6
-7
-23
-30
-40
-45
-40
-42
-37
-32
-28
-21
-16
-19
-18
-14
-17
-17
-18
-17
-8
-9
-13
-17
-12
-18
-17
-2
5
4
6
9
14
19
13
10
20
31
25
29
35
29
32
37
39
39
42
41
36
36
36
28
22
24
23
17
14
2
-17
-11
-17
-27
-11
9
19
15
2
-4
2
5
2
9
11
15
21
22
19
-11
-29
-27
-33
-31
-21
-15
-19
-22
-18
-10
-6
-5
-7
-7
-5
-1
3
0
-4
-6
-1
-1
-4
-5
-18
-31
-24
-22
-35
-42
-43
-42
-40
-34
-32
-34
-37
-35
-27
-13
-3
1
0
-8
-9
-13
-15
-9
-9
-17
-23
-11
-1
5
8
5
10
18
19
25
35
30
16
2
-9
-13
-8
3
11
17
9
-2
-1
9
12
13
13
18
12
1
1
-4
-1
7
10
15
14
11
7
-3
3
18
36
45
48
40
29
29
31
37
32
30
36
25
21
19
15
27
22
24
36
31
9
-6
-15
-24
-19
-8
-7
-3
-2
3
1
0
-8
-22
-21
-18
-13
-27
-32
-24
-14
8
18
20
24
16
0
-13
-29
-36
-44
-37
-26
-15
-5
-14
-24
-33
-40
-36
-23
-4
4
-20
-37
-44
-36
-11
2
8
19
26
17
10
0
3
31
47
37
18
14
15
5
-3
-10
-16
-13
-3
-5
-21
-29
-27
-17
-2
1
-8
-6
-11
-19
-17
-22
-17
4
21
24
11
-2
-14
-13
-2
6
18
22
17
8
-3
-15
-24
-17
-3
-6
-2
-1
4
11
-1
-3
12
23
17
3
-10
-29
-36
-31
-15
4
14
17
15
20
14
1
-3
1
1
-12
-21
-22
-22
-23
-20
-12
-9
-5
-2
1
0
3
12
16
20
31
36
39
41
43
58
65
65
67
59
51
40
38
35
22
18
13
7
1
-4
-4
-9
-12
-4
7
7
-7
-25
-28
-22
-26
-25
-12
-10
-14
-12
-11
-10
-19
-26
-26
-25
-18
-8
-9
-20
-20
-20
-7
9
20
23
4
-12
-25
-32
-24
-15
-17
-7
-9
-21
-30
-30
-22
-18
1
16
18
12
7
8
7
-8
-23
-31
-29
-30
-26
-16
-8
-1
12
22
24
23
9
-3
-13
-25
-26
-20
-11
-11
-8
-1
1
1
8
16
12
6
3
2
6
12
14
20
22
19
25
24
16
17
20
20
12
5
11
13
20
20
14
8
9
5
2
3
-9
-14
-4
9
18
5
-5
-7
-2
9
6
-4
-16
-26
-38
-34
-24
-22
-15
-7
-11
-15
-18
-11
-5
1
-4
-28
-50
-53
-32
-15
0
22
34
38
50
52
49
47
49
42
30
31
23
23
34
32
21
12
9
6
7
4
2
1
-7
-16
-20
-23
-30
-31
-35
-42
-32
-25
-22
-16
-20
-26
-32
-31
-23
-22
-26
-36
-30
-20
-15
-12
-15
-10
-2
13
23
30
36
26
15
13
11
12
21
36
44
49
52
51
50
48
39
31
21
18
16
13
8
8
13
14
15
12
5
5
3
-11
-18
-26
-41
-40
-41
-49
-58
-50
-22
-8
-9
-24
-25
-11
-5
-6
-9
-17
-28
-34
-36
-31
-24
-26
-30
-31
-35
-32
-34
-41
-40
-38
-25
-22
-20
-9
0
8
19
24
22
22
25
29
24
21
26
25
16
9
14
21
40
49
49
51
52
51
41
38
31
22
22
24
31
27
17
21
23
21
6
-12
-19
-27
-22
-18
-10
-4
-6
-5
-22
-29
-43
-46
-39
-36
-33
-34
-30
-30
-30
-25
-20
-12
1
17
19
12
15
11
4
2
-1
3
1
-1
6
6
2
4
7
4
-11
-23
-23
-18
-21
-24
-16
6
20
29
38
39
37
34
38
42
46
45
31
21
15
15
28
30
24
19
18
21
13
6
6
9
13
13
13
7
-6
-11
-6
0
-3
-14
-20
-32
-39
-42
-43
-29
-20
-29
-37
-38
-31
-34
-33
-34
-41
-35
-31
-26
-22
-17
-18
-18
-22
-38
-40
-30
-29
-23
-8
-1
2
8
7
-1
-1
8
8
15
17
24
38
53
52
46
46
30
16
9
12
9
-3
-7
-8
-3
-6
-8
0
14
21
21
21
17
12
-4
-10
-19
-14
-1
0
4
7
16
24
34
37
23
4
-13
-28
-43
-57
-56
-51
-46
-37
-42
-45
-37
-28
-22
-18
-13
-6
13
30
18
6
9
18
32
47
53
58
66
68
66
50
43
45
43
43
34
24
15
6
8
14
8
0
-3
-8
-8
-3
3
2
-2
-7
-25
-38
-29
-24
-23
-26
-26
-30
-29
-35
-43
-33
-20
-9
5
15
18
27
33
33
30
22
13
3
-2
-2
3
9
3
-4
-11
-7
-3
-9
-9
-16
-28
-41
-48
-54
-68
-66
-55
-49
-38
-28
-27
-30
-26
-17
-15
-16
-15
-6
-1
7
15
14
24
29
24
29
38
46
50
55
61
46
40
34
22
21
21
19
24
40
41
37
45
37
23
7
-5
-10
-6
1
-1
-3
-8
-14
-20
-29
-38
-44
-41
-40
-42
-41
-43
-34
-39
-38
-30
-24
-12
-9
-7
-23
-31
-26
-18
-13
-9
1
0
-8
-7
4
9
10
11
10
4
-5
-7
-13
-20
-20
-19
-17
-12
-8
-1
7
9
-5
-8
-5
-2
13
19
26
31
39
48
65
76
75
79
78
74
73
74
69
53
40
32
22
13
16
17
11
7
6
1
-5
-11
-15
-19
-22
-16
-4
0
-6
-10
-20
-35
-40
-47
-38
-30
-33
-34
-33
-23
-19
-19
-20
-18
-18
-29
-41
-43
-38
-26
-9
-1
0
1
0
4
12
15
8
-6
-6
-6
-16
-16
-19
-26
-24
-20
-10
-12
-1
8
1
-4
-12
-13
-13
-17
-12
-12
-6
4
11
28
35
39
41
37
26
21
24
18
15
18
19
16
12
8
5
3
3
-6
-17
-28
-34
-26
-13
3
-6
-20
-29
-37
-30
-19
-19
-18
-18
-21
-34
-34
-26
-26
-18
-16
-24
-30
-18
-3
5
10
18
33
47
54
53
51
39
33
27
31
39
45
48
40
30
19
13
8
3
-3
-5
-10
-28
-28
-11
-5
-6
-8
-1
0
3
20
24
18
15
14
15
8
7
16
18
8
9
9
10
5
2
1
-1
-2
-2
-3
-7
-13
-5
5
3
3
6
8
-3
-6
-14
-24
-22
-16
-12
-13
-5
-5
-3
-5
-1
4
-1
-8
-1
15
20
27
25
37
41
31
19
13
3
-9
-1
3
-9
-17
-20
-26
-37
-37
-32
-27
-25
-27
-35
-54
-66
-58
-41
-27
-22
-21
-20
-28
-29
-25
-28
-41
-39
-24
-19
-16
-18
-11
0
7
16
17
14
12
10
13
21
18
18
20
23
17
10
9
6
6
13
22
17
15
15
11
6
-2
0
6
3
4
1
-5
-7
-5
9
17
23
28
36
46
46
42
42
45
35
31
23
6
-6
-15
-12
-2
14
12
2
4
9
11
10
-2
-13
-19
-13
-6
-6
-9
-16
-10
2
4
-4
-12
-17
-24
-29
-14
-4
2
10
13
14
11
6
1
4
2
-4
-23
-31
-10
1
7
9
13
14
-2
-8
-6
-11
-12
-13
-14
-15
-15
-10
-4
5
11
18
21
28
30
35
37
25
19
17
4
-14
-22
-24
-23
-18
-23
-23
-10
2
5
10
13
9
3
-7
-9
-15
-25
-23
-16
-6
-8
-5
3
8
12
-2
-3
1
0
-1
-10
-20
-34
-38
-36
-30
-21
-17
-12
-3
5
3
1
2
-5
-7
-13
-24
-20
-6
10
26
25
18
12
9
10
13
16
12
17
13
3
-3
7
1
-2
0
0
2
-1
-6
-11
-15
-23
-33
-37
-35
-26
-17
-16
-16
-19
-14
-13
-13
-4
-2
-5
-3
-3
-9
-13
-7
-5
-6
-4
9
31
33
31
29
19
8
8
14
20
35
45
49
60
58
36
19
12
12
17
24
32
36
35
36
40
42
39
38
33
20
14
1
0
1
4
27
35
37
31
23
10
-9
-18
-29
-30
-21
-20
-19
-25
-35
-32
-29
-32
-35
-37
-40
-45
-38
-27
-21
-6
2
3
3
-4
-11
-8
-3
-5
-16
-21
-27
-31
-18
-18
-23
-14
-12
-19
-16
-8
-2
-10
-19
-17
-20
-19
-21
-19
-20
-19
-11
-8
-9
-3
-5
-8
1
10
9
1
-4
-3
3
11
18
15
0
-5
-7
-11
-20
-23
-18
-19
-17
-15
-5
13
25
39
40
18
7
-3
-7
-3
1
9
10
10
17
25
23
11
12
5
-13
-32
-33
-18
-5
4
0
-2
15
24
24
22
18
12
-1
-9
-11
-7
-1
0
-2
-3
-16
-22
-14
-7
-3
2
12
17
14
14
22
25
29
48
59
48
37
42
39
29
30
34
38
33
23
15
15
14
11
19
19
14
22
19
11
10
8
-2
-14
-4
10
17
15
14
11
7
9
10
13
11
11
13
7
5
8
3
-5
-18
-20
-23
-23
-22
-28
-27
-21
-16
-21
-32
-46
-54
-62
-70
-72
-76
-80
-76
-76
-78
-77
-68
-60
-57
-43
-40
-37
-40
-47
-42
-26
-21
-25
-10
1
6
12
13
15
6
15
28
33
30
24
29
28
28
39
39
31
28
29
34
33
26
24
24
16
7
-10
-26
-18
-6
-4
-7
-3
-1
6
14
20
29
33
43
52
48
41
32
38
36
30
32
21
6
0
12
18
3
-5
-7
-14
-17
-15
-14
-18
-26
-20
-20
-25
-20
-9
8
19
27
27
17
7
9
24
29
39
49
42
45
51
48
37
23
24
25
13
4
3
-2
-5
-1
-2
-10
-19
-14
-4
-6
-19
-22
-19
-27
-30
-17
-8
-12
-10
6
12
3
-1
-6
-17
-21
-14
-18
-35
-33
-21
-13
-21
-23
-16
-20
-25
-30
-41
-58
-65
-65
-60
-57
-50
-40
-42
-44
-29
-15
-11
-2
2
-2
-7
-4
6
17
20
16
17
19
20
27
31
40
40
29
18
12
18
27
43
49
43
31
27
29
37
44
43
45
42
39
29
18
6
-6
-11
-20
-30
-37
-31
-25
-31
-36
-37
-30
-30
-38
-50
-67
-77
-81
-75
-74
-71
-44
-23
-4
-1
-2
-2
-10
3
9
13
20
16
16
13
14
21
33
41
48
50
42
35
42
53
63
62
59
58
58
60
60
47
35
21
13
10
5
4
-3
-13
-9
4
25
43
43
39
34
20
3
0
-2
-9
-12
-14
-12
-12
-11
-8
-12
-14
-11
-11
-13
-21
-25
-21
-26
-33
-32
-35
-43
-37
-30
-17
-7
-17
-23
-30
-37
-40
-32
-27
-25
-21
-23
-11
-8
-3
1
-1
-6
-7
6
13
18
28
25
2
-20
-21
-26
-26
-25
-22
-19
-21
-18
-1
21
26
24
31
34
36
30
30
39
26
16
11
9
12
15
15
2
-8
-11
-13
-13
-16
-28
-46
-56
-54
-54
-47
-43
-32
-20
1
18
16
12
11
10
9
1
-13
-23
-22
-23
-21
-1
14
18
8
1
-7
-12
-5
2
18
28
37
43
41
41
48
52
49
39
30
27
28
23
14
13
7
0
0
-10
-24
-28
-27
-24
-21
-27
-26
-16
-17
-2
3
5
14
7
0
-8
-9
-5
-2
-3
-10
-2
17
30
40
43
46
43
32
34
22
16
21
31
32
17
15
15
9
3
4
-5
-14
-10
5
11
8
13
30
38
25
9
-1
-12
-27
-25
-23
-29
-36
-35
-28
-19
-15
-21
-20
-19
-26
-25
-21
-18
-12
-13
-10
-8
-10
-10
-7
-5
-12
-20
-21
-22
-15
-3
1
-11
-23
-30
-36
-46
-55
-48
-35
-20
-13
-5
-2
-4
-9
-16
-20
-34
-46
-41
-34
-29
-23
-13
-3
-2
-4
-15
-30
-44
-49
-37
-29
-24
-16
-6
5
18
33
39
37
40
50
64
78
79
77
79
87
87
80
74
78
94
96
91
95
92
74
61
46
32
17
6
7
2
-10
-22
-29
-41
-53
-52
-52
-58
-60
-43
-32
-30
-28
-34
-41
-50
-54
-54
-50
-49
-47
-32
-11
1
8
9
13
8
2
1
-6
-5
-11
-18
-8
10
21
