-8
8
19
24
33
40
37
20
7
6
22
26
13
-10
-26
-24
-16
-10
-2
9
2
-14
-24
-32
-39
-41
-34
-24
-17
-24
-38
-46
-44
-30
-22
-20
-9
-1
2
0
-8
-11
-10
-1
6
11
3
0
5
8
16
26
33
24
28
31
27
39
43
37
34
29
22
13
17
17
19
21
17
18
26
38
38
41
44
29
17
10
2
-14
-28
-23
-8
4
3
5
0
-8
-17
-34
-37
-26
-12
-15
-22
-35
-48
-46
-47
-42
-33
-18
-1
5
6
-5
-16
-17
-18
-29
-43
-64
-69
-59
-38
-4
20
31
37
32
26
25
28
31
29
34
32
28
33
22
7
-4
-15
-18
-6
1
6
8
11
8
0
-3
-13
-20
-10
5
4
-6
-16
-21
-24
-28
-34
-27
-21
-19
-17
-21
-22
-14
-18
-16
-16
-23
-20
3
31
39
46
40
25
22
12
6
8
13
16
9
3
7
20
25
25
20
25
24
17
13
18
10
10
21
28
36
24
16
10
7
1
0
4
12
26
33
32
26
20
11
0
-2
-8
-15
-7
-1
-14
-21
-24
-28
-23
-16
-18
-18
-11
-15
-31
-44
-46
-48
-38
-27
-30
-41
-44
-48
-53
-47
-35
-26
-24
-13
-13
-14
-18
-30
-23
-22
-15
1
15
21
20
25
23
23
22
13
3
1
20
35
50
55
49
44
29
18
13
12
20
34
39
33
33
43
51
52
49
52
42
30
31
20
20
19
9
15
21
32
26
11
-1
-12
-6
-8
-22
-26
-22
-21
-27
-28
-21
-17
-12
-19
-39
-50
-54
-63
-66
-69
-79
-74
-62
-48
-49
-56
-59
-64
-68
-66
-49
-35
-27
-19
-18
-15
-6
4
6
2
-3
-12
-3
19
26
40
60
65
53
47
43
36
45
58
59
57
57
49
42
31
22
25
27
28
22
2
-5
2
20
34
35
17
-13
-33
-42
-33
-14
3
15
14
9
-4
-13
-13
-9
-2
-4
-9
-19
-28
-32
-28
-22
-12
2
17
29
39
51
51
47
41
30
19
15
10
-1
-5
6
11
15
17
11
10
-2
-15
-21
-37
-46
-44
-40
-31
-23
-20
-29
-29
-29
-35
-36
-33
-17
-15
-11
-4
-3
6
5
12
20
15
-1
-15
-15
-8
-4
3
9
10
15
15
9
11
17
12
6
1
1
-1
-19
-30
-36
-35
-21
-8
2
9
8
1
9
13
10
-1
-16
-30
-37
-30
-34
-34
-19
2
18
24
19
12
10
-2
-9
-14
-12
-14
-9
-3
1
16
18
25
34
25
11
-6
-11
-6
-1
3
7
18
20
14
20
20
16
20
20
19
18
7
-5
-4
6
10
13
18
24
30
30
18
11
13
8
9
13
12
8
10
8
6
5
6
-7
-14
-15
-15
-6
-5
-4
-1
4
9
9
9
15
15
6
-2
-2
1
12
22
17
13
6
-5
-17
-32
-33
-29
-32
-35
-34
-27
-21
-15
-6
-11
-34
-60
-79
-73
-68
-60
-41
-22
-4
8
18
32
39
24
5
4
0
-6
0
14
29
39
41
42
40
28
16
5
-4
-9
-12
-7
-4
-9
-15
-27
-27
-14
-10
-12
-21
-28
-37
-33
-25
-19
-3
-4
-1
3
1
-5
0
23
29
35
37
35
34
19
13
18
19
21
26
22
15
7
8
13
11
24
29
26
15
2
3
-11
-14
-3
4
10
2
-7
-7
-3
1
-3
-16
-17
-9
-1
5
12
10
-3
4
0
-17
-30
-28
-10
5
15
14
7
3
4
1
2
23
33
25
20
15
14
7
0
12
13
10
12
14
14
8
5
-12
-21
-26
-40
-48
-54
-63
-68
-78
-70
-53
-44
-22
-3
3
13
23
17
7
-6
-5
2
2
7
10
17
23
16
7
15
23
25
33
31
25
28
36
37
29
19
7
-3
4
12
13
20
20
16
5
-5
-18
-33
-28
-20
-19
-25
-35
-34
-35
-41
-33
-30
-22
-14
-4
-6
-17
-11
-7
-1
5
9
11
12
22
22
26
26
18
20
18
13
19
25
21
12
3
-9
-22
-28
-36
-31
-14
-4
4
6
-3
-6
-5
-12
-17
-30
-31
-25
-23
-12
2
19
31
32
28
18
12
10
5
2
-7
-11
0
12
22
33
34
26
19
7
-3
0
-5
-9
-14
-17
-20
-15
-3
0
2
-1
-7
-17
-24
-29
-41
-26
-1
15
24
40
43
46
51
48
46
30
20
14
5
-4
-4
0
10
15
14
12
6
-1
0
3
-2
-2
-15
-23
-30
-33
-23
-19
-11
-2
6
18
10
2
-8
-24
-29
-27
-15
-1
7
6
7
7
7
11
23
29
19
13
2
2
1
-11
-21
-19
-17
-19
-24
-27
-20
-20
-25
-33
-40
-43
-28
-8
-8
-15
-18
-8
4
11
15
17
8
-8
-12
-17
-28
-34
-34
-24
-14
-7
-6
-9
-9
-12
-8
-3
0
6
16
20
17
15
14
11
14
11
7
-2
-9
-6
10
27
25
10
5
8
10
23
25
24
20
18
18
11
8
1
6
9
4
10
23
35
39
38
17
6
4
5
11
15
18
21
23
19
21
24
19
4
-6
-8
-8
-6
-9
-21
-27
-32
-26
-24
-32
-25
-18
-15
-6
1
1
-7
-12
-10
-8
-9
-9
-5
8
26
37
37
41
43
43
39
38
43
44
43
42
36
30
15
-1
-2
1
-3
-16
-32
-47
-57
-56
-57
-58
-59
-61
-52
-52
-53
-55
-61
-60
-58
-44
-34
-17
-2
4
6
-1
0
7
12
13
7
-2
-3
-1
-1
1
-8
-17
-15
-16
-15
-9
-2
6
10
20
21
15
10
0
-8
-18
-21
-14
-14
-7
10
16
15
18
21
21
27
29
22
15
12
7
19
37
47
56
63
62
52
36
20
12
2
-7
-11
-9
6
16
8
-11
-21
-22
-30
-34
-36
-41
-52
-59
-55
-45
-28
-15
5
20
30
36
21
14
7
-9
-6
1
11
19
23
25
23
32
46
55
62
63
55
37
20
16
23
20
15
18
17
19
26
26
11
3
6
5
-1
-12
-23
-27
-32
-38
-38
-27
-16
-12
-12
-13
-23
-27
-24
-34
-43
-44
-44
-39
-27
-21
-16
-11
-15
-15
-10
3
17
18
13
9
11
11
3
3
-6
-12
-8
-8
-7
-16
-18
-18
-26
-37
-50
-50
-49
-42
-26
-22
-17
-14
-2
13
24
30
21
13
6
6
7
5
7
11
8
8
13
11
10
-3
-12
-19
-18
0
18
31
20
21
23
17
5
-4
-2
-3
4
6
-2
-3
-5
-3
-2
-9
-9
3
7
6
9
5
3
7
20
22
6
6
4
9
15
14
6
-1
-6
-5
3
0
-4
-4
3
15
20
22
27
17
10
15
18
13
20
25
25
31
30
34
38
39
30
19
20
22
14
7
9
5
-7
-22
-22
-13
-2
7
15
22
23
15
-7
-28
-39
-44
-57
-71
-80
-75
-56
-31
-13
1
14
14
2
-12
-10
-14
-4
10
16
24
16
11
17
25
26
22
20
5
0
-7
-16
-13
-3
2
-3
2
8
0
-22
-44
-56
-61
-64
-54
-47
-45
-41
-30
-22
-17
-15
-24
-24
-17
-27
-32
-31
-21
-18
-19
-15
-12
-5
7
17
38
56
50
40
30
35
44
44
41
36
25
17
17
21
20
7
3
1
0
-4
-7
-14
-15
-7
-3
0
0
-7
-7
-4
5
11
10
9
4
5
13
19
21
25
25
20
20
11
3
-1
-7
-13
-25
-26
-15
1
19
42
64
64
65
56
46
36
22
24
28
17
18
17
19
20
31
41
23
8
-11
-29
-43
-56
-62
-63
-47
-34
-29
-31
-29
-27
-31
-40
-50
-46
-42
-30
-22
-15
-9
1
11
8
-5
-14
-24
-44
-54
-53
-39
-27
-11
6
20
26
14
3
4
8
8
2
-3
-1
2
7
16
22
42
47
48
58
47
36
33
28
18
6
10
13
11
4
9
13
20
23
12
6
-2
-8
-14
-23
-32
-41
-50
-51
-45
-38
-35
-35
-31
-26
-33
-38
-32
-23
-14
-13
-16
-23
-24
-22
-17
-13
-9
-5
-3
-1
2
-6
0
4
16
34
48
64
63
63
54
45
32
26
26
38
55
57
63
56
45
42
30
21
19
14
4
-15
-33
-42
-40
-23
-2
10
14
4
-7
-16
-12
-23
-31
-28
-26
-22
-21
-20
-21
-20
-24
-19
-13
-12
-12
-20
-28
-32
-25
-21
-12
7
6
-7
-19
-30
-41
-38
-32
-37
-39
-36
-36
-30
-28
-19
-10
-2
-6
-11
-9
-7
8
25
44
50
59
70
75
83
84
77
72
58
57
57
54
51
51
52
42
36
36
47
44
29
12
-1
-14
-32
-28
-24
-30
-27
-24
-18
-15
-18
-19
-29
-39
-48
-66
-81
-85
-87
-79
-71
-64
-55
-42
-25
-23
-27
-42
-53
-45
-26
-13
1
22
33
42
53
50
58
60
58
59
48
40
29
16
2
4
21
27
24
15
8
5
4
7
1
-4
-7
-8
-1
9
22
16
-1
-21
-33
-25
-27
-35
-36
-33
-41
-49
-55
-47
-32
-22
-13
-9
-15
-34
-50
-48
-44
-38
-28
-13
-7
-2
3
11
5
-8
-5
-4
3
13
28
45
59
63
48
47
47
44
48
52
59
49
39
34
33
38
39
42
41
38
26
20
29
30
20
7
-2
-14
-20
-13
-4
-4
-10
-8
-10
-9
-13
-16
-8
-4
8
9
12
10
-3
-5
-11
-25
-27
-16
-7
-3
11
16
12
-1
-18
-27
-21
-13
-15
-28
-39
-45
-53
-53
-46
-36
-23
-20
-19
-29
-35
-23
-10
-8
-12
-16
-14
-7
-3
3
9
11
11
16
14
10
-1
1
10
14
17
28
41
55
65
56
33
12
3
-9
-5
-10
-16
-14
-8
7
20
26
21
14
0
-14
-27
-35
-35
-39
-37
-35
-36
-27
-23
-18
-18
-14
-9
-23
-41
-47
-48
-43
-33
-16
3
17
23
20
24
22
8
10
15
22
29
34
29
17
17
15
5
-1
-4
-5
13
25
28
37
39
47
53
54
47
36
23
7
5
12
14
17
28
39
39
34
23
15
10
0
-6
-11
-22
-23
-11
0
2
-6
-17
-14
-14
-33
-39
-26
-12
-13
-16
-14
-12
-11
-11
-17
-26
-24
-19
-12
-4
6
24
39
35
23
8
0
-5
-7
-19
-30
-31
-28
-28
-36
-41
-44
-36
-29
-18
-14
-12
-12
-15
-22
-33
-36
-35
-29
-12
4
11
13
9
1
0
3
2
1
0
-13
-12
8
16
22
25
27
28
30
34
33
33
35
39
33
21
7
-1
-4
2
0
2
20
26
29
23
21
16
8
5
10
14
9
13
8
7
13
15
12
23
27
15
2
-17
-30
-30
-12
-7
-7
-5
-13
-18
-21
-19
-22
-26
-18
-18
-15
-7
-2
13
12
0
0
3
10
7
4
-7
-21
-16
-2
7
12
11
1
-10
-15
-25
-34
-42
-59
-62
-57
-45
-38
-37
-34
-21
-10
-15
-13
-22
-39
-46
-44
-28
-11
0
-2
0
16
18
27
38
38
37
34
38
38
31
37
52
66
59
52
43
37
35
42
53
54
50
35
34
40
41
40
28
25
19
16
25
29
30
23
10
2
-11
-16
-19
-25
-24
-19
-23
-25
-13
-9
-5
-4
-6
-12
-21
-26
-42
-57
-73
-81
-78
-67
-46
-27
-10
-1
-6
-20
-28
-30
-34
-48
-54
-51
-47
-33
-16
-11
-4
11
24
26
21
15
15
23
34
36
24
13
0
-7
-4
3
15
20
39
49
55
62
55
57
61
49
29
14
16
12
4
-1
0
10
17
18
10
0
-17
-38
-65
-84
-87
-86
-76
-66
-54
-48
-32
-18
-15
-21
-33
-47
-57
-55
-35
-6
18
25
26
29
28
25
20
14
12
11
13
15
10
6
5
15
35
51
56
50
42
33
30
28
24
32
37
45
40
16
5
4
5
-1
-2
6
11
13
16
16
8
-5
-8
-13
1
15
18
20
13
3
-8
-14
-13
-6
18
34
44
49
38
25
9
-5
-16
-29
-35
-29
-29
-31
-40
-34
-24
-17
-9
-15
-17
-26
-33
-37
-40
-50
-65
-68
-63
-49
-33
-30
-29
-25
-16
-3
7
9
3
1
11
16
23
29
30
31
28
36
36
26
12
8
6
-3
-17
-16
-4
12
27
32
35
36
37
24
9
-10
-28
-30
-36
-29
-27
-23
-5
-5
-3
2
8
11
0
-10
-19
-26
-26
-32
-29
-27
-38
-32
-12
2
5
5
12
9
3
-5
-1
20
30
45
51
47
49
45
52
49
40
37
25
11
19
29
35
24
6
4
2
7
7
0
-13
-24
-26
-35
-37
-23
-15
-7
-5
-10
-12
-14
-17
-12
-9
-14
-19
-27
-34
-33
-30
-27
-35
-39
-35
-32
-21
-18
-21
-20
-8
5
19
29
30
26
25
26
20
11
4
0
9
25
29
43
47
47
41
27
23
15
7
7
2
3
11
21
41
41
29
10
1
5
4
0
-2
-6
-12
-12
-2
11
8
-13
-33
-42
-51
-55
-52
-35
-26
-21
-13
-4
-2
-10
-1
-1
-12
-28
-47
-48
-39
-34
-26
-26
-17
-3
11
22
19
11
0
-14
-15
-18
-26
-30
-28
-22
-9
5
21
41
49
46
39
31
30
35
32
25
12
7
13
16
13
22
43
49
53
64
62
46
26
10
-6
-11
-3
7
13
8
4
5
8
0
-8
-13
-27
-45
-50
-54
-60
-59
-55
-46
-50
-53
-56
-58
-57
-60
-53
-49
-51
-58
-66
-67
-54
-45
-26
-3
6
11
12
18
12
-5
-11
3
4
3
15
36
64
94
114
128
132
120
97
75
70
65
60
55
55
60
65
65
63
65
68
66
60
57
44
32
9
-7
-12
-20
-30
-39
-41
-42
-32
-34
-39
-46
-57
-76
-94
-88
-83
-83
-87
-90
-81
-69
-63
-59
-56
-47
-44
-47
-49
-44
-36
-36
-30
-23
-23
-12
-2
-7
-3
3
17
29
34
26
14
12
18
29
35
32
37
59
72
61
47
31
26
25
26
20
6
2
9
16
10
-3
-5
13
29
26
18
4
0
-3
-19
-19
-17
-9
6
15
13
9
11
2
-5
-7
-19
-21
-24
-31
-38
-39
-33
-17
4
11
15
15
5
-1
0
-2
-8
-2
9
-7
-19
-13
-15
-1
16
13
-2
1
8
8
6
8
4
-2
-9
-13
-6
8
14
15
16
8
-3
3
13
20
23
18
11
11
12
12
25
32
37
36
30
35
33
29
18
11
6
-10
-9
-8
-6
-8
-20
-26
-30
-24
-22
-29
-30
-29
-28
-28
-29
-30
-24
-19
-20
-20
-26
-32
-30
-30
-41
-44
-32
-19
2
18
19
25
26
28
39
41
34
32
21
15
12
12
22
39
53
44
25
10
8
8
0
-4
-10
-13
-9
-12
-16
-17
-7
-4
-7
-2
-2
5
9
12
18
10
2
-9
-18
-28
-33
-32
-32
-26
-27
-28
-23
-22
-19
-10
-8
-14
-23
-24
-35
-36
-27
-17
-9
-11
-17
-25
-25
-12
-13
-15
-10
-9
5
12
13
8
-1
5
3
7
22
45
58
57
56
48
53
49
54
53
34
26
17
16
21
28
27
17
21
23
31
37
38
35
31
32
19
-1
-11
-25
-39
-41
-36
-24
-6
4
3
2
-6
-19
-27
-33
-40
-51
-58
-54
-48
-39
-37
-34
-25
-22
-16
-12
-12
-10
-19
-30
-29
-24
-17
-11
0
-4
-16
-20
-11
3
4
10
17
13
12
18
19
21
27
32
32
41
53
51
54
54
36
33
34
36
37
40
47
40
31
24
23
26
23
10
-5
-25
-43
-49
-44
-41
-47
-54
-51
-45
-48
-59
-68
-64
-59
-46
-28
-20
-9
-10
-11
-13
-16
-12
-12
2
18
22
23
26
28
40
46
42
42
38
36
32
18
3
-7
-12
-12
-5
11
12
4
-2
-18
-40
-43
-38
-37
-32
-38
-38
-34
-25
-18
-20
-16
-22
-23
-23
-30
-24
-14
2
20
25
32
39
41
39
32
28
37
41
39
39
28
17
18
27
41
46
51
50
41
37
26
10
1
-2
-2
-7
-1
7
-1
-10
-15
-13
-3
11
10
4
0
-12
-16
-17
-13
-19
-24
-22
-37
-52
-45
-31
-28
-19
-8
-5
1
4
3
9
19
20
20
22
18
14
11
10
12
20
26
31
25
11
2
-7
-4
5
7
6
7
-1
-8
-10
-4
2
-5
-18
-25
-42
-46
-46
-50
-43
-48
-47
-43
-37
-28
-35
-38
-44
-49
-37
-29
-21
-10
5
7
4
10
17
28
39
45
40
32
24
16
13
8
5
9
6
-1
2
10
12
15
22
24
25
25
23
26
28
16
6
1
-11
-14
-2
8
15
13
15
10
7
11
10
24
27
11
-8
-24
-34
-40
-29
-21
-25
-17
-5
12
26
36
46
34
24
9
-2
-3
-8
-15
-25
-20
-15
-8
3
6
14
17
16
14
13
8
7
14
9
9
19
10
3
8
10
12
8
6
-3
-13
-12
-14
-9
-1
-9
-16
-13
-13
-16
-15
-16
-33
-41
-41
-44
-36
-23
-16
-6
-8
-11
-9
-16
-10
-5
-13
-12
-10
-3
1
6
15
20
38
44
40
41
39
44
44
35
25
6
-5
-9
-10
-9
-12
-4
11
9
5
2
-1
-7
-8
-17
-22
-12
-22
-33
-29
-29
-33
-38
-30
-18
-25
-23
-15
-10
-13
-10
-7
-15
-21
-23
-22
-27
-10
13
15
26
32
40
42
32
29
28
24
7
-8
-7
-3
4
15
26
32
33
27
28
25
15
18
18
10
7
14
15
16
15
15
21
19
19
14
10
2
-5
-1
-3
-9
-23
-23
-19
-25
-23
-27
-36
-48
-52
-56
-44
-21
-9
1
9
7
2
5
5
3
-6
-16
-19
-26
-26
-18
-9
7
24
28
21
20
18
13
-6
-29
-32
-32
-26
-13
-2
-1
-1
15
29
37
39
29
16
0
-6
-7
-9
-9
-6
3
12
10
8
19
26
29
41
51
54
48
44
34
22
10
7
10
18
16
9
15
11
-2
-8
-15
-23
-39
-45
-39
-36
-37
-43
-38
-32
-39
-39
-25
-14
-15
-19
-22
-19
-10
2
7
13
21
14
0
-4
0
5
6
17
21
27
39
46
43
28
20
19
17
6
-1
-8
-18
-28
-34
-33
-33
-32
-25
-28
-37
-44
-42
-36
-28
-20
-29
-40
-47
-54
-36
-15
-1
7
7
10
17
15
7
3
-9
-4
9
22
22
19
20
23
29
25
24
22
14
10
12
19
27
28
29
21
20
25
16
8
-5
-12
-5
-4
-10
2
9
5
8
7
10
9
6
14
28
39
41
28
22
22
23
30
33
38
41
41
32
19
7
11
17
14
13
10
5
-2
-16
-25
-32
-31
-29
-27
-18
-20
-32
-30
-26
-32
-42
-46
-53
-58
-48
-37
-26
-17
-9
-7
-5
-10
-17
-36
-48
-40
-18
-5
-4
3
8
16
11
8
9
11
12
8
10
6
13
25
32
34
22
4
-8
-15
-28
-37
-29
-23
-10
1
16
21
11
6
1
2
4
4
-6
-12
-14
-25
-18
-3
15
29
32
34
26
12
9
22
40
42
35
18
4
-12
-17
-12
-13
-6
12
27
18
5
-6
-18
-22
-20
-23
-28
-26
-22
-18
-10
-12
-14
-11
-14
-17
-29
-27
-12
-6
-2
10
13
5
0
4
2
-3
5
-1
-9
-9
-21
-14
7
25
41
52
51
31
12
12
21
29
33
32
22
17
33
41
37
33
30
20
11
6
1
-7
-13
-8
-7
-5
-9
1
15
16
10
-2
-8
-20
-24
-15
-2
3
-9
-17
-17
-12
-14
-17
-10
-7
0
-3
-19
-27
-31
-28
-18
-9
-15
-21
-27
-34
-39
-52
-38
-19
-5
6
1
-1
-11
-9
-1
-7
-7
-13
-21
-23
-17
-13
-16
-11
-1
9
25
31
21
12
9
10
13
12
9
8
-3
-10
-9
4
15
17
23
26
21
7
-3
-15
-15
-10
-7
4
18
16
19
30
41
52
56
51
41
23
22
28
34
53
41
33
31
23
17
14
18
13
-4
-12
-15
-16
-9
-16
-27
-23
-12
-10
-13
-12
-21
-25
-33
-37
-35
-42
-51
-53
-55
-58
-58
-58
-67
-76
-72
-76
-72
-65
-59
-52
-49
-34
-11
4
10
26
41
44
41
29
11
3
9
13
19
29
45
65
74
77
84
82
79
71
58
43
42
33
21
24
23
18
16
17
16
5
-7
-6
0
14
22
33
42
26
12
-1
-5
-3
-9
-3
4
12
19
10
1
-16
-43
-49
-44
-49
-45
-36
-16
9
20
31
20
7
-1
-9
-7
-18
-34
-44
-47
-42
-22
-9
-14
-27
-45
-45
-41
-40
-35
-42
-47
-45
-38
-29
-28
-23
-17
-14
-7
-5
-6
-5
5
14
20
27
17
9
13
8
2
5
9
11
7
8
-1
-5
-1
5
9
18
32
34
24
18
13
9
8
0
7
23
24
16
13
21
27
27
30
16
3
-4
-13
-6
4
11
16
12
13
8
-2
0
-14
-18
-15
-7
2
-2
2
10
11
6
13
20
14
-1
-8
-4
1
8
12
24
24
21
19
11
-4
-26
-32
-18
-16
-2
9
1
2
15
18
2
-3
-4
-2
-5
-13
-18
-20
-15
-10
-5
-5
-9
-17
-17
-16
-20
-14
-4
1
11
16
23
16
6
7
0
-3
-2
-1
0
-1
-5
-6
-2
9
15
10
10
3
-13
-21
-17
-4
-6
-17
-24
-28
-30
-26
-17
-14
-15
-17
-13
-11
-9
-10
-3
2
-22
-34
-34
-24
-17
-3
14
11
16
24
27
19
17
12
-5
-6
7
16
16
14
22
32
35
38
40
36
29
24
20
12
3
-10
-15
-15
-16
-7
-1
0
3
8
0
-13
-17
-21
-16
-7
-9
-10
-15
-12
-9
-9
-10
-12
3
14
9
2
8
4
-16
-14
-2
6
10
19
24
17
11
-4
-10
-10
-14
-15
-16
-10
-10
-10
-6
4
17
16
18
14
-5
-15
-11
1
0
-3
-6
-17
-8
12
38
48
43
38
30
20
13
4
1
11
25
40
40
33
22
10
11
2
-16
-22
-20
-23
-33
-30
-31
-25
-6
8
2
-8
-2
-5
-10
-9
-12
-16
-32
-41
-47
-49
-40
-10
17
22
25
25
10
-3
-1
-10
-19
-25
-25
-37
-53
-50
-36
-15
4
27
41
25
8
3
-5
-7
0
1
-11
-14
-4
-2
-7
-1
19
38
44
43
39
23
-10
-16
-10
-21
-20
-6
0
5
4
5
15
30
30
22
15
4
8
-6
-16
-1
16
16
-2
-5
-1
-3
0
21
37
29
24
23
19
4
-11
-8
-15
-25
-20
-13
-8
-2
10
17
5
-6
0
-4
-17
-27
-25
-31
-39
-23
-7
-7
-7
-1
3
3
12
28
20
8
10
13
4
-6
1
-5
-12
-8
-16
-27
-33
-15
7
11
9
12
15
10
-3
0
7
-6
-1
7
-1
-16
-14
2
14
26
36
27
9
-3
-11
-16
-21
-15
-12
-14
-6
8
12
11
14
18
21
22
33
44
36
16
3
-1
-11
-18
-4
1
-2
2
0
-12
-15
-4
0
-9
-9
-9
-23
-35
-32
-26
-20
-16
4
18
13
11
11
1
-9
-16
-28
-34
-23
-11
-5
2
9
17
21
15
15
8
-10
-20
-13
-1
1
8
12
17
20
18
24
21
6
-1
-3
-21
-39
-28
-17
-9
3
9
10
5
2
-5
-5
4
3
-1
-8
-15
-22
-27
-27
-24
-20
-15
-8
-5
-14
-18
-16
-14
-15
-10
9
16
5
6
16
-1
-9
6
23
27
26
24
24
33
23
17
16
29
41
34
24
27
37
38
24
28
42
34
26
26
25
10
-3
-1
-13
-25
-15
6
2
-5
8
13
-2
-29
-43
-52
-63
-61
-52
-43
-31
-19
-12
-11
-4
1
-5
-15
-3
13
6
-10
-11
-3
-21
-22
-11
0
-3
1
21
19
13
13
20
14
4
16
7
-13
-12
-3
1
-2
7
24
17
10
15
1
-21
-23
-7
-19
-47
-40
-25
-28
-32
-18
-2
-5
-11
1
-11
-27
-13
4
0
-8
4
10
6
14
32
48
42
41
56
53
40
43
39
18
14
26
19
3
4
16
13
17
37
46
21
-4
3
-7
-32
-23
-12
-24
-41
-22
-9
-31
-32
-16
-16
-32
-26
-15
-36
-48
-27
-16
-34
-38
-18
-27
-57
-55
-17
-7
-23
-7
17
4
-13
9
18
-1
-5
21
34
22
25
39
31
13
33
46
29
9
7
4
-21
-14
7
3
-5
7
13
-6
-19
-3
-2
-17
-3
13
9
-2
5
15
7
1
7
0
-5
11
24
26
32
49
57
42
33
32
6
-18
-12
3
2
0
24
22
5
7
20
15
-6
-7
7
-10
-34
-27
-13
-29
-32
-18
-22
-29
-22
-7
-13
-32
-33
-37
-52
-54
-35
-21
-15
-9
1
16
19
18
19
9
11
24
28
41
42
34
28
25
29
18
11
25
37
26
16
14
4
-15
-14
-7
-15
-30
-29
-27
-42
-44
-30
-23
-31
-31
-15
-11
-24
-32
-24
-19
-12
12
18
-1
-4
11
11
2
0
6
-13
-28
-5
7
-13
-24
-9
5
-10
-15
2
-6
-29
-35
-24
-30
-41
-23
-3
-5
-4
23
25
-1
-1
11
4
-4
9
17
6
5
34
47
19
16
36
27
11
17
24
13
12
37
54
48
48
55
49
31
28
38
27
26
40
37
22
24
44
38
26
30
24
-9
-30
-11
-13
-31
-40
-24
-19
-36
-34
-29
-36
-50
-46
-26
-27
-31
-22
-29
-50
-51
-33
-28
-25
-3
12
-1
-17
-18
-12
-12
-8
-9
-17
-20
-19
-7
-1
5
16
21
21
17
22
26
28
39
48
43
32
41
39
21
19
26
23
5
8
11
-1
-9
1
31
22
13
16
5
-14
-24
-15
-12
-20
-13
11
10
8
9
3
-25
-50
-57
-68
-72
-61
-45
-42
-40
-24
-22
-39
-38
-33
-38
-51
-52
-47
-56
-54
-40
-30
-25
-22
-13
-21
-31
-16
-7
-15
-14
0
5
8
16
29
42
39
42
45
38
37
39
54
52
48
55
45
41
52
66
64
60
62
63
53
47
49
25
-5
-6
12
16
19
25
22
-1
-21
-15
-7
-12
-7
15
25
16
30
31
10
-12
-18
-7
-24
-29
-12
-13
-25
-8
16
20
11
6
9
-11
-32
-33
-16
-23
-35
-26
-30
-30
-11
12
14
3
-3
9
7
0
11
14
9
8
16
31
24
12
16
13
3
-2
2
-8
-17
-11
-2
8
2
-4
3
7
6
-14
-30
-37
-51
-42
-38
-33
-42
-58
-46
-36
-29
-34
-34
-33
-42
-52
-58
-66
-66
-60
-56
-40
-31
-5
14
11
20
23
20
7
-9
-5
-6
-15
-12
-15
-30
-35
-9
19
27
31
38
34
16
17
31
28
21
24
24
22
30
41
49
48
44
61
61
49
46
46
36
17
18
22
9
-2
3
-7
-21
-21
-2
3
-8
7
9
-7
-20
-12
-9
-24
-36
-39
-34
-34
-21
-4
-14
-40
-43
-36
-46
-49
-24
1
7
11
26
43
44
55
59
40
31
40
46
42
38
47
54
49
46
49
55
47
50
50
41
33
32
38
36
39
42
38
37
38
47
47
46
50
30
14
13
7
-9
-19
-15
-21
-29
-21
-22
-50
-68
-77
-80
-90
-92
-76
-74
-87
-86
-61
-59
-64
-53
-52
-77
-95
-90
-101
-113
-97
-66
-56
-56
-40
-33
-39
-49
-36
-9
-4
-2
11
20
6
13
29
40
38
36
32
23
21
37
47
41
44
37
24
-1
-9
2
9
12
21
26
19
15
6
-13
-18
-13
-24
-37
-41
-27
-26
-23
-12
-4
-2
-6
7
15
3
-3
19
12
10
38
55
57
61
71
65
45
43
65
70
64
67
68
53
42
55
57
47
50
58
39
8
14
24
17
26
48
52
28
32
50
24
12
35
42
23
16
32
14
-17
-11
7
0
-9
12
21
-12
-37
-23
-27
-56
-50
-25
-29
-50
-38
-18
-23
-35
-29
-25
-47
-61
-53
-67
-81
-67
-43
-36
-55
-49
-41
-65
-83
-68
-49
-54
-39
-15
-16
-30
-23
-2
-1
3
11
8
-15
-24
-18
-17
-20
-12
2
-1
-7
-14
-12
-11
-9
10
14
10
22
18
4
6
20
35
27
25
35
19
17
41
51
43
49
65
56
38
36
37
16
-8
5
18
3
3
24
20
-11
-21
-19
-44
-58
-39
-32
-38
-40
-17
-4
-26
-20
5
-2
-33
-31
-8
-22
-40
-29
-11
-23
-22
11
14
0
0
13
16
8
11
18
14
-6
-4
-5
-12
-3
19
35
25
28
28
18
14
21
28
17
21
34
30
23
23
28
23
30
45
51
49
52
49
35
28
36
36
23
14
4
-14
-27
-17
-6
-21
-23
-10
-16
-28
-28
-28
-26
-31
-26
-27
-29
-22
-19
-19
-32
-30
-19
-17
-17
-7
-8
-17
-2
27
37
25
19
21
11
4
23
39
30
11
9
7
-15
-16
10
20
16
9
7
3
1
7
15
11
14
19
16
5
-7
-9
-13
-19
-15
-12
-17
-25
-20
-12
-19
-27
-18
-12
-23
-43
-48
-48
-48
-37
-31
-35
-48
-36
-17
-14
-9
4
7
-1
-14
-13
-28
-53
-53
-39
-24
-22
-15
-1
12
6
-5
3
6
13
12
5
-3
-19
-22
-25
-24
-18
-5
10
9
11
26
26
23
13
5
7
2
3
10
7
-6
-14
-13
-9
-16
-12
8
11
13
23
29
23
22
36
38
9
-3
10
13
10
13
23
31
31
33
16
-3
2
16
15
4
16
31
20
20
31
32
30
41
59
42
27
34
38
43
50
56
57
54
49
45
44
40
36
29
17
16
23
25
21
32
38
28
17
6
-8
-22
-17
-14
-33
-45
-48
-50
-61
-65
-63
-57
-54
-51
-48
-54
-52
-39
-29
-29
-34
-40
-37
-19
-4
-10
-21
-19
-24
-17
-5
5
10
10
18
13
15
18
18
15
6
7
5
10
18
18
10
-6
-13
-4
4
4
3
-8
-20
-37
-50
-56
-60
-69
-79
-90
-82
-61
-46
-35
-36
-40
-39
-29
-29
-34
-36
-30
-26
-23
-15
-13
-7
7
18
15
6
16
32
31
35
42
36
34
34
24
11
5
13
21
13
15
16
15
10
12
20
10
14
31
36
17
0
-3
-4
-9
1
4
-5
-11
-2
12
13
16
25
21
-3
-10
-7
-16
-20
-19
-16
-23
-22
3
23
20
17
30
39
43
43
53
50
53
75
88
86
80
87
103
98
93
103
101
93
95
97
92
88
96
105
95
84
79
72
47
19
5
-18
-34
-33
-27
-34
-38
-22
-14
-25
-40
-63
-83
-95
-101
-110
-116
-124
-127
-120
-116
-110
-104
-105
-108
-109
-111
-123
-126
-121
-118
-107
-98
-87
-72
-54
-41
-30
-19
-18
-19
-20
-22
-22
-27
-31
-22
-13
-18
-20
-15
-17
-9
10
18
23
27
22
9
-1
-1
8
1
-9
-4
-4
-5
0
8
19
24
28
43
46
36
35
34
41
43
51
57
56
64
72
90
109
117
115
102
90
95
92
74
52
43
35
22
21
28
36
39
36
47
64
63
63
60
40
24
21
22
24
29
29
17
3
2
0
-13
-25
-33
-37
-47
-50
-60
-79
-94
-94
-78
-63
-60
-62
-56
-48
-47
-58
-58
-55
-54
-51
-46
-30
-17
-6
-5
-4
-14
-23
-39
-59
-53
-47
-46
-45
-35
-22
-19
-8
1
-12
-29
-40
-38
-35
-33
-31
-25
-9
7
15
26
29
31
27
19
20
19
18
24
24
15
13
9
10
18
23
27
38
64
72
62
58
68
70
68
77
79
68
45
43
48
46
54
61
58
48
52
60
46
27
12
-8
-20
-17
-5
3
5
5
14
21
12
8
7
3
0
-4
1
3
-8
-11
-11
-21
-41
-55
-57
-77
-94
-87
-81
-80
-74
-60
-64
-78
-80
-80
-76
-77
-74
-82
-91
-80
-66
-55
-65
-70
-71
-74
-60
-39
-35
-35
-38
-44
-47
-43
-22
-16
-12
-6
-6
-11
-21
-30
-28
-19
-18
-13
-19
-16
-6
4
5
3
-6
-10
-5
-2
6
15
29
40
59
73
85
84
86
89
90
92
96
106
104
107
121
149
169
175
178
183
183
177
168
161
168
173
176
178
176
169
154
134
114
87
57
39
30
36
36
25
6
-25
-50
-71
-80
-97
-109
-115
-129
-141
-147
-151
-172
-190
-199
-214
-228
-228
-222
-213
-211
-207
-195
-179
-160
-130
-108
-94
-81
-78
-61
-49
-37
-20
-9
12
28
54
78
93
108
112
118
116
116
111
101
105
119
121
110
109
92
76
67
61
58
40
17
6
-12
-46
-65
-81
-103
-115
-129
-136
-140
-148
-136
-131
-126
-128
-136
-134
-144
-137
-122
-122
-123
-122
-106
-85
-63
-32
-4
18
31
39
57
78
95
106
114
132
154
184
218
229
229
231
235
233
210
200
204
199
194
189
179
160
134
114
90
57
29
7
-16
-45
-78
-99
-122
-148
-167
-194
-222
-246
-246
-240
-245
-243
-235
-238
-254
-251
-235
-225
-224
-210
-196
-181
-148
-110
-74
-40
3
53
94
122
145
177
205
227
242
259
263
278
306
324
334
341
354
369
382
382
369
349
324
306
280
248
217
193
162
130
99
66
27
-17
-48
-83
-122
-147
-167
-195
-236
-267
-291
-320
-335
-345
-355
-368
-378
-383
-391
-398
-388
-372
-364
-343
-312
-287
-262
-239
-216
-189
-170
-145
-115
-92
-79
-57
-30
-15
20
62
86
103
118
139
149
157
172
171
167
164
155
161
174
187
194
201
212
212
205
179
149
121
105
99
86
70
57
50
49
46
35
23
7
-6
-16
-36
-50
-59
-51
-38
-29
-25
-38
-34
-26
-21
-11
-2
3
14
27
26
35
37
48
65
83
107
116
122
135
136
125
106
88
76
59
53
54
38
18
11
10
-2
-25
-57
-76
-99
-127
-144
-169
-184
-192
-186
-185
-186
-196
-216
-214
-213
-211
-202
-195
-181
-168
-153
-129
-102
-74
-46
-15
22
49
76
100
133
170
217
253
280
300
309
322
344
356
357
363
359
331
295
263
235
208
183
161
121
71
26
-27
-86
-142
-191
-228
-266
-307
-340
-380
-420
-450
-468
-490
-506
-506
-509
-514
-522
-519
-524
-510
-487
-465
-422
-386
-343
-302
-251
-191
-150
-107
-54
11
63
107
157
203
259
308
351
403
453
512
555
594
630
652
672
688
711
731
742
767
784
803
811
806
790
770
768
759
738
713
691
655
590
522
462
397
335
280
210
119
27
-59
-134
-223
-330
-424
-517
-612
-715
-809
-887
-964
-1022
-1075
-1130
-1180
-1221
-1248
-1271
-1292
-1305
-1316
-1317
-1325
-1318
-1287
-1255
-1210
-1155
-1099
-1037
-972
-899
-823
-736
-630
-527
-431
-327
-222
-124
-31
60
153
247
343
452
554
632
700
757
811
862
902
934
974
1005
1010
1009
1005
999
988
991
977
937
893
843
801
749
704
676
652
638
619
597
576
549
507
455
421
388
358
345
332
330
335
352
370
381
384
384
379
372
377
389
392
405
429
443
459
477
496
512
515
518
520
515
502
470
441
412
374
332
286
229
176
109
38
-37
-107
-175
-258
-340
-423
-508
-603
-694
-771
-861
-945
-1024
-1094
-1171
-1264
-1332
-1372
-1416
-1446
-1469
-1481
-1492
-1509
-1516
-1531
-1527
-1508
-1484
-1461
-1436
-1393
-1341
-1298
-1252
-1192
-1137
-1084
-1020
-943
-871
-803
-726
-647
-581
-511
-422
-328
-252
-186
-103
-24
34
84
140
201
257
310
356
401
449
502
549
580
604
637
680
698
723
747
744
745
765
791
818
850
889
914
942
980
1008
1022
1042
1069
1080
1079
1093
1097
1098
1119
1141
1143
1124
1134
1151
1138
1113
1112
1106
1067
1048
1064
1069
1039
1004
989
940
866
823
797
749
687
647
619
558
494
454
393
318
233
162
97
-1
-102
-191
-266
-349
-425
-471
-531
-612
-684
-755
-824
-887
-924
-963
-1048
-1137
-1194
-1259
-1322
-1337
-1311
-1292
-1296
-1297
-1299
-1305
-1317
-1334
-1343
-1320
-1279
-1255
-1243
-1220
-1160
-1087
-1032
-977
-910
-846
-810
-799
-786
-777
-760
-732
-668
-592
-562
-546
-501
-452
-401
-359
-334
-311
-296
-279
-249
-220
-178
-116
-71
-29
32
103
166
221
264
292
316
343
364
385
435
473
490
510
559
633
689
743
805
859
899
912
894
892
911
964
1004
1014
1034
1072
1107
1122
1119
1118
1157
1220
1262
1243
1166
1108
1090
1065
1024
964
916
889
858
808
729
656
617
602
551
457
363
297
247
156
55
7
-8
-42
-117
-179
-229
-295
-375
-465
-498
-522
-527
-545
-606
-620
-599
-584
-622
-696
-718
-687
-672
-689
-704
-683
-634
-575
-562
-559
-491
-392
-337
-359
-377
-370
-359
-336
-300
-249
-191
-144
-136
-139
-116
-84
-107
-153
-153
-107
-46
-48
-103
-127
-119
-93
-104
-179
-241
-223
-201
-228
-295
-349
-325
-292
-280
-307
-335
-338
-368
-401
-426
-461
-466
-481
-518
-526
-524
-517
-513
-484
-418
-380
-390
-422
-395
-343
-313
-281
-279
-269
-217
-136
-78
-50
6
65
114
135
152
187
202
211
233
306
399
441
469
492
501
545
586
578
560
600
658
618
537
487
513
571
566
559
543
504
471
435
435
464
482
459
423
423
440
451
414
373
374
366
324
247
202
261
319
319
253
175
138
101
156
224
234
192
103
47
35
63
60
49
142
288
327
266
216
221
217
215
254
266
297
324
209
59
45
94
45
-87
-192
-220
-234
-286
-332
-326
-276
-242
-280
-356
-392
-383
-429
-533
-586
-577
-564
-570
-588
-626
-670
-627
-531
-518
-525
-545
-562
-591
-629
-590
-605
-644
-633
-566
-488
-508
-498
-446
-366
-283
-376
-445
-394
-282
-158
-96
-70
-151
-161
-81
-93
-66
31
119
183
218
274
246
183
63
-22
37
98
167
49
-29
167
363
378
184
200
298
293
285
207
454
545
113
-379
-473
229
727
384
-231
-158
489
64
-928
-1054
-161
848
490
-678
-1162
-536
282
214
282
861
1223
884
141
92
463
635
573
604
1202
1248
661
109
124
531
274
-81
-76
219
529
326
243
430
633
680
420
499
655
738
622
293
575
987
750
172
18
291
139
26
-14
-216
-233
-456
-774
-1047
-1057
-916
-991
-878
-964
-1086
-1057
-1162
-869
-575
-493
-492
-551
-516
-669
-602
-414
-419
-225
29
322
342
260
308
184
113
38
94
218
300
466
595
951
1061
804
578
311
232
205
56
-205
-201
95
82
27
-91
-308
-328
-376
-617
-990
-950
-761
-712
-566
-581
-607
-550
-571
-667
-594
-424
-442
-474
-311
-132
-42
-110
-144
-41
-42
-278
-497
-387
59
797
1325
1290
1065
1132
1130
818
730
943
1266
1716
1884
1445
773
481
365
157
142
-37
-431
-617
-502
-603
-1063
-1315
-1336
-1368
-1419
-1332
-1166
-896
-437
-150
-213
-345
-442
-438
-365
-311
-257
-126
124
111
-4
28
25
0
-143
71
927
1733
1716
1371
1759
2103
1726
1438
1713
2481
3175
3157
2372
1746
1726
1176
287
-206
-526
-872
-888
-766
-1357
-2070
-2409
-2687
-3069
-3360
-3283
-2928
-2317
-1627
-1406
-1555
-1580
-1373
-1186
-1106
-987
-726
-444
-371
-482
-585
-667
-844
-850
-805
-955
-1040
-1035
-706
168
937
1033
961
1584
1983
1593
1375
1740
2669
3674
3986
3355
2710
2630
2033
1026
488
220
-3
29
278
-210
-1100
-1552
-1794
-2154
-2508
-2470
-2119
-1499
-768
-392
-409
-535
-345
-14
120
183
217
483
815
938
886
698
588
386
125
-37
-200
403
1463
1967
1939
2036
2465
2140
1551
1629
2184
2946
3438
3367
2759
2396
2142
1286
429
-149
-818
-1556
-1505
-1280
-1854
-2509
-2812
-3066
-3579
-3764
-3638
-3409
-2915
-2451
-2168
-2102
-1880
-1632
-1581
-1510
-1445
-1339
-1204
-877
-553
-473
-390
-446
-665
-1139
-1509
-1435
-888
373
1504
1903
2017
2550
2814
2329
2093
2238
2708
3293
3634
3358
2773
2507
1868
968
311
-394
-1197
-1566
-1150
-1120
-1754
-2248
-2547
-2950
-3528
-3678
-3481
-3023
-2273
-1572
-1058
-860
-691
-815
-1138
-1282
-1309
-1023
-639
-353
-128
124
257
-90
-495
-904
-1066
-112
1042
1690
2252
3121
3601
3172
2904
2930
3070
3659
4377
4508
4223
4194
3702
2644
1858
1177
176
-480
-166
83
-291
-620
-584
-921
-1615
-2133
-2498
-2581
-2280
-1765
-1281
-746
-367
-410
-716
-1024
-1379
-1763
-1801
-1681
-1560
-1211
-884
-659
-807
-1161
-1651
-1834
-910
144
779
1387
2589
3385
2908
2429
2438
2683
3200
3843
3809
3403
3558
3330
2273
1398
783
-325
-1119
-734
-629
-1134
-1222
-1068
-1494
-2251
-2689
-3059
-3327
-3215
-2791
-2342
-1899
-1525
-1407
-1550
-2014
-2621
-2911
-2913
-2793
-2581
-2154
-1718
-1745
-1974
-2383
-2772
-2202
-923
-164
81
1186
2560
2589
2163
2423
2986
3633
4404
4506
4030
3982
3939
3162
2434
1954
918
-76
-169
-326
-984
-1492
-1463
-1556
-1847
-2085
-2514
-2655
-2331
-1842
-1674
-1452
-996
-675
-653
-828
-1029
-1230
-1282
-1243
-1134
-867
-699
-666
-729
-885
-1291
-1453
-615
206
444
843
2098
3031
2878
2856
3243
3592
4131
4414
3881
3358
3698
3652
2733
2256
1754
376
-629
-559
-844
-1751
-1898
-1439
-1666
-2244
-2436
-2391
-2354
-2171
-1896
-1476
-966
-486
-140
-72
-248
-536
-637
-538
-600
-557
-256
-54
-48
-256
-569
-1223
-1435
-499
290
247
696
2002
2393
1888
1913
2136
2461
3355
3641
2915
2672
3218
2757
1652
1359
726
-565
-844
-470
-914
-1736
-1686
-1357
-1712
-2257
-2524
-2458
-2105
-1751
-1730
-1513
-1151
-950
-923
-1107
-1371
-1748
-1716
-1509
-1711
-1706
-1435
-1185
-1073
-1339
-1900
-2377
-1948
-940
-646
-598
422
1789
2008
1748
2009
2226
2599
3308
3280
2471
2456
2818
2206
1546
1286
544
-304
-186
66
-456
-851
-595
-550
-1008
-1544
-1811
-1852
-1583
-1248
-1199
-986
-518
-63
-158
-451
-718
-1327
-1644
-1614
-1687
-1804
-1670
-1358
-1257
-1304
-1856
-1888
-624
126
-321
-126
1332
1874
1336
1520
1917
2392
3248
3430
2804
2821
3404
2808
1978
1781
1161
168
106
451
-9
-554
-204
76
-153
-653
-940
-906
-841
-770
-771
-450
-190
24
283
185
-219
-472
-633
-1004
-1451
-1599
-1606
-1401
-1174
-1159
-1216
-1577
-1321
-311
172
-40
379
1871
2331
1802
1936
2253
2816
3818
4002
3343
3461
4022
2931
1719
1543
688
-645
-844
-363
-736
-1264
-956
-677
-911
-1533
-1937
-1959
-1902
-1756
-1604
-1402
-1217
-988
-946
-1018
-1034
-1254
-1604
-1902
-2163
-2130
-2074
-2079
-2108
-2195
-2512
-2828
-1920
-862
-814
-874
437
1807
1758
1631
2031
2386
2947
3519
3238
2819
3338
3542
2411
1677
1418
552
-275
-120
-200
-1005
-1299
-837
-895
-1287
-1533
-1603
-1593
-1456
-1336
-1211
-958
-856
-712
-655
-790
-1066
-1142
-1185
-1432
-1647
-1629
-1543
-1451
-1552
-1629
-2029
-2087
-1105
-291
-175
227
1812
2643
2166
2187
2591
2791
3261
3657
3138
2706
3280
2888
1791
1446
1135
154
-322
63
-211
-956
-949
-650
-918
-1353
-1473
-1306
-1171
-802
-481
-140
185
337
424
359
27
-508
-941
-1151
-1405
-1480
-1249
-989
-944
-1021
-1060
-1502
-1430
-674
-194
-95
674
1981
2146
1888
2123
2428
2837
3341
3221
2526
2503
2827
1895
934
710
281
-565
-818
-591
-1027
-1310
-933
-797
-943
-1103
-1021
-1060
-1041
-698
-538
-149
278
619
584
382
203
-249
-628
-975
-1350
-1398
-1393
-1413
-1563
-1574
-1849
-2213
-1642
-888
-798
-815
158
982
659
400
672
1030
1649
2197
2024
1794
2392
2196
1002
502
322
-624
-1325
-1029
-1069
-1648
-1454
-806
-838
-1093
-1099
-921
-990
-942
-741
-399
-169
-225
-160
-123
-335
-667
-909
-1101
-1401
-1512
-1448
-1447
-1395
-1551
-1645
-1894
-1876
-1181
-524
-330
145
1503
2245
2135
2426
2981
3395
3999
4218
3627
3384
3856
3169
1830
1411
1034
-39
-562
-277
-626
-1156
-836
-446
-685
-994
-1031
-1099
-1179
-1102
-1109
-1026
-665
-204
-70
-30
96
30
-207
-470
-864
-1186
-1414
-1554
-1731
-1817
-1916
-2339
-1925
-695
-90
-276
349
1711
1825
1470
1876
2263
2688
3268
3151
2392
2602
2941
1782
930
785
25
-1019
-794
-459
-1246
-1498
-884
-874
-1333
-1450
-1457
-1615
-1520
-1310
-1004
-310
306
641
1011
1246
824
415
180
-403
-967
-1022
-984
-1073
-1234
-1417
-1697
-1786
-1227
-334
-128
-357
513
1469
1028
509
867
1131
1520
2166
2095
1756
2661
3024
1764
1080
899
-278
-1283
-949
-1046
-1744
-1409
-632
-622
-786
-711
-604
-730
-832
-928
-655
-101
147
365
617
481
10
-275
-526
-1210
-1632
-1723
-1927
-1881
-1922
-2084
-2412
-2437
-1637
-742
-557
-615
660
1884
1436
1152
1683
2188
2745
3039
2628
2336
3052
2747
1573
1478
1351
134
-751
-413
-729
-1553
-1313
-852
-1121
-1419
-1342
-1171
-1130
-975
-963
-670
-357
-341
-239
-13
-91
-515
-749
-1031
-1590
-1974
-1816
-1584
-1465
-1567
-1683
-1753
-1528
-696
172
344
401
1526
2423
2175
2252
2993
3492
4180
4648
4158
3936
4583
4098
2864
2491
1935
589
-129
18
-589
-1296
-955
-499
-731
-1026
-1155
-1142
-1205
-1185
-1248
-1154
-977
-1054
-1019
-798
-669
-778
-928
-1058
-1426
-1850
-2070
-2324
-2445
-2738
-3053
-3424
-3174
-1969
-1152
-1114
-749
617
1261
904
1266
1995
2527
3182
3323
2863
3014
3662
2807
1831
1732
1011
-258
-425
-129
-775
-1157
-684
-635
-921
-1027
-981
-1021
-1098
-1164
-1244
-713
-350
-231
82
637
805
646
637
292
-345
-819
-1305
-1798
-2013
-2164
-2460
-2706
-2323
-1344
-556
-543
-203
1105
1636
1099
1251
1968
2467
3347
3774
3433
3631
4482
3658
2451
2242
1568
202
-342
-419
-1344
-1975
-1647
-1487
-1731
-1877
-1956
-1905
-1731
-1788
-2052
-1798
-1497
-1420
-1316
-812
-690
-715
-649
-767
-932
-1015
-1164
-1621
-1673
-1672
-2032
-2131
-1813
-1290
-616
-269
200
1201
2074
2111
2105
2569
2895
3627
4093
3627
3274
3812
3379
2179
1830
1513
456
-221
-37
-312
-911
-1009
-959
-1201
-1578
-1846
-1756
-1623
-1347
-1358
-1058
-533
-361
-441
-157
207
136
-179
-412
-584
-783
-1004
-1492
-1680
-1800
-2052
-2350
-2053
-1189
-419
-48
342
1212
1994
2040
2035
2329
2631
3245
3620
3294
3087
3703
3467
2602
2413
2168
1181
549
600
84
-666
-841
-964
-1165
-1289
-1560
-1649
-1438
-1199
-1418
-1208
-958
-1182
-1516
-1559
-1571
-1785
-1910
-1986
-2084
-2155
-2346
-2533
-2442
-2689
-3029
-3261
-2832
-1996
-1356
-1090
-417
1020
1572
1346
1801
2509
3054
3750
3959
3454
3455
4142
3438
2602
2362
1810
605
221
247
-391
-801
-553
-527
-753
-877
-924
-924
-973
-1068
-1446
-1277
-1185
-1409
-1427
-848
-514
-607
-596
-595
-837
-1128
-1648
-2226
-2450
-2685
-3019
-3122
-2909
-2363
-1414
-689
0
1036
1950
2061
2200
2622
2940
3718
4202
3746
3566
4442
4326
3369
3192
2961
1722
894
773
39
-796
-851
-752
-1177
-1550
-1797
-1743
-1626
-1573
-1734
-1522
-1204
-1400
-1603
-1191
-820
-838
-712
-427
-498
-780
-1106
-1578
-1725
-1868
-1910
-2041
-2125
-1778
-907
-207
107
905
1807
1993
2079
2379
2578
3451
4123
3827
3634
4511
4448
3413
3380
3173
1834
704
491
-192
-1198
-1386
-1364
-1583
-1690
-1835
-1795
-1678
-1572
-1890
-1796
-1721
-2176
-2414
-2006
-1588
-1801
-1907
-1661
-1432
-1387
-1696
-2252
-2362
-2462
-2777
-2914
-2974
-2989
-2236
-1110
-628
-111
1097
1726
1868
2442
2748
3193
3846
4060
3554
3925
4285
3385
2968
3065
2361
1241
1034
848
86
-298
-107
-349
-756
-1220
-1276
-1456
-1640
-1935
-2119
-1932
-2032
-2028
-1514
-953
-979
-1117
-962
-1011
-1265
-1538
-2064
-2297
-2403
-2657
-2752
-2433
-2140
-1408
-285
249
425
1505
2379
2500
2922
3310
3637
4116
4327
3746
3787
4429
3909
3309
3344
2815
1645
1246
1229
300
-528
-528
-579
-1020
-1419
-1266
-1231
-1308
-1415
-1482
-1263
-1440
-1820
-1914
-1520
-1482
-1783
-1693
-1695
-2052
-2328
-2724
-3009
-2941
-2926
-3260
-3409
-3396
-2910
-1659
-988
-833
280
1794
1939
2100
2862
3361
3979
4343
4091
4008
4708
4263
3295
3485
3234
1868
988
990
136
-1056
-980
-708
-1009
-1305
-1211
-1052
-1189
-1230
-1538
-1569
-1523
-1800
-1993
-1695
-1436
-1471
-1235
-971
-1026
-1032
-1166
-1486
-1808
-2091
-2446
-2821
-3201
-2977
-1705
-782
-510
469
2155
2703
2784
3379
3693
4067
4610
4297
3804
4343
4488
3474
3344
3563
2328
1041
840
224
-1429
-2088
-1883
-2170
-2399
-2354
-2281
-2234
-1931
-2029
-2194
-1859
-1846
-2039
-1752
-1323
-1311
-1108
-775
-1012
-1100
-1123
-1555
-1978
-2127
-2159
-2323
-2367
-2516
-1833
-695
-281
-106
839
2058
2380
2539
2874
3179
3870
4162
4099
4299
4899
4766
4049
3932
3314
1980
913
706
-65
-1465
-1733
-1533
-1748
-2056
-2107
-1787
-1686
-1691
-2121
-2029
-1670
-1907
-2102
-1760
-1285
-1299
-1242
-1021
-1146
-1418
-1831
-2124
-2317
-2652
-2935
-3145
-3241
-2827
-1618
-936
-797
277
1821
2365
2558
3166
3413
3829
4418
4365
4045
4711
5057
4181
3927
3880
2713
1349
1153
571
-809
-1286
-1142
-1497
-1879
-1921
-1863
-1808
-1567
-1811
-1809
-1597
-1786
-1956
-1521
-1066
-1108
-951
-821
-1176
-1427
-1618
-2248
-2749
-3026
-2979
-2795
-2737
-2927
-2191
-759
-73
164
1191
2388
2749
3147
3668
3975
4719
5306
4903
4593
5080
4849
3910
3878
3470
1986
957
984
257
-1143
-1495
-1328
-1642
-2154
-2368
-2404
-2527
-2483
-2420
-2298
-2164
-2212
-2113
-1817
-1435
-1326
-1242
-1373
-1749
-1983
-2197
-2436
-2700
-2869
-2795
-2530
-2498
-2132
-1055
-412
-247
785
2170
2463
2614
3354
3708
4196
4692
4466
4004
4331
4092
2944
2682
2640
1551
501
574
84
-1232
-1686
-1480
-1932
-2468
-2649
-2769
-3042
-2891
-2864
-2807
-2457
-2338
-2271
-1664
-1124
-1458
-1514
-1074
-1306
-1707
-1697
-1827
-2125
-2265
-2119
-1975
-1728
-1745
-1165
123
864
1112
1790
2856
3539
3938
4497
4849
5454
5874
5792
5629
5543
5261
4339
3896
3303
2179
1051
580
-26
-979
-1400
-1516
-1966
-2372
-2692
-2827
-2867
-2744
-2922
-2961
-2547
-2459
-2348
-2044
-1754
-1781
-1580
-1460
-1807
-1998
-2048
-2328
-2421
-2363
-2131
-2013
-2272
-1951
-836
-16
-25
608
2244
3044
3318
3996
4537
5060
5447
5302
4729
4743
4753
3655
2919
2778
1887
597
277
101
-1029
-1774
-1567
-1860
-2424
-2691
-2567
-2563
-2318
-2381
-2376
-1881
-1627
-1738
-1378
-660
-827
-1038
-978
-1144
-1680
-2133
-2562
-2938
-2992
-3208
-3462
-3124
-3054
-2966
-2075
-931
-386
49
1156
2274
2913
3236
3530
4005
4597
4562
4111
4012
4209
3594
2701
2483
2041
921
224
12
-926
-2044
-2254
-2272
-2868
-3135
-2816
-2410
-2167
-1865
-1491
-952
-633
-641
-508
-288
-174
-304
-360
-440
-750
-881
-1090
-1258
-1378
-1471
-1527
-1590
-1647
-1461
-737
-103
44
817
2345
3158
3366
3904
4726
5420
5732
5387
4869
4910
4762
3708
2978
2524
1568
654
455
-115
-1333
-2119
-2205
-2790
-3439
-3639
-3504
-3373
-3248
-3082
-2727
-2138
-1846
-1757
-1289
-653
-629
-755
-727
-773
-1132
-1395
-1490
-1556
-1822
-1961
-1998
-1988
-2027
-1989
-1324
-369
355
795
1907
3478
3918
3846
4409
4998
5164
4958
4842
4388
4297
4007
3316
2784
2339
1636
694
98
-776
-1973
-2678
-3248
-3954
-4328
-4184
-3723
-3584
-3242
-2693
-2128
-1755
-1578
-1492
-1336
-1288
-1408
-1726
-1857
-1932
-2037
-2107
-2042
-1969
-2037
-2033
-2063
-2219
-1897
-933
-471
-511
592
2391
2819
2907
3882
4708
5246
5582
5128
4548
4966
4624
3051
2510
2464
1447
322
163
-505
-1796
-2109
-2125
-2727
-3251
-3183
-2861
-2758
-2252
-1884
-1433
-698
-441
-445
-95
222
-101
-452
-448
-689
-1051
-1287
-1593
-1858
-2193
-2634
-2891
-2929
-3182
-3228
-2453
-1282
-533
193
1703
3346
4099
4340
4999
5676
5935
5721
5118
4700
4699
4226
3337
2900
2615
1694
866
521
-500
-1785
-2382
-2776
-3469
-3784
-3401
-3116
-2868
-2086
-1437
-948
-538
-191
28
132
41
-372
-584
-658
-1008
-1412
-1620
-1939
-2185
-2378
-2654
-3013
-3306
-3176
-2377
-1439
-1024
-304
1522
3006
3496
4164
4798
5242
5833
5821
4957
4733
5222
4422
3304
3133
2616
1344
433
-71
-1338
-2662
-3247
-3861
-4566
-4766
-4452
-4107
-3697
-3072
-2596
-2039
-1543
-1374
-1253
-915
-955
-1267
-1228
-1248
-1530
-1646
-1637
-1759
-1897
-2000
-2313
-2570
-2618
-2721
-2198
-1087
-188
373
1402
3059
4111
4284
4666
5185
5608
5675
5281
4738
4546
4547
3684
3062
2706
1718
583
209
-570
-2081
-2896
-3180
-3812
-4159
-3904
-3446
-3054
-2436
-1812
-1302
-822
-758
-766
-718
-671
-1076
-1412
-1515
-1641
-1801
-2003
-2259
-2491
-2596
-2783
-3035
-2968
-2810
-2382
-1232
-209
468
1491
3384
4559
4752
5247
5646
5972
6379
6089
5316
5244
5699
4588
3413
3232
2394
1004
58
-439
-1617
-2699
-2970
-3384
-3758
-3664
-3225
-2616
-2015
-1280
-797
-218
171
134
153
290
98
-369
-495
-629
-981
-1233
-1697
-2174
-2547
-2847
-3235
-3363
-3222
-3255
-2626
-1486
-649
105
1379
2885
3609
3785
4193
4583
4990
4829
4297
4133
4287
3857
2787
2441
2051
839
-255
-720
-1752
-3128
-3642
-3929
-4418
-4407
-3942
-3484
-3072
-2463
-1913
-1175
-471
-493
-412
-23
62
-419
-630
-695
-1149
-1369
-1447
-1802
-2066
-2222
-2365
-2481
-2202
-2028
-2052
-1054
-60
198
844
2547
3738
3760
4158
4814
5075
5325
4940
4081
3842
4237
3304
2129
1962
1216
-194
-843
-1072
-2391
-3223
-3069
-3372
-3670
-3258
-2620
-2198
-1689
-998
-630
-10
99
-88
167
424
80
-516
-549
-720
-1163
-1446
-1904
-2240
-2339
-2535
-2706
-2623
-2416
-2593
-1966
-754
-182
344
1778
3504
4160
4502
5236
5659
5992
5924
5274
4747
4806
4499
3070
2457
2211
1152
-1
-503
-1292
-2684
-3129
-3115
-3717
-3951
-3583
-3132
-2929
-2403
-1896
-1515
-954
-813
-807
-437
-112
-400
-577
-406
-563
-859
-1035
-1419
-1570
-1558
-1644
-1892
-1814
-1677
-1856
-1312
-262
424
808
1748
3202
3771
3840
4172
4569
4952
4888
4321
3745
3861
3618
2316
1711
1370
238
-915
-1276
-1887
-2964
-3299
-3276
-3634
-3738
-3381
-3048
-2879
-2457
-1894
-1292
-829
-740
-561
-168
-123
-548
-667
-583
-812
-1188
-1607
-2018
-2199
-2230
-2460
-2668
-2408
-2287
-2086
-1391
-651
-192
330
1591
2793
3271
3613
4058
4544
4835
4925
4670
4374
4456
4098
3089
2451
1898
831
-96
-459
-1191
-2143
-2387
-2606
-3236
-3498
-3114
-2782
-2548
-2052
-1648
-1235
-824
-599
-377
-85
114
-41
-99
-196
-576
-870
-1067
-1330
-1595
-1695
-1654
-1637
-1574
-1544
-1472
-822
25
482
802
1902
3245
3768
4148
4710
5060
5435
5624
5014
4400
4562
4273
2962
2250
1835
634
-604
-1150
-1982
-3107
-3497
-3643
-4107
-4260
-3957
-3684
-3456
-2827
-2263
-1847
-1229
-839
-789
-637
-512
-679
-627
-455
-628
-880
-984
-1290
-1664
-1933
-2200
-2272
-2001
-1831
-1862
-1477
-507
212
463
1245
2828
3706
3818
4205
4745
5118
5317
4932
4277
4336
4339
3068
2056
1793
905
-329
-985
-1571
-2615
-3233
-3265
-3516
-3757
-3547
-3109
-2701
-2288
-1715
-1125
-438
-69
-78
38
214
131
-68
-47
-215
-577
-779
-1110
-1439
-1751
-2083
-2170
-2122
-2156
-2297
-2025
-1152
-398
42
686
1953
3019
3306
3624
4012
4448
4883
4608
3941
3867
4097
3237
2219
1968
1180
-117
-889
-1517
-2570
-3290
-3342
-3702
-3976
-3703
-3350
-2933
-2316
-1606
-1177
-471
245
246
193
591
694
279
24
1
-296
-593
-820
-1125
-1298
-1577
-1873
-1948
-1928
-1991
-1991
-1248
-128
414
921
2174
3693
4154
4142
4665
5127
5406
5273
4500
3999
4310
3767
2152
1587
1341
81
-1183
-1635
-2396
-3484
-3727
-3787
-4110
-3900
-3399
-3086
-2691
-1906
-1324
-859
-329
-200
-311
-156
-83
-496
-797
-937
-1379
-1804
-1843
-2165
-2486
-2400
-2332
-2477
-2538
-2252
-2026
-1811
-978
140
843
1361
2826
4409
4683
4771
5457
5881
5894
5629
4941
4396
4292
3616
2207
1686
1277
-21
-1114
-1459
-2053
-2985
-3237
-3123
-3283
-3397
-3115
-2493
-2041
-1693
-1304
-762
-201
-12
-89
-80
-263
-688
-1059
-1458
-1904
-2121
-2280
-2504
-2376
-2240
-2302
-2230
-1838
-1641
-1415
-1039
-322
739
1405
1815
2926
4270
4562
4746
5452
5774
5604
5151
4433
3812
3575
2765
1414
834
355
-670
-1449
-1767
-2428
-3146
-3197
-3216
-3486
-3316
-2818
-2468
-2112
-1517
-1119
-836
-435
-334
-441
-524
-644
-926
-1242
-1510
-1696
-1713
-1772
-1868
-1708
-1488
-1569
-1537
-1398
-1323
-1070
-945
-419
704
1486
1874
2844
4130
4381
4421
4956
5080
4872
4554
3912
3189
2972
2471
1354
938
736
4
-621
-935
-1513
-2241
-2415
-2529
-2807
-2668
-2428
-2176
-1721
-1349
-1260
-1107
-747
-856
-1292
-1418
-1586
-1967
-2185
-2075
-1971
-1978
-1933
-1845
-1548
-1272
-1327
-1375
-1111
-823
-650
-620
-113
881
1433
1667
2616
3893
4175
4242
4790
4842
4646
4542
3832
2926
2892
2730
1497
889
915
176
-761
-1131
-1557
-2298
-2568
-2543
-2850
-2991
-2902
-2750
-2554
-2210
-1995
-1799
-1347
-1284
-1356
-1068
-953
-1326
-1519
-1291
-1239
-1371
-1314
-1090
-732
-530
-485
-371
-108
105
269
414
699
1426
1983
2202
2779
3845
4287
4191
4389
4556
4394
4196
3639
2875
2672
2563
1529
632
450
-89
-938
-1295
-1471
-2097
-2520
-2481
-2743
-3191
-3266
-3174
-3143
-3176
-3088
-2791
-2295
-2087
-2023
-1665
-1407
-1503
-1431
-1187
-1230
-1311
-1227
-1187
-1157
-986
-851
-724
-450
-260
-107
-21
-183
128
1024
1465
1568
2466
3594
3829
4045
4579
4683
4761
4924
4410
3636
3534
3162
2054
1511
1492
820
-79
-370
-969
-1930
-2309
-2547
-3156
-3434
-3329
-3392
-3567
-3334
-3009
-2634
-2153
-2082
-2083
-1730
-1482
-1645
-1621
-1371
-1216
-1111
-963
-863
-672
-393
-254
-249
-121
18
19
-239
-412
111
755
867
1312
2598
3560
3873
4188
4469
4463
4731
4554
3572
3138
3360
2741
1667
1573
1413
353
-477
-895
-1738
-2636
-2963
-3288
-3725
-3789
-3778
-3694
-3348
-2899
-2494
-1843
-1334
-1265
-1032
-685
-771
-845
-659
-540
-437
-300
-282
-180
272
384
169
99
151
-49
-290
-541
-559
168
917
1129
1632
2914
3682
3726
4041
4433
4511
4525
4045
3263
2970
2903
1829
838
743
255
-715
-1357
-1877
-2792
-3341
-3482
-4038
-4461
-4269
-4051
-3804
-3454
-2999
-2486
-1856
-1497
-1371
-969
-625
-642
-513
-188
76
136
202
302
383
393
98
-87
-56
-163
-326
-184
-158
-7
892
1817
2127
2615
3783
4472
4457
4600
4674
4624
4652
4111
3198
2797
2619
1541
365
36
-601
-1802
-2610
-3046
-3917
-4649
-4810
-5158
-5396
-5024
-4483
-4082
-3690
-3071
-2535
-1963
-1548
-1384
-916
-549
-460
-261
28
270
437
572
539
545
649
468
279
175
67
33
171
229
336
1160
1905
2049
2455
3503
4320
4382
4536
4751
4763
4842
4458
3540
3023
3041
2179
809
382
-66
-1206
-2019
-2225
-2756
-3413
-3516
-3543
-3685
-3606
-3488
-3236
-2848
-2549
-2331
-1954
-1584
-1551
-1390
-959
-691
-558
-310
65
377
550
604
537
559
501
308
116
-10
13
68
72
71
572
1388
1752
1999
2734
3464
3561
3484
3516
3496
3533
3165
2396
2000
2019
1444
332
-111
-311
-977
-1732
-2161
-2688
-3254
-3453
-3619
-3958
-3903
-3643
-3484
-3257
-2907
-2641
-2335
-1770
-1563
-1460
-994
-547
-424
-327
-59
218
405
530
613
815
872
730
699
665
577
548
620
562
675
1232
1602
1610
2015
2860
3179
3022
3080
3207
3320
3270
2675
2057
2053
1914
869
159
1
-697
-1555
-1892
-2306
-2903
-3075
-3149
-3525
-3638
-3420
-3313
-3097
-2795
-2640
-2402
-1808
-1530
-1566
-1107
-441
-156
39
410
728
941
1260
1452
1440
1484
1406
1245
1088
904
707
692
647
432
631
1166
1274
1223
1836
2487
2410
2376
2702
2877
3021
2895
2381
2079
2216
1776
730
329
38
-829
-1427
-1685
-2316
-2954
-3029
-3088
-3596
-3843
-3710
-3548
-3506
-3381
-3064
-2665
-2264
-1976
-1587
-1008
-460
-12
473
945
1401
1795
2040
2072
2075
2104
2025
1752
1388
1078
862
765
519
280
555
853
785
966
1703
2269
2380
2630
2876
3062
3244
2981
2448
2333
2311
1562
819
641
108
-830
-1356
-1784
-2642
-3335
-3502
-3957
-4558
-4745
-4777
-4785
-4734
-4499
-4130
-3548
-3075
-2700
-1935
-1034
-479
-2
607
1065
1290
1567
1693
1627
1657
1564
1322
1025
771
459
211
53
-207
-173
233
394
414
940
1793
2150
2325
2776
3119
3376
3557
3210
2837
2980
2849
1920
1328
1164
438
-390
-823
-1444
-2323
-2779
-3073
-3618
-3930
-3938
-3988
-3830
-3488
-3155
-2695
-1940
-1217
-713
-16
746
1311
1782
2181
2464
2585
2629
2421
2081
1809
1392
891
395
-128
-577
-837
-1077
-1434
-1413
-936
-607
-463
33
1019
1589
1785
2175
2626
3023
3157
2963
2750
2730
2521
1707
1100
741
15
-819
-1433
-2069
-2941
-3464
-3778
-4206
-4469
-4450
-4227
-3867
-3524
-3049
-2294
-1443
-861
-261
716
1421
1706
2082
2519
2732
2624
2510
2263
1890
1536
1002
549
135
-335
-641
-784
-1031
-1344
-1006
-332
-141
119
889
1783
2190
2459
2861
3119
3444
3341
2821
2548
2550
2049
993
412
-108
-1060
-1891
-2609
-3438
-4151
-4475
-4745
-5103
-5007
-4792
-4471
-3947
-3404
-2726
-1904
-996
-274
527
1488
2053
2468
2870
3119
3106
2842
2635
2244
1787
1136
395
-68
-573
-1072
-1377
-1458
-1463
-1484
-1169
-579
3
503
1159
2123
2733
3069
3447
3688
3829
3890
3448
2678
2354
2028
988
88
-443
-1373
-2361
-2927
-3520
-4401
-4843
-4899
-5111
-5157
-4850
-4382
-3871
-3201
-2361
-1507
-582
241
1010
1725
2285
2659
2926
3073
2849
2492
2239
1897
1392
858
395
-25
-356
-629
-879
-860
-684
-577
-246
463
1039
1374
2046
3026
3680
3974
4144
4143
4160
4074
3320
2471
2197
1735
638
-217
-766
-1646
-2518
-2945
-3466
-4118
-4333
-4237
-4183
-4076
-3773
-3292
-2604
-1951
-1379
-677
74
509
856
1377
1632
1542
1551
1576
1305
928
561
131
-336
-715
-1038
-1346
-1601
-1740
-1747
-1613
-1479
-1329
-889
-142
550
991
1492
2368
3063
3205
3276
3406
3384
3141
2752
2041
1381
1026
426
-438
-1006
-1485
-2068
-2444
-2614
-2961
-3165
-2960
-2770
-2631
-2393
-2053
-1576
-1076
-703
-351
133
583
777
981
1205
1286
1146
909
721
537
199
-255
-584
-813
-1074
-1342
-1490
-1492
-1488
-1338
-1025
-763
-460
109
875
1327
1573
2082
2729
3024
2886
2777
2865
2876
2652
2062
1541
1328
933
256
-204
-419
-838
-1219
-1317
-1548
-1816
-1734
-1583
-1650
-1535
-1227
-1022
-818
-563
-294
-57
91
151
244
369
396
336
306
229
203
185
43
-85
-119
-113
-259
-434
-440
-400
-315
-144
-35
123
344
763
1164
1281
1430
1786
2073
1971
1908
1991
1862
1788
1587
995
583
433
52
-596
-965
-1293
-1767
-1915
-1996
-2182
-2231
-2153
-2081
-2070
-1964
-1912
-1738
-1449
-1342
-1158
-809
-506
-415
-208
167
338
383
490
591
697
762
735
562
560
640
417
167
25
-73
-208
-276
-251
-218
-27
378
644
723
995
1503
1678
1610
1699
1751
1720
1726
1453
978
849
775
221
-327
-461
-765
-1199
-1302
-1399
-1717
-1800
-1750
-1909
-2073
-2023
-1955
-1877
-1736
-1590
-1266
-899
-720
-498
-84
166
224
454
684
675
726
826
765
649
571
484
320
125
-72
-158
-107
-101
-41
117
309
634
973
1149
1392
1852
2135
2145
2307
2378
2292
2336
2197
1701
1393
1383
902
208
40
-64
-421
-672
-880
-1235
-1452
-1510
-1757
-1981
-2029
-2079
-1956
-1697
-1643
-1520
-1028
-597
-499
-291
100
301
415
407
370
421
372
98
-171
-200
-369
-616
-691
-824
-963
-951
-850
-870
-895
-621
-196
142
390
803
1359
1710
1903
2077
2186
2282
2272
1973
1625
1482
1253
741
408
238
-133
-430
-584
-875
-1223
-1363
-1510
-1816
-1954
-2030
-2064
-1920
-1755
-1551
-1147
-730
-493
-218
136
318
420
538
451
377
465
442
189
-17
-77
-163
-315
-543
-669
-633
-633
-672
-522
-351
-227
126
496
694
1023
1550
1847
2042
2339
2436
2462
2598
2426
1939
1758
1635
1024
403
147
-209
-688
-982
-1256
-1493
-1668
-1904
-2136
-2195
-2190
-2209
-2015
-1823
-1766
-1483
-1007
-717
-515
-151
225
424
521
544
609
692
617
493
426
303
115
-49
-223
-379
-480
-551
-562
-362
-270
-203
200
567
672
945
1471
1702
1745
1942
2050
2018
1955
1721
1455
1376
1122
566
212
-16
-455
-847
-1077
-1415
-1679
-1725
-1826
-1969
-1935
-1837
-1668
-1371
-1210
-1125
-766
-371
-257
-60
307
555
692
796
845
952
1047
939
827
792
608
364
234
45
-203
-282
-293
-421
-471
-356
-182
128
444
574
797
1195
1349
1307
1395
1441
1307
1180
967
655
524
430
40
-327
-491
-840
-1291
-1518
-1775
-2140
-2346
-2403
-2472
-2488
-2349
-2149
-1897
-1666
-1411
-1020
-620
-344
-70
343
716
869
1012
1191
1322
1363
1297
1207
1108
1013
815
568
370
191
66
25
57
104
218
443
728
965
1034
1210
1517
1651
1600
1620
1683
1597
1517
1346
1006
751
618
269
-118
-294
-569
-963
-1223
-1460
-1787
-1962
-2002
-2119
-2171
-2072
-2015
-1900
-1589
-1305
-1044
-639
-259
-68
149
439
608
657
751
773
677
597
444
221
-2
-153
-344
-586
-700
-714
-769
-793
-659
-486
-361
-76
296
570
842
1244
1620
1785
1936
2125
2170
2166
2150
1926
1645
1441
1125
706
356
13
-439
-881
-1186
-1483
-1778
-1983
-2111
-2201
-2169
-2029
-1865
-1624
-1377
-1093
-670
-295
-56
217
533
703
720
744
771
720
627
520
379
177
-29
-161
-292
-458
-582
-578
-548
-528
-395
-211
-54
201
514
783
1087
1436
1647
1788
1969
1999
1881
1839
1707
1354
1108
910
482
-24
-349
-698
-1095
-1350
-1639
-1912
-1964
-1955
-1990
-1846
-1618
-1484
-1232
-911
-695
-399
22
295
439
681
844
848
844
765
588
433
251
-42
-315
-511
-754
-1002
-1147
-1235
-1247
-1200
-1098
-880
-591
-386
-78
422
821
1081
1467
1851
1959
2006
2128
2170
2133
2045
1761
1461
1227
825
341
17
-269
-664
-950
-1156
-1419
-1575
-1613
-1630
-1546
-1376
-1263
-1088
-780
-547
-381
-96
132
216
376
517
509
472
455
297
114
17
-185
-475
-682
-821
-1006
-1143
-1165
-1106
-1017
-882
-644
-335
-97
184
616
959
1181
1461
1784
1948
1989
2009
1956
1856
1680
1364
1119
925
545
101
-169
-439
-871
-1107
-1194
-1426
-1583
-1519
-1481
-1442
-1241
-999
-804
-536
-315
-215
-18
197
278
345
423
325
194
154
24
-209
-405
-614
-860
-999
-1091
-1184
-1166
-1100
-994
-787
-558
-367
-46
403
656
950
1450
1779
1940
2224
2507
2514
2466
2447
2260
2002
1746
1390
1020
743
367
-49
-326
-656
-1013
-1185
-1292
-1480
-1542
-1497
-1533
-1484
-1220
-1001
-837
-545
-306
-196
-37
120
153
141
107
-13
-119
-247
-470
-570
-633
-859
-1056
-1064
-1148
-1301
-1227
-1068
-975
-800
-587
-366
-71
170
378
717
1031
1089
1211
1514
1560
1408
1441
1503
1320
1097
960
726
473
258
-58
-269
-383
-610
-814
-813
-795
-856
-790
-646
-579
-466
-271
-149
-20
174
319
397
468
494
457
396
299
168
42
-147
-345
-448
-575
-729
-749
-739
-798
-777
-691
-616
-511
-291
-74
152
420
579
767
1037
1181
1167
1264
1391
1277
1169
1227
1143
901
809
704
418
190
46
-178
-382
-494
-641
-714
-683
-749
-819
-697
-619
-685
-640
-495
-493
-478
-318
-271
-326
-293
-238
-330
-387
-404
-480
-517
-547
-589
-596
-564
-538
-498
-368
-227
-124
22
184
342
484
648
838
971
1075
1171
1244
1263
1232
1202
1136
1013
884
709
495
336
206
23
-168
-276
-371
-513
-634
-686
-732
-759
-761
-737
-685
-608
-572
-543
-457
-415
-410
-340
-260
-298
-322
-292
-332
-426
-473
-487
-503
-537
-575
-601
-599
-569
-518
-381
-252
-156
-40
130
273
370
561
737
790
898
1092
1223
1250
1295
1360
1324
1250
1204
1142
1023
937
846
684
537
420
281
167
60
-53
-138
-219
-335
-444
-472
-538
-652
-692
-710
-835
-985
-1025
-1054
-1162
-1224
-1222
-1287
-1411
-1474
-1479
-1516
-1519
-1430
-1331
-1273
-1141
-909
-709
-554
-305
-34
166
375
648
900
1092
1291
1490
1675
1788
1865
1933
1961
1906
1835
1789
1700
1552
1420
1292
1120
913
770
676
505
315
212
141
-28
-198
-286
-384
-506
-586
-621
-651
-714
-763
-804
-852
-916
-981
-1042
-1117
-1204
-1273
-1248
-1220
-1198
-1158
-1051
-912
-836
-739
-568
-405
-303
-165
4
125
234
405
536
621
725
782
753
749
774
703
661
680
632
577
616
572
441
421
400
264
185
197
116
-9
9
32
-28
-23
-39
-119
-203
-297
-445
-556
-637
-784
-887
-940
-1025
-1100
-1107
-1122
-1157
-1135
-1075
-1019
-872
-696
-559
-392
-200
-1
234
465
640
816
1014
1141
1231
1360
1415
1399
1428
1458
1446
1419
1398
1348
1257
1146
991
852
723
578
481
416
317
202
136
44
-77
-168
-236
-315
-407
-505
-636
-755
-831
-879
-941
-1018
-1099
-1158
-1225
-1300
-1375
-1391
-1391
-1422
-1376
-1283
-1183
-1096
-959
-774
-611
-455
-289
-122
41
204
396
617
762
852
970
1062
1078
1100
1152
1169
1181
1222
1229
1162
1104
1066
986
902
838
765
648
521
412
317
224
105
-4
-77
-157
-293
-406
-458
-558
-678
-737
-797
-889
-964
-969
-983
-1016
-1010
-979
-971
-956
-895
-806
-719
-621
-496
-379
-294
-234
-115
1
95
210
340
427
479
567
687
775
800
810
844
890
905
889
902
903
835
791
777
713
603
562
539
413
299
206
81
-50
-167
-293
-451
-574
-699
-830
-892
-966
-1050
-1093
-1141
-1199
-1205
-1132
-1107
-1103
-1017
-964
-910
-806
-661
-516
-388
-259
-126
33
195
312
447
582
646
726
831
889
896
957
1037
1025
1019
1047
1021
936
894
877
807
762
737
702
629
557
511
434
333
235
181
131
32
-62
-111
-168
-257
-311
-336
-418
-532
-568
-591
-678
-748
-747
-771
-865
-916
-910
-927
-968
-945
-869
-839
-788
-674
-567
-501
-411
-282
-164
-94
-2
158
284
375
494
645
756
807
897
997
1015
999
1035
1072
1019
957
926
851
735
627
554
475
387
348
280
157
26
-72
-171
-321
-453
-556
-673
-781
-838
-877
-965
-1015
-1001
-1026
-1067
-1064
-1034
-1016
-991
-937
-880
-803
-698
-587
-465
-361
-239
-96
46
160
253
376
471
544
659
766
826
868
923
919
875
888
901
853
817
821
762
644
570
509
402
307
263
194
80
-1
-34
-70
-148
-210
-234
-266
-336
-394
-375
-406
-485
-488
-457
-535
-614
-607
-627
-686
-655
-576
-568
-584
-543
-480
-461
-441
-389
-318
-247
-168
-52
68
165
277
398
486
528
602
685
682
696
786
852
837
826
852
799
695
640
598
501
421
416
409
339
268
258
218
128
79
71
35
-77
-149
-166
-230
-305
-341
-361
-432
-501
-525
-585
-638
-664
-678
-711
-739
-736
-758
-751
-738
-698
-635
-603
-546
-467
-366
-300
-254
-189
-157
-106
-44
33
94
128
221
289
315
336
383
408
402
460
496
472
451
423
400
376
359
345
359
358
303
299
324
293
217
167
117
42
15
27
12
-18
-44
-65
-96
-140
-170
-168
-181
-231
-246
-223
-250
-278
-256
-235
-232
-204
-138
-123
-138
-123
-91
-72
-63
-12
57
107
134
175
220
229
230
256
264
233
229
249
219
155
147
159
150
150
174
174
130
100
86
53
3
-9
-23
-66
-110
-89
-84
-151
-184
-183
-222
-298
-299
-297
-385
-468
-486
-508
-572
-591
-540
-545
-583
-519
-403
-365
-379
-295
-203
-187
-141
-38
56
80
150
275
350
375
434
536
579
585
662
739
726
682
708
703
616
583
596
582
515
507
518
468
415
381
341
256
175
153
118
45
-2
-32
-67
-122
-167
-217
-285
-350
-395
-437
-496
-524
-539
-572
-599
-599
-600
-613
-598
-572
-572
-584
-592
-582
-562
-536
-480
-427
-384
-325
-266
-223
-194
-104
-11
27
94
165
216
251
297
371
406
441
494
520
530
541
570
574
557
555
542
483
406
362
316
222
149
137
89
4
-37
-50
-141
-219
-215
-224
-277
-315
-306
-325
-374
-377
-338
-329
-315
-280
-236
-216
-219
-179
-121
-102
-102
-62
-41
-74
-68
-6
1
5
71
132
142
154
207
239
250
277
338
376
380
405
428
432
438
445
459
434
404
374
321
258
190
136
64
-25
-106
-168
-234
-319
-367
-410
-484
-542
-554
-570
-616
-609
-570
-570
-562
-526
-475
-424
-385
-319
-231
-154
-107
-66
9
65
78
93
124
156
169
216
291
325
345
392
443
457
476
514
548
563
575
599
618
600
581
581
545
477
426
354
259
184
127
50
-50
-126
-192
-290
-396
-453
-496
-565
-615
-636
-644
-668
-681
-636
-623
-637
-611
-550
-533
-541
-492
-433
-422
-397
-319
-274
-255
-208
-139
-94
-72
-20
42
72
105
170
241
273
293
377
435
461
521
597
644
659
706
734
697
673
690
676
607
566
516
419
323
248
178
66
-42
-98
-164
-240
-302
-343
-385
-449
-459
-462
-496
-511
-472
-438
-443
-410
-366
-346
-345
-308
-244
-237
-244
-194
-143
-150
-151
-86
-25
-18
-4
27
31
26
60
119
141
171
235
288
314
343
375
386
391
399
420
429
407
360
313
262
203
163
99
58
40
-22
-106
-142
-158
-208
-270
-268
-263
-314
-344
-317
-272
-280
-279
-235
-210
-211
-206
-148
-124
-160
-143
-95
-83
-79
-28
30
32
57
115
137
142
170
201
201
196
228
273
277
278
294
288
244
207
186
151
109
81
77
38
-11
-24
-45
-89
-123
-127
-164
-212
-214
-210
-236
-268
-264
-237
-224
-193
-142
-134
-140
-106
-53
-34
-26
-17
-30
-45
-46
-14
12
16
15
21
10
-16
-18
-11
-15
-23
-15
-22
-41
-27
-2
13
34
72
95
94
119
153
159
167
193
225
226
212
209
177
144
143
156
140
109
94
75
30
-39
-39
-37
-96
-125
-134
-163
-209
-207
-160
-164
-169
-156
-148
-159
-150
-79
-43
-44
-10
31
32
-8
6
43
24
23
48
51
15
-2
35
37
-1
-8
15
-5
-45
-12
8
-31
-45
-15
-3
-34
-8
46
63
72
111
135
119
128
148
155
158
171
192
188
158
155
147
102
56
53
39
-11
-26
-26
-60
-101
-98
-108
-162
-183
-162
-187
-225
-203
-173
-183
-194
-163
-142
-143
-127
-62
-20
-35
3
59
42
14
52
86
49
20
56
56
8
-2
25
4
-40
-6
41
21
-44
-44
-34
-96
-111
-43
-12
-48
-35
34
27
3
74
148
154
145
184
202
163
154
197
197
129
112
142
92
36
60
59
-3
-33
-23
-57
-134
-172
-151
-171
-212
-206
-177
-196
-230
-192
-164
-173
-148
-82
-54
-61
-21
15
6
-5
30
58
56
67
89
96
70
62
66
53
39
61
73
28
-5
4
-12
-23
-2
-1
-18
-25
-21
-24
-18
9
47
48
43
85
109
79
86
140
143
106
122
148
117
92
112
147
117
69
86
77
1
-16
18
2
-45
-31
32
0
-27
13
8
-41
-73
-48
-46
-89
-78
-28
-51
-107
-68
-27
-78
-114
-72
-80
-135
-129
-86
-81
-100
-89
-73
-96
-137
-122
-82
-108
-117
-75
-61
-76
-64
-32
-40
-52
-33
-9
-20
-36
-2
31
44
66
89
87
90
102
104
113
121
133
150
145
142
137
130
137
157
162
133
123
106
73
64
82
83
46
28
28
-12
-38
-35
-44
-71
-104
-97
-108
-157
-164
-123
-144
-201
-189
-161
-211
-234
-169
-153
-179
-177
-128
-103
-128
-101
-45
-30
-45
-13
13
-11
-1
66
85
78
106
139
161
140
153
183
149
115
143
151
111
133
200
198
154
169
176
114
86
102
86
33
18
24
-3
-32
-27
9
-13
-60
-48
-49
-117
-165
-117
-96
-136
-132
-118
-121
-118
-90
-57
-62
-84
-76
-75
-87
-70
-29
-22
-23
17
40
40
74
128
147
130
125
136
114
96
154
190
157
130
125
92
30
15
31
16
-21
-31
-18
-60
-120
-109
-107
-139
-138
-133
-148
-192
-207
-192
-198
-193
-164
-136
-127
-107
-69
-67
-65
-41
-24
-26
-11
45
77
66
80
113
91
57
85
94
56
56
106
137
117
113
129
115
78
82
110
74
66
102
96
55
38
64
37
-18
-19
0
-6
-43
-39
-11
-46
-117
-119
-93
-133
-153
-104
-83
-105
-79
-31
-47
-88
-64
-30
-33
-12
17
41
40
12
9
43
44
38
87
103
81
69
58
48
24
20
41
52
53
26
10
10
-4
-7
16
37
20
0
-4
-22
-38
-58
-60
-66
-89
-75
-70
-87
-82
-39
-9
-5
3
10
-10
-43
-41
-36
-34
-19
-23
-12
4
-3
15
33
32
41
60
66
50
50
48
54
71
86
113
95
80
87
67
61
79
92
96
78
82
85
71
65
57
49
23
-3
-17
-28
-24
-23
-25
-17
-30
-65
-89
-83
-102
-129
-123
-121
-145
-188
-204
-199
-192
-184
-167
-123
-125
-120
-77
-55
-60
-40
12
25
27
52
72
53
38
60
77
87
79
64
42
21
40
75
84
87
107
113
84
61
72
68
52
49
68
68
37
63
101
87
48
43
27
-19
-34
-29
-50
-91
-73
-36
-59
-97
-71
-45
-74
-68
-16
16
3
-6
43
46
-15
-27
-11
-22
-42
-6
29
3
-19
5
21
-5
-13
-3
-10
-40
-41
-7
12
10
-3
-4
-31
-66
-42
-28
-51
-65
-50
-31
-25
-5
29
52
61
75
71
40
24
15
6
32
82
89
91
99
89
55
25
30
46
39
44
49
26
-17
-57
-58
-61
-63
-39
-19
-26
-51
-63
-61
-90
-111
-88
-62
-50
-56
-37
-33
-47
-30
-2
16
11
30
58
43
37
46
43
29
11
34
71
52
44
60
52
27
15
21
-1
-31
-20
-16
-11
29
65
80
58
56
45
19
9
-2
12
19
8
1
4
-20
-52
-48
-23
-29
-41
4
19
-6
-29
-23
-10
-35
-32
-35
-52
-63
-79
-62
-57
-51
-16
10
1
-26
-34
-46
-66
-88
-94
-90
-93
-77
-41
-19
-10
32
44
18
-9
-18
-37
-78
-49
17
49
61
85
97
68
45
55
61
39
27
57
61
36
38
58
64
57
72
104
115
75
39
37
10
-22
-7
41
39
-1
7
2
-16
-11
-17
-21
-23
-27
-20
-40
-46
-18
-14
-27
-36
-45
-46
-33
-16
10
23
-7
-39
-49
-71
-93
-85
-65
-33
13
50
70
77
56
39
20
-7
-23
-27
-26
-6
26
39
60
77
74
37
3
-5
-24
-32
-17
10
10
12
40
34
17
15
-7
-25
-14
0
19
32
42
56
61
51
26
-1
-21
-48
-46
-22
-19
-25
-39
-48
-65
-64
-44
-39
-27
-21
-38
-52
-45
-56
-66
-46
-46
-50
-22
-15
-13
16
15
-4
15
29
6
-2
-10
-14
-10
-7
21
42
50
55
50
45
35
13
27
65
69
56
50
46
20
0
9
-1
-26
-34
-6
-3
-25
14
29
-21
-39
-42
-80
-88
-70
-73
-50
-31
-36
-7
7
-16
-7
0
-43
-53
-45
-52
-43
-33
-11
29
43
49
61
36
-11
-7
-5
-37
-19
8
6
14
37
52
71
84
70
67
65
59
67
83
82
63
63
71
50
36
33
15
31
62
73
89
92
59
59
51
0
-22
-31
-61
-56
-44
-69
-45
-6
-17
2
10
-39
-57
-62
-82
-71
-64
-93
-78
-69
-82
-46
-27
-47
-26
-10
-35
-13
-4
-19
4
-13
-42
-16
-19
-32
13
26
9
47
36
3
41
33
8
52
55
25
22
4
-30
-21
-14
-43
-28
-18
-34
-23
-26
-50
-52
-48
-64
-64
-43
-30
-31
-27
-21
-5
7
-15
-3
26
-12
-19
12
-14
-28
-7
-12
-2
41
27
44
90
43
32
70
30
20
55
45
58
80
60
54
69
29
11
21
7
-10
-3
-10
-26
-20
-38
-48
-44
-53
-55
-39
-17
-11
2
41
39
27
47
14
-15
21
28
30
64
55
43
72
59
25
40
14
-14
36
25
-1
55
47
9
38
9
-44
-7
-17
-53
1
-11
-33
14
-7
-48
-22
-42
-68
-27
-51
-80
-39
-74
-91
-29
-28
-16
32
11
10
33
-13
5
42
-11
7
49
-11
-13
5
-62
-78
-51
-68
-48
-20
-51
-36
0
-21
-24
-4
-10
-14
-27
-1
12
-2
47
74
36
51
73
35
45
53
1
-3
2
-18
10
30
7
42
68
28
37
46
5
1
-10
-20
29
45
34
54
35
-21
-19
-24
-59
-36
-35
-61
-46
-58
-75
-74
-77
-91
-93
-83
-70
-56
-58
-17
18
-5
15
34
7
29
60
51
71
88
52
46
76
51
49
95
69
32
52
26
-21
10
3
-48
-27
-6
-21
-7
25
18
24
34
22
29
14
-14
15
14
-41
-37
-16
-72
-77
-16
-39
-48
-12
-35
-29
3
-22
-15
25
5
-25
33
43
-15
11
50
15
-10
13
22
17
15
19
36
37
17
19
23
-21
-42
-26
-44
-51
-35
-13
-4
-7
31
58
45
44
56
37
0
7
-8
-35
-17
8
19
39
58
61
69
53
36
38
27
-12
-32
-28
-37
-15
-3
-24
-16
-18
-36
-17
-17
-47
-29
-22
-67
-60
-49
-96
-88
-71
-105
-83
-28
-36
-50
-19
-18
-6
39
28
11
8
-31
-31
-4
-11
-15
5
-1
-9
28
58
47
23
17
9
-3
0
-2
0
-8
-15
3
24
20
26
39
28
31
46
37
34
38
33
39
53
56
46
29
3
0
21
8
-10
-16
-32
-33
-13
-3
12
26
11
-4
-12
-29
-31
-39
-55
-43
-22
-7
5
34
32
15
16
12
4
3
-9
-17
-11
-20
-33
-20
-4
-6
0
33
32
22
30
33
40
40
29
19
26
26
23
47
53
41
51
45
32
59
66
54
44
19
19
15
-7
-4
-13
-47
-59
-49
-57
-46
-41
-69
-64
-48
-57
-44
-23
-37
-56
-56
-59
-46
-20
-12
-26
-48
-51
-44
-31
-22
-18
-19
-40
-42
-44
-49
-49
-51
-52
-40
-11
6
5
16
20
7
19
25
17
32
48
27
27
36
27
19
25
36
41
53
35
35
39
3
-6
11
0
-8
11
16
25
37
37
51
72
63
58
69
39
21
33
28
7
2
-5
-19
-16
-5
16
0
-31
-25
-17
-20
-26
-24
-23
-26
-26
-12
-1
-19
-35
-26
-25
-9
17
18
-1
-12
-37
-64
-73
-78
-60
-41
-52
-54
-18
-6
-7
17
26
4
-8
8
2
-4
18
32
30
45
63
68
86
96
75
75
69
40
48
63
46
33
42
22
13
29
21
17
24
8
-17
-25
-31
-42
-41
-32
-42
-47
-47
-46
-35
-48
-64
-63
-62
-58
-51
-38
-36
-26
-9
-11
-3
25
22
11
-4
-26
-25
-10
-3
-10
-9
-23
-19
8
23
17
10
3
-12
-21
-5
24
17
10
32
31
16
27
16
-13
-8
-7
-3
30
44
32
25
10
-27
-32
-18
-23
-9
9
-10
-22
0
11
-5
7
18
1
-9
-25
-20
-6
-2
3
8
12
-7
-16
-31
-58
-54
-28
-7
5
11
20
17
-3
-3
5
8
21
22
11
11
16
25
26
25
25
18
20
22
32
30
19
14
-7
-19
-7
26
45
42
47
54
20
3
8
7
8
-3
5
15
26
22
34
51
22
21
32
4
-24
-28
-47
-69
-77
-78
-67
-62
-62
-41
-21
-24
-10
19
4
-20
-3
5
0
-8
4
12
3
2
10
8
5
4
15
13
-9
-5
7
-14
-43
-35
-13
-25
-23
2
-3
-17
-13
-14
-27
-20
-24
-32
-25
-32
-28
-13
-26
-17
12
23
15
26
54
57
59
74
70
67
53
32
35
18
19
32
18
13
21
22
-3
-13
-12
-13
-13
-12
4
-6
-34
-39
-25
-21
-9
15
14
10
-11
-22
0
-10
-29
-39
-52
-43
-18
-1
1
6
-1
3
22
21
11
0
-6
-15
-15
-2
2
-9
-27
-42
-34
-27
-30
-19
-6
-1
-10
-6
-7
-6
24
31
20
18
22
28
35
54
55
34
9
-28
-34
-17
-6
6
14
32
25
13
10
-1
-1
5
0
-2
9
24
22
7
1
-1
2
24
28
4
-10
-32
-36
-32
-46
-50
-53
-52
-42
-21
-12
-2
15
41
63
57
56
55
33
12
2
-9
-8
-16
-10
4
-3
-13
0
11
14
20
16
12
10
16
27
43
36
50
80
65
65
70
32
19
12
-5
-8
-35
-65
-70
-78
-87
-81
-50
-21
-16
-6
-3
-4
0
0
0
-16
-22
-23
-38
-31
-32
-36
-21
-21
-22
-32
-39
-30
-52
-74
-73
-72
-72
-68
-44
-22
-7
22
37
38
35
21
19
8
0
7
6
8
12
23
32
31
39
43
44
32
20
11
-8
-12
12
44
54
50
51
46
26
18
15
10
14
16
14
-4
-11
-4
-2
3
10
19
5
-1
-6
-9
3
-9
-10
-4
-12
4
22
24
25
42
66
74
74
58
30
33
22
13
10
-12
-15
-29
-41
-36
-34
-29
-9
-13
-26
-27
-43
-53
-54
-56
-56
-48
-39
-24
-1
17
11
8
12
15
24
33
30
28
23
16
-5
-25
-24
-31
-19
-4
0
15
22
5
-13
-24
-33
-37
-27
-29
-46
-51
-43
-32
-18
-2
7
3
0
-6
-16
-23
-20
-17
-20
-18
-12
-13
2
18
16
22
26
32
48
59
41
23
25
13
0
-3
-6
2
22
37
45
31
13
13
3
-17
-21
3
20
31
21
9
-2
-23
-21
-3
-4
-12
2
4
-2
1
2
6
0
-3
-6
-15
-23
-13
-10
-11
-4
4
22
23
17
18
2
-16
-3
2
-7
-8
-2
8
6
8
17
26
11
14
25
-4
-40
-48
-38
-38
-31
-8
-3
-10
-4
6
5
13
19
22
26
19
17
26
27
24
44
44
22
10
9
-1
-13
-7
-5
-17
-22
-14
-16
-20
-5
11
-1
-16
-32
-39
-43
-45
-32
-39
-50
-41
-31
-41
-58
-46
-23
-15
-11
0
-4
-15
-16
6
32
37
38
34
15
-12
-8
7
9
32
40
11
-19
-41
-47
-31
-12
-5
4
20
23
20
22
37
54
59
63
56
46
47
44
43
55
71
69
70
76
58
36
24
9
-10
-11
-15
-15
2
12
18
31
17
1
9
8
-10
-18
-20
-16
-2
10
10
4
-8
-24
-36
-47
-54
-53
-61
-73
-64
-62
-83
-90
-101
-102
-87
-78
-61
-55
-52
-45
-33
-27
-36
-50
-56
-51
-42
-39
-16
7
15
33
41
37
40
42
48
54
54
38
36
42
27
34
40
35
56
74
82
86
71
45
23
18
8
-9
-21
-28
-32
-29
-21
-20
-5
8
9
2
-10
-31
-50
-63
-48
-21
-16
-4
-6
-13
-7
3
17
30
45
55
54
56
64
65
68
58
48
46
44
39
27
13
8
10
1
-10
-14
-22
-27
-20
-18
-7
-6
-4
11
17
6
-15
-15
-23
-18
12
25
23
22
11
-8
-8
-10
-19
-15
-19
-24
-6
5
1
-5
-2
-14
-23
-23
-27
-26
-22
-11
-11
-17
-11
-16
-31
-33
-24
-14
-11
-13
-10
-9
-13
-20
-23
-31
-43
-49
-56
-62
-52
-37
-30
-16
-4
-2
6
14
9
8
25
19
8
16
7
-12
-22
-23
-21
-26
-32
-34
-26
-11
1
2
7
21
33
40
46
36
40
52
49
51
56
55
47
44
45
48
45
32
49
58
44
37
26
16
6
-10
-19
-28
-34
-44
-47
-49
-60
-52
-67
-81
-73
-61
-42
-29
-19
-9
8
17
26
25
8
12
22
24
32
37
29
21
20
10
6
0
0
2
7
15
15
28
34
39
43
47
36
18
28
42
47
48
50
46
28
24
28
26
18
7
-3
-16
-26
-33
-32
-35
-36
-31
-32
-33
-34
-31
-25
-19
-15
-15
-20
-23
-29
-30
-38
-45
-36
-34
-24
-15
2
15
15
18
0
-9
-21
-32
-33
-34
-29
-21
-8
3
9
11
12
13
10
-3
-10
-14
-18
-26
-28
-18
-15
-13
-25
-42
-52
-53
-41
-20
12
36
42
37
32
30
31
34
49
46
29
21
16
12
4
-1
1
-3
-13
-19
-10
-15
-34
-32
-18
-19
-26
-22
-2
12
23
40
48
50
40
25
11
-6
-10
-9
-2
5
9
23
24
13
14
0
-9
-4
1
-2
-11
-12
-31
-39
-21
1
17
25
24
27
17
5
4
17
21
26
27
14
9
7
10
2
6
23
29
26
27
28
23
22
26
39
44
48
52
41
27
27
30
23
13
2
-16
-32
-47
-50
-46
-53
-52
-50
-55
-51
-40
-42
-46
-39
-42
-44
-45
-49
-52
-54
-49
-46
-31
-18
-20
-15
-11
-11
-5
3
2
-11
-12
-1
-2
2
24
50
57
48
51
48
42
41
57
67
62
61
61
52
27
2
-7
-17
-16
-8
-1
5
3
9
1
-12
-22
-28
-29
-43
-49
-46
-54
-59
-51
-30
-22
-15
0
-6
-12
-10
-10
-17
-24
-21
-4
5
6
18
18
8
6
6
-1
-10
-12
-8
-1
2
8
4
-8
-21
-33
-33
-19
-14
-8
-2
5
14
21
28
23
27
33
35
27
9
-7
-7
0
4
18
23
14
3
-4
-11
-9
3
5
11
19
15
16
19
26
31
37
24
11
9
5
-4
-8
-3
15
27
23
27
29
27
26
32
38
35
31
27
15
7
9
19
33
41
44
34
15
13
13
8
7
-4
-19
-31
-41
-51
-61
-63
-59
-48
-44
-53
-65
-67
-49
-28
-23
-22
-29
-38
-27
-18
-7
-5
-5
4
1
5
9
9
10
12
5
-2
14
25
15
0
-6
-4
-14
-26
-20
-11
-16
-16
-15
-22
-16
-10
-5
3
5
7
6
1
-11
-26
-22
-18
-14
-2
-5
-9
0
12
30
32
33
35
26
10
-9
-19
-23
-3
16
15
14
19
7
-13
-17
-7
6
11
11
2
-8
-11
-6
0
-1
-9
-9
-10
-19
-13
-3
7
13
21
33
38
33
22
24
30
33
32
23
13
5
8
16
21
18
7
-7
-13
-14
-22
-35
-45
-53
-54
-35
-17
-4
-4
-1
4
0
6
12
22
22
20
14
-4
-12
-4
3
11
16
21
25
24
16
14
13
10
22
31
29
23
15
8
6
12
30
40
42
47
42
37
24
11
20
32
42
47
34
16
6
10
13
7
-3
-12
-6
-14
-24
-33
-49
-49
-49
-53
-50
-42
-44
-53
-54
-46
-41
-37
-39
-42
-51
-56
-56
-63
-64
-60
-64
-67
-63
-49
-29
-14
-14
-20
-19
-21
-23
-24
-26
-25
-21
-5
2
1
8
19
27
17
18
10
3
9
11
15
13
17
32
40
50
52
60
62
57
56
42
31
21
13
19
29
39
44
43
38
25
14
2
-1
10
15
17
14
14
18
26
39
50
50
44
46
35
24
9
2
5
9
12
6
-3
-16
-21
-22
-26
-28
-32
-41
-51
-64
-68
-57
-52
-53
-58
-59
-57
-46
-42
-37
-22
-12
0
2
-1
-9
-10
-7
-9
-10
2
12
20
36
43
45
44
39
36
51
61
51
54
52
48
61
69
75
75
67
49
28
15
3
0
-2
-1
0
-7
-12
-19
-20
-28
-34
-30
-44
-56
-57
-50
-40
-39
-39
-36
-34
-25
-22
-33
-39
-49
-67
-74
-65
-55
-50
-40
-30
-21
-8
-1
-1
2
14
12
4
-3
-10
-21
-24
-2
9
2
-6
-12
-2
7
8
6
18
22
11
11
17
26
30
35
38
37
45
49
41
42
41
37
20
5
1
-6
-3
5
6
0
-2
3
4
-20
-40
-44
-41
-37
-34
-30
-20
-19
-26
-20
-22
-23
-8
6
13
26
25
8
4
0
7
23
32
30
36
40
32
24
15
14
31
33
17
15
15
21
32
33
31
31
23
19
25
20
8
-5
-15
-17
-8
6
13
16
18
6
-4
-9
-19
-26
-24
-21
-21
-3
8
3
13
18
20
15
11
-3
-28
-33
-40
-38
-30
-21
-17
-13
-2
0
0
-1
6
-2
-12
-12
-21
-25
-24
-19
-22
-37
-28
-20
-15
-11
-11
5
16
19
20
22
24
15
-1
-17
-29
-37
-20
1
-1
0
20
18
14
21
27
14
4
3
-9
-16
-27
-33
-12
-10
-8
1
-3
-8
-1
16
5
-13
-22
-31
-30
-22
-21
-12
-8
-7
1
0
-13
-24
-20
-14
-22
-21
-20
-21
-17
-22
-22
-24
-32
-30
-20
-8
3
13
19
21
23
18
23
40
33
26
33
38
32
40
54
57
58
44
33
26
12
-4
-3
5
0
7
21
13
6
13
13
25
24
15
15
14
13
16
37
57
60
62
50
19
12
8
-1
15
26
24
15
12
12
13
10
1
8
5
-1
4
-13
-23
-18
-10
-7
-9
-18
-34
-46
-56
-57
-52
-48
-49
-45
-49
-62
-61
-58
-54
-55
-60
-49
-51
-51
-32
-21
-22
-24
-26
-41
-35
-16
-4
14
12
2
-6
-14
-22
-14
4
2
6
18
32
43
47
56
65
58
45
40
46
46
45
40
39
38
31
32
18
0
-9
-22
-46
-52
-40
-34
-24
-10
3
14
7
-9
-11
-10
-12
-9
-9
-10
0
3
-11
-14
-2
5
15
15
4
-9
-16
-17
-6
11
18
14
7
5
3
8
13
9
3
2
1
6
14
19
13
2
-3
-9
-9
1
6
10
9
1
-6
-5
-3
-8
0
0
-1
13
17
10
7
10
18
27
30
34
38
33
29
35
29
20
8
-2
-4
-2
-13
-21
-17
-19
-29
-41
-44
-47
-40
-22
-17
-21
-27
-30
-24
-20
-21
-14
-8
7
25
33
44
46
40
36
22
12
23
26
21
16
8
9
17
25
23
22
19
14
9
-3
-6
-14
-22
-30
-43
-51
-37
-30
-35
-27
-24
-13
-7
-9
-13
-19
-26
-25
-19
-24
-35
-39
-35
-38
-29
-24
-24
-23
-24
-29
-31
-20
-22
-24
-11
0
2
-2
4
9
12
20
39
55
60
60
55
55
46
35
29
32
30
15
11
17
29
29
29
23
8
-2
-12
-19
-23
-23
-27
-17
-3
4
10
4
0
10
22
23
21
15
-1
-6
-3
-6
2
11
4
-2
-5
-5
-6
-12
-4
-3
-2
1
3
8
5
-7
-20
-18
-21
-22
-21
-38
-43
-40
-43
-29
-18
-22
-14
-1
7
16
19
9
8
23
33
34
30
21
24
32
32
36
31
30
25
12
4
3
0
0
1
-7
-23
-27
-27
-28
-28
-32
-21
-1
2
17
20
20
35
26
6
-9
-15
-20
-20
-7
-11
-10
7
5
6
4
-5
-12
-4
-5
-9
4
3
2
9
1
-11
-18
-26
-29
-23
-21
-22
-8
9
18
26
16
4
-8
-19
-28
-36
-27
-11
7
18
22
25
30
30
23
2
-5
-10
-26
-30
-26
-7
7
10
14
18
29
29
33
32
17
7
-9
-22
-14
1
12
20
27
36
33
15
-5
-15
-20
-26
-30
-28
-15
-8
-10
-4
-8
-18
-10
-11
-26
-24
-19
-17
-8
-3
-10
-2
6
-2
12
13
-6
-12
-12
-14
-11
-1
-8
-8
4
2
4
17
26
28
17
7
0
-12
-9
-10
-10
10
10
4
34
37
11
23
20
-9
-2
1
-26
-11
1
-12
15
22
5
28
40
17
32
38
11
27
39
21
35
37
15
21
17
-6
-7
-7
-22
-24
-30
-47
-51
-51
-49
-43
-27
-10
-9
-4
9
6
0
16
12
6
26
18
5
19
9
4
22
-1
-18
-4
-19
-31
-4
-1
-5
19
8
-7
15
9
-2
11
-2
-7
14
6
-1
19
5
-9
8
-15
-34
-18
-25
-30
-19
-27
-43
-45
-38
-30
-22
-12
-11
-8
9
14
7
-2
-14
-35
-46
-31
-24
-22
-23
-14
8
17
30
41
28
21
34
17
1
13
0
-11
13
25
25
57
60
39
58
42
17
30
13
-3
17
1
-15
11
-1
-21
-10
-24
-31
-14
-26
-25
-1
-9
-33
-19
-36
-48
-32
-47
-48
-27
-31
-29
2
6
14
41
42
30
38
30
8
16
18
-2
13
27
15
23
45
46
60
61
30
26
33
16
16
29
17
18
23
4
15
34
12
9
11
-13
-4
-5
-31
-16
-1
-21
-15
9
-23
-26
-7
-41
-36
-14
-34
-20
4
-24
-32
-13
-36
-49
-27
-30
-37
-18
-19
-22
4
-2
-21
-12
-17
-37
-17
4
-2
7
14
1
13
40
24
28
45
10
-17
-9
-23
-21
5
-8
-5
12
-14
-22
-2
-35
-39
-14
-40
-31
0
-34
-41
0
-18
0
34
6
12
31
-3
-17
12
-12
-20
16
14
22
41
34
27
27
23
18
6
9
24
10
16
42
25
20
38
13
15
44
29
18
45
34
17
40
20
-18
-14
-9
-18
-20
-7
-2
-4
-5
-16
-43
-40
-16
-32
-34
-13
-37
-49
-27
-40
-41
-8
-11
-17
10
-2
-22
13
30
20
39
39
21
17
13
15
15
18
23
27
20
25
36
29
34
28
15
21
5
2
8
-18
-24
-3
-9
-22
-14
-32
-40
-17
-31
-36
-21
-30
-30
2
-3
-11
12
16
30
59
56
32
28
24
3
-9
-29
-38
-32
-25
-17
-16
-19
-22
-9
-7
-33
-45
-47
-62
-53
-38
-31
-17
2
-4
5
19
4
4
20
25
26
23
19
10
13
23
17
22
22
10
12
22
25
28
34
34
19
7
0
-15
-28
-41
-52
-44
-25
-14
-14
-1
0
2
8
-1
-21
-36
-37
-33
-25
0
10
8
23
37
31
20
17
8
-13
-9
-14
-24
1
18
14
18
19
0
3
3
-12
-6
-13
-13
1
-1
-11
-6
-1
-15
-12
-12
-11
4
0
-7
4
16
17
32
44
38
31
26
19
35
49
35
35
30
17
20
22
16
15
18
14
26
48
49
46
47
34
23
26
11
-16
-9
-9
-21
-21
-29
-46
-35
-19
-28
-23
-16
-28
-24
-16
-27
-34
-37
-53
-58
-54
-48
-40
-37
-29
-15
-17
-23
-26
-29
-19
-14
-26
-23
-6
-11
-10
-5
-4
-2
1
6
15
30
20
7
15
7
-1
-5
-10
-11
-22
-19
2
8
21
36
22
17
23
17
18
32
15
12
35
28
21
24
4
-9
0
-8
-6
6
16
16
13
15
-19
-51
-52
-52
-55
-29
-12
-9
19
32
-11
-26
-12
-40
-36
4
4
3
28
23
16
31
14
-21
-6
-5
-27
-7
4
-10
9
29
21
23
34
33
38
43
31
29
27
19
18
26
26
14
15
10
-2
11
24
24
36
43
19
5
5
-17
-25
-13
-15
-2
20
15
10
26
6
-8
11
7
0
9
8
-2
4
-6
-28
-21
-18
-31
-26
-10
-13
-7
5
-5
-26
-33
-40
-52
-47
-45
-50
-25
13
21
20
20
-2
-22
-16
-20
-27
-25
-12
-10
-16
-6
-9
-14
1
1
-2
17
22
7
16
18
-3
-2
12
4
-23
-35
-47
-49
-36
-24
-18
-7
-13
-30
-21
-17
-14
-10
-1
-7
-7
0
-10
3
18
17
28
32
21
35
42
22
28
34
8
15
25
3
10
23
9
13
28
15
7
12
-5
-13
-7
-14
-6
11
14
20
26
21
8
11
20
5
-12
-6
1
14
41
35
15
18
15
6
16
11
-6
3
10
1
-2
-10
-16
1
-4
-12
7
-1
-10
15
10
-18
-1
-11
-31
-7
-7
-28
-3
10
-18
2
20
-3
-14
-24
-55
-64
-50
-54
-44
-24
-10
2
9
6
13
15
-4
-9
1
5
11
16
11
22
32
21
17
41
41
34
45
36
14
20
26
11
21
34
26
44
47
28
42
45
23
18
19
-12
-30
-33
-55
-57
-56
-62
-50
-38
-39
-40
-41
-46
-51
-59
-54
-39
-53
-49
-25
-38
-45
-18
-23
-37
-12
-14
-17
9
6
1
25
20
-12
-10
2
-17
-13
7
-1
-2
7
8
13
17
4
-3
4
-7
1
21
5
17
23
9
26
35
10
21
39
7
22
54
41
49
78
57
64
78
31
24
41
22
30
46
11
-4
10
-8
-6
8
-6
3
13
-18
-30
-26
-40
-35
-22
-36
-37
-21
-25
-35
-31
-38
-49
-41
-36
-42
-38
-20
-19
-18
-7
-5
-7
5
6
11
24
17
6
16
23
28
43
36
36
60
52
46
70
54
48
69
39
6
22
3
-17
27
21
-2
22
3
-13
15
13
5
22
6
-24
-23
-33
-37
-25
-21
-15
-29
-29
5
-6
-33
-9
-31
-72
-53
-60
-87
-60
-54
-81
-67
-68
-95
-78
-48
-46
-39
-21
-6
2
10
35
23
1
25
21
-13
7
25
-2
28
61
33
42
62
35
34
50
27
19
31
21
8
10
-1
-5
4
3
7
6
14
32
36
36
28
16
9
5
-4
-10
-16
-17
-10
-12
-2
6
7
20
31
13
-2
-10
-31
-40
-54
-78
-80
-58
-47
-36
-25
-24
-8
13
18
22
18
3
-5
-5
-6
8
26
40
58
78
80
63
58
50
24
28
45
27
29
36
26
21
35
28
0
22
25
9
35
37
1
3
20
-11
-26
-3
-16
-23
6
5
-14
-5
-1
-13
-9
-1
-23
-24
-18
-46
-52
-29
-40
-44
-21
-22
-22
-16
-19
-27
-31
-28
-40
-42
-41
-47
-48
-42
-29
-22
-16
-1
3
8
15
5
-11
-15
-13
-9
5
10
5
17
21
15
20
22
11
13
8
-1
4
-8
-10
14
19
21
44
33
6
19
11
-5
22
31
19
20
4
-11
6
4
-22
-21
-16
-22
-10
2
-22
-28
-27
-54
-47
-23
-33
-23
1
-8
-6
13
-1
-15
-2
-11
-24
-7
-6
-15
-2
11
11
19
30
8
-4
7
12
13
26
33
30
38
47
48
50
60
55
48
47
38
27
24
23
15
15
29
23
7
4
3
-17
-21
-17
-37
-40
-38
-42
-23
5
-2
-4
-2
-28
-35
-33
-31
-13
7
1
-11
6
16
15
20
21
11
4
15
12
0
9
0
-15
1
2
3
23
32
15
5
4
-15
-24
-14
-17
-31
-27
-17
-27
-23
-12
-22
-25
-14
-21
-28
-16
-20
-32
-19
-14
-19
0
12
5
19
21
12
12
13
0
6
10
1
12
15
9
19
16
5
1
2
-13
-15
-6
-14
-6
9
8
0
8
18
20
17
24
13
3
13
3
-2
5
2
-15
-19
-25
-24
-11
-5
-4
-7
-13
-21
-26
-32
-39
-56
-61
-57
-46
-28
-14
-4
-2
-6
-9
-8
-13
-11
9
13
5
4
6
3
21
28
19
32
39
33
37
40
23
31
46
39
37
34
14
9
30
20
5
25
42
48
58
41
24
23
9
4
2
-13
-20
-9
7
1
0
7
-12
-14
7
4
-10
3
-12
-44
-35
-25
-48
-37
-22
-37
-25
-8
-20
-6
17
5
1
13
-1
-10
9
-3
-8
0
-9
2
29
33
21
8
-7
-6
-3
-7
-10
-11
-22
-27
-19
-8
-4
-7
0
2
2
9
6
2
12
10
-1
3
-1
-9
5
10
0
8
27
24
25
32
12
5
18
1
-22
-20
-12
-22
-20
-16
-30
-23
-13
-23
-17
0
-17
-19
13
8
-6
24
22
-16
-8
-7
-31
-25
-15
-26
-28
-30
-33
-29
-15
-9
-1
13
19
29
29
18
7
2
-7
-28
-47
-50
-41
-28
-3
14
13
24
32
28
40
36
26
23
9
0
-9
-3
-6
-12
-4
-11
4
30
32
28
14
1
-17
-24
-24
-36
-34
-24
-14
-6
-2
-6
-12
17
29
15
22
15
2
14
32
23
30
39
14
27
48
38
42
49
39
47
52
33
26
34
10
-12
-9
-14
-8
14
18
13
14
1
-7
4
7
-4
-6
2
2
10
26
27
12
6
6
-5
-6
-4
-28
-27
-12
-35
-34
-18
-37
-47
-22
-23
-35
-16
-24
-53
-51
-65
-72
-62
-78
-93
-78
-68
-64
-40
-21
-15
-3
0
-7
-4
-10
-15
3
19
17
30
26
4
18
23
17
22
37
43
32
42
61
53
45
57
56
45
53
47
40
49
42
26
25
25
14
11
11
-7
-22
-14
-14
-13
-8
-8
-14
-5
-4
-19
-18
-16
-24
-28
-40
-44
-22
-16
-24
-17
-13
-28
-34
-39
-44
-33
-25
-22
-16
-27
-33
-33
-31
-23
-15
-16
-18
-2
-3
-8
-8
-22
-15
13
9
8
23
16
23
32
24
27
38
34
31
44
50
38
35
17
-4
5
-3
-15
-9
-1
2
23
39
40
45
55
57
50
52
46
36
20
1
3
17
26
45
63
59
36
22
14
8
4
-2
-6
-15
-14
-2
-13
-22
-25
-38
-37
-30
-24
-21
-9
-1
-6
-8
-22
-37
-36
-38
-50
-34
-21
-27
-16
-9
-31
-44
-31
-27
-28
-16
-15
-14
11
11
-4
-2
-3
-4
2
9
-1
-5
7
2
-6
-12
-27
-36
-24
-22
-19
-13
-25
-34
-28
-16
-6
-1
-4
-15
-19
-14
-27
-36
-30
-27
-20
-11
-3
-3
3
-8
-15
-10
-16
-13
-4
9
10
11
26
41
44
53
58
58
50
40
34
30
31
32
27
22
28
29
21
12
18
24
22
25
16
4
3
-2
-9
-7
-5
-1
3
5
-6
-18
-15
-8
-7
-10
10
14
9
21
14
9
2
-11
-22
-30
-33
-32
-12
8
14
8
-4
2
10
-2
-17
-10
-2
-5
2
5
12
30
45
31
20
15
-8
-11
4
23
27
25
42
41
28
22
17
19
14
14
17
19
28
16
1
5
-1
-14
-10
-15
-26
-21
-17
-22
-12
-1
-12
-17
-26
-43
-54
-60
-57
-52
-47
-44
-35
-28
-22
-12
-5
-9
-24
-39
-36
-27
-21
-23
-17
-5
-3
-9
-19
-22
-23
-25
-22
-14
-10
-4
-8
-6
7
16
16
13
11
7
9
11
25
32
34
37
25
9
6
10
17
17
12
13
7
-4
-18
-34
-39
-27
-19
-12
11
39
46
32
28
18
4
-7
-13
-11
-2
10
12
9
14
12
12
16
10
2
-4
-13
-12
-3
0
-2
0
5
9
18
19
21
22
15
12
11
8
11
8
7
5
-2
-3
1
14
26
22
17
7
-6
-1
10
20
20
17
24
28
25
25
35
44
44
42
35
27
28
15
1
-6
-10
-4
4
7
-2
7
14
15
20
16
-1
-9
-17
-32
-31
-27
-27
-33
-39
-48
-57
-50
-48
-50
-47
-51
-56
-64
-66
-59
-49
-35
-19
-5
-8
-14
-18
-22
-25
-26
-21
-10
5
0
-2
0
2
11
11
15
17
6
-9
-16
-10
-11
-4
2
12
19
7
4
4
-5
-10
-3
-3
-4
-15
-17
-13
-11
-5
1
12
16
13
6
1
-7
-5
4
12
17
22
29
29
32
36
37
40
32
19
15
9
1
1
10
16
20
26
26
29
32
19
22
32
32
22
20
16
10
9
9
13
20
22
20
23
18
9
6
2
1
0
-13
-26
-30
-23
-8
7
17
17
20
13
0
-8
-17
-18
-23
-31
-31
-32
-30
-32
-33
-33
-41
-52
-59
-51
-42
-23
0
6
4
8
-1
-15
-6
7
16
21
8
-6
-16
-13
-2
5
10
21
22
10
15
16
16
22
13
1
2
5
4
3
7
12
11
9
7
7
8
10
4
8
11
12
12
10
14
13
11
11
6
-6
-17
-15
-8
1
0
-8
-8
-17
-28
-32
-30
-41
-62
-65
-51
-47
-42
-23
-5
7
17
22
16
6
-3
-4
-10
-13
-6
0
-3
-2
-2
-4
0
-5
-5
-7
-5
-2
-2
11
10
16
11
15
34
36
33
29
37
39
39
36
34
46
36
33
37
25
9
2
-3
-12
-19
-20
-28
-31
-34
-35
-25
-21
-16
-19
-19
-20
-22
-18
-27
-40
-52
-54
-29
-9
-4
2
5
21
31
38
41
31
17
6
10
6
-7
-15
-18
-14
-6
2
17
23
32
43
44
25
10
19
25
26
26
28
35
39
39
37
41
48
48
43
34
20
11
8
10
8
11
5
-11
-24
-38
-44
-56
-54
-36
-16
-4
-19
-21
-16
-22
-23
-29
-31
-32
-22
-16
-27
-31
-29
-20
-7
-9
-8
-15
-28
-26
-21
-24
-36
-40
-31
-29
-35
-31
-23
-17
-8
5
13
22
27
34
42
40
37
35
23
28
38
30
15
9
10
9
7
-1
-4
-14
-17
-22
-29
-33
-36
-35
-49
-56
-50
-49
-37
-32
-24
2
15
24
24
25
24
22
25
12
-5
-8
1
7
17
23
23
28
33
41
47
41
33
22
11
0
-2
3
1
4
4
-5
-13
-5
4
-6
-5
-2
-5
3
13
13
7
2
1
-3
0
-1
-12
0
15
27
35
40
42
38
32
19
9
12
16
20
26
14
7
16
22
30
34
32
25
17
5
0
-4
-16
-32
-40
-50
-51
-49
-41
-31
-28
-14
-16
-28
-37
-35
-29
-29
-26
-25
-26
-15
-2
-9
-21
-17
-11
4
22
23
22
6
-4
-10
-17
-10
2
11
9
4
4
6
3
-7
-14
-5
8
13
18
12
0
-14
-25
-38
-48
-46
-46
-45
-43
-40
-30
-12
-5
1
1
2
1
-11
-7
-9
-8
-1
4
14
22
30
38
33
38
41
39
39
26
13
11
19
17
23
30
32
34
43
46
37
40
42
42
36
17
16
23
24
16
-4
-23
-29
-24
-12
-3
-2
-4
-7
-19
