-5
-28
-20
-31
-55
-47
0
7
-12
3
28
14
0
32
45
7
-8
6
-13
-41
-25
-2
-10
-10
23
44
39
42
67
63
33
48
66
40
18
38
40
24
37
44
18
-1
21
36
14
12
32
17
8
17
9
-20
-29
-24
-15
-11
-19
-9
-4
-15
4
28
10
4
35
35
5
12
29
14
-4
0
14
0
-1
18
17
-5
-4
11
2
1
16
11
-16
-31
-23
-22
-22
-7
14
5
-8
5
8
-2
-17
-10
-6
-23
-24
-15
-29
-48
-42
-33
-46
-37
-10
-16
-31
-26
-14
-26
-25
-9
-20
-33
-20
-1
-16
-27
-8
4
-1
3
16
11
-22
-45
-33
-38
-41
-18
-2
-16
-31
-15
-14
-25
-15
9
15
10
7
10
9
4
13
14
18
29
32
33
46
54
46
42
46
47
34
20
16
7
-2
19
44
42
27
12
-4
-25
-26
2
27
27
22
26
11
-6
-4
13
-3
-16
5
9
-3
-1
18
23
5
-11
-18
-22
-22
-14
-12
-14
5
26
25
15
10
12
1
-15
-11
-8
-23
-15
-16
-25
-20
-5
5
-2
1
2
-7
-10
-8
-6
-12
-18
-22
-13
0
13
30
28
16
26
37
16
-3
2
3
-19
-10
14
16
11
5
3
-17
-37
-35
-34
-43
-46
-40
-26
-33
-40
-30
-38
-42
-28
-10
-5
6
11
8
6
12
10
6
22
25
27
27
26
21
11
1
10
17
9
10
11
11
10
16
21
23
23
35
39
32
31
25
23
16
10
5
9
14
3
1
6
5
6
13
3
-13
-16
-9
-6
-9
-18
-36
-44
-36
-25
-17
2
14
7
-10
-25
-20
-35
-49
-43
-43
-46
-45
-31
-26
-24
-9
-3
-6
-11
-6
6
-5
-15
-4
19
15
-5
-6
-21
-51
-67
-57
-52
-55
-28
2
6
13
35
46
33
42
54
40
24
15
23
28
30
43
59
52
44
51
48
30
23
34
28
19
19
9
-3
-3
16
38
35
21
15
3
-8
-10
-8
-13
-11
11
19
12
15
11
-5
-20
-31
-35
-29
-28
-17
5
18
31
42
38
23
11
-10
-28
-17
-1
15
26
35
43
30
15
13
3
-13
-18
-8
-26
-47
-32
-8
-7
-10
-4
-14
-26
-28
-24
-45
-71
-73
-68
-64
-67
-66
-72
-75
-63
-49
-37
-27
-9
-4
-20
-28
-25
-15
0
19
38
36
26
31
36
39
61
68
44
20
12
4
2
8
16
24
22
28
30
18
9
17
13
-10
-9
0
-13
-30
-17
-1
2
18
36
28
7
-3
-10
-16
-23
-13
-8
-13
-11
3
20
19
29
47
30
0
3
13
7
12
29
17
-6
4
13
0
-9
0
6
-3
-1
18
22
6
-8
2
7
-6
-1
0
-14
-13
1
15
9
2
-2
-26
-37
-26
-20
-30
-23
0
-9
-26
-14
10
5
-11
1
4
-7
0
21
35
28
24
6
-14
-13
-1
11
9
14
11
0
1
12
28
24
18
18
-1
-25
-29
-18
-21
-17
12
24
16
26
26
12
8
19
23
16
14
9
10
12
21
36
35
24
19
14
7
8
0
-22
-47
-69
-81
-85
-84
-73
-51
-45
-40
-35
-38
-35
-25
-21
-40
-49
-51
-50
-42
-34
-28
-13
8
13
19
23
21
25
31
32
43
59
53
37
34
36
28
14
4
-8
-10
0
8
19
29
32
21
4
-10
-28
-36
-31
-24
-30
-35
-23
-3
9
18
26
25
19
14
10
11
14
15
14
20
14
5
6
-5
-4
8
9
15
27
34
24
18
17
17
11
-7
-15
-12
-6
7
14
20
34
43
44
28
1
-13
-24
-34
-23
-7
6
6
22
26
12
1
-15
-18
-17
-19
-21
-18
-8
-7
-6
8
3
-5
4
9
-5
-14
-7
-3
-2
-4
-4
3
5
17
36
40
40
40
35
18
1
-12
-18
-21
-12
-7
-12
-14
-6
0
-4
-6
-23
-45
-45
-39
-45
-64
-61
-52
-52
-40
-24
-6
-8
0
20
11
-12
-24
-22
-19
-13
-3
6
10
9
17
18
7
-2
-2
-12
-29
-29
-20
-16
-7
0
-5
-23
-26
-13
-11
-13
-11
-11
-10
-4
8
19
27
30
24
15
17
22
26
28
42
49
41
34
45
55
37
36
44
43
53
60
58
53
42
28
12
3
2
-3
-10
-21
-13
-17
-25
-13
-3
9
-8
-20
-24
-29
-28
-23
-12
-18
-14
-5
-1
-1
-11
-12
-23
-38
-39
-40
-41
-34
-22
-21
-27
-23
-15
-7
-8
-18
-23
-25
-22
-12
-2
-10
-10
11
14
0
-2
0
6
9
18
43
56
62
64
62
61
64
51
37
52
65
57
55
51
38
34
30
13
-3
-6
-7
-22
-42
-51
-48
-39
-33
-36
-34
-25
-30
-26
-25
-30
-35
-39
-28
-30
-33
-24
-11
11
14
-3
-19
-16
-20
-27
-40
-48
-44
-31
-29
-29
-19
-23
-30
-42
-43
-33
-23
-17
-10
-5
-9
-9
-10
0
11
12
20
22
11
14
25
26
28
27
25
15
19
21
18
24
24
33
20
9
22
30
29
25
31
23
20
30
25
3
-6
7
17
10
13
26
28
28
34
30
19
7
17
14
-3
-7
-7
1
12
21
15
6
0
-9
-18
-27
-31
-39
-51
-42
-42
-43
-37
-25
-6
-2
-2
-1
-2
-17
-18
-5
-4
2
16
27
24
16
15
8
-9
-7
-9
-24
-33
-19
-10
-22
-17
-8
5
5
5
7
-2
-6
7
24
20
30
53
56
40
20
14
18
24
17
9
20
40
44
34
32
44
33
-6
-21
-16
-24
-43
-49
-44
-42
-54
-55
-54
-56
-42
-45
-61
-82
-72
-64
-63
-53
-45
-33
-28
-18
7
19
5
8
21
30
36
47
49
38
42
52
54
59
67
67
57
52
55
54
47
45
42
32
17
2
-6
-9
-16
-9
0
-3
-3
-4
-21
-28
-22
-31
-42
-37
-37
-51
-50
-40
-39
-35
-15
0
-14
-35
-42
-42
-50
-50
-34
-27
-38
-38
-24
-26
-38
-34
-23
-31
-23
16
24
13
17
40
39
34
43
43
46
37
50
67
62
62
64
62
53
42
37
31
31
36
32
30
38
48
45
49
52
37
29
21
6
-17
-31
-31
-32
-41
-37
-24
-36
-64
-58
-49
-60
-56
-34
-31
-47
-52
-48
-42
-39
-22
-5
1
3
22
35
28
20
22
14
-7
-10
-3
-3
-2
8
18
28
31
29
11
2
10
10
-14
-25
-11
-8
-10
-1
7
-1
-17
-13
-3
-9
-6
5
-6
-25
-24
-10
-9
-8
18
31
28
28
30
34
25
22
28
24
23
17
20
10
-1
17
9
0
2
-8
-25
-36
-43
-44
-45
-39
-36
-36
-40
-47
-29
-28
-31
-21
-23
-30
-18
-9
-21
-24
-14
-10
-4
12
13
12
5
-3
-5
-12
-11
-14
-17
-20
-12
-3
-7
-6
-2
2
2
7
20
28
39
45
42
50
66
70
58
48
48
50
52
46
52
55
47
36
24
8
-11
-12
-12
-21
-25
-25
-27
-23
-12
-1
-9
-16
-10
-2
3
1
-3
-11
-19
-22
-28
-29
-27
-26
-28
-31
-29
-18
-10
-7
-8
-12
-19
-25
-19
-9
0
4
10
24
27
29
32
27
29
33
31
32
41
41
38
42
39
36
41
43
52
48
29
23
28
26
14
11
5
-16
-23
-28
-34
-44
-52
-45
-41
-36
-46
-41
-43
-55
-48
-48
-50
-45
-44
-51
-55
-53
-46
-41
-38
-47
-36
-26
-35
-47
-49
-29
-19
-11
-4
-7
-18
-17
-11
-13
-15
-6
14
23
29
38
51
40
31
26
18
19
25
26
17
10
5
6
15
29
39
42
39
46
47
39
37
38
26
9
22
27
23
23
41
61
44
28
12
-14
-27
-17
-12
-19
-11
4
9
-7
-19
-24
-36
-40
-30
-24
-21
-14
6
26
27
30
36
24
6
0
-15
-36
-50
-63
-56
-36
-6
16
28
31
17
21
27
40
51
56
59
50
44
26
20
24
26
19
10
0
0
4
-1
-5
-8
-12
-18
-30
-37
-36
-41
-42
-37
-43
-49
-40
-36
-24
-21
-29
-36
-36
-24
-6
6
-1
-6
-9
-16
-9
-2
-3
-3
-6
-17
-23
-21
-22
-29
-40
-44
-33
-28
-22
0
12
16
19
22
21
11
7
13
18
10
10
24
24
27
41
33
20
24
21
26
26
17
15
20
12
9
11
0
3
16
18
21
32
34
39
41
23
-12
-35
-42
-35
-25
-18
-13
-10
-13
-22
-20
-28
-27
-12
-15
-29
-29
-19
-17
-16
-11
-12
-9
-14
-14
-14
-19
-21
-27
-21
1
17
22
19
16
18
13
4
-5
-12
-27
-45
-32
-23
-12
6
31
56
59
62
55
33
20
20
20
19
30
51
69
67
62
66
46
31
28
29
21
4
12
18
9
1
6
5
-11
-19
-16
-24
-40
-41
-32
-34
-40
-40
-40
-41
-41
-33
-37
-47
-41
-25
-18
-30
-34
-17
-17
-16
-7
-16
-32
-25
-5
-5
0
19
26
20
9
10
10
1
12
29
32
20
23
41
31
21
20
17
7
-1
0
-8
-7
13
20
6
6
17
14
-1
-15
-13
-19
-28
-18
-7
-15
-16
-8
-7
-9
-1
5
-11
-29
-36
-46
-52
-45
-35
-40
-52
-37
-25
-19
-9
5
19
11
20
31
5
-17
-24
-24
-22
-4
25
33
34
26
15
0
-9
9
27
18
13
20
19
18
27
39
27
17
32
44
39
42
57
44
37
53
49
31
26
18
3
-10
-13
-14
-24
-32
-23
-17
-30
-31
-21
-31
-32
-24
-19
-16
-10
6
4
-15
-17
-13
-18
-12
5
23
12
13
18
-1
-10
-9
-2
-11
-19
-8
-12
-32
-31
-17
-28
-39
-27
-10
-12
-19
0
15
23
36
49
46
30
32
28
11
5
27
42
23
26
39
31
19
36
43
19
18
36
34
9
-1
11
5
-7
-6
-9
-17
-10
-3
-13
-31
-32
-23
-32
-38
-31
-35
-45
-33
-17
-28
-38
-28
-17
-26
-33
-32
-40
-44
-33
-36
-49
-48
-33
-26
-24
-7
3
3
2
-1
1
-10
-21
-1
12
2
5
16
7
-2
7
9
-9
-19
-8
-11
-16
9
34
29
24
43
26
3
11
17
10
11
24
30
23
25
41
46
53
63
64
42
25
22
15
7
5
22
32
25
21
20
0
-4
5
2
-11
-21
-25
-27
-14
1
12
6
-8
0
1
-13
-15
-5
-8
-21
-22
-24
-32
-30
-16
-20
-38
-45
-42
-28
-10
3
-3
-14
-11
-4
-13
-23
-13
-1
0
7
22
25
34
48
66
63
47
49
54
46
32
22
15
5
0
8
4
-2
12
20
21
17
15
8
-2
6
4
-32
-60
-65
-57
-56
-52
-40
-33
-27
-22
-19
-34
-42
-37
-30
-23
-21
-27
-39
-36
-21
-4
-3
2
13
15
15
24
27
13
10
14
21
18
11
9
10
8
17
27
25
34
43
42
32
19
4
-5
-14
-21
-25
-15
-14
-17
-6
0
6
6
0
-20
-33
-44
-55
-58
-56
-51
-61
-53
-34
-24
-22
-19
-25
-27
-23
-10
-2
-3
4
14
29
41
42
35
20
17
15
14
13
5
14
26
44
63
56
42
35
42
55
54
46
37
41
43
34
31
34
39
57
63
51
37
22
10
15
25
19
1
-8
-15
-28
-43
-48
-44
-36
-26
-23
-32
-34
-24
-12
-14
-16
-20
-20
-10
0
4
-2
-10
-19
-23
-12
-4
-5
-9
-14
-13
-18
-20
-23
-22
-17
-15
-22
-18
-20
-36
-30
-21
-17
-14
-23
-17
-7
-2
2
3
11
10
24
30
15
0
-1
9
0
-3
7
3
-5
3
15
17
22
32
34
24
1
-12
-26
-34
-29
-24
-22
-32
-30
-23
-23
-22
-19
-27
-40
-41
-30
-31
-32
-22
-19
-16
-3
11
14
15
25
29
27
24
19
33
38
37
42
24
13
18
22
16
3
2
3
-1
3
7
7
16
14
8
3
3
22
30
36
36
25
20
11
17
23
25
29
26
34
42
43
38
27
27
22
5
0
-2
-4
-18
-22
-7
1
-5
-18
-22
-33
-57
-66
-67
-73
-63
-43
-33
-36
-27
-9
7
9
13
9
-13
-24
-13
-4
-1
2
1
-1
-4
-4
17
41
42
36
25
11
-10
-16
-24
-24
-15
-9
0
0
9
16
6
14
22
17
13
12
16
13
11
6
6
1
-7
-10
-17
-13
5
5
-4
-3
-4
-8
-9
-2
1
0
-3
-7
-14
-19
-14
-11
-6
-2
3
7
0
-9
-7
-7
-8
-12
-11
-7
-16
-5
-7
-24
-33
-32
-29
-21
-8
-7
-8
-14
-14
-2
8
11
13
18
13
-4
-18
-25
-22
-15
-5
6
16
16
28
53
57
48
33
17
16
8
-9
-17
-12
-1
1
-2
-4
10
34
52
52
47
37
21
14
-7
-27
-37
-30
-17
-16
-11
-7
-1
18
34
45
39
21
3
-11
-20
-20
-19
-23
-27
-28
-18
0
-1
-8
-1
9
8
9
16
13
12
14
20
20
11
9
6
1
12
21
27
28
18
11
12
17
13
13
2
-1
-11
-24
-28
-32
-27
-15
-15
-25
-29
-25
-25
-29
-32
-54
-60
-46
-48
-50
-46
-41
-29
-9
12
25
23
16
10
7
11
9
9
4
-1
14
23
17
11
11
8
7
10
18
22
16
17
20
20
21
19
12
14
18
15
17
28
34
30
16
8
14
12
-6
-20
-17
-9
-3
3
-4
-14
-34
-32
-31
-40
-34
-25
-18
-25
-24
-24
-31
-29
-24
-20
-25
-16
-19
-31
-22
-10
-2
-7
-7
3
-2
-3
1
0
-2
-5
-7
-2
8
17
24
17
11
20
28
30
29
26
20
12
4
7
-8
-20
-16
-17
-10
13
31
40
42
40
35
27
32
27
15
0
-6
6
5
9
15
22
28
30
31
26
23
17
7
-5
7
18
14
24
32
36
34
24
22
18
13
10
11
6
-3
2
3
-4
-2
0
-14
-27
-26
-21
-29
-38
-36
-27
-29
-33
-32
-37
-47
-50
-47
-42
-43
-37
-26
-14
-8
-20
-24
-37
-43
-45
-60
-63
-62
-41
-27
-17
-5
-4
7
4
4
-8
-23
-13
-13
-3
5
6
5
-1
12
14
8
15
25
30
22
6
-3
1
13
29
38
32
23
17
8
10
22
17
12
15
28
32
25
22
20
16
17
20
9
-2
-8
-10
0
5
18
28
31
46
49
28
8
8
10
-1
3
19
24
27
29
27
28
25
7
-9
-26
-36
-34
-42
-46
-38
-33
-35
-22
-12
-10
-5
3
10
10
3
-4
-9
-4
13
23
23
17
8
1
-6
-4
-5
-10
-15
-32
-35
-36
-47
-42
-38
-25
-3
14
8
-6
-9
-13
-8
1
7
10
4
-6
-5
1
2
6
19
28
23
31
38
26
29
35
51
65
64
67
54
33
33
32
25
19
13
4
-10
-19
-23
-24
-21
-18
-23
-34
-42
-49
-60
-58
-42
-43
-47
-52
-55
-58
-59
-43
-34
-29
-29
-28
-25
-32
-32
-28
-27
-25
-19
-11
-8
-2
3
-7
-11
-8
-7
-1
-3
-4
-2
4
14
22
25
7
-9
-18
-20
-8
11
24
35
48
53
57
60
56
55
50
40
47
40
31
33
33
31
23
36
36
23
19
24
24
20
17
10
12
13
7
-2
-11
-7
1
6
-1
-9
-11
-14
-8
0
-6
-7
-10
-11
-18
-29
-23
-19
-3
9
17
19
20
22
16
11
3
4
4
1
2
0
0
7
12
5
-1
3
-2
-20
-41
-57
-59
-50
-33
-16
-17
-24
-21
-17
-30
-51
-48
-44
-42
-41
-39
-34
-50
-54
-31
-1
6
7
16
18
21
22
28
20
28
41
21
17
18
15
6
6
27
34
33
22
13
4
-14
-25
-19
-13
-11
0
3
-2
0
12
21
20
22
15
9
4
2
-6
-18
-20
-14
0
9
14
13
12
9
19
33
31
23
12
-1
-17
-18
-11
1
12
13
11
-1
-11
-12
-21
-24
-25
-34
-47
-41
-29
-30
-30
-19
-5
8
11
1
-12
-12
1
13
6
-2
-5
-5
-1
1
7
18
31
43
39
34
33
28
43
50
45
31
16
15
16
11
-1
-4
6
8
-4
-14
-22
-26
-20
-16
-27
-24
-4
9
15
8
2
1
7
9
-3
-12
-7
0
11
16
20
21
22
35
26
5
-6
-10
-13
-10
-13
-31
-34
-19
-16
-23
-31
-41
-38
-18
-10
-9
-3
-3
-5
-12
-13
-6
0
20
37
33
24
19
23
22
19
21
5
-11
-24
-28
-22
-25
-15
8
25
26
17
12
11
5
-5
-12
-19
-24
-26
-28
-26
-25
-22
-23
-20
-25
-37
-46
-49
-40
-33
-30
-29
-28
-28
-15
1
1
9
17
17
2
-13
-9
-6
-2
0
7
8
14
35
51
68
58
55
57
42
38
26
5
7
11
10
18
30
40
30
16
4
-1
3
2
10
21
9
-2
-3
-8
-1
-1
1
4
3
-8
-12
-1
6
22
30
28
24
22
24
25
19
16
-4
-30
-50
-69
-63
-42
-17
-8
-16
-21
-30
-30
-17
-8
-7
-15
-21
-22
-30
-32
-21
-10
-7
6
20
20
21
20
27
20
16
22
29
39
32
27
31
38
38
38
35
28
16
3
-2
-1
-8
-16
-16
-21
-24
-23
-18
-10
-12
-14
-14
-27
-47
-50
-45
-31
-11
-1
-3
-1
1
2
-5
-14
-19
-30
-41
-42
-43
-44
-38
-19
8
16
13
5
-14
-26
-20
-1
8
6
3
-8
-12
-21
-22
-18
-15
3
23
30
31
35
28
28
27
21
11
1
17
34
35
35
32
30
38
49
57
56
53
50
51
45
25
12
-4
-26
-22
-8
-9
-11
-2
12
4
-17
-34
-47
-47
-37
-36
-39
-39
-33
-26
-22
-7
-6
-9
-6
-14
-25
-33
-40
-43
-32
-27
-26
-24
-31
-18
4
15
25
39
44
43
45
48
40
25
18
16
15
19
25
33
34
42
44
36
28
29
28
14
4
-5
-9
-6
-5
6
8
6
1
-2
6
3
17
23
13
8
2
-11
-22
-18
-21
-25
-15
-17
-18
-26
-31
-21
-28
-26
-28
-35
-31
-25
-21
-24
-24
-35
-44
-51
-53
-48
-50
-47
-34
-29
-25
-19
-14
-4
-3
2
3
-7
-3
2
8
16
21
28
22
31
56
63
52
33
36
38
24
15
9
19
31
45
52
42
37
43
46
29
9
-5
-22
-24
-16
-23
-38
-33
-13
1
-8
-19
-12
-18
-28
-23
-14
-21
-28
-29
-31
-29
-36
-31
-23
-12
-5
7
20
23
36
51
47
33
17
20
30
34
27
6
-4
-4
5
11
15
27
31
23
10
-1
-12
-18
-12
-8
-18
-28
-27
-21
-15
4
14
12
7
2
-2
-15
-21
-10
-7
2
11
12
16
14
11
-2
-1
2
-12
-23
-29
-23
-8
6
9
0
-6
-7
-13
-15
-9
0
8
7
6
-7
-19
-25
-25
-6
6
17
20
19
15
9
13
17
23
30
23
10
0
1
6
2
6
9
11
18
19
8
8
8
0
-9
-18
-26
-33
-34
-31
-14
8
25
28
19
-5
-39
-55
-53
-52
-42
-31
-18
-13
-16
-12
-9
-13
-22
-36
-46
-49
-50
-28
-8
-7
-5
0
6
12
11
3
0
-2
-2
-6
3
13
19
37
42
39
37
38
40
33
32
23
30
46
58
63
58
46
42
48
50
50
48
49
38
30
31
19
17
20
17
3
-16
-24
-31
-19
-4
-3
-6
-7
4
-8
-29
-36
-44
-55
-57
-54
-57
-61
-52
-35
-35
-44
-57
-60
-67
-63
-49
-49
-48
-52
-36
-24
-13
-7
-13
-15
-14
-6
0
-2
-10
-7
11
31
37
30
27
21
27
26
18
19
27
32
33
43
51
52
56
60
58
54
43
37
38
52
60
55
49
39
37
36
31
33
30
29
23
7
-10
-37
-47
-42
-39
-42
-37
-23
-23
-19
-17
-18
-30
-35
-39
-38
-39
-46
-48
-45
-46
-45
-28
-25
-19
-19
-16
-15
-12
-8
-23
-29
-23
-22
-22
-22
-21
-17
-15
-14
-6
-5
-6
8
14
10
15
20
18
26
28
18
4
4
15
16
20
30
45
53
58
57
60
51
47
44
28
14
13
25
15
3
-4
-2
-4
-9
-3
6
6
-2
-16
-26
-36
-44
-54
-59
-50
-44
-36
-37
-38
-29
-31
-43
-52
-50
-37
-21
-2
5
-2
-14
-22
-22
-17
-13
-4
8
9
2
5
-1
-9
-9
-3
7
25
54
67
63
49
43
47
51
66
62
48
31
17
30
39
48
67
72
72
68
59
43
14
-2
-5
-12
-2
8
16
21
6
-13
-39
-42
-40
-43
-27
-17
-11
-17
-22
-17
-12
-18
-20
-12
-7
-13
-30
-40
-41
-44
-39
-32
-27
-27
-38
-47
-60
-64
-55
-35
-23
-15
-6
-5
-3
6
8
2
-10
-17
-21
-23
-16
-5
-2
9
18
17
22
27
30
20
7
5
7
2
-4
-1
14
28
41
50
46
34
13
4
1
-14
-24
-27
-35
-40
-30
-18
-11
-9
-6
-10
-20
-21
-27
-25
-21
-25
-15
-6
-21
-30
-20
3
22
24
13
1
8
19
28
34
27
15
19
25
21
26
36
33
37
40
45
46
42
39
41
46
46
36
21
13
6
2
5
-1
-5
0
4
0
5
16
12
12
25
27
23
4
-7
-10
-17
-21
-25
-21
-18
-18
-5
11
20
20
14
10
0
1
3
-9
-19
-21
-25
-32
-37
-37
-27
-16
-8
-10
-8
-4
-2
-18
-39
-42
-49
-46
-41
-43
-42
-48
-41
-25
-13
-7
-7
0
3
9
13
2
-12
-15
-2
8
9
-7
-23
-28
-29
-25
-23
-18
-12
2
17
22
25
28
33
34
32
16
-5
-14
-15
-15
-6
6
18
16
17
22
14
11
14
23
21
14
15
16
14
14
14
7
-1
1
10
7
4
3
-1
-1
-2
0
10
12
14
25
16
7
4
-4
-10
-13
-1
11
5
17
35
29
18
18
11
7
14
10
0
-14
-16
3
22
25
17
3
-5
-16
-21
-26
-30
-26
-19
-14
-12
-10
-17
-14
-15
-24
-38
-58
-62
-60
-49
-27
0
26
36
39
37
31
14
1
-12
-10
1
4
6
6
11
25
44
48
32
7
-6
-21
-28
-17
-5
8
19
24
9
6
9
13
17
13
15
11
6
-2
-5
-5
-6
20
36
40
43
35
33
26
23
16
10
13
12
3
-5
-4
7
7
-8
-4
-4
-13
-14
-14
-32
-59
-59
-64
-74
-78
-79
-86
-85
-59
-37
-26
-16
-11
-5
6
14
9
0
-8
0
19
20
19
17
13
15
16
17
18
6
1
-2
-17
-20
-11
-4
2
8
1
-10
-7
-14
-25
-20
-16
-17
-22
-24
-8
21
36
32
20
13
-1
-15
-6
8
23
25
22
21
11
14
18
19
34
41
36
24
28
35
31
26
24
22
9
4
1
-4
-3
0
8
16
6
-5
0
1
9
21
20
18
16
2
-6
-8
0
9
22
18
0
-17
-25
-13
0
11
14
9
0
-4
4
16
25
29
29
23
20
18
12
6
8
18
8
4
5
-3
-5
-10
-11
3
9
5
-8
-26
-44
-63
-69
-65
-59
-57
-55
-54
-49
-45
-45
-38
-27
-32
-36
-38
-51
-54
-46
-32
-20
-9
13
31
43
50
49
37
27
24
9
-15
-32
-41
-43
-38
-17
-2
0
-1
3
-3
-9
-11
-14
-3
0
12
17
9
6
12
35
51
62
61
44
30
23
30
35
34
42
48
43
33
20
10
-1
4
20
22
22
18
16
10
10
9
-9
-20
-23
-27
-37
-49
-49
-44
-46
-31
-22
-30
-31
-12
3
5
3
-2
-9
-15
-15
-15
-14
-7
1
6
14
13
-2
-6
-2
3
9
16
30
38
41
36
26
24
14
12
21
24
30
32
31
30
22
11
6
8
17
23
27
37
33
24
18
12
13
9
11
3
-9
-19
-23
-17
-18
-19
-19
-21
-18
-29
-47
-55
-61
-60
-45
-28
-25
-24
-22
-27
-34
-42
-50
-46
-34
-28
-21
-10
-12
-12
-8
10
30
44
50
37
21
4
-16
-28
-23
-19
-13
-1
4
17
28
29
27
18
8
-5
-22
-27
-28
-24
-13
7
17
18
21
24
28
35
29
18
8
3
-10
-17
-8
0
5
-5
-3
-4
2
10
16
23
12
12
12
7
3
-6
-10
-10
-7
-10
-10
-9
-9
-2
1
6
4
-2
-12
-16
-22
-24
-16
-3
12
11
17
15
5
-5
-28
-39
-33
-19
3
4
9
5
-6
-4
-3
-9
-8
4
8
12
20
20
24
44
56
60
50
48
50
39
31
16
9
13
11
25
30
26
32
21
8
7
5
-1
-3
-4
1
1
0
-7
-9
-17
-36
-45
-46
-38
-31
-25
-19
-12
-5
-1
-6
-15
-19
-13
-9
-3
-3
-9
-19
-22
-14
-14
-9
-10
-18
-26
-30
-38
-41
-39
-36
-21
-13
-3
-6
-23
-27
-22
-14
2
18
25
27
31
23
6
0
8
21
34
44
45
32
24
23
30
18
-4
-8
-15
-19
-25
-29
-22
-23
-15
-9
0
8
2
-2
-2
5
10
11
18
19
22
40
49
51
49
29
-3
-17
-20
-23
-23
-32
-46
-53
-49
-42
-40
-35
-21
-15
-17
-23
-32
-24
-18
-26
-30
-23
-18
-17
-1
14
19
23
36
41
40
36
25
29
28
20
12
12
14
15
24
29
31
38
53
51
41
39
35
38
35
28
21
6
0
-1
2
11
21
19
3
-8
-8
-1
-3
-3
-6
-20
-25
-29
-32
-28
-19
-16
-11
-7
-7
-5
-11
-18
-20
-24
-27
-25
-15
-6
0
9
5
-2
-15
-23
-22
-26
-15
-10
-8
-15
-20
-12
-10
-3
-2
-8
4
10
24
36
37
31
18
7
4
3
4
-2
3
5
-11
-25
-32
-25
-18
-7
-7
-9
-12
-12
-17
-28
-40
-52
-47
-40
-23
-9
-2
9
20
26
27
24
25
18
15
3
-9
2
8
19
24
22
21
22
21
21
19
19
17
17
20
15
14
2
-11
-26
-33
-25
-27
-28
-21
-13
-16
-19
-21
-19
-17
-11
-2
3
17
26
30
26
7
-8
-10
-3
12
30
27
26
17
17
27
19
15
10
6
0
-9
-6
-6
5
15
14
21
22
28
16
5
-2
-13
-23
-25
-15
-2
9
12
12
9
4
-14
-24
-22
-10
-1
5
12
15
5
-17
-23
-18
-13
-13
-13
-10
2
4
-2
-5
-10
-12
-10
-6
-15
-25
-29
-27
-23
-13
4
21
32
38
38
29
10
0
-4
-9
-12
-4
11
20
31
37
43
56
68
63
44
35
24
16
18
19
13
1
4
4
-4
-5
-15
-34
-58
-66
-63
-64
-57
-44
-40
-46
-52
-59
-72
-77
-72
-74
-69
-60
-52
-54
-51
-40
-22
-9
-9
-10
-8
-4
-1
-1
2
18
38
50
57
69
68
65
61
45
36
30
36
45
38
31
21
21
28
36
34
30
31
27
26
19
9
1
-4
-3
5
11
9
-4
-11
-11
-1
23
30
26
20
20
20
17
13
12
13
10
13
14
10
4
1
7
14
14
5
-10
-13
-20
-42
-57
-65
-66
-59
-45
-28
-24
-21
-20
-18
-10
-9
-22
-32
-36
-27
-20
-5
3
-2
1
-8
-15
-22
-21
-24
-25
-11
9
24
25
18
22
31
26
26
24
28
27
23
25
22
28
37
45
37
31
24
8
-7
-18
-22
-28
-26
-12
-3
-7
-11
-11
-9
-6
-3
-2
-5
-11
-23
-49
-53
-39
-32
-19
-8
0
5
9
14
6
-2
4
11
14
8
6
11
21
20
16
20
20
26
31
44
59
55
41
25
21
14
-7
-15
-18
-20
-22
-20
-13
-18
-26
-30
-23
-20
-30
-39
-48
-55
-47
-25
-8
-1
1
-4
-10
-3
-3
-12
-22
-26
-15
-8
-5
2
-9
-13
-4
0
-1
-15
-33
-29
-18
-10
3
17
28
34
38
41
39
30
18
9
5
-1
-2
-6
-12
-18
-11
8
29
34
31
33
32
31
16
3
2
8
28
42
57
61
57
63
62
57
57
47
26
0
-18
-35
-46
-42
-28
-6
-8
-3
4
-9
-18
-37
-36
-33
-37
-29
-29
-20
-11
-7
1
5
3
-1
-14
-22
-27
-18
-11
-10
-15
-25
-21
-8
3
-5
-18
-27
-31
-26
-27
-14
5
9
14
3
5
6
-1
3
-3
-1
3
7
7
-4
-17
-29
-35
-19
-7
-6
-6
7
29
33
26
16
9
4
-3
-5
-6
-8
4
14
18
19
18
14
9
8
10
13
10
3
-8
-20
-27
-27
-19
-13
0
8
9
3
-15
-32
-43
-39
-24
-10
5
7
2
0
4
13
17
7
1
7
7
-1
-1
7
4
8
21
32
36
32
22
13
13
16
14
23
34
43
42
38
26
15
2
-11
-10
-13
-8
4
19
29
24
33
34
33
31
18
-5
-23
-42
-50
-47
-46
-41
-35
-24
-26
-20
-12
-8
-8
-16
-15
-12
-10
-16
-24
-16
-6
4
12
4
-2
-5
-2
-4
-5
-6
-5
-3
-8
-2
10
15
24
28
30
27
10
-5
-24
-20
-19
-8
12
12
7
-1
-1
0
9
17
12
11
7
-7
-11
-11
-2
12
15
13
6
0
7
8
2
-2
-7
-6
-10
-12
-8
-2
2
-4
-11
-27
-37
-52
-54
-40
-30
-27
-28
-27
-18
-10
-4
-2
-6
-13
-19
-23
-17
-4
3
6
4
-1
3
5
3
11
13
12
6
-4
-13
-13
0
16
32
43
57
65
62
53
43
39
37
33
31
20
12
7
15
33
36
35
36
41
38
29
19
14
11
5
3
11
11
9
16
15
9
3
-2
-5
-9
-16
-31
-41
-48
-59
-58
-49
-46
-50
-57
-56
-49
-41
-32
-32
-43
-61
-63
-57
-62
-48
-28
-24
-19
-16
-14
-22
-20
-17
-15
-8
1
4
5
15
33
52
59
61
71
75
63
48
40
33
51
75
70
58
47
40
47
49
50
49
34
23
8
-5
-19
-27
-24
-22
-22
-23
-25
-33
-23
-5
-1
-18
-38
-38
-39
-29
-20
-27
-25
-20
-13
-9
-10
-13
-18
-32
-36
-38
-47
-49
-33
-18
-5
-2
-13
-19
-14
-5
-5
-6
-9
-12
-18
-18
-18
-6
4
2
-5
-14
-10
-1
21
33
44
57
45
30
12
12
28
56
83
93
80
57
42
25
23
24
16
4
1
-4
-15
-7
-2
0
-4
-19
-28
-43
-65
-70
-50
-25
-15
-18
-15
-4
12
14
8
5
-13
-21
-8
4
16
20
13
11
2
-4
-8
-4
2
0
-2
-4
5
4
-6
-10
-14
-26
-34
-28
-17
-15
-26
-26
-22
-30
-29
-12
3
21
42
53
46
43
42
41
34
24
16
11
15
23
36
52
53
49
51
40
24
-1
-17
-24
-31
-39
-40
-36
-34
-30
-16
-11
-10
-5
-8
-10
-22
-28
-33
-37
-43
-50
-49
-39
-22
-11
-6
-6
-6
0
4
2
-4
-6
-10
-13
-8
7
21
36
44
33
21
16
3
-5
-5
-6
5
3
-5
0
9
14
12
10
2
-9
-16
-13
5
18
17
13
19
26
31
38
42
44
35
26
30
25
13
-2
-9
-18
-21
-17
-10
-6
-4
1
-21
-42
-61
-73
-70
-73
-70
-68
-70
-65
-51
-28
-20
-16
-3
5
10
19
27
16
21
32
27
18
10
14
22
37
53
52
52
55
59
48
33
26
12
-3
-12
-6
-4
-7
-3
12
22
28
34
41
46
39
33
23
14
10
15
17
14
11
0
7
-2
-18
-21
-32
-33
-33
-32
-38
-38
-32
-22
1
6
-1
1
-7
-14
-10
-13
-20
-26
-16
1
6
1
-3
1
-2
-8
-9
-7
-10
-7
-8
-11
-13
-18
-27
-28
-31
-37
-40
-32
-27
-34
-35
-30
-28
-17
-17
-15
0
4
9
2
9
15
23
31
24
27
32
43
42
42
41
38
24
7
3
5
15
14
16
19
12
-2
8
17
10
0
-7
-13
-18
-3
9
12
5
-3
-11
-17
-15
-15
-7
-5
-11
-24
-35
-42
-37
-32
-25
-20
-14
-6
4
12
6
6
3
14
23
22
21
11
9
10
16
13
14
11
1
1
1
13
20
24
34
28
10
-4
-7
-8
-2
2
1
-3
5
10
11
13
12
17
2
-4
-1
-2
1
7
11
13
17
16
16
22
31
30
25
24
27
29
18
-2
-11
-10
-23
-29
-19
-22
-35
-42
-39
-41
-44
-54
-60
-58
-54
-50
-42
-31
-26
-13
-3
2
5
5
-1
-3
-8
-9
3
18
31
28
39
51
41
26
18
11
0
-12
-12
-3
5
23
45
58
63
55
45
25
11
0
-6
-2
-7
-10
-19
-28
-26
-22
-21
-26
-34
-43
-57
-67
-67
-69
-64
-55
-45
-26
-17
-13
-15
-11
-4
-6
-13
-18
-14
-13
-8
-2
-8
-9
-7
2
6
9
7
4
8
3
3
10
32
53
53
61
66
80
100
102
88
72
45
30
30
35
38
34
37
48
58
50
45
43
45
38
19
7
-1
-12
-23
-38
-46
-43
-43
-43
-42
-30
-19
-29
-36
-37
-41
-50
-57
-64
-73
-82
-89
-78
-63
-50
-42
-27
-16
-5
13
31
32
18
7
-1
-4
-5
-4
10
31
36
31
32
35
35
38
36
35
42
41
32
23
10
0
-1
-4
-6
-8
-8
-7
-3
4
15
9
4
6
-3
-7
-11
-10
-7
-11
-23
-22
-14
-2
7
12
19
12
8
0
-5
-9
-16
-25
-40
-56
-55
-43
-34
-24
-23
-23
-25
-30
-26
-26
-31
-34
-40
-42
-26
-21
-19
-16
-14
-13
-10
-10
-9
-2
0
-1
0
8
10
25
34
30
19
21
32
39
52
61
68
67
63
71
70
64
55
52
54
52
55
60
66
64
48
33
27
21
14
7
0
-14
-24
-16
-7
1
13
10
-7
-27
-43
-61
-67
-65
-72
-81
-81
-62
-53
-48
-39
-26
-13
-22
-24
-27
-41
-45
-42
-28
-17
-15
-8
-6
9
22
27
33
23
27
29
21
16
23
29
38
39
34
35
30
25
20
29
23
8
0
-8
-16
-16
-9
-6
-5
-4
3
4
-5
-3
1
-6
-16
-27
-29
-23
-12
-7
-3
4
-8
-17
-17
-17
-23
-29
-30
-42
-45
-43
-42
-29
-11
-4
6
16
16
16
4
-3
3
4
-6
-25
-35
-33
-21
-6
-5
12
25
18
20
23
27
10
-3
2
17
30
33
38
43
47
57
64
72
59
46
41
33
24
6
2
-2
-7
-12
-16
-17
-22
-18
-8
4
-1
-10
0
4
-2
-8
-20
-25
-31
-38
-28
-10
-8
-5
-7
-7
-13
-12
-9
-4
7
5
0
-10
-12
-16
-17
-13
-9
-1
3
13
11
4
1
-9
-4
-9
-18
-19
-15
-10
-16
-7
-6
-19
-19
-2
22
31
23
6
-2
2
13
30
41
40
39
37
33
30
18
10
-6
-10
-5
-4
10
22
23
12
4
2
-10
-20
-31
-36
-29
-19
-6
-4
3
3
9
9
1
-7
-27
-35
-37
-30
-25
-17
-16
-10
10
14
22
10
-1
-6
-12
-10
-11
-18
-17
-15
-11
-1
5
10
14
16
14
7
-4
-7
-7
-9
-1
4
-1
-6
-7
-9
-17
-27
-19
-13
-11
3
17
27
39
43
30
18
15
6
-8
-19
-15
5
10
8
0
-10
-20
-23
-13
-14
-3
5
4
0
-14
-21
-15
7
21
23
26
21
18
22
39
44
37
38
24
15
13
11
15
9
9
13
3
-16
-15
-7
-7
-10
-11
-7
4
11
6
-6
-16
-34
-37
-25
-15
-15
-15
-15
-12
-3
-8
-11
-15
-27
-38
-44
-40
-32
-25
-18
-18
-2
6
1
1
3
6
2
3
5
12
18
17
16
13
16
16
19
27
35
36
37
32
25
27
14
6
12
26
39
47
40
19
10
-4
-9
0
15
9
7
6
-9
-20
-34
-26
-14
-6
-7
-18
-20
-18
-9
-11
-12
-13
-9
-1
5
7
-2
-7
1
12
-3
-29
-35
-37
-24
-11
-11
-5
-1
6
1
-5
-14
-25
-27
-28
-18
-15
-25
-31
-24
-14
-22
-26
-27
-37
-37
-26
-11
0
14
30
30
13
-14
-29
-25
-23
-17
-2
-2
-13
-17
-17
-8
10
23
27
28
37
44
44
38
35
34
33
42
59
66
51
44
35
29
26
16
6
1
8
10
11
14
15
15
15
18
11
11
21
13
4
3
0
6
16
14
1
-7
-11
-24
-31
-25
-28
-31
-33
-39
-30
-31
-34
-25
-25
-27
-30
-25
-21
-15
-12
-16
-12
-6
1
0
1
11
15
21
31
28
11
9
6
-3
-9
-14
-3
8
16
18
18
21
12
11
19
19
17
7
-6
-11
-20
-25
-19
-10
-11
-21
-29
-32
-30
-25
-21
-18
-21
-44
-49
-46
-38
-11
3
10
16
19
19
13
11
-2
-5
-5
-3
2
13
28
22
16
27
39
48
49
43
30
18
4
-16
-18
-12
-5
0
3
7
11
16
8
-6
-2
9
16
6
-6
-4
-3
0
6
9
1
-4
1
6
0
-4
0
6
19
25
10
-4
-13
-31
-37
-37
-34
-29
-29
-21
-27
-34
-39
-44
-40
-31
-20
-19
-19
-16
-12
-3
13
36
47
42
35
28
30
25
11
15
25
23
17
24
32
10
-7
-7
-3
-2
-6
-4
3
6
2
-3
6
11
-5
-15
-24
-30
-31
-35
-29
-15
-3
2
14
28
28
24
15
18
25
30
36
34
24
15
15
18
29
38
43
37
24
27
35
47
46
29
13
-2
-13
-13
0
6
15
15
3
-22
-38
-38
-44
-46
-56
-55
-52
-58
-48
-36
-29
-33
-46
-53
-54
-40
-41
-37
-28
-35
-18
-6
-3
4
3
6
11
12
4
7
8
-2
-19
-25
-12
2
12
25
23
16
21
26
19
12
2
-1
3
10
12
14
13
7
-1
7
15
12
10
5
9
13
6
2
4
-6
-23
-26
-18
-8
5
10
20
31
27
27
12
0
-6
-14
-20
-29
-22
-8
11
30
36
31
15
3
3
4
5
0
-11
-7
9
19
18
10
-1
-8
-18
-21
-9
0
5
4
1
1
-4
-11
-1
22
31
43
56
53
38
29
12
-1
-8
-13
-11
-22
-24
-22
-17
-17
-20
-12
-9
0
11
6
7
9
-3
-12
-19
-19
-18
-14
-6
4
19
33
45
47
47
38
15
3
-7
-7
-11
-17
-17
-15
-7
-6
2
9
10
13
7
-2
-13
-25
-30
-36
-45
-41
-31
-25
-27
-29
-25
-25
-27
-38
-26
-10
-1
-5
-12
-4
3
10
16
21
21
21
15
1
-15
-27
-23
-11
2
18
29
35
39
40
37
32
18
-9
-39
-56
-61
-50
-23
-3
-1
-8
-7
-11
-13
-12
-13
-13
-25
-48
-51
-49
-54
-51
-43
-36
-26
-3
30
50
63
77
93
92
71
57
40
14
0
-4
11
27
46
59
60
58
47
43
38
24
3
-11
-25
-52
-78
-73
-52
-39
-26
-6
26
42
49
47
31
15
12
13
10
10
15
10
4
18
43
54
57
57
62
57
47
41
22
-2
-7
-5
-6
-12
-21
-18
-21
-34
-38
-25
-26
-43
-56
-60
-68
-76
-79
-80
-67
-67
-65
-45
-25
-7
2
10
6
-4
-3
3
12
3
-3
-3
8
9
-3
-1
-5
-10
-21
-18
-11
-27
-51
-56
-55
-56
-55
-39
-22
-22
-28
-28
-19
-20
-6
14
23
24
11
14
26
39
55
75
91
94
81
77
78
77
62
55
60
57
68
69
61
57
50
48
53
48
42
34
13
-11
-32
-34
-43
-47
-43
-46
-44
-50
-53
-45
-34
-32
-32
-44
-51
-53
-57
-62
-60
-45
-31
-17
-13
-11
-26
-36
-43
-48
-37
-25
-22
-23
-28
-35
-23
-21
-15
-3
-11
-13
-15
-29
-36
-31
-30
-34
-31
-22
-16
-10
3
7
7
9
19
44
67
85
99
103
100
88
68
66
80
79
86
94
102
119
126
127
138
130
109
99
88
72
40
15
11
5
-10
-35
-45
-44
-60
-69
-71
-73
-78
-87
-79
-62
-49
-41
-39
-36
-49
-60
-64
-66
-79
-79
-63
-61
-64
-69
-65
-55
-49
-38
-15
3
18
25
25
21
9
8
9
12
1
-9
-22
-38
-44
-47
-45
-36
-29
-19
-12
-24
-35
-51
-50
-43
-37
-29
-28
-19
-27
-27
-10
-2
13
27
22
23
22
1
-4
7
16
32
51
71
81
72
88
103
100
92
79
85
77
62
36
12
-5
-23
-21
-13
-3
4
-2
4
5
-2
10
17
4
-10
-24
-33
-35
-24
-6
9
13
6
10
18
16
19
27
37
37
12
6
1
-18
-41
-49
-34
-26
-18
-5
12
27
29
12
-24
-43
-45
-48
-42
-37
-34
-25
-14
-7
-3
-8
10
22
5
-6
3
12
-10
-21
10
44
54
44
41
65
78
63
42
38
27
3
20
39
43
30
4
4
-27
-79
-99
-63
4
2
-21
-42
-77
-112
-133
-109
-58
-4
54
86
99
92
42
-8
-27
-26
-9
5
48
77
60
47
13
-13
-44
-86
-82
-49
4
34
27
19
11
-32
-111
-142
-105
-68
-60
-61
-26
-16
-48
-78
-102
-79
-71
-89
-66
-10
25
8
14
40
36
4
-21
10
62
83
61
40
58
88
117
101
83
74
46
32
62
103
102
68
39
45
26
-13
-52
-66
-74
-100
-104
-40
23
-2
-54
-82
-68
-65
-96
-97
-35
31
51
47
42
40
28
28
53
84
101
112
130
146
126
88
83
104
96
60
23
5
18
26
-7
-35
-11
-3
-53
-121
-110
-67
-58
-52
-18
29
14
-71
-125
-101
-70
-59
-56
-11
42
22
-29
-77
-93
-80
-62
-49
-13
45
58
27
9
21
37
46
78
134
152
125
106
83
27
-8
-58
-89
-67
-51
-59
-79
-58
-54
-82
-116
-160
-170
-160
-154
-169
-183
-142
-89
-43
-35
0
69
81
59
65
114
117
86
111
149
147
108
109
144
177
172
145
130
84
71
69
61
14
-25
41
37
-28
-67
-81
-151
-244
-214
-153
-58
34
58
71
26
-38
-54
-42
-20
2
50
59
17
2
-4
-5
-28
-71
-80
-84
-85
-78
-72
-22
-6
-8
23
0
-83
-117
-108
-72
-43
-24
5
-61
-212
-331
-329
-298
-332
-265
-157
-139
-112
-121
-115
-178
-258
-106
146
355
403
677
1127
957
414
17
14
293
489
637
817
1333
1394
585
-29
-424
-525
-306
129
563
474
205
18
-116
-519
-1133
-1302
-763
48
167
-295
-399
-313
-663
-1064
-878
-239
106
165
349
757
928
379
-263
-308
148
417
410
787
1384
1276
649
240
16
-159
-447
-476
-117
212
144
-298
-498
-683
-908
-1040
-939
-627
-449
-425
-672
-734
-671
-884
-1071
-993
-809
-700
-536
-305
-155
23
48
-71
84
584
975
1112
1406
1633
1819
1974
1892
1712
1540
1728
1736
1497
1264
839
539
196
-224
-728
-1154
-1289
-1504
-1719
-1948
-2331
-2622
-2619
-2284
-2064
-2075
-1999
-1868
-1764
-1643
-1328
-914
-573
-405
-254
-234
-429
-671
-471
672
1821
2088
1863
2128
2512
2012
1442
1596
2309
3276
3741
3402
2840
2712
2363
1477
918
452
-119
-60
403
139
-897
-1555
-1582
-1851
-2331
-2477
-2156
-1532
-996
-897
-1087
-1067
-1057
-1122
-1031
-955
-873
-686
-269
-1
-99
-445
-784
-1021
-1401
-1738
-1854
-949
643
1212
755
808
1734
1800
1071
1085
1859
2994
3619
3326
2767
2839
2814
1641
912
876
91
-507
-124
78
-1053
-2130
-2004
-2005
-2553
-3079
-2913
-2218
-1701
-1288
-1092
-860
-710
-772
-678
-588
-559
-610
-245
176
-5
-307
-368
-492
-970
-1648
-1835
-776
747
1005
524
1049
1906
1288
318
694
1669
2912
3629
3511
3351
3493
2796
1248
725
409
-659
-945
-75
143
-935
-1516
-1348
-1591
-2252
-2747
-2520
-1855
-1142
-747
-679
-531
-522
-574
-619
-773
-822
-697
-325
-212
-408
-660
-785
-836
-1215
-1627
-1879
-1236
139
849
578
410
1406
1913
1205
926
1496
2834
3794
3942
3555
3601
3673
2514
1624
1047
-126
-1017
-527
348
-343
-1208
-1145
-1043
-1490
-2418
-2739
-2409
-1768
-1378
-1399
-1054
-828
-942
-973
-1111
-1366
-1638
-1317
-961
-992
-1056
-1267
-1481
-1939
-2468
-2624
-1452
234
361
51
928
2148
2037
1266
1266
2148
3632
4051
3618
3699
4316
3826
2569
2394
1760
294
-237
682
872
-343
-882
-680
-586
-1141
-1822
-1917
-1585
-1086
-1050
-912
-689
-675
-435
-201
-162
-717
-1157
-964
-797
-951
-1509
-1674
-1627
-1845
-2276
-2713
-1795
-340
130
-261
87
1519
1647
981
791
1277
2609
3318
3221
2823
3407
3492
2088
1604
1130
-151
-1171
-607
-37
-1093
-1751
-1406
-1085
-1613
-2287
-2337
-2160
-1749
-1519
-1055
-557
-283
-220
-420
-499
-902
-1235
-1068
-742
-705
-864
-596
-592
-912
-1459
-2122
-1356
138
643
-49
291
1952
2100
1239
1002
1978
3540
4146
3865
3376
3891
3871
2373
1554
822
-469
-1525
-1102
-632
-1734
-2303
-1777
-1217
-1623
-2261
-2293
-2012
-1442
-1449
-1435
-1065
-569
-231
-185
-57
-257
-244
-16
104
-24
-284
-336
-390
-531
-1119
-1834
-1909
-1028
120
313
128
1070
2506
2523
1608
1574
2736
3872
3974
3255
2819
3358
3123
1970
1156
526
-350
-730
-140
-333
-1344
-1577
-1287
-1429
-2178
-2743
-2805
-2408
-1871
-1773
-1425
-801
-274
-79
-177
-344
-690
-911
-1046
-1232
-1213
-974
-685
-785
-953
-1210
-1480
-884
177
552
-39
221
1659
1965
1021
594
1773
3303
3371
2614
2281
2996
2682
1196
506
138
-638
-1376
-818
-699
-1583
-1473
-807
-625
-1143
-1510
-1510
-1365
-923
-1017
-873
-127
421
617
563
403
-56
-226
-200
-500
-839
-860
-751
-930
-1337
-1598
-1836
-2053
-1424
-233
130
-200
664
2331
2205
1165
1279
2534
3645
3466
2786
2565
3390
3277
1756
1041
814
-47
-959
-764
-808
-1552
-1597
-1183
-1249
-1863
-2326
-2470
-2324
-2135
-2245
-1816
-940
-421
-441
-338
-100
-448
-847
-1062
-1131
-995
-897
-783
-876
-765
-722
-1082
-538
636
1101
446
673
2258
2638
1768
1554
2630
3845
4022
3418
2772
3302
3514
2102
961
564
-27
-1115
-1105
-830
-1378
-1462
-1077
-1017
-1579
-2078
-2317
-2280
-1753
-1754
-1545
-470
221
94
-97
283
-15
-692
-998
-1266
-1465
-1462
-1327
-1353
-1326
-1424
-1659
-1806
-1512
-662
-248
-423
74
1474
1901
1320
1502
2387
3448
4006
3554
2797
3410
3897
2237
838
699
103
-1030
-1024
-523
-961
-1297
-966
-869
-1184
-1595
-1840
-1621
-1108
-1167
-1046
-105
497
385
543
952
784
430
232
87
-283
-540
-877
-1142
-1263
-1600
-2171
-2235
-1445
-691
-651
-629
485
1367
812
-3
266
1306
2055
1922
1213
1519
2712
2211
669
193
395
-329
-881
-452
-637
-1161
-1034
-598
-701
-1208
-1298
-960
-410
-417
-646
13
840
1030
801
1169
1212
529
26
-269
-699
-1198
-1324
-1425
-1576
-1676
-1689
-1956
-1966
-1172
-335
-371
-606
396
1488
1240
835
1487
2743
3482
3263
2600
2953
3961
2970
1261
1062
917
-311
-974
-477
-777
-1527
-1229
-830
-1102
-1602
-1792
-1681
-1403
-1235
-1182
-635
110
301
196
300
219
-66
-226
-330
-599
-763
-836
-1040
-1156
-1113
-1285
-1676
-1383
-490
-143
-668
-558
707
1155
605
613
1634
2894
3272
2612
2013
2774
3311
2093
891
828
494
-524
-799
-811
-1252
-1390
-999
-663
-806
-1049
-1022
-1000
-868
-850
-739
-159
310
422
207
69
-108
-463
-771
-1145
-1304
-1208
-1274
-1588
-1796
-1764
-2014
-2439
-2015
-702
-172
-661
-276
1272
1682
1058
1254
2149
3282
3700
3045
2614
3531
3763
1864
921
1134
207
-1221
-1132
-838
-1525
-1478
-838
-597
-842
-1105
-1142
-1002
-784
-1082
-1005
-159
346
338
289
602
594
262
160
-169
-414
-744
-1377
-1939
-2180
-2395
-2845
-2786
-1900
-666
-182
-355
87
1285
1349
733
877
1746
2718
3031
2656
2534
3618
3614
1931
1267
1499
630
-574
-589
-770
-1377
-1043
-553
-593
-712
-729
-789
-805
-648
-971
-939
-416
-112
-24
32
222
45
-101
-262
-535
-556
-737
-1038
-1491
-1706
-1865
-2249
-2471
-1941
-672
-226
-419
407
1898
2038
1396
1520
2228
3072
3319
2804
2674
3677
3645
1997
1297
1319
253
-1022
-1170
-1366
-1982
-1772
-1284
-1399
-1524
-1393
-1301
-1254
-1080
-1243
-1314
-927
-786
-922
-865
-443
-247
-234
-119
-94
-109
-452
-1064
-1598
-1937
-2293
-2676
-2842
-2445
-1413
-799
-871
-307
1210
1699
1390
1833
2466
3071
3608
3320
2847
3716
4390
2965
2073
2556
1938
609
293
186
-640
-878
-643
-857
-924
-904
-1134
-1013
-713
-1058
-1308
-653
-256
-527
-481
-43
69
-38
-37
-231
-489
-879
-1566
-2103
-2327
-2592
-2977
-3341
-3038
-2164
-1635
-1618
-1086
438
1001
773
1178
1773
2442
3113
3021
2415
3111
3987
2635
1610
2142
1849
545
325
575
-174
-494
-306
-533
-712
-788
-991
-1037
-772
-865
-998
-422
-113
-256
-171
31
50
87
29
-244
-360
-464
-978
-1595
-1815
-2084
-2483
-2706
-2917
-2623
-1845
-1411
-1150
103
1322
1503
1847
2465
2768
3364
3589
2951
3036
4152
3738
2281
2488
2568
1231
364
671
148
-956
-1133
-1178
-1433
-1468
-1525
-1538
-1269
-1150
-1594
-1619
-1299
-1447
-1684
-1556
-1174
-899
-741
-775
-771
-686
-1097
-1771
-2060
-2321
-2776
-2855
-2692
-2471
-1661
-836
-531
135
1289
1645
1762
2285
2466
2822
3497
3375
2831
3663
4235
3042
2565
2856
2117
737
396
275
-413
-873
-1225
-1325
-1303
-1616
-1955
-1576
-893
-1012
-1066
-425
-110
-509
-798
-320
-250
-684
-773
-514
-489
-987
-1336
-1322
-1241
-1651
-1957
-1934
-2169
-1855
-990
-549
-514
330
1523
1761
1966
2337
2742
3671
3859
3000
3107
4372
3680
2187
2676
2847
1357
526
798
92
-996
-1271
-1514
-1871
-2042
-2200
-2086
-1700
-1649
-1793
-1275
-938
-1288
-1346
-831
-609
-884
-920
-810
-923
-1147
-1533
-1797
-1747
-1865
-2215
-2515
-2798
-2757
-1995
-1478
-1600
-802
793
1296
1263
1905
2643
3282
3801
3429
3053
3908
3970
2420
2290
2855
1843
831
1354
1307
207
58
140
-557
-1226
-1510
-1557
-1565
-1626
-1628
-1010
-209
-299
-385
78
465
136
-302
-401
-524
-885
-1492
-1810
-1941
-2305
-2657
-2633
-2605
-3110
-2749
-1586
-1261
-1409
-512
1203
1551
1559
2349
3022
3856
4241
3965
3778
4491
4421
2928
3001
3172
1886
826
1117
640
-861
-980
-923
-1609
-2210
-2452
-2460
-2472
-2381
-2556
-2153
-1448
-1494
-1478
-868
-400
-825
-1101
-829
-833
-1375
-1928
-1996
-1997
-2311
-2460
-2303
-2085
-2390
-2089
-1052
-698
-712
149
1734
2273
2489
3146
3780
4774
5104
4524
4454
5587
5380
3793
3925
3970
2424
1304
1345
356
-1267
-1297
-1310
-1970
-2457
-2585
-2455
-2422
-2447
-2938
-2464
-1772
-2062
-2208
-1721
-1235
-1539
-1652
-1394
-1379
-1590
-1952
-1913
-1994
-2391
-2618
-2559
-2561
-3085
-2594
-1420
-1014
-1076
67
2051
2662
2764
3285
4153
5260
5287
4595
4723
5858
5065
3317
3884
3905
2148
1189
1617
516
-1152
-1017
-1108
-1910
-2295
-2256
-2191
-2185
-2337
-2720
-1858
-970
-1329
-1363
-569
-189
-842
-1002
-813
-1057
-1269
-1533
-1669
-1934
-2236
-2535
-2771
-2891
-3490
-2996
-1927
-1652
-1445
-94
1847
2408
2752
3528
4356
5355
5120
4376
4463
5178
4343
3019
3544
3173
1548
1094
1434
249
-1312
-1116
-1213
-2215
-2862
-2988
-2831
-2788
-2860
-2884
-2018
-1413
-1753
-1590
-849
-702
-1133
-968
-781
-1105
-1302
-1701
-1933
-1925
-2198
-2705
-2799
-2433
-2902
-2692
-1330
-686
-685
324
2513
3301
3235
3767
4559
5509
5393
4622
4470
5380
5121
3395
3436
3514
1941
717
917
119
-1982
-2210
-2042
-3067
-3833
-3689
-3281
-3354
-3236
-3149
-2523
-1519
-1581
-1600
-855
-290
-655
-933
-700
-952
-1174
-1443
-1803
-1809
-1791
-1970
-2198
-1915
-1987
-1711
-365
235
152
1029
2785
3456
3497
4318
5171
6106
6489
5876
5472
6047
5803
3939
3474
3552
2179
897
905
336
-1310
-1715
-1918
-3081
-3868
-4082
-4077
-4083
-3992
-4005
-3408
-2301
-2260
-2273
-1658
-1261
-1607
-1846
-1566
-1734
-1902
-2075
-2382
-2621
-2955
-3180
-3364
-3194
-3039
-2988
-2032
-865
-214
352
1748
3457
4043
4497
5173
5849
6530
6582
5950
5739
6316
5538
3954
3953
3833
2280
1161
1207
49
-1637
-2095
-2737
-3794
-4344
-4335
-4238
-3669
-3223
-3256
-2290
-1243
-1442
-1548
-746
-332
-1024
-1336
-1245
-1342
-1495
-1948
-2151
-2071
-2227
-2786
-2896
-2772
-3253
-2734
-1304
-773
-653
702
2574
3162
3594
4380
5051
6083
6201
5365
5149
5884
5063
3337
3615
3435
1884
809
671
-545
-2219
-2451
-3016
-3838
-3987
-3958
-3652
-3141
-2776
-2735
-1673
-539
-1006
-1194
-438
34
-383
-671
-377
-224
-185
-484
-755
-736
-1201
-1875
-2197
-2127
-2477
-2781
-1730
-613
-218
292
2117
3823
3909
4104
4872
5636
5679
5176
4700
4552
4945
4112
2941
2844
2256
801
-379
-799
-2041
-3325
-3660
-4191
-4777
-4982
-4697
-4232
-3725
-3467
-3037
-1745
-1174
-1650
-1466
-478
-402
-1147
-1166
-919
-1044
-1323
-1542
-1606
-1717
-1943
-2082
-1946
-1934
-2068
-1123
157
486
1010
2650
4051
4093
4419
5261
5690
6207
6240
5642
5523
6125
5473
3900
3710
3171
1417
165
-234
-1385
-2956
-3368
-3660
-4212
-4461
-4450
-4033
-3577
-3433
-3325
-2469
-1902
-2350
-2155
-1339
-1117
-1586
-1758
-1407
-1236
-1448
-1971
-2180
-2118
-2450
-2951
-2928
-2690
-2614
-2384
-1300
15
606
1292
2974
4554
4609
4562
5294
5962
6188
5889
5427
5434
5943
5133
3712
3718
3308
1564
333
52
-1208
-2561
-2567
-2877
-3683
-3859
-3435
-3115
-3080
-2910
-2468
-1632
-1270
-1601
-1199
-521
-592
-1082
-1101
-824
-1042
-1349
-1719
-2002
-2233
-2508
-2730
-2868
-2782
-2723
-1959
-722
-227
265
1650
3289
3660
3749
4559
4885
5428
5633
4959
4682
5278
4901
2789
2441
2695
1027
-667
-907
-1306
-2794
-3166
-2982
-3384
-3575
-3518
-3172
-2824
-2705
-2614
-1955
-1238
-1407
-1264
-329
174
-31
-327
-244
-197
-406
-1026
-1582
-1558
-1724
-2176
-2411
-2154
-1821
-1782
-1352
-335
452
805
1497
3043
3865
3763
3943
4560
5200
5170
4515
4211
4756
4535
2738
2047
2247
902
-869
-1202
-1655
-3226
-3819
-3571
-3884
-4226
-3931
-3490
-3048
-2565
-2275
-1758
-1035
-970
-1053
-491
71
-168
-573
-385
-288
-615
-1139
-1342
-1218
-1418
-1722
-1689
-1278
-1051
-1269
-749
331
851
1102
2027
3645
4152
4071
4607
5239
5594
5340
4903
4771
4933
4266
2623
2269
2061
543
-885
-1362
-2021
-3215
-3471
-3513
-3856
-3854
-3647
-3459
-3069
-2781
-2668
-2040
-1412
-1410
-1190
-442
-153
-483
-476
-309
-555
-1077
-1676
-1828
-1811
-2158
-2576
-2534
-2260
-2166
-2063
-1662
-737
69
474
1209
2588
3588
3830
4394
5045
5508
5676
5142
4588
4742
4651
3076
2241
2446
1660
222
-268
-758
-1922
-2406
-2601
-3217
-3591
-3407
-3258
-2835
-2177
-1944
-1539
-771
-568
-560
-237
-33
-302
-431
-432
-822
-1051
-1277
-1541
-1528
-1482
-1764
-2001
-1641
-1465
-1634
-1396
-463
330
626
1210
2525
3573
3768
4107
4667
5067
5203
4762
3990
3854
3770
2261
1157
1264
589
-870
-1448
-1458
-2476
-3304
-3278
-3510
-4061
-4300
-3953
-3524
-3237
-3028
-2509
-1491
-981
-866
-429
34
116
-169
-356
-511
-847
-1144
-1440
-1432
-1505
-1676
-1489
-1155
-930
-881
-699
-4
850
1251
1442
2633
4133
4268
4319
4949
5456
5664
5284
4527
4313
4848
3810
2052
2029
1767
156
-975
-999
-1971
-3071
-2996
-3250
-3762
-3812
-3628
-3382
-3024
-2605
-2261
-1471
-1057
-1288
-1080
-695
-791
-1212
-1351
-1398
-1366
-1410
-1724
-1930
-1928
-1859
-2135
-2248
-2166
-2035
-1999
-1730
-440
468
725
1492
3270
4292
4046
4475
5152
5529
5576
4925
4493
4633
4648
3286
2479
2810
1892
395
-31
-210
-1314
-1983
-1993
-2548
-3015
-2883
-2767
-2605
-2300
-2094
-1736
-885
-505
-618
-348
-138
-486
-903
-1137
-1426
-1766
-2160
-2611
-2589
-2239
-2434
-2544
-2236
-2164
-2068
-1759
-1045
-281
336
898
1856
3247
3734
3865
4645
5318
5510
5182
4610
4268
4368
3713
2175
1724
1395
38
-1141
-1510
-2200
-3278
-3663
-3819
-4107
-4169
-4223
-3863
-3350
-3041
-2770
-2023
-1334
-1364
-1000
-471
-333
-470
-505
-644
-833
-689
-784
-1019
-949
-797
-794
-772
-509
-279
-44
144
666
1642
1972
2081
3147
4536
4660
4445
5170
5584
5491
5043
4244
3760
3764
2918
1176
850
700
-843
-1866
-1619
-1993
-3171
-3447
-3365
-3725
-3748
-3529
-3228
-2848
-2412
-2133
-1459
-701
-813
-810
-396
-204
-435
-679
-766
-908
-1004
-1342
-1572
-1430
-1641
-1772
-1433
-1264
-1277
-1002
-581
-75
776
1368
1600
2703
3939
4172
4335
4835
5136
5120
4783
4117
3846
3936
2663
1254
1318
771
-825
-1674
-1811
-2734
-3659
-3491
-3615
-3860
-3614
-3283
-2912
-2532
-2234
-2112
-1518
-1132
-1420
-1423
-1192
-1352
-1672
-1611
-1553
-1510
-1302
-1340
-1259
-990
-861
-983
-955
-701
-562
-207
-39
434
1661
2313
2495
3470
4953
5130
4855
5485
5659
5395
5145
4427
3624
3608
3173
1577
1154
1273
26
-1229
-1319
-1698
-2778
-2993
-3082
-3461
-3319
-3142
-3019
-2697
-2273
-2352
-2179
-1753
-2082
-2146
-1806
-1787
-2162
-2243
-1857
-1730
-1708
-1828
-1730
-1325
-1331
-1306
-1055
-792
-503
-88
74
375
1395
1969
1954
2776
4016
3956
3779
4501
4652
4582
4764
4285
3534
3781
3535
1834
1243
1225
-26
-1264
-1485
-1898
-2790
-2813
-2747
-3039
-2815
-2611
-2598
-2398
-2138
-2175
-2052
-1671
-1837
-1956
-1599
-1416
-1574
-1423
-1057
-912
-735
-718
-685
-435
-346
-396
-362
-256
-336
-224
29
57
615
1440
1626
1841
2888
3650
3402
3525
4014
4076
4038
3832
3138
2801
2999
2149
913
942
754
-441
-1078
-959
-1596
-2398
-2426
-2697
-3084
-3189
-3209
-3306
-3268
-3047
-2821
-2310
-2089
-2108
-1550
-1029
-1125
-1270
-965
-683
-632
-490
-347
3
328
401
561
813
871
804
943
758
736
1373
1568
1275
1771
2837
2941
2919
3381
3458
3724
3983
3377
2706
3079
2855
1282
840
1096
151
-935
-997
-1306
-2236
-2592
-2675
-3060
-3202
-3139
-3224
-3329
-3234
-3122
-2901
-2570
-2564
-2314
-1818
-1724
-1796
-1496
-1207
-1225
-901
-506
-500
-329
77
305
251
228
383
465
424
251
609
1390
1631
1792
2625
3676
3914
3883
4188
4452
4743
4494
3651
3389
3875
3317
1802
1566
1607
225
-1157
-1342
-1784
-2901
-3387
-3485
-3837
-4088
-4004
-3811
-3669
-3543
-3504
-3152
-2805
-2934
-2739
-2081
-1729
-1818
-1519
-1002
-817
-654
-473
-261
137
312
139
106
318
377
384
329
270
774
1500
1785
2011
3007
3949
4124
4474
4853
5005
5212
5099
4364
3844
4054
3357
1969
1620
1374
137
-1091
-1389
-1832
-2707
-3073
-3182
-3273
-3387
-3494
-3316
-3141
-3195
-3180
-2660
-2293
-2388
-1982
-1277
-1025
-1039
-761
-366
-257
-325
-432
-354
-243
-389
-499
-402
-297
-283
-206
-195
-203
392
1076
1147
1383
2269
2967
2991
3133
3486
3652
3785
3645
3122
2867
2907
2193
1044
637
235
-922
-1791
-2116
-2766
-3370
-3315
-3311
-3598
-3424
-3036
-2932
-2852
-2683
-2467
-2146
-1941
-1789
-1333
-738
-394
-181
188
491
553
596
664
641
579
613
729
643
371
469
852
784
477
938
1767
1881
1878
2523
3268
3486
3510
3598
3691
3809
3548
2829
2439
2410
1776
581
-49
-348
-1239
-2183
-2535
-2859
-3496
-3795
-3718
-3787
-3866
-3713
-3542
-3519
-3475
-3303
-3037
-2697
-2467
-2184
-1724
-1361
-1156
-836
-452
-159
227
544
645
812
1085
1267
1313
1399
1577
1796
1876
1700
1931
2593
2858
2807
3142
3812
3952
3807
3783
3686
3705
3460
2728
2173
2168
1768
678
204
119
-651
-1559
-1907
-2196
-2764
-3070
-3207
-3416
-3384
-3316
-3291
-3082
-2822
-2766
-2600
-2156
-1930
-1913
-1644
-1186
-927
-845
-618
-185
136
164
338
785
939
809
897
1048
802
594
720
732
553
690
1075
1267
1351
1620
2073
2360
2403
2351
2583
2952
2653
2012
2030
2306
1668
688
489
353
-440
-1239
-1591
-1992
-2524
-2757
-2888
-3055
-3080
-2984
-2802
-2631
-2594
-2617
-2375
-2060
-2080
-1980
-1408
-895
-726
-387
182
560
715
899
1102
1180
1071
904
805
666
388
191
190
46
-62
219
531
584
825
1573
2104
2160
2311
2747
3104
3025
2740
2540
2498
2199
1410
837
577
32
-731
-1127
-1375
-2001
-2484
-2628
-2833
-3104
-3247
-3275
-3247
-3084
-2862
-2562
-2009
-1617
-1388
-838
-88
409
785
1411
1956
2230
2385
2540
2612
2505
2273
1932
1618
1313
851
420
81
-245
-392
-105
186
194
508
1276
1838
1863
2007
2470
2740
2731
2488
2221
2050
1779
1152
491
198
-345
-1203
-1763
-2118
-2653
-3269
-3612
-3922
-4293
-4389
-4406
-4449
-4355
-4043
-3644
-3191
-2688
-2143
-1365
-520
85
611
1256
1857
2150
2268
2361
2308
2170
1943
1710
1474
1126
727
391
175
-67
-171
-11
123
244
541
1107
1670
2046
2325
2548
2887
3069
2806
2558
2535
2370
1746
1110
725
140
-562
-1202
-1759
-2311
-2854
-3341
-3770
-3961
-4078
-4284
-4242
-3942
-3694
-3397
-2761
-2051
-1536
-911
-43
671
1066
1480
2018
2404
2438
2386
2504
2390
1848
1305
1010
633
22
-460
-657
-762
-942
-882
-476
-40
300
912
1773
2404
2703
2982
3329
3551
3517
3166
2830
2639
2216
1387
733
348
-354
-1150
-1748
-2321
-2994
-3460
-3711
-4087
-4239
-4113
-3942
-3706
-3327
-2739
-2184
-1644
-1011
-257
590
1237
1758
2212
2505
2657
2685
2601
2371
1990
1476
984
602
173
-413
-895
-1125
-1302
-1473
-1474
-1114
-540
5
488
1107
1840
2334
2660
2980
3261
3331
2977
2455
2097
1839
1179
256
-339
-850
-1575
-2256
-2721
-3264
-3821
-4097
-4178
-4205
-4089
-3728
-3227
-2711
-2233
-1557
-631
87
579
1192
1869
2278
2353
2447
2577
2442
2107
1644
1238
723
104
-309
-704
-1185
-1687
-1879
-1859
-1814
-1618
-1317
-729
-27
605
1276
2048
2799
3181
3440
3708
3786
3692
3252
2662
2146
1666
859
-99
-701
-1225
-1884
-2536
-2920
-3141
-3369
-3526
-3595
-3445
-3149
-2815
-2346
-1836
-1312
-680
-51
476
895
1406
1823
1945
1960
1982
2003
1881
1570
1159
745
300
-233
-749
-1115
-1339
-1618
-1883
-1908
-1641
-1328
-1086
-582
127
683
1041
1626
2376
2698
2764
2938
3188
3045
2474
2151
1957
1443
585
29
-207
-763
-1363
-1724
-1922
-2160
-2387
-2359
-2248
-2185
-2174
-1958
-1528
-1202
-911
-558
-150
48
116
417
710
792
737
729
760
673
537
343
168
-16
-270
-502
-733
-840
-913
-898
-821
-727
-497
-153
410
978
1401
1719
2086
2509
2654
2548
2477
2620
2555
1996
1474
1307
1075
417
-133
-311
-631
-1224
-1605
-1672
-1868
-2063
-1982
-1879
-1873
-1840
-1690
-1589
-1544
-1392
-1122
-804
-665
-555
-276
23
177
187
388
631
641
569
403
299
160
-114
-373
-611
-702
-844
-1109
-1210
-1190
-1163
-1194
-953
-515
-271
-25
473
1098
1355
1540
1923
2150
2179
2137
2006
1821
1743
1603
1176
837
754
526
71
-260
-351
-483
-833
-1186
-1246
-1263
-1530
-1782
-1714
-1594
-1619
-1530
-1228
-1006
-887
-544
-131
106
289
629
887
834
722
784
728
331
-3
-68
-168
-443
-625
-661
-754
-846
-806
-571
-164
181
545
1026
1548
1935
2196
2453
2729
3094
3180
2884
2711
2719
2420
1828
1558
1349
830
331
28
-365
-880
-1283
-1596
-1930
-2299
-2559
-2691
-2759
-2856
-2767
-2432
-2144
-1947
-1619
-1112
-760
-619
-394
-29
231
194
166
242
269
22
-272
-372
-617
-1021
-1305
-1417
-1533
-1637
-1553
-1384
-1110
-641
-135
365
921
1553
2022
2419
2772
3074
3449
3614
3427
3210
3168
2893
2196
1657
1289
688
-61
-656
-1128
-1721
-2350
-2776
-2951
-3110
-3292
-3217
-2914
-2631
-2342
-1877
-1355
-909
-465
-35
287
462
725
994
1095
1053
976
903
752
513
182
-142
-355
-565
-846
-1003
-926
-720
-595
-419
88
764
1210
1538
2146
2804
3051
3203
3476
3647
3617
3389
3100
2795
2440
1876
1196
545
-99
-714
-1396
-2090
-2684
-3004
-3378
-3836
-3937
-3830
-3761
-3653
-3285
-2864
-2546
-2070
-1505
-1041
-722
-322
223
444
519
755
919
687
429
514
382
-92
-401
-420
-533
-774
-818
-782
-676
-423
-163
112
572
1176
1702
2171
2706
3285
3752
3922
3917
4092
4314
3997
3356
3146
2971
2134
1300
927
292
-725
-1351
-1673
-2292
-2913
-3097
-3181
-3415
-3499
-3293
-2991
-2781
-2461
-1967
-1508
-1181
-804
-371
-32
134
323
505
502
439
323
123
-165
-320
-540
-899
-1135
-1198
-1241
-1406
-1414
-1154
-826
-613
-369
153
661
1042
1502
2017
2341
2545
2851
2983
2979
3077
2907
2432
2149
1989
1364
562
212
-106
-765
-1343
-1749
-2132
-2536
-2860
-2964
-2943
-2914
-2791
-2319
-1919
-1724
-1241
-548
-169
60
552
1041
1200
1257
1390
1437
1239
926
716
437
58
-320
-541
-773
-1053
-1102
-1094
-1140
-1093
-837
-531
-297
112
644
1074
1429
1909
2421
2692
2851
3022
3043
2904
2720
2466
2134
1802
1407
853
346
-117
-698
-1188
-1544
-1885
-2250
-2507
-2568
-2592
-2580
-2501
-2245
-1885
-1607
-1273
-775
-305
-62
194
526
720
738
687
728
669
418
191
53
-102
-362
-542
-691
-890
-998
-1047
-1093
-1041
-841
-679
-594
-357
69
434
659
1002
1480
1715
1790
2048
2273
2206
2028
1907
1697
1405
1138
716
288
11
-393
-872
-1129
-1257
-1502
-1663
-1606
-1585
-1554
-1337
-994
-697
-497
-180
234
554
684
859
1154
1227
1110
1029
1019
864
573
402
253
-66
-458
-708
-898
-1186
-1381
-1428
-1507
-1618
-1545
-1286
-1118
-978
-644
-193
124
413
894
1279
1365
1475
1731
1811
1634
1495
1301
928
606
282
-151
-557
-870
-1189
-1429
-1512
-1628
-1725
-1666
-1540
-1406
-1259
-1088
-853
-557
-318
-172
103
370
451
553
780
891
739
645
608
466
280
144
56
-87
-225
-319
-404
-439
-392
-284
-271
-280
-97
184
343
474
858
1246
1353
1537
2009
2292
2203
2229
2349
2199
1943
1753
1519
1221
939
633
305
-24
-340
-578
-805
-1066
-1230
-1305
-1439
-1526
-1365
-1257
-1375
-1268
-941
-869
-999
-879
-599
-612
-732
-643
-496
-582
-744
-671
-557
-626
-756
-765
-764
-864
-909
-892
-909
-895
-775
-694
-667
-517
-274
-78
154
503
769
866
1017
1312
1522
1586
1694
1857
1978
1890
1721
1697
1683
1448
1155
1048
881
571
332
180
-21
-236
-400
-646
-936
-1096
-1244
-1450
-1515
-1499
-1576
-1679
-1595
-1433
-1406
-1288
-1038
-820
-729
-609
-396
-278
-195
-74
-10
-32
-58
-38
-58
-86
-13
22
-68
-50
95
115
53
144
420
588
667
937
1256
1359
1464
1741
1985
2124
2186
2187
2126
2050
1900
1697
1532
1363
1113
792
496
209
-124
-481
-853
-1162
-1443
-1777
-2011
-2078
-2132
-2243
-2229
-2065
-1979
-1897
-1699
-1493
-1356
-1196
-934
-775
-731
-644
-559
-540
-547
-531
-524
-588
-687
-690
-650
-683
-667
-498
-323
-237
-33
432
741
964
1477
1938
2146
2433
2860
3052
3102
3293
3387
3270
3169
3111
2901
2520
2092
1724
1308
743
182
-246
-768
-1420
-1847
-2167
-2555
-2825
-2925
-3029
-3150
-3061
-2820
-2616
-2336
-1915
-1511
-1211
-925
-600
-308
-158
-47
147
230
121
43
37
-91
-290
-301
-227
-330
-423
-321
-206
-131
108
490
780
1022
1347
1654
1855
2068
2336
2470
2510
2553
2484
2292
2103
1968
1720
1303
837
424
-88
-735
-1260
-1592
-1981
-2446
-2699
-2818
-3009
-3128
-3002
-2777
-2588
-2267
-1827
-1440
-1071
-633
-193
141
353
566
760
759
718
757
723
541
380
273
51
-203
-266
-224
-256
-238
-25
198
329
567
900
1237
1552
1838
2148
2407
2620
2804
2868
2778
2666
2612
2292
1791
1470
1110
444
-242
-634
-1107
-1781
-2219
-2434
-2731
-3104
-3235
-3136
-3098
-3077
-2879
-2519
-2217
-1961
-1513
-960
-584
-272
128
434
600
768
918
916
839
788
657
434
259
223
144
-4
-15
72
80
107
310
508
642
888
1229
1481
1715
2038
2326
2522
2661
2784
2770
2606
2474
2341
2058
1593
1184
802
234
-386
-847
-1260
-1845
-2309
-2505
-2763
-3085
-3183
-3110
-3080
-3033
-2849
-2598
-2357
-2089
-1689
-1255
-936
-645
-263
50
192
380
587
600
539
581
552
405
300
280
206
58
7
38
44
43
144
277
360
495
730
1004
1213
1440
1686
1872
1990
2072
2143
2135
2054
1914
1682
1365
1039
729
358
-28
-340
-676
-1080
-1396
-1590
-1811
-2035
-2123
-2145
-2226
-2234
-2059
-1887
-1751
-1472
-1113
-858
-640
-346
-78
76
215
416
579
593
586
651
640
524
476
470
397
253
179
149
73
43
106
147
141
242
425
537
604
790
996
1052
1098
1264
1353
1288
1292
1346
1227
1019
910
829
632
380
186
-28
-361
-685
-860
-1010
-1237
-1392
-1392
-1418
-1514
-1459
-1309
-1238
-1159
-948
-709
-567
-426
-193
32
196
371
537
610
636
687
700
639
582
539
421
284
151
35
-114
-282
-353
-394
-460
-513
-491
-483
-471
-376
-278
-198
-78
92
237
341
483
636
715
731
755
781
736
670
637
531
354
191
18
-163
-334
-484
-613
-755
-906
-1022
-1037
-1049
-1054
-984
-910
-848
-693
-476
-337
-177
46
192
269
438
626
734
789
857
880
793
681
596
517
359
171
43
-65
-191
-319
-363
-371
-410
-393
-275
-148
-76
34
189
296
407
562
685
777
865
917
892
838
735
586
427
234
-25
-290
-534
-782
-982
-1164
-1305
-1383
-1482
-1536
-1478
-1425
-1354
-1170
-910
-690
-462
-121
195
418
640
894
1098
1155
1207
1295
1269
1163
1103
1050
863
654
533
396
178
-8
-94
-211
-352
-416
-383
-362
-365
-261
-91
-10
72
271
440
503
583
704
722
644
597
527
326
100
-55
-274
-577
-810
-960
-1166
-1402
-1526
-1587
-1680
-1719
-1587
-1386
-1249
-1055
-746
-482
-275
19
366
617
796
1043
1278
1348
1384
1523
1573
1463
1419
1401
1242
1000
843
691
455
270
179
33
-156
-238
-252
-308
-347
-261
-178
-199
-178
-18
92
100
158
279
287
191
181
143
-5
-190
-311
-458
-707
-906
-1018
-1195
-1420
-1520
-1564
-1671
-1737
-1654
-1543
-1476
-1331
-1072
-849
-660
-411
-127
61
232
494
716
856
961
1067
1118
1103
1125
1156
1093
988
948
881
709
596
569
491
387
406
482
450
408
507
599
608
694
863
955
936
985
1065
1024
919
869
801
617
421
296
119
-152
-374
-546
-777
-1023
-1175
-1280
-1448
-1607
-1658
-1697
-1787
-1783
-1663
-1574
-1504
-1323
-1082
-913
-742
-469
-224
-82
88
280
404
472
578
654
632
611
631
615
498
405
384
310
206
200
236
202
169
229
295
289
309
419
534
570
619
734
790
789
803
788
736
665
576
454
302
137
-33
-174
-304
-437
-570
-710
-818
-895
-956
-976
-954
-898
-861
-793
-651
-531
-434
-287
-98
58
200
342
465
566
609
628
642
610
537
463
350
231
141
32
-77
-158
-198
-273
-350
-346
-350
-350
-283
-167
-68
12
127
248
292
292
359
420
407
412
440
429
337
241
187
89
-43
-135
-206
-326
-459
-506
-509
-568
-607
-566
-524
-522
-468
-340
-262
-215
-146
-46
24
39
95
169
188
188
210
206
139
54
9
-32
-101
-137
-174
-229
-271
-275
-266
-245
-191
-132
-53
41
163
279
383
492
623
727
779
834
869
864
841
821
749
613
483
377
246
93
-32
-164
-331
-467
-536
-589
-658
-707
-679
-638
-642
-603
-503
-425
-394
-310
-170
-112
-79
-9
50
70
89
143
165
118
76
45
-17
-81
-103
-93
-156
-222
-207
-177
-176
-158
-89
-30
19
79
186
253
270
334
377
377
381
397
398
309
207
166
84
-11
-81
-165
-267
-376
-446
-470
-520
-555
-534
-506
-454
-387
-270
-138
-22
111
232
363
453
555
657
703
759
801
809
765
692
640
577
485
410
295
164
84
-30
-142
-242
-293
-344
-414
-399
-367
-367
-377
-326
-253
-259
-256
-208
-179
-198
-183
-107
-78
-119
-132
-132
-198
-269
-283
-294
-382
-477
-493
-506
-558
-601
-567
-520
-495
-410
-286
-213
-150
-22
85
149
236
349
421
431
488
555
530
514
546
547
501
471
468
415
324
276
254
176
91
80
76
6
-34
19
63
33
51
156
189
155
161
177
130
83
111
149
86
29
31
-21
-96
-130
-122
-171
-260
-294
-304
-369
-427
-386
-331
-328
-349
-311
-284
-308
-259
-157
-102
-73
-25
14
27
48
95
140
154
157
180
170
158
150
137
98
83
74
32
-13
-22
-12
-54
-72
-38
-61
-125
-147
-130
-158
-175
-86
-33
-43
-13
51
89
88
128
177
143
109
165
200
183
183
216
253
224
215
251
208
143
144
150
112
92
151
170
125
98
103
91
34
27
22
-35
-97
-129
-159
-239
-281
-251
-249
-284
-287
-275
-311
-368
-360
-336
-330
-304
-269
-241
-257
-249
-194
-156
-112
-62
-26
-30
-36
-12
-22
-65
-51
-17
-31
-21
41
66
58
83
141
126
75
125
183
142
119
195
237
240
278
408
481
427
442
488
454
383
405
418
329
270
271
228
99
37
10
-103
-219
-230
-235
-338
-424
-426
-428
-477
-455
-370
-372
-418
-334
-247
-267
-243
-167
-114
-124
-54
75
118
107
149
217
158
94
103
90
9
-12
31
-13
-103
-94
-36
-42
-64
-3
35
-7
42
145
172
156
218
306
294
279
300
278
222
197
223
178
95
100
100
-2
-108
-134
-173
-214
-221
-192
-218
-289
-285
-243
-247
-246
-175
-122
-96
-31
60
102
108
158
214
190
141
140
128
69
47
39
-35
-123
-136
-114
-170
-221
-186
-167
-192
-154
-48
-8
-17
52
142
168
171
264
330
284
260
294
303
250
234
234
154
49
-12
-73
-198
-294
-290
-297
-344
-360
-356
-397
-395
-306
-246
-231
-206
-116
-63
-51
-3
85
109
110
187
212
176
134
159
161
87
43
32
-31
-121
-120
-104
-155
-200
-174
-137
-153
-148
-81
-49
-38
28
116
148
160
218
269
270
279
312
317
280
277
296
253
220
225
213
158
120
119
77
0
-43
-53
-101
-156
-144
-152
-191
-201
-175
-155
-164
-149
-111
-108
-117
-96
-86
-112
-110
-49
-18
-20
7
56
72
62
78
107
90
88
123
132
104
84
114
123
82
66
69
26
-23
-23
-45
-127
-201
-193
-203
-245
-253
-246
-268
-288
-253
-226
-242
-233
-149
-74
-20
27
61
74
108
179
242
279
287
329
358
345
327
309
247
179
167
129
34
-45
-65
-82
-110
-140
-152
-167
-197
-195
-185
-200
-207
-163
-117
-85
-48
-15
25
68
111
151
148
106
82
56
28
0
-18
-68
-111
-123
-149
-184
-218
-213
-207
-195
-171
-138
-105
-74
-30
31
87
118
134
177
220
219
223
234
227
204
179
163
121
66
14
-25
-59
-129
-189
-202
-193
-194
-172
-137
-132
-134
-114
-55
-23
-8
35
93
125
135
183
219
192
172
205
223
188
127
128
143
97
69
66
44
13
1
19
15
-30
-24
8
14
2
5
39
37
42
89
109
64
47
83
67
-1
-63
-71
-112
-190
-218
-220
-247
-318
-312
-250
-249
-274
-229
-155
-145
-165
-101
-9
-23
-25
64
146
173
205
270
293
226
203
243
214
138
112
122
63
-28
-63
-63
-121
-178
-152
-143
-210
-244
-185
-142
-172
-174
-122
-122
-155
-131
-46
-28
-49
1
72
72
24
46
92
79
60
98
109
63
33
78
109
67
61
99
109
91
96
120
112
69
66
86
48
13
4
-3
-39
-72
-64
-72
-96
-101
-78
-51
-65
-93
-79
-66
-53
-21
6
42
46
51
75
90
88
89
92
70
40
52
86
91
85
77
60
38
1
-16
-1
-15
-54
-59
-36
-22
-35
-26
9
-5
-24
0
39
29
9
55
90
66
49
95
111
60
32
68
73
5
-29
-14
-33
-84
-89
-58
-82
-134
-118
-60
-69
-122
-110
-89
-111
-149
-134
-80
-93
-89
-10
20
-19
-25
14
23
-6
-2
30
13
-37
-25
13
-23
-52
-19
-2
-19
-25
-1
17
9
30
103
130
111
110
119
108
88
109
114
56
36
69
72
53
50
57
19
-35
-52
-63
-119
-155
-138
-158
-204
-209
-163
-147
-143
-88
-59
-77
-74
-8
60
53
56
97
124
133
166
230
212
168
198
217
177
125
125
96
4
-32
-16
-67
-161
-170
-149
-184
-221
-192
-158
-181
-166
-96
-65
-85
-70
-9
12
14
61
115
114
108
147
179
157
136
143
129
109
84
65
0
-87
-97
-89
-124
-149
-119
-104
-141
-145
-84
-72
-80
-43
0
23
46
108
173
165
163
178
168
152
135
139
131
107
98
85
58
35
38
42
16
-2
-14
-47
-89
-115
-121
-130
-133
-113
-112
-125
-118
-107
-110
-116
-91
-44
-36
-31
9
23
9
19
58
65
57
78
110
101
84
95
106
76
41
32
20
4
-22
-14
-27
-70
-105
-115
-112
-116
-113
-107
-136
-162
-148
-133
-129
-137
-123
-106
-108
-110
-85
-70
-55
-35
-14
10
23
35
53
61
64
75
74
73
80
82
90
79
62
65
67
67
82
94
114
124
123
122
127
152
163
166
183
196
187
192
192
179
142
107
90
57
13
-37
-68
-98
-126
-160
-202
-234
-243
-226
-220
-234
-249
-246
-230
-205
-169
-126
-96
-75
-50
-21
19
45
53
58
72
95
94
89
97
100
84
71
64
33
1
-11
0
-1
-19
-29
-32
-44
-52
-35
-27
-28
-19
16
37
34
56
87
101
98
98
95
99
93
98
96
62
47
41
33
32
29
35
28
2
5
-6
-45
-64
-71
-79
-85
-81
-63
-69
-73
-52
-40
-35
-19
-2
0
3
13
35
44
42
44
24
-7
-22
-25
-18
-23
-27
-17
-30
-50
-37
-33
-50
-54
-71
-92
-93
-86
-65
-62
-50
-13
6
14
26
21
13
1
-7
3
-5
-17
-12
-11
-11
-12
-1
28
43
43
46
40
29
27
28
33
14
-1
18
15
3
6
17
25
36
56
60
47
29
37
21
13
16
23
31
34
52
51
47
46
27
8
-10
-21
-24
-34
-38
-33
-17
-3
-8
-22
-23
-27
-49
-48
-57
-63
-48
-43
-20
-4
-3
20
30
37
49
56
57
42
39
36
49
58
58
55
28
15
18
26
40
32
26
11
-2
-1
2
0
-3
3
-15
-39
-51
-48
-48
-69
-71
-82
-100
-108
-122
-120
-105
-107
-110
-106
-90
-75
-57
-40
-35
-29
-11
10
10
17
29
46
66
83
107
108
104
124
134
138
124
118
105
81
74
61
52
39
39
41
40
27
0
-19
-18
-25
-38
-44
-39
-37
-39
-27
-14
-16
-26
-41
-51
-42
-37
-36
-50
-54
-49
-46
-42
-47
-29
-20
-31
-36
-45
-46
-43
-38
-25
-18
-9
3
-5
-25
-26
-19
-4
13
24
24
7
4
18
20
23
20
27
14
-4
1
3
-8
-27
-24
-21
-24
-9
9
8
5
-4
17
27
24
47
60
57
58
68
60
53
53
61
60
61
64
65
50
16
9
1
-13
-39
-39
-38
-47
-38
-28
-13
-33
-22
12
19
24
38
35
16
16
18
18
-13
-6
15
-22
-59
-78
-86
-101
-98
-68
-51
-64
-55
-18
-13
-31
-40
-30
-28
-49
-46
-12
3
51
113
146
157
154
148
126
83
55
60
42
26
31
32
5
-34
-54
-41
-16
-22
-16
-12
-30
-56
-76
-71
-75
-66
-50
-53
-33
-33
-54
-52
-54
-61
-80
-99
-75
-54
-40
-9
17
20
19
18
-9
-26
-38
-35
-23
-25
-1
31
44
71
108
121
119
121
139
124
94
70
38
15
9
33
46
59
64
60
55
27
-5
-46
-74
-82
-72
-48
-32
-31
-31
-42
-61
-83
-97
-96
-82
-54
-43
-36
-40
-51
-70
-84
-74
-82
-83
-64
-57
-51
-31
-20
-16
-8
8
32
50
62
89
100
72
44
36
34
24
27
44
63
59
53
54
38
19
14
12
6
-5
14
44
54
61
64
75
72
66
72
73
51
17
-3
-7
-5
16
55
74
79
90
92
66
58
39
-11
-34
-38
-27
-35
-20
10
-3
-17
-22
-30
-59
-81
-85
-72
-66
-48
-7
7
2
0
-17
-43
-64
-77
-69
-68
-90
-104
-119
-135
-124
-94
-55
-33
-28
-11
-33
-82
-106
-99
-91
-87
-61
-26
-13
-15
3
19
37
59
103
128
125
116
75
32
1
12
24
18
19
15
11
17
13
36
62
65
70
60
54
39
41
65
67
70
76
87
85
76
59
21
-6
-14
-10
-3
-20
-35
-57
-92
-101
-79
-49
-44
-32
-15
-24
-39
-34
-28
-30
-26
-23
-9
-25
-37
-15
-3
-13
-16
-14
-13
-19
-4
28
29
24
23
9
-6
9
22
19
0
-12
3
3
4
20
34
31
39
59
68
69
74
78
69
68
75
65
39
9
4
10
1
-5
-10
-27
-79
-113
-110
-113
-108
-87
-58
-42
-34
-36
-32
-24
-20
0
14
26
39
50
52
52
58
46
16
13
24
15
3
4
4
-10
-19
-18
-12
-29
-37
-22
-20
-38
-28
0
-5
3
33
57
51
46
60
42
-8
-33
-21
-32
-45
-35
-22
-7
5
37
59
30
16
0
-42
-57
-65
-62
-69
-74
-48
-28
-26
-18
-2
-3
-21
-23
-11
-13
-32
-33
-36
-57
-57
-36
-23
-22
-18
-7
0
-4
15
51
70
86
104
102
86
64
32
6
-1
-2
3
10
12
24
30
25
28
37
23
5
-1
-14
-34
-44
-30
1
15
39
59
49
27
6
-18
-40
-21
-5
-13
-23
-15
-11
-14
-1
20
31
18
18
35
30
6
13
25
5
-16
5
19
-10
-13
-4
-7
-13
4
38
39
29
22
25
19
22
24
13
6
3
-2
-15
-34
-36
-28
-31
-26
-2
3
-18
-36
-30
-26
-31
-8
1
-25
-34
-42
-56
-63
-36
-5
-21
-27
-24
-27
-34
-41
-23
-13
-23
-7
10
14
11
0
10
5
-4
18
33
21
-4
-2
8
22
31
39
47
47
57
61
60
64
66
67
64
48
33
8
-12
-13
-15
-18
-12
-1
-8
-24
-43
-40
-29
-32
-40
-42
-62
-76
-60
-52
-47
-35
-17
0
-10
-10
3
-13
-21
-8
4
8
7
11
9
-2
-4
-7
-15
-16
-9
-9
-18
-16
-19
-19
-21
-16
-4
3
2
8
20
28
18
12
11
-8
-23
-18
-13
-7
14
38
39
37
44
46
42
34
26
12
3
-12
-14
0
6
0
-2
5
38
57
56
72
73
64
40
37
38
27
22
21
20
1
-11
-1
6
11
28
76
94
62
55
50
14
-24
-39
-39
-46
-61
-44
-30
-55
-71
-57
-59
-70
-53
-29
-26
-39
-35
-26
-32
-32
-15
-18
-34
-28
-11
-9
-11
2
17
9
24
47
32
8
-9
-27
-54
-71
-53
-26
-28
-19
-7
-2
-15
-22
-8
-10
-11
-1
22
14
1
11
12
6
2
27
38
13
7
20
6
-13
-14
-11
-14
-15
0
2
-23
-34
-14
-24
-39
-28
-6
0
-4
10
23
29
30
31
19
15
15
14
17
25
44
63
62
61
64
60
43
26
20
0
-20
-14
2
1
-2
-7
-26
-34
-23
-8
-15
-24
-27
-29
-34
-31
-20
-21
-19
-33
-32
-29
-29
-19
-24
-25
-41
-40
-33
-39
-40
-26
2
19
36
60
63
63
68
47
38
40
48
44
44
49
41
31
17
12
9
14
17
22
25
31
39
53
59
54
56
54
52
38
26
8
-23
-31
-26
-21
-13
-16
-10
-1
2
3
6
-13
-39
-58
-67
-62
-57
-53
-68
-63
-47
-34
-19
-6
3
-12
-21
-16
-23
-36
-41
-38
-48
-55
-52
-47
-43
-47
-32
-21
-23
-32
-23
-19
-21
-16
-16
-2
9
33
55
61
32
7
7
4
15
21
18
10
6
14
2
-20
-29
-33
-15
6
26
25
14
17
19
8
-2
10
18
19
7
8
18
12
5
4
10
0
-20
-29
-24
-21
-6
8
3
1
4
26
36
42
55
74
80
91
100
86
66
45
36
22
7
8
-3
-9
-1
-1
4
12
19
20
10
-6
-11
-9
-30
-44
-32
-32
-42
-40
-30
-28
-29
-7
9
0
-3
-4
-23
-47
-46
-31
-22
-32
-24
0
14
19
28
55
63
48
32
19
-20
-42
-45
-37
-27
-26
-17
-22
-44
-63
-51
-45
-41
-36
-30
-10
-14
-13
-3
-20
-41
-46
-31
-22
-12
19
39
61
65
63
64
48
31
7
-9
-36
-43
-19
4
38
58
67
80
72
48
18
-1
2
12
32
53
68
62
35
13
0
-12
-30
-34
-30
-21
-14
-22
-9
6
14
1
-25
-39
-64
-69
-52
-45
-29
-16
-6
7
-6
-18
-29
-26
-17
-28
-26
-25
-27
-15
-14
-6
-9
-22
-14
-9
7
27
24
18
16
11
3
-2
-14
-32
-41
-26
-28
-30
-16
-9
4
-4
-5
-1
7
25
43
41
13
15
8
-1
8
5
12
2
0
16
25
25
29
41
52
56
42
40
33
29
38
43
45
36
31
31
20
19
2
-25
-11
-7
-19
-34
-40
-40
-41
-32
-22
2
3
11
34
21
-7
-2
6
1
-7
6
10
-1
18
35
44
27
12
5
-8
-8
-20
-11
3
-1
4
3
-8
1
20
16
15
25
14
2
0
-7
-11
-21
-22
-15
-10
0
-9
-35
-63
-80
-96
-86
-67
-53
-21
-14
-13
-10
-7
-11
-25
-31
-53
-64
-30
0
15
37
40
27
4
-1
-5
-32
-22
-1
7
9
14
22
27
32
33
35
29
35
58
36
14
26
42
53
47
60
40
21
5
-26
-35
-62
-85
-97
-90
-72
-48
-25
-14
6
20
-1
-37
-48
-36
-47
-81
-78
-41
-26
2
44
61
73
81
77
56
11
-11
-7
-10
-19
-12
2
5
13
43
48
47
68
69
64
64
51
22
6
17
22
21
24
25
33
41
59
66
80
80
60
38
-2
-30
-45
-51
-53
-28
-3
11
30
37
35
17
17
-3
-28
-45
-54
-36
-10
-5
-2
8
-6
-14
-24
-33
-41
-64
-80
-83
-78
-61
-23
9
1
2
4
-17
-28
-15
1
-21
-34
-33
-49
-45
-24
4
35
52
57
65
55
37
22
12
-23
-50
-17
8
15
33
36
17
11
25
19
-14
-38
-49
-82
-119
-124
-90
-61
-20
28
31
15
-6
-17
-27
-44
-31
3
2
-33
-45
-43
-52
-36
-5
2
-15
-31
-36
-39
-11
20
35
55
55
56
54
47
67
79
63
31
19
33
47
55
96
121
94
73
80
81
57
63
64
26
-15
-30
-11
-1
20
51
43
8
-25
-52
-78
-97
-79
-61
-43
-39
-35
-26
-34
-19
7
6
-19
-26
-16
-14
-6
11
15
-7
-20
-29
-45
-40
-10
16
24
26
30
21
8
15
2
-26
-45
-50
-45
-44
-40
-15
29
40
23
8
-6
-16
-4
16
7
-2
11
26
13
13
40
56
66
93
87
44
21
20
28
40
37
20
-1
-17
-25
-20
-14
-26
-3
19
5
-24
-24
-10
-8
-1
-3
-25
-44
-31
-5
-7
3
13
-4
-33
-51
-61
-81
-83
-64
-47
-46
-35
-21
-17
-19
-40
-66
-73
-59
-32
5
27
47
73
71
32
6
8
-11
-32
-18
-10
-21
-10
27
42
15
-8
-14
-13
-9
-5
9
-6
-20
-3
3
-7
-18
-5
11
20
43
63
65
43
27
18
11
8
35
60
46
28
3
-16
-32
-30
-21
-24
-10
4
25
40
44
39
18
-8
-17
-8
10
39
71
89
90
74
54
14
-24
-34
-30
-18
-3
11
25
16
-9
-41
-62
-80
-93
-63
-45
-49
-44
-17
-13
-32
-30
-28
-31
-30
-20
8
24
33
40
30
27
31
43
57
63
61
66
59
32
22
21
15
10
9
23
20
7
8
13
12
8
3
-2
-16
-22
-12
-6
-1
9
16
11
11
9
-10
-31
-47
-35
-29
-20
-9
-15
-19
-22
-38
-65
-70
-70
-63
-42
-12
9
-2
-14
-26
-30
-34
-47
-55
-80
-77
-71
-58
-45
-30
2
25
25
13
18
-6
-51
-65
-63
-66
-40
-13
8
27
38
51
52
31
1
-21
-35
-55
-53
-23
8
30
52
58
36
20
15
20
11
4
12
21
58
83
102
117
111
99
67
59
57
47
52
75
87
69
76
91
89
75
57
30
9
-9
-31
-26
-26
-40
-49
-31
-15
-28
-36
-20
-9
-9
-11
-14
-13
-21
-7
17
7
6
6
-9
-31
-36
-19
-14
-7
-4
-2
-11
-25
-29
-42
-49
-48
-39
-31
-39
-50
-48
-47
-49
-45
-32
-16
-4
3
4
4
6
1
-19
-42
-54
-59
-61
-51
-27
-8
-1
12
15
-1
-11
-16
-17
-17
-2
15
24
35
48
67
64
70
63
41
32
18
9
4
-5
-32
-43
-33
-42
-48
-40
-23
-15
-6
11
11
6
2
5
15
31
40
29
30
28
15
19
24
27
24
17
10
6
-3
-13
-23
-32
-46
-54
-45
-25
9
19
23
25
23
16
10
16
28
38
27
17
14
10
4
-2
-12
-24
-28
-21
-18
-15
-6
6
24
33
33
32
29
6
-12
-26
-37
-36
-21
9
23
38
55
50
40
29
20
14
1
-11
-15
1
9
-1
4
14
8
-4
-12
-30
-34
-27
-34
-30
3
28
21
3
-7
-9
-34
-49
-36
-26
-24
-2
26
32
27
2
-24
-36
-44
-32
-24
-23
-23
-28
-21
-8
4
7
-4
-14
-11
-13
-24
-33
-28
-34
-24
-23
-9
29
45
61
68
55
32
26
35
24
12
15
20
20
19
35
29
24
34
37
23
5
-9
-19
-35
-51
-42
-34
-43
-35
-17
-20
-27
-20
-9
8
19
23
24
21
19
32
48
37
20
7
-5
-13
-12
-3
-8
0
21
5
-4
4
2
-11
-24
-38
-53
-59
-51
-38
-20
1
12
17
9
2
0
-3
-6
-4
5
0
-21
-42
-40
-31
-16
3
13
13
10
16
17
19
28
39
38
19
13
11
7
8
15
28
22
8
3
-3
2
10
9
6
-8
-13
-9
-9
-6
-9
-16
-22
-23
-25
-28
-38
-32
-22
-11
-6
-3
18
21
18
11
11
8
-2
-2
-1
5
-1
-5
4
5
8
24
30
35
28
28
36
32
35
27
19
21
31
30
23
36
41
31
28
40
39
19
4
6
-2
-9
-14
-8
-1
-3
-4
-21
-27
-40
-52
-57
-51
-45
-37
-24
-27
-34
-44
-42
-30
-5
7
14
19
26
27
13
6
-7
-12
-20
-32
-39
-41
-28
-16
-14
-8
-20
-23
-22
-25
-22
-36
-36
-41
-40
-30
-30
-35
-39
-39
-27
-11
11
25
28
26
28
33
45
70
92
94
78
64
46
19
-4
-16
-12
-5
-5
-3
-12
-22
-21
0
15
12
12
-3
-16
-20
-13
-3
26
58
52
37
20
3
7
16
17
28
25
14
-17
-39
-34
-27
-6
4
10
12
0
-6
-9
-5
4
17
13
-10
-16
-8
8
12
7
-4
-29
-36
-35
-29
-15
-2
-4
-16
-2
14
20
28
21
16
4
0
5
16
28
15
15
8
10
37
40
40
33
17
5
-9
-19
-22
-26
-21
-28
-23
-12
-20
-17
-17
-5
-7
-2
8
-11
-20
-35
-32
-24
-25
-21
-26
-20
-12
-8
-2
4
11
23
24
22
25
20
1
-8
-19
-19
-17
-5
24
26
27
20
3
-12
-21
-16
-5
0
-9
-16
-20
-9
12
24
23
13
-3
-16
-41
-63
-58
-52
-45
-34
-29
1
24
31
36
27
17
-3
-10
1
9
16
20
22
19
23
27
24
11
-21
-34
-45
-34
-6
-8
5
22
9
-2
-6
-3
13
18
2
2
9
8
16
25
31
27
21
13
4
7
22
36
41
18
2
18
24
34
47
48
39
24
1
-7
12
27
19
7
-9
-15
-13
-4
-17
-39
-25
-34
-51
-56
-56
-38
-38
-35
-35
-39
-26
-20
-12
-10
-17
-21
-31
-55
-43
-29
-29
-20
-15
-20
-28
-11
1
29
51
41
31
38
55
46
44
43
24
18
21
25
34
26
13
13
10
10
34
36
42
38
1
-7
-11
-18
-17
1
8
8
24
32
46
50
40
20
-1
-11
-16
-15
-1
0
4
6
-7
-14
-21
-41
-67
-64
-45
-39
-21
-22
-47
-46
-30
-28
-38
-33
-59
-80
-51
-31
-18
-8
-14
-25
-43
-46
-46
-30
-7
-7
10
35
53
59
57
62
61
68
73
54
37
35
42
46
44
38
31
24
26
42
33
17
-2
-14
-7
-5
-27
-46
-45
-42
-31
-19
-5
-1
-14
-36
-40
-31
-54
-77
-73
-57
-53
-67
-66
-51
-37
-16
-7
-21
-39
-49
-33
-3
22
30
29
44
39
42
55
56
58
49
38
28
32
27
37
60
62
66
71
74
85
89
94
81
40
6
-10
-14
-2
23
29
19
18
12
18
18
13
25
22
7
4
-1
-3
1
-18
-48
-50
-46
-52
-56
-31
-24
-34
-19
-18
-27
-31
-23
-29
-41
-54
-73
-76
-60
-42
-36
-30
-26
-19
-14
-18
-31
-23
-11
-13
-6
-23
-34
-43
-47
-31
-10
7
9
10
9
25
37
33
29
29
21
13
36
58
55
53
61
59
64
67
52
28
31
34
27
31
35
28
11
-6
-24
-33
-57
-92
-101
-97
-96
-80
-68
-70
-68
-67
-62
-62
-60
-60
-59
-38
-29
-35
-23
2
9
21
16
-10
-19
-5
15
38
52
51
39
30
39
55
53
54
59
57
63
77
82
68
49
35
36
38
22
24
32
31
42
55
54
44
33
16
-3
-9
-21
-11
7
13
18
19
27
36
40
30
34
28
7
-7
-16
-23
-36
-33
-23
-12
-3
0
1
-3
-1
-4
-11
-12
-25
-39
-49
-53
-62
-56
-34
-44
-63
-72
-74
-62
-51
-37
-20
-3
1
-18
-26
-25
-31
-21
-13
-12
-3
5
21
28
34
34
29
36
32
35
28
24
26
23
10
-1
-2
-10
-6
-5
-1
8
13
22
21
16
14
8
-10
-26
-40
-51
-53
-51
-49
-41
-16
-1
1
-2
-11
-8
-15
-12
-8
-22
-29
-46
-54
-64
-71
-57
-55
-27
-12
-7
-5
-13
-8
-1
14
33
33
30
48
73
80
69
54
46
47
48
55
66
67
71
77
69
50
29
15
20
28
32
36
35
40
52
66
70
56
38
23
12
6
2
-6
-23
-38
-42
-31
-28
-24
-35
-53
-64
-65
-52
-55
-50
-61
-80
-77
-68
-46
-50
-53
-51
-43
-31
-46
-57
-69
-59
-47
-34
-22
-24
-25
-21
-4
6
21
36
47
64
79
81
69
68
77
85
91
90
78
62
58
64
56
43
32
21
10
16
23
20
14
11
20
28
23
14
-1
-6
-17
-25
-31
-33
-32
-31
-26
-31
-32
-34
-26
-26
-23
-18
-23
-37
-55
-43
-38
-42
-49
-68
-65
-59
-36
-5
-5
-8
-18
-28
-34
-48
-55
-65
-59
-53
-46
-35
-29
-22
-5
22
47
61
63
66
57
48
33
16
9
-3
-18
-37
-38
-39
-24
-10
-15
-31
-49
-57
-51
-38
-31
-27
-10
12
19
38
46
53
64
67
83
86
96
98
91
83
59
46
40
33
27
24
12
3
0
6
13
5
-3
-13
-26
-33
-33
-18
-8
-5
2
10
27
33
38
40
39
41
40
43
47
45
41
32
33
37
27
21
18
12
10
6
8
8
-8
-18
-33
-49
-48
-47
-35
-26
-28
-33
-37
-24
-17
-19
-30
-30
-20
-11
-4
-12
-34
-48
-44
-42
-34
-29
-29
-44
-53
-63
-69
-70
-65
-60
-60
-50
-47
-47
-37
-21
0
17
26
23
16
5
-11
-20
-31
-34
-37
-23
-7
-5
0
11
16
18
15
10
11
4
-10
0
29
38
47
53
54
52
54
60
64
73
82
75
50
12
-24
-40
-49
-46
-46
-38
-39
-36
-5
19
28
33
25
18
28
44
59
67
72
67
64
67
69
71
66
54
54
43
23
3
-7
-20
-40
-46
-54
-69
-88
-97
-94
-82
-66
-52
-45
-38
-35
-30
-26
-21
0
11
6
-1
-6
-6
-4
7
17
23
20
15
8
10
25
36
42
34
12
8
28
38
39
38
31
17
6
4
3
-8
-20
-27
-34
-27
-28
-22
-11
0
13
23
20
14
15
14
15
8
5
3
8
8
-4
-2
-6
-12
-26
-34
-33
-48
-53
-59
-57
-50
-52
-45
-46
-48
-50
-45
-31
-21
-20
-14
-7
-4
5
15
24
25
34
35
30
44
54
60
52
37
21
10
18
23
9
-7
-11
-7
-4
-9
-21
-33
-31
-18
-11
6
16
14
10
-1
1
7
10
14
-3
-15
-14
-7
4
6
3
9
15
4
-9
-10
-7
-15
-16
-13
-16
-6
1
14
20
21
21
31
37
26
30
25
10
4
-2
-7
-8
-3
5
6
14
14
7
-3
-12
-7
-4
-15
-15
-4
7
19
23
20
-1
-10
-5
-9
-11
-20
-19
-12
-18
-7
9
18
14
1
5
23
34
41
37
34
31
31
33
23
25
30
32
26
27
19
0
-12
-22
-37
-55
-55
-47
-37
-38
-36
-34
-32
-27
-37
-32
-24
-18
-17
-30
-22
-19
-27
-28
-24
-24
-24
-22
-9
3
2
4
17
30
43
48
45
38
22
6
-3
-6
-6
-6
-2
9
24
33
40
40
30
23
13
7
11
7
-1
6
5
0
-1
-5
-5
-7
-2
-1
-3
-8
-18
-20
-22
-33
-57
-60
-48
-43
-50
-63
-65
-66
-60
-48
-36
-28
-26
-33
-44
-46
-42
-25
1
11
12
15
14
19
44
69
78
80
68
57
42
39
45
36
35
33
27
24
30
36
27
19
26
23
16
14
11
19
26
20
16
10
5
-7
4
9
1
12
5
7
10
10
14
14
29
27
24
20
12
5
1
6
3
6
4
7
22
31
28
17
6
-3
-8
-17
-26
-35
-36
-35
-32
-23
-23
-33
-46
-43
-33
-24
-21
-32
-41
-38
-31
-24
-27
-26
-15
-13
-18
-10
-4
-12
-5
2
12
7
-18
-32
-32
-23
-5
12
16
10
12
20
12
2
-5
-13
-15
-2
3
1
4
1
-1
1
0
0
3
2
-8
-14
-15
-6
-8
-29
-54
-61
-61
-49
-27
-11
3
10
7
10
7
-17
-28
-18
-4
-2
3
12
6
-6
0
5
-2
-5
-3
14
29
35
46
54
55
66
75
63
52
52
57
58
57
56
52
40
28
35
49
49
35
24
12
-5
-18
-24
-28
-36
-49
-63
-65
-45
-25
-18
-2
14
13
-1
-7
0
8
16
13
14
15
10
5
-6
-20
-19
-9
-4
-1
-1
5
11
31
48
51
41
10
-13
-25
-30
-29
-18
-1
7
15
7
-14
-18
-14
-17
-20
-29
-35
-35
-28
-18
-13
-7
-23
-40
-52
-60
-62
-63
-42
-17
1
13
14
11
6
8
7
1
0
-12
-27
-34
-21
13
27
30
16
-10
-21
-16
6
23
30
32
26
27
36
34
33
22
1
-9
-12
-11
-16
-20
-22
-13
4
13
28
26
9
-7
-18
-27
-35
-42
-49
-49
-48
-51
-44
-34
-37
-53
-54
-45
-33
-3
14
21
32
19
11
15
17
25
26
26
21
40
61
72
85
94
92
80
69
71
68
54
39
29
27
20
2
-14
-20
-21
-9
6
14
16
12
23
24
-2
-35
-43
-39
-42
-38
-39
-39
-31
-28
-20
-8
1
-5
-15
-8
2
8
14
23
26
16
0
-14
-30
-40
-45
-47
-32
-16
3
31
45
47
39
24
29
51
52
50
45
12
-8
-15
-13
-8
-16
-20
-41
-51
-47
-34
-9
12
41
56
42
25
-3
-40
-67
-68
-57
-56
-60
-64
-70
-68
-55
-42
-30
-19
-18
-40
-48
-40
-30
-20
6
49
55
36
10
-12
-18
-25
-17
0
12
20
16
-4
-11
-10
-7
3
16
24
27
38
42
48
59
71
75
59
39
22
11
10
8
16
29
20
7
0
1
11
14
11
7
3
-2
-4
-7
-24
-41
-45
-29
-15
-13
-14
-30
-42
-43
-28
3
3
6
19
36
47
47
44
24
5
-11
-24
-44
-62
-65
-43
-10
12
28
41
46
41
31
15
6
2
8
18
14
17
30
41
49
41
36
22
6
-12
-40
-50
-51
-39
-26
-12
4
30
52
56
56
48
46
36
26
17
-13
-38
-28
-3
16
16
-8
-26
-34
-59
-74
-68
-60
-45
-22
-12
-18
-34
-48
-50
-38
-32
-39
-42
-45
-34
-17
-9
3
4
6
3
-5
-9
-22
-25
-16
-9
-5
-9
-3
16
35
49
58
55
52
42
42
35
28
39
59
82
88
81
52
20
-2
-9
-12
-20
-26
-14
-2
2
10
9
2
-15
-33
-48
-60
-61
-56
-38
-18
1
1
-9
-12
-6
-13
-33
-46
-55
-67
-60
-40
-21
-12
-5
0
-2
-6
-8
-5
-8
-7
-5
-3
-5
-4
0
6
4
-4
1
22
37
42
58
71
69
54
41
34
20
20
21
17
21
26
22
23
31
35
32
14
1
-5
1
8
14
9
-5
-24
-26
-11
6
27
30
16
3
-9
-14
-3
3
4
1
-13
-26
-32
-27
-16
-3
5
-9
-36
-48
-38
-18
3
13
8
4
9
4
9
15
32
46
48
50
32
20
7
12
3
-24
-36
-46
-32
-22
-1
13
15
11
-15
-31
-50
-59
-58
-46
-40
-44
-50
-42
-26
-19
-27
-28
-19
-8
4
18
31
30
36
48
49
43
33
20
6
-4
-24
-36
-29
-18
-16
-11
-11
-8
8
20
20
-3
-19
-42
-55
-61
-61
-66
-70
-39
-12
18
46
52
54
46
32
19
0
-9
-7
0
15
24
18
15
17
8
-11
-21
-20
-7
22
54
73
75
61
53
34
16
7
14
31
43
50
56
58
48
34
25
23
12
-6
-23
-34
-41
-38
-27
-30
-33
-33
-24
-8
0
1
1
-2
-32
-56
-64
-59
-35
-6
7
6
-1
-7
-10
-16
-9
-4
-5
-17
-23
-16
-11
-2
-4
-4
-8
-15
-26
-36
-28
-8
4
13
12
11
20
25
30
41
57
60
61
58
43
35
38
45
49
54
57
48
36
32
18
9
1
-11
-28
-37
-30
-24
-27
-39
-69
-90
-85
-74
-63
-49
-37
-34
-25
-11
-1
3
-7
-20
-27
-30
-30
-26
-24
-19
-21
-15
-12
-13
-18
-31
-32
-38
-45
-43
-44
-35
-15
7
22
24
38
55
59
66
70
70
58
45
37
21
13
17
29
40
41
30
22
31
31
31
24
15
8
4
8
5
7
11
7
-1
-6
5
10
-4
-11
-13
-18
-26
-19
1
10
12
18
17
9
8
7
-7
-17
-15
-19
-35
-47
-54
-45
-29
-19
-10
-7
-2
1
5
-5
-24
-29
-23
-17
-13
-17
-16
-4
4
9
22
25
18
8
1
2
-8
-10
-15
-13
-11
-7
-2
-1
0
-10
-13
-13
-16
-11
-4
4
10
19
24
16
23
40
45
38
29
36
34
27
32
41
35
21
3
10
24
25
24
8
-3
-10
-19
-22
-27
-20
-18
-24
-18
-2
8
7
2
-3
-21
-36
-36
-36
-29
-19
-9
-13
-17
-15
-7
3
8
2
-20
-40
-42
-40
-42
-35
-20
-11
-2
12
26
34
40
53
59
57
53
50
48
39
29
27
26
24
18
20
11
-2
-11
-14
-12
-18
-21
-33
-51
-46
-34
-30
-29
-31
-46
-46
-30
-28
-32
-45
-61
-64
-65
-51
-34
-26
-13
0
9
8
11
21
27
16
0
5
8
10
11
15
19
13
11
14
5
9
17
16
23
25
27
26
36
40
40
42
36
33
31
26
19
17
15
18
27
27
29
21
15
27
28
34
36
22
13
7
21
17
5
0
-8
-9
-21
-32
-31
-21
-20
-29
-26
-30
-32
-31
-34
-42
-51
-53
-63
-61
-50
-31
-18
-24
-13
-9
2
9
9
3
2
10
11
23
32
31
34
41
37
20
6
2
-11
-8
-10
-27
-25
-20
-7
13
28
33
30
27
22
11
-8
-24
-30
-20
-5
7
14
11
21
15
12
16
11
9
9
6
-1
-4
-8
-6
1
1
-9
-10
-10
-14
-7
-2
-2
-3
-1
2
-2
-19
-18
-10
-21
-36
-52
-47
-46
-33
-8
0
11
10
5
-2
-10
-11
-14
-15
-13
2
10
20
16
2
4
-4
-10
-13
-3
-3
-6
-7
-8
-5
-15
-18
-14
-15
-12
-6
-2
15
21
25
27
25
27
26
34
39
47
50
55
55
38
30
34
32
22
11
8
5
-4
0
3
7
19
9
5
10
0
-9
-10
-1
2
2
0
-6
-14
-28
-42
-44
-39
-28
-29
-32
-24
-16
1
6
-6
1
3
-2
3
8
-2
-11
-5
-6
4
15
15
25
30
35
28
17
10
-6
-4
-13
-28
-21
-2
10
12
17
13
19
11
-3
-11
-9
-2
3
11
6
-3
-17
-24
-19
-15
-15
-11
-8
-7
-13
-16
-9
-13
-17
-20
-26
-20
-16
-18
-12
-16
-29
-38
-43
-38
-24
-7
6
9
12
10
10
19
20
23
32
30
24
24
23
23
25
15
6
3
-11
-24
-17
7
15
14
13
7
2
-2
-18
-21
-18
-23
-9
5
11
5
6
10
-3
-5
-9
-9
-8
-4
0
-6
-18
-38
-46
-40
-36
-31
-12
-6
-8
-5
-1
5
18
28
20
11
10
13
5
-8
-13
2
7
2
4
13
27
41
41
41
36
20
17
18
23
24
32
43
48
56
47
46
45
40
41
35
42
49
42
33
22
24
20
17
19
2
-10
-11
-8
-1
2
0
1
-5
-15
-24
-42
-62
-65
-57
-56
-53
-54
-58
-57
-52
-51
-65
-71
-72
-66
-65
-64
-65
-58
-35
-12
4
10
10
-9
-23
-17
-9
-3
7
23
32
47
54
49
49
40
9
-7
-7
-8
-3
-6
-2
-3
-9
-7
-1
7
1
-4
0
-4
-3
8
11
18
22
9
3
6
10
12
17
13
14
36
39
26
10
1
-6
-7
5
12
6
-7
-14
-17
-22
-25
-15
-4
-6
-7
-4
-8
-4
4
12
16
19
15
9
15
4
-8
-8
5
10
4
14
20
25
23
24
29
18
8
-8
-22
-25
-16
0
5
-7
-13
-14
-5
-7
-14
1
4
18
21
15
20
12
9
2
8
12
12
32
44
38
29
29
21
13
19
27
26
23
30
33
25
7
5
12
12
4
5
8
2
-9
-34
-46
-57
-54
-47
-42
-44
-43
-31
-28
-25
-32
-34
-31
-35
-32
-27
-22
-24
-27
-19
-21
-11
-10
-9
-7
-16
-18
-14
-4
-4
-2
-4
-7
-9
-6
6
13
11
10
11
-4
-18
-7
11
6
-4
-6
-5
-12
-11
0
0
-3
2
4
2
2
-3
-3
1
0
-8
0
12
20
28
32
36
27
17
11
3
-9
-20
-11
-3
13
27
28
26
18
16
11
4
5
9
3
4
6
0
-3
-3
9
11
4
5
8
4
6
17
23
24
30
35
32
30
31
32
32
24
16
4
-12
-4
8
18
23
31
42
34
17
12
9
-1
-16
-21
-21
-29
-34
-31
-25
-19
-13
-7
1
0
-6
-12
-25
-43
-57
-57
-51
-47
-35
-19
-23
-24
-16
-10
-20
-39
-38
-31
-35
-35
-14
-6
-8
-3
0
2
1
0
9
16
8
0
6
22
21
30
37
23
16
14
10
9
11
5
-8
-15
-14
-11
-9
9
23
38
59
65
51
43
36
21
15
14
16
15
25
31
35
36
19
6
-9
-33
-42
-44
-39
-35
-31
-26
-32
-49
-58
-48
-40
-39
-39
-42
-55
-63
-53
-37
-24
-5
5
3
-12
-26
-13
-9
-8
4
13
16
-1
-2
5
2
1
11
32
36
40
60
73
73
71
62
46
37
25
12
23
39
40
33
30
27
18
10
4
-5
-17
-25
-25
-33
-35
-30
-30
-19
-8
-10
-14
-11
-8
-9
-6
3
-2
-7
-3
-3
-14
-19
-2
10
14
20
32
46
47
45
43
36
26
32
32
11
1
3
-1
1
3
13
9
-12
-31
-40
-42
-58
-56
-46
-34
-12
-4
3
4
-12
-26
-28
-36
-44
-39
-24
-19
-23
-10
-3
-10
-19
-25
-20
-30
-48
-53
-42
-33
-17
7
11
7
7
18
35
28
25
40
41
29
24
36
36
29
45
52
45
41
35
29
25
9
12
22
7
-8
-4
-4
-6
1
-1
1
-8
-23
-29
-33
-34
-43
-38
-32
-37
-36
-30
-21
-17
-16
-16
-27
-41
-38
-25
-19
-18
-2
11
16
19
22
18
14
12
11
10
7
5
1
18
35
29
27
21
6
13
27
29
22
6
-3
-10
-16
-11
2
1
-11
-11
-2
1
-8
0
10
11
3
5
6
-7
-18
-28
-30
-30
-32
-17
-1
-2
-1
11
31
36
43
66
68
49
36
40
43
37
24
38
48
38
37
45
43
37
38
42
41
27
24
23
27
23
14
12
3
-14
-20
-16
-32
-43
-27
-14
-28
-43
-48
-51
-55
-66
-62
-55
-57
-63
-66
-61
-60
-55
-41
-30
-34
-39
-36
-38
-52
-53
-53
-63
-69
-57
-47
-52
-45
-35
-31
-19
-11
-9
-17
-18
-12
-7
7
24
29
34
39
39
41
38
31
19
3
-5
-4
-2
15
33
44
45
35
34
49
48
36
26
26
24
18
33
55
58
52
52
61
47
25
24
21
20
20
33
42
41
53
66
68
55
35
37
42
24
21
33
24
9
12
34
32
12
6
13
11
-17
-23
-9
-17
-45
-48
-25
-35
-52
-46
-46
-70
-98
-101
-86
-87
-88
-71
-48
-49
-56
-45
-35
-42
-49
-26
-18
-31
-40
-30
-32
-50
-40
-10
11
17
26
52
40
7
2
20
9
-30
-19
24
39
28
41
65
56
38
52
66
53
24
37
64
48
31
49
66
38
13
20
8
-32
-35
-19
-34
-60
-61
-29
-24
-42
-43
-39
-52
-57
-27
-6
-6
-3
11
15
-5
-5
13
7
-12
2
27
20
1
20
35
17
9
18
16
-14
-29
-10
-9
-29
-2
33
34
30
37
32
-2
-23
-5
-1
-25
-32
-8
5
-8
1
24
17
-17
-17
9
-8
-34
-16
8
-12
-25
8
33
-2
-12
23
26
-10
-15
19
12
-15
-12
13
9
-14
-18
-10
-17
-32
-14
13
28
33
45
46
14
1
16
23
25
15
8
-1
-11
-8
-2
0
2
3
1
8
12
5
8
16
12
13
15
17
11
-4
-4
2
-8
-17
-2
9
5
6
11
-2
-20
-13
-5
-14
-22
-15
-2
-19
-22
-9
-14
-43
-61
-36
-16
-18
-9
17
10
-19
-3
22
9
5
20
27
-1
-18
6
14
-18
-17
17
6
-33
-33
4
-3
-25
0
19
-15
-39
-2
19
-19
-33
12
22
-13
-11
23
4
-41
-18
29
5
-24
9
21
-18
-34
-2
26
-2
-5
31
26
-13
8
69
41
7
41
55
18
-1
37
47
2
-12
19
-5
-52
-44
1
1
-38
-18
18
-11
-37
11
36
-4
-19
11
4
-44
-51
-19
-26
-53
-24
24
8
-17
8
29
7
-10
21
24
-13
-13
26
24
-15
-6
24
10
-4
31
66
53
38
64
70
37
14
17
16
-14
-23
-12
-22
-34
-22
-12
-26
-28
-25
-34
-32
-31
-24
-11
-15
-6
-1
-2
16
28
25
26
34
32
18
25
22
17
15
9
22
7
-19
-11
-8
-17
-6
16
19
5
-2
9
6
-22
-19
-8
-32
-52
-40
-38
-50
-38
2
19
-8
-13
13
3
-28
-23
-9
-24
-36
-13
14
0
-14
9
18
-14
-13
28
26
-8
-5
12
-14
-30
-4
17
-9
-39
-17
2
-39
-50
-2
7
-29
-22
18
-13
-54
-30
19
0
-24
17
38
5
-2
41
41
11
23
68
62
17
21
57
29
-8
33
63
20
-11
23
22
-24
-23
12
10
-25
-6
32
11
-24
-9
10
-27
-42
2
28
0
-14
36
52
14
17
59
58
17
17
40
29
-11
-14
-4
-33
-53
-16
12
-10
-9
33
40
15
14
28
12
-27
-38
-40
-49
-65
-66
-61
-61
-53
-41
-24
-32
-40
-31
-28
-30
-11
26
27
7
-1
-8
-16
-10
-6
-4
2
11
23
23
29
48
48
43
56
59
51
49
44
28
5
-3
8
4
-11
0
8
-8
-13
-5
-6
-20
-21
-3
-6
-19
-9
15
25
9
8
5
-16
-34
-20
-8
-21
-14
10
22
7
2
2
-6
-27
-42
-38
-40
-52
-40
-40
-56
-52
-33
-22
-23
-9
8
0
0
16
17
-10
-19
5
13
-9
-27
-9
-9
-16
6
34
37
13
18
37
26
4
13
22
13
18
40
37
12
17
43
42
27
31
36
17
14
27
32
23
8
6
1
-13
-26
-19
-22
-35
-32
-30
-36
-31
-13
-8
0
15
32
22
10
4
-9
-13
-23
-22
-14
-11
12
37
39
42
57
58
34
10
0
-14
-40
-37
-17
-27
-43
-29
-19
-25
-22
-2
6
-5
-10
-5
-9
-23
-16
11
30
35
45
56
43
25
36
28
-12
-30
-7
8
3
20
36
34
31
20
14
4
-14
-1
-1
-20
-23
-25
-26
-23
-6
19
28
21
0
-17
-39
-56
-60
-61
-51
-51
-57
-57
-51
-29
-6
-6
-9
-12
-44
-58
-40
-30
-43
-29
4
10
14
18
21
17
8
15
31
18
4
21
26
3
6
16
4
-15
-10
24
21
-11
-1
-3
-23
-20
-3
4
-4
-9
7
16
5
8
30
45
33
34
44
41
30
50
80
56
32
44
46
28
18
22
25
2
-18
-1
-5
-5
13
31
25
-8
-12
-16
-31
-40
-32
-24
-33
-29
-22
-20
-23
-19
-10
-21
-30
-25
-26
-37
-54
-42
-14
-15
-16
7
24
25
49
68
67
66
65
45
21
17
5
-11
-16
-3
3
1
10
25
27
16
7
7
10
11
5
16
3
-28
-31
-33
-28
-24
-12
-1
-4
-9
-16
-37
-48
-34
-22
-27
-42
-46
-35
-35
-43
-43
-49
-58
-48
-29
-21
-14
-10
-6
-11
-19
-3
7
7
5
0
6
10
18
31
34
30
20
19
16
21
31
35
36
40
44
43
37
29
22
13
-1
-9
-4
-6
-2
9
15
19
16
24
17
-13
-24
-19
-22
-25
-7
3
3
10
8
3
4
4
7
0
-9
-24
-15
4
13
21
19
11
7
10
-1
-18
-22
-22
-36
-56
-49
-28
-30
-25
-2
16
13
1
8
3
-23
-25
-6
-6
-6
6
24
22
18
24
35
25
5
8
6
-10
-11
-2
-1
-7
10
35
34
26
33
43
28
8
1
1
-5
2
23
18
15
25
37
53
50
50
51
35
23
20
13
-4
-15
-23
-21
-12
-12
-17
-23
-30
-37
-38
-39
-41
-48
-47
-49
-50
-40
-29
-15
-9
-12
-18
-17
-5
-12
-16
4
1
-23
-28
-38
-56
-58
-38
-27
-21
-14
-5
-6
-13
-8
-8
-3
-9
-14
-8
-22
-30
-28
-14
-4
-2
13
19
22
19
17
14
1
4
19
15
23
39
34
28
31
28
25
22
22
39
53
71
84
79
76
61
55
53
45
40
42
44
21
7
7
-9
-19
-4
19
15
2
8
6
-6
-8
-14
-22
-42
-49
-47
-57
-54
-44
-32
-20
-12
-2
-17
-36
-47
-44
-49
-49
-31
-22
-7
-7
4
11
-4
-5
-7
-5
-11
-18
-11
-15
-24
-36
-30
-23
-43
-50
-36
-26
-27
-21
-7
-3
-4
6
9
4
12
28
40
38
28
30
30
17
16
26
30
19
26
48
55
53
53
57
52
37
18
10
-1
-14
-4
8
15
22
34
31
14
7
9
2
-12
-16
-13
-22
-24
-18
-28
-37
-39
-39
-25
-17
-23
-29
-32
-29
-15
0
-4
1
2
0
3
4
9
12
13
16
17
2
5
10
2
4
5
5
0
6
16
10
8
6
9
23
16
20
32
22
5
10
23
9
1
3
-5
-26
-36
-25
-26
-38
-38
-21
-23
-37
-34
-17
-14
-20
-9
3
6
5
17
21
11
1
5
-7
-43
-53
-46
-55
-59
-33
-12
-27
-45
-32
-21
-27
-11
19
14
-17
-14
1
-14
-19
4
16
6
3
28
41
26
31
45
36
16
23
26
6
3
12
4
-9
4
37
50
43
58
74
60
60
73
59
18
-4
7
3
-8
8
19
9
1
13
2
-25
-25
-2
-3
-18
-5
15
6
-5
17
34
13
0
8
-5
-39
-48
-15
-5
-18
-3
27
11
-19
0
13
-13
-17
19
13
-18
-9
10
-4
-26
-13
1
-12
-28
-5
3
-31
-41
-25
-41
-69
-45
-20
-38
-49
-19
14
8
10
42
40
0
-6
13
-2
-34
-17
18
0
-12
29
54
24
19
45
31
-30
-44
-17
-30
-49
-22
5
-27
-45
-21
-13
-35
-40
-2
-3
-19
8
39
18
-23
-2
22
-7
-29
8
29
0
-5
20
21
-12
-3
35
16
-34
-25
-9
-41
-49
-12
-2
-27
-26
9
18
-3
12
42
25
-4
12
41
25
-8
2
21
11
4
35
49
33
41
66
58
26
19
34
24
6
18
34
14
-1
25
28
2
-12
5
7
-13
-5
12
7
-4
16
33
20
7
11
5
-19
-26
-3
6
-5
-3
8
9
1
10
19
-3
-12
-11
-25
-37
-36
-23
-17
-19
-9
1
-14
-34
-42
-35
-36
-25
-12
-8
-2
8
17
12
12
31
43
38
26
24
18
-6
-7
-1
-18
-34
-30
-20
-37
-61
-51
-53
-68
-59
-34
-23
-32
-27
-6
0
-8
-9
2
-8
-10
18
29
18
12
30
46
33
19
21
1
-24
-16
-1
-1
-9
14
31
6
-3
18
12
-19
-20
-7
-14
-32
-21
-1
1
4
26
27
19
12
1
-8
-30
-41
-31
-33
-41
-27
-5
3
1
7
19
9
0
13
32
19
9
18
22
21
24
46
55
45
41
41
39
26
21
31
27
19
19
33
38
25
15
16
6
-16
-10
4
-2
-17
-14
-4
-15
-27
-6
1
-14
-9
-1
-8
-30
-31
-17
-19
-38
-33
-26
-33
-33
-14
9
-3
-13
11
30
19
19
49
46
12
14
32
22
6
15
26
9
-3
11
28
-1
-10
17
4
-33
-40
-25
-37
-48
-37
-20
-30
-43
-17
-5
-17
-15
10
16
-7
-11
3
-6
-14
9
29
22
-2
0
1
-16
-24
-7
11
10
12
23
15
-14
-24
-13
-24
-37
-27
-7
1
-2
8
14
9
-6
-7
0
-22
-40
-32
-27
-40
-22
6
2
-7
-6
-1
-4
-2
-2
-10
-12
-8
-4
0
5
-1
-2
-2
-5
-4
7
6
-2
0
-1
1
4
8
17
20
26
36
24
17
14
10
12
11
6
9
10
16
24
32
31
17
8
7
8
-2
1
5
18
31
49
68
60
36
23
20
9
-11
-13
-4
-12
-11
-2
-9
-13
-10
-1
-2
2
-3
-15
-10
-3
-3
-2
-1
1
-6
-12
-11
-20
-23
-18
-13
-10
0
15
16
18
29
24
4
-10
-16
-14
-23
-26
-17
0
18
31
40
42
33
24
28
18
-5
-25
-19
-18
-33
-37
-24
-23
-19
10
26
19
10
5
-7
-23
-23
-14
-21
-26
-21
-16
-10
-20
-26
-21
-31
-41
-33
-31
-44
-45
-32
-24
-24
-13
3
8
4
4
1
-5
-16
-16
-14
-30
-30
-7
1
-8
-10
-7
-10
-17
-19
-13
-11
-14
-19
-8
9
13
14
12
-5
-4
18
41
49
42
49
45
29
18
30
39
22
22
31
22
3
14
33
23
5
10
19
14
-1
-1
16
8
9
22
21
10
3
14
14
-1
-6
9
13
9
28
38
25
20
16
1
-12
-15
-7
-3
-3
1
7
5
3
5
4
-10
-24
-18
-7
2
12
22
31
27
19
15
17
20
19
13
0
-5
-1
13
14
10
9
2
-13
-23
-23
-25
-31
-32
-28
-32
-46
-34
-7
5
15
23
20
-6
-35
-40
-42
-55
-39
-19
-19
-24
-26
-34
-50
-40
-36
-42
-46
-42
-28
-32
-14
12
13
5
16
27
9
-6
-3
-4
-10
0
9
-1
-9
0
10
13
23
28
12
3
9
2
-11
-20
-15
-26
-32
-12
2
-4
-7
-2
0
6
12
18
8
-14
-11
-7
-14
-13
-7
3
16
34
39
32
32
45
37
17
12
16
3
6
49
45
28
41
59
45
31
46
29
6
15
27
23
10
19
37
33
23
26
13
-12
-4
9
-8
-22
-9
-1
-11
-11
-2
-15
-30
-28
-18
-25
-35
-25
-21
-24
-20
-4
0
-4
1
5
-16
-23
-9
-10
-17
-4
16
27
32
23
14
1
-9
-8
-7
2
11
9
9
2
-2
-14
-24
-16
-16
-19
-27
-28
-30
-35
-25
-22
-29
-31
-23
-18
-20
-18
-12
-5
-7
-20
-20
-21
-25
-20
-13
-2
10
28
33
25
27
23
12
3
6
25
36
42
52
55
37
27
24
15
-1
-12
0
-2
-4
0
4
-4
-35
-57
-61
-66
-70
-69
-70
-68
-56
-35
-27
-19
-8
-1
4
6
13
23
32
52
66
57
46
52
56
50
46
44
29
17
17
14
19
28
24
14
12
4
-11
-15
-14
-18
-20
-19
-33
-48
-43
-25
-10
-15
-6
4
-4
-7
-6
-9
-6
7
13
12
15
23
30
32
40
48
38
14
-5
-5
-5
-7
2
-2
-3
6
6
1
-1
7
13
14
10
3
-1
9
16
10
3
-4
-4
-1
7
17
21
22
15
2
-8
-14
-13
-3
-7
-8
-8
-17
-24
-30
-31
-42
-44
-38
-38
-33
-23
-5
2
7
7
3
-5
-14
-22
-35
-25
-16
-12
1
4
-3
-11
-13
0
16
20
17
9
-6
-23
-24
-20
-16
-24
-26
-18
-19
-10
-4
0
5
5
14
16
10
7
-2
4
18
32
31
22
29
32
33
34
27
19
7
-3
3
13
30
43
37
31
20
-5
-18
-22
-19
-14
-14
-6
0
-5
-4
2
12
17
19
13
3
-8
-12
-11
-13
-12
-6
-4
-7
-8
-5
-4
2
-2
-9
-11
-18
-26
-35
-34
-31
-25
-15
-6
0
4
4
-2
-1
2
2
6
9
9
12
1
-12
-7
-7
-10
-1
11
16
17
5
-8
-6
-3
-4
-3
3
3
-11
-19
-8
0
11
21
28
42
49
51
44
26
8
4
2
-5
-17
-19
-13
-5
0
4
13
29
47
43
43
45
33
11
-3
-9
-23
-29
-28
-18
-10
-1
22
36
40
47
40
8
-16
-33
-45
-59
-70
-81
-86
-76
-58
-41
-25
-6
4
16
10
7
4
-7
-9
-17
-20
-14
-8
0
13
26
31
34
41
46
42
29
7
-16
-25
-19
-20
-27
-38
-40
-37
-31
-16
-19
-15
-11
-20
-19
-12
-11
-17
-15
-19
-22
-11
5
19
28
24
24
30
32
36
48
58
57
56
46
28
21
20
11
-9
-21
-16
-10
-6
6
10
8
10
4
0
-5
-2
-17
-27
-18
-16
-8
3
4
4
23
29
23
13
4
-4
-9
-12
-21
-25
-30
-30
-29
-30
-23
-4
8
3
-5
-5
-13
-32
-31
-30
-30
-27
-9
12
24
31
32
32
31
17
9
14
11
26
24
18
11
0
-10
-20
-17
-11
-5
5
21
37
28
25
33
35
26
14
10
-1
-23
-42
-32
-20
-23
-13
5
24
36
47
48
35
25
18
6
-2
-4
-8
-2
6
17
19
14
14
19
19
6
-7
-8
-10
-15
-8
-11
-22
-31
-37
-37
-43
-51
-48
-43
-40
-36
-25
-23
-24
-23
-30
-49
-69
-67
-46
-38
-32
-20
-18
-14
3
20
3
-9
9
18
9
8
13
5
-9
-3
10
13
18
27
40
34
34
35
26
19
10
18
9
6
22
26
20
20
32
35
21
20
26
19
5
7
8
-17
-24
-15
-16
-9
0
18
16
0
2
-2
-2
-8
-17
-25
-29
-29
-26
-23
-13
-6
-3
2
10
11
11
8
15
11
9
23
26
28
24
24
31
49
63
58
42
32
26
22
24
22
20
22
21
16
7
-4
-7
-11
-25
-34
-36
-51
-56
-47
-47
-51
-44
-27
-17
-27
-29
-26
-26
-21
-20
-11
-5
-1
12
24
22
24
31
27
25
23
13
-7
-9
11
25
31
25
20
6
-12
-27
-32
-25
-25
-33
-38
-33
-35
-33
-26
-24
-32
-33
-27
-39
