-25
-19
-7
4
0
-15
-22
-13
1
-2
-10
-4
6
8
7
13
20
28
37
43
37
26
16
5
-6
-13
-2
13
17
24
31
38
46
42
17
-9
-16
-11
-10
-10
-8
-6
-6
-10
-12
-10
4
13
9
-1
-5
-16
-23
-31
-28
-28
-38
-38
-38
-22
-20
-29
-31
-24
-12
-10
-3
15
20
10
-4
-16
-21
-31
-41
-44
-40
-25
-14
-19
-24
-25
-21
-10
0
-1
-12
-12
-4
0
-1
-4
-7
-14
-21
-23
-17
-15
-1
6
7
17
22
22
29
40
36
26
15
20
24
29
30
21
25
30
31
28
24
20
14
9
10
18
30
22
5
-3
1
9
11
20
17
4
5
8
4
0
-7
-12
-12
-6
4
9
19
18
11
9
7
15
21
24
27
28
24
15
15
15
6
-4
-10
-14
-20
-30
-32
-27
-26
-24
-30
-22
-11
-9
0
12
28
28
24
15
8
-2
-7
-13
-17
-7
-11
-12
-6
8
17
9
5
1
0
4
5
-6
-9
3
2
-1
-8
-16
-28
-30
-21
-15
-1
8
4
2
-9
-20
-27
-33
-34
-38
-46
-47
-41
-34
-30
-26
-17
-11
-7
1
-2
-17
-16
-11
-2
7
11
13
15
22
27
28
22
19
25
22
16
17
15
19
16
10
8
1
-12
-16
-8
-9
-8
0
6
2
0
9
18
17
18
14
-1
-4
-4
-11
-16
-14
-11
-19
-21
-25
-37
-32
-31
-25
-13
-2
9
21
24
11
8
6
1
-9
-22
-22
-18
-10
7
17
20
13
8
6
1
2
7
7
7
17
25
35
40
44
47
53
63
58
56
60
63
52
40
39
38
37
40
38
31
26
16
-1
-10
-6
-4
0
2
-3
-10
-18
-10
-2
-14
-25
-32
-47
-71
-74
-61
-56
-46
-53
-49
-36
-34
-26
-14
-17
-32
-32
-28
-17
-6
-6
-10
-8
-13
-13
-3
6
14
9
0
-9
-16
-15
-5
2
7
6
4
11
21
21
17
7
-8
-27
-31
-20
-14
-5
-4
-9
-14
-23
-32
-31
-26
-29
-24
-16
-10
-8
1
10
19
36
38
24
11
6
-1
4
12
15
14
8
-9
-25
-29
-28
-23
-15
-6
-6
-7
-5
-11
-14
-5
-5
5
20
26
30
28
31
42
49
50
48
48
44
41
33
35
53
58
50
45
38
37
34
32
32
24
12
5
9
12
15
11
5
5
5
4
-11
-25
-35
-37
-31
-37
-44
-54
-58
-58
-53
-45
-39
-33
-31
-35
-33
-26
-25
-16
-7
-2
0
1
-3
-3
6
6
-5
-11
-14
-12
-3
8
13
28
33
29
43
54
52
38
9
-13
-16
-18
-22
-21
-15
-9
-3
13
17
18
10
10
11
9
10
2
-6
-15
-17
-11
-2
1
3
-2
-4
-7
-14
-16
-22
-21
-15
-4
-3
0
-2
-6
-4
-16
-24
-31
-34
-22
-13
-9
-14
-16
-11
-10
-11
-9
-10
-6
-10
-15
-11
-19
-22
-13
4
13
8
6
5
-3
-2
13
27
31
16
4
-5
-4
5
11
19
29
34
30
27
29
27
19
16
7
5
8
9
13
19
28
34
34
34
32
27
14
6
7
0
4
15
29
29
15
8
7
8
8
4
-9
-25
-35
-32
-35
-33
-32
-32
-39
-32
-12
-10
0
3
-1
-9
-13
-12
-19
-23
-11
-9
-12
-7
-4
1
-10
-18
-14
-10
-8
-4
0
3
4
10
15
13
14
11
7
5
0
0
-2
1
11
12
13
-6
-14
-5
-12
-8
-8
-14
-17
-5
7
1
3
18
27
24
20
22
19
12
6
5
-6
-3
4
5
11
9
11
5
8
18
25
27
16
1
-4
1
-5
-5
-15
-32
-38
-34
-36
-35
-33
-37
-37
-44
-48
-46
-44
-37
-26
-13
1
7
12
22
19
12
12
15
16
18
14
7
10
23
33
41
40
39
31
22
14
2
2
4
3
-4
-11
-4
8
13
8
0
-11
-30
-32
-38
-36
-21
-7
5
9
15
12
4
6
4
-7
-17
-28
-31
-25
-8
1
12
23
29
32
26
22
10
-6
-16
-23
-16
-14
-15
-2
4
15
27
34
38
39
41
30
11
-6
-10
-2
-3
-10
-18
-16
-2
13
18
13
17
5
-3
8
1
3
6
7
12
10
12
16
20
18
19
15
6
-4
-9
-9
-11
0
5
-3
-13
-15
-14
-17
-27
-34
-31
-21
-18
-17
-15
-11
-7
-7
-7
-20
-34
-40
-47
-46
-44
-34
-31
-23
-11
-5
3
11
26
30
22
16
7
8
-1
-11
0
5
7
6
13
21
27
32
35
29
18
-1
-18
-16
0
12
8
11
16
17
19
26
30
18
9
3
-10
-13
-8
-5
-10
-11
-8
-13
-13
-15
-19
-19
-22
-12
3
3
2
3
4
6
5
0
-1
7
2
2
1
-3
-1
-13
-25
-39
-43
-30
-25
-11
2
5
9
9
5
2
0
5
3
-2
2
8
27
38
37
30
27
22
14
15
16
13
-2
-4
3
6
13
20
31
37
33
23
18
22
9
1
2
-7
-13
-20
-22
-23
-22
-13
-13
-10
-6
-8
-1
9
11
4
1
2
2
11
19
16
13
10
5
1
0
8
8
7
7
-9
-26
-40
-44
-40
-35
-27
-22
-23
-30
-28
-26
-27
-32
-30
-23
-11
2
1
-2
-8
-20
-22
-19
-18
-19
-6
11
27
42
44
36
20
10
16
25
25
21
13
9
13
17
24
33
37
40
27
16
8
-11
-17
-21
-23
-24
-27
-21
-10
-7
-3
1
-5
-12
-6
-9
-18
-19
-16
-16
-12
-10
-11
-19
-16
-9
-3
16
25
24
9
-9
-14
-15
-10
-1
7
7
7
12
19
32
36
31
29
35
22
9
9
2
-2
-5
-5
1
9
14
2
-13
-15
-17
-20
-17
-20
-24
-32
-32
-29
-33
-34
-33
-22
-11
-13
-11
10
21
29
39
36
35
30
14
1
-3
0
10
22
22
23
21
9
-10
-23
-19
-2
28
37
40
39
30
27
6
-14
-25
-33
-24
-22
-26
-31
-35
-25
-22
-11
9
19
26
19
12
8
3
4
9
13
19
21
25
15
16
22
17
23
24
17
20
15
16
16
7
9
7
0
-5
-18
-30
-35
-41
-44
-37
-36
-47
-54
-57
-43
-20
3
10
4
-11
-30
-35
-39
-48
-46
-31
-18
-7
-5
1
18
23
10
5
11
13
6
10
17
21
27
28
21
15
15
12
11
19
16
10
16
14
6
4
16
26
23
12
-11
-22
-38
-48
-43
-37
-32
-36
-41
-40
-38
-32
-22
-16
-18
-12
3
7
14
14
13
18
20
31
32
21
15
15
19
20
28
33
36
40
31
29
28
36
41
31
14
0
5
22
34
38
31
26
25
12
4
1
-4
-3
3
3
-2
-6
-19
-29
-27
-31
-32
-25
-14
-15
-16
-10
-3
4
9
13
17
17
21
18
15
25
35
32
20
0
-12
-8
-4
-3
-19
-30
-24
-26
-28
-32
-24
-7
-5
2
7
3
-5
-18
-29
-33
-31
-30
-40
-37
-34
-38
-37
-32
-16
-16
-14
-10
-13
-11
-12
2
11
9
15
14
15
18
20
20
13
11
4
-1
8
17
23
18
14
4
2
5
-2
-7
-9
-14
-15
-17
-22
-22
-25
-21
-10
-7
-7
-15
-21
-24
-23
-19
-10
-8
-10
-4
-1
10
17
28
38
37
38
28
20
21
17
17
24
28
27
19
11
2
-8
-16
-17
-9
-8
-13
-22
-25
-15
3
16
9
11
18
15
20
12
5
-1
-12
-5
-4
3
17
43
62
65
70
64
48
30
17
9
6
10
16
26
35
34
28
23
26
13
-6
-14
-13
-11
-10
-10
-18
-28
-23
-16
-7
5
-5
-18
-27
-22
-12
-13
-5
-15
-23
-22
-29
-28
-34
-33
-30
-32
-31
-29
-17
-4
2
4
1
-8
-28
-34
-39
-47
-48
-51
-48
-36
-25
-27
-35
-35
-38
-37
-26
-20
-12
0
2
7
12
24
42
42
34
11
-17
-24
-16
2
16
17
20
36
40
39
47
46
30
18
17
21
13
-5
-8
-2
5
7
-1
-8
-19
-31
-27
-25
-25
-22
-18
-9
-2
-1
-13
-19
-26
-20
-3
8
26
50
68
78
81
82
77
71
59
37
25
20
14
19
16
18
31
41
50
52
53
43
28
10
-13
-30
-31
-32
-26
-30
-40
-45
-48
-53
-49
-52
-59
-56
-47
-41
-41
-38
-36
-40
-36
-30
-33
-42
-54
-51
-37
-20
-2
6
16
19
24
28
15
3
1
18
34
35
38
42
49
46
32
31
36
45
53
53
47
35
29
26
24
8
-17
-23
-21
-18
-10
2
6
7
-1
-10
-7
-4
-13
-18
-16
-24
-31
-33
-27
-35
-38
-34
-31
-22
-13
-15
-24
-27
-23
-19
-16
-14
-15
-19
-23
-15
-2
8
18
12
5
5
3
-3
-2
12
17
20
26
36
42
30
11
-7
-11
-8
-20
-34
-28
-15
-9
-1
10
7
1
-3
-16
-24
-40
-45
-41
-48
-45
-37
-18
4
8
9
0
-14
-20
-15
-3
0
10
21
31
37
46
55
58
58
49
40
39
40
51
64
74
81
74
59
48
33
23
7
-13
-18
-21
-6
5
-3
-5
-7
-11
-17
-18
-26
-29
-39
-50
-46
-44
-39
-39
-41
-36
-35
-31
-14
3
7
22
30
36
38
25
20
19
19
17
21
23
18
14
7
8
3
-12
-23
-26
-28
-26
-26
-21
-4
9
16
15
7
1
-5
-6
-2
-1
-9
-22
-23
-14
-12
-4
2
3
7
6
4
2
2
-3
-11
-6
-7
-6
-1
-5
-7
-16
-26
-35
-39
-37
-26
-28
-42
-47
-42
-38
-25
-1
7
5
14
10
2
1
-5
5
18
22
20
19
29
26
28
38
39
31
21
8
-6
-13
-17
-18
-8
-4
-17
-21
-19
-9
4
15
8
-11
-25
-36
-32
-28
-28
-22
-18
-3
20
35
27
23
27
13
0
-5
-4
3
10
14
26
32
37
47
57
69
63
44
21
3
-14
-23
-13
-11
-14
-7
10
26
31
18
2
-9
-13
-15
-14
-9
-11
-18
-11
2
13
27
30
29
31
24
16
17
12
4
9
20
17
17
34
45
39
35
28
9
-15
-42
-50
-40
-37
-25
-15
-4
4
2
-3
-10
-6
0
-10
-21
-28
-34
-55
-66
-58
-55
-49
-40
-32
-24
-20
-18
-18
-20
-21
-26
-20
-9
-10
-6
5
9
3
-8
-10
-15
-27
-29
-24
-28
-34
-26
-5
19
41
40
31
17
3
3
13
24
22
22
25
26
23
24
27
20
12
5
2
-8
-6
-10
-18
-19
-23
-16
-8
5
23
28
25
17
-4
-11
-6
-6
-12
-12
-4
1
10
5
-7
-11
-19
-15
-3
14
31
37
36
35
39
33
16
4
1
0
1
2
5
10
6
13
12
4
-4
-1
26
32
27
23
14
10
10
9
4
4
11
3
5
24
32
34
27
17
13
12
16
7
-10
-19
-21
-8
7
13
12
4
4
-2
-15
-32
-35
-34
-44
-47
-55
-53
-44
-25
-7
-5
-2
-9
-4
3
6
6
-7
-12
-20
-17
-10
-5
-1
8
15
6
0
-9
-10
-2
-11
-24
-25
-29
-39
-45
-43
-44
-32
-19
-22
-15
-13
-5
14
16
3
-10
-8
-7
-11
0
9
7
17
25
19
20
19
22
27
27
26
8
9
25
37
54
62
62
43
18
7
8
8
3
-6
-12
-7
-2
1
-1
-16
-25
-37
-33
-22
-13
-11
-23
-24
-24
-19
-9
-3
-9
-21
-21
-23
-21
-21
-20
-2
19
31
33
25
15
18
27
30
29
22
12
8
13
25
36
42
40
27
15
13
3
-10
-21
-24
-21
-8
3
8
17
28
28
21
2
-10
-10
-13
-8
-2
4
7
8
23
29
26
21
14
-3
-20
-26
-29
-33
-36
-40
-48
-46
-47
-53
-49
-39
-33
-24
-24
-21
-15
-16
-9
-2
-1
-4
-5
-1
6
17
26
20
11
14
18
27
41
50
54
52
48
41
31
22
13
7
6
11
7
11
8
-5
-4
7
16
19
13
-1
-9
-12
-9
-14
-24
-38
-45
-45
-42
-38
-35
-34
-42
-45
-37
-24
-6
0
4
10
19
20
20
16
3
-4
-11
1
16
17
22
34
42
37
16
1
-12
-16
-19
-19
-26
-36
-25
-23
-13
0
15
31
38
20
-6
-27
-43
-57
-68
-58
-51
-34
-13
-3
-2
3
14
11
9
6
6
10
12
15
29
29
20
21
22
30
40
42
36
35
34
31
29
18
21
16
1
-3
-7
0
12
21
24
12
0
-10
-13
-11
-13
-9
-6
-10
-13
-18
-16
-14
-9
-3
-15
-17
-12
0
15
14
10
-2
-12
-6
-2
3
11
14
21
27
37
48
49
47
44
41
44
44
39
45
41
21
18
19
14
5
-5
-8
-16
-25
-20
-19
-14
-8
-4
-14
-29
-32
-46
-63
-70
-67
-60
-60
-62
-72
-81
-80
-69
-53
-40
-44
-51
-58
-65
-64
-71
-76
-69
-53
-44
-36
-26
-1
29
42
56
55
57
62
63
69
68
64
69
71
65
50
45
49
49
48
48
51
57
55
45
41
25
16
11
3
3
-4
0
1
-2
-16
-25
-22
-31
-33
-38
-49
-49
-53
-60
-52
-51
-49
-51
-44
-22
-14
-2
5
-4
-19
-19
-5
13
26
25
18
15
14
7
13
25
30
38
46
47
41
33
26
18
15
18
25
31
39
42
36
27
17
15
19
19
19
11
2
2
6
4
-7
-13
-2
4
4
-6
-20
-21
-20
-25
-26
-22
-21
-26
-20
-12
-14
-14
-13
5
21
19
2
-14
-20
-25
-22
-19
-15
3
17
10
1
0
-8
-10
-7
-14
-19
-19
-25
-33
-29
-17
-16
-15
-15
-14
-16
-14
-10
-15
-17
-12
-7
-3
1
1
-1
0
5
9
3
-3
-8
-8
-15
-18
-13
-10
-4
-9
-4
7
10
24
27
24
19
12
18
18
11
-4
-5
1
-7
-14
-21
-17
-3
4
-6
-6
1
-2
1
10
17
13
14
27
40
41
31
22
19
14
11
18
22
8
-6
-12
-14
-13
-17
-24
-24
-24
-15
-8
1
12
22
21
20
20
-7
-32
-33
-26
-16
-7
4
7
11
16
13
20
19
16
32
47
44
31
20
17
18
11
2
1
4
5
1
1
0
-7
-4
-1
-4
0
4
6
-6
-17
-22
-16
-14
-11
0
-9
-8
-2
-15
-23
-21
-27
-28
-16
-14
-16
-9
-5
-5
-9
-6
-9
-12
-4
-2
-1
-1
1
5
13
23
25
28
29
22
18
16
6
-1
-9
-18
-18
-31
-46
-39
-27
-11
10
21
20
17
12
6
1
-3
-5
-2
-5
-8
-2
1
-3
-4
3
2
-8
-9
-9
-5
4
5
1
0
-4
-3
4
9
15
18
17
14
15
17
15
10
-5
-18
-29
-31
-36
-37
-28
-21
-17
-17
-18
-30
-39
-36
-38
-35
-29
-19
-3
3
-1
8
13
7
2
-6
-9
-9
-8
-4
7
14
19
20
30
29
10
10
19
24
27
33
34
42
50
35
28
29
24
18
16
18
18
17
15
14
23
30
30
30
29
27
19
12
10
8
5
2
8
10
7
2
-3
-10
-21
-23
-24
-24
-17
-17
-13
-6
1
1
-7
-14
-20
-28
-42
-44
-35
-36
-32
-30
-25
-19
-11
-2
-7
-9
-8
-11
-12
-8
-13
-19
-18
-5
14
41
64
67
66
66
58
46
25
5
-9
-19
-27
-31
-24
-6
7
19
20
8
-2
-1
-9
-23
-35
-48
-50
-45
-37
-23
-14
-12
-13
-12
-5
-4
-20
-39
-45
-37
-30
-21
-5
-5
-5
-2
-8
-8
-15
-19
-15
-9
-8
-6
-4
-5
7
15
9
2
-7
-7
-8
-6
-7
-7
0
5
4
5
10
12
29
49
61
68
64
49
25
7
0
-9
-6
0
-5
-5
0
19
32
28
17
8
0
-9
-3
11
18
18
10
3
-10
-14
-5
2
3
-1
-1
5
9
20
33
35
34
25
13
0
-2
6
19
30
32
34
26
17
14
7
9
7
2
6
10
5
-3
-9
-6
8
9
1
-15
-33
-43
-46
-43
-37
-36
-34
-24
-15
-11
-10
-14
-15
-17
-9
1
-2
-10
-12
-13
-13
-22
-22
-23
-27
-9
-1
14
30
27
21
22
30
27
18
17
11
4
-4
-14
-20
-23
-28
-35
-46
-51
-53
-53
-47
-52
-51
-51
-54
-35
-9
9
8
-2
-4
-1
1
6
11
13
6
7
18
20
25
26
27
26
18
15
16
23
31
32
38
44
39
28
26
29
36
40
33
18
-2
-14
-22
-22
-13
-9
-3
-4
-4
1
1
17
29
29
10
-14
-31
-46
-40
-28
-9
-1
-3
-17
-33
-21
-4
7
17
14
2
-15
-34
-44
-34
-31
-28
-17
-8
1
-10
-3
12
23
36
27
9
-8
-14
-5
8
23
34
37
44
58
64
64
54
41
32
23
27
24
21
29
38
43
38
36
38
40
29
20
8
-3
-12
-19
-22
-27
-16
-11
-11
2
0
-10
-20
-29
-36
-47
-52
-52
-44
-33
-28
-12
-6
-9
-16
-28
-30
-33
-36
-43
-57
-64
-58
-42
-17
2
8
2
-12
-31
-57
-67
-62
-58
-42
-18
-8
3
12
21
24
28
22
11
15
16
16
8
8
16
26
37
40
44
45
45
46
33
20
3
-13
-15
-15
-15
-16
-10
-4
-8
-1
7
5
0
-17
-36
-41
-39
-26
4
23
36
41
49
55
50
47
34
15
8
11
8
0
-3
1
7
15
23
26
26
18
-6
-24
-32
-38
-42
-47
-44
-43
-36
-18
4
13
10
14
11
15
15
14
12
11
23
21
18
17
13
23
34
49
53
44
40
27
11
6
9
1
-9
-10
-12
-13
-13
-10
2
3
-2
-4
-15
-24
-36
-36
-25
-12
0
0
4
5
-6
-16
-20
-12
-3
-14
-16
-18
-4
8
4
8
3
16
13
4
-3
-18
-14
-13
-7
-3
2
8
10
5
-1
-10
-16
-15
-18
-18
-12
-5
-6
-1
-7
-17
-19
-24
-25
-12
-2
-3
-2
-2
-8
-10
-10
-11
-14
-15
-9
-9
-7
-2
-7
-12
-10
-20
-29
-27
-19
-9
0
10
12
20
18
12
9
4
8
7
5
1
-3
3
-3
-14
-14
0
13
13
9
1
-1
5
7
13
12
12
15
15
17
16
9
-4
-6
-13
-5
8
5
12
10
4
12
15
25
32
32
33
33
40
47
47
51
53
51
45
44
42
36
38
39
33
25
14
-5
-12
-18
-20
-21
-33
-45
-53
-60
-65
-59
-52
-51
-36
-32
-35
-36
-34
-18
-11
-6
-6
-20
-27
-24
-7
3
2
-1
7
16
13
13
23
22
15
13
9
8
0
-1
4
-1
-1
-1
0
0
-5
-15
-27
-31
-35
-32
-20
-13
-4
7
14
21
23
26
32
34
33
30
24
16
21
31
24
8
-6
-20
-33
-49
-56
-54
-49
-40
-42
-42
-36
-18
-1
5
10
8
2
-1
-1
1
2
7
16
24
27
28
31
32
24
17
6
2
2
-2
-5
-14
-19
-19
-18
-23
-31
-34
-29
-14
10
18
19
14
8
4
2
6
4
15
24
7
-1
-6
0
5
10
13
19
23
24
23
19
21
24
28
25
10
-1
0
-6
-15
-18
-27
-33
-24
-21
-21
-15
-16
-24
-32
-28
-27
-18
-5
2
9
9
10
12
12
21
16
13
14
19
34
26
23
34
49
53
35
34
37
38
37
25
22
26
22
25
25
22
25
28
19
-1
-2
-9
-14
-18
-36
-49
-60
-65
-64
-61
-59
-60
-51
-44
-52
-52
-42
-35
-31
-23
-22
-20
-18
-23
-22
-9
-2
14
24
25
35
38
26
10
6
3
-4
1
11
16
22
27
27
23
19
16
12
-2
-1
3
10
11
15
21
15
15
10
3
-13
-32
-38
-47
-43
-26
-19
-11
3
9
-5
-9
-17
-32
-27
-16
-10
-3
2
13
24
17
17
25
24
20
14
17
6
-3
-1
8
16
21
25
21
18
10
-5
-16
-21
-16
-12
-11
-1
9
11
10
3
-15
-21
-26
-21
-19
-20
-13
-9
-4
-1
-9
-9
-3
0
-2
-5
-9
-12
-5
-2
1
5
14
19
18
23
25
22
22
29
32
32
36
37
40
35
27
25
21
28
43
41
36
29
24
14
7
11
6
8
3
-7
-10
-17
-15
-9
-8
-2
-3
-7
-9
-19
-34
-37
-38
-45
-47
-51
-50
-44
-42
-52
-64
-64
-58
-50
-39
-33
-31
-26
-27
-37
-35
-14
9
36
54
57
60
55
39
37
30
13
0
-6
-11
-14
-7
-3
4
17
22
22
26
27
17
5
5
2
-6
-17
-9
2
5
5
-2
2
1
2
6
13
15
7
-1
-5
-19
-22
-15
-2
15
16
6
1
-7
-12
-12
-13
-11
-12
-10
-13
-21
-22
-8
5
6
12
8
0
-4
2
5
-6
-17
-10
-3
-6
0
11
26
38
48
51
51
34
22
10
-2
-14
-20
-6
-3
4
7
-2
-6
8
27
32
24
7
-8
-19
-23
-19
-14
1
10
6
3
3
1
-6
-12
-14
-23
-33
-35
-38
-25
-9
6
9
2
-3
-12
-8
-8
-10
2
17
28
32
31
39
43
45
36
24
15
5
1
7
13
21
26
16
7
6
4
2
-9
-16
-20
-22
-23
-20
-15
-13
-15
-18
-18
-21
-32
-41
-50
-63
-69
-66
-51
-42
-39
-26
-18
-16
-20
-21
-8
10
16
11
13
16
14
9
10
12
17
26
25
14
11
16
18
13
6
-2
-6
-7
-1
13
27
37
44
48
59
68
67
69
68
55
24
-1
-19
-28
-23
-18
-8
-3
5
3
-3
3
-10
-25
-29
-39
-39
-35
-31
-31
-34
-30
-21
-19
-16
-14
-21
-22
-19
-16
-20
-26
-30
-34
-38
-28
-18
-15
-7
-3
1
7
15
19
28
33
35
45
48
59
65
60
50
46
47
39
28
21
17
24
23
25
31
25
15
13
15
0
-13
-15
-21
-25
-28
-24
-27
-34
-28
-27
-25
-19
-29
-27
-23
-24
-20
-6
17
18
15
9
4
-2
-15
-20
-28
-28
-27
-25
-13
-4
6
-6
-26
-42
-48
-40
-35
-20
-11
-8
-3
6
16
25
29
18
5
5
0
1
8
7
10
11
9
5
2
3
-8
-12
-6
-7
-9
-8
-3
5
14
20
16
15
13
9
6
-2
0
-4
-3
5
15
20
21
25
22
24
25
23
17
16
13
16
9
6
13
11
11
4
-2
0
2
7
-1
-5
-6
-14
-20
-29
-35
-37
-32
-34
-31
-16
-7
-8
-7
-9
-13
-4
5
5
-4
-9
-5
9
32
34
25
21
22
25
31
33
35
37
35
35
38
38
22
14
4
-10
-12
-11
-4
-4
5
0
1
1
-12
-11
-20
-28
-42
-52
-48
-50
-46
-35
-25
-26
-39
-45
-49
-41
-30
-20
-8
-11
-25
-30
-23
-17
-26
-20
-6
-3
-5
-2
6
2
-7
-3
-3
-1
2
7
16
25
34
39
46
51
43
23
7
6
4
8
23
22
15
18
20
21
18
20
25
22
17
14
15
-6
-13
-7
0
17
18
27
32
30
34
35
30
18
14
13
10
1
-14
-24
-12
2
6
7
8
6
-4
-8
-19
-34
-42
-45
-41
-31
-31
-27
-27
-25
-9
-1
-4
-13
-16
-18
-6
10
15
15
16
14
13
11
15
16
13
12
12
16
19
16
14
11
2
-7
-5
9
5
5
5
-4
-9
-13
-6
-3
-10
-14
-15
-13
-22
-30
-34
-39
-36
-29
-18
-10
-14
-17
-24
-29
-30
-33
-33
-31
-34
-38
-33
-22
-15
1
9
9
9
-9
-21
-13
-6
-3
4
4
6
13
18
18
24
29
39
47
48
48
30
9
-7
-9
0
14
27
34
47
53
43
27
12
12
-1
-14
-17
-21
-17
-8
1
2
-1
6
8
10
9
4
9
11
15
17
19
20
12
8
11
18
18
17
16
11
-1
2
14
16
21
20
25
9
-13
-6
-2
0
4
7
17
21
18
17
18
12
5
-6
-20
-29
-34
-31
-26
-16
-7
-4
-10
-13
-2
3
-6
-18
-16
-10
-10
-6
-6
-3
10
17
22
28
27
18
-4
-20
-33
-41
-45
-47
-48
-51
-56
-63
-67
-67
-74
-68
-58
-58
-52
-45
-40
-28
-14
0
8
10
12
11
10
9
1
-2
3
13
17
17
19
24
26
20
8
-4
-12
-16
-17
-10
0
4
-9
-8
3
19
31
29
30
27
24
14
17
25
17
21
29
38
36
35
51
53
47
40
32
34
29
28
27
25
20
13
16
21
15
5
-1
5
10
8
14
21
24
18
6
6
9
12
16
19
14
-2
-13
-10
-6
-3
-10
-9
-1
-7
-11
-19
-19
-8
-3
2
3
-3
-4
-2
-3
1
9
8
7
-3
-7
-3
2
9
3
-7
-12
-7
-12
-14
-8
-5
2
-2
-15
-20
-17
-17
-14
-12
-6
2
-1
-9
-11
-19
-21
-13
-13
-15
-19
-38
-47
-47
-57
-56
-61
-64
-66
-80
-82
-76
-54
-33
-21
-21
-28
-18
-8
-4
0
-7
-17
-14
-10
-6
0
2
10
16
22
25
25
17
2
-7
-11
-15
-12
-6
-5
0
13
28
38
44
45
42
47
57
56
45
38
43
52
52
45
43
51
47
36
39
47
41
33
31
30
27
20
13
6
-6
-16
-17
-9
2
0
-6
-11
-6
2
-3
1
-1
8
16
14
24
21
21
30
31
28
23
18
20
20
27
30
33
27
16
21
15
3
-7
-11
-4
-13
-25
-21
-13
-13
-20
-18
-19
-24
-17
-21
-19
-12
-9
-1
6
-2
-17
-28
-35
-35
-41
-46
-46
-48
-60
-70
-66
-62
-55
-45
-44
-48
-47
-40
-40
-47
-53
-46
-34
-28
-29
-35
-29
-27
-22
-14
-12
-16
-27
-12
1
-7
3
9
10
8
11
31
41
50
50
46
49
41
36
36
43
40
31
43
54
44
32
21
12
8
1
8
7
5
7
1
1
1
-6
-13
-25
-32
-37
-29
-11
-5
5
20
26
29
30
24
32
42
34
23
9
-5
-11
-5
-1
-1
4
13
26
19
-4
-10
-8
-7
-12
-5
9
13
20
14
12
15
10
26
38
30
25
26
32
35
40
42
49
53
40
29
13
-1
-11
-12
-11
-19
-27
-29
-27
-24
-24
-23
-16
-16
-11
-10
-25
-44
-53
-44
-36
-23
-8
-7
-6
-3
1
-4
-6
0
7
12
9
0
4
13
12
2
-3
-5
-18
-28
-34
-29
-17
-17
-15
-17
-22
-23
-28
-19
-11
-16
-21
-22
-17
-22
-15
3
17
17
2
-12
-15
-12
-11
-6
1
9
12
22
22
12
-4
-5
1
-2
-12
-27
-35
-36
-31
-28
-31
-39
-39
-23
-12
-15
-18
-31
-47
-46
-38
-32
-21
-1
14
23
23
13
13
2
-10
-7
0
-1
3
10
6
13
33
41
36
36
48
60
60
66
64
64
69
67
72
73
72
73
70
72
70
68
63
53
49
40
28
17
10
4
6
16
19
18
13
6
7
5
5
0
-5
-17
-28
-29
-35
-37
-30
-18
-3
10
11
7
1
-15
-32
-45
-55
-55
-43
-37
-41
-33
-37
-45
-57
-58
-51
-62
-54
-41
-39
-32
-31
-28
-24
-24
-22
-19
-10
-12
-15
-17
-23
-15
-8
-2
1
9
19
18
17
4
-5
-4
-2
5
4
-4
-17
-29
-29
-20
-22
-34
-41
-39
-47
-60
-58
-50
-50
-44
-28
-22
-20
-22
-20
-24
-12
7
13
25
23
16
16
14
19
24
23
12
8
17
25
32
30
30
32
30
22
7
1
-1
-1
8
17
29
33
42
54
60
59
57
66
71
78
88
84
84
85
88
95
96
92
85
76
77
81
87
89
83
71
58
52
39
25
17
10
-1
-9
-13
-18
-30
-41
-49
-51
-50
-52
-48
-55
-53
-58
-65
-61
-63
-65
-66
-60
-55
-64
-65
-56
-45
-46
-58
-62
-65
-74
-68
-55
-54
-60
-77
-79
-73
-61
-54
-64
-68
-77
-74
-60
-54
-48
-36
-30
-32
-41
-56
-59
-50
-41
-30
-17
-4
8
-3
-10
2
1
6
9
14
26
33
39
39
33
41
47
47
49
57
55
56
66
77
89
82
71
55
37
12
5
16
24
31
32
34
45
58
55
40
22
18
21
19
23
24
18
18
29
31
33
43
43
41
34
27
36
35
21
12
9
7
7
19
33
41
47
57
55
45
25
2
-19
-22
-17
-23
-19
-25
-33
-40
-39
-29
-30
-39
-36
-35
-40
-34
-23
-17
-9
-11
-11
-10
-21
-26
-23
-18
-21
-27
-19
-11
-15
-19
-17
-14
-9
5
19
22
14
-11
-32
-51
-55
-50
-50
-53
-44
-38
-51
-58
-58
-49
-33
-12
-1
-3
-9
-19
-17
-6
-10
-9
-2
-5
-8
0
1
11
19
24
24
8
-7
-20
-18
-10
-1
15
24
29
34
33
30
32
31
25
21
14
0
-3
6
15
10
1
-6
-10
-9
-8
-8
-8
-8
-3
-7
-16
-4
-1
-1
-1
-5
-8
-8
-3
8
14
7
-4
-8
-5
-7
-9
-13
-11
-5
4
4
6
11
9
11
12
20
19
19
32
46
48
41
48
62
69
58
49
39
28
20
13
11
17
25
31
32
37
31
22
22
19
13
5
9
19
10
-7
-4
4
0
4
1
7
23
29
28
19
15
7
-12
-19
-18
-39
-53
-49
-55
-57
-56
-43
-37
-40
-42
-51
-46
-45
-41
-36
-34
-26
-22
-18
-25
-29
-26
-17
-7
0
10
13
17
25
28
16
2
-5
-19
-36
-36
-32
-27
-19
-9
-13
-20
-24
-31
-34
-41
-45
-42
-37
-33
-29
-26
-22
-8
1
2
2
3
0
8
19
30
38
41
38
27
15
2
-3
-8
-7
-4
4
16
13
16
20
20
21
14
9
0
2
6
-7
-17
-9
-5
0
23
43
50
56
54
37
25
16
4
7
16
32
41
55
70
77
70
50
33
22
21
20
17
20
19
2
-5
-5
-13
-19
-16
-7
-8
-17
-19
-18
-21
-26
-28
-21
-26
-30
-25
-23
-22
-15
-8
-4
1
5
12
13
10
12
17
26
24
10
1
-9
-15
-13
-2
5
-6
-4
-9
-17
-16
-10
3
16
16
8
1
-15
-27
-34
-33
-34
-40
-26
-18
-25
-34
-29
-35
-43
-36
-37
-42
-41
-38
-32
-23
0
26
42
55
55
58
47
35
24
7
0
2
-2
-16
-22
-20
-13
3
12
10
3
-10
-25
-32
-47
-50
-45
-40
-36
-37
-35
-25
-5
7
8
3
-1
-5
-11
-15
-10
0
2
3
25
33
25
26
32
36
45
54
61
66
60
59
57
56
55
45
50
50
40
29
24
20
6
0
-4
-1
10
15
18
4
-15
-32
-39
-40
-42
-31
-25
-15
-11
-14
-9
-10
-15
-20
-21
-26
-20
-20
-20
-12
-3
4
5
0
-1
-4
-12
-19
-22
-13
-13
-19
-24
-34
-44
-52
-52
-43
-38
-40
-41
-39
-35
-34
-21
-4
5
11
16
22
38
58
67
66
53
40
40
27
16
8
-1
4
16
15
21
32
32
28
28
17
7
17
21
17
10
-1
-9
-12
-5
13
31
41
44
48
47
34
20
9
-1
-7
-11
-6
2
9
12
9
4
-1
-1
-3
-14
-21
-29
-34
-37
-35
-30
-35
-39
-38
-34
-47
-52
-54
-51
-39
-33
-23
-19
-25
-28
-22
-16
-15
-14
-4
5
7
3
3
10
6
6
6
4
7
8
6
-6
-8
-1
0
3
2
-6
-8
2
1
3
14
14
20
19
21
25
27
29
30
31
32
32
29
19
11
3
4
1
-9
-5
-16
-30
-39
-34
-34
-39
-43
-38
-30
-20
-14
-20
-30
-30
-20
-7
6
12
14
26
41
46
44
34
30
30
32
24
4
1
3
10
25
30
39
43
41
35
22
15
6
11
12
8
2
9
27
34
47
52
49
43
35
38
38
30
20
7
-1
-8
-10
-12
-12
-22
-36
-40
-46
-62
-68
-64
-65
-71
-75
-71
-59
-42
-22
-13
-12
-7
7
22
13
-4
-17
-35
-42
-54
-63
-53
-40
-29
-22
-9
-6
-15
-22
-30
-35
-34
-31
-19
-2
14
24
24
31
41
48
53
56
62
54
53
49
32
23
6
-12
-23
-23
-19
-26
-19
-12
-11
-3
-2
-2
0
8
12
16
37
49
50
56
63
68
71
81
83
81
71
56
43
35
28
28
29
16
5
-7
-25
-35
-45
-48
-44
-47
-55
-60
-56
-58
-54
-49
-42
-40
-45
-44
-32
-34
-34
-23
-16
-5
-8
-20
-29
-38
-42
-29
-15
-7
-10
-11
-10
-17
-22
-24
-24
-26
-23
-25
-18
-10
1
11
17
33
40
41
41
36
29
21
16
2
-2
4
8
17
22
31
29
23
24
30
31
15
13
19
16
6
4
14
9
-3
-8
-14
-16
-20
-29
-23
-10
-14
-1
22
34
36
42
42
17
5
7
20
31
39
55
59
58
62
47
32
23
10
-10
-16
-21
-29
-27
-28
-18
-13
-13
-14
-15
-12
-13
-9
-7
-13
-14
-19
-23
-29
-34
-35
-29
-14
-3
2
-10
-18
-17
-17
-10
2
6
1
-4
-13
-31
-47
-55
-54
-43
-40
-31
-16
-8
0
4
5
0
1
-2
-14
-29
-33
-18
-4
23
46
47
48
50
54
46
34
22
6
-9
-20
-11
1
1
-2
2
-4
-24
-31
-18
-19
-27
-29
-24
-12
-5
0
4
9
6
1
-1
-14
-20
-15
-4
6
9
5
-3
-1
-4
-3
-4
-8
-15
-13
4
24
43
42
32
26
20
15
21
13
-3
-3
5
21
31
28
24
22
25
23
23
20
12
4
-2
-12
-17
-6
2
-3
-17
-22
-25
-24
-19
-8
-4
1
5
12
26
35
37
33
35
41
33
18
13
18
22
14
11
16
17
21
26
29
11
-17
-23
-23
-19
-11
7
14
1
-8
9
13
13
20
19
18
11
7
7
1
-7
-21
-29
-21
-18
-20
-26
-26
-26
-24
-20
-21
-13
-20
-29
-26
-31
-38
-48
-44
-37
-31
-19
-22
-30
-36
-37
-21
-24
-31
-36
-42
-49
-43
-22
-13
-23
-31
-28
-32
-24
-7
5
-4
-12
-8
-12
-25
-37
-31
-24
-21
-12
3
4
-2
12
24
28
33
33
27
13
-2
1
16
23
26
28
20
17
24
20
18
16
16
26
29
25
25
20
13
7
9
14
19
23
23
33
53
56
52
50
49
55
52
51
56
53
48
57
77
82
72
69
73
60
40
35
25
16
8
-5
-6
-17
-26
-25
-22
-22
-21
-21
-26
-28
-38
-56
-68
-73
-72
-77
-65
-38
-32
-36
-23
-15
-26
-37
-26
-13
-11
-1
19
29
15
5
9
4
1
10
24
16
0
0
7
-2
-11
-16
-38
-59
-60
-54
-54
-50
-34
-32
-43
-44
-44
-57
-73
-65
-46
-36
-33
-18
0
-7
-5
32
42
18
15
31
20
-2
-4
3
-12
-23
-7
10
11
7
26
33
17
12
27
16
-12
-8
-5
-23
-33
-21
-11
-17
-16
-10
-23
-23
-3
-2
-9
5
23
14
13
47
61
39
27
47
44
25
46
87
83
44
36
43
14
-16
6
38
18
0
36
50
18
-4
14
5
-47
-47
3
4
-15
11
33
3
-20
10
28
-1
-3
33
37
10
23
46
24
1
17
28
9
-1
15
18
-2
-3
22
27
1
-1
10
-7
-34
-28
-16
-31
-44
-35
-45
-66
-62
-44
-48
-54
-36
-31
-35
-35
-19
-15
-18
-1
5
-8
-2
20
29
30
37
51
44
34
45
40
20
14
20
17
3
1
6
-5
-24
-25
-26
-29
-36
-34
-36
-50
-31
-10
-21
-37
-38
-38
-52
-54
-36
-36
-47
-42
-32
-43
-58
-38
-19
-16
-9
8
15
-3
4
28
29
31
45
50
39
27
27
25
23
28
31
27
29
25
22
21
25
26
24
33
27
14
4
2
5
-7
-20
-29
-38
-49
-43
-23
-25
-22
12
28
8
-13
0
12
-5
-2
36
53
31
34
53
29
-20
-29
3
-2
-19
11
10
-42
-45
-14
-4
-15
-16
0
-38
-68
-42
-1
-1
-10
24
38
6
0
40
67
65
81
118
104
60
66
108
109
102
125
109
60
28
51
60
48
59
40
-17
-54
-33
-26
-53
-44
-30
-75
-113
-75
-43
-68
-80
-53
-60
-100
-82
-25
-44
-82
-63
-38
-57
-61
-18
-11
-42
-21
22
7
-25
2
37
10
-31
-10
4
-41
-49
-8
-7
-56
-59
-8
-15
-44
-9
34
-22
-54
1
19
-20
-9
51
43
15
37
71
36
3
56
69
8
2
36
22
-11
17
57
13
-43
-29
-30
-80
-81
-33
-45
-95
-86
-51
-55
-46
11
27
-25
-48
4
8
-41
-14
23
-7
-35
-6
7
-26
-12
48
56
-1
1
46
18
-24
8
45
-1
-21
34
42
-16
-24
36
40
-5
36
78
47
40
93
106
38
17
86
103
44
66
132
114
75
114
141
82
36
81
104
42
28
82
48
-23
14
49
-8
-46
-18
-20
-79
-88
-35
-24
-59
-47
-8
-33
-66
-11
16
-19
-40
-4
-6
-53
-18
29
5
-12
19
19
-20
-36
-3
4
-34
-18
25
23
-3
3
1
-40
-65
-49
-50
-106
-129
-102
-125
-152
-115
-90
-112
-113
-68
-73
-109
-108
-79
-89
-112
-75
-63
-91
-63
-8
-9
-29
13
56
31
4
28
57
1
-29
30
29
-32
-12
52
30
-29
3
51
8
-18
44
76
12
-17
16
-3
-67
-57
11
0
-19
43
102
103
105
171
186
133
122
145
137
102
114
132
91
58
76
103
87
95
143
140
121
112
90
44
17
13
-37
-70
-37
-4
-10
1
51
66
30
26
45
-1
-52
-30
5
-33
-67
-30
-22
-81
-87
-8
-12
-90
-69
5
-33
-96
-39
10
-59
-116
-71
-68
-171
-194
-106
-91
-137
-102
-22
-38
-93
-47
-13
-65
-112
-80
-61
-115
-105
-33
4
-22
-11
40
13
-14
10
28
-10
-53
-25
-13
-42
-26
5
4
-5
27
54
34
31
58
39
9
32
59
38
28
79
98
53
47
95
77
26
53
103
62
31
76
100
47
22
72
69
6
6
65
75
52
102
168
126
53
71
70
-4
-53
-13
13
-30
-40
1
8
-44
-43
34
40
-29
-46
-38
-72
-122
-111
-108
-149
-171
-143
-100
-104
-99
-78
-73
-75
-73
-71
-73
-64
-65
-79
-92
-69
-61
-64
-24
4
21
28
51
87
67
34
26
0
-29
-31
13
39
50
83
101
68
41
57
30
-5
9
6
-36
-62
-69
-52
-49
-47
4
62
41
-1
6
-16
-68
-96
-62
-53
-57
-5
12
9
68
115
87
65
129
226
248
268
295
298
270
256
271
216
202
256
263
229
198
215
207
186
180
147
75
-47
-81
-69
-170
-220
-138
-71
-178
-253
-137
-98
-199
-259
-188
-156
-217
-214
-119
-91
-184
-241
-268
-379
-425
-245
-142
-182
-88
51
-53
-264
-290
-265
-344
-388
-217
-74
-192
-298
-197
-144
-238
-238
-152
-162
-188
-81
23
31
84
264
325
233
173
229
253
229
333
468
460
435
479
359
189
232
452
531
399
310
295
229
67
58
228
229
150
146
79
-83
-197
-147
-126
-95
24
88
68
32
49
-33
-196
-242
-216
-224
-204
-185
-226
-309
-330
-319
-289
-257
-204
-132
-117
-142
-129
-113
-189
-296
-346
-301
-245
-239
-249
-217
-76
130
283
369
340
221
71
-29
42
146
160
132
165
142
82
72
95
178
192
183
184
136
-1
-106
-86
88
577
819
60
-780
-631
-29
-69
-265
175
780
808
-24
-795
-744
-69
261
154
310
600
496
-171
-633
-139
567
761
640
599
589
238
-97
-269
-64
268
206
98
154
128
-170
-348
-417
-443
-298
-184
-155
-96
-32
-94
-288
-310
-286
-355
-365
-276
-121
-121
-108
-55
-205
-547
-603
-381
-407
-449
-227
-231
-425
-429
-472
-738
-826
-518
-370
-313
-136
179
285
159
204
302
336
168
160
420
466
308
418
628
659
577
697
867
859
793
692
582
359
234
217
186
169
216
166
-89
-240
-113
-44
-86
-1
46
-139
-404
-461
-483
-558
-402
-197
-151
-204
-244
-275
-423
-521
-383
-135
-127
-230
-206
-125
-198
-388
-425
-234
-95
-70
-17
124
324
429
448
502
779
1116
1220
1193
1234
1297
1273
1275
1273
1073
909
923
718
297
64
-41
-304
-610
-758
-856
-1045
-1421
-1680
-1615
-1397
-1354
-1464
-1414
-1307
-1398
-1448
-1305
-1149
-995
-780
-656
-659
-533
-352
-360
-298
1
64
-37
112
370
367
275
626
1133
1311
1316
1412
1534
1563
1647
1817
1961
2004
2055
2004
1624
1182
980
814
453
143
70
-33
-278
-481
-766
-1150
-1458
-1544
-1544
-1605
-1582
-1487
-1406
-1348
-1275
-1267
-1370
-1425
-1233
-943
-864
-910
-671
-325
-303
-461
-500
-446
-401
-259
-95
-182
-167
402
1103
1298
1274
1550
1703
1535
1424
1458
1510
1818
2243
2283
1987
1641
1241
829
565
293
-114
-409
-436
-495
-784
-1171
-1407
-1425
-1404
-1565
-1707
-1544
-1175
-928
-749
-463
-264
-203
-111
-93
-305
-336
-61
118
73
109
126
-10
-76
4
68
-99
-146
20
302
621
891
926
931
1128
1257
1183
1078
1242
1497
1780
1837
1523
988
594
300
-30
-295
-641
-978
-1035
-1014
-1395
-1870
-1954
-1979
-2236
-2180
-1930
-1932
-1806
-1241
-765
-860
-963
-747
-591
-612
-554
-472
-392
-220
57
158
64
163
267
231
102
309
633
923
1312
1734
1947
1942
2200
2440
2348
2140
2352
2724
2800
2640
2502
2196
1774
1323
709
-4
-599
-895
-1023
-1202
-1688
-2070
-2166
-2242
-2507
-2719
-2713
-2599
-2318
-1913
-1739
-1739
-1591
-1413
-1362
-1344
-1099
-907
-717
-339
-26
-84
-256
-145
-42
-115
-103
136
384
687
1196
1756
1922
1893
2142
2561
2563
2237
2358
2710
2782
2729
2746
2463
1884
1543
1343
783
75
-313
-676
-1051
-1172
-1316
-1827
-2302
-2304
-2226
-2257
-2201
-1950
-1636
-1362
-1201
-1195
-1217
-1152
-994
-850
-776
-850
-756
-466
-370
-543
-589
-435
-418
-537
-681
-621
-271
277
662
803
1062
1583
1945
1968
1789
1765
2039
2424
2671
2469
2009
1591
1478
1188
365
-515
-767
-622
-702
-1104
-1542
-1809
-1891
-1781
-1889
-2116
-1923
-1389
-1087
-1107
-977
-762
-638
-391
-109
-178
-352
-147
150
169
80
125
122
-98
-389
-517
-505
-331
-4
398
761
1140
1568
1790
1796
1959
2158
2025
1864
2081
2357
2356
2227
2065
1781
1359
795
188
-314
-821
-1306
-1416
-1303
-1419
-1756
-1975
-2008
-2083
-2095
-2099
-1949
-1538
-1054
-884
-947
-889
-658
-634
-748
-690
-549
-547
-558
-294
-266
-421
-305
-70
-55
-8
166
182
396
1256
1985
2162
2455
3177
3399
3005
2772
2703
2572
2714
2953
2601
2130
2066
1736
646
-396
-1143
-1833
-2238
-2263
-2572
-2916
-2787
-2659
-2894
-3108
-3051
-3067
-2906
-2422
-2125
-1998
-1729
-1445
-1324
-1146
-929
-1089
-1224
-1078
-979
-1093
-1005
-672
-471
-352
-119
-68
-81
189
512
890
1519
2226
2439
2619
2965
3134
3108
3293
3459
3284
3305
3443
3038
2509
2262
1748
935
373
42
-492
-844
-965
-1270
-1618
-1647
-1674
-1889
-1978
-2055
-2156
-1897
-1516
-1435
-1306
-872
-542
-488
-536
-698
-1027
-1063
-911
-955
-942
-650
-345
-309
-186
-39
-217
-356
-77
437
958
1300
1677
2197
2752
2877
2626
2593
2789
2762
2607
2464
2250
1995
1844
1585
902
241
-336
-876
-1288
-1533
-1916
-2160
-1954
-1790
-2031
-2212
-2128
-2079
-1972
-1766
-1669
-1643
-1275
-898
-926
-1049
-981
-960
-1123
-1150
-1045
-929
-768
-490
-290
-225
-178
-102
1
50
127
535
1253
1815
1983
2292
2679
2649
2460
2457
2366
2082
1980
1971
1676
1322
1135
697
113
-378
-871
-1502
-1884
-2004
-2096
-2149
-2127
-2133
-2168
-2203
-2309
-2276
-2153
-2124
-2009
-1625
-1279
-1204
-1086
-943
-1063
-1151
-1074
-1117
-1134
-833
-394
-215
-21
249
400
588
919
1376
1817
2349
2912
3352
3648
4016
4220
4223
4161
4126
3973
3675
3425
3096
2737
2371
1831
993
290
-160
-826
-1628
-2133
-2467
-2617
-2606
-2698
-2870
-2725
-2501
-2651
-2764
-2505
-2400
-2425
-2015
-1562
-1548
-1534
-1135
-882
-992
-1097
-1012
-888
-726
-517
-393
-221
97
376
534
708
1017
1519
2002
2209
2391
2782
3057
2968
3009
3144
2973
2842
2895
2600
1971
1708
1414
633
-1
-297
-938
-1551
-1630
-1775
-2193
-2346
-2353
-2689
-2832
-2627
-2603
-2618
-2322
-2093
-2000
-1802
-1718
-1785
-1635
-1416
-1561
-1545
-1151
-987
-1114
-975
-725
-741
-598
-229
-74
-25
327
797
1165
1659
2164
2403
2656
3116
3319
3169
3040
3000
2839
2745
2656
2215
1795
1718
1514
746
-9
-662
-1379
-1868
-2026
-2268
-2530
-2341
-2079
-2055
-1984
-1919
-2006
-1947
-1606
-1405
-1346
-1114
-839
-660
-382
-238
-304
-195
26
-5
-54
89
172
244
515
701
579
672
1005
1197
1534
2102
2289
2282
2727
3179
2992
2946
3228
3067
2617
2651
2483
1860
1544
1353
538
-252
-529
-1058
-1787
-2037
-2110
-2484
-2503
-2355
-2609
-2772
-2506
-2340
-2308
-2057
-1909
-1864
-1487
-1113
-1136
-1031
-618
-530
-634
-561
-624
-792
-638
-404
-447
-459
-283
-202
-133
279
633
772
1219
1802
2001
2070
2435
2603
2494
2597
2737
2525
2359
2305
1975
1526
1397
1046
291
-309
-791
-1483
-1975
-2210
-2684
-2988
-2691
-2507
-2846
-2834
-2429
-2242
-2124
-1780
-1751
-1850
-1462
-1126
-1143
-908
-474
-345
-292
-10
70
-15
67
149
84
252
495
506
639
1034
1305
1643
2215
2499
2531
2937
3351
3092
2988
3164
2979
2594
2757
2634
2010
1745
1719
977
101
-124
-595
-1434
-1827
-1930
-2428
-2694
-2531
-2552
-2661
-2436
-2178
-2115
-2001
-1949
-2013
-1875
-1671
-1618
-1421
-1105
-1055
-934
-548
-377
-463
-221
114
43
40
393
545
476
719
1090
1300
1698
2267
2478
2459
2805
3113
2872
2637
2736
2622
2355
2363
2178
1643
1413
1346
760
167
-31
-487
-1119
-1311
-1561
-2147
-2269
-2134
-2312
-2261
-1936
-1987
-2101
-1759
-1671
-1917
-1689
-1334
-1462
-1437
-1115
-1089
-1088
-734
-584
-648
-418
-215
-338
-291
-82
-52
111
436
659
995
1612
1875
1862
2301
2806
2723
2549
2685
2532
2138
2192
2221
1562
1117
1145
671
-157
-528
-919
-1776
-2246
-2397
-2941
-3356
-3167
-3307
-3617
-3349
-3016
-3093
-2925
-2458
-2404
-2238
-1703
-1451
-1458
-1116
-801
-748
-418
-84
-7
327
829
924
942
1296
1498
1596
1937
2291
2325
2616
3175
3353
3324
3657
4004
3886
3871
4043
3953
3686
3687
3385
2816
2558
2228
1282
403
7
-676
-1380
-1711
-2231
-2801
-2728
-2624
-3021
-3130
-2938
-3163
-3274
-2958
-3027
-3259
-2928
-2542
-2498
-2199
-1669
-1443
-1213
-849
-779
-708
-334
-138
-237
-87
137
172
312
637
920
1217
1801
2280
2494
2811
3225
3351
3243
3257
3261
3079
2948
2822
2372
1927
1813
1555
847
287
-136
-842
-1429
-1805
-2361
-2858
-2766
-2718
-3047
-3040
-2794
-2798
-2726
-2452
-2460
-2459
-2117
-2042
-2162
-1888
-1668
-1762
-1598
-1225
-1119
-1011
-558
-319
-327
-69
196
179
238
495
611
950
1605
2038
2163
2606
3185
3310
3265
3372
3320
3081
3069
2863
2259
1894
1782
1165
560
242
-331
-1044
-1357
-1684
-2264
-2408
-2281
-2487
-2601
-2273
-2169
-2183
-1920
-1702
-1732
-1520
-1156
-1051
-854
-490
-239
-50
294
460
433
520
504
400
504
798
878
913
1159
1388
1517
1702
1989
2288
2625
2864
3073
3122
3094
3089
3009
2797
2549
2387
2097
1810
1525
1048
351
-271
-859
-1467
-2025
-2533
-3019
-3247
-3227
-3329
-3372
-3211
-3110
-3040
-2746
-2575
-2626
-2584
-2362
-2258
-2208
-2016
-1783
-1514
-1168
-918
-745
-514
-336
-263
-148
61
158
393
812
1198
1557
2042
2681
3007
3240
3679
3985
3871
3757
3706
3374
3042
2853
2401
1737
1474
1280
735
149
-230
-835
-1502
-1942
-2568
-3263
-3474
-3586
-3877
-3830
-3595
-3602
-3528
-3205
-3137
-3108
-2663
-2376
-2365
-2024
-1594
-1402
-1106
-743
-570
-279
219
364
281
453
523
422
613
919
1163
1653
2388
3058
3501
3880
4224
4505
4609
4466
4308
4212
4003
3782
3462
2947
2562
2260
1643
875
359
-226
-935
-1477
-1953
-2581
-2863
-2896
-3065
-3020
-2686
-2508
-2410
-2163
-2088
-2183
-2009
-1880
-2069
-2100
-1939
-1800
-1623
-1323
-1102
-789
-299
-16
57
320
500
538
654
940
1094
1325
1883
2339
2614
3031
3601
3765
3702
3696
3466
2996
2730
2346
1569
930
690
60
-707
-1096
-1563
-2230
-2605
-2898
-3421
-3641
-3543
-3583
-3596
-3273
-3044
-2878
-2466
-2195
-2130
-1806
-1418
-1307
-1190
-905
-749
-616
-347
-185
-140
129
451
531
550
727
938
1081
1277
1502
1641
1914
2399
2716
2860
3045
3377
3443
3363
3351
3158
2812
2610
2249
1601
1056
656
113
-574
-1108
-1693
-2333
-2775
-3105
-3387
-3291
-3181
-3237
-3084
-2735
-2576
-2503
-2335
-2262
-2234
-1992
-1775
-1709
-1575
-1384
-1119
-826
-550
-426
-251
26
296
565
829
1043
1199
1460
1758
2114
2477
2869
3305
3708
4035
4396
4529
4272
4073
3958
3606
3081
2770
2287
1762
1490
1246
656
92
-400
-1102
-1662
-2038
-2596
-3096
-3081
-2979
-2984
-2836
-2578
-2502
-2304
-1980
-1805
-1732
-1564
-1470
-1552
-1518
-1437
-1386
-1238
-1067
-869
-752
-589
-472
-493
-404
-166
59
278
606
926
1280
1832
2449
2767
2985
3463
3763
3630
3429
3249
2853
2416
2102
1612
973
491
91
-542
-1101
-1550
-2134
-2659
-2989
-3435
-3775
-3782
-3815
-3883
-3586
-3228
-3089
-2739
-2351
-2255
-2164
-1856
-1728
-1572
-1293
-1075
-880
-647
-474
-308
83
437
612
782
1056
1255
1474
1793
2102
2331
2619
3103
3606
3872
3954
4214
4477
4378
4073
3877
3547
3061
2606
2024
1315
811
435
-130
-648
-1106
-1569
-2005
-2284
-2701
-3150
-3275
-3182
-3142
-3011
-2631
-2324
-2044
-1759
-1588
-1562
-1444
-1220
-1076
-1026
-908
-653
-429
-303
-161
23
114
150
339
530
725
955
1113
1369
1664
1839
2114
2593
2848
2919
3198
3342
3047
2769
2631
2326
1932
1667
1216
659
363
27
-582
-984
-1255
-1775
-2217
-2440
-2837
-3341
-3356
-3317
-3456
-3306
-3037
-2971
-2766
-2424
-2338
-2240
-1978
-1810
-1815
-1765
-1626
-1499
-1304
-1136
-877
-414
48
352
670
1082
1322
1430
1670
2104
2403
2758
3255
3647
3865
4100
4325
4306
4090
3900
3758
3426
2962
2386
1819
1330
897
231
-511
-1019
-1437
-1912
-2402
-2724
-3046
-3220
-3174
-3206
-3295
-3218
-3061
-3110
-3018
-2760
-2602
-2420
-2206
-2047
-1911
-1625
-1371
-1173
-881
-567
-271
125
387
459
731
1111
1300
1456
1847
2148
2375
2754
3124
3381
3620
3819
3894
3897
3682
3291
2979
2729
2278
1774
1475
1176
762
397
-30
-538
-977
-1351
-1816
-2232
-2537
-2774
-2879
-2929
-3001
-3012
-2806
-2639
-2608
-2554
-2411
-2435
-2451
-2347
-2229
-2094
-1824
-1527
-1263
-958
-650
-349
-11
313
482
755
1103
1287
1390
1662
1922
2154
2595
3086
3324
3534
3792
3874
3673
3385
3053
2588
2219
1828
1300
869
608
292
-102
-422
-824
-1328
-1670
-2006
-2469
-2785
-2851
-2950
-3062
-2961
-2747
-2592
-2386
-2139
-2046
-1996
-1846
-1697
-1593
-1465
-1321
-1166
-934
-668
-351
22
390
623
876
1128
1313
1426
1530
1590
1623
1777
1937
2187
2375
2500
2590
2873
2896
2747
2637
2529
2211
1839
1509
971
466
163
-158
-728
-1098
-1401
-1764
-2128
-2309
-2510
-2679
-2636
-2631
-2666
-2594
-2530
-2547
-2450
-2204
-1991
-1878
-1704
-1427
-1193
-953
-625
-272
26
300
550
742
922
1128
1390
1579
1703
1874
2111
2335
2446
2547
2685
2955
3147
3181
3104
3112
3049
2774
2527
2289
1970
1552
1135
562
15
-406
-814
-1390
-1875
-2238
-2527
-2788
-3013
-3267
-3471
-3470
-3536
-3578
-3579
-3523
-3387
-3138
-2982
-2845
-2503
-2095
-1799
-1472
-1006
-568
-154
343
800
1101
1398
1697
1981
2213
2384
2477
2545
2606
2712
2815
2862
2979
3089
3045
2991
3039
2914
2621
2500
2376
2033
1725
1492
1084
612
280
-126
-636
-982
-1388
-1934
-2324
-2595
-2890
-3062
-3103
-3195
-3187
-3058
-3069
-3078
-2918
-2825
-2817
-2678
-2413
-2214
-1935
-1591
-1284
-938
-503
-144
149
492
793
1019
1242
1364
1402
1525
1685
1770
1859
2008
2132
2187
2291
2442
2452
2418
2389
2248
2073
1998
1867
1568
1306
1126
784
436
124
-334
-816
-1047
-1375
-1862
-2071
-2105
-2299
-2417
-2316
-2332
-2344
-2161
-2058
-2043
-1847
-1685
-1645
-1401
-1061
-862
-554
-97
219
462
906
1278
1509
1768
1944
1912
1986
1993
1824
1787
1844
1698
1602
1744
1735
1678
1827
1906
1716
1741
1786
1531
1214
1081
763
418
190
-165
-638
-959
-1285
-1761
-2038
-2235
-2508
-2758
-2809
-2976
-3034
-2885
-2785
-2784
-2640
-2403
-2225
-1914
-1561
-1243
-909
-513
-204
91
422
693
915
1126
1294
1381
1537
1602
1620
1677
1770
1743
1602
1546
1538
1589
1636
1659
1631
1747
1907
1937
1809
1773
1741
1599
1427
1162
736
268
-156
-638
-1155
-1640
-2012
-2407
-2800
-3136
-3332
-3496
-3597
-3606
-3499
-3378
-3200
-2895
-2543
-2157
-1762
-1359
-972
-517
-48
389
825
1271
1641
2009
2309
2504
2596
2732
2707
2553
2416
2248
1994
1712
1557
1356
1209
1163
1192
1158
1263
1351
1345
1278
1313
1248
1102
955
733
463
151
-161
-593
-963
-1293
-1551
-1868
-2149
-2454
-2559
-2657
-2730
-2656
-2514
-2425
-2290
-2021
-1866
-1673
-1341
-1084
-937
-580
-226
15
330
736
993
1197
1442
1544
1578
1686
1687
1496
1414
1416
1217
1115
1061
967
954
1197
1306
1270
1554
1838
1872
1926
2136
2031
1883
1830
1499
885
590
313
-291
-831
-1162
-1621
-2063
-2189
-2497
-2811
-2850
-2852
-3042
-2967
-2824
-2879
-2757
-2511
-2407
-2257
-1842
-1573
-1319
-827
-346
-16
433
876
1077
1309
1541
1598
1525
1478
1365
1205
1090
974
840
765
713
754
860
948
1103
1288
1470
1569
1678
1728
1737
1731
1552
1291
1098
860
431
106
-155
-571
-915
-1102
-1413
-1748
-1816
-1904
-2145
-2203
-2160
-2230
-2215
-2139
-2164
-2011
-1615
-1389
-1233
-862
-532
-288
63
409
705
1126
1458
1620
1740
1861
1902
1723
1571
1399
1216
1065
957
912
861
906
1060
1121
1189
1534
1737
1678
1672
1750
1545
1346
1273
892
452
270
-93
-705
-1142
-1472
-1905
-2272
-2515
-2814
-2900
-2860
-2985
-3125
-2966
-2804
-2675
-2332
-1990
-1775
-1404
-899
-567
-128
484
973
1349
1694
1921
2074
2238
2228
2056
1885
1725
1486
1190
970
781
572
417
387
435
550
710
955
1110
1246
1432
1544
1595
1638
1568
1304
1049
677
131
-455
-910
-1437
-1972
-2325
-2613
-2885
-3038
-3121
-3238
-3249
-3111
-2933
-2741
-2373
-2037
-1749
-1361
-983
-651
-201
303
695
1151
1647
1927
2103
2331
2381
2288
2210
2017
1729
1451
1199
927
742
636
597
708
941
1112
1269
1471
1711
1859
1905
1907
1917
1888
1713
1469
1149
767
296
-193
-750
-1264
-1800
-2267
-2644
-2971
-3294
-3461
-3480
-3544
-3481
-3229
-2917
-2656
-2309
-1914
-1541
-1089
-581
-180
231
658
1011
1290
1546
1759
1833
1834
1797
1674
1453
1194
956
707
417
208
149
182
252
411
630
874
1153
1444
1672
1891
2142
2201
2166
2059
1855
1478
1110
726
225
-264
-674
-1173
-1668
-2002
-2375
-2750
-2949
-3081
-3317
-3309
-3156
-3049
-2907
-2522
-2159
-1759
-1174
-672
-290
175
591
859
1211
1553
1666
1734
1834
1706
1484
1352
1157
946
858
682
487
461
599
601
752
1025
1264
1491
1824
2052
2134
2230
2246
2122
1882
1669
1289
913
488
54
-466
-818
-1216
-1642
-1919
-2130
-2477
-2709
-2733
-2894
-2927
-2739
-2463
-2271
-1848
-1413
-1106
-690
-206
111
438
801
1070
1277
1423
1476
1381
1266
1043
784
521
192
-139
-387
-578
-791
-838
-815
-697
-497
-219
83
379
671
942
1254
1425
1601
1705
1728
1619
1490
1219
906
609
255
-203
-567
-854
-1256
-1552
-1822
-2067
-2214
-2269
-2387
-2307
-2108
-1932
-1718
-1306
-977
-664
-133
285
623
1034
1419
1603
1839
2039
1954
1852
1850
1596
1240
1030
718
320
100
-36
-258
-338
-284
-216
-90
178
394
543
818
1099
1319
1463
1584
1625
1602
1505
1333
1060
707
318
-110
-590
-1004
-1345
-1723
-2047
-2261
-2439
-2653
-2701
-2666
-2630
-2501
-2213
-1970
-1736
-1309
-885
-499
-102
229
428
724
1009
1046
1012
1054
932
704
588
448
224
67
28
-124
-183
-87
-1
72
316
578
758
1072
1444
1684
1927
2231
2269
2273
2366
2380
2104
1905
1677
1235
886
589
52
-513
-766
-1151
-1666
-1890
-2004
-2351
-2507
-2501
-2603
-2527
-2213
-2046
-1880
-1462
-1125
-885
-461
-94
54
316
585
579
638
788
686
551
499
258
-66
-144
-242
-420
-406
-301
-258
-92
177
338
614
908
1058
1257
1573
1737
1759
1919
1952
1855
1781
1657
1321
1013
766
376
-33
-363
-760
-1164
-1373
-1615
-1824
-1970
-2044
-2100
-1992
-1873
-1809
-1638
-1391
-1201
-974
-625
-385
-177
50
282
430
543
630
646
604
570
462
308
171
29
-114
-234
-289
-249
-221
-123
27
249
480
800
1108
1261
1464
1670
1836
1805
1846
1827
1712
1556
1421
1145
937
761
439
14
-310
-569
-975
-1218
-1475
-1746
-1937
-1842
-1885
-1907
-1745
-1545
-1445
-1266
-1009
-907
-760
-552
-409
-308
-99
-8
90
203
293
246
257
210
81
-3
-40
-124
-237
-194
-159
-115
8
229
429
715
1026
1219
1425
1687
1853
1932
2020
2030
1944
1827
1674
1393
1124
891
560
218
-78
-398
-710
-938
-1212
-1428
-1554
-1584
-1633
-1579
-1490
-1418
-1222
-1081
-948
-827
-649
-552
-425
-320
-266
-203
-106
-41
1
13
-69
-145
-205
-250
-369
-439
-508
-514
-486
-335
-215
-39
166
396
639
850
1083
1274
1425
1500
1604
1591
1558
1507
1441
1189
960
742
451
112
-191
-526
-891
-1111
-1360
-1568
-1661
-1663
-1793
-1773
-1672
-1595
-1368
-1049
-935
-822
-498
-329
-238
0
225
272
444
619
566
552
629
516
439
484
404
293
316
277
127
205
318
246
276
505
648
774
1033
1191
1226
1378
1573
1560
1493
1493
1384
1151
959
800
469
123
-80
-372
-703
-907
-1144
-1477
-1639
-1705
-1880
-1955
-1889
-1853
-1772
-1534
-1373
-1270
-994
-746
-582
-311
-33
117
316
587
684
727
825
758
683
760
709
567
527
491
385
390
454
425
467
601
660
752
935
999
1079
1240
1339
1296
1377
1444
1289
1191
1147
879
560
348
-26
-437
-711
-1013
-1423
-1582
-1701
-1991
-2138
-2134
-2225
-2234
-2026
-1942
-1899
-1646
-1393
-1278
-1013
-705
-479
-203
99
256
356
527
594
577
615
579
421
345
281
127
-3
-39
-129
-188
-80
-9
-11
174
410
524
773
1117
1267
1391
1750
1941
1871
1962
2037
1827
1645
1577
1204
764
604
295
-200
-467
-732
-1209
-1473
-1585
-1918
-2108
-2027
-2100
-2116
-1850
-1701
-1689
-1418
-1112
-959
-670
-336
-160
86
385
426
391
463
419
284
286
214
10
-29
-6
-152
-230
-168
-203
-225
-34
162
213
467
841
1031
1245
1608
1803
1865
2141
2280
2154
2156
2202
1946
1700
1644
1358
952
757
462
-56
-348
-563
-936
-1125
-1150
-1360
-1460
-1336
-1349
-1341
-1083
-901
-811
-531
-285
-237
-69
100
15
58
184
31
-123
-73
-182
-410
-475
-588
-862
-958
-930
-1098
-1207
-1119
-1061
-1032
-824
-563
-411
-167
227
498
702
1040
1239
1235
1322
1422
1241
1075
1049
785
426
275
-5
-467
-727
-925
-1335
-1571
-1622
-1883
-2016
-1890
-1914
-1960
-1665
-1403
-1283
-935
-541
-367
-86
306
423
542
827
922
898
1037
1039
822
759
714
436
248
195
17
-142
-117
-145
-216
-132
-6
104
282
550
740
942
1251
1520
1671
1802
1959
1989
1915
1886
1743
1486
1311
1131
851
599
387
19
-337
-520
-816
-1165
-1316
-1430
-1590
-1605
-1545
-1564
-1452
-1183
-1002
-839
-535
-310
-164
106
307
321
392
468
409
371
342
224
111
93
-26
-133
-155
-216
-293
-265
-213
-155
-2
113
263
534
717
806
1058
1284
1359
1563
1792
1753
1680
1730
1587
1318
1175
874
385
72
-214
-729
-1123
-1370
-1743
-2042
-2128
-2289
-2462
-2390
-2333
-2315
-2117
-1864
-1686
-1392
-1053
-869
-651
-342
-172
-17
175
207
156
196
179
66
72
14
-170
-240
-262
-438
-588
-596
-643
-672
-513
-322
-219
44
392
585
800
1133
1337
1458
1731
1922
1906
1940
2022
1862
1680
1590
1350
1004
796
522
69
-265
-489
-814
-1108
-1229
-1414
-1608
-1690
-1704
-1709
-1571
-1399
-1282
-1087
-834
-598
-371
-149
-24
78
185
248
276
333
330
299
334
318
246
214
181
104
148
250
266
305
470
599
650
830
1026
1129
1313
1590
1752
1849
2017
2096
2040
2023
1990
1794
1583
1408
1140
844
625
363
-5
-308
-555
-848
-1122
-1295
-1466
-1617
-1622
-1634
-1633
-1527
-1416
-1369
-1284
-1164
-1093
-995
-852
-766
-691
-595
-562
-561
-500
-479
-580
-592
-573
-619
-599
-548
-603
-594
-451
-387
-310
-115
68
202
428
669
809
1005
1232
1293
1364
1503
1495
1419
1417
1392
1269
1171
1027
737
481
278
-12
-306
-524
-759
-990
-1132
-1275
-1427
-1452
-1435
-1486
-1492
-1424
-1401
-1365
-1267
-1188
-1100
-972
-906
-854
-720
-646
-656
-630
-593
-620
-605
-578
-609
-596
-510
-448
-414
-301
-153
18
233
475
698
910
1150
1395
1595
1816
2038
2167
2252
2369
2498
2544
2558
2521
2391
2228
2076
1853
1552
1254
904
515
176
-127
-413
-629
-833
-1077
-1248
-1360
-1483
-1586
-1628
-1654
-1610
-1479
-1377
-1227
-1008
-856
-743
-589
-473
-409
-362
-338
-374
-375
-340
-367
-395
-369
-336
-304
-267
-272
-261
-203
-98
4
123
294
499
755
979
1213
1498
1699
1835
1967
2028
2010
2010
1982
1823
1671
1541
1269
931
637
302
-124
-471
-813
-1270
-1624
-1843
-2099
-2327
-2373
-2403
-2457
-2364
-2209
-2108
-1914
-1632
-1387
-1138
-825
-542
-309
-44
139
239
324
342
329
296
267
211
128
46
-11
-18
-21
7
41
62
135
271
412
576
767
945
1166
1431
1609
1730
1927
2086
2131
2163
2131
1991
1799
1546
1154
742
384
-59
-575
-1016
-1449
-1880
-2190
-2443
-2686
-2808
-2831
-2875
-2835
-2647
-2435
-2203
-1881
-1527
-1203
-825
-429
-137
147
437
622
779
940
997
998
981
909
797
714
636
554
498
457
451
483
515
564
646
766
916
1101
1291
1502
1772
2005
2191
2355
2434
2396
2303
2138
1816
1470
1108
660
231
-183
-668
-1176
-1600
-1977
-2346
-2600
-2779
-2936
-2968
-2905
-2774
-2585
-2314
-2013
-1674
-1270
-903
-573
-179
201
456
743
1003
1131
1223
1312
1309
1222
1169
1054
885
727
568
388
242
168
119
108
171
271
384
559
786
1000
1170
1322
1494
1626
1697
1737
1711
1595
1391
1176
917
607
287
-137
-585
-977
-1365
-1790
-2167
-2439
-2687
-2846
-2908
-2924
-2869
-2700
-2434
-2149
-1781
-1386
-1044
-691
-329
-41
237
547
797
1018
1220
1343
1379
1391
1357
1262
1168
1048
888
729
585
460
341
242
180
177
208
223
293
394
503
624
736
804
867
967
1013
1025
1029
960
802
623
407
107
-200
-473
-787
-1081
-1318
-1599
-1892
-2087
-2233
-2368
-2409
-2397
-2356
-2245
-2027
-1785
-1533
-1220
-944
-678
-362
-51
226
486
714
898
1076
1275
1434
1524
1579
1541
1411
1263
1100
935
816
744
623
498
440
392
357
389
449
481
500
539
566
584
637
683
709
764
829
844
808
726
590
422
259
88
-125
-329
-537
-740
-910
-1029
-1129
-1185
-1166
-1166
-1155
-1067
-988
-908
-724
-501
-308
-45
243
430
621
856
1030
1169
1319
1362
1338
1349
1294
1171
1073
978
813
645
511
321
129
-24
-166
-311
-408
-468
-516
-531
-512
-474
-442
-353
-236
-125
-22
47
40
3
8
2
-60
-144
-237
-377
-528
-672
-836
-1010
-1167
-1336
-1534
-1647
-1676
-1693
-1674
-1590
-1462
-1329
-1159
-931
-722
-482
-193
60
264
470
665
783
895
1001
1029
995
931
810
626
497
368
186
39
-89
-243
-410
-491
-521
-548
-523
-470
-416
-326
-134
66
255
478
678
830
973
1083
1097
1102
1117
1070
965
826
653
416
216
34
-167
-373
-590
-772
-952
-1048
-1060
-1076
-1045
-968
-862
-703
-491
-264
-34
208
450
654
826
999
1122
1192
1230
1206
1161
1089
980
863
741
604
445
294
130
-33
-177
-313
-443
-527
-556
-551
-496
-414
-312
-137
78
237
364
480
563
621
683
698
653
596
513
394
258
90
-112
-319
-482
-628
-791
-913
-1011
-1131
-1203
-1193
-1118
-1003
-841
-661
-502
-313
-101
46
201
417
559
628
684
733
731
716
713
613
449
309
133
-87
-253
-386
-549
-688
-779
-879
-932
-904
-837
-754
-620
-434
-292
-155
30
192
338
520
653
687
731
786
768
714
689
598
439
312
173
-26
-176
-272
-437
-574
-652
-760
-843
-823
-768
-743
-638
-541
-516
-406
-243
-139
-48
110
186
213
294
320
245
197
173
70
-2
-22
-129
-269
-321
-364
-443
-470
-428
-426
-437
-349
-243
-158
4
204
320
466
671
769
833
976
1067
1055
1054
1020
876
755
662
505
295
122
-82
-329
-466
-593
-722
-804
-846
-881
-927
-878
-766
-659
-481
-285
-136
-8
153
299
382
513
656
729
786
825
782
737
765
771
685
599
517
383
261
194
93
2
-12
-12
-56
-56
-5
-1
33
100
140
125
158
232
230
236
250
211
154
132
94
3
-51
-116
-226
-313
-384
-479
-562
-574
-601
-636
-613
-597
-579
-539
-491
-438
-346
-194
-72
13
108
191
231
303
390
392
340
267
169
48
-39
-109
-223
-328
-401
-512
-640
-706
-734
-741
-689
-653
-661
-606
-508
-413
-276
-98
30
138
265
349
415
510
626
693
721
738
690
626
562
447
297
183
83
-48
-189
-305
-404
-474
-495
-510
-542
-524
-461
-413
-324
-194
-97
-14
115
212
263
333
407
467
492
524
522
451
383
325
237
169
112
31
-39
-108
-182
-239
-250
-244
-241
-206
-158
-111
-53
31
105
150
217
293
349
427
493
516
537
545
513
457
415
396
374
324
242
138
45
-27
-104
-184
-229
-254
-292
-359
-425
-456
-463
-423
-367
-324
-268
-243
-257
-279
-283
-278
-297
-295
-313
-378
-459
-514
-535
-564
-548
-524
-511
-491
-473
-461
-445
-375
-280
-168
-20
99
194
305
452
581
707
875
1016
1119
1196
1220
1207
1196
1193
1147
1073
980
825
665
546
414
241
84
-44
-199
-366
-501
-604
-693
-751
-800
-849
-890
-916
-906
-876
-825
-773
-734
-710
-677
-620
-564
-494
-410
-360
-332
-331
-328
-304
-270
-209
-169
-152
-166
-150
-89
-28
60
145
210
244
263
288
325
392
469
527
567
586
585
566
562
571
561
550
545
521
461
413
370
309
239
168
104
53
18
-31
-81
-103
-117
-135
-147
-157
-177
-201
-198
-209
-204
-192
-173
-148
-153
-172
-204
-226
-238
-243
-245
-252
-267
-282
-311
-311
-293
-298
-300
-307
-319
-319
-287
-234
-162
-91
-21
59
124
198
281
368
454
523
589
636
664
701
736
747
763
756
723
695
628
540
451
372
274
172
100
10
-100
-192
-268
-333
-398
-439
-484
-546
-585
-608
-627
-634
-622
-593
-543
-509
-500
-512
-506
-477
-448
-410
-389
-368
-354
-348
-327
-306
-264
-203
-129
-64
-33
3
37
80
151
227
293
349
405
450
510
553
573
616
650
669
687
659
617
595
552
496
437
375
302
229
166
94
28
-26
-88
-155
-203
-247
-289
-315
-331
-345
-348
-343
-359
-363
-353
-343
-340
-352
-378
-403
-422
-441
-455
-458
-459
-469
-481
-484
-483
-493
-486
-456
-419
-381
-331
-256
-167
-61
54
181
306
419
529
612
706
796
866
930
963
975
990
998
975
908
834
756
684
606
498
374
237
112
-7
-113
-193
-279
-362
-432
-486
-518
-538
-550
-530
-507
-493
-451
-402
-382
-349
-307
-290
-287
-260
-247
-261
-259
-266
-284
-281
-270
-254
-232
-216
-193
-179
-162
-118
-69
-22
1
33
97
167
243
304
356
399
435
466
482
491
489
466
455
463
444
407
373
312
237
153
86
20
-70
-158
-228
-273
-302
-320
-341
-356
-376
-402
-409
-404
-409
-412
-394
-360
-343
-325
-278
-245
-217
-189
-168
-143
-117
-90
-63
-35
-3
18
57
111
152
209
247
266
288
320
368
410
429
433
439
446
441
442
445
427
391
340
276
206
140
90
37
-41
-120
-189
-233
-264
-294
-325
-369
-400
-419
-435
-430
-408
-373
-347
-327
-314
-303
-281
-271
-256
-225
-203
-184
-146
-88
-49
-25
8
35
67
96
107
122
150
190
225
242
269
308
341
381
419
443
436
424
415
385
368
362
337
288
225
162
127
84
35
-21
-89
-143
-205
-262
-308
-354
-388
-417
-439
-450
-449
-417
-372
-319
-255
-203
-159
-100
-38
16
74
132
165
167
186
222
242
252
253
248
226
197
170
140
97
41
-8
-36
-56
-85
-108
-133
-137
-113
-85
-68
-63
-40
-15
-1
-1
-9
2
13
33
28
18
14
9
14
13
-9
-39
-66
-96
-123
-143
-160
-186
-184
-190
-185
-162
-144
-106
-74
-35
-14
11
26
11
22
39
63
89
114
137
155
169
190
204
193
188
159
127
98
72
68
74
95
105
124
149
176
192
202
215
195
176
156
143
137
135
124
97
55
-1
-71
-133
-200
-286
-350
-426
-487
-533
-578
-601
-618
-625
-624
-621
-595
-551
-498
-446
-378
-278
-183
-91
12
124
215
283
348
420
486
547
605
645
685
702
705
700
694
681
630
576
519
450
382
319
267
215
154
90
32
-6
-64
-132
-192
-257
-336
-414
-464
-496
-523
-548
-548
-534
-526
-523
-519
-486
-454
-426
-405
-381
-339
-284
-217
-151
-82
8
91
160
212
268
330
383
430
438
439
437
431
429
431
415
372
333
270
201
142
105
76
59
40
3
-42
-89
-119
-123
-112
-91
-71
-49
-48
-45
-43
-62
-64
-55
-59
-67
-76
-103
-127
-161
-212
-261
-307
-332
-343
-352
-350
-348
-349
-323
-298
-284
-267
-252
-249
-223
-176
-132
-71
-11
46
89
137
204
262
303
337
358
369
388
414
438
457
460
447
430
417
406
397
380
365
352
300
251
209
165
118
68
16
-49
-115
-177
-227
-274
-301
-353
-401
-423
-459
-499
-530
-544
-532
-508
-485
-458
-442
-438
-412
-366
-299
-221
-144
-78
-26
26
76
121
170
217
245
283
332
369
404
421
426
418
409
392
356
325
305
280
245
219
197
163
138
114
90
67
37
20
16
6
-14
-32
-28
-36
-35
-13
-18
-53
-96
-130
-158
-153
-132
-124
-118
-124
-144
-149
-138
-132
-126
-128
-147
-170
-176
-190
-203
-185
-170
-152
-128
-125
-126
-120
-101
-82
-57
-28
-8
9
29
45
48
66
89
102
117
127
150
170
183
199
211
207
200
193
170
152
143
125
118
100
68
37
22
3
-24
-33
-49
-65
-83
-96
-110
-121
-121
-139
-158
-181
-192
-181
-168
-141
-127
-109
-96
-95
-88
-72
-47
-40
-22
-5
-9
11
22
25
26
31
48
48
41
44
44
41
53
71
86
85
75
62
52
74
94
92
86
63
35
37
33
15
13
30
18
23
49
43
37
34
30
10
7
25
17
9
-14
-31
-23
-8
-5
8
18
6
6
2
-13
-17
-1
17
13
4
-9
-12
-3
3
12
32
47
46
30
12
-7
-15
-11
-14
-28
-43
-63
-80
-102
-106
-94
-85
-68
-62
-66
-71
-72
-72
-68
-56
-53
-49
-33
-11
0
12
22
16
25
45
44
41
46
34
32
52
72
81
97
96
79
80
76
59
44
45
44
37
34
17
8
8
12
25
20
9
8
-4
-23
-32
-27
-18
-14
-14
-14
-18
-6
13
21
31
29
16
21
18
-8
-26
-49
-80
-89
-88
-85
-81
-86
-107
-126
-107
-91
-84
-61
-54
-72
-93
-104
-103
-75
-24
2
30
45
28
33
55
66
74
79
66
36
22
25
25
38
37
22
27
21
-11
-24
-9
6
3
12
7
-13
-18
-19
-10
-2
9
22
28
35
30
40
52
43
54
62
70
58
36
42
61
54
30
6
-26
-38
-31
-15
3
19
28
30
35
36
44
70
75
65
59
52
35
37
58
63
67
74
84
85
66
37
37
55
46
27
23
0
-37
-63
-72
-72
-83
-93
-102
-114
-111
-104
-100
-101
-107
-116
-131
-126
-110
-93
-72
-61
-54
-42
-33
-21
-13
-4
-11
-28
-28
-29
-24
-36
-52
-58
-61
-55
-53
-48
-35
-25
-1
23
50
65
67
68
55
39
35
45
53
62
72
73
78
73
79
86
75
65
65
58
33
19
12
1
-9
0
10
29
38
40
44
31
23
24
25
19
15
13
6
-7
-11
-5
-5
-23
-53
-102
-120
-120
-123
-114
-115
-128
-139
-119
-99
-103
-95
-57
-25
3
26
37
48
43
38
49
77
99
107
112
129
122
108
104
95
81
58
47
23
3
-4
-18
-36
-62
-82
-100
-100
-89
-88
-73
-44
-25
2
40
72
103
119
128
126
116
109
115
124
110
86
77
59
48
28
11
-12
-62
-97
-127
-139
-142
-150
-131
-109
-107
-112
-110
-92
-65
-33
10
32
60
96
116
139
137
119
118
99
70
58
59
45
18
1
-10
-29
-59
-89
-88
-71
-83
-109
-127
-133
-120
-84
-61
-43
-36
-36
-19
-24
-26
-14
8
14
15
21
24
20
0
-10
-27
-35
-42
-32
-22
-44
-54
-63
-67
-71
-57
-45
-44
-39
-28
-20
-19
-8
2
15
29
31
46
71
85
93
94
102
109
103
110
110
103
81
76
80
59
26
-9
-26
-29
-29
-30
-8
15
8
-15
-41
-43
-32
-10
13
20
16
5
4
14
6
7
32
45
31
21
18
11
-2
-43
-62
-49
-46
-37
-9
15
21
13
11
13
16
6
-5
-2
-13
-23
-9
9
24
37
48
40
21
9
33
52
44
35
18
-2
-31
-40
-27
-10
-8
-10
-5
-6
-16
-18
-12
-22
-11
-12
-20
-36
-55
-49
-45
-42
-39
-37
-36
-36
-49
-49
-30
-12
-1
16
25
24
24
9
-4
-4
4
1
7
28
37
49
66
61
41
8
-21
-45
-66
-86
-72
-47
-35
-23
-20
-6
-18
-12
9
12
11
6
13
12
-15
-31
-28
-25
-41
-35
-8
14
36
43
50
45
27
9
-15
-37
-36
-16
0
-5
6
33
49
46
45
43
34
5
-26
-18
-12
-16
-7
15
41
49
52
48
37
39
38
37
26
9
-4
-1
-9
-21
-23
-27
-23
-18
-3
16
26
13
-6
-19
-29
-47
-60
-47
-43
-42
-27
-17
-10
-1
10
23
22
-1
7
39
30
16
36
34
16
6
-5
1
-2
12
48
62
64
67
63
39
7
10
23
27
9
9
28
19
5
5
16
3
-16
-21
-45
-57
-49
-48
-39
-43
-56
-49
-35
-36
-45
-39
-40
-45
-21
-29
-50
-42
-31
-28
-17
-3
-5
-12
-22
-19
-4
-4
4
12
2
-12
-20
0
11
2
2
19
25
1
-3
6
13
45
62
51
51
59
76
84
62
45
44
42
46
46
42
37
56
63
43
16
-18
-29
-47
-76
-73
-57
-49
-52
-50
-43
-48
-52
-55
-69
-87
-100
-83
-63
-76
-73
-45
-27
-29
-18
-8
-19
-17
-17
-14
-21
-30
-23
-30
-35
-20
6
29
49
56
48
41
31
24
37
36
40
56
50
46
64
83
97
104
103
92
85
81
74
79
83
75
74
49
36
62
72
65
49
31
3
-21
-35
-45
-52
-56
-52
-64
-78
-71
-58
-58
-63
-66
-69
-69
-72
-86
-88
-70
-73
-78
-63
-55
-56
-44
-40
-51
-41
-25
-4
-1
-2
14
13
11
11
31
40
26
24
32
34
35
59
71
64
63
73
71
55
45
53
57
45
30
40
40
39
44
36
21
4
15
26
16
-7
-20
-5
3
-14
-32
-53
-78
-77
-63
-80
-91
-92
-74
-36
-12
-27
-35
-22
-7
4
-3
-19
-35
-28
-16
-15
9
17
-2
-6
-13
-22
-38
-43
-44
-41
-34
-45
-51
-59
-80
-62
-45
-42
-21
-1
12
7
20
39
44
47
51
44
48
80
117
144
119
92
77
59
33
28
41
51
62
76
79
53
20
18
17
-1
-22
-49
-43
-36
-31
-9
1
-12
-26
-27
-31
-35
-38
-46
-51
-49
-54
-38
-26
-28
-17
6
-3
-19
-15
-23
-17
2
14
33
35
13
5
9
1
5
30
44
20
4
25
27
33
37
45
45
29
32
32
23
4
-13
-22
-21
-7
14
36
53
46
31
12
-2
-4
4
2
6
7
-9
-13
-24
-46
-74
-94
-104
-93
-74
-70
-51
-30
-34
-13
12
11
14
12
-1
-5
-9
-15
-2
3
2
23
21
-3
-14
-32
-47
-34
-30
-35
-20
-19
-29
-24
-28
-41
-22
3
6
21
37
38
53
50
51
51
27
5
-4
7
21
25
29
23
9
-5
-7
10
39
54
44
24
15
-5
-10
15
6
-6
-1
-16
-29
-28
-14
0
14
21
12
20
5
-3
32
14
-25
-12
-8
-15
-17
-28
-38
-43
-51
-52
-41
-42
-54
-32
-20
-33
-19
-19
-25
-39
-32
-16
-28
-11
9
28
40
37
63
80
64
69
78
46
24
34
50
51
50
68
87
86
87
103
113
71
33
37
34
25
26
33
4
-18
-30
-54
-60
-88
-84
-57
-65
-38
6
8
-5
-16
-34
-78
-84
-83
-104
-91
-76
-68
-44
-31
-27
-3
-2
-25
-21
-8
-17
-15
20
21
4
18
35
52
52
39
33
13
4
1
1
-6
-24
-20
-15
-15
-16
-5
12
-2
-8
-1
-6
-5
10
23
29
28
26
42
43
27
23
30
26
6
6
11
-7
-30
-36
-20
-23
-39
-35
-40
-51
-29
-7
-2
-11
-15
-9
-18
-28
-43
-42
-45
-64
-51
-38
-35
-22
-5
10
4
14
34
31
22
17
17
7
4
12
21
21
22
42
36
27
33
44
50
24
28
37
14
3
18
24
8
3
31
51
31
29
44
35
9
23
62
45
14
37
42
11
5
35
56
32
33
46
32
10
-5
16
4
-31
-23
-10
-28
-53
-29
-6
-35
-60
-48
-60
-99
-96
-77
-64
-77
-72
-42
-45
-50
-35
-21
-27
-46
-45
-43
-45
-32
-4
18
14
24
40
46
52
38
27
28
22
26
35
40
48
49
44
48
66
69
52
39
39
26
18
14
-4
-11
-17
-4
4
1
4
5
0
-20
-19
-9
-14
-25
-31
-37
-66
-81
-66
-66
-56
-44
-38
-19
-22
-52
-58
-47
-56
-63
-56
-38
-32
-35
-1
40
9
-19
19
45
16
5
31
24
0
8
51
61
26
20
57
45
-3
22
53
19
-7
15
12
-12
5
47
58
25
29
50
16
-23
-6
37
20
-22
-2
15
-32
-29
26
30
-19
-12
28
-3
-30
4
46
23
-8
25
52
3
-34
17
30
-17
-17
3
-22
-47
-11
35
23
2
32
54
15
-26
1
11
-31
-14
48
37
-4
30
59
14
-6
36
44
-3
-23
2
-7
-43
-9
44
43
26
51
68
13
-23
-2
3
-25
-9
27
1
-45
-42
-3
-2
-22
-4
-8
-67
-103
-79
-79
-101
-85
-60
-65
-69
-43
-39
-61
-69
-65
-58
-56
-56
-46
-37
-38
-33
-31
-51
-63
-37
-17
-20
-13
-18
-17
13
34
30
17
26
21
7
17
32
54
57
71
102
96
69
81
108
87
79
94
93
77
74
88
71
50
45
60
51
20
23
44
32
27
61
59
30
18
22
6
-12
-15
-25
-42
-51
-38
-55
-74
-46
-16
-12
-26
-11
-9
-46
-75
-69
-77
-109
-105
-73
-96
-126
-84
-48
-57
-46
-12
-31
-73
-57
-21
-39
-71
-37
17
6
-16
37
51
9
22
86
87
38
76
130
90
53
104
115
43
23
65
42
-21
3
69
38
-19
7
38
-21
-64
0
33
-22
-36
21
9
-56
-18
67
39
-28
3
44
-12
-50
20
48
-34
-43
32
21
-61
-40
58
31
-45
2
59
-12
-61
14
59
-10
-51
18
27
-55
-42
40
20
-55
-7
57
-16
-55
15
35
-52
-69
7
5
-41
-18
15
-25
-84
-52
11
-3
-28
7
27
-14
-6
39
25
-15
-15
12
-16
-59
-42
9
5
-22
13
13
-45
-74
-37
-37
-84
-60
-23
-40
-58
-36
-14
-39
-30
7
5
-4
0
23
32
29
37
48
59
42
23
34
45
29
30
37
30
11
2
27
28
5
2
15
19
8
18
38
42
28
27
45
36
23
30
38
23
-1
-2
1
-10
-14
1
16
9
11
23
5
-6
13
38
19
-13
-24
-22
15
38
30
19
10
13
20
23
21
13
13
16
5
-27
-56
-49
-14
-8
-29
-30
1
13
11
17
5
-30
-29
-1
-6
-33
-24
-14
-5
6
-4
-19
-34
-28
-35
-61
-81
-71
-33
-24
-22
-12
-21
-27
-4
10
-8
-11
25
62
39
7
33
60
55
47
51
35
-15
-20
18
6
-46
-35
27
13
-37
-43
-38
-34
-29
-1
-2
-45
-32
19
13
-34
-43
-31
-32
-39
-35
-33
-59
-30
20
17
-7
-15
21
25
-4
-4
-24
-60
-56
-13
-6
-34
-15
33
41
13
21
17
-19
-8
17
3
-35
-31
10
35
57
71
69
50
26
33
44
15
6
46
45
19
26
57
62
41
63
88
71
68
76
56
19
-11
-2
-4
-21
-25
-36
-43
-39
-16
-8
-51
-55
-23
-23
-39
-25
-22
-51
-45
-10
14
5
10
34
23
11
23
46
44
15
29
36
4
-10
19
37
15
13
16
-18
-49
-15
24
10
8
27
19
1
-5
-10
-22
-38
-16
8
16
33
39
40
23
20
27
1
-13
-5
-24
-62
-61
-26
-26
-38
-7
-2
-41
-51
-16
-5
-43
-80
-71
-84
-124
-122
-95
-99
-119
-85
-44
-55
-69
-45
-14
-35
-47
-23
-4
-16
1
15
-27
-54
-35
4
15
28
39
27
39
75
123
127
103
101
87
82
80
85
57
13
20
35
40
46
67
72
31
4
20
10
-6
20
47
24
2
18
41
51
53
64
46
29
30
43
31
7
7
4
-12
-17
-2
-12
-49
-46
-23
-47
-78
-67
-57
-75
-71
-52
-48
-58
-60
-35
-50
-82
-72
-54
-38
-44
-32
-16
-38
-35
4
36
14
10
37
49
46
46
45
22
5
-5
2
23
36
16
12
50
63
63
79
98
96
73
68
65
67
51
29
45
32
-3
4
29
27
12
15
-2
-37
-40
-31
-41
-43
-46
-44
-28
2
25
13
-17
-32
-50
-78
-80
-76
-100
-128
-119
-82
-71
-82
-48
-21
-52
-72
-34
-13
-50
-28
31
37
9
35
80
56
9
20
36
0
-17
42
76
21
7
50
33
-19
2
48
-6
-92
-96
-52
-65
-81
-15
31
-10
-11
45
27
-63
-63
5
4
-35
-23
23
18
12
70
94
28
-2
48
73
34
1
6
4
1
36
74
55
30
55
92
84
58
44
17
-13
-14
7
-1
-17
-2
6
-11
-16
-16
-17
-12
6
3
-23
-5
26
25
5
-7
-10
-17
-9
12
27
7
-17
15
53
46
24
15
-5
-17
-4
6
8
14
25
31
24
22
22
6
-8
-5
-27
-65
-69
-44
-49
-69
-52
-29
-53
-74
-40
-4
-15
-26
15
41
17
8
8
-4
-10
10
24
-31
-71
-45
-24
-27
-33
-17
-14
-28
-2
39
37
13
36
59
32
6
2
-2
-11
-3
17
2
-28
-24
-12
-15
-8
12
34
25
15
37
36
18
15
22
16
11
16
-11
-34
-14
25
41
36
39
8
-26
-12
2
-35
-87
-89
-66
-78
-81
-44
-19
-38
-20
21
11
-37
-33
-25
-73
-101
-64
-31
-46
-43
17
37
-12
-7
61
78
10
10
64
41
22
68
94
22
-25
21
23
-32
-35
21
19
-23
5
37
16
1
50
93
63
44
58
46
-7
-7
60
65
41
79
101
48
8
61
104
43
10
44
44
7
8
24
-26
-57
-9
21
-22
-47
-12
5
-16
-6
25
11
-22
-3
20
-18
-62
-62
-58
-67
-49
-11
4
-20
-20
-8
-24
-50
-58
-65
-77
-48
-14
-12
-17
20
48
30
8
7
3
-14
-23
-32
-41
-50
-12
48
54
44
68
75
23
-27
-28
-40
-82
-83
-61
-65
-78
-54
-13
10
-3
-13
-13
-42
-56
-51
-64
-86
-61
-29
-44
-60
-30
0
-7
12
35
13
-22
-28
-5
13
11
34
53
55
65
75
60
23
7
32
54
45
70
92
85
88
100
112
76
39
52
57
45
36
19
-12
-15
9
9
7
-8
-11
-8
-14
-31
-44
-40
-47
-56
-65
-72
-73
-56
-34
-27
-34
-60
-70
-58
-29
-17
-21
8
35
33
42
72
55
9
19
47
27
0
13
35
26
5
5
23
26
26
39
42
37
37
52
60
45
24
-3
-15
-9
-7
-8
-34
-27
18
18
11
20
12
-8
-10
21
22
7
18
16
-11
-40
-38
-25
-22
-14
-18
-44
-72
-72
-54
-33
-24
-33
-32
-36
-51
-39
-30
-22
5
18
4
-22
-19
9
10
2
28
36
26
31
40
20
-18
-23
-28
-32
-24
-20
-29
-32
-16
-28
-49
-50
-7
13
-36
-49
-23
-36
-70
-64
-47
-67
-77
-43
-15
-24
-24
-9
-1
-6
10
39
40
22
20
37
13
7
47
78
84
87
110
85
62
93
108
78
43
63
63
26
25
56
50
32
50
62
27
-6
4
11
-11
-13
11
2
-34
-40
-22
-26
-50
-33
-13
-32
-31
18
16
-47
-51
-6
-13
-45
-22
27
14
-11
24
22
-27
-53
-25
-8
-31
-34
-6
-13
-36
-21
-12
-32
-30
8
19
-17
-28
-5
5
19
51
57
19
-11
6
9
-25
-15
29
40
19
15
12
-21
-29
8
36
30
38
54
18
-20
-7
2
-15
-11
16
-10
-58
-40
10
6
-22
0
21
-5
-22
-19
-48
-86
-65
-14
-14
-35
-29
-9
-17
-41
-17
-7
-40
-37
16
9
-37
-16
27
35
22
39
44
2
-2
42
34
-10
-15
13
21
14
36
56
29
7
34
57
19
-19
-4
21
10
11
32
1
-31
-27
-16
-27
-49
-41
-27
-30
-25
-6
12
4
13
29
13
-15
-24
-26
-37
-33
-27
-44
-56
-40
-15
-18
-28
-13
13
18
17
34
25
-6
5
20
15
24
42
54
43
31
38
44
38
30
41
53
30
12
11
11
15
26
28
27
30
21
7
2
2
6
27
50
43
-1
-29
-6
18
14
4
-3
-36
-71
-54
-30
-58
-82
-43
-7
-23
-32
-18
-19
-46
-53
-38
-61
-88
-54
18
19
-3
33
56
54
63
69
48
24
38
70
67
29
30
42
19
0
20
15
-21
-8
27
42
16
-5
7
-17
-54
-33
-15
-50
-63
-40
-38
-52
-29
-8
-27
-54
-47
-22
-28
-47
-34
-21
-36
-29
-8
-32
-67
-50
-20
-22
-24
-7
13
11
-1
-1
-15
-40
-33
-12
-23
-57
-39
-14
-22
-16
0
2
12
50
78
68
50
55
74
64
38
22
12
18
31
36
16
17
44
62
60
51
52
54
49
41
42
23
18
55
59
32
22
31
14
-7
6
10
-5
-19
-22
-35
-61
-66
-40
-25
-38
-31
-15
-20
-22
-5
3
-19
-49
-33
-9
-11
-7
14
23
19
33
43
18
-10
-9
-12
-22
-27
-30
-42
-45
-18
-2
-7
-4
2
-5
-1
24
29
14
19
30
28
3
-3
10
11
29
52
47
17
-11
-22
-33
-61
-71
-56
-61
-54
-8
18
2
-14
6
19
3
0
7
-17
-43
-25
-10
-28
-58
-40
-16
-17
-7
-6
-18
-32
-25
5
12
-5
6
29
27
10
18
7
-20
-7
30
37
5
5
20
12
-4
-1
8
-7
17
70
65
34
40
63
58
35
46
52
16
2
21
26
-9
-14
26
35
14
8
12
-16
-35
-9
-11
-59
-87
-57
-31
-59
-60
-31
-24
-26
-1
20
-3
-27
-15
4
-14
-32
-17
-21
-32
-2
26
11
-12
-2
22
7
1
20
16
-13
-6
36
34
21
45
58
15
-7
17
6
-23
-23
-4
-7
-20
-13
-7
-24
-36
-29
-28
-35
-15
16
27
43
75
83
55
42
52
62
49
51
62
53
31
21
29
9
0
9
-9
-41
-57
-48
-44
-56
-48
-31
-41
-47
-39
-36
-30
-17
4
-5
-39
-44
-30
-3
11
17
6
17
51
49
20
-13
-25
-45
-54
-33
-14
-24
-52
-40
-11
-16
-22
0
4
-25
-15
20
22
-3
-18
-4
-5
-20
-4
-2
-21
-8
30
46
23
15
33
33
14
9
18
10
16
39
45
19
1
31
48
38
44
54
46
41
57
54
16
-14
-14
-17
-25
-10
29
34
18
26
43
30
5
2
-14
-48
-47
-26
-31
-53
-66
-53
-59
-77
-85
-88
-90
-93
-78
-70
-68
-48
-36
-42
-47
-36
-6
11
-11
-25
-26
-22
2
17
33
42
45
53
63
66
53
53
60
52
40
36
30
22
28
55
71
66
53
39
44
56
54
48
19
7
19
26
26
20
15
8
9
20
27
15
2
-4
6
22
19
-2
-3
-10
-21
-15
-15
-8
-16
-20
-4
1
-20
-29
-18
-30
-44
-26
-19
-36
-33
-3
-3
-28
-38
-28
-30
-56
-70
-69
-76
-71
-44
-40
-62
-53
-23
-25
-30
-10
-6
-9
6
24
15
-5
6
18
12
5
10
20
14
12
19
20
12
13
28
34
31
29
17
20
18
10
6
-3
-13
-21
-8
16
18
3
-9
-18
-22
-27
-36
-27
-14
3
21
21
19
11
-7
-8
14
17
23
36
44
39
41
42
21
-1
4
33
32
22
20
15
-10
-9
18
5
5
29
45
30
16
15
1
-19
-17
-2
-14
-16
3
8
-17
-36
-9
8
-10
-1
9
-22
-53
-52
-48
-70
-66
-23
-2
-9
-1
38
46
15
20
42
28
23
43
41
15
9
24
15
-13
-13
-3
-18
-26
-11
-6
-34
-44
-27
-43
-53
-34
-13
-11
-25
-16
-11
-33
-25
9
11
-7
-3
25
12
-2
7
18
22
11
17
10
-18
-11
20
27
14
16
33
12
-8
23
32
12
10
33
33
1
-3
3
-19
-30
-5
22
16
7
9
4
-30
-39
-20
-27
-43
-52
-41
-40
-38
-29
-17
-14
3
31
27
15
27
50
37
17
15
23
-1
-22
-5
8
1
23
37
17
1
3
19
-5
-26
-19
-13
-18
-17
-1
3
1
5
10
3
-1
4
-1
-31
-43
-34
-43
-49
-45
-24
-24
-27
2
13
-8
-10
14
16
5
8
12
5
-5
13
18
6
26
58
68
55
56
42
12
7
4
7
8
3
21
23
32
49
31
25
30
33
15
-18
-14
-7
-19
-25
-2
8
-5
3
10
10
-3
-6
-4
-20
-46
-52
-46
-57
-38
-15
-2
-1
-18
-6
-12
-41
-39
-34
-40
-35
-21
2
8
8
29
38
34
38
23
-7
-6
9
21
22
10
4
-8
-10
22
42
37
30
30
17
0
1
11
-6
-31
-30
-26
-34
-29
-19
-29
-44
-46
-24
-9
-11
-2
1
-19
-32
-14
4
-8
-18
-4
6
-11
-3
23
19
10
13
14
3
-12
-9
2
13
29
39
32
16
5
2
0
3
12
18
3
8
42
56
39
31
7
-31
-38
-23
-2
3
7
24
17
-5
-8
-17
-34
-27
-11
-4
-11
-22
-26
-25
-30
-21
-11
-21
-27
-17
-5
-8
-18
-20
-21
-29
-25
-7
10
25
30
40
38
33
52
53
36
15
3
2
1
17
32
33
28
26
29
26
17
3
-8
-17
-8
6
14
6
0
-10
-27
-24
-11
4
9
8
18
10
-3
7
7
-5
-3
10
7
-8
-12
-10
-23
-27
-10
4
0
1
16
13
4
16
28
18
3
-13
-16
-17
-10
11
7
-7
-9
-3
-1
-11
-21
-22
-35
-47
-32
-18
-15
-7
-2
-15
-24
-26
-22
-19
-25
-13
-4
-14
-26
-26
-20
-21
-15
-13
-23
-21
-2
19
29
34
29
15
8
5
13
28
24
17
17
6
-1
6
12
3
-6
8
17
5
1
5
5
-2
4
10
0
-18
-22
-14
-4
-3
6
5
-16
-27
-34
-31
-25
-2
17
12
1
-8
-11
-18
-22
-15
1
11
17
22
24
37
49
46
38
32
26
10
3
16
24
35
53
44
25
7
8
19
22
20
24
27
29
31
34
25
21
35
35
24
19
15
3
-9
-8
-13
-32
-44
-45
-46
-43
-30
-25
-26
-24
-33
-50
-53
-59
-73
-73
-67
-64
-56
-50
-33
-19
-3
14
18
12
12
17
21
26
21
10
-2
7
21
25
25
31
40
33
19
12
8
-10
-8
10
0
-15
-13
3
1
-8
-2
3
-2
-9
2
-10
-34
-34
-14
-7
-12
5
18
4
6
26
26
7
13
38
31
16
25
33
19
14
38
45
22
18
27
9
-18
-21
-13
-33
-51
-52
-55
-61
-51
-24
-29
-45
-34
-41
-55
-63
-52
-41
-51
-47
-35
-35
-36
-33
-24
-22
-20
0
10
2
3
14
21
27
38
53
51
52
63
61
48
42
46
49
51
68
81
73
62
65
68
43
28
35
30
13
10
26
18
13
41
45
14
0
12
17
5
10
22
7
-4
-5
-11
-26
-28
-11
-11
-27
-30
-18
-25
-41
-39
-34
-48
-58
-46
-38
-41
-44
-31
-18
-16
-17
-17
-16
-30
-37
-31
-33
-28
-14
3
17
17
19
25
27
33
46
42
17
2
-1
-19
-45
-34
-8
-9
-18
-6
5
-22
-40
-26
-37
-57
-46
-20
-14
-22
-7
5
-9
-7
12
11
3
25
46
33
16
31
29
1
-5
6
-10
-37
-30
-19
-34
-37
-3
17
-1
7
41
26
-5
10
35
9
-19
6
30
23
22
33
21
-4
6
26
15
-2
5
11
-1
-6
5
-4
-17
-2
19
9
-5
14
24
10
5
20
12
-8
8
28
21
-5
-7
0
-8
-5
9
-4
-24
-10
18
17
13
35
30
5
0
17
15
0
10
21
1
-29
-26
-1
-9
-15
1
-1
-21
-22
-2
-8
-25
-18
-4
-13
-21
0
11
8
22
47
40
31
37
38
29
22
27
20
-12
-31
-22
-26
-34
-26
-12
-13
-8
17
28
21
22
37
34
1
-11
-13
-30
-44
-39
-28
-29
-28
-21
-20
-22
-19
-4
-7
-32
-33
-22
-25
-20
-2
-2
-17
-15
-2
0
1
14
17
-4
-10
-2
-6
-24
-36
-38
-50
-62
-43
-30
-34
-27
-9
2
-8
-13
-6
-9
-12
-2
4
-9
-16
0
9
9
18
37
40
29
37
48
28
22
18
4
-4
2
14
19
38
60
61
47
35
40
30
13
12
9
-7
-20
-18
-26
-38
-29
-15
-5
8
28
38
41
36
32
26
11
1
1
1
-2
17
43
48
42
52
56
39
16
12
16
4
-11
-21
-30
-36
-24
1
18
12
8
13
3
-16
-10
-3
-13
-19
-18
-28
-48
-39
-20
-6
6
12
24
15
-5
-15
-16
-17
-9
-4
-9
-15
-6
11
7
-9
-4
-2
-9
-16
-10
-8
-19
-18
-21
-24
-15
-12
-8
-8
-17
-30
-39
-52
-59
-46
-38
-33
-37
-46
-40
-38
-52
-61
-58
-53
-51
-41
-30
-23
-3
15
22
22
17
12
5
5
9
22
39
49
65
78
79
73
65
51
32
25
27
33
40
44
30
19
23
38
42
35
25
10
-11
-20
-11
1
11
11
9
1
0
-6
-16
-15
-11
1
10
11
11
13
9
4
10
4
-2
-1
-5
6
7
-5
-20
-31
-27
-26
-23
-13
-12
-19
-18
1
13
6
10
21
22
17
15
10
3
5
10
10
7
15
22
12
0
3
10
4
-11
-18
-24
-30
-30
-19
-16
-12
-11
-13
-5
4
6
-1
-16
-27
-36
-45
-48
-45
-39
-29
-13
-7
-5
5
3
-6
-4
-1
5
12
22
28
23
26
29
29
25
30
34
29
14
4
3
-1
2
8
6
1
4
9
3
-7
-8
-8
4
10
7
-6
-5
15
18
17
13
12
2
-13
-17
-13
-20
-27
-28
-26
-25
-28
-28
-34
-22
-4
-11
-28
-37
-41
-41
-30
-23
-25
-30
-22
-9
-3
5
7
1
-5
-1
10
5
1
3
14
21
26
33
28
29
30
38
34
28
38
42
32
22
13
6
12
24
15
4
-1
-5
-3
0
11
18
9
7
10
13
10
-1
-4
-18
-28
-29
-26
-7
10
9
-4
-21
-26
-26
-27
-15
-6
7
14
25
38
25
8
4
2
-3
-11
-15
-12
-7
3
7
17
27
26
28
26
14
17
18
2
-5
-4
14
20
18
26
18
15
9
1
-16
-35
-39
-29
-27
-29
-19
-15
-16
-14
-1
3
-4
-7
-10
-15
-17
-12
0
-3
-10
-2
2
7
15
21
21
12
4
-8
-22
-24
-18
-14
-17
-3
14
-4
-18
-22
-30
-35
-46
-42
-34
-31
-19
-13
-13
-10
7
17
8
0
8
4
-16
-20
-6
-3
-5
-13
-14
-11
-5
3
-4
3
12
22
30
29
23
12
10
9
4
5
8
12
21
31
28
24
33
39
40
32
28
19
0
-2
-3
1
10
10
8
5
12
14
7
-7
-8
0
-4
-11
-13
-9
-12
-14
-8
-15
-21
-20
-16
-9
-12
-11
-6
-3
8
19
18
4
-2
-2
-11
-15
-12
-12
-6
15
25
27
31
22
16
4
-5
-3
-6
-19
-21
-11
-11
-4
7
6
-7
-4
12
15
16
22
22
15
6
-2
-10
-21
-27
-13
-3
2
22
31
29
33
26
11
8
10
5
4
4
4
7
3
2
11
23
12
3
0
-10
-12
-13
-6
-6
-24
-35
-25
-22
-32
-30
-29
-39
-48
-51
-57
-48
-31
-15
-5
3
8
10
10
-1
-14
-19
-18
-15
-7
-10
-28
-31
-22
-25
-19
5
6
-6
-8
-1
-1
8
25
33
25
17
11
-3
-4
9
20
22
19
22
20
9
7
19
10
-5
-2
7
3
-6
3
2
-3
-13
-14
-5
-8
2
9
14
15
16
25
30
25
25
23
18
30
41
32
29
36
42
28
9
3
-6
-4
15
42
51
44
51
42
16
-4
-10
-20
-38
-40
-35
-34
-40
-24
-12
-18
-16
-15
-21
-36
-42
-32
-29
-21
1
7
0
-4
4
11
2
7
16
4
-16
-15
-7
-16
-15
0
11
12
12
10
3
-10
-8
0
-14
-15
-7
-8
-10
-25
-43
-46
-43
-16
16
23
31
31
24
12
1
-5
-8
-20
-25
-11
-6
-15
-16
0
15
15
16
19
14
14
25
32
21
13
12
14
3
0
-1
-7
-21
-26
-18
-13
-15
-13
-17
-21
-3
14
20
14
17
4
-13
-24
-30
-19
-22
-17
-3
-6
1
5
4
3
8
13
10
-4
-18
-16
-17
-17
-3
12
13
15
25
23
26
26
26
22
10
-1
-12
-18
-28
-32
-28
-22
-7
9
19
20
20
8
2
11
8
4
10
12
11
-2
-11
-4
5
9
4
0
-8
-14
-12
-6
1
14
18
22
29
19
6
6
13
14
7
5
-2
-5
1
2
9
26
50
48
31
27
10
-7
-15
-23
-32
-41
-52
-46
-26
-1
15
28
28
18
13
5
-2
-15
-14
-7
1
17
24
24
18
13
13
11
-5
-13
-21
-21
-16
-15
-11
-8
-3
-7
-9
-10
-19
-19
-12
-12
-15
-26
-33
-33
-45
-56
-47
-33
-32
-29
-17
-17
-18
-23
-28
-18
-7
3
16
31
40
38
30
15
-1
-3
6
16
23
27
33
26
15
-2
-12
-20
-30
-17
5
19
20
23
15
5
18
20
17
11
0
-5
6
26
29
40
57
64
67
60
33
8
-2
-6
-5
-4
0
-10
-17
-9
-19
-39
-55
-71
-78
-82
-71
-56
-43
-14
6
8
5
-5
-17
-23
-22
-24
-17
-7
9
21
31
47
44
21
-1
-12
-24
-39
-33
-29
-32
-24
6
18
12
23
20
7
6
5
1
8
30
43
46
53
62
73
76
59
46
41
22
14
26
35
39
52
52
26
7
-5
-25
-28
-19
-12
11
39
46
38
44
35
23
17
4
-4
-11
-14
-20
-21
-16
-23
-26
-36
-52
-55
-58
-72
-87
-92
-98
-102
-94
-84
-71
-55
-46
-41
-24
-4
1
2
4
1
-9
-17
-17
-4
5
5
13
19
17
5
10
24
12
12
12
-1
2
15
14
1
-20
-45
-53
-43
-28
-21
-5
4
12
18
14
11
7
2
4
21
35
37
34
45
51
45
40
37
38
36
51
60
51
38
29
30
29
35
32
19
1
-4
3
13
17
13
26
40
45
43
32
21
12
6
3
0
-5
-13
-19
-30
-39
-43
-55
-51
-41
-27
-17
-16
-15
-19
-25
-27
-23
-20
-17
-24
-22
-20
-21
-16
-14
-2
-3
2
15
13
-5
-19
-19
-25
-27
-21
-20
-23
-16
-16
-13
-1
0
-1
7
7
-9
-4
12
11
3
-11
-20
-11
15
35
47
48
46
48
54
51
33
33
35
31
27
13
12
22
27
27
24
30
34
18
5
-4
-17
-18
-4
-2
-11
-7
-13
-32
-39
-41
-52
-59
-59
-61
-73
-85
-88
-81
-70
-71
-60
-45
-41
-38
-38
-34
-34
-32
-21
-6
5
12
25
30
30
33
34
38
43
44
53
57
56
46
39
49
58
61
40
23
26
31
24
20
28
20
14
14
7
9
2
3
8
9
8
-4
-7
-12
-9
14
23
21
21
21
14
4
-2
-14
-10
-7
-8
-4
-7
-16
-24
-25
-18
-4
0
-3
-6
-17
-34
-32
-22
-19
-11
-5
-5
-8
-1
3
-11
-20
-7
4
-4
2
8
-2
-6
-8
-17
-15
-16
-21
-19
-9
3
16
24
20
34
47
43
28
3
-12
-23
-24
-17
-12
-1
13
17
10
0
0
-8
-20
-19
-15
-15
-15
-7
3
13
7
3
14
22
23
25
17
12
1
-6
1
1
-3
-6
-2
-3
-9
-7
-8
-20
-30
-20
-18
-27
-20
-11
-8
-7
-3
-1
-3
-12
-15
-18
-32
-33
-20
-11
0
16
26
29
35
38
34
26
16
9
4
5
10
15
18
18
19
16
1
-12
-14
-19
-16
-8
-4
3
8
11
10
11
11
8
13
18
5
-4
-6
4
8
3
-2
-11
-13
-19
-20
-25
-28
-24
-19
-15
-10
-13
-30
-35
-27
-19
-13
-16
-12
-16
-9
5
13
25
27
21
5
-5
-15
-13
-6
-6
-6
-1
9
18
29
42
49
37
32
26
24
17
1
-5
-11
-9
5
16
27
42
50
54
59
52
47
36
25
12
0
0
0
3
9
14
19
12
0
-4
-15
-13
-9
-13
-23
-23
-24
-36
-35
-34
-39
-36
-24
-20
-21
-27
-33
-41
-45
-44
-37
-24
-11
0
1
-6
-20
-21
-22
-24
-21
-10
0
4
7
6
6
4
-9
-19
-23
-27
-30
-32
-33
-29
-14
-2
3
6
3
-10
-19
-16
0
14
18
18
18
18
20
23
33
23
9
3
-4
2
12
31
48
50
45
40
38
39
38
30
21
21
19
5
10
15
18
22
31
39
31
17
-4
-10
-18
-27
-24
-21
-15
-11
-7
-3
-6
-12
-16
-28
-25
-11
-15
-12
0
-2
-2
2
14
16
11
11
2
-9
-25
-32
-24
-18
-14
-6
-10
-17
-18
-21
-28
-23
-10
1
11
30
39
26
16
7
-1
-11
-9
-14
-22
-13
-7
-7
-11
-3
1
2
3
-4
0
8
10
8
9
8
0
-3
4
17
32
39
25
12
-3
-20
-29
-28
-17
5
20
32
39
34
32
29
23
23
22
25
32
33
26
22
17
-2
-12
-29
-46
-47
-43
-36
-27
-23
-16
-14
-13
-26
-36
-35
-49
-52
-47
-37
-31
-17
-6
-10
-23
-27
-28
-31
-16
-3
8
2
-9
-17
-25
-29
-14
-3
8
25
33
37
30
25
30
28
26
24
21
10
-3
-17
-31
-32
-18
-11
0
19
19
18
22
23
24
27
22
16
29
44
44
43
41
40
34
34
45
53
51
47
25
13
17
17
13
14
6
-5
-14
-25
-34
-36
-35
-35
-20
-10
-12
-8
7
2
-14
-17
-30
-42
-43
-29
-24
-15
2
7
18
14
-8
-24
-31
-32
-38
-40
-42
-48
-51
-41
-28
-32
-43
-39
-35
-30
-13
-5
-5
-12
-7
8
13
32
44
47
46
47
47
42
48
51
40
27
13
-5
-12
-2
-2
3
10
13
16
12
1
-7
0
11
15
12
21
33
32
35
31
19
6
7
14
8
3
7
-5
-19
-19
-16
-21
-18
-9
-15
-16
-17
-17
-6
-5
-13
-18
-16
-18
-11
6
14
21
20
14
-3
-15
-16
-21
-16
-12
-2
10
8
-1
-9
-16
-20
-20
-22
-15
-14
-19
-24
-31
-21
-21
-22
-15
-15
-15
-18
-26
-28
-19
-17
-21
-16
-20
-28
-33
-33
-27
-16
-14
-14
-15
-5
12
23
38
38
28
31
33
33
29
15
10
19
25
32
43
47
59
58
52
55
50
50
44
32
14
-2
2
10
9
9
22
26
26
27
23
19
21
19
11
0
-10
-17
-21
-23
-19
-14
-5
8
9
5
9
9
1
-6
-10
-14
-16
-22
-19
-13
-11
-11
-14
-11
-10
-6
-12
-26
-32
-18
-15
-10
-5
-8
-14
-19
-14
-11
-7
-6
-13
-23
-36
-46
-49
-43
-34
-32
-33
-32
-25
-31
-42
-44
-38
-26
-22
-29
-41
-37
-34
-32
-13
8
13
14
12
17
30
33
44
59
63
61
50
45
44
50
53
52
48
46
40
38
48
59
52
27
8
2
2
-1
7
14
13
8
-10
-26
-30
-39
-46
-36
-31
-41
-37
-25
-24
-35
-39
-36
-45
-43
-42
-42
-34
-24
-16
-11
-7
-9
-13
-15
-18
-14
-11
-13
-7
-9
-8
-8
2
15
11
11
12
14
19
31
46
48
37
28
33
42
59
72
72
69
64
52
38
27
19
11
9
16
24
36
42
49
52
43
35
39
43
37
27
13
3
2
4
8
15
7
3
8
0
-14
-20
-28
-38
-54
-73
-77
-76
-79
-83
-76
-65
-61
-63
-64
-58
-49
-55
-66
-62
-62
-54
-51
-52
-44
-29
-5
5
7
11
2
-5
-3
-12
-17
-15
-19
-6
18
30
32
30
21
12
12
7
-2
-4
0
7
13
18
22
28
39
42
31
16
4
8
15
13
13
-2
-9
-6
-14
-15
-13
-10
-1
-7
-14
-16
-13
5
20
34
42
42
39
38
42
52
50
51
56
49
35
40
48
34
37
37
21
5
0
-4
-9
-12
-20
-20
-17
-28
-33
-15
4
2
-17
-27
-29
-20
-10
-20
-32
-33
-30
-22
-16
-2
7
10
16
-1
-11
-11
-18
-15
-13
-21
-24
-17
1
10
16
22
20
27
35
35
31
26
21
11
10
9
3
7
10
4
11
21
20
9
-3
-13
-19
-16
-13
-13
-11
-13
-13
-11
-10
-14
-19
-23
-30
-34
-38
-34
-30
-27
-19
-19
-18
-21
-14
-9
-13
-12
-16
-9
-1
7
4
3
2
1
4
5
5
-5
-8
5
5
-4
-2
14
24
28
26
20
13
9
8
4
8
20
20
10
5
-4
-18
-16
-14
-20
-24
-37
-59
-68
-64
-68
-56
-38
-37
-32
-18
-12
-5
6
13
14
7
4
13
20
32
40
38
36
36
41
51
41
24
18
9
8
30
39
35
36
35
29
30
30
21
6
3
6
13
13
15
27
31
40
30
20
25
36
50
40
37
26
16
13
9
6
6
23
40
37
23
3
-21
-27
-29
-38
-34
-32
-30
-28
-38
-44
-41
-35
-34
-28
-20
-26
-38
-43
-49
-58
-57
-51
-41
-31
-12
8
6
-5
-5
-11
-12
-14
-21
-26
-25
-17
-24
-19
-13
-17
-6
-1
-2
-4
-6
-6
-7
-5
-9
-11
1
11
11
13
21
10
5
0
-8
2
10
10
19
30
38
35
26
16
9
11
13
23
20
15
11
0
-6
-11
-10
-18
-17
-6
-7
-20
-23
-13
-1
2
6
13
31
42
42
45
38
38
31
32
28
17
14
8
5
9
15
1
-3
-6
-20
-35
-50
-55
-57
-47
-41
-46
-44
-35
-30
-27
-31
-38
-40
-28
-10
6
17
23
20
16
28
39
43
46
56
59
66
65
54
43
33
32
18
3
-8
-17
-24
-25
-20
-29
-30
-27
-9
1
-2
-1
11
14
6
9
7
9
4
-3
-2
9
14
10
11
17
14
18
24
13
-1
-11
-7
0
3
7
7
11
12
0
-6
-7
-7
-6
-3
9
11
9
5
5
8
5
-1
-8
-10
-23
-28
-28
-28
-30
-27
-14
-5
3
8
-5
-13
-18
-29
-36
-44
-41
-52
-65
-58
-57
-43
-30
-26
-29
-35
-28
-26
-26
-40
-51
-41
-32
-26
-24
-23
-8
-1
-3
4
8
5
4
12
28
38
35
31
28
40
49
62
84
89
72
54
59
61
58
52
46
39
30
26
28
36
21
19
22
24
28
14
9
7
5
1
-6
-9
-25
-38
-33
-27
-20
-17
-14
-4
-10
-23
-31
-37
-36
-48
-57
-49
-40
-34
-28
-14
-9
-2
11
11
19
20
15
20
31
40
47
57
55
45
34
23
12
4
8
9
10
14
19
18
9
2
-7
-12
-16
-16
-19
-33
-36
-29
-23
-8
0
-4
-8
-9
-5
-10
-14
-19
-18
-13
-11
-10
-23
-37
-40
-25
-7
-3
-10
-15
-7
1
4
10
20
15
17
17
-3
-29
-36
-32
-34
-29
-17
-9
3
19
15
10
11
3
-4
0
-8
-6
-2
-3
13
11
2
-3
-2
6
9
17
15
13
19
17
12
8
6
6
4
5
5
-9
-8
-12
-16
-22
-26
-24
-17
-11
-8
-6
-10
-2
9
16
14
12
2
-3
8
14
12
4
-6
-9
-19
-19
-18
-20
-15
-18
-4
11
7
0
-8
-11
-12
-13
-16
-14
-2
11
25
43
40
33
45
45
42
41
42
44
51
54
53
50
50
41
41
43
42
38
32
26
18
20
10
-5
-12
-12
-15
-16
-18
-30
-41
-39
-42
-57
-57
-53
-40
-32
-22
-15
-22
-19
-16
-17
-21
-23
-25
-26
-17
3
1
-9
-3
1
0
-11
-17
-24
-35
-35
-42
-34
-26
-19
-11
-9
4
12
13
-1
-11
-17
-22
-17
-4
1
2
9
11
13
7
2
3
9
8
0
-2
4
11
12
0
-8
-14
-20
1
10
14
14
13
9
-5
-5
-2
6
18
24
27
22
19
15
15
14
18
17
10
18
17
7
4
16
32
33
36
31
13
1
-2
9
10
12
15
9
3
0
18
30
26
21
12
0
-5
-7
-8
-16
-29
-44
-48
-42
-30
-16
-8
-3
-8
-12
-9
-15
-16
-20
-33
-32
-36
-35
-24
-21
-17
-21
-29
-21
-14
-7
-6
-14
-17
-28
-30
-20
-18
-15
-15
-10
-11
3
32
41
50
56
51
41
31
20
13
19
27
32
43
37
24
18
21
22
18
14
12
15
13
5
-2
10
23
28
32
12
1
-5
-11
-1
-1
-11
-17
-17
-8
-10
-11
-8
-7
-8
-14
-15
-21
-31
-23
-22
-21
-20
-18
-9
0
18
15
-3
-18
-24
-12
-1
9
15
15
28
32
19
11
17
23
26
23
18
23
23
13
3
-7
-7
-17
-23
-25
-30
-24
-29
-37
-45
-51
-51
-55
-62
-64
-54
-38
-25
-16
-13
-20
-26
-31
-32
-27
-14
-9
-3
9
19
22
14
19
36
36
22
13
13
18
18
20
28
39
44
55
55
55
63
61
55
38
21
3
-8
-12
-11
-6
-12
-15
-16
-22
-34
-44
-39
-29
-16
-13
-9
-9
0
14
17
13
5
0
5
9
7
7
14
14
5
-3
-9
-14
-11
-6
1
9
20
24
13
4
-1
-13
-11
-2
-4
-5
3
10
5
16
28
29
33
39
39
26
14
4
-11
-9
-3
5
4
4
2
-5
-7
-6
0
3
5
6
1
-8
-6
-18
-18
-10
-11
-17
-16
-13
-14
-11
-11
-16
-29
-30
-19
-11
-11
-16
-12
-1
9
15
23
24
35
43
30
14
-2
-15
-25
-27
-26
-28
-31
-35
-42
-38
-37
-25
-6
0
-1
-12
-22
-16
-6
-4
-8
-2
-4
-9
-6
-9
1
4
-2
-4
-3
-2
-3
-4
-3
-5
-10
-14
-12
-7
-11
-19
-13
-3
4
7
16
21
18
15
10
2
3
14
16
24
31
34
34
27
19
20
15
14
21
30
35
25
16
17
17
10
7
-1
-6
5
7
12
11
1
1
2
5
7
-3
-16
-19
-17
-17
-20
-12
-5
4
18
26
42
43
34
23
9
3
-4
4
20
30
32
28
20
8
-2
0
-5
-11
-19
-27
-27
-27
-22
-18
-13
-19
-29
-40
-41
-41
-40
-24
-10
-2
0
-1
3
7
6
0
-12
-11
-15
-22
-17
-7
13
14
5
-3
-13
-20
-15
-11
-10
-7
-5
-23
-30
-18
-14
-10
7
16
8
7
12
3
-7
-8
-7
1
12
22
32
36
42
45
37
25
14
10
3
0
-6
-2
2
-1
11
10
1
-14
-19
-13
-4
-1
-2
-9
-13
-21
-37
-29
-23
-24
-24
-30
-30
-24
-17
-4
6
5
3
1
5
12
7
-5
-15
-18
-7
7
19
33
38
35
24
14
4
-1
0
0
-8
-15
-17
-12
-17
-29
-32
-33
-21
-16
-19
-10
6
20
27
37
48
49
42
33
31
28
21
22
20
23
21
15
21
26
13
3
1
1
-1
5
12
7
-1
-5
-9
-8
1
18
24
6
-7
-10
-13
-16
-14
-12
-10
3
6
10
9
8
10
13
16
14
7
-13
-14
-2
-3
-7
1
6
8
3
-4
-6
-9
-4
-14
-25
-27
-20
-15
-7
12
17
16
9
7
5
-9
-15
-17
-16
-8
-4
-13
-10
-12
-24
-34
-41
-45
-54
-48
-35
-33
-33
-39
-34
-11
9
22
23
22
19
16
23
22
13
-2
-12
-21
-24
-22
-18
1
11
5
2
3
2
-8
-12
-9
-8
-15
-14
-18
-30
-29
-25
-18
-1
13
24
25
26
28
28
24
9
1
-3
-4
5
14
22
27
23
28
35
42
38
19
9
11
14
10
0
-3
-1
-1
1
6
11
8
6
17
19
14
14
20
23
20
20
17
21
28
21
20
23
13
11
11
3
-2
3
12
13
17
20
15
13
5
-1
-4
-9
-20
-28
-21
-18
-21
-23
-25
-32
-34
-37
-38
-27
-17
-30
-31
-29
-35
-39
-32
-14
-6
-2
-5
0
13
18
17
17
21
20
19
25
28
29
33
28
25
23
9
2
2
-3
-8
-5
-4
-22
-25
-19
-23
-28
-39
-46
-54
-60
-65
-73
-66
-55
-39
-29
-19
-13
-16
-14
-1
2
-5
-17
-22
-6
7
10
8
11
13
14
23
35
47
52
50
50
38
22
9
4
12
11
6
9
13
15
21
18
11
11
9
6
8
10
8
16
22
20
20
30
32
23
17
19
15
4
-4
0
12
11
10
3
-14
-34
-47
-50
-46
-42
-33
-24
-29
-32
-23
-19
-14
-11
-5
2
6
13
16
13
7
7
6
1
11
17
21
23
25
30
33
32
20
20
27
26
24
21
17
8
-2
-5
-1
9
13
9
9
2
-8
-11
-2
7
8
7
-3
-5
3
3
-6
-14
-10
-4
3
14
13
7
0
4
0
-9
-10
-12
-12
-12
-14
-19
-24
-27
-40
-49
-51
-53
-54
-48
-33
-25
-22
-22
-20
-17
-15
-12
-6
1
3
2
-2
-6
-6
3
4
6
7
1
1
-5
-10
-7
-2
3
6
9
11
6
6
1
-3
-10
-10
-2
5
14
12
8
-1
4
11
24
37
35
38
39
43
42
31
12
6
18
26
27
28
22
16
10
3
-9
-18
-19
-19
-23
-30
-40
-46
-36
-29
-30
-24
-22
-21
-4
6
2
-10
-15
-21
-25
-22
-28
-22
-10
-1
11
19
26
21
19
16
21
29
33
44
52
50
41
40
44
47
55
57
43
27
2
-9
3
7
13
18
21
19
15
17
6
-9
-22
-37
-39
-30
-15
0
4
12
-1
-15
-12
-6
-3
-6
-6
-7
-17
-21
-19
-22
-26
-37
-36
-29
-22
-23
-34
-33
-35
-38
-42
-47
-51
-42
-27
-21
-12
-3
13
10
-6
-17
-19
-16
-5
4
11
17
22
22
20
14
13
16
19
25
20
20
25
22
14
19
25
21
17
13
2
-6
-5
-7
-9
-15
-8
-4
-11
-6
0
-2
-5
-5
-8
-16
-19
-17
-19
-16
-13
-16
-6
13
18
20
28
29
23
8
-1
-8
-3
9
3
-1
7
13
7
-3
-17
-26
-34
-30
-19
-18
-7
2
11
12
2
0
-6
-12
-14
-18
-18
-18
-13
-3
17
34
37
35
39
39
37
28
12
8
13
18
23
23
27
34
45
48
48
43
35
26
19
29
29
26
24
9
4
-15
-29
-35
-35
-14
-5
3
10
7
-6
-19
-18
-16
-22
-24
-24
-15
-15
-20
-16
-7
1
8
10
-2
-14
-16
-30
-42
-44
-41
-22
-8
-9
-11
-14
-21
-25
-36
-42
-47
-55
-53
-45
-33
-29
-30
-32
-18
4
11
11
9
11
19
24
36
41
37
35
32
30
29
33
35
22
2
-4
-2
-3
-6
-12
-22
-35
-40
-38
-32
-19
-6
5
17
21
21
23
14
-2
-4
-10
-2
5
1
10
16
22
27
19
9
11
6
10
18
17
18
21
31
34
28
22
18
8
9
14
18
19
14
19
15
-3
-24
-21
-10
-11
-19
-15
-6
-4
2
3
1
-3
-3
-6
-17
-33
-54
-70
-57
-31
-15
-1
8
8
9
13
8
12
15
15
10
6
5
5
11
19
27
30
42
49
34
25
23
18
2
-1
5
8
16
18
19
13
5
0
2
-1
-10
-21
-29
-33
-33
-30
-26
-23
-24
-27
-37
-31
-27
-28
-26
-19
-14
-15
-15
-18
-26
-24
-22
-15
0
16
28
28
27
20
18
17
14
14
7
4
-3
-1
2
0
-1
-7
-5
-4
2
-1
-12
-16
-22
-25
-16
-9
-5
-1
-6
-7
-2
-1
-5
-4
-4
-6
-3
-11
-17
-17
-13
-7
-12
-6
-6
-4
2
3
12
16
33
48
49
40
22
5
2
3
8
12
15
24
36
41
41
33
13
-6
-13
-15
-10
-7
-5
9
13
18
26
33
37
27
8
-5
-8
-19
-27
-30
-43
-51
-47
-42
-19
-7
1
8
0
-8
-17
-16
-19
-14
-10
-15
-13
-7
-4
-2
7
8
0
4
11
15
30
34
25
18
16
16
13
7
1
5
12
21
24
26
16
1
-2
-2
5
10
13
11
0
-6
-9
-17
-25
-26
-27
-21
-20
-16
-10
-10
-8
-6
0
5
8
5
-6
-11
1
7
13
9
-10
-11
-8
7
13
-4
-7
-6
-4
-4
0
6
-3
-16
-24
-20
-6
2
8
7
-6
-8
-2
11
12
11
4
1
9
13
8
1
-5
-3
-9
-13
-11
-12
-12
-14
-4
3
-5
-15
-22
-19
-15
-21
-27
-21
-13
-9
-6
-1
1
-7
-19
-19
-16
-21
-23
-24
-20
-12
0
10
18
22
23
25
26
18
6
4
6
2
10
24
31
34
28
20
14
8
-1
-5
2
14
27
37
28
23
29
40
37
22
13
10
11
8
2
7
18
31
41
31
22
22
16
13
2
-4
-6
0
14
14
7
1
-4
-13
-20
-25
-23
-20
-19
-17
-18
-20
-29
-36
-35
-36
-38
-35
-39
-36
-24
-13
-2
-3
-19
-20
-9
3
16
25
26
22
10
2
1
-3
-5
-10
-14
-18
-23
-17
-4
-3
-6
-4
4
2
0
9
2
1
9
2
-9
-4
-2
-14
-27
-34
-39
-30
-17
-11
-25
-31
-22
-9
9
16
11
6
2
9
17
21
21
24
25
20
13
7
0
0
14
20
26
33
31
29
22
10
0
-10
-14
-11
-11
-11
-13
-8
8
7
12
6
0
1
4
11
-6
-18
-25
-33
-28
-31
-27
-16
-9
-5
-8
-1
9
18
25
24
18
17
3
-8
-7
-15
-5
13
22
22
35
45
35
15
-6
-21
-33
-35
-37
-30
-14
7
18
23
41
55
66
71
76
70
50
42
35
46
52
46
46
31
25
15
3
-11
-7
-2
-12
-14
-22
-39
-56
-63
-62
-60
-60
-66
-71
-72
-77
-81
-84
-66
-43
-17
3
4
-5
-18
-28
-30
-20
-6
6
25
28
16
10
-4
-17
-12
-7
-12
-9
2
11
12
13
8
-6
-11
-8
5
13
16
23
16
9
6
11
20
17
24
36
35
45
45
36
35
33
29
28
31
34
32
29
15
-4
-9
-15
-28
-33
-34
-38
-40
-48
-48
-46
-49
-53
-54
-55
-49
-33
-25
-24
-26
-28
-21
-1
22
32
34
28
18
23
34
28
18
26
34
40
40
33
34
41
40
29
20
20
26
26
20
11
5
1
5
12
16
8
-12
-25
-39
-50
-48
-37
-23
-7
-2
12
20
22
27
29
36
39
39
32
26
25
18
6
-1
-11
-11
-5
-1
6
13
8
5
9
-7
-24
-35
-33
-33
-35
-33
-25
-28
-39
-48
-45
-30
-24
-35
-38
-25
-18
-19
-20
-20
-11
-1
-4
-13
-14
-13
-13
-5
-8
-4
13
25
23
16
11
-8
-5
10
18
12
-2
-4
5
13
13
13
14
13
16
22
27
39
40
33
31
37
47
47
41
44
49
33
10
-6
-14
-18
-22
-25
-27
-24
-22
-14
-13
-16
-27
-41
-40
-37
-40
-34
-22
-6
1
8
5
4
16
16
11
1
0
2
-7
-6
-4
-6
-1
-6
5
6
-4
-5
-5
2
0
-17
-23
-33
-39
-36
-40
-53
-66
-58
-43
-20
1
17
32
34
25
7
-4
-2
3
9
20
41
54
55
49
36
25
21
21
16
22
26
23
7
-10
-19
-24
-11
6
8
8
12
14
17
23
27
21
18
23
19
21
24
17
14
16
13
10
7
9
8
5
9
7
5
2
-1
4
10
11
8
14
16
2
-11
-16
-10
-4
-2
4
9
10
10
14
20
11
2
-11
-24
-24
-25
-26
-30
-36
-41
-40
-40
-35
-36
-42
-49
-57
-58
-52
-45
-43
-40
-39
-49
-57
-55
-48
-32
-19
-11
-7
-12
-8
5
15
16
22
34
33
35
34
33
29
13
7
4
-3
-8
1
16
26
31
25
13
1
0
-2
-5
-7
-10
-12
-5
9
19
29
31
34
48
55
58
57
46
40
47
51
56
50
38
23
11
0
-15
-20
-27
-29
-24
-20
-15
-19
-23
-22
-27
-36
-49
-66
-81
-76
-56
-38
-13
-6
-3
6
1
3
6
3
6
6
10
15
20
46
59
62
62
48
44
37
27
21
4
-3
-2
-2
-4
-4
5
9
14
13
6
7
9
15
15
13
21
26
19
15
17
12
2
4
10
14
17
21
24
21
15
9
2
-3
-7
-12
-22
-23
-26
-29
-24
-17
-11
-17
-18
-24
-37
-43
-49
-45
-39
-43
-47
-51
-65
-79
-75
-71
-66
-59
-49
-42
-32
-21
-28
-29
-27
-33
-33
-19
-12
-5
10
19
24
27
21
25
34
32
34
20
-1
-11
-13
-5
6
20
31
39
40
37
27
19
8
4
8
11
22
35
48
52
60
